101 1 0
102 1 0
104 1 0
105 1 0
106 1 0
116 1 0
117 1 0
118 1 0
149 1 0
150 1 0
151 1 0
152 1 0
153 1 0
154 1 0
155 1 0
156 1 0
157 1 0
158 1 0
159 1 0
101 2 0
102 2 0
104 2 0
105 2 0
117 2 0
118 2 0
119 2 0
151 2 0
152 2 0
153 2 0
154 2 0
155 2 0
156 2 0
157 2 0
158 2 0
159 2 0
183 2 0
184 2 0
186 2 0
101 3 0
102 3 0
103 3 0
104 3 0
105 3 0
116 3 0
118 3 0
119 3 0
120 3 0
152 3 0
153 3 0
154 3 0
155 3 0
156 3 0
157 3 0
158 3 0
169 3 0
170 3 0
171 3 0
172 3 0
174 3 0
187 3 0
101 4 0
102 4 0
103 4 0
104 4 0
119 4 0
120 4 0
122 4 0
153 4 0
154 4 0
155 4 0
156 4 0
157 4 0
158 4 0
159 4 0
170 4 0
171 4 0
172 4 0
173 4 0
86 5 0
87 5 0
101 5 0
102 5 0
103 5 0
119 5 0
120 5 0
121 5 0
122 5 0
154 5 0
155 5 0
156 5 0
157 5 0
158 5 0
167 5 0
168 5 0
172 5 0
173 5 0
182 5 0
86 6 0
88 6 0
89 6 0
101 6 0
102 6 0
103 6 0
120 6 0
123 6 0
153 6 0
154 6 0
158 6 0
167 6 0
168 6 0
172 6 0
173 6 0
86 7 0
96 7 0
102 7 0
103 7 0
114 7 0
120 7 0
154 7 0
155 7 0
156 7 0
167 7 0
168 7 0
172 7 0
173 7 0
174 7 0
96 8 0
101 8 0
109 8 0
114 8 0
115 8 0
117 8 0
121 8 0
122 8 0
123 8 0
156 8 0
167 8 0
168 8 0
169 8 0
172 8 0
99 9 0
108 9 0
109 9 0
112 9 0
113 9 0
114 9 0
116 9 0
121 9 0
122 9 0
123 9 0
126 9 0
127 9 0
128 9 0
129 9 0
130 9 0
146 9 0
148 9 0
173 9 0
185 9 0
188 9 0
98 10 0
99 10 0
100 10 0
101 10 0
107 10 0
108 10 0
109 10 0
110 10 0
111 10 0
112 10 0
113 10 0
114 10 0
115 10 0
116 10 0
121 10 0
122 10 0
124 10 0
125 10 0
126 10 0
127 10 0
130 10 0
134 10 0
145 10 0
146 10 0
147 10 0
148 10 0
166 10 0
172 10 0
100 11 0
101 11 0
102 11 0
103 11 0
104 11 0
105 11 0
107 11 0
108 11 0
113 11 0
114 11 0
115 11 0
116 11 0
117 11 0
122 11 0
126 11 0
132 11 0
145 11 0
146 11 0
147 11 0
148 11 0
149 11 0
167 11 0
182 11 0
189 11 0
100 12 0
101 12 0
107 12 0
108 12 0
109 12 0
110 12 0
112 12 0
113 12 0
114 12 0
115 12 0
122 12 0
124 12 0
125 12 0
126 12 0
101 13 0
102 13 0
103 13 0
104 13 0
109 13 0
111 13 0
112 13 0
116 13 0
117 13 0
122 13 0
123 13 0
124 13 0
164 13 0
165 13 0
100 14 0
106 14 0
107 14 0
108 14 0
109 14 0
114 14 0
116 14 0
122 14 0
123 14 0
124 14 0
125 14 0
144 14 0
156 14 0
157 14 0
164 14 0
165 14 0
100 15 0
101 15 0
102 15 0
104 15 0
106 15 0
107 15 0
108 15 0
109 15 0
110 15 0
111 15 0
112 15 0
113 15 0
123 15 0
124 15 0
125 15 0
135 15 0
151 15 0
152 15 0
154 15 0
164 15 0
165 15 0
100 16 0
101 16 0
102 16 0
103 16 0
104 16 0
105 16 0
106 16 0
107 16 0
108 16 0
109 16 0
115 16 0
122 16 0
126 16 0
129 16 0
130 16 0
136 16 0
137 16 0
148 16 0
149 16 0
152 16 0
164 16 0
165 16 0
166 16 0
181 16 0
99 17 0
100 17 0
101 17 0
102 17 0
103 17 0
104 17 0
105 17 0
106 17 0
107 17 0
111 17 0
114 17 0
115 17 0
125 17 0
126 17 0
131 17 0
132 17 0
151 17 0
152 17 0
155 17 0
164 17 0
165 17 0
99 18 0
100 18 0
101 18 0
102 18 0
103 18 0
104 18 0
105 18 0
106 18 0
114 18 0
115 18 0
116 18 0
118 18 0
121 18 0
125 18 0
128 18 0
132 18 0
135 18 0
137 18 0
141 18 0
142 18 0
151 18 0
152 18 0
154 18 0
159 18 0
164 18 0
165 18 0
99 19 0
100 19 0
101 19 0
102 19 0
103 19 0
104 19 0
105 19 0
106 19 0
108 19 0
109 19 0
110 19 0
111 19 0
112 19 0
113 19 0
114 19 0
115 19 0
116 19 0
126 19 0
127 19 0
130 19 0
131 19 0
132 19 0
135 19 0
137 19 0
140 19 0
141 19 0
142 19 0
147 19 0
148 19 0
151 19 0
152 19 0
153 19 0
158 19 0
159 19 0
163 19 0
164 19 0
165 19 0
98 20 0
99 20 0
100 20 0
101 20 0
102 20 0
103 20 0
104 20 0
106 20 0
109 20 0
110 20 0
115 20 0
116 20 0
126 20 0
127 20 0
129 20 0
130 20 0
131 20 0
132 20 0
135 20 0
137 20 0
140 20 0
141 20 0
142 20 0
145 20 0
146 20 0
147 20 0
163 20 0
164 20 0
165 20 0
99 21 0
100 21 0
101 21 0
102 21 0
103 21 0
104 21 0
106 21 0
107 21 0
108 21 0
116 21 0
125 21 0
126 21 0
127 21 0
130 21 0
131 21 0
132 21 0
133 21 0
135 21 0
136 21 0
137 21 0
138 21 0
140 21 0
141 21 0
142 21 0
143 21 0
151 21 0
152 21 0
153 21 0
163 21 0
164 21 0
98 22 0
99 22 0
100 22 0
101 22 0
108 22 0
109 22 0
119 22 0
125 22 0
126 22 0
127 22 0
128 22 0
129 22 0
130 22 0
131 22 0
132 22 0
135 22 0
136 22 0
137 22 0
140 22 0
141 22 0
159 22 0
98 23 0
99 23 0
100 23 0
104 23 0
105 23 0
106 23 0
113 23 0
114 23 0
115 23 0
119 23 0
124 23 0
125 23 0
126 23 0
127 23 0
131 23 0
132 23 0
136 23 0
137 23 0
141 23 0
142 23 0
143 23 0
146 23 0
147 23 0
154 23 0
98 24 0
99 24 0
100 24 0
101 24 0
102 24 0
109 24 0
115 24 0
121 24 0
122 24 0
123 24 0
124 24 0
126 24 0
135 24 0
98 25 0
99 25 0
100 25 0
102 25 0
109 25 0
112 25 0
114 25 0
121 25 0
122 25 0
123 25 0
124 25 0
98 26 0
99 26 0
100 26 0
101 26 0
102 26 0
103 26 0
104 26 0
121 26 0
122 26 0
123 26 0
124 26 0
98 27 0
99 27 0
100 27 0
101 27 0
102 27 0
103 27 0
111 27 0
113 27 0
121 27 0
122 27 0
123 27 0
98 28 0
99 28 0
100 28 0
101 28 0
118 28 0
119 28 0
121 28 0
122 28 0
123 28 0
98 29 0
99 29 0
100 29 0
115 29 0
116 29 0
120 29 0
121 29 0
122 29 0
124 29 0
95 30 0
96 30 0
97 30 0
98 30 0
100 30 0
101 30 0
113 30 0
114 30 0
117 30 0
118 30 0
119 30 0
120 30 0
121 30 0
122 30 0
123 30 0
124 30 0
125 30 0
95 31 0
96 31 0
97 31 0
98 31 0
99 31 0
100 31 0
112 31 0
115 31 0
116 31 0
118 31 0
119 31 0
120 31 0
121 31 0
122 31 0
126 31 0
94 32 0
95 32 0
96 32 0
97 32 0
98 32 0
99 32 0
100 32 0
101 32 0
102 32 0
105 32 0
115 32 0
116 32 0
118 32 0
119 32 0
120 32 0
121 32 0
122 32 0
126 32 0
94 33 0
95 33 0
96 33 0
97 33 0
98 33 0
99 33 0
100 33 0
101 33 0
102 33 0
103 33 0
104 33 0
105 33 0
106 33 0
107 33 0
119 33 0
120 33 0
122 33 0
126 33 0
127 33 0
94 34 0
95 34 0
96 34 0
97 34 0
98 34 0
99 34 0
100 34 0
101 34 0
102 34 0
103 34 0
120 34 0
123 34 0
126 34 0
128 34 0
83 35 0
94 35 0
95 35 0
96 35 0
97 35 0
98 35 0
99 35 0
101 35 0
102 35 0
103 35 0
104 35 0
105 35 0
108 35 0
110 35 0
116 35 0
117 35 0
118 35 0
122 35 0
126 35 0
81 36 0
94 36 0
95 36 0
96 36 0
97 36 0
98 36 0
99 36 0
103 36 0
104 36 0
105 36 0
106 36 0
107 36 0
109 36 0
115 36 0
116 36 0
119 36 0
120 36 0
122 36 0
126 36 0
94 37 0
95 37 0
96 37 0
97 37 0
98 37 0
99 37 0
102 37 0
104 37 0
105 37 0
107 37 0
108 37 0
109 37 0
110 37 0
117 37 0
118 37 0
121 37 0
122 37 0
123 37 0
125 37 0
126 37 0
93 38 0
94 38 0
95 38 0
96 38 0
97 38 0
98 38 0
100 38 0
103 38 0
104 38 0
105 38 0
106 38 0
107 38 0
108 38 0
109 38 0
110 38 0
120 38 0
121 38 0
122 38 0
123 38 0
124 38 0
125 38 0
126 38 0
92 39 0
93 39 0
94 39 0
95 39 0
96 39 0
97 39 0
98 39 0
99 39 0
100 39 0
101 39 0
102 39 0
103 39 0
104 39 0
105 39 0
106 39 0
107 39 0
109 39 0
118 39 0
119 39 0
120 39 0
121 39 0
122 39 0
123 39 0
125 39 0
92 40 0
93 40 0
94 40 0
95 40 0
96 40 0
97 40 0
98 40 0
99 40 0
101 40 0
102 40 0
105 40 0
106 40 0
107 40 0
108 40 0
109 40 0
110 40 0
111 40 0
112 40 0
113 40 0
116 40 0
117 40 0
118 40 0
119 40 0
121 40 0
122 40 0
124 40 0
125 40 0
84 41 0
93 41 0
94 41 0
95 41 0
103 41 0
104 41 0
105 41 0
107 41 0
108 41 0
109 41 0
110 41 0
111 41 0
117 41 0
118 41 0
119 41 0
121 41 0
122 41 0
84 42 0
92 42 0
94 42 0
97 42 0
98 42 0
102 42 0
103 42 0
107 42 0
111 42 0
112 42 0
114 42 0
115 42 0
118 42 0
119 42 0
122 42 0
123 42 0
92 43 0
93 43 0
98 43 0
100 43 0
101 43 0
105 43 0
107 43 0
108 43 0
113 43 0
116 43 0
118 43 0
119 43 0
121 43 0
122 43 0
123 43 0
79 44 0
92 44 0
93 44 0
97 44 0
98 44 0
99 44 0
100 44 0
112 44 0
113 44 0
114 44 0
117 44 0
118 44 0
119 44 0
120 44 0
122 44 0
79 45 0
80 45 0
93 45 0
97 45 0
98 45 0
113 45 0
116 45 0
117 45 0
118 45 0
119 45 0
121 45 0
122 45 0
75 46 0
76 46 0
79 46 0
84 46 0
92 46 0
98 46 0
101 46 0
102 46 0
104 46 0
107 46 0
108 46 0
114 46 0
116 46 0
117 46 0
118 46 0
119 46 0
121 46 0
75 47 0
76 47 0
79 47 0
84 47 0
91 47 0
92 47 0
98 47 0
99 47 0
112 47 0
118 47 0
119 47 0
120 47 0
121 47 0
122 47 0
76 48 0
77 48 0
78 48 0
79 48 0
80 48 0
91 48 0
95 48 0
97 48 0
98 48 0
99 48 0
101 48 0
102 48 0
103 48 0
104 48 0
105 48 0
107 48 0
110 48 0
117 48 0
118 48 0
120 48 0
121 48 0
122 48 0
128 48 0
76 49 0
77 49 0
91 49 0
95 49 0
96 49 0
98 49 0
100 49 0
102 49 0
103 49 0
108 49 0
109 49 0
114 49 0
120 49 0
121 49 0
122 49 0
76 50 0
81 50 0
91 50 0
95 50 0
96 50 0
97 50 0
98 50 0
100 50 0
101 50 0
104 50 0
106 50 0
109 50 0
110 50 0
115 50 0
120 50 0
121 50 0
122 50 0
139 50 0
95 51 0
96 51 0
105 51 0
106 51 0
109 51 0
113 51 0
120 51 0
121 51 0
122 51 0
139 51 0
91 52 0
94 52 0
95 52 0
96 52 0
97 52 0
107 52 0
109 52 0
111 52 0
112 52 0
113 52 0
121 52 0
122 52 0
95 53 0
115 53 0
120 53 0
121 53 0
122 53 0
91 54 0
95 54 0
96 54 0
120 54 0
121 54 0
122 54 0
95 55 0
97 55 0
115 55 0
120 55 0
121 55 0
135 55 0
139 55 0
141 55 0
81 56 0
82 56 0
90 56 0
96 56 0
115 56 0
119 56 0
120 56 0
121 56 0
122 56 0
123 56 0
90 57 0
91 57 0
95 57 0
96 57 0
97 57 0
120 57 0
121 57 0
122 57 0
123 57 0
135 57 0
136 57 0
140 57 0
90 58 0
95 58 0
121 58 0
122 58 0
123 58 0
124 58 0
82 59 0
90 59 0
94 59 0
95 59 0
100 59 0
122 59 0
123 59 0
124 59 0
95 60 0
96 60 0
100 60 0
101 60 0
122 60 0
123 60 0
124 60 0
165 60 0
94 61 0
97 61 0
98 61 0
99 61 0
100 61 0
121 61 0
122 61 0
123 61 0
124 61 0
139 61 0
141 61 0
161 61 0
164 61 0
165 61 0
81 62 0
82 62 0
90 62 0
95 62 0
97 62 0
99 62 0
120 62 0
122 62 0
123 62 0
136 62 0
160 62 0
165 62 0
80 63 0
81 63 0
82 63 0
89 63 0
95 63 0
108 63 0
120 63 0
122 63 0
123 63 0
140 63 0
141 63 0
160 63 0
161 63 0
80 64 0
81 64 0
82 64 0
84 64 0
85 64 0
87 64 0
88 64 0
89 64 0
94 64 0
97 64 0
120 64 0
122 64 0
123 64 0
143 64 0
144 64 0
160 64 0
161 64 0
162 64 0
165 64 0
80 65 0
81 65 0
82 65 0
83 65 0
85 65 0
86 65 0
87 65 0
88 65 0
89 65 0
90 65 0
94 65 0
120 65 0
121 65 0
122 65 0
123 65 0
125 65 0
161 65 0
162 65 0
80 66 0
84 66 0
85 66 0
86 66 0
87 66 0
89 66 0
90 66 0
91 66 0
93 66 0
94 66 0
101 66 0
108 66 0
109 66 0
110 66 0
120 66 0
123 66 0
129 66 0
180 66 0
80 67 0
81 67 0
84 67 0
86 67 0
88 67 0
89 67 0
90 67 0
91 67 0
99 67 0
100 67 0
107 67 0
109 67 0
120 67 0
123 67 0
134 67 0
138 67 0
139 67 0
80 68 0
86 68 0
88 68 0
89 68 0
90 68 0
91 68 0
99 68 0
109 68 0
120 68 0
121 68 0
122 68 0
123 68 0
88 69 0
89 69 0
90 69 0
91 69 0
92 69 0
93 69 0
99 69 0
107 69 0
108 69 0
118 69 0
121 69 0
122 69 0
123 69 0
124 69 0
88 70 0
89 70 0
90 70 0
91 70 0
98 70 0
110 70 0
114 70 0
118 70 0
121 70 0
123 70 0
124 70 0
88 71 0
89 71 0
90 71 0
92 71 0
95 71 0
96 71 0
98 71 0
101 71 0
102 71 0
105 71 0
107 71 0
116 71 0
117 71 0
120 71 0
121 71 0
122 71 0
123 71 0
87 72 0
88 72 0
90 72 0
92 72 0
95 72 0
114 72 0
115 72 0
120 72 0
122 72 0
123 72 0
176 72 0
89 73 0
90 73 0
91 73 0
99 73 0
109 73 0
120 73 0
122 73 0
123 73 0
124 73 0
173 73 0
89 74 0
100 74 0
101 74 0
116 74 0
119 74 0
120 74 0
121 74 0
122 74 0
123 74 0
124 74 0
173 74 0
179 74 0
80 75 0
88 75 0
89 75 0
90 75 0
99 75 0
120 75 0
121 75 0
122 75 0
80 76 0
87 76 0
88 76 0
91 76 0
124 76 0
88 77 0
93 77 0
95 77 0
103 77 0
119 77 0
122 77 0
123 77 0
124 77 0
125 77 0
126 77 0
88 78 0
90 78 0
91 78 0
94 78 0
98 78 0
99 78 0
100 78 0
117 78 0
119 78 0
120 78 0
122 78 0
123 78 0
124 78 0
80 79 0
81 79 0
93 79 0
95 79 0
96 79 0
97 79 0
117 79 0
118 79 0
119 79 0
120 79 0
121 79 0
122 79 0
123 79 0
2 80 0
79 80 0
80 80 0
81 80 0
87 80 0
92 80 0
97 80 0
116 80 0
117 80 0
119 80 0
120 80 0
1 81 0
79 81 0
80 81 0
87 81 0
94 81 0
115 81 0
116 81 0
117 81 0
119 81 0
120 81 0
2 82 0
79 82 0
80 82 0
101 82 0
102 82 0
115 82 0
116 82 0
117 82 0
119 82 0
120 82 0
121 82 0
122 82 0
3 83 0
4 83 0
5 83 0
32 83 0
34 83 0
48 83 0
78 83 0
79 83 0
102 83 0
104 83 0
110 83 0
115 83 0
116 83 0
117 83 0
119 83 0
120 83 0
2 84 0
3 84 0
4 84 0
6 84 0
7 84 0
31 84 0
32 84 0
33 84 0
34 84 0
35 84 0
36 84 0
37 84 0
39 84 0
41 84 0
42 84 0
46 84 0
47 84 0
48 84 0
49 84 0
78 84 0
79 84 0
80 84 0
101 84 0
115 84 0
116 84 0
117 84 0
119 84 0
120 84 0
121 84 0
1 85 0
2 85 0
4 85 0
5 85 0
6 85 0
7 85 0
8 85 0
31 85 0
32 85 0
34 85 0
35 85 0
37 85 0
38 85 0
40 85 0
41 85 0
46 85 0
47 85 0
48 85 0
49 85 0
78 85 0
79 85 0
80 85 0
93 85 0
101 85 0
106 85 0
114 85 0
115 85 0
116 85 0
117 85 0
118 85 0
119 85 0
1 86 0
4 86 0
6 86 0
7 86 0
31 86 0
32 86 0
33 86 0
34 86 0
35 86 0
36 86 0
37 86 0
38 86 0
39 86 0
40 86 0
41 86 0
42 86 0
43 86 0
44 86 0
45 86 0
47 86 0
48 86 0
49 86 0
57 86 0
60 86 0
78 86 0
79 86 0
80 86 0
83 86 0
85 86 0
88 86 0
89 86 0
90 86 0
94 86 0
95 86 0
96 86 0
102 86 0
107 86 0
113 86 0
114 86 0
116 86 0
120 86 0
2 87 0
3 87 0
6 87 0
7 87 0
35 87 0
36 87 0
38 87 0
39 87 0
40 87 0
41 87 0
42 87 0
43 87 0
44 87 0
45 87 0
46 87 0
48 87 0
49 87 0
78 87 0
79 87 0
80 87 0
84 87 0
85 87 0
86 87 0
87 87 0
88 87 0
89 87 0
90 87 0
91 87 0
92 87 0
93 87 0
95 87 0
101 87 0
102 87 0
114 87 0
115 87 0
116 87 0
119 87 0
3 88 0
4 88 0
5 88 0
45 88 0
78 88 0
79 88 0
80 88 0
81 88 0
85 88 0
86 88 0
87 88 0
89 88 0
90 88 0
91 88 0
92 88 0
95 88 0
103 88 0
107 88 0
113 88 0
114 88 0
115 88 0
116 88 0
117 88 0
118 88 0
119 88 0
3 89 0
4 89 0
6 89 0
44 89 0
78 89 0
79 89 0
80 89 0
81 89 0
82 89 0
83 89 0
84 89 0
87 89 0
89 89 0
90 89 0
91 89 0
92 89 0
94 89 0
95 89 0
96 89 0
102 89 0
109 89 0
113 89 0
114 89 0
115 89 0
116 89 0
119 89 0
120 89 0
3 90 0
4 90 0
77 90 0
78 90 0
80 90 0
81 90 0
82 90 0
83 90 0
84 90 0
86 90 0
88 90 0
90 90 0
91 90 0
92 90 0
93 90 0
97 90 0
107 90 0
113 90 0
114 90 0
115 90 0
116 90 0
119 90 0
120 90 0
4 91 0
77 91 0
82 91 0
84 91 0
85 91 0
86 91 0
87 91 0
88 91 0
91 91 0
96 91 0
97 91 0
98 91 0
99 91 0
115 91 0
117 91 0
118 91 0
119 91 0
120 91 0
121 91 0
4 92 0
90 92 0
91 92 0
92 92 0
93 92 0
94 92 0
95 92 0
96 92 0
101 92 0
102 92 0
103 92 0
105 92 0
119 92 0
120 92 0
121 92 0
122 92 0
123 92 0
126 92 0
3 93 0
4 93 0
31 93 0
90 93 0
91 93 0
92 93 0
93 93 0
95 93 0
96 93 0
97 93 0
98 93 0
102 93 0
103 93 0
104 93 0
105 93 0
120 93 0
122 93 0
123 93 0
125 93 0
126 93 0
127 93 0
128 93 0
2 94 0
3 94 0
4 94 0
13 94 0
39 94 0
42 94 0
47 94 0
91 94 0
93 94 0
97 94 0
99 94 0
102 94 0
106 94 0
120 94 0
121 94 0
122 94 0
123 94 0
125 94 0
126 94 0
127 94 0
129 94 0
2 95 0
3 95 0
4 95 0
5 95 0
9 95 0
91 95 0
93 95 0
94 95 0
97 95 0
107 95 0
109 95 0
110 95 0
119 95 0
120 95 0
121 95 0
122 95 0
124 95 0
127 95 0
128 95 0
129 95 0
130 95 0
131 95 0
132 95 0
133 95 0
138 95 0
4 96 0
98 96 0
99 96 0
100 96 0
105 96 0
106 96 0
107 96 0
120 96 0
122 96 0
123 96 0
124 96 0
125 96 0
126 96 0
131 96 0
133 96 0
134 96 0
135 96 0
136 96 0
137 96 0
96 97 0
97 97 0
104 97 0
105 97 0
111 97 0
127 97 0
128 97 0
129 97 0
135 97 0
136 97 0
137 97 0
138 97 0
139 97 0
140 97 0
141 97 0
4 98 0
104 98 0
105 98 0
107 98 0
109 98 0
119 98 0
129 98 0
130 98 0
131 98 0
132 98 0
133 98 0
134 98 0
135 98 0
137 98 0
138 98 0
139 98 0
141 98 0
142 98 0
143 98 0
144 98 0
5 99 0
6 99 0
7 99 0
93 99 0
94 99 0
95 99 0
109 99 0
110 99 0
111 99 0
112 99 0
133 99 0
134 99 0
135 99 0
136 99 0
137 99 0
138 99 0
139 99 0
143 99 0
144 99 0
145 99 0
146 99 0
147 99 0
148 99 0
149 99 0
3 100 0
4 100 0
8 100 0
10 100 0
11 100 0
92 100 0
93 100 0
94 100 0
95 100 0
96 100 0
97 100 0
110 100 0
113 100 0
118 100 0
119 100 0
137 100 0
138 100 0
139 100 0
140 100 0
141 100 0
147 100 0
148 100 0
149 100 0
150 100 0
151 100 0
153 100 0
6 101 0
7 101 0
8 101 0
12 101 0
13 101 0
14 101 0
16 101 0
91 101 0
93 101 0
99 101 0
105 101 0
106 101 0
112 101 0
113 101 0
119 101 0
120 101 0
142 101 0
143 101 0
144 101 0
145 101 0
146 101 0
150 101 0
151 101 0
153 101 0
154 101 0
155 101 0
156 101 0
13 102 0
14 102 0
15 102 0
91 102 0
92 102 0
93 102 0
94 102 0
95 102 0
96 102 0
97 102 0
120 102 0
121 102 0
144 102 0
145 102 0
147 102 0
148 102 0
149 102 0
150 102 0
154 102 0
156 102 0
157 102 0
158 102 0
159 102 0
92 103 0
93 103 0
96 103 0
97 103 0
99 103 0
100 103 0
101 103 0
103 103 0
104 103 0
105 103 0
108 103 0
109 103 0
113 103 0
124 103 0
148 103 0
149 103 0
150 103 0
151 103 0
152 103 0
153 103 0
159 103 0
160 103 0
161 103 0
162 103 0
164 103 0
167 103 0
168 103 0
91 104 0
108 104 0
111 104 0
120 104 0
121 104 0
122 104 0
125 104 0
153 104 0
154 104 0
155 104 0
156 104 0
162 104 0
164 104 0
165 104 0
166 104 0
167 104 0
168 104 0
169 104 0
108 105 0
132 105 0
133 105 0
156 105 0
157 105 0
158 105 0
159 105 0
160 105 0
161 105 0
166 105 0
167 105 0
168 105 0
106 106 0
107 106 0
118 106 0
126 106 0
133 106 0
158 106 0
159 106 0
160 106 0
161 106 0
162 106 0
163 106 0
164 106 0
167 106 0
168 106 0
96 107 0
97 107 0
98 107 0
133 107 0
164 107 0
165 107 0
168 107 0
169 107 0
174 107 0
97 108 0
152 110 0
111 111 0
112 111 0
113 111 0
155 112 0
91 113 0
92 113 0
157 113 0
175 113 0
182 113 0
112 114 0
180 114 0
189 114 0
91 115 0
180 115 0
181 115 0
184 115 0
186 115 0
181 116 0
89 117 0
90 117 0
91 117 0
92 117 0
94 117 0
175 117 0
182 117 0
183 117 0
89 118 0
91 118 0
92 118 0
93 118 0
94 118 0
95 118 0
96 118 0
97 118 0
174 118 0
175 118 0
89 119 0
90 119 0
91 119 0
92 119 0
93 119 0
94 119 0
95 119 0
96 119 0
97 119 0
99 119 0
100 119 0
176 119 0
178 119 0
89 120 0
90 120 0
91 120 0
92 120 0
93 120 0
94 120 0
95 120 0
180 120 0
89 121 0
90 121 0
91 121 0
92 121 0
93 121 0
94 121 0
95 121 0
96 121 0
97 121 0
182 121 0
184 121 0
185 121 0
92 122 0
93 122 0
94 122 0
95 122 0
96 122 0
187 122 0
92 123 0
93 123 0
94 123 0
95 123 0
96 123 0
97 123 0
98 123 0
101 123 0
92 124 0
93 124 0
94 124 0
95 124 0
96 124 0
97 124 0
92 125 0
93 125 0
95 125 0
92 126 0
93 126 0
96 126 0
113 126 0
114 127 0
106 128 0
107 128 0
114 128 0
104 129 0
107 129 0
108 129 0
109 129 0
107 130 0
104 131 0
179 132 0
186 132 0
187 132 0
103 133 0
107 133 0
186 133 0
100 134 0
103 134 0
104 134 0
186 134 0
102 135 0
103 135 0
186 135 0
187 135 0
188 136 0
90 137 0
91 137 0
95 137 0
110 137 0
190 138 0
94 139 0
95 139 0
97 139 0
91 140 0
92 140 0
93 140 0
94 140 0
95 140 0
96 140 0
97 140 0
90 141 0
95 141 0
96 141 0
97 141 0
98 141 0
99 141 0
90 142 0
91 142 0
97 142 0
109 142 0
89 143 0
97 143 0
100 143 0
113 143 0
90 144 0
99 144 0
102 144 0
103 144 0
87 145 0
88 145 0
89 145 0
98 145 0
99 145 0
100 145 0
101 145 0
103 145 0
107 145 0
87 146 0
88 146 0
89 146 0
90 146 0
99 146 0
100 146 0
101 146 0
102 146 0
88 147 0
89 147 0
90 147 0
91 147 0
93 147 0
101 147 0
105 147 0
116 147 0
117 147 0
187 147 0
188 147 0
189 147 0
85 148 0
90 148 0
91 148 0
92 148 0
103 148 0
108 148 0
111 148 0
112 148 0
113 148 0
114 148 0
115 148 0
116 148 0
117 148 0
118 148 0
182 148 0
184 148 0
185 148 0
186 148 0
187 148 0
188 148 0
189 148 0
190 148 0
191 148 0
80 149 0
84 149 0
85 149 0
90 149 0
91 149 0
92 149 0
99 149 0
102 149 0
103 149 0
111 149 0
112 149 0
113 149 0
114 149 0
115 149 0
116 149 0
117 149 0
118 149 0
119 149 0
181 149 0
182 149 0
183 149 0
184 149 0
185 149 0
186 149 0
187 149 0
188 149 0
189 149 0
190 149 0
191 149 0
192 149 0
193 149 0
194 149 0
81 150 0
89 150 0
93 150 0
104 150 0
111 150 0
112 150 0
113 150 0
116 150 0
117 150 0
118 150 0
119 150 0
120 150 0
121 150 0
125 150 0
182 150 0
183 150 0
184 150 0
185 150 0
186 150 0
187 150 0
188 150 0
189 150 0
190 150 0
191 150 0
192 150 0
193 150 0
79 151 0
80 151 0
81 151 0
89 151 0
94 151 0
111 151 0
112 151 0
113 151 0
114 151 0
115 151 0
116 151 0
117 151 0
118 151 0
119 151 0
120 151 0
126 151 0
133 151 0
140 151 0
141 151 0
148 151 0
154 151 0
180 151 0
188 151 0
77 152 0
78 152 0
79 152 0
80 152 0
81 152 0
90 152 0
91 152 0
111 152 0
112 152 0
113 152 0
114 152 0
115 152 0
117 152 0
118 152 0
119 152 0
121 152 0
122 152 0
132 152 0
136 152 0
138 152 0
146 152 0
147 152 0
148 152 0
149 152 0
159 152 0
160 152 0
161 152 0
167 152 0
169 152 0
174 152 0
175 152 0
176 152 0
181 152 0
188 152 0
77 153 0
78 153 0
79 153 0
80 153 0
81 153 0
82 153 0
92 153 0
111 153 0
112 153 0
113 153 0
114 153 0
115 153 0
119 153 0
121 153 0
151 153 0
159 153 0
160 153 0
171 153 0
175 153 0
77 154 0
79 154 0
80 154 0
81 154 0
88 154 0
104 154 0
109 154 0
111 154 0
112 154 0
113 154 0
115 154 0
120 154 0
121 154 0
123 154 0
126 154 0
127 154 0
128 154 0
134 154 0
135 154 0
136 154 0
142 154 0
148 154 0
162 154 0
163 154 0
171 154 0
82 155 0
95 155 0
114 155 0
115 155 0
116 155 0
119 155 0
120 155 0
121 155 0
122 155 0
123 155 0
127 155 0
128 155 0
129 155 0
134 155 0
135 155 0
136 155 0
141 155 0
142 155 0
143 155 0
144 155 0
147 155 0
148 155 0
149 155 0
150 155 0
151 155 0
155 155 0
156 155 0
157 155 0
158 155 0
162 155 0
163 155 0
169 155 0
170 155 0
82 156 0
119 156 0
120 156 0
128 156 0
133 156 0
134 156 0
135 156 0
136 156 0
142 156 0
143 156 0
148 156 0
149 156 0
150 156 0
152 156 0
156 156 0
159 156 0
81 157 0
82 157 0
83 157 0
84 157 0
93 157 0
135 157 0
137 157 0
143 157 0
152 157 0
80 158 0
81 158 0
82 158 0
83 158 0
84 158 0
77 159 0
78 159 0
83 159 0
84 159 0
76 160 0
77 160 0
78 160 0
79 160 0
80 160 0
81 160 0
82 160 0
86 160 0
77 161 0
79 161 0
80 161 0
119 163 0
82 165 0
83 165 0
84 165 0
120 165 0
131 165 0
82 166 0
83 166 0
84 166 0
75 167 0
76 167 0
77 167 0
78 167 0
82 167 0
83 167 0
84 167 0
85 167 0
75 168 0
76 168 0
77 168 0
78 168 0
83 168 0
84 168 0
86 168 0
87 168 0
76 169 0
77 169 0
81 169 0
82 169 0
83 169 0
87 169 0
88 169 0
75 170 0
76 170 0
79 170 0
82 170 0
83 170 0
76 175 0
77 175 0
78 175 0
81 175 0
82 175 0
83 175 0
84 175 0
75 176 0
76 176 0
77 176 0
78 176 0
81 176 0
82 176 0
83 176 0
84 176 0
85 176 0
75 177 0
76 177 0
77 177 0
83 177 0
84 177 0
85 177 0
86 177 0
10 18 1
1 38 1
2 38 1
3 38 1
4 38 1
5 38 1
6 38 1
10 38 1
1 39 1
2 39 1
3 39 1
4 39 1
5 39 1
6 39 1
7 39 1
8 39 1
14 39 1
1 40 1
2 40 1
3 40 1
4 40 1
5 40 1
6 40 1
7 40 1
8 40 1
10 40 1
12 40 1
13 40 1
14 40 1
15 40 1
1 41 1
2 41 1
3 41 1
4 41 1
5 41 1
6 41 1
7 41 1
8 41 1
9 41 1
12 41 1
16 41 1
17 41 1
1 42 1
2 42 1
3 42 1
4 42 1
5 42 1
6 42 1
7 42 1
8 42 1
9 42 1
10 42 1
15 42 1
16 42 1
19 42 1
21 42 1
22 42 1
1 43 1
2 43 1
3 43 1
4 43 1
5 43 1
6 43 1
7 43 1
8 43 1
9 43 1
10 43 1
11 43 1
12 43 1
13 43 1
14 43 1
15 43 1
16 43 1
17 43 1
18 43 1
19 43 1
20 43 1
21 43 1
22 43 1
23 43 1
24 43 1
1 44 1
2 44 1
3 44 1
4 44 1
5 44 1
6 44 1
7 44 1
8 44 1
9 44 1
10 44 1
11 44 1
12 44 1
13 44 1
14 44 1
15 44 1
16 44 1
17 44 1
18 44 1
19 44 1
20 44 1
21 44 1
24 44 1
25 44 1
26 44 1
1 45 1
2 45 1
3 45 1
4 45 1
5 45 1
6 45 1
7 45 1
8 45 1
9 45 1
10 45 1
11 45 1
12 45 1
13 45 1
14 45 1
15 45 1
16 45 1
17 45 1
18 45 1
19 45 1
22 45 1
23 45 1
1 46 1
2 46 1
3 46 1
4 46 1
5 46 1
6 46 1
7 46 1
8 46 1
9 46 1
10 46 1
11 46 1
12 46 1
13 46 1
14 46 1
15 46 1
16 46 1
17 46 1
18 46 1
19 46 1
20 46 1
25 46 1
1 47 1
2 47 1
3 47 1
4 47 1
5 47 1
6 47 1
7 47 1
8 47 1
9 47 1
10 47 1
11 47 1
12 47 1
13 47 1
14 47 1
15 47 1
16 47 1
17 47 1
18 47 1
19 47 1
20 47 1
21 47 1
22 47 1
23 47 1
24 47 1
25 47 1
1 48 1
2 48 1
3 48 1
4 48 1
5 48 1
6 48 1
7 48 1
8 48 1
9 48 1
10 48 1
11 48 1
12 48 1
13 48 1
14 48 1
15 48 1
16 48 1
17 48 1
18 48 1
19 48 1
20 48 1
21 48 1
22 48 1
23 48 1
24 48 1
25 48 1
26 48 1
27 48 1
28 48 1
1 49 1
2 49 1
3 49 1
4 49 1
5 49 1
6 49 1
7 49 1
8 49 1
9 49 1
10 49 1
11 49 1
12 49 1
13 49 1
14 49 1
15 49 1
16 49 1
17 49 1
18 49 1
19 49 1
20 49 1
21 49 1
22 49 1
23 49 1
24 49 1
25 49 1
26 49 1
27 49 1
30 49 1
1 50 1
2 50 1
3 50 1
4 50 1
5 50 1
6 50 1
7 50 1
8 50 1
9 50 1
10 50 1
11 50 1
12 50 1
13 50 1
14 50 1
15 50 1
16 50 1
17 50 1
18 50 1
19 50 1
20 50 1
21 50 1
22 50 1
23 50 1
24 50 1
25 50 1
26 50 1
27 50 1
1 51 1
2 51 1
3 51 1
4 51 1
5 51 1
6 51 1
7 51 1
8 51 1
9 51 1
10 51 1
11 51 1
12 51 1
13 51 1
14 51 1
15 51 1
16 51 1
17 51 1
18 51 1
19 51 1
20 51 1
21 51 1
22 51 1
23 51 1
24 51 1
25 51 1
26 51 1
27 51 1
28 51 1
1 52 1
2 52 1
3 52 1
4 52 1
5 52 1
6 52 1
7 52 1
8 52 1
9 52 1
10 52 1
11 52 1
12 52 1
13 52 1
14 52 1
15 52 1
16 52 1
17 52 1
18 52 1
19 52 1
20 52 1
21 52 1
22 52 1
23 52 1
24 52 1
25 52 1
26 52 1
27 52 1
28 52 1
29 52 1
30 52 1
2 53 1
3 53 1
4 53 1
5 53 1
6 53 1
7 53 1
8 53 1
9 53 1
10 53 1
11 53 1
12 53 1
13 53 1
14 53 1
15 53 1
16 53 1
17 53 1
18 53 1
19 53 1
20 53 1
21 53 1
22 53 1
23 53 1
24 53 1
25 53 1
26 53 1
27 53 1
28 53 1
29 53 1
53 53 1
1 54 1
2 54 1
3 54 1
4 54 1
5 54 1
6 54 1
7 54 1
8 54 1
9 54 1
10 54 1
11 54 1
12 54 1
13 54 1
14 54 1
15 54 1
16 54 1
17 54 1
18 54 1
19 54 1
20 54 1
21 54 1
22 54 1
23 54 1
24 54 1
25 54 1
26 54 1
27 54 1
28 54 1
29 54 1
30 54 1
1 55 1
2 55 1
3 55 1
4 55 1
5 55 1
6 55 1
7 55 1
8 55 1
9 55 1
10 55 1
11 55 1
12 55 1
13 55 1
14 55 1
15 55 1
16 55 1
17 55 1
18 55 1
19 55 1
20 55 1
21 55 1
22 55 1
23 55 1
24 55 1
25 55 1
26 55 1
27 55 1
28 55 1
29 55 1
1 56 1
2 56 1
3 56 1
4 56 1
5 56 1
6 56 1
7 56 1
8 56 1
9 56 1
10 56 1
11 56 1
12 56 1
13 56 1
14 56 1
15 56 1
16 56 1
17 56 1
18 56 1
19 56 1
20 56 1
21 56 1
22 56 1
23 56 1
24 56 1
25 56 1
26 56 1
27 56 1
28 56 1
29 56 1
30 56 1
1 57 1
2 57 1
3 57 1
4 57 1
5 57 1
6 57 1
7 57 1
8 57 1
9 57 1
10 57 1
11 57 1
12 57 1
13 57 1
14 57 1
15 57 1
16 57 1
17 57 1
18 57 1
19 57 1
20 57 1
21 57 1
22 57 1
23 57 1
24 57 1
25 57 1
26 57 1
27 57 1
28 57 1
29 57 1
30 57 1
1 58 1
2 58 1
3 58 1
4 58 1
5 58 1
6 58 1
7 58 1
8 58 1
9 58 1
10 58 1
11 58 1
12 58 1
13 58 1
14 58 1
15 58 1
16 58 1
17 58 1
18 58 1
19 58 1
20 58 1
21 58 1
22 58 1
23 58 1
24 58 1
25 58 1
26 58 1
27 58 1
28 58 1
29 58 1
30 58 1
31 58 1
5 59 1
6 59 1
7 59 1
8 59 1
9 59 1
10 59 1
11 59 1
12 59 1
13 59 1
14 59 1
15 59 1
16 59 1
17 59 1
18 59 1
19 59 1
20 59 1
21 59 1
22 59 1
23 59 1
24 59 1
25 59 1
26 59 1
27 59 1
28 59 1
29 59 1
30 59 1
9 60 1
10 60 1
11 60 1
12 60 1
13 60 1
14 60 1
15 60 1
16 60 1
17 60 1
18 60 1
19 60 1
20 60 1
21 60 1
22 60 1
23 60 1
24 60 1
25 60 1
26 60 1
27 60 1
28 60 1
29 60 1
30 60 1
10 61 1
11 61 1
12 61 1
13 61 1
14 61 1
15 61 1
16 61 1
17 61 1
18 61 1
19 61 1
20 61 1
21 61 1
22 61 1
23 61 1
24 61 1
25 61 1
26 61 1
27 61 1
28 61 1
29 61 1
13 62 1
14 62 1
15 62 1
16 62 1
17 62 1
18 62 1
19 62 1
20 62 1
21 62 1
22 62 1
23 62 1
24 62 1
25 62 1
26 62 1
27 62 1
28 62 1
29 62 1
30 62 1
16 63 1
17 63 1
18 63 1
19 63 1
20 63 1
21 63 1
22 63 1
23 63 1
24 63 1
25 63 1
26 63 1
27 63 1
28 63 1
30 63 1
17 64 1
18 64 1
19 64 1
20 64 1
21 64 1
22 64 1
23 64 1
24 64 1
25 64 1
26 64 1
27 64 1
28 64 1
29 64 1
30 64 1
19 65 1
20 65 1
21 65 1
22 65 1
23 65 1
24 65 1
25 65 1
26 65 1
27 65 1
28 65 1
30 65 1
21 66 1
23 66 1
24 66 1
25 66 1
26 66 1
27 66 1
25 67 1
