102 1 0
104 1 0
114 1 0
145 1 0
146 1 0
147 1 0
148 1 0
149 1 0
150 1 0
151 1 0
153 1 0
155 1 0
101 2 0
116 2 0
148 2 0
149 2 0
150 2 0
151 2 0
155 2 0
157 2 0
182 2 0
185 2 0
114 3 0
115 3 0
148 3 0
149 3 0
150 3 0
151 3 0
153 3 0
154 3 0
156 3 0
167 3 0
168 3 0
184 3 0
101 4 0
114 4 0
150 4 0
151 4 0
152 4 0
153 4 0
154 4 0
156 4 0
157 4 0
184 4 0
99 5 0
116 5 0
150 5 0
151 5 0
152 5 0
153 5 0
154 5 0
156 5 0
166 5 0
168 5 0
84 6 0
100 6 0
102 6 0
104 6 0
150 6 0
152 6 0
154 6 0
165 6 0
166 6 0
112 7 0
150 7 0
151 7 0
152 7 0
164 7 0
168 7 0
106 8 0
108 8 0
111 8 0
112 8 0
113 8 0
152 8 0
168 8 0
169 8 0
184 8 0
106 9 0
110 9 0
111 9 0
112 9 0
125 9 0
126 9 0
184 9 0
97 10 0
98 10 0
103 10 0
104 10 0
108 10 0
109 10 0
110 10 0
111 10 0
112 10 0
113 10 0
115 10 0
119 10 0
124 10 0
125 10 0
142 10 0
184 10 0
94 11 0
98 11 0
100 11 0
103 11 0
106 11 0
110 11 0
111 11 0
112 11 0
122 11 0
123 11 0
124 11 0
142 11 0
144 11 0
164 11 0
102 12 0
104 12 0
106 12 0
108 12 0
112 12 0
114 12 0
122 12 0
124 12 0
125 12 0
100 13 0
104 13 0
108 13 0
110 13 0
120 13 0
152 13 0
98 14 0
105 14 0
106 14 0
107 14 0
108 14 0
98 15 0
100 15 0
101 15 0
103 15 0
106 15 0
110 15 0
112 15 0
116 15 0
119 15 0
120 15 0
162 15 0
98 16 0
100 16 0
104 16 0
110 16 0
120 16 0
144 16 0
146 16 0
148 16 0
150 16 0
97 17 0
99 17 0
100 17 0
104 17 0
106 17 0
107 17 0
110 17 0
120 17 0
125 17 0
130 17 0
134 17 0
148 17 0
154 17 0
162 17 0
96 18 0
97 18 0
99 18 0
100 18 0
103 18 0
108 18 0
117 18 0
124 18 0
127 18 0
132 18 0
134 18 0
150 18 0
161 18 0
96 19 0
99 19 0
101 19 0
104 19 0
105 19 0
106 19 0
112 19 0
117 19 0
118 19 0
124 19 0
137 19 0
144 19 0
160 19 0
95 20 0
96 20 0
97 20 0
98 20 0
100 20 0
101 20 0
102 20 0
106 20 0
108 20 0
112 20 0
117 20 0
124 20 0
126 20 0
128 20 0
129 20 0
130 20 0
131 20 0
142 20 0
144 20 0
154 20 0
161 20 0
96 21 0
97 21 0
98 21 0
99 21 0
100 21 0
104 21 0
115 21 0
122 21 0
124 21 0
126 21 0
127 21 0
128 21 0
129 21 0
131 21 0
136 21 0
144 21 0
160 21 0
96 22 0
97 22 0
98 22 0
100 22 0
106 22 0
107 22 0
112 22 0
123 22 0
124 22 0
126 22 0
127 22 0
128 22 0
133 22 0
142 22 0
160 22 0
95 23 0
96 23 0
97 23 0
98 23 0
100 23 0
102 23 0
108 23 0
110 23 0
117 23 0
120 23 0
123 23 0
124 23 0
128 23 0
129 23 0
138 23 0
140 23 0
148 23 0
182 23 0
95 24 0
96 24 0
100 24 0
112 24 0
116 24 0
119 24 0
120 24 0
121 24 0
122 24 0
123 24 0
94 25 0
96 25 0
98 25 0
100 25 0
102 25 0
112 25 0
116 25 0
117 25 0
118 25 0
119 25 0
120 25 0
121 25 0
122 25 0
94 26 0
95 26 0
98 26 0
100 26 0
102 26 0
104 26 0
117 26 0
118 26 0
119 26 0
95 27 0
96 27 0
97 27 0
101 27 0
102 27 0
108 27 0
112 27 0
118 27 0
119 27 0
94 28 0
95 28 0
96 28 0
98 28 0
100 28 0
104 28 0
106 28 0
116 28 0
94 29 0
95 29 0
96 29 0
114 29 0
93 30 0
94 30 0
95 30 0
96 30 0
112 30 0
115 30 0
116 30 0
117 30 0
118 30 0
91 31 0
92 31 0
93 31 0
94 31 0
95 31 0
96 31 0
112 31 0
114 31 0
115 31 0
116 31 0
118 31 0
120 31 0
91 32 0
92 32 0
93 32 0
94 32 0
95 32 0
96 32 0
97 32 0
98 32 0
110 32 0
116 32 0
91 33 0
92 33 0
93 33 0
94 33 0
95 33 0
96 33 0
98 33 0
99 33 0
104 33 0
106 33 0
115 33 0
119 33 0
91 34 0
92 34 0
93 34 0
94 34 0
95 34 0
96 34 0
97 34 0
98 34 0
100 34 0
101 34 0
110 34 0
91 35 0
92 35 0
93 35 0
94 35 0
95 35 0
96 35 0
102 35 0
106 35 0
115 35 0
117 35 0
91 36 0
92 36 0
93 36 0
94 36 0
95 36 0
98 36 0
100 36 0
102 36 0
114 36 0
118 36 0
122 36 0
91 37 0
92 37 0
93 37 0
94 37 0
95 37 0
99 37 0
101 37 0
102 37 0
106 37 0
107 37 0
113 37 0
122 37 0
90 38 0
91 38 0
92 38 0
93 38 0
94 38 0
98 38 0
100 38 0
101 38 0
102 38 0
104 38 0
105 38 0
107 38 0
108 38 0
114 38 0
120 38 0
91 39 0
92 39 0
93 39 0
95 39 0
98 39 0
102 39 0
103 39 0
104 39 0
106 39 0
108 39 0
115 39 0
116 39 0
117 39 0
118 39 0
120 39 0
90 40 0
91 40 0
92 40 0
94 40 0
95 40 0
100 40 0
102 40 0
104 40 0
105 40 0
106 40 0
112 40 0
115 40 0
117 40 0
118 40 0
119 40 0
120 40 0
121 40 0
91 41 0
92 41 0
98 41 0
100 41 0
101 41 0
104 41 0
105 41 0
106 41 0
108 41 0
114 41 0
90 42 0
92 42 0
94 42 0
96 42 0
98 42 0
100 42 0
101 42 0
106 42 0
112 42 0
114 42 0
115 42 0
95 43 0
96 43 0
100 43 0
102 43 0
104 43 0
115 43 0
118 43 0
119 43 0
94 44 0
97 44 0
100 44 0
107 44 0
108 44 0
114 44 0
116 44 0
118 44 0
94 45 0
113 45 0
114 45 0
115 45 0
116 45 0
95 46 0
100 46 0
106 46 0
112 46 0
114 46 0
115 46 0
118 46 0
94 47 0
99 47 0
105 47 0
110 47 0
114 47 0
118 47 0
75 48 0
76 48 0
95 48 0
96 48 0
98 48 0
102 48 0
104 48 0
106 48 0
112 48 0
118 48 0
74 49 0
75 49 0
94 49 0
100 49 0
106 49 0
107 49 0
118 49 0
73 50 0
92 50 0
96 50 0
102 50 0
106 50 0
110 50 0
102 51 0
110 51 0
118 51 0
92 52 0
96 52 0
104 52 0
107 52 0
108 52 0
117 52 0
106 53 0
112 53 0
91 54 0
110 54 0
117 54 0
132 54 0
132 55 0
140 55 0
106 56 0
116 56 0
120 56 0
118 57 0
119 57 0
120 57 0
132 57 0
134 57 0
137 57 0
102 58 0
117 58 0
118 58 0
119 58 0
120 58 0
121 58 0
98 59 0
116 59 0
118 59 0
119 59 0
120 59 0
121 59 0
122 59 0
138 59 0
92 60 0
96 60 0
115 60 0
116 60 0
118 60 0
119 60 0
120 60 0
121 60 0
122 60 0
92 61 0
95 61 0
96 61 0
98 61 0
115 61 0
116 61 0
118 61 0
119 61 0
120 61 0
121 61 0
122 61 0
136 61 0
95 62 0
96 62 0
116 62 0
118 62 0
119 62 0
120 62 0
121 62 0
106 63 0
107 63 0
116 63 0
136 63 0
157 63 0
162 63 0
176 63 0
93 64 0
101 64 0
116 64 0
118 64 0
161 64 0
94 65 0
102 65 0
116 65 0
136 65 0
94 66 0
100 66 0
116 66 0
98 67 0
107 67 0
106 68 0
114 68 0
92 69 0
102 69 0
104 69 0
106 69 0
107 69 0
117 69 0
119 69 0
96 70 0
105 70 0
107 70 0
116 70 0
117 70 0
95 71 0
100 71 0
102 71 0
110 71 0
116 71 0
92 72 0
96 72 0
114 72 0
91 73 0
105 73 0
116 73 0
92 74 0
98 74 0
110 74 0
117 74 0
174 74 0
92 77 0
94 77 0
97 77 0
121 77 0
122 77 0
96 78 0
114 78 0
117 78 0
119 78 0
90 79 0
93 79 0
94 79 0
95 79 0
114 79 0
115 79 0
116 79 0
119 79 0
91 80 0
114 80 0
115 80 0
116 80 0
114 81 0
115 81 0
116 81 0
117 81 0
113 82 0
114 82 0
115 82 0
116 82 0
117 82 0
118 82 0
120 82 0
100 83 0
102 83 0
111 83 0
113 83 0
114 83 0
115 83 0
116 83 0
117 83 0
118 83 0
162 83 0
2 84 0
30 84 0
31 84 0
46 84 0
102 84 0
110 84 0
112 84 0
114 84 0
115 84 0
116 84 0
117 84 0
118 84 0
28 85 0
29 85 0
30 85 0
44 85 0
46 85 0
77 85 0
78 85 0
92 85 0
103 85 0
112 85 0
113 85 0
114 85 0
115 85 0
116 85 0
117 85 0
118 85 0
28 86 0
29 86 0
30 86 0
31 86 0
32 86 0
33 86 0
35 86 0
36 86 0
37 86 0
38 86 0
39 86 0
44 86 0
45 86 0
75 86 0
76 86 0
77 86 0
78 86 0
84 86 0
98 86 0
103 86 0
112 86 0
113 86 0
114 86 0
115 86 0
116 86 0
117 86 0
118 86 0
2 87 0
3 87 0
28 87 0
34 87 0
36 87 0
38 87 0
39 87 0
40 87 0
42 87 0
43 87 0
44 87 0
75 87 0
76 87 0
77 87 0
82 87 0
84 87 0
86 87 0
87 87 0
90 87 0
112 87 0
113 87 0
114 87 0
116 87 0
117 87 0
118 87 0
120 87 0
122 87 0
128 87 0
2 88 0
3 88 0
75 88 0
76 88 0
77 88 0
78 88 0
81 88 0
84 88 0
86 88 0
87 88 0
90 88 0
109 88 0
110 88 0
112 88 0
113 88 0
114 88 0
115 88 0
116 88 0
117 88 0
118 88 0
122 88 0
124 88 0
127 88 0
1 89 0
2 89 0
41 89 0
75 89 0
76 89 0
77 89 0
78 89 0
79 89 0
80 89 0
84 89 0
85 89 0
86 89 0
90 89 0
105 89 0
108 89 0
112 89 0
113 89 0
114 89 0
116 89 0
117 89 0
118 89 0
121 89 0
122 89 0
123 89 0
124 89 0
75 90 0
76 90 0
78 90 0
79 90 0
80 90 0
81 90 0
84 90 0
85 90 0
86 90 0
88 90 0
90 90 0
104 90 0
112 90 0
114 90 0
115 90 0
116 90 0
117 90 0
118 90 0
120 90 0
121 90 0
122 90 0
123 90 0
124 90 0
125 90 0
126 90 0
128 90 0
130 90 0
131 90 0
80 91 0
81 91 0
82 91 0
83 91 0
84 91 0
86 91 0
90 91 0
91 91 0
93 91 0
94 91 0
97 91 0
104 91 0
110 91 0
111 91 0
114 91 0
116 91 0
117 91 0
118 91 0
119 91 0
120 91 0
121 91 0
122 91 0
123 91 0
124 91 0
125 91 0
126 91 0
128 91 0
131 91 0
134 91 0
1 92 0
88 92 0
90 92 0
92 92 0
94 92 0
99 92 0
100 92 0
106 92 0
114 92 0
115 92 0
116 92 0
117 92 0
118 92 0
119 92 0
120 92 0
121 92 0
122 92 0
123 92 0
124 92 0
125 92 0
127 92 0
128 92 0
130 92 0
131 92 0
1 93 0
88 93 0
90 93 0
92 93 0
98 93 0
99 93 0
100 93 0
104 93 0
108 93 0
114 93 0
115 93 0
116 93 0
117 93 0
118 93 0
119 93 0
120 93 0
121 93 0
122 93 0
123 93 0
124 93 0
125 93 0
126 93 0
129 93 0
130 93 0
131 93 0
132 93 0
133 93 0
1 94 0
92 94 0
97 94 0
101 94 0
114 94 0
115 94 0
116 94 0
117 94 0
118 94 0
119 94 0
120 94 0
121 94 0
122 94 0
123 94 0
124 94 0
125 94 0
126 94 0
127 94 0
128 94 0
129 94 0
130 94 0
131 94 0
132 94 0
134 94 0
136 94 0
137 94 0
1 95 0
88 95 0
91 95 0
92 95 0
95 95 0
102 95 0
114 95 0
116 95 0
117 95 0
118 95 0
119 95 0
120 95 0
121 95 0
122 95 0
124 95 0
125 95 0
126 95 0
127 95 0
128 95 0
129 95 0
130 95 0
132 95 0
133 95 0
134 95 0
136 95 0
139 95 0
142 95 0
95 96 0
98 96 0
102 96 0
103 96 0
104 96 0
115 96 0
116 96 0
118 96 0
119 96 0
120 96 0
121 96 0
122 96 0
123 96 0
124 96 0
125 96 0
126 96 0
127 96 0
128 96 0
129 96 0
130 96 0
131 96 0
132 96 0
133 96 0
134 96 0
136 96 0
137 96 0
138 96 0
139 96 0
140 96 0
142 96 0
90 97 0
94 97 0
100 97 0
101 97 0
106 97 0
108 97 0
116 97 0
117 97 0
118 97 0
119 97 0
122 97 0
123 97 0
124 97 0
125 97 0
126 97 0
127 97 0
128 97 0
129 97 0
130 97 0
131 97 0
132 97 0
133 97 0
134 97 0
135 97 0
136 97 0
137 97 0
138 97 0
139 97 0
140 97 0
104 98 0
106 98 0
112 98 0
116 98 0
121 98 0
122 98 0
124 98 0
126 98 0
127 98 0
128 98 0
129 98 0
130 98 0
131 98 0
132 98 0
133 98 0
134 98 0
135 98 0
136 98 0
137 98 0
138 98 0
139 98 0
140 98 0
142 98 0
143 98 0
92 99 0
96 99 0
107 99 0
116 99 0
118 99 0
122 99 0
123 99 0
126 99 0
128 99 0
129 99 0
130 99 0
131 99 0
132 99 0
133 99 0
134 99 0
135 99 0
136 99 0
137 99 0
140 99 0
141 99 0
142 99 0
143 99 0
144 99 0
1 100 0
90 100 0
91 100 0
92 100 0
94 100 0
95 100 0
113 100 0
122 100 0
126 100 0
127 100 0
128 100 0
132 100 0
133 100 0
134 100 0
135 100 0
136 100 0
137 100 0
138 100 0
139 100 0
140 100 0
142 100 0
143 100 0
144 100 0
146 100 0
188 100 0
2 101 0
8 101 0
10 101 0
12 101 0
14 101 0
88 101 0
90 101 0
92 101 0
96 101 0
97 101 0
98 101 0
104 101 0
112 101 0
118 101 0
119 101 0
122 101 0
125 101 0
126 101 0
127 101 0
128 101 0
131 101 0
132 101 0
134 101 0
136 101 0
137 101 0
138 101 0
139 101 0
140 101 0
141 101 0
142 101 0
144 101 0
146 101 0
147 101 0
148 101 0
8 102 0
9 102 0
15 102 0
88 102 0
90 102 0
91 102 0
92 102 0
94 102 0
118 102 0
119 102 0
120 102 0
126 102 0
127 102 0
130 102 0
132 102 0
136 102 0
140 102 0
141 102 0
142 102 0
146 102 0
148 102 0
149 102 0
88 103 0
92 103 0
96 103 0
98 103 0
101 103 0
104 103 0
107 103 0
118 103 0
119 103 0
120 103 0
121 103 0
122 103 0
126 103 0
143 103 0
144 103 0
145 103 0
146 103 0
147 103 0
148 103 0
150 103 0
154 103 0
88 104 0
90 104 0
92 104 0
110 104 0
120 104 0
121 104 0
122 104 0
123 104 0
124 104 0
125 104 0
126 104 0
127 104 0
147 104 0
148 104 0
164 104 0
166 104 0
92 105 0
106 105 0
115 105 0
122 105 0
128 105 0
130 105 0
131 105 0
133 105 0
137 105 0
156 105 0
159 105 0
101 106 0
130 106 0
131 106 0
137 106 0
155 106 0
156 106 0
162 106 0
164 106 0
165 106 0
94 107 0
96 107 0
104 107 0
110 107 0
138 107 0
142 107 0
161 107 0
164 107 0
92 108 0
94 108 0
96 108 0
90 109 0
143 109 0
182 110 0
108 111 0
90 112 0
88 113 0
108 114 0
88 115 0
94 115 0
178 115 0
188 115 0
182 116 0
86 117 0
88 117 0
89 117 0
91 117 0
86 118 0
90 118 0
93 118 0
96 118 0
85 119 0
86 119 0
88 119 0
90 119 0
91 119 0
92 119 0
94 119 0
98 119 0
85 120 0
86 120 0
88 120 0
89 120 0
86 121 0
88 121 0
90 121 0
91 121 0
92 121 0
94 121 0
86 122 0
88 122 0
90 122 0
92 122 0
93 122 0
94 122 0
90 123 0
91 123 0
92 123 0
94 123 0
96 123 0
90 124 0
91 124 0
92 124 0
94 124 0
88 125 0
89 125 0
90 125 0
91 125 0
100 125 0
90 126 0
91 126 0
94 126 0
90 127 0
103 130 0
176 132 0
184 132 0
100 133 0
88 134 0
98 135 0
100 135 0
184 135 0
86 136 0
98 136 0
88 137 0
90 137 0
102 138 0
94 139 0
102 139 0
92 140 0
94 140 0
89 141 0
92 141 0
102 141 0
104 141 0
88 142 0
86 143 0
96 143 0
86 144 0
92 144 0
98 144 0
100 144 0
106 144 0
84 145 0
94 145 0
96 145 0
106 145 0
84 146 0
85 146 0
92 146 0
94 146 0
96 146 0
87 147 0
92 147 0
100 147 0
186 147 0
187 147 0
102 148 0
110 148 0
111 148 0
112 148 0
113 148 0
115 148 0
116 148 0
182 148 0
183 148 0
184 148 0
186 148 0
187 148 0
188 148 0
96 149 0
101 149 0
108 149 0
109 149 0
110 149 0
111 149 0
112 149 0
114 149 0
179 149 0
180 149 0
181 149 0
182 149 0
183 149 0
184 149 0
185 149 0
186 149 0
187 149 0
188 149 0
88 150 0
92 150 0
108 150 0
109 150 0
111 150 0
115 150 0
116 150 0
117 150 0
118 150 0
178 150 0
180 150 0
181 150 0
182 150 0
183 150 0
184 150 0
185 150 0
186 150 0
187 150 0
188 150 0
189 150 0
76 151 0
77 151 0
78 151 0
108 151 0
110 151 0
111 151 0
112 151 0
113 151 0
114 151 0
115 151 0
116 151 0
131 151 0
183 151 0
77 152 0
78 152 0
79 152 0
108 152 0
110 152 0
111 152 0
112 152 0
113 152 0
114 152 0
115 152 0
116 152 0
118 152 0
134 152 0
143 152 0
144 152 0
146 152 0
156 152 0
158 152 0
172 152 0
74 153 0
75 153 0
76 153 0
77 153 0
78 153 0
108 153 0
109 153 0
110 153 0
111 153 0
112 153 0
115 153 0
118 153 0
155 153 0
156 153 0
159 153 0
170 153 0
172 153 0
174 153 0
73 154 0
74 154 0
76 154 0
111 154 0
112 154 0
119 154 0
126 154 0
135 154 0
156 154 0
74 155 0
116 155 0
117 155 0
118 155 0
119 155 0
124 155 0
125 155 0
126 155 0
132 155 0
133 155 0
139 155 0
140 155 0
141 155 0
146 155 0
147 155 0
148 155 0
153 155 0
154 155 0
116 156 0
123 156 0
124 156 0
130 156 0
131 156 0
134 156 0
147 156 0
148 156 0
154 156 0
79 157 0
80 157 0
118 157 0
124 157 0
131 157 0
132 157 0
133 157 0
146 157 0
76 158 0
77 158 0
80 158 0
81 158 0
134 158 0
136 158 0
76 159 0
79 159 0
73 160 0
74 160 0
76 160 0
77 160 0
78 160 0
73 161 0
76 161 0
76 162 0
80 166 0
72 167 0
73 167 0
74 167 0
76 167 0
79 167 0
82 167 0
72 168 0
74 168 0
75 168 0
72 169 0
74 169 0
78 169 0
80 169 0
72 170 0
73 170 0
77 170 0
78 170 0
79 170 0
74 175 0
79 175 0
80 175 0
74 176 0
75 176 0
80 176 0
71 177 0
72 177 0
73 177 0
74 177 0
75 177 0
80 177 0
12 36 1
15 36 1
3 37 1
4 37 1
5 37 1
8 37 1
9 37 1
10 37 1
13 37 1
14 37 1
17 37 1
18 37 1
19 37 1
1 38 1
2 38 1
3 38 1
4 38 1
5 38 1
6 38 1
7 38 1
8 38 1
9 38 1
10 38 1
11 38 1
12 38 1
13 38 1
14 38 1
15 38 1
16 38 1
17 38 1
18 38 1
19 38 1
20 38 1
1 39 1
2 39 1
3 39 1
4 39 1
5 39 1
6 39 1
7 39 1
8 39 1
9 39 1
10 39 1
11 39 1
12 39 1
13 39 1
14 39 1
15 39 1
16 39 1
17 39 1
18 39 1
19 39 1
20 39 1
21 39 1
1 40 1
2 40 1
3 40 1
4 40 1
5 40 1
6 40 1
7 40 1
8 40 1
9 40 1
10 40 1
11 40 1
12 40 1
13 40 1
14 40 1
15 40 1
16 40 1
17 40 1
18 40 1
20 40 1
21 40 1
23 40 1
24 40 1
1 41 1
2 41 1
3 41 1
4 41 1
5 41 1
6 41 1
7 41 1
8 41 1
9 41 1
10 41 1
11 41 1
12 41 1
13 41 1
14 41 1
15 41 1
16 41 1
17 41 1
18 41 1
19 41 1
20 41 1
21 41 1
24 41 1
1 42 1
2 42 1
3 42 1
4 42 1
5 42 1
6 42 1
7 42 1
8 42 1
9 42 1
10 42 1
11 42 1
12 42 1
13 42 1
14 42 1
15 42 1
16 42 1
17 42 1
18 42 1
19 42 1
20 42 1
21 42 1
22 42 1
24 42 1
25 42 1
26 42 1
1 43 1
2 43 1
3 43 1
4 43 1
5 43 1
6 43 1
7 43 1
8 43 1
9 43 1
10 43 1
11 43 1
12 43 1
13 43 1
14 43 1
15 43 1
16 43 1
17 43 1
18 43 1
19 43 1
20 43 1
21 43 1
22 43 1
23 43 1
24 43 1
25 43 1
26 43 1
1 44 1
2 44 1
3 44 1
4 44 1
5 44 1
6 44 1
7 44 1
8 44 1
9 44 1
10 44 1
11 44 1
12 44 1
13 44 1
14 44 1
15 44 1
16 44 1
17 44 1
18 44 1
19 44 1
20 44 1
21 44 1
22 44 1
23 44 1
27 44 1
1 45 1
2 45 1
3 45 1
4 45 1
5 45 1
6 45 1
7 45 1
8 45 1
9 45 1
10 45 1
11 45 1
12 45 1
13 45 1
14 45 1
15 45 1
16 45 1
17 45 1
18 45 1
19 45 1
20 45 1
21 45 1
22 45 1
23 45 1
27 45 1
1 46 1
2 46 1
3 46 1
4 46 1
5 46 1
6 46 1
7 46 1
8 46 1
9 46 1
10 46 1
11 46 1
12 46 1
13 46 1
14 46 1
15 46 1
16 46 1
17 46 1
18 46 1
19 46 1
20 46 1
21 46 1
22 46 1
23 46 1
24 46 1
1 47 1
2 47 1
3 47 1
4 47 1
5 47 1
6 47 1
7 47 1
8 47 1
9 47 1
10 47 1
11 47 1
12 47 1
13 47 1
14 47 1
15 47 1
16 47 1
17 47 1
18 47 1
19 47 1
20 47 1
21 47 1
22 47 1
23 47 1
24 47 1
1 48 1
2 48 1
3 48 1
4 48 1
5 48 1
6 48 1
7 48 1
8 48 1
9 48 1
11 48 1
12 48 1
13 48 1
14 48 1
15 48 1
16 48 1
17 48 1
18 48 1
19 48 1
20 48 1
21 48 1
22 48 1
23 48 1
24 48 1
1 49 1
2 49 1
3 49 1
4 49 1
5 49 1
6 49 1
7 49 1
8 49 1
9 49 1
10 49 1
11 49 1
12 49 1
13 49 1
14 49 1
15 49 1
16 49 1
17 49 1
18 49 1
19 49 1
20 49 1
21 49 1
22 49 1
23 49 1
1 50 1
2 50 1
3 50 1
4 50 1
5 50 1
6 50 1
7 50 1
9 50 1
11 50 1
12 50 1
13 50 1
14 50 1
15 50 1
16 50 1
17 50 1
18 50 1
19 50 1
20 50 1
21 50 1
22 50 1
23 50 1
35 50 1
1 51 1
2 51 1
3 51 1
4 51 1
5 51 1
6 51 1
7 51 1
8 51 1
9 51 1
11 51 1
12 51 1
13 51 1
14 51 1
15 51 1
16 51 1
17 51 1
18 51 1
19 51 1
20 51 1
21 51 1
22 51 1
23 51 1
24 51 1
1 52 1
2 52 1
3 52 1
4 52 1
5 52 1
6 52 1
7 52 1
8 52 1
9 52 1
10 52 1
11 52 1
12 52 1
13 52 1
14 52 1
15 52 1
16 52 1
17 52 1
18 52 1
19 52 1
20 52 1
21 52 1
22 52 1
23 52 1
1 53 1
2 53 1
3 53 1
4 53 1
5 53 1
6 53 1
7 53 1
8 53 1
9 53 1
10 53 1
11 53 1
12 53 1
13 53 1
14 53 1
15 53 1
16 53 1
17 53 1
18 53 1
19 53 1
20 53 1
21 53 1
22 53 1
23 53 1
24 53 1
1 54 1
2 54 1
3 54 1
4 54 1
5 54 1
6 54 1
7 54 1
8 54 1
9 54 1
10 54 1
11 54 1
12 54 1
13 54 1
14 54 1
15 54 1
16 54 1
17 54 1
18 54 1
19 54 1
20 54 1
21 54 1
22 54 1
23 54 1
24 54 1
1 55 1
2 55 1
3 55 1
4 55 1
5 55 1
6 55 1
7 55 1
8 55 1
9 55 1
10 55 1
11 55 1
12 55 1
13 55 1
14 55 1
15 55 1
16 55 1
17 55 1
18 55 1
19 55 1
20 55 1
21 55 1
22 55 1
23 55 1
1 56 1
2 56 1
3 56 1
4 56 1
5 56 1
6 56 1
7 56 1
8 56 1
9 56 1
10 56 1
11 56 1
12 56 1
13 56 1
14 56 1
15 56 1
16 56 1
17 56 1
18 56 1
19 56 1
20 56 1
21 56 1
22 56 1
2 57 1
3 57 1
7 57 1
8 57 1
9 57 1
10 57 1
11 57 1
12 57 1
13 57 1
14 57 1
15 57 1
16 57 1
17 57 1
18 57 1
19 57 1
20 57 1
21 57 1
22 57 1
2 58 1
3 58 1
8 58 1
9 58 1
10 58 1
11 58 1
12 58 1
13 58 1
14 58 1
15 58 1
16 58 1
17 58 1
18 58 1
19 58 1
20 58 1
21 58 1
22 58 1
8 59 1
9 59 1
10 59 1
11 59 1
12 59 1
13 59 1
14 59 1
15 59 1
16 59 1
17 59 1
18 59 1
19 59 1
20 59 1
21 59 1
9 60 1
10 60 1
11 60 1
12 60 1
13 60 1
14 60 1
15 60 1
16 60 1
17 60 1
18 60 1
10 61 1
