12 53 0
48 54 0
49 54 0
50 54 0
4 55 0
7 55 0
48 55 0
49 55 0
59 55 0
26 56 0
38 56 0
39 56 0
42 56 0
45 56 0
46 56 0
47 56 0
48 56 0
49 56 0
52 56 0
53 56 0
54 56 0
55 56 0
59 56 0
60 56 0
26 57 0
38 57 0
39 57 0
42 57 0
43 57 0
44 57 0
45 57 0
46 57 0
47 57 0
48 57 0
49 57 0
50 57 0
51 57 0
52 57 0
53 57 0
54 57 0
55 57 0
60 57 0
23 58 0
41 58 0
42 58 0
43 58 0
44 58 0
45 58 0
46 58 0
47 58 0
48 58 0
49 58 0
50 58 0
51 58 0
52 58 0
53 58 0
54 58 0
55 58 0
60 58 0
4 59 0
14 59 0
37 59 0
39 59 0
40 59 0
41 59 0
42 59 0
43 59 0
44 59 0
45 59 0
46 59 0
47 59 0
48 59 0
49 59 0
50 59 0
51 59 0
52 59 0
53 59 0
54 59 0
55 59 0
57 59 0
58 59 0
59 59 0
60 59 0
61 59 0
62 59 0
14 60 0
37 60 0
40 60 0
41 60 0
42 60 0
43 60 0
44 60 0
45 60 0
46 60 0
47 60 0
48 60 0
49 60 0
50 60 0
51 60 0
52 60 0
55 60 0
56 60 0
57 60 0
58 60 0
61 60 0
62 60 0
22 61 0
30 61 0
38 61 0
39 61 0
40 61 0
41 61 0
42 61 0
43 61 0
44 61 0
45 61 0
46 61 0
47 61 0
48 61 0
49 61 0
50 61 0
51 61 0
52 61 0
53 61 0
55 61 0
56 61 0
57 61 0
58 61 0
60 61 0
61 61 0
62 61 0
63 61 0
35 62 0
37 62 0
38 62 0
39 62 0
40 62 0
41 62 0
42 62 0
43 62 0
44 62 0
45 62 0
46 62 0
47 62 0
48 62 0
49 62 0
50 62 0
51 62 0
52 62 0
53 62 0
55 62 0
56 62 0
57 62 0
58 62 0
59 62 0
60 62 0
63 62 0
22 63 0
29 63 0
35 63 0
37 63 0
38 63 0
39 63 0
40 63 0
41 63 0
42 63 0
43 63 0
44 63 0
45 63 0
46 63 0
47 63 0
48 63 0
49 63 0
50 63 0
51 63 0
52 63 0
56 63 0
57 63 0
58 63 0
59 63 0
60 63 0
61 63 0
62 63 0
63 63 0
64 63 0
25 64 0
35 64 0
36 64 0
37 64 0
38 64 0
39 64 0
40 64 0
41 64 0
42 64 0
43 64 0
44 64 0
45 64 0
46 64 0
47 64 0
48 64 0
49 64 0
50 64 0
51 64 0
52 64 0
53 64 0
55 64 0
56 64 0
57 64 0
58 64 0
59 64 0
60 64 0
62 64 0
63 64 0
35 65 0
36 65 0
40 65 0
41 65 0
42 65 0
43 65 0
44 65 0
45 65 0
47 65 0
48 65 0
49 65 0
50 65 0
51 65 0
52 65 0
56 65 0
57 65 0
58 65 0
59 65 0
60 65 0
61 65 0
62 65 0
63 65 0
35 66 0
36 66 0
38 66 0
39 66 0
40 66 0
41 66 0
42 66 0
43 66 0
44 66 0
45 66 0
47 66 0
48 66 0
49 66 0
50 66 0
51 66 0
52 66 0
53 66 0
56 66 0
57 66 0
58 66 0
59 66 0
60 66 0
61 66 0
62 66 0
63 66 0
13 67 0
35 67 0
36 67 0
38 67 0
39 67 0
40 67 0
41 67 0
42 67 0
43 67 0
44 67 0
47 67 0
48 67 0
49 67 0
50 67 0
51 67 0
52 67 0
53 67 0
54 67 0
55 67 0
56 67 0
57 67 0
58 67 0
59 67 0
60 67 0
61 67 0
62 67 0
63 67 0
65 67 0
66 67 0
27 68 0
36 68 0
37 68 0
39 68 0
40 68 0
41 68 0
42 68 0
43 68 0
44 68 0
47 68 0
50 68 0
51 68 0
52 68 0
53 68 0
54 68 0
55 68 0
56 68 0
57 68 0
58 68 0
59 68 0
60 68 0
61 68 0
62 68 0
63 68 0
64 68 0
65 68 0
38 69 0
39 69 0
41 69 0
42 69 0
43 69 0
44 69 0
47 69 0
50 69 0
51 69 0
52 69 0
53 69 0
54 69 0
55 69 0
57 69 0
58 69 0
59 69 0
60 69 0
61 69 0
62 69 0
63 69 0
64 69 0
65 69 0
38 70 0
40 70 0
41 70 0
42 70 0
43 70 0
44 70 0
47 70 0
51 70 0
52 70 0
53 70 0
54 70 0
55 70 0
56 70 0
57 70 0
58 70 0
59 70 0
60 70 0
61 70 0
62 70 0
63 70 0
64 70 0
65 70 0
67 70 0
68 70 0
39 71 0
40 71 0
41 71 0
42 71 0
43 71 0
44 71 0
45 71 0
46 71 0
47 71 0
50 71 0
51 71 0
52 71 0
53 71 0
54 71 0
55 71 0
56 71 0
57 71 0
58 71 0
59 71 0
60 71 0
61 71 0
62 71 0
63 71 0
64 71 0
65 71 0
66 71 0
67 71 0
8 72 0
39 72 0
41 72 0
42 72 0
43 72 0
44 72 0
45 72 0
46 72 0
49 72 0
51 72 0
52 72 0
53 72 0
54 72 0
55 72 0
56 72 0
57 72 0
58 72 0
59 72 0
60 72 0
61 72 0
62 72 0
63 72 0
64 72 0
65 72 0
66 72 0
67 72 0
68 72 0
41 73 0
42 73 0
43 73 0
44 73 0
45 73 0
49 73 0
50 73 0
51 73 0
52 73 0
53 73 0
54 73 0
55 73 0
56 73 0
57 73 0
58 73 0
59 73 0
60 73 0
61 73 0
62 73 0
63 73 0
64 73 0
65 73 0
66 73 0
67 73 0
68 73 0
5 74 0
43 74 0
44 74 0
45 74 0
48 74 0
49 74 0
50 74 0
51 74 0
52 74 0
53 74 0
54 74 0
55 74 0
56 74 0
57 74 0
58 74 0
59 74 0
60 74 0
61 74 0
62 74 0
63 74 0
64 74 0
65 74 0
66 74 0
67 74 0
68 74 0
11 75 0
44 75 0
45 75 0
46 75 0
48 75 0
49 75 0
50 75 0
51 75 0
52 75 0
53 75 0
54 75 0
55 75 0
56 75 0
57 75 0
58 75 0
59 75 0
60 75 0
61 75 0
62 75 0
63 75 0
64 75 0
65 75 0
66 75 0
67 75 0
68 75 0
69 75 0
32 76 0
45 76 0
48 76 0
49 76 0
50 76 0
51 76 0
52 76 0
53 76 0
54 76 0
55 76 0
56 76 0
57 76 0
58 76 0
59 76 0
60 76 0
61 76 0
62 76 0
63 76 0
64 76 0
65 76 0
66 76 0
67 76 0
68 76 0
69 76 0
46 77 0
47 77 0
48 77 0
49 77 0
50 77 0
51 77 0
52 77 0
53 77 0
54 77 0
55 77 0
56 77 0
57 77 0
58 77 0
59 77 0
60 77 0
61 77 0
62 77 0
63 77 0
64 77 0
65 77 0
66 77 0
67 77 0
68 77 0
69 77 0
70 77 0
3 78 0
46 78 0
48 78 0
49 78 0
50 78 0
51 78 0
52 78 0
53 78 0
54 78 0
55 78 0
56 78 0
57 78 0
58 78 0
59 78 0
60 78 0
61 78 0
62 78 0
63 78 0
64 78 0
65 78 0
66 78 0
67 78 0
68 78 0
69 78 0
70 78 0
48 79 0
49 79 0
50 79 0
51 79 0
52 79 0
53 79 0
54 79 0
55 79 0
56 79 0
57 79 0
58 79 0
59 79 0
60 79 0
61 79 0
62 79 0
63 79 0
64 79 0
65 79 0
66 79 0
67 79 0
68 79 0
69 79 0
70 79 0
71 79 0
36 80 0
49 80 0
50 80 0
51 80 0
52 80 0
53 80 0
54 80 0
55 80 0
56 80 0
57 80 0
58 80 0
59 80 0
60 80 0
61 80 0
62 80 0
63 80 0
64 80 0
65 80 0
66 80 0
67 80 0
68 80 0
69 80 0
70 80 0
71 80 0
43 81 0
44 81 0
50 81 0
51 81 0
52 81 0
53 81 0
54 81 0
55 81 0
56 81 0
57 81 0
58 81 0
59 81 0
60 81 0
61 81 0
62 81 0
63 81 0
64 81 0
65 81 0
66 81 0
67 81 0
68 81 0
69 81 0
70 81 0
71 81 0
44 82 0
45 82 0
46 82 0
49 82 0
50 82 0
51 82 0
52 82 0
53 82 0
54 82 0
55 82 0
56 82 0
57 82 0
58 82 0
59 82 0
60 82 0
61 82 0
62 82 0
63 82 0
64 82 0
65 82 0
66 82 0
67 82 0
68 82 0
69 82 0
70 82 0
71 82 0
47 83 0
48 83 0
49 83 0
50 83 0
51 83 0
52 83 0
53 83 0
54 83 0
55 83 0
56 83 0
57 83 0
58 83 0
59 83 0
60 83 0
61 83 0
62 83 0
63 83 0
64 83 0
65 83 0
66 83 0
67 83 0
68 83 0
69 83 0
70 83 0
71 83 0
72 83 0
73 83 0
46 84 0
47 84 0
48 84 0
49 84 0
50 84 0
51 84 0
52 84 0
53 84 0
54 84 0
55 84 0
56 84 0
57 84 0
58 84 0
59 84 0
60 84 0
61 84 0
62 84 0
63 84 0
64 84 0
65 84 0
66 84 0
67 84 0
68 84 0
69 84 0
70 84 0
71 84 0
72 84 0
73 84 0
74 84 0
46 85 0
47 85 0
48 85 0
49 85 0
50 85 0
51 85 0
52 85 0
53 85 0
54 85 0
55 85 0
56 85 0
57 85 0
58 85 0
59 85 0
60 85 0
61 85 0
62 85 0
63 85 0
64 85 0
65 85 0
66 85 0
67 85 0
68 85 0
69 85 0
70 85 0
71 85 0
72 85 0
73 85 0
27 86 0
47 86 0
48 86 0
49 86 0
50 86 0
51 86 0
52 86 0
53 86 0
54 86 0
55 86 0
56 86 0
57 86 0
58 86 0
59 86 0
60 86 0
61 86 0
62 86 0
63 86 0
64 86 0
65 86 0
66 86 0
67 86 0
68 86 0
69 86 0
70 86 0
71 86 0
72 86 0
73 86 0
47 87 0
48 87 0
49 87 0
50 87 0
51 87 0
52 87 0
53 87 0
54 87 0
55 87 0
56 87 0
57 87 0
58 87 0
59 87 0
60 87 0
61 87 0
62 87 0
63 87 0
64 87 0
65 87 0
66 87 0
67 87 0
68 87 0
69 87 0
70 87 0
71 87 0
72 87 0
50 88 0
51 88 0
52 88 0
53 88 0
54 88 0
55 88 0
56 88 0
57 88 0
58 88 0
59 88 0
60 88 0
61 88 0
62 88 0
63 88 0
64 88 0
65 88 0
66 88 0
67 88 0
68 88 0
69 88 0
70 88 0
71 88 0
72 88 0
75 88 0
84 88 0
51 89 0
53 89 0
54 89 0
55 89 0
56 89 0
57 89 0
58 89 0
59 89 0
60 89 0
61 89 0
62 89 0
63 89 0
64 89 0
65 89 0
66 89 0
67 89 0
68 89 0
69 89 0
70 89 0
71 89 0
72 89 0
73 89 0
74 89 0
75 89 0
51 90 0
52 90 0
54 90 0
55 90 0
56 90 0
57 90 0
58 90 0
59 90 0
60 90 0
61 90 0
62 90 0
63 90 0
64 90 0
65 90 0
66 90 0
67 90 0
68 90 0
69 90 0
70 90 0
71 90 0
72 90 0
73 90 0
51 91 0
54 91 0
55 91 0
56 91 0
57 91 0
58 91 0
59 91 0
60 91 0
61 91 0
62 91 0
63 91 0
64 91 0
65 91 0
66 91 0
67 91 0
68 91 0
69 91 0
70 91 0
71 91 0
72 91 0
73 91 0
50 92 0
51 92 0
54 92 0
55 92 0
56 92 0
57 92 0
58 92 0
59 92 0
60 92 0
61 92 0
62 92 0
63 92 0
64 92 0
65 92 0
66 92 0
67 92 0
68 92 0
69 92 0
70 92 0
71 92 0
72 92 0
73 92 0
54 93 0
55 93 0
56 93 0
57 93 0
58 93 0
59 93 0
60 93 0
61 93 0
62 93 0
63 93 0
64 93 0
65 93 0
66 93 0
67 93 0
68 93 0
69 93 0
70 93 0
71 93 0
72 93 0
73 93 0
101 93 0
54 94 0
56 94 0
57 94 0
58 94 0
59 94 0
60 94 0
61 94 0
62 94 0
63 94 0
64 94 0
65 94 0
66 94 0
67 94 0
68 94 0
69 94 0
70 94 0
71 94 0
72 94 0
73 94 0
85 94 0
55 95 0
56 95 0
57 95 0
58 95 0
59 95 0
60 95 0
61 95 0
62 95 0
63 95 0
64 95 0
65 95 0
66 95 0
67 95 0
68 95 0
69 95 0
70 95 0
71 95 0
72 95 0
73 95 0
126 95 0
55 96 0
56 96 0
57 96 0
58 96 0
59 96 0
60 96 0
61 96 0
62 96 0
63 96 0
66 96 0
67 96 0
68 96 0
69 96 0
70 96 0
71 96 0
72 96 0
73 96 0
74 96 0
99 96 0
54 97 0
59 97 0
60 97 0
61 97 0
62 97 0
70 97 0
71 97 0
73 97 0
72 98 0
73 98 0
136 98 0
59 99 0
110 101 0
95 1 1
97 1 1
98 1 1
99 1 1
110 1 1
111 1 1
112 1 1
142 1 1
143 1 1
144 1 1
145 1 1
146 1 1
147 1 1
148 1 1
149 1 1
150 1 1
151 1 1
152 1 1
153 1 1
154 1 1
96 2 1
107 2 1
111 2 1
113 2 1
143 2 1
145 2 1
146 2 1
147 2 1
148 2 1
149 2 1
150 2 1
151 2 1
152 2 1
153 2 1
155 2 1
176 2 1
98 3 1
112 3 1
113 3 1
114 3 1
145 3 1
146 3 1
147 3 1
148 3 1
149 3 1
150 3 1
151 3 1
152 3 1
153 3 1
96 4 1
97 4 1
98 4 1
111 4 1
112 4 1
113 4 1
145 4 1
146 4 1
147 4 1
148 4 1
149 4 1
150 4 1
151 4 1
152 4 1
153 4 1
156 4 1
167 4 1
94 5 1
96 5 1
97 5 1
101 5 1
112 5 1
113 5 1
147 5 1
148 5 1
149 5 1
150 5 1
151 5 1
152 5 1
153 5 1
154 5 1
155 5 1
162 5 1
163 5 1
164 5 1
165 5 1
166 5 1
167 5 1
181 5 1
95 6 1
96 6 1
97 6 1
98 6 1
99 6 1
147 6 1
148 6 1
149 6 1
150 6 1
151 6 1
153 6 1
163 6 1
164 6 1
165 6 1
166 6 1
167 6 1
79 7 1
80 7 1
82 7 1
95 7 1
96 7 1
113 7 1
148 7 1
149 7 1
150 7 1
151 7 1
160 7 1
161 7 1
162 7 1
163 7 1
165 7 1
166 7 1
167 7 1
79 8 1
80 8 1
81 8 1
82 8 1
95 8 1
114 8 1
116 8 1
149 8 1
150 8 1
160 8 1
161 8 1
162 8 1
165 8 1
166 8 1
167 8 1
91 9 1
97 9 1
106 9 1
109 9 1
110 9 1
115 9 1
116 9 1
117 9 1
161 9 1
166 9 1
181 9 1
95 10 1
100 10 1
102 10 1
106 10 1
107 10 1
108 10 1
109 10 1
111 10 1
112 10 1
115 10 1
116 10 1
117 10 1
121 10 1
161 10 1
165 10 1
166 10 1
167 10 1
91 11 1
93 11 1
95 11 1
100 11 1
101 11 1
107 11 1
108 11 1
109 11 1
110 11 1
115 11 1
117 11 1
119 11 1
120 11 1
121 11 1
122 11 1
123 11 1
140 11 1
141 11 1
160 11 1
165 11 1
166 11 1
179 11 1
91 12 1
92 12 1
93 12 1
97 12 1
99 12 1
101 12 1
102 12 1
104 12 1
105 12 1
106 12 1
107 12 1
108 12 1
109 12 1
116 12 1
119 12 1
120 12 1
121 12 1
122 12 1
123 12 1
124 12 1
125 12 1
139 12 1
140 12 1
141 12 1
162 12 1
163 12 1
94 13 1
95 13 1
96 13 1
102 13 1
104 13 1
105 13 1
106 13 1
107 13 1
108 13 1
109 13 1
110 13 1
111 13 1
116 13 1
117 13 1
139 13 1
140 13 1
141 13 1
142 13 1
163 13 1
95 14 1
101 14 1
102 14 1
103 14 1
104 14 1
105 14 1
107 14 1
109 14 1
110 14 1
115 14 1
116 14 1
117 14 1
149 14 1
156 14 1
94 15 1
97 15 1
98 15 1
99 15 1
100 15 1
101 15 1
107 15 1
109 15 1
111 15 1
112 15 1
115 15 1
116 15 1
117 15 1
118 15 1
119 15 1
142 15 1
153 15 1
158 15 1
95 16 1
96 16 1
97 16 1
98 16 1
102 16 1
103 16 1
104 16 1
106 16 1
107 16 1
108 16 1
109 16 1
110 16 1
111 16 1
114 16 1
115 16 1
117 16 1
118 16 1
121 16 1
133 16 1
141 16 1
143 16 1
147 16 1
149 16 1
158 16 1
159 16 1
94 17 1
95 17 1
96 17 1
97 17 1
98 17 1
99 17 1
101 17 1
102 17 1
103 17 1
104 17 1
105 17 1
107 17 1
108 17 1
109 17 1
110 17 1
115 17 1
116 17 1
117 17 1
118 17 1
122 17 1
126 17 1
142 17 1
145 17 1
158 17 1
159 17 1
93 18 1
94 18 1
95 18 1
96 18 1
97 18 1
98 18 1
105 18 1
106 18 1
107 18 1
108 18 1
109 18 1
110 18 1
111 18 1
116 18 1
126 18 1
127 18 1
134 18 1
142 18 1
145 18 1
146 18 1
147 18 1
148 18 1
158 18 1
159 18 1
94 19 1
95 19 1
96 19 1
104 19 1
105 19 1
106 19 1
107 19 1
108 19 1
109 19 1
115 19 1
117 19 1
120 19 1
121 19 1
125 19 1
130 19 1
141 19 1
145 19 1
146 19 1
157 19 1
158 19 1
93 20 1
94 20 1
95 20 1
96 20 1
97 20 1
100 20 1
101 20 1
102 20 1
103 20 1
105 20 1
106 20 1
108 20 1
109 20 1
113 20 1
114 20 1
116 20 1
119 20 1
120 20 1
121 20 1
123 20 1
124 20 1
125 20 1
126 20 1
128 20 1
130 20 1
135 20 1
139 20 1
141 20 1
143 20 1
145 20 1
157 20 1
158 20 1
159 20 1
160 20 1
93 21 1
94 21 1
95 21 1
96 21 1
98 21 1
102 21 1
108 21 1
109 21 1
113 21 1
123 21 1
124 21 1
125 21 1
126 21 1
128 21 1
129 21 1
130 21 1
131 21 1
135 21 1
136 21 1
157 21 1
158 21 1
93 22 1
94 22 1
95 22 1
96 22 1
97 22 1
102 22 1
103 22 1
105 22 1
106 22 1
118 22 1
119 22 1
120 22 1
121 22 1
123 22 1
124 22 1
125 22 1
126 22 1
129 22 1
130 22 1
139 22 1
140 22 1
141 22 1
142 22 1
143 22 1
150 22 1
156 22 1
157 22 1
158 22 1
93 23 1
94 23 1
95 23 1
99 23 1
106 23 1
107 23 1
108 23 1
109 23 1
113 23 1
114 23 1
118 23 1
119 23 1
120 23 1
121 23 1
123 23 1
125 23 1
133 23 1
134 23 1
136 23 1
138 23 1
139 23 1
142 23 1
144 23 1
145 23 1
147 23 1
149 23 1
150 23 1
151 23 1
153 23 1
154 23 1
156 23 1
157 23 1
158 23 1
92 24 1
93 24 1
94 24 1
95 24 1
96 24 1
98 24 1
99 24 1
109 24 1
118 24 1
119 24 1
121 24 1
122 24 1
123 24 1
124 24 1
127 24 1
128 24 1
129 24 1
130 24 1
131 24 1
133 24 1
134 24 1
137 24 1
138 24 1
139 24 1
143 24 1
144 24 1
145 24 1
157 24 1
92 25 1
93 25 1
94 25 1
95 25 1
96 25 1
97 25 1
98 25 1
99 25 1
109 25 1
112 25 1
114 25 1
115 25 1
116 25 1
117 25 1
118 25 1
119 25 1
121 25 1
123 25 1
124 25 1
128 25 1
92 26 1
93 26 1
94 26 1
95 26 1
100 26 1
103 26 1
110 26 1
112 26 1
113 26 1
114 26 1
115 26 1
116 26 1
117 26 1
118 26 1
92 27 1
93 27 1
94 27 1
99 27 1
109 27 1
115 27 1
116 27 1
117 27 1
118 27 1
92 28 1
93 28 1
94 28 1
95 28 1
96 28 1
97 28 1
100 28 1
102 28 1
103 28 1
114 28 1
115 28 1
116 28 1
117 28 1
91 29 1
92 29 1
93 29 1
94 29 1
111 29 1
112 29 1
113 29 1
114 29 1
115 29 1
92 30 1
93 30 1
94 30 1
110 30 1
112 30 1
113 30 1
114 30 1
115 30 1
116 30 1
117 30 1
89 31 1
90 31 1
91 31 1
92 31 1
93 31 1
94 31 1
112 31 1
113 31 1
114 31 1
115 31 1
117 31 1
89 32 1
90 32 1
91 32 1
92 32 1
94 32 1
95 32 1
96 32 1
99 32 1
108 32 1
113 32 1
114 32 1
115 32 1
116 32 1
88 33 1
89 33 1
90 33 1
91 33 1
95 33 1
96 33 1
97 33 1
98 33 1
113 33 1
114 33 1
115 33 1
116 33 1
88 34 1
89 34 1
90 34 1
91 34 1
92 34 1
93 34 1
94 34 1
95 34 1
96 34 1
97 34 1
98 34 1
107 34 1
112 34 1
114 34 1
115 34 1
119 34 1
120 34 1
78 35 1
88 35 1
89 35 1
90 35 1
91 35 1
92 35 1
93 35 1
94 35 1
98 35 1
105 35 1
111 35 1
112 35 1
88 36 1
89 36 1
90 36 1
91 36 1
92 36 1
93 36 1
94 36 1
95 36 1
98 36 1
100 36 1
101 36 1
115 36 1
88 37 1
89 37 1
90 37 1
91 37 1
92 37 1
93 37 1
97 37 1
98 37 1
99 37 1
100 37 1
101 37 1
108 37 1
110 37 1
112 37 1
113 37 1
119 37 1
88 38 1
89 38 1
90 38 1
91 38 1
92 38 1
93 38 1
94 38 1
95 38 1
96 38 1
97 38 1
98 38 1
99 38 1
100 38 1
101 38 1
102 38 1
103 38 1
110 38 1
111 38 1
112 38 1
113 38 1
115 38 1
116 38 1
118 38 1
88 39 1
89 39 1
90 39 1
91 39 1
92 39 1
93 39 1
94 39 1
95 39 1
96 39 1
97 39 1
100 39 1
101 39 1
102 39 1
111 39 1
112 39 1
113 39 1
114 39 1
115 39 1
116 39 1
117 39 1
118 39 1
119 39 1
89 40 1
90 40 1
91 40 1
92 40 1
93 40 1
96 40 1
97 40 1
99 40 1
100 40 1
101 40 1
102 40 1
103 40 1
111 40 1
112 40 1
113 40 1
114 40 1
115 40 1
116 40 1
117 40 1
118 40 1
119 40 1
89 41 1
90 41 1
91 41 1
97 41 1
99 41 1
100 41 1
101 41 1
102 41 1
103 41 1
113 41 1
114 41 1
115 41 1
116 41 1
117 41 1
118 41 1
89 42 1
90 42 1
91 42 1
94 42 1
99 42 1
100 42 1
104 42 1
105 42 1
112 42 1
113 42 1
114 42 1
115 42 1
116 42 1
97 43 1
98 43 1
100 43 1
102 43 1
103 43 1
108 43 1
112 43 1
113 43 1
114 43 1
115 43 1
116 43 1
117 43 1
91 44 1
92 44 1
93 44 1
104 44 1
105 44 1
106 44 1
110 44 1
111 44 1
112 44 1
115 44 1
116 44 1
93 45 1
94 45 1
106 45 1
110 45 1
111 45 1
112 45 1
113 45 1
114 45 1
69 46 1
70 46 1
72 46 1
73 46 1
101 46 1
109 46 1
111 46 1
112 46 1
113 46 1
114 46 1
115 46 1
69 47 1
72 47 1
73 47 1
76 47 1
92 47 1
93 47 1
96 47 1
97 47 1
107 47 1
111 47 1
112 47 1
113 47 1
114 47 1
115 47 1
72 48 1
73 48 1
98 48 1
105 48 1
112 48 1
113 48 1
115 48 1
72 49 1
73 49 1
94 49 1
103 49 1
108 49 1
109 49 1
113 49 1
114 49 1
115 49 1
71 50 1
72 50 1
73 50 1
87 50 1
89 50 1
90 50 1
98 50 1
99 50 1
101 50 1
113 50 1
114 50 1
115 50 1
71 51 1
90 51 1
96 51 1
97 51 1
101 51 1
102 51 1
104 51 1
105 51 1
106 51 1
108 51 1
114 51 1
115 51 1
116 51 1
85 52 1
89 52 1
90 52 1
95 52 1
100 52 1
101 52 1
102 52 1
104 52 1
105 52 1
106 52 1
114 52 1
115 52 1
90 53 1
102 53 1
103 53 1
107 53 1
108 53 1
109 53 1
114 53 1
115 53 1
105 54 1
114 54 1
115 54 1
114 55 1
115 55 1
105 56 1
113 56 1
114 56 1
115 56 1
116 56 1
128 56 1
89 57 1
104 57 1
109 57 1
113 57 1
114 57 1
115 57 1
116 57 1
117 57 1
128 57 1
129 57 1
130 57 1
90 58 1
111 58 1
114 58 1
115 58 1
116 58 1
117 58 1
118 58 1
89 59 1
104 59 1
109 59 1
110 59 1
111 59 1
112 59 1
113 59 1
114 59 1
115 59 1
116 59 1
117 59 1
118 59 1
119 59 1
135 59 1
89 60 1
91 60 1
104 60 1
109 60 1
110 60 1
111 60 1
112 60 1
113 60 1
114 60 1
115 60 1
116 60 1
117 60 1
118 60 1
119 60 1
90 61 1
93 61 1
95 61 1
112 61 1
113 61 1
114 61 1
115 61 1
116 61 1
117 61 1
118 61 1
119 61 1
134 61 1
89 62 1
94 62 1
111 62 1
112 62 1
113 62 1
114 62 1
115 62 1
116 62 1
117 62 1
94 63 1
111 63 1
112 63 1
114 63 1
115 63 1
116 63 1
117 63 1
131 63 1
132 63 1
133 63 1
153 63 1
154 63 1
158 63 1
173 63 1
109 64 1
113 64 1
114 64 1
115 64 1
116 64 1
117 64 1
154 64 1
158 64 1
100 65 1
106 65 1
110 65 1
113 65 1
114 65 1
115 65 1
116 65 1
134 65 1
158 65 1
90 66 1
92 66 1
103 66 1
113 66 1
114 66 1
115 66 1
116 66 1
157 66 1
95 67 1
100 67 1
114 67 1
115 67 1
156 67 1
157 67 1
94 68 1
95 68 1
113 68 1
114 68 1
115 68 1
116 68 1
117 68 1
100 69 1
114 69 1
115 69 1
116 69 1
117 69 1
102 70 1
103 70 1
114 70 1
115 70 1
116 70 1
105 71 1
114 71 1
115 71 1
117 71 1
107 72 1
111 72 1
113 72 1
114 72 1
115 72 1
116 72 1
109 73 1
110 73 1
111 73 1
113 73 1
115 73 1
116 73 1
113 74 1
114 74 1
115 74 1
116 74 1
113 75 1
114 75 1
115 75 1
116 75 1
113 76 1
115 76 1
116 76 1
114 77 1
115 77 1
113 78 1
114 78 1
115 78 1
117 78 1
113 79 1
114 79 1
116 79 1
117 79 1
118 79 1
181 79 1
114 80 1
117 80 1
118 80 1
183 100 1
25 81 2
24 82 2
25 82 2
41 82 2
24 83 2
40 83 2
41 83 2
42 83 2
40 84 2
41 84 2
40 85 2
41 85 2
41 86 2
10 98 2
7 100 2
11 100 2
6 101 2
7 101 2
83 115 2
85 115 2
83 116 2
83 117 2
84 117 2
85 117 2
88 117 2
89 117 2
90 117 2
91 117 2
92 117 2
82 118 2
83 118 2
84 118 2
85 118 2
86 118 2
87 118 2
88 118 2
89 118 2
90 118 2
92 118 2
93 118 2
82 119 2
83 119 2
84 119 2
85 119 2
86 119 2
87 119 2
89 119 2
90 119 2
91 119 2
92 119 2
83 120 2
84 120 2
85 120 2
86 120 2
87 120 2
88 120 2
89 120 2
91 120 2
92 120 2
85 121 2
86 121 2
87 121 2
88 121 2
89 121 2
90 121 2
91 121 2
92 121 2
86 122 2
87 122 2
88 122 2
89 122 2
90 122 2
91 122 2
92 122 2
84 123 2
85 123 2
86 123 2
87 123 2
88 123 2
89 123 2
90 123 2
91 123 2
86 124 2
87 124 2
88 124 2
89 124 2
90 124 2
91 124 2
93 124 2
86 125 2
87 125 2
88 125 2
98 129 2
98 130 2
172 131 2
173 131 2
174 131 2
175 131 2
175 132 2
100 133 2
101 133 2
181 133 2
83 134 2
95 134 2
183 135 2
99 137 2
86 138 2
97 138 2
102 138 2
84 139 2
85 139 2
87 139 2
83 140 2
84 140 2
85 140 2
89 140 2
90 140 2
83 141 2
90 141 2
104 141 2
80 142 2
81 142 2
82 142 2
90 142 2
91 142 2
92 142 2
96 142 2
81 143 2
91 143 2
103 143 2
80 144 2
92 144 2
93 144 2
92 145 2
93 145 2
94 145 2
95 145 2
107 145 2
81 146 2
95 146 2
106 146 2
107 146 2
72 147 2
73 147 2
84 147 2
85 147 2
95 147 2
96 147 2
104 147 2
105 147 2
106 147 2
111 147 2
175 147 2
179 147 2
180 147 2
181 147 2
182 147 2
183 147 2
184 147 2
185 147 2
72 148 2
96 148 2
98 148 2
103 148 2
104 148 2
105 148 2
110 148 2
111 148 2
112 148 2
113 148 2
178 148 2
179 148 2
180 148 2
181 148 2
182 148 2
183 148 2
184 148 2
185 148 2
186 148 2
187 148 2
75 149 2
76 149 2
87 149 2
88 149 2
95 149 2
96 149 2
104 149 2
105 149 2
106 149 2
107 149 2
108 149 2
109 149 2
110 149 2
111 149 2
112 149 2
176 149 2
177 149 2
178 149 2
179 149 2
180 149 2
181 149 2
182 149 2
183 149 2
184 149 2
185 149 2
186 149 2
187 149 2
70 150 2
73 150 2
74 150 2
75 150 2
76 150 2
95 150 2
104 150 2
105 150 2
106 150 2
107 150 2
108 150 2
109 150 2
110 150 2
111 150 2
112 150 2
113 150 2
175 150 2
176 150 2
177 150 2
178 150 2
179 150 2
180 150 2
181 150 2
182 150 2
183 150 2
184 150 2
70 151 2
71 151 2
72 151 2
73 151 2
74 151 2
90 151 2
91 151 2
106 151 2
107 151 2
108 151 2
109 151 2
110 151 2
111 151 2
112 151 2
113 151 2
114 151 2
115 151 2
116 151 2
118 151 2
127 151 2
128 151 2
132 151 2
133 151 2
134 151 2
147 151 2
148 151 2
161 151 2
173 151 2
174 151 2
175 151 2
176 151 2
182 151 2
183 151 2
184 151 2
70 152 2
71 152 2
72 152 2
73 152 2
74 152 2
107 152 2
108 152 2
109 152 2
110 152 2
112 152 2
113 152 2
114 152 2
127 152 2
128 152 2
129 152 2
131 152 2
132 152 2
133 152 2
140 152 2
141 152 2
142 152 2
143 152 2
145 152 2
146 152 2
147 152 2
148 152 2
153 152 2
154 152 2
155 152 2
156 152 2
157 152 2
158 152 2
159 152 2
160 152 2
161 152 2
162 152 2
169 152 2
170 152 2
171 152 2
172 152 2
173 152 2
183 152 2
184 152 2
71 153 2
72 153 2
73 153 2
105 153 2
106 153 2
108 153 2
109 153 2
110 153 2
111 153 2
113 153 2
114 153 2
118 153 2
121 153 2
127 153 2
141 153 2
142 153 2
155 153 2
170 153 2
171 153 2
73 154 2
105 154 2
106 154 2
107 154 2
113 154 2
114 154 2
120 154 2
121 154 2
122 154 2
127 154 2
128 154 2
130 154 2
135 154 2
136 154 2
143 154 2
145 154 2
149 154 2
150 154 2
104 155 2
115 155 2
116 155 2
119 155 2
120 155 2
121 155 2
122 155 2
127 155 2
128 155 2
129 155 2
134 155 2
135 155 2
136 155 2
137 155 2
143 155 2
147 155 2
149 155 2
150 155 2
157 155 2
159 155 2
160 155 2
161 155 2
162 155 2
73 156 2
76 156 2
77 156 2
115 156 2
118 156 2
119 156 2
120 156 2
121 156 2
122 156 2
129 156 2
130 156 2
131 156 2
132 156 2
133 156 2
134 156 2
135 156 2
136 156 2
143 156 2
144 156 2
145 156 2
146 156 2
147 156 2
148 156 2
149 156 2
150 156 2
157 156 2
159 156 2
160 156 2
161 156 2
75 157 2
76 157 2
77 157 2
120 157 2
130 157 2
131 157 2
134 157 2
135 157 2
145 157 2
146 157 2
70 158 2
73 158 2
75 158 2
76 158 2
77 158 2
69 159 2
70 159 2
71 159 2
72 159 2
73 159 2
75 159 2
79 159 2
71 160 2
72 160 2
73 160 2
74 160 2
71 161 2
72 161 2
73 161 2
74 161 2
72 162 2
69 165 2
71 165 2
72 165 2
75 165 2
76 165 2
68 166 2
69 166 2
70 166 2
71 166 2
75 166 2
76 166 2
77 166 2
68 167 2
69 167 2
70 167 2
72 167 2
73 167 2
74 167 2
75 167 2
77 167 2
79 167 2
68 168 2
69 168 2
70 168 2
71 168 2
72 168 2
73 168 2
74 168 2
78 168 2
79 168 2
80 168 2
70 169 2
71 169 2
72 169 2
73 169 2
77 169 2
78 169 2
79 169 2
80 169 2
72 170 2
73 170 2
79 170 2
76 173 2
68 174 2
76 174 2
68 175 2
69 175 2
70 175 2
75 175 2
76 175 2
68 176 2
69 176 2
74 176 2
75 176 2
76 176 2
79 176 2
