92 1 0
93 1 0
94 1 0
95 1 0
98 1 0
107 1 0
108 1 0
109 1 0
179 1 0
65 2 0
93 2 0
94 2 0
107 2 0
109 2 0
110 2 0
174 2 0
92 3 0
94 3 0
107 3 0
110 3 0
93 4 0
94 4 0
109 4 0
110 4 0
111 4 0
164 4 0
93 5 0
94 5 0
98 5 0
109 5 0
110 5 0
160 5 0
161 5 0
162 5 0
163 5 0
164 5 0
92 6 0
93 6 0
94 6 0
98 6 0
109 6 0
159 6 0
160 6 0
161 6 0
162 6 0
163 6 0
164 6 0
76 7 0
77 7 0
92 7 0
93 7 0
94 7 0
110 7 0
111 7 0
158 7 0
159 7 0
163 7 0
76 8 0
77 8 0
78 8 0
79 8 0
92 8 0
93 8 0
111 8 0
112 8 0
158 8 0
162 8 0
163 8 0
164 8 0
89 9 0
93 9 0
107 9 0
108 9 0
112 9 0
113 9 0
132 9 0
158 9 0
163 9 0
164 9 0
178 9 0
92 10 0
93 10 0
98 10 0
99 10 0
102 10 0
106 10 0
107 10 0
108 10 0
109 10 0
112 10 0
113 10 0
158 10 0
162 10 0
163 10 0
164 10 0
89 11 0
94 11 0
99 11 0
105 11 0
106 11 0
108 11 0
109 11 0
110 11 0
111 11 0
112 11 0
113 11 0
117 11 0
118 11 0
120 11 0
121 11 0
122 11 0
137 11 0
156 11 0
162 11 0
163 11 0
88 12 0
89 12 0
90 12 0
91 12 0
95 12 0
98 12 0
100 12 0
101 12 0
102 12 0
103 12 0
104 12 0
105 12 0
107 12 0
108 12 0
109 12 0
113 12 0
116 12 0
117 12 0
118 12 0
119 12 0
120 12 0
121 12 0
122 12 0
136 12 0
137 12 0
138 12 0
139 12 0
159 12 0
160 12 0
92 13 0
93 13 0
98 13 0
99 13 0
100 13 0
101 13 0
102 13 0
104 13 0
105 13 0
106 13 0
107 13 0
108 13 0
109 13 0
110 13 0
114 13 0
121 13 0
136 13 0
138 13 0
139 13 0
160 13 0
161 13 0
177 13 0
92 14 0
99 14 0
100 14 0
101 14 0
102 14 0
103 14 0
104 14 0
105 14 0
106 14 0
113 14 0
114 14 0
115 14 0
154 14 0
160 14 0
92 15 0
93 15 0
95 15 0
96 15 0
97 15 0
98 15 0
99 15 0
103 15 0
104 15 0
105 15 0
106 15 0
107 15 0
108 15 0
109 15 0
111 15 0
113 15 0
114 15 0
115 15 0
134 15 0
135 15 0
140 15 0
147 15 0
151 15 0
177 15 0
92 16 0
94 16 0
95 16 0
96 16 0
97 16 0
101 16 0
102 16 0
103 16 0
104 16 0
105 16 0
106 16 0
107 16 0
108 16 0
111 16 0
112 16 0
113 16 0
114 16 0
115 16 0
132 16 0
135 16 0
136 16 0
139 16 0
145 16 0
155 16 0
156 16 0
91 17 0
92 17 0
94 17 0
95 17 0
96 17 0
97 17 0
99 17 0
100 17 0
101 17 0
102 17 0
103 17 0
104 17 0
105 17 0
106 17 0
107 17 0
113 17 0
114 17 0
115 17 0
124 17 0
128 17 0
133 17 0
139 17 0
143 17 0
155 17 0
156 17 0
3 18 0
33 18 0
91 18 0
92 18 0
93 18 0
96 18 0
100 18 0
101 18 0
103 18 0
104 18 0
105 18 0
106 18 0
107 18 0
113 18 0
114 18 0
123 18 0
139 18 0
142 18 0
143 18 0
144 18 0
155 18 0
156 18 0
92 19 0
103 19 0
104 19 0
105 19 0
106 19 0
112 19 0
113 19 0
118 19 0
122 19 0
126 19 0
127 19 0
128 19 0
132 19 0
137 19 0
138 19 0
139 19 0
142 19 0
143 19 0
150 19 0
154 19 0
155 19 0
156 19 0
91 20 0
92 20 0
93 20 0
94 20 0
95 20 0
96 20 0
99 20 0
100 20 0
102 20 0
103 20 0
104 20 0
105 20 0
106 20 0
111 20 0
112 20 0
113 20 0
116 20 0
117 20 0
118 20 0
121 20 0
122 20 0
123 20 0
127 20 0
132 20 0
133 20 0
136 20 0
137 20 0
138 20 0
141 20 0
142 20 0
150 20 0
154 20 0
155 20 0
156 20 0
91 21 0
92 21 0
93 21 0
94 21 0
98 21 0
102 21 0
103 21 0
104 21 0
105 21 0
110 21 0
117 21 0
118 21 0
121 21 0
122 21 0
123 21 0
125 21 0
126 21 0
127 21 0
131 21 0
133 21 0
137 21 0
138 21 0
154 21 0
155 21 0
28 22 0
91 22 0
92 22 0
93 22 0
94 22 0
96 22 0
97 22 0
99 22 0
102 22 0
103 22 0
116 22 0
117 22 0
118 22 0
121 22 0
122 22 0
123 22 0
125 22 0
126 22 0
128 22 0
131 22 0
133 22 0
136 22 0
137 22 0
138 22 0
139 22 0
142 22 0
143 22 0
154 22 0
155 22 0
27 23 0
28 23 0
90 23 0
91 23 0
92 23 0
99 23 0
100 23 0
105 23 0
106 23 0
107 23 0
109 23 0
111 23 0
116 23 0
117 23 0
118 23 0
121 23 0
122 23 0
126 23 0
127 23 0
131 23 0
132 23 0
133 23 0
136 23 0
137 23 0
138 23 0
139 23 0
141 23 0
142 23 0
143 23 0
147 23 0
148 23 0
149 23 0
151 23 0
152 23 0
153 23 0
154 23 0
155 23 0
27 24 0
90 24 0
91 24 0
92 24 0
93 24 0
94 24 0
95 24 0
97 24 0
103 24 0
106 24 0
107 24 0
116 24 0
117 24 0
118 24 0
120 24 0
121 24 0
122 24 0
125 24 0
126 24 0
127 24 0
128 24 0
129 24 0
130 24 0
131 24 0
132 24 0
134 24 0
135 24 0
136 24 0
139 24 0
140 24 0
141 24 0
142 24 0
148 24 0
153 24 0
154 24 0
27 25 0
90 25 0
91 25 0
92 25 0
95 25 0
96 25 0
101 25 0
102 25 0
105 25 0
106 25 0
107 25 0
108 25 0
109 25 0
110 25 0
113 25 0
114 25 0
115 25 0
116 25 0
119 25 0
120 25 0
121 25 0
125 25 0
90 26 0
91 26 0
92 26 0
100 26 0
103 26 0
106 26 0
107 26 0
108 26 0
109 26 0
110 26 0
112 26 0
113 26 0
114 26 0
115 26 0
90 27 0
91 27 0
94 27 0
99 27 0
100 27 0
101 27 0
102 27 0
113 27 0
114 27 0
154 27 0
90 28 0
91 28 0
94 28 0
97 28 0
99 28 0
100 28 0
102 28 0
110 28 0
111 28 0
112 28 0
113 28 0
114 28 0
90 29 0
91 29 0
109 29 0
110 29 0
111 29 0
112 29 0
113 29 0
114 29 0
89 30 0
90 30 0
91 30 0
92 30 0
108 30 0
109 30 0
110 30 0
112 30 0
113 30 0
114 30 0
86 31 0
87 31 0
89 31 0
90 31 0
91 31 0
92 31 0
93 31 0
95 31 0
105 31 0
110 31 0
111 31 0
112 31 0
113 31 0
114 31 0
181 31 0
86 32 0
87 32 0
88 32 0
89 32 0
90 32 0
91 32 0
92 32 0
93 32 0
94 32 0
106 32 0
107 32 0
112 32 0
113 32 0
114 32 0
86 33 0
87 33 0
88 33 0
93 33 0
94 33 0
95 33 0
96 33 0
104 33 0
105 33 0
111 33 0
112 33 0
113 33 0
114 33 0
86 34 0
87 34 0
88 34 0
89 34 0
90 34 0
91 34 0
93 34 0
94 34 0
95 34 0
96 34 0
97 34 0
98 34 0
104 34 0
105 34 0
106 34 0
111 34 0
112 34 0
116 34 0
117 34 0
86 35 0
87 35 0
88 35 0
89 35 0
90 35 0
91 35 0
95 35 0
106 35 0
107 35 0
109 35 0
112 35 0
113 35 0
116 35 0
117 35 0
86 36 0
87 36 0
88 36 0
89 36 0
90 36 0
91 36 0
93 36 0
95 36 0
96 36 0
97 36 0
98 36 0
107 36 0
108 36 0
111 36 0
112 36 0
116 36 0
117 36 0
86 37 0
87 37 0
88 37 0
89 37 0
90 37 0
93 37 0
95 37 0
96 37 0
97 37 0
98 37 0
109 37 0
110 37 0
111 37 0
112 37 0
116 37 0
86 38 0
87 38 0
88 38 0
89 38 0
90 38 0
92 38 0
93 38 0
94 38 0
95 38 0
96 38 0
97 38 0
98 38 0
99 38 0
100 38 0
101 38 0
102 38 0
108 38 0
109 38 0
110 38 0
111 38 0
112 38 0
113 38 0
116 38 0
86 39 0
87 39 0
88 39 0
89 39 0
93 39 0
94 39 0
95 39 0
97 39 0
98 39 0
101 39 0
102 39 0
109 39 0
110 39 0
111 39 0
112 39 0
113 39 0
114 39 0
115 39 0
116 39 0
86 40 0
87 40 0
88 40 0
89 40 0
90 40 0
92 40 0
93 40 0
94 40 0
96 40 0
97 40 0
98 40 0
99 40 0
100 40 0
101 40 0
102 40 0
103 40 0
110 40 0
111 40 0
112 40 0
113 40 0
114 40 0
115 40 0
116 40 0
86 41 0
87 41 0
88 41 0
89 41 0
97 41 0
98 41 0
99 41 0
100 41 0
101 41 0
102 41 0
103 41 0
110 41 0
111 41 0
112 41 0
113 41 0
114 41 0
115 41 0
116 41 0
83 42 0
86 42 0
87 42 0
88 42 0
95 42 0
96 42 0
97 42 0
98 42 0
99 42 0
100 42 0
101 42 0
110 42 0
111 42 0
112 42 0
113 42 0
83 43 0
84 43 0
94 43 0
96 43 0
98 43 0
99 43 0
100 43 0
101 43 0
102 43 0
107 43 0
108 43 0
110 43 0
111 43 0
112 43 0
113 43 0
114 43 0
90 44 0
93 44 0
101 44 0
102 44 0
103 44 0
105 44 0
106 44 0
109 44 0
110 44 0
111 44 0
112 44 0
113 44 0
37 45 0
92 45 0
105 45 0
106 45 0
107 45 0
108 45 0
109 45 0
110 45 0
111 45 0
112 45 0
113 45 0
66 46 0
69 46 0
70 46 0
74 46 0
98 46 0
107 46 0
108 46 0
109 46 0
110 46 0
112 46 0
113 46 0
36 47 0
37 47 0
41 47 0
42 47 0
47 47 0
66 47 0
69 47 0
70 47 0
92 47 0
93 47 0
94 47 0
109 47 0
110 47 0
111 47 0
112 47 0
113 47 0
42 48 0
65 48 0
66 48 0
70 48 0
73 48 0
94 48 0
105 48 0
106 48 0
109 48 0
110 48 0
111 48 0
112 48 0
66 49 0
69 49 0
70 49 0
74 49 0
109 49 0
110 49 0
111 49 0
112 49 0
66 50 0
67 50 0
69 50 0
70 50 0
71 50 0
86 50 0
96 50 0
110 50 0
111 50 0
112 50 0
113 50 0
69 51 0
87 51 0
99 51 0
101 51 0
102 51 0
103 51 0
109 51 0
111 51 0
112 51 0
113 51 0
50 52 0
86 52 0
87 52 0
91 52 0
97 52 0
98 52 0
99 52 0
100 52 0
102 52 0
103 52 0
104 52 0
105 52 0
111 52 0
112 52 0
86 53 0
87 53 0
111 53 0
112 53 0
172 53 0
20 54 0
48 54 0
53 54 0
86 54 0
106 54 0
111 54 0
112 54 0
38 55 0
86 55 0
110 55 0
111 55 0
112 55 0
26 56 0
38 56 0
41 56 0
94 56 0
101 56 0
110 56 0
111 56 0
112 56 0
117 56 0
40 57 0
41 57 0
42 57 0
62 57 0
86 57 0
87 57 0
91 57 0
101 57 0
103 57 0
109 57 0
110 57 0
111 57 0
112 57 0
113 57 0
114 57 0
115 57 0
127 57 0
129 57 0
63 58 0
64 58 0
105 58 0
106 58 0
109 58 0
110 58 0
111 58 0
112 58 0
113 58 0
114 58 0
115 58 0
116 58 0
70 59 0
86 59 0
104 59 0
106 59 0
107 59 0
108 59 0
110 59 0
111 59 0
112 59 0
113 59 0
114 59 0
115 59 0
116 59 0
59 60 0
60 60 0
61 60 0
85 60 0
87 60 0
102 60 0
105 60 0
106 60 0
108 60 0
109 60 0
110 60 0
111 60 0
112 60 0
113 60 0
114 60 0
115 60 0
116 60 0
72 61 0
86 61 0
87 61 0
92 61 0
109 61 0
110 61 0
111 61 0
112 61 0
113 61 0
114 61 0
115 61 0
116 61 0
63 62 0
71 62 0
85 62 0
86 62 0
91 62 0
108 62 0
109 62 0
110 62 0
111 62 0
112 62 0
113 62 0
114 62 0
115 62 0
151 62 0
59 63 0
63 63 0
64 63 0
65 63 0
67 63 0
71 63 0
72 63 0
76 63 0
78 63 0
79 63 0
86 63 0
103 63 0
108 63 0
109 63 0
110 63 0
111 63 0
112 63 0
113 63 0
128 63 0
129 63 0
130 63 0
131 63 0
150 63 0
151 63 0
155 63 0
156 63 0
167 63 0
51 64 0
66 64 0
67 64 0
68 64 0
70 64 0
71 64 0
78 64 0
79 64 0
80 64 0
81 64 0
82 64 0
109 64 0
110 64 0
111 64 0
112 64 0
113 64 0
150 64 0
155 64 0
49 65 0
51 65 0
60 65 0
65 65 0
66 65 0
68 65 0
69 65 0
70 65 0
71 65 0
76 65 0
77 65 0
79 65 0
80 65 0
81 65 0
82 65 0
83 65 0
84 65 0
85 65 0
105 65 0
106 65 0
110 65 0
111 65 0
112 65 0
113 65 0
131 65 0
150 65 0
154 65 0
155 65 0
46 66 0
61 66 0
64 66 0
65 66 0
66 66 0
67 66 0
68 66 0
69 66 0
70 66 0
71 66 0
72 66 0
78 66 0
79 66 0
80 66 0
81 66 0
82 66 0
83 66 0
84 66 0
85 66 0
86 66 0
87 66 0
88 66 0
90 66 0
100 66 0
111 66 0
112 66 0
113 66 0
150 66 0
154 66 0
155 66 0
59 67 0
60 67 0
64 67 0
65 67 0
66 67 0
68 67 0
69 67 0
70 67 0
71 67 0
72 67 0
78 67 0
80 67 0
82 67 0
83 67 0
84 67 0
85 67 0
86 67 0
89 67 0
90 67 0
91 67 0
97 67 0
105 67 0
111 67 0
112 67 0
113 67 0
154 67 0
49 68 0
50 68 0
60 68 0
63 68 0
64 68 0
65 68 0
67 68 0
68 68 0
69 68 0
70 68 0
71 68 0
72 68 0
79 68 0
80 68 0
82 68 0
83 68 0
84 68 0
85 68 0
86 68 0
111 68 0
112 68 0
113 68 0
60 69 0
61 69 0
62 69 0
63 69 0
64 69 0
65 69 0
66 69 0
67 69 0
68 69 0
69 69 0
70 69 0
71 69 0
72 69 0
73 69 0
82 69 0
84 69 0
85 69 0
86 69 0
99 69 0
101 69 0
111 69 0
112 69 0
113 69 0
59 70 0
60 70 0
62 70 0
65 70 0
66 70 0
67 70 0
68 70 0
69 70 0
70 70 0
71 70 0
72 70 0
73 70 0
76 70 0
83 70 0
84 70 0
85 70 0
86 70 0
87 70 0
90 70 0
91 70 0
100 70 0
101 70 0
102 70 0
111 70 0
112 70 0
113 70 0
61 71 0
62 71 0
63 71 0
65 71 0
66 71 0
67 71 0
68 71 0
69 71 0
70 71 0
71 71 0
72 71 0
73 71 0
74 71 0
83 71 0
84 71 0
85 71 0
90 71 0
94 71 0
96 71 0
100 71 0
111 71 0
112 71 0
113 71 0
57 72 0
59 72 0
60 72 0
63 72 0
67 72 0
68 72 0
69 72 0
70 72 0
71 72 0
72 72 0
73 72 0
75 72 0
76 72 0
80 72 0
84 72 0
85 72 0
86 72 0
87 72 0
94 72 0
105 72 0
106 72 0
109 72 0
111 72 0
112 72 0
113 72 0
60 73 0
61 73 0
66 73 0
68 73 0
69 73 0
70 73 0
71 73 0
72 73 0
73 73 0
74 73 0
76 73 0
84 73 0
85 73 0
86 73 0
93 73 0
95 73 0
105 73 0
108 73 0
111 73 0
112 73 0
113 73 0
60 74 0
61 74 0
63 74 0
64 74 0
67 74 0
68 74 0
69 74 0
70 74 0
71 74 0
72 74 0
73 74 0
74 74 0
75 74 0
76 74 0
84 74 0
85 74 0
86 74 0
87 74 0
88 74 0
89 74 0
95 74 0
111 74 0
112 74 0
113 74 0
54 75 0
55 75 0
61 75 0
62 75 0
63 75 0
64 75 0
67 75 0
68 75 0
69 75 0
70 75 0
71 75 0
72 75 0
73 75 0
75 75 0
80 75 0
111 75 0
112 75 0
113 75 0
52 76 0
54 76 0
55 76 0
59 76 0
60 76 0
67 76 0
68 76 0
70 76 0
71 76 0
72 76 0
83 76 0
84 76 0
98 76 0
100 76 0
110 76 0
111 76 0
112 76 0
113 76 0
61 77 0
65 77 0
66 77 0
68 77 0
69 77 0
70 77 0
71 77 0
72 77 0
73 77 0
79 77 0
84 77 0
88 77 0
89 77 0
94 77 0
110 77 0
111 77 0
112 77 0
62 78 0
63 78 0
68 78 0
69 78 0
70 78 0
71 78 0
72 78 0
73 78 0
74 78 0
78 78 0
84 78 0
89 78 0
110 78 0
111 78 0
112 78 0
113 78 0
114 78 0
68 79 0
69 79 0
70 79 0
71 79 0
73 79 0
77 79 0
78 79 0
83 79 0
84 79 0
87 79 0
91 79 0
93 79 0
94 79 0
110 79 0
111 79 0
113 79 0
114 79 0
115 79 0
65 80 0
67 80 0
68 80 0
69 80 0
70 80 0
71 80 0
72 80 0
73 80 0
76 80 0
78 80 0
84 80 0
110 80 0
111 80 0
112 80 0
114 80 0
115 80 0
66 81 0
68 81 0
69 81 0
70 81 0
71 81 0
72 81 0
73 81 0
74 81 0
88 81 0
68 82 0
69 82 0
70 82 0
71 82 0
72 82 0
73 82 0
74 82 0
75 82 0
84 82 0
88 82 0
89 82 0
69 83 0
70 83 0
71 83 0
72 83 0
97 83 0
69 84 0
70 84 0
77 84 0
91 84 0
92 84 0
21 85 0
22 85 0
23 85 0
36 85 0
38 85 0
39 85 0
53 85 0
68 85 0
69 85 0
70 85 0
91 85 0
92 85 0
21 86 0
22 86 0
37 86 0
38 86 0
39 86 0
69 86 0
70 86 0
82 86 0
91 86 0
92 86 0
21 87 0
22 87 0
37 87 0
38 87 0
39 87 0
50 87 0
68 87 0
69 87 0
70 87 0
78 87 0
81 87 0
92 87 0
37 88 0
38 88 0
39 88 0
68 88 0
69 88 0
70 88 0
73 88 0
81 88 0
83 88 0
85 88 0
38 89 0
49 89 0
68 89 0
69 89 0
70 89 0
75 89 0
77 89 0
80 89 0
81 89 0
82 89 0
67 90 0
68 90 0
69 90 0
75 90 0
77 90 0
80 90 0
81 90 0
82 90 0
83 90 0
84 90 0
85 90 0
86 90 0
96 90 0
97 90 0
98 90 0
67 91 0
68 91 0
76 91 0
80 91 0
81 91 0
82 91 0
85 91 0
89 91 0
97 91 0
99 91 0
100 91 0
79 92 0
80 92 0
81 92 0
84 92 0
85 92 0
89 92 0
103 92 0
86 93 0
89 93 0
99 93 0
102 93 0
14 94 0
89 94 0
90 94 0
99 94 0
100 94 0
82 95 0
90 95 0
91 95 0
68 96 0
69 96 0
71 96 0
81 96 0
82 96 0
88 96 0
89 96 0
90 96 0
91 96 0
93 96 0
97 96 0
98 96 0
85 97 0
86 97 0
87 97 0
88 97 0
93 97 0
95 97 0
97 97 0
98 97 0
103 97 0
104 97 0
89 98 0
90 98 0
91 98 0
92 98 0
93 98 0
94 98 0
96 98 0
97 98 0
98 98 0
99 98 0
100 98 0
91 99 0
92 99 0
96 99 0
97 99 0
99 99 0
100 99 0
103 99 0
104 99 0
85 100 0
86 100 0
98 100 0
105 100 0
8 101 0
11 101 0
86 101 0
87 101 0
88 101 0
89 101 0
92 101 0
93 101 0
94 101 0
95 101 0
100 101 0
3 102 0
6 102 0
7 102 0
8 102 0
82 102 0
84 102 0
86 102 0
87 102 0
103 102 0
6 103 0
82 103 0
85 103 0
92 103 0
95 103 0
82 104 0
96 104 0
97 104 0
100 104 0
83 105 0
84 105 0
88 105 0
106 105 0
107 105 0
84 106 0
90 106 0
86 107 0
87 107 0
88 108 0
90 108 0
99 108 0
38 29 1
41 36 1
47 39 1
68 49 1
69 55 1
84 57 1
82 58 1
83 58 1
84 58 1
85 58 1
87 58 1
88 58 1
80 59 1
82 59 1
83 59 1
85 59 1
88 59 1
89 59 1
90 59 1
91 59 1
92 59 1
93 59 1
94 59 1
97 59 1
98 59 1
75 60 1
76 60 1
80 60 1
81 60 1
82 60 1
83 60 1
85 60 1
86 60 1
87 60 1
88 60 1
89 60 1
90 60 1
91 60 1
92 60 1
93 60 1
94 60 1
95 60 1
96 60 1
97 60 1
98 60 1
99 60 1
100 60 1
78 61 1
79 61 1
80 61 1
81 61 1
82 61 1
83 61 1
84 61 1
85 61 1
86 61 1
87 61 1
88 61 1
89 61 1
90 61 1
91 61 1
92 61 1
93 61 1
94 61 1
95 61 1
96 61 1
97 61 1
98 61 1
99 61 1
100 61 1
101 61 1
102 61 1
105 61 1
77 62 1
78 62 1
79 62 1
80 62 1
81 62 1
82 62 1
83 62 1
84 62 1
85 62 1
86 62 1
87 62 1
88 62 1
89 62 1
90 62 1
91 62 1
92 62 1
93 62 1
94 62 1
95 62 1
96 62 1
97 62 1
98 62 1
99 62 1
100 62 1
101 62 1
102 62 1
103 62 1
104 62 1
77 63 1
78 63 1
79 63 1
80 63 1
81 63 1
82 63 1
83 63 1
84 63 1
85 63 1
86 63 1
87 63 1
88 63 1
89 63 1
90 63 1
91 63 1
92 63 1
93 63 1
94 63 1
95 63 1
96 63 1
97 63 1
98 63 1
99 63 1
100 63 1
101 63 1
102 63 1
103 63 1
104 63 1
105 63 1
78 64 1
79 64 1
80 64 1
81 64 1
82 64 1
83 64 1
84 64 1
85 64 1
86 64 1
87 64 1
88 64 1
89 64 1
90 64 1
91 64 1
92 64 1
93 64 1
94 64 1
95 64 1
96 64 1
97 64 1
98 64 1
99 64 1
100 64 1
101 64 1
102 64 1
103 64 1
104 64 1
105 64 1
76 65 1
78 65 1
79 65 1
80 65 1
81 65 1
82 65 1
83 65 1
84 65 1
85 65 1
86 65 1
87 65 1
88 65 1
89 65 1
90 65 1
91 65 1
92 65 1
93 65 1
94 65 1
95 65 1
96 65 1
97 65 1
98 65 1
99 65 1
100 65 1
101 65 1
102 65 1
103 65 1
104 65 1
105 65 1
106 65 1
107 65 1
108 65 1
109 65 1
75 66 1
79 66 1
80 66 1
81 66 1
82 66 1
83 66 1
84 66 1
85 66 1
86 66 1
87 66 1
88 66 1
89 66 1
90 66 1
91 66 1
92 66 1
93 66 1
94 66 1
95 66 1
96 66 1
97 66 1
98 66 1
99 66 1
100 66 1
101 66 1
102 66 1
103 66 1
104 66 1
105 66 1
106 66 1
107 66 1
108 66 1
109 66 1
110 66 1
111 66 1
79 67 1
80 67 1
81 67 1
82 67 1
83 67 1
84 67 1
85 67 1
86 67 1
87 67 1
88 67 1
89 67 1
90 67 1
91 67 1
92 67 1
93 67 1
94 67 1
95 67 1
96 67 1
97 67 1
98 67 1
99 67 1
100 67 1
101 67 1
102 67 1
103 67 1
104 67 1
105 67 1
106 67 1
107 67 1
108 67 1
109 67 1
110 67 1
111 67 1
79 68 1
80 68 1
81 68 1
82 68 1
83 68 1
84 68 1
85 68 1
86 68 1
87 68 1
88 68 1
89 68 1
90 68 1
91 68 1
92 68 1
93 68 1
94 68 1
95 68 1
96 68 1
97 68 1
98 68 1
99 68 1
100 68 1
101 68 1
102 68 1
103 68 1
104 68 1
105 68 1
106 68 1
107 68 1
108 68 1
109 68 1
110 68 1
111 68 1
112 68 1
79 69 1
80 69 1
81 69 1
82 69 1
83 69 1
84 69 1
85 69 1
86 69 1
87 69 1
88 69 1
89 69 1
90 69 1
91 69 1
92 69 1
93 69 1
94 69 1
95 69 1
96 69 1
97 69 1
98 69 1
99 69 1
100 69 1
101 69 1
102 69 1
103 69 1
104 69 1
105 69 1
106 69 1
107 69 1
108 69 1
109 69 1
110 69 1
111 69 1
78 70 1
79 70 1
80 70 1
81 70 1
82 70 1
83 70 1
84 70 1
85 70 1
86 70 1
87 70 1
88 70 1
89 70 1
90 70 1
91 70 1
92 70 1
93 70 1
94 70 1
95 70 1
96 70 1
97 70 1
98 70 1
99 70 1
100 70 1
101 70 1
102 70 1
103 70 1
104 70 1
105 70 1
106 70 1
107 70 1
108 70 1
109 70 1
110 70 1
111 70 1
112 70 1
77 71 1
78 71 1
79 71 1
81 71 1
84 71 1
85 71 1
86 71 1
87 71 1
88 71 1
89 71 1
90 71 1
91 71 1
92 71 1
93 71 1
94 71 1
95 71 1
96 71 1
97 71 1
98 71 1
99 71 1
100 71 1
101 71 1
102 71 1
103 71 1
104 71 1
105 71 1
106 71 1
107 71 1
108 71 1
109 71 1
110 71 1
111 71 1
112 71 1
113 71 1
78 72 1
80 72 1
86 72 1
87 72 1
88 72 1
89 72 1
90 72 1
91 72 1
92 72 1
93 72 1
94 72 1
95 72 1
96 72 1
97 72 1
98 72 1
99 72 1
100 72 1
101 72 1
102 72 1
103 72 1
104 72 1
105 72 1
106 72 1
107 72 1
108 72 1
109 72 1
110 72 1
111 72 1
112 72 1
113 72 1
88 73 1
89 73 1
90 73 1
91 73 1
92 73 1
93 73 1
94 73 1
95 73 1
96 73 1
97 73 1
98 73 1
99 73 1
100 73 1
101 73 1
102 73 1
103 73 1
104 73 1
105 73 1
106 73 1
107 73 1
108 73 1
109 73 1
110 73 1
111 73 1
112 73 1
86 74 1
92 74 1
93 74 1
94 74 1
95 74 1
96 74 1
97 74 1
98 74 1
99 74 1
100 74 1
101 74 1
102 74 1
103 74 1
104 74 1
105 74 1
106 74 1
107 74 1
90 75 1
92 75 1
93 75 1
94 75 1
95 75 1
96 75 1
97 75 1
98 75 1
99 75 1
100 75 1
101 75 1
102 75 1
103 75 1
104 75 1
105 75 1
106 75 1
88 76 1
89 76 1
90 76 1
91 76 1
92 76 1
93 76 1
94 76 1
95 76 1
96 76 1
97 76 1
98 76 1
99 76 1
100 76 1
101 76 1
102 76 1
103 76 1
104 76 1
88 77 1
89 77 1
90 77 1
91 77 1
92 77 1
93 77 1
94 77 1
95 77 1
96 77 1
97 77 1
98 77 1
99 77 1
100 77 1
101 77 1
104 77 1
109 77 1
85 78 1
86 78 1
89 78 1
90 78 1
91 78 1
92 78 1
93 78 1
95 78 1
104 78 1
105 78 1
106 78 1
107 78 1
108 78 1
85 79 1
86 79 1
89 79 1
90 79 1
91 79 1
92 79 1
93 79 1
94 79 1
95 79 1
103 79 1
104 79 1
105 79 1
107 79 1
108 79 1
109 79 1
110 79 1
99 80 1
102 80 1
103 80 1
104 80 1
105 80 1
106 80 1
107 80 1
108 80 1
109 80 1
110 80 1
103 81 1
104 81 1
105 81 1
106 81 1
108 81 1
109 81 1
110 81 1
102 82 1
110 85 1
84 116 2
86 116 2
84 117 2
88 117 2
91 117 2
83 118 2
84 118 2
85 118 2
86 118 2
87 118 2
88 118 2
89 118 2
90 118 2
91 118 2
92 118 2
93 118 2
94 118 2
83 119 2
84 119 2
85 119 2
86 119 2
87 119 2
88 119 2
90 119 2
91 119 2
92 119 2
83 120 2
84 120 2
85 120 2
86 120 2
87 120 2
88 120 2
89 120 2
90 120 2
91 120 2
92 120 2
84 121 2
85 121 2
86 121 2
87 121 2
88 121 2
89 121 2
90 121 2
91 121 2
92 121 2
86 122 2
87 122 2
88 122 2
89 122 2
90 122 2
91 122 2
92 122 2
93 122 2
94 122 2
85 123 2
86 123 2
87 123 2
88 123 2
89 123 2
90 123 2
91 123 2
92 123 2
86 124 2
87 124 2
88 124 2
89 124 2
90 124 2
91 124 2
92 124 2
87 125 2
88 125 2
89 125 2
90 125 2
94 125 2
87 126 2
88 126 2
89 126 2
100 129 2
98 130 2
99 130 2
98 133 2
102 133 2
84 135 2
91 137 2
100 137 2
86 138 2
100 138 2
103 138 2
86 139 2
87 139 2
88 139 2
89 139 2
98 139 2
107 139 2
82 140 2
83 140 2
84 140 2
85 140 2
86 140 2
90 140 2
91 140 2
100 140 2
101 140 2
84 141 2
85 141 2
86 141 2
90 141 2
91 141 2
92 141 2
103 141 2
105 141 2
106 141 2
83 142 2
90 142 2
91 142 2
82 143 2
84 143 2
86 143 2
91 143 2
92 143 2
97 143 2
81 144 2
82 144 2
83 144 2
92 144 2
93 144 2
104 144 2
82 145 2
83 145 2
93 145 2
94 145 2
108 145 2
82 146 2
83 146 2
94 146 2
108 146 2
73 147 2
74 147 2
102 147 2
106 147 2
107 147 2
181 147 2
182 147 2
183 147 2
184 147 2
73 148 2
74 148 2
83 148 2
85 148 2
86 148 2
96 148 2
98 148 2
99 148 2
104 148 2
105 148 2
106 148 2
107 148 2
108 148 2
112 148 2
179 148 2
180 148 2
181 148 2
182 148 2
183 148 2
184 148 2
185 148 2
186 148 2
76 149 2
78 149 2
79 149 2
96 149 2
97 149 2
98 149 2
99 149 2
105 149 2
106 149 2
107 149 2
108 149 2
109 149 2
110 149 2
111 149 2
112 149 2
113 149 2
114 149 2
177 149 2
178 149 2
179 149 2
180 149 2
181 149 2
182 149 2
183 149 2
184 149 2
185 149 2
186 149 2
187 149 2
71 150 2
75 150 2
76 150 2
77 150 2
91 150 2
96 150 2
97 150 2
105 150 2
106 150 2
107 150 2
108 150 2
109 150 2
110 150 2
111 150 2
112 150 2
113 150 2
114 150 2
176 150 2
177 150 2
178 150 2
179 150 2
180 150 2
181 150 2
182 150 2
183 150 2
184 150 2
185 150 2
186 150 2
71 151 2
72 151 2
73 151 2
74 151 2
75 151 2
76 151 2
92 151 2
96 151 2
105 151 2
106 151 2
107 151 2
108 151 2
109 151 2
110 151 2
111 151 2
112 151 2
113 151 2
114 151 2
116 151 2
117 151 2
119 151 2
120 151 2
126 151 2
175 151 2
176 151 2
177 151 2
178 151 2
180 151 2
181 151 2
182 151 2
183 151 2
71 152 2
72 152 2
73 152 2
74 152 2
75 152 2
91 152 2
106 152 2
107 152 2
108 152 2
109 152 2
110 152 2
111 152 2
112 152 2
113 152 2
114 152 2
115 152 2
116 152 2
119 152 2
127 152 2
128 152 2
129 152 2
130 152 2
132 152 2
133 152 2
134 152 2
135 152 2
140 152 2
142 152 2
143 152 2
144 152 2
146 152 2
147 152 2
148 152 2
149 152 2
153 152 2
154 152 2
155 152 2
157 152 2
158 152 2
161 152 2
162 152 2
163 152 2
166 152 2
172 152 2
173 152 2
174 152 2
175 152 2
176 152 2
183 152 2
184 152 2
185 152 2
71 153 2
72 153 2
73 153 2
74 153 2
75 153 2
106 153 2
108 153 2
109 153 2
110 153 2
113 153 2
128 153 2
141 153 2
142 153 2
143 153 2
144 153 2
145 153 2
148 153 2
151 153 2
155 153 2
156 153 2
157 153 2
158 153 2
160 153 2
161 153 2
162 153 2
170 153 2
171 153 2
172 153 2
173 153 2
174 153 2
175 153 2
184 153 2
72 154 2
73 154 2
74 154 2
75 154 2
105 154 2
106 154 2
107 154 2
114 154 2
115 154 2
116 154 2
121 154 2
122 154 2
123 154 2
128 154 2
129 154 2
131 154 2
137 154 2
151 154 2
74 155 2
105 155 2
108 155 2
114 155 2
115 155 2
116 155 2
120 155 2
121 155 2
122 155 2
123 155 2
127 155 2
128 155 2
129 155 2
130 155 2
135 155 2
136 155 2
137 155 2
143 155 2
144 155 2
150 155 2
151 155 2
158 155 2
163 155 2
116 156 2
120 156 2
121 156 2
122 156 2
123 156 2
128 156 2
129 156 2
130 156 2
131 156 2
132 156 2
133 156 2
135 156 2
136 156 2
137 156 2
138 156 2
144 156 2
147 156 2
148 156 2
149 156 2
150 156 2
151 156 2
157 156 2
158 156 2
160 156 2
161 156 2
162 156 2
163 156 2
164 156 2
72 157 2
73 157 2
74 157 2
76 157 2
77 157 2
78 157 2
119 157 2
120 157 2
121 157 2
122 157 2
132 157 2
133 157 2
135 157 2
136 157 2
137 157 2
144 157 2
145 157 2
146 157 2
147 157 2
148 157 2
149 157 2
150 157 2
71 158 2
76 158 2
77 158 2
78 158 2
70 159 2
71 159 2
72 159 2
73 159 2
74 159 2
75 159 2
76 159 2
77 159 2
70 160 2
71 160 2
72 160 2
73 160 2
74 160 2
75 160 2
72 161 2
73 161 2
74 161 2
75 161 2
72 162 2
73 162 2
74 162 2
75 162 2
73 163 2
77 165 2
69 166 2
70 166 2
71 166 2
72 166 2
73 166 2
76 166 2
77 166 2
78 166 2
69 167 2
70 167 2
71 167 2
72 167 2
75 167 2
76 167 2
77 167 2
78 167 2
69 168 2
70 168 2
71 168 2
73 168 2
74 168 2
75 168 2
80 168 2
69 169 2
70 169 2
71 169 2
72 169 2
73 169 2
74 169 2
75 169 2
79 169 2
80 169 2
81 169 2
71 170 2
72 170 2
73 170 2
74 170 2
78 170 2
79 170 2
80 170 2
81 170 2
72 171 2
73 171 2
72 172 2
73 172 2
69 174 2
77 174 2
68 175 2
69 175 2
71 175 2
76 175 2
77 175 2
78 175 2
68 176 2
69 176 2
70 176 2
71 176 2
75 176 2
76 176 2
77 176 2
78 176 2
69 177 2
75 177 2
76 177 2
77 177 2
142 1 3
143 1 3
144 1 3
145 1 3
146 1 3
147 1 3
148 1 3
149 1 3
150 1 3
151 1 3
152 1 3
153 1 3
143 2 3
144 2 3
145 2 3
146 2 3
147 2 3
148 2 3
149 2 3
150 2 3
151 2 3
152 2 3
153 2 3
154 2 3
146 3 3
147 3 3
148 3 3
149 3 3
150 3 3
151 3 3
152 3 3
153 3 3
154 3 3
145 4 3
146 4 3
147 4 3
148 4 3
149 4 3
150 4 3
151 4 3
152 4 3
153 4 3
154 4 3
155 4 3
157 4 3
148 5 3
149 5 3
150 5 3
151 5 3
152 5 3
153 5 3
154 5 3
155 5 3
148 6 3
149 6 3
150 6 3
151 6 3
152 6 3
153 6 3
154 6 3
149 7 3
150 7 3
151 7 3
152 7 3
149 8 3
150 8 3
151 8 3
153 8 3
