94 1 0
95 1 0
96 1 0
109 1 0
110 1 0
140 1 0
141 1 0
142 1 0
143 1 0
144 1 0
145 1 0
146 1 0
147 1 0
148 1 0
149 1 0
150 1 0
151 1 0
152 1 0
67 2 0
95 2 0
96 2 0
105 2 0
106 2 0
110 2 0
111 2 0
112 2 0
140 2 0
141 2 0
142 2 0
143 2 0
144 2 0
145 2 0
146 2 0
147 2 0
148 2 0
149 2 0
150 2 0
151 2 0
152 2 0
94 3 0
95 3 0
96 3 0
108 3 0
111 3 0
112 3 0
144 3 0
145 3 0
146 3 0
147 3 0
148 3 0
149 3 0
150 3 0
151 3 0
153 3 0
160 3 0
94 4 0
95 4 0
111 4 0
112 4 0
113 4 0
143 4 0
144 4 0
145 4 0
146 4 0
147 4 0
148 4 0
149 4 0
150 4 0
151 4 0
152 4 0
153 4 0
165 4 0
92 5 0
94 5 0
95 5 0
99 5 0
110 5 0
111 5 0
112 5 0
143 5 0
145 5 0
146 5 0
147 5 0
148 5 0
149 5 0
150 5 0
151 5 0
152 5 0
154 5 0
161 5 0
162 5 0
163 5 0
164 5 0
165 5 0
166 5 0
94 6 0
95 6 0
96 6 0
110 6 0
111 6 0
146 6 0
147 6 0
148 6 0
149 6 0
150 6 0
151 6 0
154 6 0
161 6 0
162 6 0
163 6 0
164 6 0
165 6 0
77 7 0
78 7 0
81 7 0
94 7 0
95 7 0
99 7 0
112 7 0
113 7 0
114 7 0
146 7 0
147 7 0
148 7 0
149 7 0
150 7 0
159 7 0
160 7 0
164 7 0
165 7 0
77 8 0
78 8 0
79 8 0
80 8 0
81 8 0
94 8 0
95 8 0
112 8 0
113 8 0
114 8 0
147 8 0
148 8 0
149 8 0
159 8 0
160 8 0
164 8 0
165 8 0
79 9 0
90 9 0
91 9 0
94 9 0
95 9 0
109 9 0
113 9 0
114 9 0
115 9 0
134 9 0
146 9 0
159 9 0
160 9 0
164 9 0
165 9 0
180 9 0
94 10 0
95 10 0
100 10 0
109 10 0
110 10 0
114 10 0
115 10 0
148 10 0
159 10 0
160 10 0
164 10 0
165 10 0
90 11 0
91 11 0
95 11 0
96 11 0
106 11 0
107 11 0
109 11 0
111 11 0
112 11 0
114 11 0
115 11 0
118 11 0
119 11 0
120 11 0
121 11 0
122 11 0
123 11 0
139 11 0
158 11 0
164 11 0
165 11 0
90 12 0
91 12 0
92 12 0
95 12 0
100 12 0
101 12 0
102 12 0
103 12 0
104 12 0
105 12 0
106 12 0
109 12 0
110 12 0
111 12 0
112 12 0
114 12 0
115 12 0
116 12 0
118 12 0
119 12 0
120 12 0
121 12 0
122 12 0
123 12 0
137 12 0
138 12 0
139 12 0
140 12 0
161 12 0
162 12 0
164 12 0
89 13 0
93 13 0
94 13 0
95 13 0
100 13 0
101 13 0
102 13 0
103 13 0
104 13 0
105 13 0
106 13 0
107 13 0
108 13 0
109 13 0
110 13 0
111 13 0
115 13 0
116 13 0
122 13 0
123 13 0
137 13 0
138 13 0
140 13 0
159 13 0
161 13 0
162 13 0
163 13 0
179 13 0
93 14 0
94 14 0
95 14 0
100 14 0
101 14 0
102 14 0
103 14 0
104 14 0
105 14 0
106 14 0
107 14 0
110 14 0
115 14 0
116 14 0
140 14 0
162 14 0
94 15 0
95 15 0
97 15 0
98 15 0
99 15 0
101 15 0
102 15 0
105 15 0
106 15 0
107 15 0
108 15 0
109 15 0
110 15 0
112 15 0
113 15 0
115 15 0
116 15 0
117 15 0
136 15 0
148 15 0
152 15 0
153 15 0
157 15 0
178 15 0
93 16 0
94 16 0
96 16 0
97 16 0
98 16 0
103 16 0
104 16 0
105 16 0
106 16 0
107 16 0
108 16 0
109 16 0
110 16 0
113 16 0
114 16 0
115 16 0
116 16 0
117 16 0
133 16 0
136 16 0
137 16 0
141 16 0
146 16 0
157 16 0
93 17 0
94 17 0
96 17 0
97 17 0
98 17 0
99 17 0
101 17 0
102 17 0
103 17 0
104 17 0
105 17 0
106 17 0
107 17 0
108 17 0
109 17 0
114 17 0
115 17 0
116 17 0
117 17 0
126 17 0
129 17 0
130 17 0
134 17 0
135 17 0
140 17 0
141 17 0
144 17 0
145 17 0
146 17 0
156 17 0
157 17 0
158 17 0
5 18 0
93 18 0
94 18 0
95 18 0
102 18 0
104 18 0
105 18 0
106 18 0
107 18 0
108 18 0
109 18 0
110 18 0
114 18 0
115 18 0
116 18 0
124 18 0
125 18 0
140 18 0
141 18 0
144 18 0
145 18 0
146 18 0
156 18 0
157 18 0
158 18 0
4 19 0
93 19 0
94 19 0
104 19 0
105 19 0
106 19 0
107 19 0
108 19 0
114 19 0
115 19 0
118 19 0
120 19 0
123 19 0
124 19 0
128 19 0
129 19 0
138 19 0
140 19 0
143 19 0
144 19 0
145 19 0
151 19 0
156 19 0
157 19 0
4 20 0
92 20 0
93 20 0
94 20 0
95 20 0
96 20 0
97 20 0
98 20 0
101 20 0
102 20 0
103 20 0
104 20 0
105 20 0
106 20 0
107 20 0
108 20 0
113 20 0
114 20 0
115 20 0
118 20 0
119 20 0
120 20 0
123 20 0
124 20 0
125 20 0
128 20 0
133 20 0
134 20 0
138 20 0
140 20 0
143 20 0
144 20 0
156 20 0
157 20 0
92 21 0
93 21 0
94 21 0
95 21 0
96 21 0
104 21 0
105 21 0
106 21 0
107 21 0
111 21 0
112 21 0
118 21 0
119 21 0
120 21 0
122 21 0
123 21 0
124 21 0
125 21 0
127 21 0
128 21 0
129 21 0
133 21 0
134 21 0
138 21 0
139 21 0
140 21 0
143 21 0
150 21 0
156 21 0
157 21 0
30 22 0
93 22 0
94 22 0
95 22 0
97 22 0
98 22 0
99 22 0
101 22 0
104 22 0
105 22 0
108 22 0
109 22 0
110 22 0
112 22 0
118 22 0
119 22 0
120 22 0
122 22 0
123 22 0
124 22 0
127 22 0
128 22 0
129 22 0
132 22 0
138 22 0
139 22 0
140 22 0
141 22 0
144 22 0
145 22 0
151 22 0
155 22 0
156 22 0
157 22 0
29 23 0
30 23 0
92 23 0
93 23 0
94 23 0
106 23 0
107 23 0
108 23 0
109 23 0
113 23 0
117 23 0
118 23 0
119 23 0
122 23 0
123 23 0
124 23 0
127 23 0
128 23 0
129 23 0
132 23 0
133 23 0
134 23 0
137 23 0
138 23 0
139 23 0
140 23 0
143 23 0
144 23 0
145 23 0
149 23 0
150 23 0
154 23 0
155 23 0
156 23 0
29 24 0
92 24 0
93 24 0
94 24 0
95 24 0
99 24 0
105 24 0
107 24 0
108 24 0
109 24 0
117 24 0
118 24 0
119 24 0
121 24 0
122 24 0
123 24 0
124 24 0
127 24 0
128 24 0
129 24 0
131 24 0
132 24 0
133 24 0
136 24 0
137 24 0
138 24 0
141 24 0
142 24 0
143 24 0
144 24 0
149 24 0
153 24 0
155 24 0
156 24 0
28 25 0
91 25 0
92 25 0
93 25 0
94 25 0
96 25 0
97 25 0
99 25 0
103 25 0
106 25 0
107 25 0
109 25 0
110 25 0
111 25 0
114 25 0
115 25 0
116 25 0
117 25 0
118 25 0
121 25 0
122 25 0
127 25 0
92 26 0
93 26 0
94 26 0
102 26 0
108 26 0
109 26 0
110 26 0
111 26 0
112 26 0
113 26 0
114 26 0
115 26 0
116 26 0
117 26 0
92 27 0
93 27 0
101 27 0
102 27 0
103 27 0
109 27 0
114 27 0
115 27 0
116 27 0
156 27 0
91 28 0
92 28 0
93 28 0
99 28 0
101 28 0
102 28 0
103 28 0
104 28 0
110 28 0
112 28 0
114 28 0
115 28 0
116 28 0
91 29 0
92 29 0
93 29 0
108 29 0
110 29 0
111 29 0
113 29 0
114 29 0
115 29 0
116 29 0
90 30 0
92 30 0
93 30 0
110 30 0
111 30 0
114 30 0
115 30 0
116 30 0
173 30 0
87 31 0
88 31 0
91 31 0
92 31 0
93 31 0
97 31 0
106 31 0
111 31 0
112 31 0
113 31 0
114 31 0
115 31 0
116 31 0
88 32 0
89 32 0
90 32 0
91 32 0
92 32 0
93 32 0
94 32 0
95 32 0
96 32 0
107 32 0
108 32 0
109 32 0
113 32 0
114 32 0
115 32 0
87 33 0
88 33 0
89 33 0
95 33 0
96 33 0
97 33 0
106 33 0
108 33 0
110 33 0
113 33 0
114 33 0
115 33 0
117 33 0
87 34 0
88 34 0
89 34 0
90 34 0
91 34 0
92 34 0
94 34 0
95 34 0
96 34 0
97 34 0
98 34 0
106 34 0
107 34 0
113 34 0
114 34 0
118 34 0
119 34 0
87 35 0
88 35 0
89 35 0
90 35 0
91 35 0
92 35 0
93 35 0
97 35 0
108 35 0
109 35 0
111 35 0
114 35 0
115 35 0
118 35 0
87 36 0
88 36 0
89 36 0
90 36 0
91 36 0
92 36 0
95 36 0
97 36 0
98 36 0
99 36 0
109 36 0
113 36 0
114 36 0
118 36 0
87 37 0
88 37 0
89 37 0
90 37 0
91 37 0
92 37 0
97 37 0
98 37 0
99 37 0
100 37 0
107 37 0
110 37 0
111 37 0
113 37 0
114 37 0
118 37 0
87 38 0
88 38 0
89 38 0
90 38 0
91 38 0
95 38 0
96 38 0
97 38 0
98 38 0
99 38 0
100 38 0
101 38 0
102 38 0
109 38 0
110 38 0
111 38 0
112 38 0
113 38 0
114 38 0
115 38 0
87 39 0
88 39 0
89 39 0
90 39 0
91 39 0
94 39 0
95 39 0
96 39 0
97 39 0
98 39 0
99 39 0
100 39 0
111 39 0
112 39 0
113 39 0
115 39 0
116 39 0
117 39 0
88 40 0
89 40 0
90 40 0
91 40 0
94 40 0
95 40 0
96 40 0
98 40 0
99 40 0
100 40 0
101 40 0
102 40 0
103 40 0
104 40 0
110 40 0
111 40 0
112 40 0
113 40 0
114 40 0
115 40 0
116 40 0
117 40 0
118 40 0
87 41 0
88 41 0
89 41 0
90 41 0
100 41 0
101 41 0
102 41 0
103 41 0
105 41 0
112 41 0
113 41 0
114 41 0
115 41 0
116 41 0
117 41 0
87 42 0
88 42 0
89 42 0
90 42 0
97 42 0
98 42 0
100 42 0
101 42 0
102 42 0
103 42 0
111 42 0
112 42 0
113 42 0
114 42 0
115 42 0
85 43 0
90 43 0
98 43 0
100 43 0
101 43 0
102 43 0
103 43 0
104 43 0
108 43 0
109 43 0
111 43 0
112 43 0
113 43 0
114 43 0
115 43 0
43 44 0
92 44 0
103 44 0
104 44 0
105 44 0
106 44 0
107 44 0
109 44 0
110 44 0
111 44 0
112 44 0
113 44 0
114 44 0
115 44 0
84 45 0
93 45 0
106 45 0
107 45 0
108 45 0
109 45 0
110 45 0
111 45 0
112 45 0
113 45 0
114 45 0
43 46 0
67 46 0
68 46 0
71 46 0
72 46 0
106 46 0
109 46 0
110 46 0
111 46 0
112 46 0
113 46 0
114 46 0
38 47 0
42 47 0
43 47 0
48 47 0
67 47 0
71 47 0
72 47 0
93 47 0
94 47 0
95 47 0
108 47 0
110 47 0
111 47 0
112 47 0
113 47 0
114 47 0
43 48 0
67 48 0
71 48 0
72 48 0
75 48 0
95 48 0
105 48 0
111 48 0
112 48 0
113 48 0
114 48 0
68 49 0
70 49 0
71 49 0
72 49 0
111 49 0
112 49 0
113 49 0
114 49 0
68 50 0
71 50 0
97 50 0
98 50 0
111 50 0
113 50 0
114 50 0
68 51 0
70 51 0
88 51 0
103 51 0
104 51 0
108 51 0
113 51 0
114 51 0
52 52 0
88 52 0
99 52 0
100 52 0
101 52 0
103 52 0
104 52 0
105 52 0
112 52 0
113 52 0
114 52 0
87 53 0
88 53 0
98 53 0
101 53 0
108 53 0
113 53 0
114 53 0
22 54 0
49 54 0
54 54 0
55 54 0
88 54 0
108 54 0
112 54 0
113 54 0
114 54 0
39 55 0
40 55 0
43 55 0
88 55 0
107 55 0
112 55 0
113 55 0
114 55 0
27 56 0
39 56 0
40 56 0
42 56 0
43 56 0
47 56 0
72 56 0
103 56 0
109 56 0
112 56 0
113 56 0
114 56 0
28 57 0
42 57 0
43 57 0
49 57 0
87 57 0
88 57 0
102 57 0
103 57 0
104 57 0
105 57 0
112 57 0
113 57 0
114 57 0
115 57 0
116 57 0
128 57 0
130 57 0
43 58 0
64 58 0
65 58 0
69 58 0
83 58 0
107 58 0
111 58 0
112 58 0
113 58 0
114 58 0
115 58 0
116 58 0
117 58 0
87 59 0
88 59 0
107 59 0
108 59 0
109 59 0
111 59 0
112 59 0
113 59 0
114 59 0
115 59 0
116 59 0
117 59 0
118 59 0
60 60 0
62 60 0
86 60 0
88 60 0
104 60 0
107 60 0
108 60 0
109 60 0
110 60 0
111 60 0
112 60 0
113 60 0
114 60 0
115 60 0
116 60 0
117 60 0
42 61 0
62 61 0
74 61 0
88 61 0
93 61 0
110 61 0
111 61 0
112 61 0
113 61 0
114 61 0
115 61 0
116 61 0
117 61 0
73 62 0
87 62 0
88 62 0
92 62 0
93 62 0
108 62 0
110 62 0
111 62 0
112 62 0
113 62 0
114 62 0
115 62 0
116 62 0
152 62 0
153 62 0
72 63 0
87 63 0
105 63 0
107 63 0
110 63 0
111 63 0
112 63 0
113 63 0
114 63 0
115 63 0
130 63 0
131 63 0
133 63 0
152 63 0
156 63 0
157 63 0
169 63 0
46 64 0
72 64 0
82 64 0
111 64 0
112 64 0
113 64 0
114 64 0
115 64 0
152 64 0
156 64 0
157 64 0
169 64 0
51 65 0
52 65 0
71 65 0
72 65 0
86 65 0
87 65 0
104 65 0
106 65 0
108 65 0
110 65 0
112 65 0
113 65 0
114 65 0
115 65 0
133 65 0
151 65 0
152 65 0
156 65 0
157 65 0
71 66 0
86 66 0
87 66 0
88 66 0
89 66 0
91 66 0
93 66 0
112 66 0
113 66 0
114 66 0
115 66 0
152 66 0
156 66 0
157 66 0
70 67 0
71 67 0
85 67 0
86 67 0
87 67 0
91 67 0
92 67 0
99 67 0
113 67 0
114 67 0
115 67 0
153 67 0
156 67 0
50 68 0
51 68 0
71 68 0
73 68 0
84 68 0
85 68 0
93 68 0
112 68 0
113 68 0
114 68 0
115 68 0
71 69 0
81 69 0
86 69 0
101 69 0
102 69 0
103 69 0
112 69 0
113 69 0
114 69 0
115 69 0
71 70 0
72 70 0
85 70 0
86 70 0
87 70 0
88 70 0
90 70 0
92 70 0
102 70 0
103 70 0
112 70 0
113 70 0
114 70 0
115 70 0
68 71 0
70 71 0
71 71 0
72 71 0
85 71 0
86 71 0
91 71 0
95 71 0
97 71 0
98 71 0
112 71 0
113 71 0
114 71 0
115 71 0
58 72 0
60 72 0
71 72 0
72 72 0
73 72 0
107 72 0
108 72 0
112 72 0
113 72 0
114 72 0
115 72 0
71 73 0
72 73 0
85 73 0
86 73 0
87 73 0
88 73 0
95 73 0
107 73 0
110 73 0
112 73 0
113 73 0
114 73 0
115 73 0
71 74 0
72 74 0
85 74 0
88 74 0
89 74 0
90 74 0
96 74 0
97 74 0
98 74 0
112 74 0
113 74 0
114 74 0
115 74 0
55 75 0
56 75 0
70 75 0
71 75 0
72 75 0
81 75 0
112 75 0
113 75 0
114 75 0
115 75 0
53 76 0
54 76 0
55 76 0
56 76 0
57 76 0
61 76 0
69 76 0
71 76 0
72 76 0
86 76 0
99 76 0
101 76 0
112 76 0
113 76 0
114 76 0
115 76 0
70 77 0
71 77 0
72 77 0
80 77 0
81 77 0
85 77 0
90 77 0
91 77 0
112 77 0
113 77 0
114 77 0
115 77 0
60 78 0
70 78 0
71 78 0
72 78 0
80 78 0
85 78 0
90 78 0
91 78 0
94 78 0
111 78 0
112 78 0
113 78 0
114 78 0
115 78 0
70 79 0
71 79 0
72 79 0
79 79 0
84 79 0
85 79 0
94 79 0
95 79 0
111 79 0
112 79 0
114 79 0
115 79 0
116 79 0
117 79 0
71 80 0
72 80 0
73 80 0
85 80 0
86 80 0
111 80 0
112 80 0
113 80 0
114 80 0
116 80 0
117 80 0
71 81 0
72 81 0
73 81 0
86 81 0
89 81 0
90 81 0
55 82 0
71 82 0
72 82 0
85 82 0
86 82 0
89 82 0
90 82 0
71 83 0
72 83 0
70 84 0
71 84 0
72 84 0
93 84 0
23 85 0
24 85 0
25 85 0
39 85 0
40 85 0
55 85 0
70 85 0
71 85 0
93 85 0
94 85 0
23 86 0
24 86 0
37 86 0
39 86 0
40 86 0
70 86 0
71 86 0
93 86 0
94 86 0
23 87 0
39 87 0
40 87 0
41 87 0
70 87 0
71 87 0
72 87 0
80 87 0
94 87 0
97 87 0
39 88 0
40 88 0
69 88 0
70 88 0
71 88 0
72 88 0
80 88 0
39 89 0
40 89 0
50 89 0
69 89 0
70 89 0
71 89 0
75 89 0
76 89 0
77 89 0
79 89 0
82 89 0
83 89 0
84 89 0
97 89 0
98 89 0
69 90 0
70 90 0
71 90 0
78 90 0
79 90 0
81 90 0
82 90 0
83 90 0
84 90 0
85 90 0
86 90 0
87 90 0
88 90 0
98 90 0
99 90 0
69 91 0
70 91 0
78 91 0
82 91 0
83 91 0
84 91 0
86 91 0
89 91 0
90 91 0
98 91 0
99 91 0
101 91 0
81 92 0
90 92 0
99 92 0
105 92 0
87 93 0
90 93 0
95 93 0
100 93 0
104 93 0
15 94 0
91 94 0
92 94 0
101 94 0
103 94 0
82 95 0
83 95 0
84 95 0
92 95 0
93 95 0
99 95 0
70 96 0
71 96 0
72 96 0
83 96 0
84 96 0
89 96 0
90 96 0
91 96 0
92 96 0
93 96 0
95 96 0
97 96 0
98 96 0
99 96 0
87 97 0
88 97 0
89 97 0
90 97 0
91 97 0
94 97 0
96 97 0
97 97 0
99 97 0
100 97 0
101 97 0
102 97 0
105 97 0
87 98 0
90 98 0
91 98 0
92 98 0
93 98 0
94 98 0
95 98 0
96 98 0
98 98 0
99 98 0
100 98 0
101 98 0
102 98 0
92 99 0
93 99 0
98 99 0
100 99 0
101 99 0
102 99 0
103 99 0
104 99 0
105 99 0
86 100 0
87 100 0
91 100 0
99 100 0
100 100 0
85 101 0
87 101 0
88 101 0
89 101 0
90 101 0
91 101 0
93 101 0
95 101 0
96 101 0
97 101 0
101 101 0
102 101 0
104 101 0
9 102 0
83 102 0
84 102 0
85 102 0
86 102 0
87 102 0
88 102 0
89 102 0
105 102 0
107 102 0
84 103 0
86 103 0
87 103 0
106 103 0
84 104 0
98 104 0
99 104 0
102 104 0
107 104 0
108 104 0
84 105 0
85 105 0
105 105 0
106 105 0
107 105 0
108 105 0
109 105 0
85 106 0
90 106 0
91 106 0
92 106 0
103 106 0
104 106 0
106 106 0
107 106 0
108 106 0
109 106 0
88 107 0
90 107 0
106 107 0
109 107 0
98 108 0
100 108 0
102 108 0
103 108 0
106 111 0
107 111 0
107 112 0
84 114 0
83 115 0
106 115 0
107 115 0
83 117 0
84 117 0
83 118 0
83 119 0
84 119 0
85 119 0
86 119 0
88 119 0
89 119 0
90 119 0
91 119 0
82 120 0
83 120 0
84 120 0
85 120 0
90 120 0
82 121 0
83 121 0
84 121 0
85 121 0
86 121 0
87 121 0
88 121 0
89 121 0
90 121 0
91 121 0
92 121 0
82 122 0
83 122 0
84 122 0
85 122 0
86 122 0
87 122 0
88 122 0
89 122 0
90 122 0
83 123 0
84 123 0
85 123 0
86 123 0
87 123 0
88 123 0
89 123 0
90 123 0
91 123 0
84 124 0
85 124 0
86 124 0
87 124 0
88 124 0
89 124 0
90 124 0
83 125 0
84 125 0
85 125 0
86 125 0
87 125 0
88 125 0
89 125 0
90 125 0
91 125 0
84 126 0
85 126 0
86 126 0
87 126 0
88 126 0
89 126 0
90 126 0
85 127 0
86 127 0
87 127 0
88 127 0
89 127 0
90 127 0
103 127 0
85 128 0
86 128 0
87 128 0
88 128 0
90 128 0
96 128 0
84 129 0
85 129 0
86 129 0
101 129 0
102 129 0
113 129 0
92 130 0
97 130 0
98 131 0
99 131 0
95 132 0
96 132 0
98 132 0
99 132 0
113 132 0
94 133 0
96 133 0
96 134 0
105 134 0
106 134 0
83 136 0
95 136 0
98 136 0
99 136 0
96 137 0
89 139 0
90 139 0
99 139 0
100 139 0
100 140 0
83 141 0
84 141 0
87 141 0
99 141 0
100 141 0
101 141 0
103 141 0
104 141 0
83 142 0
84 142 0
85 142 0
86 142 0
103 142 0
104 142 0
82 143 0
83 143 0
84 143 0
87 143 0
88 143 0
97 143 0
104 143 0
111 143 0
81 144 0
82 144 0
83 144 0
88 144 0
89 144 0
97 144 0
102 144 0
103 144 0
104 144 0
105 144 0
80 145 0
81 145 0
82 145 0
83 145 0
88 145 0
89 145 0
90 145 0
103 145 0
80 146 0
81 146 0
91 146 0
79 147 0
80 147 0
91 147 0
92 147 0
107 147 0
108 147 0
79 148 0
80 148 0
91 148 0
92 148 0
93 148 0
106 148 0
107 148 0
79 149 0
80 149 0
81 149 0
93 149 0
94 149 0
104 149 0
105 149 0
106 149 0
71 150 0
72 150 0
82 150 0
83 150 0
93 150 0
94 150 0
95 150 0
103 150 0
104 150 0
105 150 0
109 150 0
110 150 0
71 151 0
72 151 0
75 151 0
77 151 0
82 151 0
83 151 0
88 151 0
89 151 0
95 151 0
96 151 0
103 151 0
104 151 0
105 151 0
108 151 0
109 151 0
110 151 0
111 151 0
72 152 0
75 152 0
76 152 0
77 152 0
93 152 0
94 152 0
95 152 0
96 152 0
97 152 0
103 152 0
104 152 0
105 152 0
107 152 0
108 152 0
109 152 0
110 152 0
111 152 0
116 152 0
71 153 0
72 153 0
73 153 0
90 153 0
103 153 0
104 153 0
106 153 0
107 153 0
108 153 0
109 153 0
110 153 0
111 153 0
113 153 0
114 153 0
115 153 0
117 153 0
118 153 0
124 153 0
128 153 0
132 153 0
137 153 0
138 153 0
146 153 0
159 153 0
160 153 0
161 153 0
69 154 0
70 154 0
71 154 0
72 154 0
73 154 0
90 154 0
103 154 0
104 154 0
106 154 0
107 154 0
108 154 0
109 154 0
110 154 0
111 154 0
112 154 0
113 154 0
114 154 0
125 154 0
126 154 0
127 154 0
128 154 0
131 154 0
132 154 0
133 154 0
138 154 0
141 154 0
142 154 0
145 154 0
146 154 0
151 154 0
152 154 0
154 154 0
155 154 0
156 154 0
158 154 0
159 154 0
160 154 0
161 154 0
69 155 0
70 155 0
71 155 0
72 155 0
73 155 0
95 155 0
105 155 0
108 155 0
110 155 0
117 155 0
126 155 0
127 155 0
131 155 0
139 155 0
140 155 0
141 155 0
145 155 0
146 155 0
147 155 0
155 155 0
158 155 0
159 155 0
160 155 0
70 156 0
71 156 0
72 156 0
73 156 0
76 156 0
104 156 0
105 156 0
106 156 0
109 156 0
110 156 0
112 156 0
119 156 0
120 156 0
127 156 0
135 156 0
143 156 0
149 156 0
161 156 0
162 156 0
72 157 0
73 157 0
105 157 0
106 157 0
111 157 0
112 157 0
113 157 0
119 157 0
120 157 0
121 157 0
125 157 0
126 157 0
127 157 0
133 157 0
134 157 0
135 157 0
141 157 0
147 157 0
148 157 0
149 157 0
154 157 0
155 157 0
159 157 0
160 157 0
161 157 0
162 157 0
118 158 0
119 158 0
120 158 0
121 158 0
126 158 0
127 158 0
129 158 0
130 158 0
131 158 0
134 158 0
135 158 0
140 158 0
141 158 0
145 158 0
146 158 0
147 158 0
148 158 0
149 158 0
158 158 0
159 158 0
160 158 0
161 158 0
72 159 0
74 159 0
75 159 0
76 159 0
78 159 0
119 159 0
120 159 0
130 159 0
131 159 0
134 159 0
135 159 0
144 159 0
145 159 0
146 159 0
148 159 0
69 160 0
70 160 0
71 160 0
74 160 0
75 160 0
76 160 0
69 161 0
72 161 0
74 161 0
75 161 0
76 161 0
68 162 0
69 162 0
70 162 0
71 162 0
72 162 0
76 162 0
78 162 0
69 163 0
71 163 0
72 163 0
71 164 0
72 164 0
73 164 0
74 164 0
71 165 0
72 165 0
71 166 0
67 167 0
67 168 0
68 168 0
71 168 0
74 168 0
75 168 0
67 169 0
68 169 0
69 169 0
70 169 0
73 169 0
74 169 0
75 169 0
76 169 0
67 170 0
68 170 0
69 170 0
72 170 0
73 170 0
74 170 0
75 170 0
76 170 0
67 171 0
68 171 0
69 171 0
71 171 0
72 171 0
77 171 0
78 171 0
79 171 0
67 172 0
70 172 0
71 172 0
72 172 0
73 172 0
78 172 0
79 172 0
71 173 0
72 173 0
78 173 0
79 173 0
71 174 0
76 176 0
67 177 0
68 177 0
72 177 0
75 177 0
23 27 1
29 32 1
31 33 1
30 35 1
30 36 1
38 38 1
40 40 1
68 53 1
82 59 1
88 60 1
89 60 1
73 61 1
88 61 1
89 61 1
91 61 1
92 61 1
94 61 1
77 62 1
85 62 1
87 62 1
88 62 1
89 62 1
90 62 1
91 62 1
92 62 1
93 62 1
94 62 1
95 62 1
79 63 1
80 63 1
81 63 1
82 63 1
85 63 1
86 63 1
87 63 1
88 63 1
89 63 1
90 63 1
91 63 1
92 63 1
93 63 1
94 63 1
95 63 1
96 63 1
97 63 1
83 64 1
84 64 1
85 64 1
86 64 1
87 64 1
88 64 1
89 64 1
90 64 1
91 64 1
92 64 1
93 64 1
94 64 1
95 64 1
96 64 1
97 64 1
98 64 1
79 65 1
82 65 1
83 65 1
84 65 1
85 65 1
86 65 1
87 65 1
88 65 1
89 65 1
90 65 1
91 65 1
92 65 1
93 65 1
94 65 1
95 65 1
96 65 1
97 65 1
98 65 1
99 65 1
100 65 1
78 66 1
79 66 1
80 66 1
81 66 1
82 66 1
83 66 1
84 66 1
85 66 1
86 66 1
87 66 1
88 66 1
89 66 1
90 66 1
91 66 1
92 66 1
93 66 1
94 66 1
95 66 1
96 66 1
97 66 1
98 66 1
99 66 1
100 66 1
101 66 1
102 66 1
79 67 1
80 67 1
81 67 1
82 67 1
83 67 1
84 67 1
85 67 1
86 67 1
87 67 1
88 67 1
89 67 1
90 67 1
91 67 1
92 67 1
93 67 1
94 67 1
95 67 1
96 67 1
97 67 1
98 67 1
99 67 1
100 67 1
101 67 1
102 67 1
103 67 1
77 68 1
78 68 1
79 68 1
80 68 1
81 68 1
82 68 1
83 68 1
84 68 1
85 68 1
86 68 1
87 68 1
88 68 1
89 68 1
90 68 1
91 68 1
92 68 1
93 68 1
94 68 1
95 68 1
96 68 1
97 68 1
98 68 1
99 68 1
100 68 1
101 68 1
102 68 1
103 68 1
104 68 1
79 69 1
80 69 1
81 69 1
82 69 1
83 69 1
84 69 1
85 69 1
86 69 1
87 69 1
88 69 1
89 69 1
90 69 1
91 69 1
92 69 1
93 69 1
94 69 1
95 69 1
96 69 1
97 69 1
98 69 1
99 69 1
100 69 1
101 69 1
102 69 1
103 69 1
104 69 1
105 69 1
78 70 1
79 70 1
80 70 1
81 70 1
82 70 1
83 70 1
84 70 1
85 70 1
86 70 1
87 70 1
88 70 1
89 70 1
90 70 1
91 70 1
92 70 1
93 70 1
94 70 1
95 70 1
96 70 1
97 70 1
98 70 1
99 70 1
100 70 1
101 70 1
102 70 1
103 70 1
104 70 1
105 70 1
78 71 1
79 71 1
80 71 1
81 71 1
82 71 1
83 71 1
84 71 1
85 71 1
86 71 1
87 71 1
88 71 1
89 71 1
90 71 1
91 71 1
92 71 1
93 71 1
94 71 1
95 71 1
96 71 1
97 71 1
98 71 1
99 71 1
100 71 1
101 71 1
102 71 1
103 71 1
104 71 1
105 71 1
78 72 1
80 72 1
81 72 1
82 72 1
83 72 1
84 72 1
85 72 1
86 72 1
87 72 1
88 72 1
89 72 1
90 72 1
91 72 1
92 72 1
93 72 1
94 72 1
95 72 1
96 72 1
97 72 1
98 72 1
99 72 1
100 72 1
101 72 1
102 72 1
103 72 1
104 72 1
105 72 1
80 73 1
81 73 1
82 73 1
83 73 1
84 73 1
85 73 1
86 73 1
87 73 1
88 73 1
89 73 1
90 73 1
91 73 1
92 73 1
93 73 1
94 73 1
95 73 1
96 73 1
97 73 1
98 73 1
99 73 1
100 73 1
101 73 1
102 73 1
103 73 1
104 73 1
105 73 1
79 74 1
80 74 1
81 74 1
82 74 1
83 74 1
84 74 1
85 74 1
86 74 1
87 74 1
88 74 1
89 74 1
90 74 1
91 74 1
92 74 1
93 74 1
94 74 1
95 74 1
96 74 1
97 74 1
98 74 1
99 74 1
100 74 1
101 74 1
102 74 1
103 74 1
104 74 1
105 74 1
79 75 1
81 75 1
82 75 1
83 75 1
84 75 1
85 75 1
86 75 1
87 75 1
88 75 1
89 75 1
90 75 1
91 75 1
92 75 1
93 75 1
94 75 1
95 75 1
96 75 1
97 75 1
98 75 1
99 75 1
100 75 1
101 75 1
102 75 1
103 75 1
104 75 1
81 76 1
87 76 1
88 76 1
89 76 1
90 76 1
91 76 1
92 76 1
93 76 1
94 76 1
95 76 1
97 76 1
98 76 1
99 76 1
100 76 1
101 76 1
102 76 1
103 76 1
104 76 1
88 77 1
89 77 1
90 77 1
91 77 1
92 77 1
93 77 1
94 77 1
96 77 1
97 77 1
98 77 1
99 77 1
100 77 1
101 77 1
102 77 1
103 77 1
104 77 1
87 78 1
88 78 1
93 78 1
96 78 1
97 78 1
98 78 1
99 78 1
100 78 1
101 78 1
102 78 1
103 78 1
104 78 1
93 79 1
94 79 1
95 79 1
96 79 1
97 79 1
98 79 1
99 79 1
100 79 1
101 79 1
102 79 1
93 80 1
94 80 1
95 80 1
96 80 1
97 80 1
98 80 1
99 80 1
100 80 1
101 80 1
102 80 1
91 81 1
92 81 1
93 81 1
94 81 1
95 81 1
96 81 1
97 81 1
98 81 1
99 81 1
100 81 1
101 81 1
91 82 1
92 82 1
93 82 1
94 82 1
95 82 1
96 82 1
97 82 1
98 82 1
99 82 1
100 82 1
101 82 1
91 83 1
92 83 1
94 83 1
95 83 1
96 83 1
97 83 1
98 83 1
90 84 1
92 84 1
93 84 1
94 84 1
95 84 1
96 84 1
97 84 1
92 85 1
93 85 1
139 94 1
2 79 2
2 82 2
3 82 2
4 82 2
6 82 2
2 83 2
3 83 2
4 83 2
6 83 2
7 83 2
8 83 2
2 84 2
4 84 2
5 84 2
6 84 2
7 84 2
8 84 2
4 85 2
5 85 2
6 85 2
2 86 2
3 86 2
4 86 2
5 86 2
2 87 2
3 87 2
4 87 2
3 89 2
4 89 2
2 90 2
3 90 2
4 90 2
2 91 2
3 91 2
4 91 2
2 92 2
3 92 2
2 93 2
3 93 2
2 94 2
2 97 2
6 97 2
182 147 2
183 147 2
184 147 2
185 147 2
186 147 2
187 147 2
188 147 2
189 147 2
182 148 2
183 148 2
184 148 2
185 148 2
186 148 2
187 148 2
188 148 2
189 148 2
181 149 2
182 149 2
183 149 2
184 149 2
185 149 2
186 149 2
187 149 2
188 149 2
189 149 2
178 150 2
179 150 2
180 150 2
181 150 2
182 150 2
183 150 2
184 150 2
185 150 2
186 150 2
187 150 2
188 150 2
189 150 2
177 151 2
178 151 2
179 151 2
180 151 2
181 151 2
182 151 2
183 151 2
184 151 2
188 151 2
189 151 2
174 152 2
176 152 2
177 152 2
178 152 2
179 152 2
180 152 2
186 152 2
174 153 2
175 153 2
