99 1 0
100 1 0
101 1 0
102 1 0
111 1 0
113 1 0
114 1 0
115 1 0
116 1 0
144 1 0
145 1 0
146 1 0
147 1 0
148 1 0
149 1 0
150 1 0
151 1 0
152 1 0
153 1 0
154 1 0
161 1 0
162 1 0
99 2 0
100 2 0
101 2 0
102 2 0
110 2 0
111 2 0
113 2 0
114 2 0
115 2 0
116 2 0
117 2 0
118 2 0
145 2 0
146 2 0
147 2 0
148 2 0
149 2 0
150 2 0
151 2 0
152 2 0
153 2 0
154 2 0
155 2 0
156 2 0
157 2 0
180 2 0
96 3 0
99 3 0
100 3 0
101 3 0
109 3 0
113 3 0
116 3 0
117 3 0
118 3 0
147 3 0
149 3 0
150 3 0
151 3 0
152 3 0
153 3 0
154 3 0
155 3 0
156 3 0
157 3 0
158 3 0
165 3 0
99 4 0
100 4 0
101 4 0
112 4 0
116 4 0
117 4 0
118 4 0
148 4 0
149 4 0
150 4 0
151 4 0
152 4 0
153 4 0
154 4 0
155 4 0
156 4 0
169 4 0
170 4 0
99 5 0
100 5 0
101 5 0
104 5 0
112 5 0
115 5 0
116 5 0
117 5 0
118 5 0
147 5 0
148 5 0
149 5 0
150 5 0
151 5 0
152 5 0
153 5 0
154 5 0
155 5 0
156 5 0
157 5 0
158 5 0
166 5 0
167 5 0
168 5 0
169 5 0
170 5 0
99 6 0
100 6 0
101 6 0
115 6 0
116 6 0
150 6 0
151 6 0
152 6 0
153 6 0
154 6 0
156 6 0
159 6 0
166 6 0
167 6 0
168 6 0
169 6 0
170 6 0
82 7 0
83 7 0
85 7 0
100 7 0
101 7 0
104 7 0
105 7 0
117 7 0
118 7 0
119 7 0
151 7 0
152 7 0
153 7 0
154 7 0
164 7 0
165 7 0
169 7 0
170 7 0
82 8 0
83 8 0
84 8 0
85 8 0
89 8 0
94 8 0
98 8 0
99 8 0
100 8 0
101 8 0
117 8 0
118 8 0
119 8 0
120 8 0
152 8 0
153 8 0
154 8 0
164 8 0
165 8 0
169 8 0
170 8 0
83 9 0
84 9 0
91 9 0
95 9 0
99 9 0
100 9 0
101 9 0
118 9 0
119 9 0
120 9 0
139 9 0
151 9 0
152 9 0
153 9 0
163 9 0
164 9 0
165 9 0
169 9 0
170 9 0
184 9 0
99 10 0
100 10 0
113 10 0
114 10 0
115 10 0
116 10 0
118 10 0
119 10 0
120 10 0
153 10 0
155 10 0
164 10 0
165 10 0
168 10 0
169 10 0
170 10 0
95 11 0
100 11 0
112 11 0
113 11 0
114 11 0
115 11 0
116 11 0
118 11 0
119 11 0
120 11 0
121 11 0
123 11 0
124 11 0
126 11 0
127 11 0
143 11 0
162 11 0
163 11 0
164 11 0
168 11 0
169 11 0
178 11 0
94 12 0
95 12 0
96 12 0
97 12 0
100 12 0
101 12 0
104 12 0
107 12 0
108 12 0
109 12 0
110 12 0
111 12 0
112 12 0
113 12 0
114 12 0
115 12 0
116 12 0
117 12 0
119 12 0
120 12 0
122 12 0
123 12 0
124 12 0
125 12 0
126 12 0
127 12 0
128 12 0
142 12 0
143 12 0
144 12 0
145 12 0
161 12 0
162 12 0
163 12 0
166 12 0
168 12 0
169 12 0
94 13 0
98 13 0
99 13 0
100 13 0
102 13 0
105 13 0
106 13 0
107 13 0
109 13 0
110 13 0
111 13 0
112 13 0
113 13 0
114 13 0
115 13 0
116 13 0
120 13 0
121 13 0
122 13 0
127 13 0
128 13 0
142 13 0
143 13 0
144 13 0
145 13 0
163 13 0
164 13 0
165 13 0
166 13 0
98 14 0
99 14 0
100 14 0
101 14 0
105 14 0
106 14 0
107 14 0
108 14 0
109 14 0
110 14 0
111 14 0
112 14 0
113 14 0
114 14 0
115 14 0
116 14 0
120 14 0
121 14 0
122 14 0
144 14 0
145 14 0
164 14 0
166 14 0
98 15 0
99 15 0
100 15 0
105 15 0
106 15 0
107 15 0
109 15 0
110 15 0
111 15 0
112 15 0
113 15 0
114 15 0
115 15 0
116 15 0
117 15 0
118 15 0
119 15 0
120 15 0
121 15 0
122 15 0
123 15 0
157 15 0
183 15 0
98 16 0
99 16 0
101 16 0
102 16 0
106 16 0
107 16 0
108 16 0
109 16 0
110 16 0
111 16 0
112 16 0
113 16 0
114 16 0
115 16 0
116 16 0
117 16 0
118 16 0
119 16 0
120 16 0
121 16 0
122 16 0
151 16 0
161 16 0
162 16 0
98 17 0
99 17 0
100 17 0
103 17 0
104 17 0
106 17 0
107 17 0
108 17 0
109 17 0
110 17 0
112 17 0
113 17 0
114 17 0
119 17 0
120 17 0
121 17 0
122 17 0
134 17 0
135 17 0
139 17 0
145 17 0
149 17 0
161 17 0
162 17 0
9 18 0
18 18 0
39 18 0
98 18 0
99 18 0
100 18 0
102 18 0
107 18 0
109 18 0
110 18 0
111 18 0
112 18 0
113 18 0
114 18 0
119 18 0
120 18 0
121 18 0
122 18 0
123 18 0
127 18 0
129 18 0
143 18 0
145 18 0
148 18 0
149 18 0
150 18 0
160 18 0
161 18 0
162 18 0
9 19 0
21 19 0
39 19 0
98 19 0
99 19 0
104 19 0
105 19 0
106 19 0
109 19 0
110 19 0
111 19 0
112 19 0
113 19 0
114 19 0
119 19 0
120 19 0
121 19 0
123 19 0
133 19 0
134 19 0
142 19 0
143 19 0
145 19 0
148 19 0
149 19 0
155 19 0
156 19 0
160 19 0
161 19 0
162 19 0
8 20 0
9 20 0
98 20 0
99 20 0
100 20 0
101 20 0
102 20 0
105 20 0
106 20 0
108 20 0
109 20 0
110 20 0
111 20 0
112 20 0
113 20 0
114 20 0
119 20 0
120 20 0
121 20 0
122 20 0
123 20 0
124 20 0
127 20 0
128 20 0
133 20 0
138 20 0
139 20 0
143 20 0
145 20 0
147 20 0
148 20 0
149 20 0
150 20 0
156 20 0
160 20 0
161 20 0
162 20 0
5 21 0
32 21 0
97 21 0
98 21 0
99 21 0
100 21 0
101 21 0
102 21 0
107 21 0
109 21 0
110 21 0
111 21 0
112 21 0
113 21 0
114 21 0
115 21 0
116 21 0
117 21 0
118 21 0
119 21 0
123 21 0
124 21 0
127 21 0
129 21 0
131 21 0
132 21 0
133 21 0
134 21 0
137 21 0
139 21 0
143 21 0
144 21 0
145 21 0
146 21 0
147 21 0
148 21 0
154 21 0
156 21 0
160 21 0
161 21 0
34 22 0
35 22 0
98 22 0
99 22 0
100 22 0
101 22 0
102 22 0
103 22 0
104 22 0
105 22 0
109 22 0
113 22 0
114 22 0
117 22 0
122 22 0
123 22 0
124 22 0
127 22 0
128 22 0
129 22 0
131 22 0
132 22 0
133 22 0
134 22 0
137 22 0
139 22 0
142 22 0
143 22 0
144 22 0
145 22 0
146 22 0
160 22 0
161 22 0
33 23 0
34 23 0
35 23 0
98 23 0
99 23 0
101 23 0
102 23 0
103 23 0
108 23 0
109 23 0
110 23 0
117 23 0
122 23 0
123 23 0
124 23 0
127 23 0
128 23 0
132 23 0
134 23 0
137 23 0
138 23 0
139 23 0
142 23 0
143 23 0
144 23 0
145 23 0
148 23 0
160 23 0
161 23 0
34 24 0
97 24 0
98 24 0
99 24 0
100 24 0
104 24 0
105 24 0
109 24 0
110 24 0
112 24 0
113 24 0
114 24 0
122 24 0
124 24 0
125 24 0
126 24 0
127 24 0
128 24 0
131 24 0
132 24 0
133 24 0
134 24 0
136 24 0
137 24 0
138 24 0
142 24 0
144 24 0
146 24 0
147 24 0
148 24 0
153 24 0
154 24 0
159 24 0
160 24 0
161 24 0
33 25 0
96 25 0
97 25 0
98 25 0
99 25 0
102 25 0
104 25 0
107 25 0
108 25 0
111 25 0
112 25 0
113 25 0
114 25 0
115 25 0
116 25 0
119 25 0
120 25 0
121 25 0
122 25 0
126 25 0
127 25 0
131 25 0
132 25 0
97 26 0
98 26 0
99 26 0
106 26 0
108 26 0
113 26 0
114 26 0
115 26 0
116 26 0
117 26 0
118 26 0
119 26 0
120 26 0
121 26 0
122 26 0
97 27 0
98 27 0
99 27 0
107 27 0
108 27 0
109 27 0
116 27 0
117 27 0
118 27 0
119 27 0
120 27 0
121 27 0
122 27 0
96 28 0
97 28 0
98 28 0
99 28 0
106 28 0
107 28 0
108 28 0
109 28 0
115 28 0
116 28 0
117 28 0
118 28 0
119 28 0
120 28 0
121 28 0
122 28 0
96 29 0
97 29 0
98 29 0
102 29 0
110 29 0
112 29 0
115 29 0
116 29 0
117 29 0
118 29 0
119 29 0
120 29 0
121 29 0
122 29 0
95 30 0
96 30 0
97 30 0
98 30 0
112 30 0
114 30 0
116 30 0
117 30 0
118 30 0
119 30 0
120 30 0
121 30 0
122 30 0
178 30 0
92 31 0
93 31 0
96 31 0
97 31 0
98 31 0
99 31 0
101 31 0
102 31 0
111 31 0
112 31 0
116 31 0
117 31 0
118 31 0
119 31 0
120 31 0
121 31 0
92 32 0
93 32 0
94 32 0
97 32 0
98 32 0
99 32 0
100 32 0
101 32 0
111 32 0
112 32 0
118 32 0
119 32 0
120 32 0
121 32 0
92 33 0
93 33 0
94 33 0
95 33 0
100 33 0
101 33 0
102 33 0
110 33 0
111 33 0
112 33 0
113 33 0
114 33 0
115 33 0
118 33 0
119 33 0
120 33 0
121 33 0
122 33 0
92 34 0
93 34 0
94 34 0
95 34 0
96 34 0
97 34 0
98 34 0
116 34 0
117 34 0
118 34 0
119 34 0
120 34 0
123 34 0
92 35 0
93 35 0
94 35 0
95 35 0
96 35 0
97 35 0
98 35 0
99 35 0
102 35 0
103 35 0
113 35 0
114 35 0
115 35 0
116 35 0
119 35 0
120 35 0
122 35 0
123 35 0
92 36 0
93 36 0
94 36 0
95 36 0
96 36 0
97 36 0
98 36 0
101 36 0
102 36 0
103 36 0
104 36 0
105 36 0
113 36 0
114 36 0
117 36 0
118 36 0
119 36 0
120 36 0
122 36 0
123 36 0
93 37 0
94 37 0
95 37 0
96 37 0
97 37 0
98 37 0
103 37 0
104 37 0
115 37 0
116 37 0
117 37 0
118 37 0
119 37 0
120 37 0
122 37 0
123 37 0
92 38 0
93 38 0
94 38 0
95 38 0
96 38 0
97 38 0
100 38 0
101 38 0
102 38 0
103 38 0
104 38 0
105 38 0
112 38 0
114 38 0
116 38 0
117 38 0
118 38 0
119 38 0
120 38 0
122 38 0
92 39 0
93 39 0
94 39 0
95 39 0
96 39 0
97 39 0
100 39 0
102 39 0
103 39 0
104 39 0
107 39 0
116 39 0
117 39 0
118 39 0
120 39 0
121 39 0
122 39 0
89 40 0
93 40 0
94 40 0
95 40 0
96 40 0
97 40 0
99 40 0
100 40 0
101 40 0
102 40 0
103 40 0
104 40 0
105 40 0
106 40 0
114 40 0
115 40 0
116 40 0
117 40 0
118 40 0
119 40 0
120 40 0
121 40 0
122 40 0
123 40 0
180 40 0
92 41 0
93 41 0
94 41 0
95 41 0
96 41 0
104 41 0
105 41 0
106 41 0
107 41 0
108 41 0
116 41 0
117 41 0
118 41 0
119 41 0
120 41 0
121 41 0
122 41 0
92 42 0
93 42 0
94 42 0
95 42 0
96 42 0
102 42 0
103 42 0
104 42 0
105 42 0
106 42 0
107 42 0
108 42 0
109 42 0
114 42 0
116 42 0
117 42 0
118 42 0
119 42 0
120 42 0
89 43 0
90 43 0
95 43 0
103 43 0
104 43 0
105 43 0
106 43 0
107 43 0
108 43 0
112 43 0
113 43 0
114 43 0
116 43 0
117 43 0
118 43 0
119 43 0
120 43 0
48 44 0
101 44 0
102 44 0
106 44 0
107 44 0
108 44 0
109 44 0
112 44 0
113 44 0
114 44 0
116 44 0
117 44 0
118 44 0
119 44 0
120 44 0
43 45 0
76 45 0
89 45 0
98 45 0
99 45 0
110 45 0
111 45 0
112 45 0
113 45 0
114 45 0
115 45 0
116 45 0
117 45 0
118 45 0
119 45 0
120 45 0
42 46 0
47 46 0
48 46 0
72 46 0
73 46 0
75 46 0
76 46 0
81 46 0
89 46 0
100 46 0
104 46 0
109 46 0
110 46 0
111 46 0
114 46 0
116 46 0
117 46 0
118 46 0
119 46 0
42 47 0
43 47 0
46 47 0
47 47 0
48 47 0
53 47 0
71 47 0
72 47 0
75 47 0
76 47 0
80 47 0
88 47 0
89 47 0
96 47 0
97 47 0
98 47 0
99 47 0
100 47 0
105 47 0
109 47 0
115 47 0
116 47 0
117 47 0
118 47 0
119 47 0
42 48 0
46 48 0
47 48 0
71 48 0
72 48 0
75 48 0
76 48 0
79 48 0
80 48 0
88 48 0
100 48 0
102 48 0
109 48 0
110 48 0
115 48 0
116 48 0
117 48 0
118 48 0
119 48 0
72 49 0
73 49 0
75 49 0
76 49 0
80 49 0
88 49 0
99 49 0
100 49 0
109 49 0
110 49 0
116 49 0
117 49 0
118 49 0
119 49 0
72 50 0
73 50 0
75 50 0
76 50 0
92 50 0
101 50 0
102 50 0
103 50 0
116 50 0
117 50 0
118 50 0
119 50 0
120 50 0
72 51 0
73 51 0
75 51 0
93 51 0
97 51 0
105 51 0
106 51 0
107 51 0
112 51 0
113 51 0
115 51 0
117 51 0
118 51 0
119 51 0
120 51 0
56 52 0
87 52 0
88 52 0
93 52 0
98 52 0
99 52 0
103 52 0
104 52 0
105 52 0
106 52 0
109 52 0
117 52 0
118 52 0
119 52 0
120 52 0
79 53 0
80 53 0
92 53 0
93 53 0
94 53 0
103 53 0
106 53 0
108 53 0
109 53 0
110 53 0
117 53 0
118 53 0
119 53 0
120 53 0
26 54 0
27 54 0
54 54 0
59 54 0
60 54 0
88 54 0
93 54 0
94 54 0
99 54 0
107 54 0
112 54 0
113 54 0
114 54 0
117 54 0
118 54 0
119 54 0
120 54 0
136 54 0
44 55 0
47 55 0
79 55 0
92 55 0
93 55 0
94 55 0
98 55 0
105 55 0
112 55 0
117 55 0
118 55 0
119 55 0
120 55 0
32 56 0
44 56 0
46 56 0
47 56 0
48 56 0
65 56 0
66 56 0
77 56 0
94 56 0
107 56 0
117 56 0
118 56 0
119 56 0
120 56 0
33 57 0
46 57 0
47 57 0
54 57 0
68 57 0
69 57 0
75 57 0
92 57 0
93 57 0
107 57 0
109 57 0
110 57 0
117 57 0
118 57 0
119 57 0
120 57 0
133 57 0
47 58 0
69 58 0
70 58 0
74 58 0
76 58 0
77 58 0
87 58 0
88 58 0
98 58 0
111 58 0
112 58 0
113 58 0
117 58 0
118 58 0
119 58 0
120 58 0
121 58 0
70 59 0
76 59 0
78 59 0
92 59 0
93 59 0
112 59 0
113 59 0
114 59 0
116 59 0
117 59 0
118 59 0
119 59 0
120 59 0
121 59 0
122 59 0
144 59 0
64 60 0
66 60 0
67 60 0
76 60 0
78 60 0
91 60 0
93 60 0
94 60 0
112 60 0
113 60 0
114 60 0
116 60 0
117 60 0
118 60 0
119 60 0
120 60 0
121 60 0
122 60 0
47 61 0
67 61 0
78 61 0
79 61 0
86 61 0
93 61 0
94 61 0
115 61 0
116 61 0
117 61 0
118 61 0
119 61 0
120 61 0
121 61 0
122 61 0
77 62 0
78 62 0
92 62 0
93 62 0
113 62 0
116 62 0
117 62 0
118 62 0
119 62 0
120 62 0
121 62 0
157 62 0
46 63 0
77 63 0
92 63 0
93 63 0
117 63 0
118 63 0
119 63 0
120 63 0
133 63 0
134 63 0
135 63 0
156 63 0
157 63 0
161 63 0
162 63 0
51 64 0
57 64 0
76 64 0
77 64 0
86 64 0
93 64 0
117 64 0
118 64 0
119 64 0
120 64 0
131 64 0
132 64 0
156 64 0
157 64 0
161 64 0
174 64 0
176 64 0
57 65 0
76 65 0
77 65 0
86 65 0
91 65 0
108 65 0
117 65 0
118 65 0
119 65 0
120 65 0
156 65 0
157 65 0
160 65 0
161 65 0
162 65 0
76 66 0
77 66 0
86 66 0
92 66 0
93 66 0
94 66 0
96 66 0
104 66 0
105 66 0
115 66 0
117 66 0
118 66 0
119 66 0
120 66 0
156 66 0
157 66 0
160 66 0
161 66 0
75 67 0
76 67 0
91 67 0
92 67 0
97 67 0
107 67 0
117 67 0
118 67 0
119 67 0
120 67 0
157 67 0
158 67 0
160 67 0
161 67 0
173 67 0
53 68 0
55 68 0
75 68 0
76 68 0
85 68 0
97 68 0
98 68 0
99 68 0
116 68 0
117 68 0
118 68 0
119 68 0
120 68 0
75 69 0
76 69 0
86 69 0
99 69 0
101 69 0
105 69 0
108 69 0
117 69 0
118 69 0
119 69 0
120 69 0
75 70 0
76 70 0
97 70 0
106 70 0
108 70 0
117 70 0
118 70 0
119 70 0
120 70 0
72 71 0
73 71 0
76 71 0
77 71 0
96 71 0
117 71 0
118 71 0
119 71 0
120 71 0
59 72 0
63 72 0
65 72 0
76 72 0
77 72 0
85 72 0
91 72 0
100 72 0
110 72 0
112 72 0
117 72 0
118 72 0
119 72 0
120 72 0
76 73 0
92 73 0
99 73 0
100 73 0
101 73 0
103 73 0
111 73 0
112 73 0
117 73 0
118 73 0
119 73 0
120 73 0
76 74 0
92 74 0
93 74 0
94 74 0
95 74 0
97 74 0
100 74 0
101 74 0
102 74 0
103 74 0
117 74 0
118 74 0
119 74 0
120 74 0
57 75 0
58 75 0
60 75 0
61 75 0
75 75 0
76 75 0
93 75 0
94 75 0
117 75 0
118 75 0
119 75 0
120 75 0
58 76 0
60 76 0
61 76 0
74 76 0
76 76 0
84 76 0
104 76 0
106 76 0
117 76 0
118 76 0
119 76 0
120 76 0
75 77 0
76 77 0
84 77 0
85 77 0
94 77 0
95 77 0
96 77 0
117 77 0
118 77 0
119 77 0
120 77 0
75 78 0
76 78 0
77 78 0
95 78 0
96 78 0
97 78 0
116 78 0
117 78 0
118 78 0
119 78 0
120 78 0
75 79 0
76 79 0
84 79 0
90 79 0
97 79 0
99 79 0
116 79 0
117 79 0
119 79 0
120 79 0
121 79 0
75 80 0
76 80 0
77 80 0
90 80 0
91 80 0
116 80 0
117 80 0
118 80 0
119 80 0
120 80 0
121 80 0
45 81 0
76 81 0
77 81 0
84 81 0
91 81 0
92 81 0
114 81 0
115 81 0
116 81 0
117 81 0
120 81 0
121 81 0
60 82 0
76 82 0
77 82 0
90 82 0
94 82 0
95 82 0
111 82 0
113 82 0
114 82 0
115 82 0
116 82 0
117 82 0
75 83 0
76 83 0
83 83 0
91 83 0
102 83 0
103 83 0
105 83 0
113 83 0
114 83 0
115 83 0
116 83 0
117 83 0
43 84 0
44 84 0
58 84 0
75 84 0
76 84 0
83 84 0
94 84 0
106 84 0
112 84 0
113 84 0
114 84 0
115 84 0
116 84 0
117 84 0
2 85 0
3 85 0
27 85 0
28 85 0
29 85 0
43 85 0
44 85 0
45 85 0
74 85 0
75 85 0
76 85 0
83 85 0
97 85 0
98 85 0
99 85 0
112 85 0
113 85 0
114 85 0
115 85 0
116 85 0
117 85 0
121 85 0
1 86 0
2 86 0
3 86 0
4 86 0
27 86 0
28 86 0
42 86 0
43 86 0
44 86 0
45 86 0
74 86 0
75 86 0
76 86 0
83 86 0
98 86 0
99 86 0
100 86 0
108 86 0
111 86 0
112 86 0
113 86 0
114 86 0
115 86 0
116 86 0
117 86 0
121 86 0
2 87 0
3 87 0
4 87 0
27 87 0
28 87 0
30 87 0
43 87 0
44 87 0
45 87 0
56 87 0
74 87 0
75 87 0
76 87 0
98 87 0
99 87 0
100 87 0
111 87 0
112 87 0
113 87 0
114 87 0
115 87 0
116 87 0
121 87 0
122 87 0
2 88 0
3 88 0
4 88 0
43 88 0
44 88 0
45 88 0
73 88 0
74 88 0
75 88 0
76 88 0
79 88 0
80 88 0
85 88 0
89 88 0
92 88 0
100 88 0
110 88 0
111 88 0
112 88 0
113 88 0
114 88 0
115 88 0
116 88 0
121 88 0
122 88 0
44 89 0
55 89 0
74 89 0
75 89 0
76 89 0
79 89 0
81 89 0
83 89 0
84 89 0
86 89 0
87 89 0
88 89 0
89 89 0
92 89 0
102 89 0
103 89 0
110 89 0
111 89 0
112 89 0
114 89 0
115 89 0
116 89 0
121 89 0
122 89 0
1 90 0
5 90 0
44 90 0
73 90 0
74 90 0
75 90 0
76 90 0
81 90 0
83 90 0
87 90 0
88 90 0
89 90 0
91 90 0
96 90 0
103 90 0
109 90 0
110 90 0
111 90 0
112 90 0
113 90 0
114 90 0
115 90 0
116 90 0
122 90 0
73 91 0
74 91 0
75 91 0
77 91 0
78 91 0
87 91 0
88 91 0
89 91 0
91 91 0
95 91 0
97 91 0
98 91 0
99 91 0
103 91 0
104 91 0
105 91 0
110 91 0
111 91 0
113 91 0
115 91 0
116 91 0
117 91 0
73 92 0
74 92 0
79 92 0
88 92 0
89 92 0
95 92 0
96 92 0
97 92 0
100 92 0
104 92 0
105 92 0
110 92 0
111 92 0
112 92 0
113 92 0
114 92 0
115 92 0
116 92 0
95 93 0
99 93 0
100 93 0
105 93 0
110 93 0
113 93 0
114 93 0
115 93 0
116 93 0
19 94 0
20 94 0
88 94 0
95 94 0
96 94 0
97 94 0
98 94 0
101 94 0
102 94 0
106 94 0
107 94 0
109 94 0
115 94 0
116 94 0
117 94 0
5 95 0
38 95 0
40 95 0
41 95 0
88 95 0
89 95 0
94 95 0
96 95 0
97 95 0
98 95 0
100 95 0
102 95 0
103 95 0
104 95 0
105 95 0
106 95 0
110 95 0
111 95 0
113 95 0
114 95 0
115 95 0
118 95 0
119 95 0
120 95 0
122 95 0
123 95 0
5 96 0
88 96 0
89 96 0
91 96 0
92 96 0
94 96 0
95 96 0
96 96 0
97 96 0
98 96 0
99 96 0
102 96 0
114 96 0
115 96 0
116 96 0
119 96 0
122 96 0
123 96 0
92 97 0
93 97 0
94 97 0
95 97 0
96 97 0
97 97 0
98 97 0
99 97 0
101 97 0
102 97 0
103 97 0
104 97 0
105 97 0
106 97 0
107 97 0
115 97 0
125 97 0
92 98 0
93 98 0
94 98 0
95 98 0
96 98 0
97 98 0
98 98 0
99 98 0
100 98 0
101 98 0
102 98 0
103 98 0
104 98 0
105 98 0
106 98 0
107 98 0
109 98 0
112 98 0
113 98 0
115 98 0
116 98 0
121 98 0
96 99 0
102 99 0
103 99 0
104 99 0
105 99 0
106 99 0
107 99 0
108 99 0
109 99 0
110 99 0
111 99 0
112 99 0
113 99 0
115 99 0
116 99 0
121 99 0
2 100 0
3 100 0
91 100 0
93 100 0
98 100 0
99 100 0
100 100 0
104 100 0
105 100 0
106 100 0
107 100 0
112 100 0
113 100 0
115 100 0
116 100 0
117 100 0
13 101 0
92 101 0
93 101 0
94 101 0
95 101 0
96 101 0
97 101 0
98 101 0
100 101 0
102 101 0
107 101 0
109 101 0
112 101 0
115 101 0
116 101 0
6 102 0
9 102 0
13 102 0
14 102 0
90 102 0
93 102 0
103 102 0
111 102 0
113 102 0
115 102 0
116 102 0
89 103 0
90 103 0
91 103 0
92 103 0
100 103 0
110 103 0
111 103 0
116 103 0
117 103 0
88 104 0
89 104 0
91 104 0
93 104 0
94 104 0
103 104 0
106 104 0
107 104 0
111 104 0
112 104 0
113 104 0
116 104 0
117 104 0
89 105 0
90 105 0
99 105 0
109 105 0
110 105 0
111 105 0
112 105 0
113 105 0
114 105 0
117 105 0
118 105 0
89 106 0
94 106 0
96 106 0
97 106 0
101 106 0
102 106 0
106 106 0
108 106 0
109 106 0
111 106 0
112 106 0
113 106 0
114 106 0
115 106 0
116 106 0
117 106 0
93 107 0
94 107 0
114 107 0
115 107 0
117 107 0
103 108 0
106 108 0
107 108 0
113 108 0
114 108 0
96 110 0
108 110 0
111 115 0
111 116 0
112 116 0
90 118 0
94 119 0
87 120 0
88 120 0
94 120 0
95 120 0
96 120 0
86 121 0
87 121 0
88 121 0
89 121 0
90 121 0
91 121 0
92 121 0
94 121 0
95 121 0
96 121 0
97 121 0
87 122 0
88 122 0
89 122 0
90 122 0
92 122 0
93 122 0
94 122 0
95 122 0
88 123 0
89 123 0
90 123 0
91 123 0
92 123 0
95 123 0
96 123 0
89 124 0
90 124 0
91 124 0
92 124 0
93 124 0
94 124 0
95 124 0
96 124 0
97 124 0
88 125 0
89 125 0
90 125 0
91 125 0
92 125 0
93 125 0
94 125 0
95 125 0
89 126 0
90 126 0
91 126 0
92 126 0
93 126 0
94 126 0
95 126 0
99 126 0
89 127 0
90 127 0
91 127 0
92 127 0
93 127 0
94 127 0
95 127 0
89 128 0
90 128 0
91 128 0
92 128 0
93 128 0
94 128 0
89 129 0
90 129 0
91 129 0
96 129 0
102 129 0
117 129 0
118 129 0
88 130 0
89 130 0
97 130 0
103 130 0
100 132 0
101 132 0
102 132 0
103 132 0
104 132 0
118 132 0
110 134 0
101 135 0
102 135 0
103 136 0
101 137 0
103 139 0
104 139 0
105 140 0
88 141 0
105 141 0
106 141 0
108 141 0
89 142 0
90 142 0
91 142 0
104 142 0
108 142 0
109 142 0
87 143 0
88 143 0
89 143 0
92 143 0
93 143 0
94 143 0
108 143 0
109 143 0
86 144 0
87 144 0
88 144 0
93 144 0
94 144 0
107 144 0
108 144 0
109 144 0
85 145 0
87 145 0
88 145 0
93 145 0
94 145 0
95 145 0
84 146 0
85 146 0
86 146 0
87 146 0
94 146 0
95 146 0
96 146 0
84 147 0
85 147 0
94 147 0
96 147 0
97 147 0
108 147 0
109 147 0
110 147 0
111 147 0
112 147 0
78 148 0
84 148 0
85 148 0
86 148 0
96 148 0
97 148 0
98 148 0
111 148 0
112 148 0
83 149 0
84 149 0
85 149 0
86 149 0
98 149 0
99 149 0
110 149 0
179 149 0
185 149 0
85 150 0
86 150 0
87 150 0
88 150 0
98 150 0
99 150 0
100 150 0
107 150 0
108 150 0
109 150 0
110 150 0
113 150 0
114 150 0
115 150 0
182 150 0
183 150 0
184 150 0
185 150 0
186 150 0
187 150 0
188 150 0
75 151 0
76 151 0
77 151 0
80 151 0
81 151 0
82 151 0
87 151 0
88 151 0
99 151 0
100 151 0
101 151 0
108 151 0
109 151 0
110 151 0
112 151 0
113 151 0
114 151 0
115 151 0
116 151 0
178 151 0
180 151 0
181 151 0
182 151 0
183 151 0
184 151 0
185 151 0
186 151 0
76 152 0
77 152 0
79 152 0
80 152 0
81 152 0
82 152 0
83 152 0
87 152 0
97 152 0
99 152 0
100 152 0
101 152 0
102 152 0
108 152 0
109 152 0
110 152 0
112 152 0
113 152 0
114 152 0
115 152 0
116 152 0
179 152 0
180 152 0
181 152 0
182 152 0
183 152 0
184 152 0
185 152 0
77 153 0
101 153 0
108 153 0
109 153 0
110 153 0
113 153 0
114 153 0
115 153 0
116 153 0
122 153 0
123 153 0
124 153 0
129 153 0
137 153 0
142 153 0
143 153 0
164 153 0
178 153 0
179 153 0
181 153 0
182 153 0
184 153 0
74 154 0
75 154 0
76 154 0
77 154 0
78 154 0
94 154 0
108 154 0
109 154 0
110 154 0
111 154 0
112 154 0
113 154 0
114 154 0
115 154 0
116 154 0
117 154 0
118 154 0
119 154 0
121 154 0
122 154 0
123 154 0
129 154 0
130 154 0
131 154 0
132 154 0
136 154 0
137 154 0
138 154 0
143 154 0
150 154 0
151 154 0
156 154 0
159 154 0
163 154 0
164 154 0
165 154 0
166 154 0
175 154 0
176 154 0
177 154 0
178 154 0
74 155 0
75 155 0
76 155 0
77 155 0
78 155 0
100 155 0
108 155 0
109 155 0
110 155 0
113 155 0
114 155 0
115 155 0
131 155 0
132 155 0
143 155 0
144 155 0
145 155 0
146 155 0
150 155 0
151 155 0
157 155 0
159 155 0
160 155 0
161 155 0
162 155 0
163 155 0
164 155 0
165 155 0
171 155 0
172 155 0
173 155 0
174 155 0
175 155 0
176 155 0
177 155 0
74 156 0
75 156 0
76 156 0
77 156 0
78 156 0
82 156 0
101 156 0
109 156 0
110 156 0
111 156 0
114 156 0
115 156 0
116 156 0
117 156 0
144 156 0
146 156 0
148 156 0
76 157 0
77 157 0
78 157 0
109 157 0
110 157 0
111 157 0
116 157 0
117 157 0
118 157 0
124 157 0
125 157 0
126 157 0
130 157 0
131 157 0
132 157 0
138 157 0
139 157 0
145 157 0
146 157 0
152 157 0
153 157 0
154 157 0
159 157 0
166 157 0
77 158 0
117 158 0
118 158 0
123 158 0
124 158 0
125 158 0
126 158 0
130 158 0
131 158 0
132 158 0
135 158 0
138 158 0
139 158 0
140 158 0
145 158 0
146 158 0
152 158 0
153 158 0
154 158 0
155 158 0
159 158 0
160 158 0
163 158 0
164 158 0
165 158 0
166 158 0
167 158 0
76 159 0
79 159 0
80 159 0
123 159 0
124 159 0
125 159 0
126 159 0
130 159 0
132 159 0
135 159 0
136 159 0
138 159 0
139 159 0
140 159 0
144 159 0
146 159 0
149 159 0
150 159 0
151 159 0
152 159 0
153 159 0
74 160 0
75 160 0
77 160 0
79 160 0
80 160 0
81 160 0
140 160 0
73 161 0
74 161 0
75 161 0
77 161 0
79 161 0
80 161 0
81 161 0
115 161 0
73 162 0
74 162 0
75 162 0
76 162 0
77 162 0
80 162 0
81 162 0
82 162 0
73 163 0
74 163 0
75 163 0
76 163 0
77 163 0
83 163 0
76 164 0
77 164 0
78 164 0
79 164 0
76 165 0
77 165 0
76 166 0
72 167 0
72 168 0
73 168 0
75 168 0
79 168 0
80 168 0
72 169 0
73 169 0
74 169 0
75 169 0
78 169 0
79 169 0
80 169 0
81 169 0
72 170 0
73 170 0
74 170 0
75 170 0
79 170 0
80 170 0
81 170 0
82 170 0
72 171 0
73 171 0
74 171 0
75 171 0
76 171 0
77 171 0
81 171 0
82 171 0
83 171 0
72 172 0
73 172 0
74 172 0
75 172 0
76 172 0
77 172 0
80 172 0
82 172 0
83 172 0
84 172 0
76 173 0
77 173 0
83 173 0
84 173 0
76 174 0
77 174 0
74 175 0
75 175 0
72 177 0
73 177 0
79 177 0
80 177 0
81 177 0
88 65 1
100 65 1
135 91 1
135 92 1
136 92 1
138 92 1
141 92 1
132 93 1
134 93 1
135 93 1
136 93 1
137 93 1
138 93 1
139 93 1
140 93 1
141 93 1
142 93 1
128 94 1
131 94 1
132 94 1
133 94 1
134 94 1
135 94 1
136 94 1
137 94 1
138 94 1
139 94 1
140 94 1
141 94 1
142 94 1
143 94 1
144 94 1
130 95 1
131 95 1
132 95 1
133 95 1
134 95 1
135 95 1
136 95 1
137 95 1
138 95 1
139 95 1
140 95 1
141 95 1
142 95 1
143 95 1
144 95 1
145 95 1
146 95 1
126 96 1
130 96 1
131 96 1
132 96 1
133 96 1
134 96 1
135 96 1
136 96 1
137 96 1
138 96 1
139 96 1
140 96 1
141 96 1
142 96 1
143 96 1
144 96 1
145 96 1
146 96 1
147 96 1
128 97 1
130 97 1
131 97 1
132 97 1
133 97 1
134 97 1
135 97 1
136 97 1
137 97 1
138 97 1
139 97 1
140 97 1
141 97 1
142 97 1
143 97 1
144 97 1
145 97 1
146 97 1
147 97 1
148 97 1
149 97 1
126 98 1
127 98 1
128 98 1
130 98 1
131 98 1
132 98 1
133 98 1
134 98 1
135 98 1
136 98 1
137 98 1
138 98 1
139 98 1
140 98 1
141 98 1
142 98 1
143 98 1
144 98 1
145 98 1
146 98 1
147 98 1
148 98 1
149 98 1
150 98 1
125 99 1
128 99 1
129 99 1
130 99 1
131 99 1
132 99 1
133 99 1
134 99 1
135 99 1
136 99 1
137 99 1
138 99 1
139 99 1
140 99 1
141 99 1
142 99 1
143 99 1
144 99 1
145 99 1
146 99 1
147 99 1
148 99 1
149 99 1
150 99 1
151 99 1
126 100 1
127 100 1
128 100 1
129 100 1
130 100 1
131 100 1
132 100 1
133 100 1
134 100 1
135 100 1
136 100 1
137 100 1
138 100 1
139 100 1
140 100 1
141 100 1
142 100 1
143 100 1
144 100 1
145 100 1
146 100 1
147 100 1
148 100 1
149 100 1
150 100 1
151 100 1
152 100 1
125 101 1
126 101 1
127 101 1
128 101 1
129 101 1
130 101 1
131 101 1
132 101 1
133 101 1
134 101 1
135 101 1
136 101 1
137 101 1
138 101 1
139 101 1
140 101 1
141 101 1
142 101 1
143 101 1
144 101 1
145 101 1
146 101 1
147 101 1
148 101 1
149 101 1
150 101 1
151 101 1
152 101 1
126 102 1
127 102 1
128 102 1
129 102 1
130 102 1
131 102 1
132 102 1
133 102 1
134 102 1
135 102 1
136 102 1
137 102 1
138 102 1
139 102 1
140 102 1
141 102 1
142 102 1
143 102 1
144 102 1
145 102 1
146 102 1
147 102 1
148 102 1
149 102 1
150 102 1
151 102 1
127 103 1
128 103 1
129 103 1
130 103 1
131 103 1
132 103 1
133 103 1
134 103 1
135 103 1
136 103 1
137 103 1
138 103 1
139 103 1
140 103 1
141 103 1
142 103 1
143 103 1
144 103 1
145 103 1
146 103 1
147 103 1
148 103 1
149 103 1
150 103 1
151 103 1
152 103 1
127 104 1
128 104 1
129 104 1
130 104 1
132 104 1
133 104 1
134 104 1
136 104 1
137 104 1
138 104 1
139 104 1
140 104 1
141 104 1
142 104 1
143 104 1
144 104 1
146 104 1
147 104 1
148 104 1
149 104 1
150 104 1
151 104 1
152 104 1
129 105 1
133 105 1
135 105 1
136 105 1
137 105 1
138 105 1
139 105 1
140 105 1
141 105 1
142 105 1
143 105 1
144 105 1
148 105 1
149 105 1
150 105 1
151 105 1
132 106 1
133 106 1
135 106 1
136 106 1
137 106 1
138 106 1
139 106 1
140 106 1
141 106 1
142 106 1
143 106 1
144 106 1
147 106 1
148 106 1
149 106 1
150 106 1
151 106 1
136 107 1
137 107 1
138 107 1
139 107 1
140 107 1
145 107 1
146 107 1
147 107 1
149 107 1
150 107 1
151 107 1
145 108 1
146 108 1
148 108 1
149 108 1
150 108 1
144 109 1
145 109 1
146 109 1
148 109 1
149 109 1
143 110 1
144 110 1
145 110 1
147 110 1
148 110 1
149 110 1
141 111 1
142 111 1
143 111 1
144 111 1
145 111 1
147 111 1
148 111 1
139 112 1
140 112 1
141 112 1
142 112 1
143 112 1
144 112 1
145 112 1
146 112 1
147 112 1
139 113 1
140 113 1
141 113 1
143 113 1
145 113 1
