101 1 0
102 1 0
103 1 0
113 1 0
114 1 0
115 1 0
116 1 0
117 1 0
118 1 0
119 1 0
146 1 0
147 1 0
148 1 0
150 1 0
151 1 0
152 1 0
153 1 0
154 1 0
155 1 0
158 1 0
159 1 0
163 1 0
164 1 0
170 1 0
101 2 0
102 2 0
103 2 0
106 2 0
112 2 0
115 2 0
117 2 0
118 2 0
119 2 0
120 2 0
147 2 0
148 2 0
149 2 0
150 2 0
151 2 0
152 2 0
153 2 0
154 2 0
155 2 0
156 2 0
157 2 0
158 2 0
98 3 0
102 3 0
103 3 0
111 3 0
118 3 0
119 3 0
120 3 0
149 3 0
150 3 0
151 3 0
152 3 0
153 3 0
154 3 0
155 3 0
156 3 0
157 3 0
159 3 0
160 3 0
101 4 0
102 4 0
103 4 0
113 4 0
117 4 0
118 4 0
119 4 0
120 4 0
149 4 0
150 4 0
151 4 0
152 4 0
153 4 0
154 4 0
155 4 0
156 4 0
157 4 0
158 4 0
159 4 0
171 4 0
100 5 0
101 5 0
102 5 0
103 5 0
105 5 0
108 5 0
114 5 0
117 5 0
118 5 0
119 5 0
149 5 0
151 5 0
152 5 0
153 5 0
154 5 0
155 5 0
156 5 0
157 5 0
158 5 0
159 5 0
168 5 0
169 5 0
171 5 0
101 6 0
102 6 0
103 6 0
116 6 0
117 6 0
118 6 0
119 6 0
152 6 0
153 6 0
154 6 0
155 6 0
156 6 0
160 6 0
167 6 0
168 6 0
169 6 0
170 6 0
171 6 0
172 6 0
84 7 0
86 7 0
87 7 0
101 7 0
102 7 0
103 7 0
105 7 0
106 7 0
107 7 0
116 7 0
118 7 0
119 7 0
120 7 0
121 7 0
150 7 0
151 7 0
152 7 0
153 7 0
154 7 0
155 7 0
165 7 0
166 7 0
170 7 0
171 7 0
83 8 0
84 8 0
85 8 0
86 8 0
87 8 0
90 8 0
91 8 0
95 8 0
101 8 0
102 8 0
103 8 0
119 8 0
120 8 0
121 8 0
122 8 0
152 8 0
153 8 0
154 8 0
155 8 0
156 8 0
165 8 0
166 8 0
170 8 0
171 8 0
85 9 0
86 9 0
90 9 0
92 9 0
93 9 0
96 9 0
97 9 0
101 9 0
102 9 0
103 9 0
120 9 0
121 9 0
122 9 0
153 9 0
154 9 0
164 9 0
165 9 0
166 9 0
170 9 0
171 9 0
86 10 0
100 10 0
101 10 0
102 10 0
110 10 0
114 10 0
115 10 0
116 10 0
117 10 0
118 10 0
120 10 0
121 10 0
122 10 0
123 10 0
154 10 0
155 10 0
165 10 0
166 10 0
169 10 0
170 10 0
171 10 0
97 11 0
102 11 0
113 11 0
114 11 0
115 11 0
116 11 0
117 11 0
118 11 0
120 11 0
121 11 0
122 11 0
123 11 0
124 11 0
125 11 0
127 11 0
128 11 0
129 11 0
144 11 0
145 11 0
164 11 0
165 11 0
170 11 0
171 11 0
95 12 0
96 12 0
97 12 0
98 12 0
101 12 0
102 12 0
104 12 0
106 12 0
109 12 0
110 12 0
111 12 0
112 12 0
113 12 0
114 12 0
115 12 0
116 12 0
117 12 0
118 12 0
119 12 0
121 12 0
122 12 0
124 12 0
125 12 0
127 12 0
128 12 0
129 12 0
143 12 0
144 12 0
145 12 0
146 12 0
164 12 0
165 12 0
166 12 0
167 12 0
169 12 0
170 12 0
171 12 0
101 13 0
102 13 0
103 13 0
104 13 0
107 13 0
108 13 0
109 13 0
111 13 0
112 13 0
113 13 0
114 13 0
115 13 0
116 13 0
117 13 0
118 13 0
119 13 0
120 13 0
122 13 0
123 13 0
129 13 0
143 13 0
144 13 0
146 13 0
165 13 0
166 13 0
167 13 0
168 13 0
100 14 0
101 14 0
102 14 0
105 14 0
107 14 0
108 14 0
109 14 0
110 14 0
111 14 0
112 14 0
113 14 0
114 14 0
115 14 0
116 14 0
117 14 0
118 14 0
122 14 0
123 14 0
124 14 0
144 14 0
146 14 0
165 14 0
167 14 0
168 14 0
27 15 0
100 15 0
101 15 0
102 15 0
107 15 0
108 15 0
109 15 0
110 15 0
111 15 0
112 15 0
113 15 0
114 15 0
115 15 0
116 15 0
117 15 0
118 15 0
119 15 0
120 15 0
121 15 0
122 15 0
123 15 0
124 15 0
125 15 0
159 15 0
99 16 0
100 16 0
102 16 0
103 16 0
107 16 0
108 16 0
109 16 0
110 16 0
111 16 0
112 16 0
113 16 0
114 16 0
115 16 0
116 16 0
117 16 0
118 16 0
119 16 0
120 16 0
121 16 0
122 16 0
123 16 0
124 16 0
125 16 0
152 16 0
153 16 0
162 16 0
163 16 0
164 16 0
7 17 0
13 17 0
100 17 0
101 17 0
102 17 0
104 17 0
105 17 0
108 17 0
109 17 0
110 17 0
111 17 0
112 17 0
113 17 0
114 17 0
115 17 0
116 17 0
117 17 0
121 17 0
122 17 0
123 17 0
124 17 0
136 17 0
141 17 0
147 17 0
151 17 0
162 17 0
163 17 0
164 17 0
11 18 0
19 18 0
20 18 0
39 18 0
99 18 0
100 18 0
101 18 0
102 18 0
108 18 0
109 18 0
110 18 0
111 18 0
112 18 0
113 18 0
114 18 0
115 18 0
116 18 0
121 18 0
122 18 0
123 18 0
124 18 0
129 18 0
130 18 0
131 18 0
143 18 0
144 18 0
145 18 0
146 18 0
147 18 0
149 18 0
150 18 0
151 18 0
152 18 0
162 18 0
163 18 0
164 18 0
9 19 0
10 19 0
23 19 0
25 19 0
100 19 0
101 19 0
104 19 0
106 19 0
107 19 0
110 19 0
111 19 0
112 19 0
113 19 0
114 19 0
115 19 0
116 19 0
121 19 0
122 19 0
123 19 0
124 19 0
144 19 0
146 19 0
147 19 0
150 19 0
156 19 0
157 19 0
158 19 0
162 19 0
163 19 0
10 20 0
28 20 0
29 20 0
99 20 0
100 20 0
101 20 0
102 20 0
103 20 0
104 20 0
107 20 0
108 20 0
110 20 0
111 20 0
112 20 0
113 20 0
114 20 0
115 20 0
116 20 0
121 20 0
122 20 0
124 20 0
126 20 0
128 20 0
129 20 0
134 20 0
139 20 0
140 20 0
141 20 0
144 20 0
146 20 0
147 20 0
148 20 0
149 20 0
150 20 0
151 20 0
152 20 0
156 20 0
157 20 0
161 20 0
162 20 0
163 20 0
7 21 0
10 21 0
33 21 0
34 21 0
99 21 0
100 21 0
101 21 0
102 21 0
103 21 0
104 21 0
105 21 0
108 21 0
109 21 0
111 21 0
112 21 0
113 21 0
114 21 0
115 21 0
116 21 0
118 21 0
120 21 0
124 21 0
125 21 0
126 21 0
128 21 0
129 21 0
130 21 0
131 21 0
133 21 0
134 21 0
135 21 0
139 21 0
141 21 0
144 21 0
146 21 0
147 21 0
149 21 0
156 21 0
158 21 0
161 21 0
162 21 0
163 21 0
33 22 0
35 22 0
36 22 0
99 22 0
100 22 0
101 22 0
102 22 0
103 22 0
104 22 0
105 22 0
106 22 0
109 22 0
110 22 0
111 22 0
114 22 0
115 22 0
116 22 0
119 22 0
120 22 0
124 22 0
125 22 0
126 22 0
128 22 0
129 22 0
130 22 0
131 22 0
132 22 0
133 22 0
134 22 0
135 22 0
138 22 0
139 22 0
141 22 0
143 22 0
144 22 0
146 22 0
147 22 0
156 22 0
161 22 0
162 22 0
163 22 0
34 23 0
35 23 0
36 23 0
99 23 0
100 23 0
101 23 0
103 23 0
104 23 0
105 23 0
109 23 0
110 23 0
111 23 0
112 23 0
124 23 0
125 23 0
128 23 0
129 23 0
130 23 0
133 23 0
134 23 0
135 23 0
138 23 0
139 23 0
140 23 0
143 23 0
144 23 0
145 23 0
146 23 0
147 23 0
161 23 0
162 23 0
35 24 0
99 24 0
100 24 0
101 24 0
102 24 0
106 24 0
107 24 0
109 24 0
110 24 0
111 24 0
113 24 0
114 24 0
115 24 0
117 24 0
118 24 0
120 24 0
123 24 0
124 24 0
125 24 0
126 24 0
127 24 0
128 24 0
129 24 0
130 24 0
133 24 0
134 24 0
135 24 0
138 24 0
139 24 0
140 24 0
143 24 0
144 24 0
146 24 0
147 24 0
148 24 0
149 24 0
150 24 0
155 24 0
156 24 0
161 24 0
162 24 0
98 25 0
99 25 0
100 25 0
101 25 0
105 25 0
106 25 0
109 25 0
110 25 0
112 25 0
113 25 0
114 25 0
115 25 0
116 25 0
117 25 0
118 25 0
119 25 0
121 25 0
122 25 0
123 25 0
127 25 0
128 25 0
133 25 0
99 26 0
100 26 0
101 26 0
107 26 0
109 26 0
110 26 0
115 26 0
116 26 0
117 26 0
118 26 0
119 26 0
120 26 0
121 26 0
122 26 0
123 26 0
124 26 0
99 27 0
100 27 0
101 27 0
108 27 0
109 27 0
110 27 0
118 27 0
119 27 0
121 27 0
122 27 0
123 27 0
124 27 0
98 28 0
99 28 0
100 28 0
108 28 0
109 28 0
110 28 0
111 28 0
116 28 0
117 28 0
118 28 0
119 28 0
120 28 0
121 28 0
122 28 0
123 28 0
98 29 0
99 29 0
100 29 0
101 29 0
104 29 0
111 29 0
113 29 0
117 29 0
118 29 0
120 29 0
121 29 0
122 29 0
123 29 0
183 29 0
97 30 0
98 30 0
99 30 0
100 30 0
113 30 0
114 30 0
115 30 0
116 30 0
119 30 0
120 30 0
121 30 0
122 30 0
123 30 0
94 31 0
98 31 0
99 31 0
100 31 0
101 31 0
103 31 0
112 31 0
113 31 0
114 31 0
118 31 0
119 31 0
120 31 0
121 31 0
122 31 0
123 31 0
94 32 0
95 32 0
96 32 0
99 32 0
100 32 0
101 32 0
102 32 0
103 32 0
113 32 0
114 32 0
120 32 0
121 32 0
122 32 0
123 32 0
94 33 0
95 33 0
96 33 0
103 33 0
111 33 0
112 33 0
113 33 0
114 33 0
115 33 0
116 33 0
120 33 0
121 33 0
122 33 0
123 33 0
124 33 0
94 34 0
95 34 0
96 34 0
97 34 0
98 34 0
99 34 0
100 34 0
104 34 0
115 34 0
116 34 0
117 34 0
118 34 0
119 34 0
120 34 0
121 34 0
122 34 0
124 34 0
125 34 0
94 35 0
95 35 0
96 35 0
97 35 0
98 35 0
99 35 0
100 35 0
101 35 0
104 35 0
105 35 0
114 35 0
115 35 0
116 35 0
117 35 0
120 35 0
121 35 0
122 35 0
124 35 0
94 36 0
95 36 0
96 36 0
97 36 0
98 36 0
99 36 0
100 36 0
103 36 0
104 36 0
105 36 0
106 36 0
107 36 0
115 36 0
119 36 0
120 36 0
121 36 0
122 36 0
124 36 0
125 36 0
94 37 0
95 37 0
96 37 0
97 37 0
98 37 0
99 37 0
100 37 0
103 37 0
104 37 0
105 37 0
117 37 0
118 37 0
119 37 0
120 37 0
121 37 0
122 37 0
124 37 0
182 37 0
94 38 0
95 38 0
96 38 0
97 38 0
98 38 0
99 38 0
101 38 0
102 38 0
103 38 0
104 38 0
106 38 0
116 38 0
118 38 0
119 38 0
120 38 0
121 38 0
124 38 0
182 38 0
94 39 0
95 39 0
96 39 0
97 39 0
98 39 0
102 39 0
103 39 0
104 39 0
105 39 0
106 39 0
109 39 0
111 39 0
118 39 0
119 39 0
120 39 0
121 39 0
122 39 0
123 39 0
124 39 0
59 40 0
90 40 0
91 40 0
95 40 0
96 40 0
97 40 0
98 40 0
101 40 0
102 40 0
103 40 0
104 40 0
105 40 0
106 40 0
107 40 0
108 40 0
115 40 0
116 40 0
117 40 0
118 40 0
119 40 0
120 40 0
121 40 0
122 40 0
123 40 0
124 40 0
182 40 0
72 41 0
82 41 0
94 41 0
95 41 0
96 41 0
97 41 0
98 41 0
105 41 0
106 41 0
107 41 0
108 41 0
109 41 0
110 41 0
111 41 0
112 41 0
118 41 0
119 41 0
120 41 0
121 41 0
122 41 0
123 41 0
124 41 0
91 42 0
94 42 0
95 42 0
96 42 0
97 42 0
98 42 0
106 42 0
107 42 0
108 42 0
109 42 0
110 42 0
111 42 0
115 42 0
119 42 0
120 42 0
121 42 0
122 42 0
91 43 0
92 43 0
96 43 0
97 43 0
104 43 0
105 43 0
106 43 0
107 43 0
108 43 0
109 43 0
110 43 0
111 43 0
112 43 0
113 43 0
114 43 0
115 43 0
118 43 0
119 43 0
120 43 0
121 43 0
122 43 0
81 44 0
103 44 0
104 44 0
107 44 0
108 44 0
109 44 0
110 44 0
115 44 0
116 44 0
118 44 0
119 44 0
120 44 0
121 44 0
47 45 0
83 45 0
89 45 0
90 45 0
99 45 0
100 45 0
101 45 0
111 45 0
112 45 0
113 45 0
114 45 0
115 45 0
116 45 0
117 45 0
118 45 0
119 45 0
120 45 0
121 45 0
43 46 0
48 46 0
49 46 0
73 46 0
74 46 0
77 46 0
78 46 0
82 46 0
83 46 0
90 46 0
101 46 0
102 46 0
110 46 0
111 46 0
112 46 0
115 46 0
116 46 0
117 46 0
118 46 0
119 46 0
120 46 0
121 46 0
44 47 0
48 47 0
49 47 0
73 47 0
77 47 0
78 47 0
82 47 0
90 47 0
97 47 0
98 47 0
99 47 0
100 47 0
101 47 0
102 47 0
107 47 0
111 47 0
117 47 0
118 47 0
119 47 0
120 47 0
121 47 0
44 48 0
48 48 0
49 48 0
73 48 0
77 48 0
78 48 0
81 48 0
82 48 0
89 48 0
90 48 0
101 48 0
102 48 0
111 48 0
117 48 0
118 48 0
119 48 0
120 48 0
121 48 0
74 49 0
76 49 0
77 49 0
81 49 0
82 49 0
90 49 0
100 49 0
101 49 0
103 49 0
105 49 0
111 49 0
112 49 0
118 49 0
119 49 0
120 49 0
121 49 0
74 50 0
75 50 0
77 50 0
82 50 0
103 50 0
104 50 0
105 50 0
108 50 0
109 50 0
111 50 0
115 50 0
118 50 0
119 50 0
120 50 0
121 50 0
122 50 0
74 51 0
89 51 0
99 51 0
105 51 0
107 51 0
108 51 0
113 51 0
114 51 0
118 51 0
119 51 0
120 51 0
121 51 0
122 51 0
63 52 0
82 52 0
89 52 0
90 52 0
96 52 0
100 52 0
101 52 0
105 52 0
106 52 0
107 52 0
108 52 0
111 52 0
119 52 0
120 52 0
121 52 0
122 52 0
180 52 0
27 53 0
81 53 0
94 53 0
95 53 0
100 53 0
104 53 0
105 53 0
111 53 0
112 53 0
113 53 0
114 53 0
119 53 0
120 53 0
121 53 0
25 54 0
28 54 0
48 54 0
55 54 0
56 54 0
60 54 0
61 54 0
80 54 0
90 54 0
94 54 0
95 54 0
96 54 0
111 54 0
112 54 0
113 54 0
114 54 0
115 54 0
119 54 0
120 54 0
121 54 0
122 54 0
45 55 0
48 55 0
49 55 0
65 55 0
80 55 0
89 55 0
94 55 0
95 55 0
99 55 0
106 55 0
107 55 0
114 55 0
119 55 0
120 55 0
121 55 0
122 55 0
34 56 0
44 56 0
45 56 0
46 56 0
48 56 0
49 56 0
67 56 0
78 56 0
88 56 0
95 56 0
109 56 0
112 56 0
119 56 0
120 56 0
121 56 0
125 56 0
34 57 0
35 57 0
48 57 0
55 57 0
56 57 0
70 57 0
77 57 0
79 57 0
94 57 0
95 57 0
96 57 0
109 57 0
111 57 0
112 57 0
119 57 0
120 57 0
121 57 0
48 58 0
70 58 0
71 58 0
77 58 0
78 58 0
79 58 0
80 58 0
89 58 0
95 58 0
99 58 0
100 58 0
113 58 0
114 58 0
115 58 0
119 58 0
120 58 0
121 58 0
122 58 0
71 59 0
76 59 0
77 59 0
80 59 0
93 59 0
94 59 0
95 59 0
114 59 0
115 59 0
116 59 0
118 59 0
119 59 0
120 59 0
121 59 0
122 59 0
123 59 0
132 59 0
146 59 0
66 60 0
68 60 0
69 60 0
78 60 0
80 60 0
93 60 0
94 60 0
95 60 0
96 60 0
113 60 0
114 60 0
115 60 0
116 60 0
118 60 0
119 60 0
120 60 0
121 60 0
122 60 0
123 60 0
132 60 0
48 61 0
65 61 0
68 61 0
80 61 0
88 61 0
94 61 0
95 61 0
118 61 0
119 61 0
120 61 0
121 61 0
122 61 0
123 61 0
138 61 0
79 62 0
80 62 0
94 62 0
95 62 0
117 62 0
118 62 0
119 62 0
120 62 0
121 62 0
122 62 0
159 62 0
162 62 0
78 63 0
79 63 0
93 63 0
94 63 0
95 63 0
119 63 0
120 63 0
121 63 0
122 63 0
127 63 0
135 63 0
158 63 0
162 63 0
163 63 0
47 64 0
52 64 0
58 64 0
78 64 0
79 64 0
87 64 0
88 64 0
94 64 0
95 64 0
119 64 0
120 64 0
121 64 0
122 64 0
133 64 0
157 64 0
158 64 0
162 64 0
163 64 0
177 64 0
77 65 0
78 65 0
87 65 0
92 65 0
93 65 0
95 65 0
110 65 0
119 65 0
120 65 0
121 65 0
122 65 0
157 65 0
158 65 0
162 65 0
163 65 0
77 66 0
78 66 0
88 66 0
93 66 0
94 66 0
95 66 0
109 66 0
116 66 0
118 66 0
119 66 0
120 66 0
121 66 0
122 66 0
123 66 0
158 66 0
162 66 0
163 66 0
77 67 0
78 67 0
87 67 0
93 67 0
94 67 0
99 67 0
105 67 0
108 67 0
109 67 0
119 67 0
120 67 0
121 67 0
122 67 0
158 67 0
159 67 0
161 67 0
162 67 0
57 68 0
77 68 0
78 68 0
87 68 0
94 68 0
98 68 0
99 68 0
100 68 0
119 68 0
120 68 0
121 68 0
122 68 0
140 68 0
77 69 0
87 69 0
100 69 0
107 69 0
108 69 0
109 69 0
110 69 0
111 69 0
118 69 0
119 69 0
120 69 0
121 69 0
122 69 0
62 70 0
77 70 0
78 70 0
99 70 0
109 70 0
110 70 0
119 70 0
120 70 0
121 70 0
122 70 0
73 71 0
75 71 0
77 71 0
78 71 0
97 71 0
114 71 0
119 71 0
120 71 0
121 71 0
122 71 0
77 72 0
78 72 0
87 72 0
92 72 0
102 72 0
105 72 0
110 72 0
114 72 0
119 72 0
120 72 0
121 72 0
122 72 0
77 73 0
78 73 0
101 73 0
102 73 0
104 73 0
113 73 0
114 73 0
119 73 0
120 73 0
121 73 0
122 73 0
77 74 0
78 74 0
94 74 0
95 74 0
96 74 0
97 74 0
98 74 0
101 74 0
102 74 0
103 74 0
104 74 0
105 74 0
117 74 0
119 74 0
120 74 0
121 74 0
122 74 0
58 75 0
59 75 0
62 75 0
63 75 0
76 75 0
77 75 0
78 75 0
85 75 0
94 75 0
95 75 0
119 75 0
120 75 0
121 75 0
122 75 0
59 76 0
60 76 0
61 76 0
62 76 0
75 76 0
76 76 0
77 76 0
78 76 0
85 76 0
95 76 0
106 76 0
107 76 0
119 76 0
120 76 0
121 76 0
122 76 0
77 77 0
78 77 0
85 77 0
86 77 0
96 77 0
97 77 0
98 77 0
99 77 0
119 77 0
120 77 0
121 77 0
122 77 0
76 78 0
77 78 0
78 78 0
97 78 0
98 78 0
118 78 0
119 78 0
120 78 0
121 78 0
122 78 0
76 79 0
77 79 0
78 79 0
86 79 0
91 79 0
92 79 0
101 79 0
117 79 0
118 79 0
119 79 0
121 79 0
122 79 0
123 79 0
77 80 0
78 80 0
91 80 0
92 80 0
117 80 0
118 80 0
119 80 0
120 80 0
121 80 0
122 80 0
123 80 0
78 81 0
86 81 0
92 81 0
93 81 0
97 81 0
116 81 0
117 81 0
118 81 0
119 81 0
122 81 0
77 82 0
78 82 0
91 82 0
92 82 0
113 82 0
115 82 0
116 82 0
117 82 0
118 82 0
77 83 0
78 83 0
85 83 0
97 83 0
107 83 0
114 83 0
115 83 0
116 83 0
117 83 0
118 83 0
2 84 0
30 84 0
45 84 0
60 84 0
76 84 0
77 84 0
78 84 0
84 84 0
85 84 0
96 84 0
109 84 0
114 84 0
115 84 0
116 84 0
117 84 0
118 84 0
1 85 0
2 85 0
3 85 0
4 85 0
28 85 0
29 85 0
30 85 0
38 85 0
45 85 0
46 85 0
76 85 0
77 85 0
85 85 0
99 85 0
100 85 0
101 85 0
114 85 0
115 85 0
116 85 0
117 85 0
118 85 0
123 85 0
1 86 0
2 86 0
3 86 0
4 86 0
5 86 0
29 86 0
30 86 0
43 86 0
44 86 0
45 86 0
46 86 0
75 86 0
76 86 0
77 86 0
84 86 0
99 86 0
100 86 0
101 86 0
110 86 0
113 86 0
114 86 0
115 86 0
117 86 0
118 86 0
123 86 0
2 87 0
3 87 0
4 87 0
5 87 0
28 87 0
29 87 0
30 87 0
31 87 0
34 87 0
37 87 0
44 87 0
45 87 0
46 87 0
57 87 0
58 87 0
76 87 0
77 87 0
86 87 0
100 87 0
101 87 0
103 87 0
113 87 0
114 87 0
115 87 0
116 87 0
117 87 0
118 87 0
123 87 0
3 88 0
4 88 0
5 88 0
37 88 0
45 88 0
46 88 0
56 88 0
75 88 0
76 88 0
77 88 0
81 88 0
82 88 0
85 88 0
86 88 0
91 88 0
93 88 0
94 88 0
101 88 0
112 88 0
113 88 0
114 88 0
115 88 0
116 88 0
117 88 0
118 88 0
123 88 0
2 89 0
45 89 0
46 89 0
56 89 0
75 89 0
76 89 0
77 89 0
78 89 0
81 89 0
82 89 0
83 89 0
84 89 0
85 89 0
88 89 0
89 89 0
90 89 0
91 89 0
94 89 0
95 89 0
101 89 0
111 89 0
112 89 0
113 89 0
114 89 0
116 89 0
117 89 0
118 89 0
123 89 0
124 89 0
1 90 0
2 90 0
3 90 0
46 90 0
75 90 0
76 90 0
77 90 0
78 90 0
84 90 0
85 90 0
89 90 0
90 90 0
91 90 0
93 90 0
97 90 0
99 90 0
100 90 0
105 90 0
112 90 0
113 90 0
114 90 0
115 90 0
116 90 0
117 90 0
118 90 0
123 90 0
124 90 0
2 91 0
74 91 0
75 91 0
76 91 0
79 91 0
80 91 0
88 91 0
89 91 0
90 91 0
93 91 0
94 91 0
95 91 0
96 91 0
99 91 0
100 91 0
101 91 0
105 91 0
106 91 0
113 91 0
114 91 0
115 91 0
116 91 0
117 91 0
118 91 0
1 92 0
75 92 0
81 92 0
89 92 0
90 92 0
93 92 0
94 92 0
95 92 0
96 92 0
97 92 0
98 92 0
102 92 0
105 92 0
106 92 0
112 92 0
113 92 0
114 92 0
115 92 0
116 92 0
117 92 0
118 92 0
1 93 0
2 93 0
96 93 0
97 93 0
101 93 0
102 93 0
115 93 0
116 93 0
117 93 0
118 93 0
1 94 0
2 94 0
21 94 0
96 94 0
97 94 0
98 94 0
99 94 0
103 94 0
104 94 0
107 94 0
108 94 0
109 94 0
110 94 0
111 94 0
112 94 0
117 94 0
118 94 0
119 94 0
2 95 0
5 95 0
7 95 0
40 95 0
43 95 0
89 95 0
90 95 0
93 95 0
95 95 0
97 95 0
98 95 0
99 95 0
101 95 0
102 95 0
103 95 0
104 95 0
105 95 0
106 95 0
107 95 0
112 95 0
115 95 0
116 95 0
117 95 0
119 95 0
120 95 0
121 95 0
122 95 0
123 95 0
124 95 0
1 96 0
2 96 0
6 96 0
89 96 0
90 96 0
92 96 0
93 96 0
94 96 0
95 96 0
96 96 0
97 96 0
98 96 0
99 96 0
101 96 0
103 96 0
104 96 0
105 96 0
115 96 0
116 96 0
117 96 0
118 96 0
120 96 0
121 96 0
123 96 0
124 96 0
125 96 0
2 97 0
93 97 0
94 97 0
95 97 0
96 97 0
97 97 0
98 97 0
99 97 0
100 97 0
101 97 0
102 97 0
103 97 0
104 97 0
105 97 0
106 97 0
107 97 0
108 97 0
109 97 0
114 97 0
116 97 0
117 97 0
120 97 0
126 97 0
127 97 0
128 97 0
129 97 0
130 97 0
92 98 0
94 98 0
95 98 0
96 98 0
97 98 0
98 98 0
99 98 0
100 98 0
101 98 0
102 98 0
103 98 0
104 98 0
105 98 0
106 98 0
107 98 0
108 98 0
110 98 0
111 98 0
112 98 0
113 98 0
114 98 0
115 98 0
117 98 0
118 98 0
122 98 0
123 98 0
129 98 0
130 98 0
131 98 0
132 98 0
133 98 0
134 98 0
1 99 0
96 99 0
97 99 0
98 99 0
101 99 0
103 99 0
104 99 0
105 99 0
106 99 0
107 99 0
108 99 0
109 99 0
110 99 0
111 99 0
112 99 0
113 99 0
114 99 0
115 99 0
117 99 0
118 99 0
123 99 0
126 99 0
127 99 0
133 99 0
134 99 0
135 99 0
136 99 0
137 99 0
138 99 0
139 99 0
3 100 0
4 100 0
8 100 0
93 100 0
95 100 0
99 100 0
100 100 0
101 100 0
102 100 0
103 100 0
105 100 0
106 100 0
107 100 0
108 100 0
113 100 0
114 100 0
115 100 0
117 100 0
118 100 0
128 100 0
129 100 0
130 100 0
137 100 0
138 100 0
139 100 0
140 100 0
141 100 0
2 101 0
12 101 0
13 101 0
15 101 0
94 101 0
95 101 0
96 101 0
97 101 0
98 101 0
99 101 0
101 101 0
103 101 0
104 101 0
109 101 0
110 101 0
113 101 0
114 101 0
117 101 0
118 101 0
131 101 0
133 101 0
140 101 0
141 101 0
142 101 0
143 101 0
144 101 0
145 101 0
7 102 0
15 102 0
92 102 0
93 102 0
103 102 0
104 102 0
113 102 0
114 102 0
117 102 0
118 102 0
137 102 0
143 102 0
144 102 0
146 102 0
92 103 0
93 103 0
106 103 0
112 103 0
117 103 0
118 103 0
140 103 0
90 104 0
91 104 0
92 104 0
93 104 0
94 104 0
95 104 0
96 104 0
104 104 0
105 104 0
107 104 0
112 104 0
113 104 0
114 104 0
115 104 0
117 104 0
118 104 0
119 104 0
90 105 0
91 105 0
97 105 0
98 105 0
100 105 0
101 105 0
108 105 0
111 105 0
112 105 0
113 105 0
114 105 0
115 105 0
116 105 0
118 105 0
119 105 0
120 105 0
91 106 0
92 106 0
93 106 0
94 106 0
95 106 0
96 106 0
98 106 0
103 106 0
104 106 0
108 106 0
110 106 0
111 106 0
112 106 0
113 106 0
114 106 0
115 106 0
116 106 0
117 106 0
118 106 0
119 106 0
96 107 0
103 107 0
111 107 0
115 107 0
116 107 0
117 107 0
118 107 0
119 107 0
95 108 0
96 108 0
108 108 0
109 108 0
115 108 0
119 108 0
129 108 0
130 108 0
97 110 0
98 110 0
113 111 0
90 114 0
112 115 0
113 115 0
112 116 0
113 116 0
114 116 0
92 118 0
89 119 0
96 119 0
91 120 0
96 120 0
97 120 0
98 120 0
88 121 0
89 121 0
90 121 0
91 121 0
92 121 0
93 121 0
94 121 0
95 121 0
96 121 0
97 121 0
98 121 0
99 121 0
89 122 0
90 122 0
91 122 0
92 122 0
93 122 0
94 122 0
95 122 0
98 122 0
99 122 0
100 122 0
89 123 0
90 123 0
91 123 0
92 123 0
93 123 0
94 123 0
96 123 0
97 123 0
91 124 0
92 124 0
93 124 0
94 124 0
95 124 0
96 124 0
97 124 0
98 124 0
99 124 0
91 125 0
92 125 0
93 125 0
94 125 0
95 125 0
96 125 0
97 125 0
90 126 0
91 126 0
92 126 0
93 126 0
94 126 0
95 126 0
96 126 0
97 126 0
100 126 0
91 127 0
92 127 0
93 127 0
94 127 0
95 127 0
96 127 0
107 127 0
67 128 0
68 128 0
91 128 0
92 128 0
93 128 0
94 128 0
95 128 0
96 128 0
90 129 0
91 129 0
92 129 0
93 129 0
95 129 0
97 129 0
98 129 0
99 129 0
100 129 0
103 129 0
108 129 0
119 129 0
90 130 0
91 130 0
98 130 0
99 130 0
104 130 0
102 132 0
103 132 0
104 132 0
105 132 0
106 132 0
119 132 0
103 134 0
112 134 0
102 135 0
103 135 0
104 135 0
119 135 0
101 136 0
102 136 0
104 136 0
105 136 0
103 137 0
105 137 0
106 137 0
104 139 0
105 139 0
107 139 0
108 139 0
109 139 0
106 140 0
107 140 0
111 140 0
90 141 0
101 141 0
106 141 0
107 141 0
91 142 0
93 142 0
105 142 0
106 142 0
109 142 0
110 142 0
111 142 0
88 143 0
89 143 0
90 143 0
91 143 0
93 143 0
94 143 0
95 143 0
110 143 0
111 143 0
88 144 0
89 144 0
90 144 0
94 144 0
95 144 0
96 144 0
109 144 0
110 144 0
111 144 0
86 145 0
87 145 0
88 145 0
89 145 0
90 145 0
94 145 0
95 145 0
96 145 0
97 145 0
111 145 0
86 146 0
87 146 0
88 146 0
89 146 0
95 146 0
96 146 0
97 146 0
98 146 0
86 147 0
87 147 0
95 147 0
98 147 0
99 147 0
110 147 0
111 147 0
113 147 0
114 147 0
85 148 0
86 148 0
87 148 0
97 148 0
98 148 0
99 148 0
100 148 0
110 148 0
113 148 0
85 149 0
86 149 0
87 149 0
88 149 0
99 149 0
100 149 0
101 149 0
82 150 0
85 150 0
86 150 0
87 150 0
89 150 0
90 150 0
91 150 0
100 150 0
101 150 0
102 150 0
105 150 0
109 150 0
110 150 0
111 150 0
114 150 0
116 150 0
184 150 0
185 150 0
186 150 0
77 151 0
78 151 0
79 151 0
82 151 0
83 151 0
86 151 0
88 151 0
89 151 0
90 151 0
101 151 0
102 151 0
103 151 0
110 151 0
111 151 0
112 151 0
114 151 0
115 151 0
116 151 0
117 151 0
179 151 0
181 151 0
182 151 0
183 151 0
184 151 0
185 151 0
186 151 0
187 151 0
78 152 0
79 152 0
81 152 0
82 152 0
83 152 0
84 152 0
88 152 0
89 152 0
100 152 0
101 152 0
102 152 0
103 152 0
108 152 0
110 152 0
111 152 0
112 152 0
114 152 0
115 152 0
116 152 0
117 152 0
118 152 0
181 152 0
182 152 0
183 152 0
184 152 0
185 152 0
186 152 0
78 153 0
89 153 0
102 153 0
103 153 0
110 153 0
111 153 0
115 153 0
116 153 0
117 153 0
118 153 0
124 153 0
125 153 0
130 153 0
131 153 0
144 153 0
179 153 0
180 153 0
181 153 0
183 153 0
76 154 0
78 154 0
79 154 0
88 154 0
89 154 0
96 154 0
110 154 0
111 154 0
112 154 0
113 154 0
114 154 0
115 154 0
116 154 0
117 154 0
118 154 0
119 154 0
120 154 0
122 154 0
123 154 0
124 154 0
125 154 0
131 154 0
132 154 0
138 154 0
139 154 0
144 154 0
145 154 0
152 154 0
153 154 0
157 154 0
158 154 0
165 154 0
166 154 0
167 154 0
177 154 0
178 154 0
179 154 0
180 154 0
75 155 0
76 155 0
77 155 0
78 155 0
79 155 0
109 155 0
110 155 0
111 155 0
114 155 0
115 155 0
116 155 0
117 155 0
133 155 0
134 155 0
144 155 0
145 155 0
146 155 0
147 155 0
148 155 0
152 155 0
153 155 0
158 155 0
161 155 0
162 155 0
163 155 0
164 155 0
165 155 0
166 155 0
167 155 0
173 155 0
174 155 0
175 155 0
177 155 0
178 155 0
179 155 0
180 155 0
76 156 0
77 156 0
78 156 0
79 156 0
80 156 0
82 156 0
103 156 0
110 156 0
111 156 0
112 156 0
115 156 0
116 156 0
118 156 0
145 156 0
147 156 0
148 156 0
162 156 0
78 157 0
79 157 0
111 157 0
112 157 0
113 157 0
118 157 0
119 157 0
126 157 0
127 157 0
128 157 0
131 157 0
132 157 0
133 157 0
134 157 0
140 157 0
141 157 0
147 157 0
154 157 0
155 157 0
160 157 0
161 157 0
168 157 0
78 158 0
79 158 0
113 158 0
118 158 0
119 158 0
120 158 0
125 158 0
126 158 0
127 158 0
128 158 0
132 158 0
133 158 0
134 158 0
136 158 0
140 158 0
141 158 0
142 158 0
146 158 0
147 158 0
148 158 0
154 158 0
155 158 0
156 158 0
160 158 0
161 158 0
164 158 0
167 158 0
168 158 0
78 159 0
81 159 0
82 159 0
125 159 0
126 159 0
127 159 0
132 159 0
133 159 0
134 159 0
137 159 0
140 159 0
141 159 0
142 159 0
146 159 0
147 159 0
148 159 0
152 159 0
153 159 0
154 159 0
155 159 0
76 160 0
77 160 0
79 160 0
81 160 0
82 160 0
83 160 0
140 160 0
141 160 0
153 160 0
75 161 0
76 161 0
79 161 0
80 161 0
81 161 0
82 161 0
83 161 0
116 161 0
75 162 0
76 162 0
77 162 0
78 162 0
79 162 0
82 162 0
83 162 0
115 162 0
74 163 0
75 163 0
76 163 0
77 163 0
78 163 0
79 163 0
84 163 0
114 163 0
72 164 0
77 164 0
78 164 0
79 164 0
80 164 0
81 164 0
114 164 0
78 165 0
79 165 0
78 166 0
74 167 0
74 168 0
75 168 0
80 168 0
81 168 0
82 168 0
73 169 0
74 169 0
75 169 0
76 169 0
78 169 0
80 169 0
81 169 0
82 169 0
83 169 0
74 170 0
75 170 0
76 170 0
80 170 0
81 170 0
82 170 0
83 170 0
73 171 0
74 171 0
75 171 0
76 171 0
78 171 0
79 171 0
84 171 0
85 171 0
73 172 0
74 172 0
75 172 0
76 172 0
77 172 0
78 172 0
79 172 0
81 172 0
84 172 0
85 172 0
86 172 0
77 173 0
78 173 0
84 173 0
85 173 0
86 173 0
78 174 0
79 174 0
76 175 0
77 175 0
78 175 0
73 177 0
74 177 0
81 177 0
82 177 0
83 177 0
152 100 1
154 101 1
155 101 1
156 101 1
157 101 1
150 102 1
151 102 1
152 102 1
153 102 1
154 102 1
155 102 1
156 102 1
157 102 1
158 102 1
159 102 1
160 102 1
149 103 1
150 103 1
151 103 1
152 103 1
153 103 1
154 103 1
155 103 1
156 103 1
157 103 1
158 103 1
159 103 1
160 103 1
161 103 1
146 104 1
151 104 1
152 104 1
153 104 1
154 104 1
155 104 1
156 104 1
157 104 1
158 104 1
159 104 1
160 104 1
161 104 1
151 105 1
152 105 1
153 105 1
154 105 1
155 105 1
156 105 1
157 105 1
158 105 1
159 105 1
160 105 1
161 105 1
162 105 1
163 105 1
164 105 1
165 105 1
149 106 1
150 106 1
151 106 1
152 106 1
153 106 1
154 106 1
155 106 1
156 106 1
157 106 1
158 106 1
159 106 1
160 106 1
161 106 1
162 106 1
163 106 1
165 106 1
147 107 1
148 107 1
149 107 1
150 107 1
151 107 1
152 107 1
153 107 1
154 107 1
155 107 1
156 107 1
157 107 1
158 107 1
159 107 1
160 107 1
161 107 1
162 107 1
163 107 1
164 107 1
165 107 1
166 107 1
167 107 1
147 108 1
148 108 1
149 108 1
150 108 1
151 108 1
152 108 1
153 108 1
154 108 1
155 108 1
156 108 1
157 108 1
158 108 1
159 108 1
160 108 1
161 108 1
162 108 1
163 108 1
164 108 1
165 108 1
166 108 1
167 108 1
168 108 1
146 109 1
147 109 1
148 109 1
149 109 1
150 109 1
151 109 1
152 109 1
153 109 1
154 109 1
155 109 1
156 109 1
157 109 1
158 109 1
159 109 1
160 109 1
161 109 1
162 109 1
163 109 1
164 109 1
165 109 1
166 109 1
168 109 1
146 110 1
147 110 1
148 110 1
150 110 1
151 110 1
152 110 1
153 110 1
154 110 1
155 110 1
156 110 1
157 110 1
158 110 1
159 110 1
160 110 1
161 110 1
162 110 1
163 110 1
164 110 1
165 110 1
166 110 1
167 110 1
168 110 1
147 111 1
149 111 1
150 111 1
151 111 1
152 111 1
153 111 1
154 111 1
155 111 1
156 111 1
157 111 1
158 111 1
159 111 1
160 111 1
161 111 1
162 111 1
163 111 1
164 111 1
165 111 1
166 111 1
167 111 1
168 111 1
169 111 1
147 112 1
149 112 1
150 112 1
151 112 1
152 112 1
153 112 1
154 112 1
155 112 1
156 112 1
157 112 1
158 112 1
159 112 1
160 112 1
161 112 1
162 112 1
163 112 1
164 112 1
165 112 1
166 112 1
167 112 1
168 112 1
169 112 1
150 113 1
151 113 1
152 113 1
153 113 1
154 113 1
155 113 1
156 113 1
157 113 1
158 113 1
159 113 1
160 113 1
161 113 1
165 113 1
166 113 1
167 113 1
168 113 1
153 114 1
154 114 1
155 114 1
156 114 1
157 114 1
158 114 1
159 114 1
160 114 1
167 114 1
153 115 1
154 115 1
155 115 1
156 115 1
157 115 1
158 115 1
159 115 1
154 116 1
155 116 1
156 116 1
163 116 1
153 117 1
162 117 1
161 118 1
162 118 1
163 118 1
159 119 1
160 119 1
161 119 1
162 119 1
158 120 1
159 120 1
160 120 1
161 120 1
164 120 1
165 120 1
157 121 1
158 121 1
159 121 1
160 121 1
161 121 1
