99 1 0
102 1 0
104 1 0
114 1 0
145 1 0
146 1 0
147 1 0
148 1 0
149 1 0
150 1 0
151 1 0
153 1 0
155 1 0
116 2 0
148 2 0
149 2 0
150 2 0
151 2 0
155 2 0
157 2 0
99 3 0
114 3 0
115 3 0
148 3 0
149 3 0
150 3 0
151 3 0
153 3 0
154 3 0
155 3 0
156 3 0
184 3 0
114 4 0
150 4 0
151 4 0
152 4 0
153 4 0
154 4 0
155 4 0
156 4 0
184 4 0
99 5 0
116 5 0
150 5 0
151 5 0
152 5 0
153 5 0
154 5 0
166 5 0
168 5 0
169 5 0
170 5 0
100 6 0
102 6 0
104 6 0
150 6 0
152 6 0
153 6 0
154 6 0
165 6 0
168 6 0
82 7 0
112 7 0
150 7 0
151 7 0
152 7 0
164 7 0
165 7 0
84 8 0
86 8 0
111 8 0
112 8 0
154 8 0
165 8 0
169 8 0
106 9 0
110 9 0
111 9 0
112 9 0
119 9 0
151 9 0
170 9 0
103 10 0
104 10 0
108 10 0
109 10 0
110 10 0
111 10 0
112 10 0
119 10 0
124 10 0
142 10 0
169 10 0
170 10 0
94 11 0
98 11 0
100 11 0
103 11 0
110 11 0
111 11 0
112 11 0
119 11 0
123 11 0
124 11 0
142 11 0
144 11 0
163 11 0
164 11 0
184 11 0
96 12 0
102 12 0
104 12 0
106 12 0
108 12 0
112 12 0
120 12 0
124 12 0
125 12 0
126 12 0
143 12 0
100 13 0
104 13 0
108 13 0
110 13 0
120 13 0
98 14 0
105 14 0
106 14 0
108 14 0
114 14 0
121 14 0
154 14 0
98 15 0
101 15 0
102 15 0
103 15 0
112 15 0
119 15 0
120 15 0
121 15 0
162 15 0
98 16 0
100 16 0
104 16 0
110 16 0
112 16 0
120 16 0
144 16 0
96 17 0
97 17 0
98 17 0
99 17 0
100 17 0
104 17 0
106 17 0
107 17 0
110 17 0
120 17 0
121 17 0
162 17 0
96 18 0
97 18 0
99 18 0
100 18 0
108 18 0
111 18 0
134 18 0
149 18 0
150 18 0
160 18 0
161 18 0
162 18 0
96 19 0
97 19 0
99 19 0
104 19 0
105 19 0
106 19 0
111 19 0
118 19 0
124 19 0
129 19 0
134 19 0
139 19 0
144 19 0
149 19 0
160 19 0
161 19 0
162 19 0
95 20 0
96 20 0
97 20 0
98 20 0
100 20 0
101 20 0
106 20 0
108 20 0
111 20 0
112 20 0
117 20 0
124 20 0
126 20 0
128 20 0
139 20 0
142 20 0
144 20 0
148 20 0
154 20 0
160 20 0
161 20 0
162 20 0
96 21 0
97 21 0
98 21 0
99 21 0
100 21 0
103 21 0
104 21 0
124 21 0
127 21 0
128 21 0
129 21 0
132 21 0
136 21 0
144 21 0
150 21 0
160 21 0
96 22 0
97 22 0
98 22 0
100 22 0
106 22 0
112 22 0
123 22 0
126 22 0
128 22 0
133 22 0
140 22 0
142 22 0
143 22 0
144 22 0
160 22 0
95 23 0
96 23 0
97 23 0
100 23 0
102 23 0
108 23 0
110 23 0
117 23 0
123 23 0
124 23 0
125 23 0
128 23 0
134 23 0
138 23 0
140 23 0
148 23 0
150 23 0
95 24 0
96 24 0
97 24 0
101 24 0
104 24 0
112 24 0
114 24 0
115 24 0
119 24 0
120 24 0
121 24 0
123 24 0
124 24 0
126 24 0
94 25 0
96 25 0
100 25 0
102 25 0
108 25 0
112 25 0
116 25 0
117 25 0
118 25 0
119 25 0
120 25 0
121 25 0
122 25 0
94 26 0
95 26 0
98 26 0
99 26 0
102 26 0
104 26 0
117 26 0
118 26 0
119 26 0
120 26 0
182 26 0
95 27 0
96 27 0
97 27 0
101 27 0
106 27 0
108 27 0
112 27 0
118 27 0
119 27 0
120 27 0
94 28 0
95 28 0
96 28 0
98 28 0
100 28 0
104 28 0
106 28 0
116 28 0
118 28 0
120 28 0
95 29 0
96 29 0
116 29 0
93 30 0
94 30 0
96 30 0
112 30 0
115 30 0
116 30 0
117 30 0
118 30 0
91 31 0
92 31 0
93 31 0
94 31 0
95 31 0
96 31 0
102 31 0
114 31 0
116 31 0
118 31 0
91 32 0
92 32 0
93 32 0
94 32 0
95 32 0
97 32 0
98 32 0
110 32 0
116 32 0
119 32 0
91 33 0
92 33 0
93 33 0
94 33 0
96 33 0
98 33 0
99 33 0
101 33 0
115 33 0
118 33 0
119 33 0
91 34 0
92 34 0
93 34 0
94 34 0
96 34 0
97 34 0
98 34 0
100 34 0
102 34 0
108 34 0
110 34 0
91 35 0
92 35 0
93 35 0
94 35 0
95 35 0
96 35 0
102 35 0
106 35 0
115 35 0
117 35 0
91 36 0
92 36 0
93 36 0
94 36 0
95 36 0
96 36 0
98 36 0
100 36 0
114 36 0
91 37 0
92 37 0
93 37 0
94 37 0
95 37 0
96 37 0
99 37 0
101 37 0
102 37 0
112 37 0
113 37 0
90 38 0
91 38 0
92 38 0
93 38 0
94 38 0
96 38 0
98 38 0
100 38 0
101 38 0
102 38 0
104 38 0
114 38 0
116 38 0
120 38 0
122 38 0
90 39 0
91 39 0
92 39 0
93 39 0
95 39 0
98 39 0
102 39 0
103 39 0
104 39 0
106 39 0
115 39 0
116 39 0
117 39 0
118 39 0
120 39 0
90 40 0
91 40 0
92 40 0
93 40 0
94 40 0
95 40 0
100 40 0
102 40 0
104 40 0
105 40 0
112 40 0
115 40 0
117 40 0
118 40 0
119 40 0
120 40 0
122 40 0
91 41 0
92 41 0
98 41 0
100 41 0
101 41 0
104 41 0
105 41 0
106 41 0
108 41 0
114 41 0
118 41 0
120 41 0
122 41 0
90 42 0
92 42 0
93 42 0
94 42 0
96 42 0
98 42 0
100 42 0
112 42 0
114 42 0
115 42 0
120 42 0
95 43 0
100 43 0
102 43 0
114 43 0
115 43 0
116 43 0
119 43 0
94 44 0
97 44 0
100 44 0
107 44 0
108 44 0
113 44 0
114 44 0
116 44 0
118 44 0
94 45 0
113 45 0
114 45 0
115 45 0
116 45 0
73 46 0
95 46 0
100 46 0
106 46 0
112 46 0
114 46 0
115 46 0
76 47 0
94 47 0
99 47 0
105 47 0
110 47 0
114 47 0
116 47 0
118 47 0
75 48 0
76 48 0
95 48 0
98 48 0
102 48 0
104 48 0
106 48 0
118 48 0
73 49 0
74 49 0
75 49 0
76 49 0
93 49 0
98 49 0
100 49 0
106 49 0
118 49 0
73 50 0
92 50 0
93 50 0
94 50 0
102 50 0
106 50 0
110 50 0
100 51 0
102 51 0
108 51 0
110 51 0
118 51 0
92 52 0
93 52 0
104 52 0
107 52 0
108 52 0
117 52 0
106 53 0
112 53 0
118 53 0
91 54 0
110 54 0
117 54 0
132 54 0
93 55 0
132 55 0
117 56 0
118 56 0
88 57 0
93 57 0
117 57 0
118 57 0
120 57 0
132 57 0
137 57 0
118 58 0
119 58 0
120 58 0
121 58 0
135 58 0
108 59 0
116 59 0
117 59 0
118 59 0
119 59 0
120 59 0
121 59 0
122 59 0
138 59 0
114 60 0
115 60 0
116 60 0
118 60 0
119 60 0
120 60 0
121 60 0
122 60 0
115 61 0
116 61 0
117 61 0
118 61 0
119 61 0
120 61 0
121 61 0
122 61 0
136 61 0
116 62 0
118 62 0
119 62 0
112 63 0
116 63 0
136 63 0
157 63 0
162 63 0
116 64 0
118 64 0
116 65 0
118 65 0
136 65 0
118 66 0
119 66 0
2 85 0
4 85 0
28 85 0
29 85 0
44 85 0
45 85 0
2 86 0
4 86 0
28 86 0
29 86 0
33 86 0
45 86 0
3 87 0
4 87 0
28 87 0
34 87 0
36 87 0
39 87 0
40 87 0
42 87 0
44 87 0
45 87 0
2 88 0
3 88 0
4 88 0
5 88 0
2 89 0
41 89 0
1 92 0
1 93 0
1 94 0
1 95 0
2 96 0
1 101 0
2 101 0
8 101 0
10 101 0
12 101 0
7 102 0
8 102 0
9 102 0
10 102 0
15 102 0
88 113 0
88 115 0
86 117 0
88 117 0
91 117 0
86 118 0
90 118 0
93 118 0
85 119 0
86 119 0
88 119 0
90 119 0
92 119 0
94 119 0
95 119 0
85 120 0
86 120 0
88 120 0
89 120 0
86 121 0
88 121 0
90 121 0
94 121 0
86 122 0
87 122 0
88 122 0
90 122 0
92 122 0
93 122 0
90 123 0
91 123 0
92 123 0
96 123 0
90 124 0
91 124 0
92 124 0
88 125 0
89 125 0
90 125 0
91 125 0
92 125 0
93 125 0
94 125 0
90 126 0
91 126 0
92 126 0
94 126 0
100 126 0
90 127 0
98 127 0
90 128 0
102 129 0
176 132 0
184 132 0
100 133 0
98 135 0
100 135 0
184 135 0
86 136 0
88 136 0
98 136 0
88 137 0
90 137 0
102 138 0
102 139 0
89 140 0
92 140 0
87 141 0
92 141 0
93 141 0
102 141 0
104 141 0
88 142 0
102 143 0
94 144 0
100 144 0
106 144 0
84 145 0
94 145 0
96 145 0
106 145 0
84 146 0
85 146 0
86 146 0
96 146 0
97 146 0
100 147 0
186 147 0
187 147 0
110 148 0
111 148 0
112 148 0
113 148 0
182 148 0
183 148 0
184 148 0
186 148 0
187 148 0
188 148 0
108 149 0
109 149 0
110 149 0
111 149 0
179 149 0
180 149 0
181 149 0
182 149 0
183 149 0
184 149 0
185 149 0
186 149 0
187 149 0
188 149 0
88 150 0
108 150 0
109 150 0
114 150 0
115 150 0
116 150 0
178 150 0
180 150 0
181 150 0
182 150 0
183 150 0
184 150 0
185 150 0
186 150 0
187 150 0
188 150 0
189 150 0
76 151 0
108 151 0
109 151 0
110 151 0
112 151 0
113 151 0
114 151 0
115 151 0
116 151 0
178 151 0
183 151 0
184 151 0
185 151 0
186 151 0
189 151 0
77 152 0
108 152 0
109 152 0
110 152 0
111 152 0
112 152 0
113 152 0
114 152 0
115 152 0
116 152 0
118 152 0
134 152 0
143 152 0
144 152 0
146 152 0
156 152 0
172 152 0
184 152 0
185 152 0
74 153 0
75 153 0
76 153 0
77 153 0
108 153 0
110 153 0
111 153 0
112 153 0
114 153 0
115 153 0
116 153 0
129 153 0
130 153 0
155 153 0
156 153 0
159 153 0
172 153 0
174 153 0
185 153 0
73 154 0
74 154 0
75 154 0
76 154 0
77 154 0
111 154 0
112 154 0
130 154 0
132 154 0
136 154 0
143 154 0
144 154 0
146 154 0
159 154 0
160 154 0
166 154 0
74 155 0
75 155 0
77 155 0
116 155 0
117 155 0
118 155 0
124 155 0
125 155 0
132 155 0
139 155 0
146 155 0
153 155 0
154 155 0
77 156 0
116 156 0
120 156 0
122 156 0
123 156 0
124 156 0
130 156 0
131 156 0
132 156 0
147 156 0
148 156 0
154 156 0
77 157 0
78 157 0
118 157 0
120 157 0
124 157 0
131 157 0
132 157 0
133 157 0
139 157 0
146 157 0
162 157 0
5 158 0
134 158 0
137 158 0
79 159 0
80 159 0
81 159 0
73 160 0
74 160 0
75 160 0
76 160 0
78 160 0
80 160 0
81 160 0
73 161 0
74 161 0
75 161 0
76 161 0
77 161 0
78 161 0
74 162 0
75 162 0
76 162 0
76 163 0
76 164 0
77 164 0
72 167 0
73 167 0
80 167 0
72 168 0
73 168 0
74 168 0
80 168 0
81 168 0
72 169 0
73 169 0
74 169 0
80 169 0
81 169 0
72 170 0
73 170 0
74 170 0
77 170 0
76 172 0
73 175 0
81 175 0
73 176 0
77 176 0
78 176 0
80 176 0
71 177 0
72 177 0
73 177 0
80 177 0
81 177 0
4 31 1
3 36 1
20 41 1
8 42 1
10 42 1
13 42 1
14 42 1
17 42 1
21 42 1
22 42 1
27 42 1
7 43 1
8 43 1
9 43 1
10 43 1
11 43 1
12 43 1
13 43 1
14 43 1
15 43 1
16 43 1
17 43 1
18 43 1
19 43 1
20 43 1
21 43 1
22 43 1
23 43 1
24 43 1
25 43 1
26 43 1
27 43 1
28 43 1
5 44 1
6 44 1
7 44 1
8 44 1
9 44 1
10 44 1
11 44 1
12 44 1
13 44 1
14 44 1
15 44 1
16 44 1
17 44 1
18 44 1
19 44 1
20 44 1
21 44 1
22 44 1
23 44 1
24 44 1
25 44 1
26 44 1
27 44 1
28 44 1
29 44 1
4 45 1
7 45 1
8 45 1
9 45 1
10 45 1
11 45 1
12 45 1
13 45 1
14 45 1
15 45 1
16 45 1
17 45 1
18 45 1
19 45 1
20 45 1
21 45 1
22 45 1
23 45 1
24 45 1
25 45 1
26 45 1
27 45 1
28 45 1
29 45 1
30 45 1
7 46 1
8 46 1
9 46 1
10 46 1
11 46 1
12 46 1
13 46 1
14 46 1
15 46 1
16 46 1
17 46 1
18 46 1
19 46 1
20 46 1
21 46 1
22 46 1
23 46 1
24 46 1
25 46 1
26 46 1
27 46 1
28 46 1
29 46 1
30 46 1
31 46 1
2 47 1
5 47 1
6 47 1
7 47 1
9 47 1
10 47 1
11 47 1
12 47 1
13 47 1
14 47 1
15 47 1
16 47 1
17 47 1
18 47 1
19 47 1
20 47 1
21 47 1
22 47 1
23 47 1
24 47 1
25 47 1
26 47 1
27 47 1
29 47 1
30 47 1
31 47 1
32 47 1
4 48 1
5 48 1
6 48 1
7 48 1
8 48 1
9 48 1
10 48 1
11 48 1
12 48 1
13 48 1
14 48 1
15 48 1
16 48 1
17 48 1
18 48 1
19 48 1
20 48 1
21 48 1
22 48 1
23 48 1
24 48 1
25 48 1
26 48 1
27 48 1
28 48 1
29 48 1
30 48 1
31 48 1
32 48 1
6 49 1
7 49 1
8 49 1
9 49 1
10 49 1
11 49 1
12 49 1
13 49 1
14 49 1
15 49 1
16 49 1
17 49 1
18 49 1
19 49 1
20 49 1
21 49 1
22 49 1
23 49 1
24 49 1
25 49 1
26 49 1
27 49 1
28 49 1
29 49 1
30 49 1
31 49 1
32 49 1
3 50 1
4 50 1
5 50 1
6 50 1
7 50 1
8 50 1
9 50 1
10 50 1
11 50 1
12 50 1
13 50 1
14 50 1
15 50 1
16 50 1
17 50 1
18 50 1
19 50 1
20 50 1
21 50 1
22 50 1
23 50 1
24 50 1
25 50 1
26 50 1
27 50 1
28 50 1
29 50 1
30 50 1
31 50 1
32 50 1
33 50 1
49 50 1
3 51 1
4 51 1
5 51 1
7 51 1
8 51 1
9 51 1
10 51 1
11 51 1
12 51 1
13 51 1
14 51 1
15 51 1
16 51 1
17 51 1
18 51 1
19 51 1
20 51 1
21 51 1
22 51 1
23 51 1
24 51 1
25 51 1
26 51 1
27 51 1
28 51 1
29 51 1
30 51 1
31 51 1
32 51 1
33 51 1
34 51 1
4 52 1
5 52 1
7 52 1
8 52 1
9 52 1
10 52 1
11 52 1
12 52 1
13 52 1
14 52 1
15 52 1
16 52 1
17 52 1
18 52 1
19 52 1
20 52 1
21 52 1
22 52 1
23 52 1
24 52 1
25 52 1
26 52 1
27 52 1
28 52 1
29 52 1
30 52 1
31 52 1
32 52 1
33 52 1
34 52 1
4 53 1
5 53 1
6 53 1
7 53 1
8 53 1
9 53 1
10 53 1
11 53 1
12 53 1
13 53 1
14 53 1
15 53 1
16 53 1
17 53 1
19 53 1
20 53 1
21 53 1
22 53 1
23 53 1
24 53 1
25 53 1
26 53 1
27 53 1
28 53 1
29 53 1
30 53 1
31 53 1
32 53 1
33 53 1
34 53 1
35 53 1
4 54 1
5 54 1
6 54 1
7 54 1
8 54 1
9 54 1
10 54 1
11 54 1
12 54 1
13 54 1
15 54 1
16 54 1
18 54 1
19 54 1
20 54 1
21 54 1
22 54 1
23 54 1
24 54 1
25 54 1
26 54 1
27 54 1
28 54 1
29 54 1
30 54 1
31 54 1
32 54 1
33 54 1
34 54 1
35 54 1
36 54 1
6 55 1
7 55 1
8 55 1
9 55 1
10 55 1
11 55 1
12 55 1
13 55 1
15 55 1
16 55 1
18 55 1
19 55 1
20 55 1
21 55 1
22 55 1
23 55 1
24 55 1
25 55 1
26 55 1
27 55 1
28 55 1
29 55 1
30 55 1
31 55 1
32 55 1
33 55 1
34 55 1
35 55 1
36 55 1
37 55 1
6 56 1
7 56 1
8 56 1
9 56 1
10 56 1
11 56 1
12 56 1
13 56 1
17 56 1
18 56 1
19 56 1
20 56 1
21 56 1
22 56 1
23 56 1
24 56 1
25 56 1
26 56 1
27 56 1
28 56 1
29 56 1
30 56 1
31 56 1
32 56 1
33 56 1
34 56 1
35 56 1
36 56 1
37 56 1
6 57 1
7 57 1
8 57 1
9 57 1
10 57 1
11 57 1
12 57 1
13 57 1
14 57 1
15 57 1
16 57 1
17 57 1
18 57 1
19 57 1
20 57 1
21 57 1
22 57 1
23 57 1
24 57 1
25 57 1
26 57 1
27 57 1
28 57 1
29 57 1
30 57 1
31 57 1
32 57 1
33 57 1
34 57 1
35 57 1
36 57 1
37 57 1
7 58 1
8 58 1
9 58 1
10 58 1
11 58 1
12 58 1
13 58 1
16 58 1
17 58 1
18 58 1
19 58 1
20 58 1
21 58 1
22 58 1
23 58 1
24 58 1
25 58 1
26 58 1
27 58 1
28 58 1
29 58 1
30 58 1
31 58 1
32 58 1
33 58 1
34 58 1
35 58 1
36 58 1
37 58 1
38 58 1
8 59 1
9 59 1
10 59 1
11 59 1
12 59 1
13 59 1
14 59 1
16 59 1
17 59 1
18 59 1
19 59 1
20 59 1
21 59 1
22 59 1
23 59 1
24 59 1
25 59 1
26 59 1
27 59 1
28 59 1
29 59 1
30 59 1
31 59 1
32 59 1
33 59 1
34 59 1
35 59 1
36 59 1
37 59 1
38 59 1
39 59 1
9 60 1
10 60 1
11 60 1
12 60 1
13 60 1
14 60 1
15 60 1
16 60 1
17 60 1
18 60 1
19 60 1
20 60 1
21 60 1
22 60 1
23 60 1
24 60 1
25 60 1
26 60 1
27 60 1
28 60 1
29 60 1
30 60 1
31 60 1
32 60 1
33 60 1
34 60 1
35 60 1
36 60 1
37 60 1
38 60 1
39 60 1
11 61 1
12 61 1
13 61 1
14 61 1
15 61 1
17 61 1
18 61 1
19 61 1
20 61 1
21 61 1
22 61 1
23 61 1
24 61 1
25 61 1
26 61 1
27 61 1
28 61 1
29 61 1
30 61 1
31 61 1
32 61 1
33 61 1
34 61 1
35 61 1
36 61 1
37 61 1
38 61 1
39 61 1
40 61 1
48 61 1
12 62 1
13 62 1
14 62 1
15 62 1
16 62 1
17 62 1
18 62 1
19 62 1
20 62 1
21 62 1
22 62 1
23 62 1
24 62 1
25 62 1
26 62 1
27 62 1
28 62 1
29 62 1
30 62 1
31 62 1
32 62 1
33 62 1
34 62 1
35 62 1
36 62 1
37 62 1
38 62 1
39 62 1
40 62 1
11 63 1
12 63 1
14 63 1
15 63 1
18 63 1
19 63 1
20 63 1
21 63 1
22 63 1
23 63 1
24 63 1
25 63 1
26 63 1
27 63 1
28 63 1
29 63 1
30 63 1
31 63 1
32 63 1
33 63 1
34 63 1
35 63 1
36 63 1
37 63 1
38 63 1
39 63 1
40 63 1
15 64 1
17 64 1
18 64 1
19 64 1
20 64 1
21 64 1
22 64 1
23 64 1
24 64 1
25 64 1
26 64 1
27 64 1
28 64 1
29 64 1
30 64 1
31 64 1
32 64 1
33 64 1
34 64 1
35 64 1
36 64 1
37 64 1
38 64 1
39 64 1
40 64 1
41 64 1
42 64 1
16 65 1
17 65 1
18 65 1
19 65 1
20 65 1
21 65 1
22 65 1
23 65 1
24 65 1
25 65 1
26 65 1
27 65 1
28 65 1
29 65 1
30 65 1
31 65 1
32 65 1
33 65 1
34 65 1
35 65 1
36 65 1
37 65 1
38 65 1
39 65 1
40 65 1
41 65 1
42 65 1
16 66 1
17 66 1
18 66 1
19 66 1
20 66 1
21 66 1
22 66 1
23 66 1
24 66 1
25 66 1
26 66 1
27 66 1
28 66 1
29 66 1
30 66 1
31 66 1
32 66 1
33 66 1
34 66 1
35 66 1
36 66 1
37 66 1
38 66 1
39 66 1
40 66 1
41 66 1
42 66 1
5 67 1
16 67 1
17 67 1
18 67 1
19 67 1
20 67 1
21 67 1
22 67 1
23 67 1
24 67 1
25 67 1
26 67 1
27 67 1
28 67 1
29 67 1
30 67 1
31 67 1
32 67 1
33 67 1
34 67 1
35 67 1
36 67 1
37 67 1
38 67 1
39 67 1
40 67 1
41 67 1
18 68 1
19 68 1
21 68 1
22 68 1
23 68 1
24 68 1
25 68 1
26 68 1
27 68 1
28 68 1
29 68 1
30 68 1
31 68 1
32 68 1
33 68 1
34 68 1
35 68 1
36 68 1
37 68 1
38 68 1
39 68 1
40 68 1
41 68 1
52 68 1
22 69 1
23 69 1
24 69 1
25 69 1
26 69 1
27 69 1
28 69 1
29 69 1
30 69 1
31 69 1
32 69 1
33 69 1
34 69 1
35 69 1
36 69 1
37 69 1
38 69 1
39 69 1
40 69 1
41 69 1
53 69 1
16 70 1
23 70 1
24 70 1
25 70 1
26 70 1
27 70 1
28 70 1
29 70 1
30 70 1
31 70 1
32 70 1
33 70 1
34 70 1
35 70 1
36 70 1
37 70 1
38 70 1
39 70 1
40 70 1
26 71 1
27 71 1
28 71 1
29 71 1
30 71 1
31 71 1
32 71 1
33 71 1
34 71 1
35 71 1
36 71 1
37 71 1
38 71 1
39 71 1
40 71 1
26 72 1
27 72 1
28 72 1
29 72 1
30 72 1
31 72 1
32 72 1
33 72 1
34 72 1
35 72 1
36 72 1
37 72 1
38 72 1
39 72 1
40 72 1
41 72 1
60 72 1
61 72 1
29 73 1
30 73 1
31 73 1
32 73 1
34 73 1
35 73 1
36 73 1
38 73 1
39 73 1
40 73 1
64 73 1
31 74 1
33 74 1
34 74 1
36 74 1
39 74 1
67 74 1
35 75 1
36 75 1
50 75 1
73 77 1
54 78 1
72 78 1
76 78 1
69 79 1
72 79 1
51 80 1
85 80 1
57 81 1
58 81 1
78 81 1
87 81 1
69 82 1
70 82 1
94 82 1
83 83 1
85 83 1
86 83 1
90 83 1
69 84 1
70 84 1
94 84 1
95 84 1
98 85 1
42 86 1
70 86 1
94 86 1
104 86 1
105 86 1
107 86 1
96 87 1
97 87 1
98 87 1
99 87 1
98 88 1
110 88 1
79 89 1
108 89 1
110 89 1
111 89 1
116 89 1
83 90 1
117 90 1
119 91 1
112 92 1
113 92 1
121 93 1
124 93 1
125 93 1
130 93 1
121 94 1
122 94 1
127 94 1
123 95 1
124 95 1
132 95 1
125 96 1
127 96 1
132 96 1
121 101 1
