101 1 0
102 1 0
114 1 0
145 1 0
146 1 0
147 1 0
148 1 0
149 1 0
150 1 0
151 1 0
153 1 0
155 1 0
148 2 0
149 2 0
150 2 0
151 2 0
155 2 0
157 2 0
182 2 0
114 3 0
115 3 0
148 3 0
149 3 0
150 3 0
151 3 0
153 3 0
154 3 0
155 3 0
156 3 0
167 3 0
101 4 0
108 4 0
114 4 0
150 4 0
151 4 0
152 4 0
153 4 0
154 4 0
155 4 0
156 4 0
158 4 0
99 5 0
106 5 0
116 5 0
117 5 0
118 5 0
150 5 0
151 5 0
152 5 0
153 5 0
154 5 0
155 5 0
156 5 0
166 5 0
168 5 0
169 5 0
170 5 0
100 6 0
102 6 0
150 6 0
152 6 0
153 6 0
154 6 0
168 6 0
169 6 0
82 7 0
150 7 0
151 7 0
152 7 0
154 7 0
155 7 0
164 7 0
165 7 0
84 8 0
85 8 0
86 8 0
111 8 0
112 8 0
118 8 0
154 8 0
166 8 0
169 8 0
104 9 0
106 9 0
110 9 0
111 9 0
112 9 0
119 9 0
151 9 0
165 9 0
166 9 0
170 9 0
103 10 0
104 10 0
108 10 0
110 10 0
111 10 0
112 10 0
116 10 0
119 10 0
94 11 0
97 11 0
98 11 0
103 11 0
110 11 0
112 11 0
119 11 0
123 11 0
124 11 0
142 11 0
144 11 0
163 11 0
164 11 0
184 11 0
96 12 0
97 12 0
102 12 0
104 12 0
108 12 0
112 12 0
120 12 0
124 12 0
125 12 0
126 12 0
127 12 0
129 12 0
143 12 0
146 12 0
165 12 0
100 13 0
104 13 0
108 13 0
110 13 0
116 13 0
120 13 0
105 14 0
106 14 0
108 14 0
110 14 0
112 14 0
113 14 0
114 14 0
121 14 0
154 14 0
101 15 0
102 15 0
103 15 0
112 15 0
114 15 0
116 15 0
119 15 0
120 15 0
121 15 0
162 15 0
98 16 0
100 16 0
104 16 0
110 16 0
112 16 0
119 16 0
120 16 0
148 16 0
96 17 0
97 17 0
99 17 0
100 17 0
104 17 0
106 17 0
107 17 0
110 17 0
120 17 0
121 17 0
96 18 0
97 18 0
99 18 0
100 18 0
108 18 0
111 18 0
112 18 0
134 18 0
150 18 0
160 18 0
161 18 0
162 18 0
96 19 0
99 19 0
105 19 0
106 19 0
111 19 0
112 19 0
118 19 0
124 19 0
129 19 0
134 19 0
139 19 0
144 19 0
151 19 0
160 19 0
162 19 0
95 20 0
96 20 0
97 20 0
98 20 0
100 20 0
101 20 0
106 20 0
107 20 0
108 20 0
110 20 0
111 20 0
112 20 0
117 20 0
121 20 0
124 20 0
126 20 0
128 20 0
129 20 0
131 20 0
139 20 0
142 20 0
144 20 0
148 20 0
154 20 0
160 20 0
161 20 0
96 21 0
97 21 0
98 21 0
99 21 0
100 21 0
103 21 0
104 21 0
124 21 0
126 21 0
127 21 0
128 21 0
129 21 0
131 21 0
132 21 0
134 21 0
136 21 0
142 21 0
144 21 0
150 21 0
156 21 0
160 21 0
96 22 0
98 22 0
100 22 0
106 22 0
110 22 0
112 22 0
118 22 0
123 22 0
124 22 0
126 22 0
128 22 0
129 22 0
133 22 0
134 22 0
142 22 0
143 22 0
144 22 0
150 22 0
156 22 0
160 22 0
95 23 0
96 23 0
98 23 0
100 23 0
102 23 0
108 23 0
110 23 0
117 23 0
123 23 0
124 23 0
126 23 0
128 23 0
134 23 0
136 23 0
137 23 0
138 23 0
140 23 0
141 23 0
144 23 0
146 23 0
148 23 0
150 23 0
157 23 0
95 24 0
96 24 0
100 24 0
101 24 0
104 24 0
112 24 0
114 24 0
115 24 0
123 24 0
124 24 0
126 24 0
128 24 0
134 24 0
135 24 0
138 24 0
144 24 0
94 25 0
96 25 0
98 25 0
100 25 0
102 25 0
103 25 0
108 25 0
112 25 0
117 25 0
118 25 0
119 25 0
120 25 0
121 25 0
122 25 0
124 25 0
94 26 0
95 26 0
98 26 0
99 26 0
104 26 0
109 26 0
114 26 0
117 26 0
118 26 0
119 26 0
120 26 0
121 26 0
122 26 0
182 26 0
95 27 0
96 27 0
97 27 0
101 27 0
106 27 0
108 27 0
112 27 0
118 27 0
119 27 0
94 28 0
95 28 0
98 28 0
100 28 0
104 28 0
106 28 0
116 28 0
117 28 0
118 28 0
120 28 0
122 28 0
95 29 0
96 29 0
107 29 0
116 29 0
118 29 0
94 30 0
96 30 0
112 30 0
115 30 0
117 30 0
118 30 0
120 30 0
91 31 0
92 31 0
94 31 0
95 31 0
96 31 0
102 31 0
114 31 0
116 31 0
118 31 0
122 31 0
91 32 0
92 32 0
93 32 0
94 32 0
95 32 0
97 32 0
110 32 0
116 32 0
91 33 0
92 33 0
93 33 0
94 33 0
98 33 0
99 33 0
101 33 0
115 33 0
118 33 0
119 33 0
91 34 0
92 34 0
93 34 0
94 34 0
95 34 0
96 34 0
97 34 0
98 34 0
100 34 0
102 34 0
108 34 0
110 34 0
117 34 0
91 35 0
92 35 0
93 35 0
94 35 0
95 35 0
96 35 0
102 35 0
106 35 0
115 35 0
117 35 0
91 36 0
92 36 0
93 36 0
94 36 0
95 36 0
96 36 0
98 36 0
100 36 0
91 37 0
92 37 0
93 37 0
94 37 0
95 37 0
96 37 0
98 37 0
99 37 0
101 37 0
102 37 0
106 37 0
112 37 0
113 37 0
118 37 0
90 38 0
91 38 0
92 38 0
93 38 0
94 38 0
96 38 0
97 38 0
98 38 0
100 38 0
101 38 0
102 38 0
104 38 0
114 38 0
116 38 0
118 38 0
120 38 0
121 38 0
91 39 0
92 39 0
93 39 0
94 39 0
95 39 0
98 39 0
102 39 0
103 39 0
106 39 0
115 39 0
116 39 0
117 39 0
118 39 0
120 39 0
91 40 0
92 40 0
94 40 0
95 40 0
96 40 0
100 40 0
102 40 0
104 40 0
105 40 0
112 40 0
115 40 0
117 40 0
118 40 0
119 40 0
120 40 0
122 40 0
91 41 0
92 41 0
98 41 0
100 41 0
101 41 0
104 41 0
105 41 0
106 41 0
108 41 0
114 41 0
118 41 0
119 41 0
120 41 0
121 41 0
122 41 0
92 42 0
94 42 0
98 42 0
99 42 0
100 42 0
104 42 0
114 42 0
115 42 0
118 42 0
120 42 0
95 43 0
100 43 0
102 43 0
108 43 0
114 43 0
116 43 0
118 43 0
119 43 0
94 44 0
97 44 0
99 44 0
100 44 0
107 44 0
108 44 0
113 44 0
114 44 0
119 44 0
94 45 0
113 45 0
114 45 0
115 45 0
116 45 0
118 45 0
74 46 0
95 46 0
106 46 0
112 46 0
114 46 0
115 46 0
116 46 0
118 46 0
76 47 0
94 47 0
99 47 0
102 47 0
105 47 0
114 47 0
116 47 0
118 47 0
76 48 0
95 48 0
98 48 0
102 48 0
104 48 0
106 48 0
118 48 0
73 49 0
76 49 0
106 49 0
118 49 0
73 50 0
75 50 0
92 50 0
102 50 0
104 50 0
106 50 0
117 50 0
118 50 0
100 51 0
102 51 0
108 51 0
110 51 0
118 51 0
92 52 0
104 52 0
107 52 0
108 52 0
117 52 0
106 53 0
107 53 0
112 53 0
118 53 0
119 53 0
91 54 0
99 54 0
110 54 0
132 54 0
132 55 0
119 56 0
114 57 0
117 57 0
118 57 0
119 57 0
120 57 0
132 57 0
137 57 0
118 58 0
119 58 0
120 58 0
121 58 0
122 58 0
123 58 0
135 58 0
108 59 0
116 59 0
117 59 0
118 59 0
119 59 0
120 59 0
121 59 0
122 59 0
123 59 0
138 59 0
92 60 0
114 60 0
115 60 0
116 60 0
118 60 0
119 60 0
120 60 0
121 60 0
122 60 0
123 60 0
124 60 0
115 61 0
116 61 0
117 61 0
118 61 0
119 61 0
120 61 0
121 61 0
122 61 0
123 61 0
124 61 0
136 61 0
116 62 0
118 62 0
119 62 0
120 62 0
94 63 0
106 63 0
112 63 0
116 63 0
136 63 0
157 63 0
162 63 0
163 63 0
98 64 0
104 64 0
116 64 0
116 65 0
118 65 0
119 65 0
136 65 0
94 66 0
96 66 0
98 66 0
118 66 0
119 66 0
96 67 0
98 67 0
28 85 0
44 85 0
46 85 0
2 86 0
6 86 0
28 86 0
29 86 0
30 86 0
44 86 0
45 86 0
2 87 0
3 87 0
4 87 0
28 87 0
30 87 0
44 87 0
45 87 0
46 87 0
2 88 0
4 88 0
5 88 0
41 89 0
1 92 0
1 93 0
2 93 0
1 94 0
1 95 0
2 96 0
1 101 0
2 101 0
8 101 0
10 101 0
13 101 0
7 102 0
8 102 0
9 102 0
10 102 0
15 102 0
88 113 0
88 115 0
86 117 0
88 117 0
91 117 0
86 118 0
90 118 0
85 119 0
86 119 0
88 119 0
90 119 0
92 119 0
95 119 0
85 120 0
86 120 0
88 120 0
89 120 0
86 121 0
88 121 0
90 121 0
92 121 0
94 121 0
98 121 0
86 122 0
87 122 0
88 122 0
90 122 0
91 122 0
92 122 0
93 122 0
96 122 0
89 123 0
90 123 0
91 123 0
92 123 0
96 123 0
97 123 0
90 124 0
91 124 0
92 124 0
88 125 0
89 125 0
90 125 0
91 125 0
92 125 0
93 125 0
94 125 0
90 126 0
91 126 0
92 126 0
94 126 0
90 127 0
94 127 0
98 127 0
90 128 0
91 128 0
176 132 0
100 133 0
100 134 0
98 135 0
100 135 0
86 136 0
88 136 0
98 136 0
88 137 0
90 137 0
118 137 0
102 138 0
94 139 0
102 139 0
87 141 0
91 141 0
92 141 0
102 141 0
104 141 0
108 141 0
88 142 0
92 142 0
102 143 0
179 143 0
88 144 0
94 144 0
100 144 0
106 144 0
88 145 0
94 145 0
95 145 0
96 145 0
106 145 0
84 146 0
85 146 0
96 146 0
97 146 0
86 148 0
87 148 0
111 148 0
112 148 0
182 148 0
183 148 0
184 148 0
186 148 0
187 148 0
188 148 0
108 149 0
109 149 0
110 149 0
112 149 0
178 149 0
179 149 0
182 149 0
183 149 0
184 149 0
185 149 0
186 149 0
187 149 0
188 149 0
90 150 0
100 150 0
108 150 0
109 150 0
111 150 0
112 150 0
115 150 0
178 150 0
180 150 0
181 150 0
182 150 0
183 150 0
184 150 0
185 150 0
186 150 0
187 150 0
188 150 0
189 150 0
76 151 0
77 151 0
108 151 0
109 151 0
110 151 0
112 151 0
113 151 0
114 151 0
115 151 0
116 151 0
183 151 0
184 151 0
185 151 0
186 151 0
189 151 0
108 152 0
109 152 0
110 152 0
111 152 0
112 152 0
113 152 0
114 152 0
115 152 0
116 152 0
118 152 0
134 152 0
143 152 0
146 152 0
156 152 0
172 152 0
180 152 0
184 152 0
185 152 0
186 152 0
188 152 0
74 153 0
75 153 0
76 153 0
78 153 0
108 153 0
110 153 0
111 153 0
112 153 0
114 153 0
115 153 0
116 153 0
117 153 0
118 153 0
129 153 0
130 153 0
131 153 0
132 153 0
156 153 0
157 153 0
159 153 0
165 153 0
172 153 0
184 153 0
185 153 0
186 153 0
187 153 0
73 154 0
74 154 0
76 154 0
111 154 0
112 154 0
113 154 0
114 154 0
115 154 0
130 154 0
132 154 0
135 154 0
136 154 0
138 154 0
143 154 0
144 154 0
152 154 0
153 154 0
158 154 0
159 154 0
166 154 0
167 154 0
74 155 0
75 155 0
76 155 0
77 155 0
78 155 0
116 155 0
117 155 0
124 155 0
132 155 0
146 155 0
153 155 0
77 156 0
78 156 0
111 156 0
116 156 0
120 156 0
122 156 0
123 156 0
124 156 0
130 156 0
131 156 0
145 156 0
154 156 0
160 156 0
78 157 0
79 157 0
118 157 0
119 157 0
120 157 0
124 157 0
126 157 0
131 157 0
132 157 0
133 157 0
134 157 0
139 157 0
141 157 0
146 157 0
147 157 0
148 157 0
162 157 0
5 158 0
132 158 0
133 158 0
134 158 0
136 158 0
137 158 0
148 158 0
150 158 0
152 158 0
78 159 0
79 159 0
80 159 0
81 159 0
82 159 0
73 160 0
74 160 0
76 160 0
80 160 0
81 160 0
82 160 0
73 161 0
74 161 0
76 161 0
77 161 0
74 162 0
75 162 0
76 162 0
78 162 0
76 163 0
76 164 0
77 164 0
78 164 0
78 166 0
72 167 0
72 168 0
74 168 0
78 168 0
80 168 0
81 168 0
82 168 0
72 169 0
73 169 0
74 169 0
78 169 0
80 169 0
81 169 0
82 169 0
72 170 0
73 170 0
74 170 0
76 170 0
78 170 0
79 170 0
75 171 0
77 171 0
78 171 0
76 172 0
78 172 0
78 173 0
77 176 0
80 176 0
71 177 0
72 177 0
73 177 0
80 177 0
5 34 1
20 36 1
5 38 1
8 44 1
3 45 1
11 45 1
15 45 1
6 46 1
34 46 1
36 46 1
6 47 1
11 47 1
29 47 1
11 48 1
23 48 1
24 48 1
25 48 1
29 48 1
30 48 1
32 48 1
33 48 1
36 48 1
37 48 1
38 48 1
39 48 1
42 48 1
14 49 1
22 49 1
23 49 1
24 49 1
25 49 1
26 49 1
27 49 1
29 49 1
30 49 1
31 49 1
32 49 1
33 49 1
34 49 1
35 49 1
36 49 1
37 49 1
38 49 1
39 49 1
40 49 1
41 49 1
42 49 1
43 49 1
44 49 1
19 50 1
21 50 1
24 50 1
26 50 1
27 50 1
28 50 1
29 50 1
30 50 1
31 50 1
32 50 1
33 50 1
34 50 1
35 50 1
36 50 1
37 50 1
38 50 1
39 50 1
40 50 1
41 50 1
42 50 1
43 50 1
44 50 1
45 50 1
23 51 1
24 51 1
25 51 1
26 51 1
27 51 1
28 51 1
29 51 1
30 51 1
31 51 1
32 51 1
33 51 1
34 51 1
35 51 1
36 51 1
37 51 1
38 51 1
39 51 1
40 51 1
41 51 1
43 51 1
44 51 1
45 51 1
46 51 1
18 52 1
21 52 1
22 52 1
23 52 1
25 52 1
26 52 1
27 52 1
28 52 1
29 52 1
30 52 1
31 52 1
32 52 1
33 52 1
34 52 1
35 52 1
36 52 1
37 52 1
38 52 1
39 52 1
40 52 1
41 52 1
42 52 1
45 52 1
46 52 1
47 52 1
17 53 1
21 53 1
22 53 1
23 53 1
24 53 1
25 53 1
26 53 1
27 53 1
28 53 1
29 53 1
30 53 1
31 53 1
32 53 1
33 53 1
34 53 1
35 53 1
36 53 1
37 53 1
39 53 1
40 53 1
41 53 1
42 53 1
43 53 1
45 53 1
46 53 1
47 53 1
16 54 1
21 54 1
22 54 1
23 54 1
24 54 1
25 54 1
26 54 1
27 54 1
28 54 1
29 54 1
30 54 1
31 54 1
32 54 1
33 54 1
34 54 1
35 54 1
36 54 1
37 54 1
38 54 1
39 54 1
40 54 1
41 54 1
42 54 1
43 54 1
44 54 1
45 54 1
46 54 1
47 54 1
48 54 1
19 55 1
20 55 1
21 55 1
22 55 1
23 55 1
24 55 1
25 55 1
26 55 1
27 55 1
28 55 1
29 55 1
30 55 1
31 55 1
32 55 1
33 55 1
34 55 1
35 55 1
36 55 1
37 55 1
38 55 1
39 55 1
40 55 1
41 55 1
42 55 1
43 55 1
44 55 1
45 55 1
46 55 1
47 55 1
48 55 1
18 56 1
19 56 1
20 56 1
21 56 1
22 56 1
23 56 1
24 56 1
25 56 1
26 56 1
27 56 1
28 56 1
29 56 1
30 56 1
31 56 1
32 56 1
33 56 1
34 56 1
35 56 1
36 56 1
37 56 1
39 56 1
40 56 1
41 56 1
42 56 1
43 56 1
44 56 1
45 56 1
46 56 1
47 56 1
48 56 1
49 56 1
19 57 1
20 57 1
21 57 1
22 57 1
23 57 1
24 57 1
25 57 1
26 57 1
27 57 1
28 57 1
29 57 1
30 57 1
31 57 1
32 57 1
33 57 1
34 57 1
35 57 1
36 57 1
39 57 1
40 57 1
41 57 1
42 57 1
43 57 1
44 57 1
45 57 1
46 57 1
47 57 1
48 57 1
49 57 1
50 57 1
20 58 1
21 58 1
23 58 1
24 58 1
25 58 1
26 58 1
27 58 1
28 58 1
29 58 1
30 58 1
31 58 1
32 58 1
34 58 1
35 58 1
36 58 1
37 58 1
38 58 1
40 58 1
41 58 1
42 58 1
43 58 1
44 58 1
45 58 1
46 58 1
47 58 1
48 58 1
49 58 1
17 59 1
20 59 1
21 59 1
23 59 1
24 59 1
25 59 1
26 59 1
27 59 1
28 59 1
31 59 1
32 59 1
35 59 1
36 59 1
37 59 1
38 59 1
39 59 1
40 59 1
41 59 1
42 59 1
43 59 1
44 59 1
45 59 1
46 59 1
47 59 1
48 59 1
49 59 1
50 59 1
51 59 1
17 60 1
20 60 1
21 60 1
23 60 1
24 60 1
25 60 1
26 60 1
27 60 1
28 60 1
31 60 1
33 60 1
34 60 1
35 60 1
36 60 1
37 60 1
38 60 1
39 60 1
40 60 1
41 60 1
42 60 1
43 60 1
44 60 1
45 60 1
46 60 1
47 60 1
48 60 1
49 60 1
50 60 1
51 60 1
52 60 1
53 60 1
19 61 1
22 61 1
23 61 1
24 61 1
25 61 1
26 61 1
27 61 1
28 61 1
29 61 1
33 61 1
34 61 1
35 61 1
36 61 1
37 61 1
38 61 1
39 61 1
40 61 1
41 61 1
42 61 1
43 61 1
44 61 1
45 61 1
46 61 1
47 61 1
48 61 1
49 61 1
50 61 1
51 61 1
52 61 1
53 61 1
21 62 1
22 62 1
23 62 1
25 62 1
26 62 1
27 62 1
28 62 1
29 62 1
30 62 1
31 62 1
32 62 1
33 62 1
34 62 1
35 62 1
36 62 1
37 62 1
38 62 1
39 62 1
40 62 1
41 62 1
42 62 1
43 62 1
44 62 1
45 62 1
46 62 1
47 62 1
48 62 1
49 62 1
50 62 1
51 62 1
52 62 1
53 62 1
23 63 1
24 63 1
25 63 1
26 63 1
27 63 1
28 63 1
30 63 1
32 63 1
33 63 1
34 63 1
35 63 1
36 63 1
37 63 1
38 63 1
39 63 1
40 63 1
41 63 1
42 63 1
43 63 1
44 63 1
45 63 1
46 63 1
47 63 1
48 63 1
49 63 1
50 63 1
51 63 1
52 63 1
53 63 1
23 64 1
24 64 1
25 64 1
26 64 1
27 64 1
28 64 1
29 64 1
32 64 1
33 64 1
34 64 1
35 64 1
36 64 1
37 64 1
38 64 1
39 64 1
40 64 1
41 64 1
42 64 1
43 64 1
44 64 1
45 64 1
46 64 1
47 64 1
48 64 1
49 64 1
50 64 1
51 64 1
52 64 1
53 64 1
54 64 1
24 65 1
25 65 1
26 65 1
27 65 1
28 65 1
29 65 1
31 65 1
32 65 1
33 65 1
34 65 1
35 65 1
36 65 1
37 65 1
38 65 1
39 65 1
40 65 1
41 65 1
42 65 1
43 65 1
44 65 1
45 65 1
46 65 1
47 65 1
48 65 1
49 65 1
50 65 1
51 65 1
52 65 1
53 65 1
54 65 1
26 66 1
27 66 1
28 66 1
29 66 1
30 66 1
31 66 1
32 66 1
33 66 1
34 66 1
35 66 1
36 66 1
37 66 1
38 66 1
39 66 1
40 66 1
41 66 1
42 66 1
43 66 1
44 66 1
45 66 1
46 66 1
47 66 1
48 66 1
49 66 1
50 66 1
51 66 1
52 66 1
53 66 1
54 66 1
55 66 1
26 67 1
27 67 1
28 67 1
29 67 1
30 67 1
31 67 1
32 67 1
33 67 1
34 67 1
35 67 1
36 67 1
37 67 1
38 67 1
39 67 1
40 67 1
41 67 1
42 67 1
43 67 1
44 67 1
45 67 1
46 67 1
47 67 1
48 67 1
49 67 1
50 67 1
51 67 1
52 67 1
53 67 1
54 67 1
55 67 1
27 68 1
28 68 1
29 68 1
30 68 1
31 68 1
32 68 1
33 68 1
34 68 1
35 68 1
36 68 1
37 68 1
38 68 1
39 68 1
40 68 1
41 68 1
42 68 1
43 68 1
44 68 1
45 68 1
46 68 1
47 68 1
48 68 1
49 68 1
50 68 1
51 68 1
52 68 1
53 68 1
54 68 1
55 68 1
30 69 1
31 69 1
32 69 1
33 69 1
34 69 1
35 69 1
36 69 1
37 69 1
38 69 1
39 69 1
40 69 1
41 69 1
42 69 1
43 69 1
44 69 1
45 69 1
46 69 1
47 69 1
48 69 1
49 69 1
50 69 1
51 69 1
52 69 1
53 69 1
54 69 1
55 69 1
56 69 1
57 69 1
31 70 1
32 70 1
33 70 1
34 70 1
35 70 1
36 70 1
37 70 1
38 70 1
39 70 1
40 70 1
41 70 1
42 70 1
43 70 1
44 70 1
45 70 1
46 70 1
47 70 1
48 70 1
49 70 1
50 70 1
51 70 1
52 70 1
53 70 1
54 70 1
55 70 1
56 70 1
57 70 1
58 70 1
32 71 1
33 71 1
34 71 1
35 71 1
36 71 1
37 71 1
38 71 1
39 71 1
40 71 1
41 71 1
42 71 1
43 71 1
44 71 1
45 71 1
46 71 1
47 71 1
48 71 1
49 71 1
50 71 1
51 71 1
52 71 1
53 71 1
54 71 1
55 71 1
56 71 1
57 71 1
58 71 1
30 72 1
31 72 1
32 72 1
33 72 1
34 72 1
35 72 1
36 72 1
37 72 1
38 72 1
39 72 1
40 72 1
41 72 1
42 72 1
43 72 1
44 72 1
45 72 1
46 72 1
47 72 1
48 72 1
49 72 1
50 72 1
51 72 1
52 72 1
53 72 1
54 72 1
55 72 1
56 72 1
57 72 1
58 72 1
32 73 1
33 73 1
34 73 1
35 73 1
36 73 1
37 73 1
38 73 1
39 73 1
40 73 1
41 73 1
42 73 1
43 73 1
44 73 1
45 73 1
46 73 1
47 73 1
48 73 1
49 73 1
50 73 1
51 73 1
52 73 1
53 73 1
54 73 1
55 73 1
56 73 1
57 73 1
34 74 1
35 74 1
36 74 1
37 74 1
38 74 1
39 74 1
40 74 1
41 74 1
42 74 1
43 74 1
44 74 1
45 74 1
46 74 1
47 74 1
48 74 1
49 74 1
50 74 1
51 74 1
52 74 1
53 74 1
54 74 1
55 74 1
56 74 1
57 74 1
36 75 1
37 75 1
38 75 1
39 75 1
40 75 1
41 75 1
42 75 1
43 75 1
44 75 1
45 75 1
46 75 1
47 75 1
48 75 1
49 75 1
50 75 1
51 75 1
52 75 1
53 75 1
54 75 1
55 75 1
56 75 1
57 75 1
58 75 1
36 76 1
39 76 1
40 76 1
41 76 1
42 76 1
43 76 1
44 76 1
45 76 1
46 76 1
47 76 1
48 76 1
49 76 1
50 76 1
51 76 1
52 76 1
53 76 1
54 76 1
55 76 1
56 76 1
57 76 1
58 76 1
68 76 1
39 77 1
40 77 1
42 77 1
43 77 1
44 77 1
45 77 1
46 77 1
47 77 1
48 77 1
49 77 1
50 77 1
51 77 1
52 77 1
53 77 1
54 77 1
55 77 1
56 77 1
57 77 1
76 77 1
40 78 1
42 78 1
43 78 1
44 78 1
45 78 1
46 78 1
47 78 1
48 78 1
49 78 1
50 78 1
51 78 1
52 78 1
53 78 1
54 78 1
55 78 1
56 78 1
57 78 1
76 78 1
79 78 1
80 78 1
81 78 1
43 79 1
44 79 1
45 79 1
46 79 1
47 79 1
48 79 1
49 79 1
50 79 1
51 79 1
54 79 1
55 79 1
56 79 1
57 79 1
45 80 1
51 80 1
51 81 1
85 82 1
51 83 1
69 83 1
61 84 1
88 84 1
67 86 1
94 86 1
102 87 1
85 89 1
101 89 1
85 90 1
107 91 1
91 92 1
113 93 1
114 93 1
115 93 1
120 95 1
122 95 1
131 95 1
137 99 1
146 99 1
139 100 1
