95 1 0
97 1 0
98 1 0
99 1 0
110 1 0
111 1 0
112 1 0
142 1 0
143 1 0
144 1 0
145 1 0
146 1 0
147 1 0
148 1 0
149 1 0
150 1 0
151 1 0
152 1 0
153 1 0
154 1 0
96 2 0
107 2 0
111 2 0
113 2 0
143 2 0
145 2 0
146 2 0
147 2 0
148 2 0
149 2 0
150 2 0
151 2 0
152 2 0
153 2 0
155 2 0
176 2 0
98 3 0
112 3 0
113 3 0
114 3 0
145 3 0
146 3 0
147 3 0
148 3 0
149 3 0
150 3 0
151 3 0
152 3 0
153 3 0
96 4 0
97 4 0
98 4 0
111 4 0
112 4 0
113 4 0
145 4 0
146 4 0
147 4 0
148 4 0
149 4 0
150 4 0
151 4 0
152 4 0
153 4 0
156 4 0
167 4 0
94 5 0
96 5 0
97 5 0
101 5 0
112 5 0
113 5 0
147 5 0
148 5 0
149 5 0
150 5 0
151 5 0
152 5 0
153 5 0
154 5 0
155 5 0
162 5 0
163 5 0
164 5 0
165 5 0
166 5 0
167 5 0
181 5 0
95 6 0
96 6 0
97 6 0
98 6 0
99 6 0
147 6 0
148 6 0
149 6 0
150 6 0
151 6 0
153 6 0
163 6 0
164 6 0
165 6 0
166 6 0
167 6 0
79 7 0
80 7 0
82 7 0
95 7 0
96 7 0
113 7 0
148 7 0
149 7 0
150 7 0
151 7 0
160 7 0
161 7 0
162 7 0
163 7 0
165 7 0
166 7 0
167 7 0
79 8 0
80 8 0
81 8 0
82 8 0
95 8 0
114 8 0
116 8 0
149 8 0
150 8 0
160 8 0
161 8 0
162 8 0
165 8 0
166 8 0
167 8 0
91 9 0
97 9 0
106 9 0
109 9 0
110 9 0
115 9 0
116 9 0
117 9 0
161 9 0
166 9 0
181 9 0
95 10 0
100 10 0
102 10 0
106 10 0
107 10 0
108 10 0
109 10 0
111 10 0
112 10 0
115 10 0
116 10 0
117 10 0
121 10 0
161 10 0
165 10 0
166 10 0
167 10 0
91 11 0
93 11 0
95 11 0
100 11 0
101 11 0
107 11 0
108 11 0
109 11 0
110 11 0
115 11 0
117 11 0
119 11 0
120 11 0
121 11 0
122 11 0
123 11 0
140 11 0
141 11 0
160 11 0
165 11 0
166 11 0
179 11 0
91 12 0
92 12 0
93 12 0
97 12 0
99 12 0
101 12 0
102 12 0
104 12 0
105 12 0
106 12 0
107 12 0
108 12 0
109 12 0
116 12 0
119 12 0
120 12 0
121 12 0
122 12 0
123 12 0
124 12 0
125 12 0
139 12 0
140 12 0
141 12 0
162 12 0
163 12 0
94 13 0
95 13 0
96 13 0
102 13 0
104 13 0
105 13 0
106 13 0
107 13 0
108 13 0
109 13 0
110 13 0
111 13 0
116 13 0
117 13 0
139 13 0
140 13 0
141 13 0
142 13 0
163 13 0
95 14 0
101 14 0
102 14 0
103 14 0
104 14 0
105 14 0
107 14 0
109 14 0
110 14 0
115 14 0
116 14 0
117 14 0
149 14 0
156 14 0
94 15 0
97 15 0
98 15 0
99 15 0
100 15 0
101 15 0
107 15 0
109 15 0
111 15 0
112 15 0
115 15 0
116 15 0
117 15 0
118 15 0
119 15 0
142 15 0
153 15 0
158 15 0
95 16 0
96 16 0
97 16 0
98 16 0
102 16 0
103 16 0
104 16 0
106 16 0
107 16 0
108 16 0
109 16 0
110 16 0
111 16 0
114 16 0
115 16 0
117 16 0
118 16 0
121 16 0
133 16 0
141 16 0
143 16 0
147 16 0
149 16 0
158 16 0
159 16 0
94 17 0
95 17 0
96 17 0
97 17 0
98 17 0
99 17 0
101 17 0
102 17 0
103 17 0
104 17 0
105 17 0
107 17 0
108 17 0
109 17 0
110 17 0
115 17 0
116 17 0
117 17 0
118 17 0
122 17 0
126 17 0
142 17 0
145 17 0
158 17 0
159 17 0
93 18 0
94 18 0
95 18 0
96 18 0
97 18 0
98 18 0
105 18 0
106 18 0
107 18 0
108 18 0
109 18 0
110 18 0
111 18 0
116 18 0
126 18 0
127 18 0
134 18 0
142 18 0
145 18 0
146 18 0
147 18 0
148 18 0
158 18 0
159 18 0
94 19 0
95 19 0
96 19 0
104 19 0
105 19 0
106 19 0
107 19 0
108 19 0
109 19 0
115 19 0
117 19 0
120 19 0
121 19 0
125 19 0
130 19 0
141 19 0
145 19 0
146 19 0
157 19 0
158 19 0
93 20 0
94 20 0
95 20 0
96 20 0
97 20 0
100 20 0
101 20 0
102 20 0
103 20 0
105 20 0
106 20 0
108 20 0
109 20 0
113 20 0
114 20 0
116 20 0
119 20 0
120 20 0
121 20 0
123 20 0
124 20 0
125 20 0
126 20 0
128 20 0
130 20 0
135 20 0
139 20 0
141 20 0
143 20 0
145 20 0
157 20 0
158 20 0
159 20 0
160 20 0
93 21 0
94 21 0
95 21 0
96 21 0
98 21 0
102 21 0
108 21 0
109 21 0
113 21 0
123 21 0
124 21 0
125 21 0
126 21 0
128 21 0
129 21 0
130 21 0
131 21 0
135 21 0
136 21 0
157 21 0
158 21 0
93 22 0
94 22 0
95 22 0
96 22 0
97 22 0
102 22 0
103 22 0
105 22 0
106 22 0
118 22 0
119 22 0
120 22 0
121 22 0
123 22 0
124 22 0
125 22 0
126 22 0
129 22 0
130 22 0
139 22 0
140 22 0
141 22 0
142 22 0
143 22 0
150 22 0
156 22 0
157 22 0
158 22 0
93 23 0
94 23 0
95 23 0
99 23 0
106 23 0
107 23 0
108 23 0
109 23 0
113 23 0
114 23 0
118 23 0
119 23 0
120 23 0
121 23 0
123 23 0
125 23 0
133 23 0
134 23 0
136 23 0
138 23 0
139 23 0
142 23 0
144 23 0
145 23 0
147 23 0
149 23 0
150 23 0
151 23 0
153 23 0
154 23 0
156 23 0
157 23 0
158 23 0
92 24 0
93 24 0
94 24 0
95 24 0
96 24 0
98 24 0
99 24 0
109 24 0
118 24 0
119 24 0
121 24 0
122 24 0
123 24 0
124 24 0
127 24 0
128 24 0
129 24 0
130 24 0
131 24 0
133 24 0
134 24 0
137 24 0
138 24 0
139 24 0
143 24 0
144 24 0
145 24 0
157 24 0
92 25 0
93 25 0
94 25 0
95 25 0
96 25 0
97 25 0
98 25 0
99 25 0
109 25 0
112 25 0
114 25 0
115 25 0
116 25 0
117 25 0
118 25 0
119 25 0
121 25 0
123 25 0
124 25 0
128 25 0
92 26 0
93 26 0
94 26 0
95 26 0
100 26 0
103 26 0
110 26 0
112 26 0
113 26 0
114 26 0
115 26 0
116 26 0
117 26 0
118 26 0
92 27 0
93 27 0
94 27 0
99 27 0
109 27 0
115 27 0
116 27 0
117 27 0
118 27 0
92 28 0
93 28 0
94 28 0
95 28 0
96 28 0
97 28 0
100 28 0
102 28 0
103 28 0
114 28 0
115 28 0
116 28 0
117 28 0
91 29 0
92 29 0
93 29 0
94 29 0
111 29 0
112 29 0
113 29 0
114 29 0
115 29 0
92 30 0
93 30 0
94 30 0
110 30 0
112 30 0
113 30 0
114 30 0
115 30 0
116 30 0
117 30 0
89 31 0
90 31 0
91 31 0
92 31 0
93 31 0
94 31 0
112 31 0
113 31 0
114 31 0
115 31 0
117 31 0
89 32 0
90 32 0
91 32 0
92 32 0
94 32 0
95 32 0
96 32 0
99 32 0
108 32 0
113 32 0
114 32 0
115 32 0
116 32 0
88 33 0
89 33 0
90 33 0
91 33 0
95 33 0
96 33 0
97 33 0
98 33 0
113 33 0
114 33 0
115 33 0
116 33 0
88 34 0
89 34 0
90 34 0
91 34 0
92 34 0
93 34 0
94 34 0
95 34 0
96 34 0
97 34 0
98 34 0
107 34 0
112 34 0
114 34 0
115 34 0
119 34 0
120 34 0
78 35 0
88 35 0
89 35 0
90 35 0
91 35 0
92 35 0
93 35 0
94 35 0
98 35 0
105 35 0
111 35 0
112 35 0
88 36 0
89 36 0
90 36 0
91 36 0
92 36 0
93 36 0
94 36 0
95 36 0
98 36 0
100 36 0
101 36 0
115 36 0
88 37 0
89 37 0
90 37 0
91 37 0
92 37 0
93 37 0
97 37 0
98 37 0
99 37 0
100 37 0
101 37 0
108 37 0
110 37 0
112 37 0
113 37 0
119 37 0
88 38 0
89 38 0
90 38 0
91 38 0
92 38 0
93 38 0
94 38 0
95 38 0
96 38 0
97 38 0
98 38 0
99 38 0
100 38 0
101 38 0
102 38 0
103 38 0
110 38 0
111 38 0
112 38 0
113 38 0
115 38 0
116 38 0
118 38 0
88 39 0
89 39 0
90 39 0
91 39 0
92 39 0
93 39 0
94 39 0
95 39 0
96 39 0
97 39 0
100 39 0
101 39 0
102 39 0
111 39 0
112 39 0
113 39 0
114 39 0
115 39 0
116 39 0
117 39 0
118 39 0
119 39 0
89 40 0
90 40 0
91 40 0
92 40 0
93 40 0
96 40 0
97 40 0
99 40 0
100 40 0
101 40 0
102 40 0
103 40 0
111 40 0
112 40 0
113 40 0
114 40 0
115 40 0
116 40 0
117 40 0
118 40 0
119 40 0
89 41 0
90 41 0
91 41 0
97 41 0
99 41 0
100 41 0
101 41 0
102 41 0
103 41 0
113 41 0
114 41 0
115 41 0
116 41 0
117 41 0
118 41 0
89 42 0
90 42 0
91 42 0
94 42 0
99 42 0
100 42 0
104 42 0
105 42 0
112 42 0
113 42 0
114 42 0
115 42 0
116 42 0
97 43 0
98 43 0
100 43 0
102 43 0
103 43 0
108 43 0
112 43 0
113 43 0
114 43 0
115 43 0
116 43 0
117 43 0
91 44 0
92 44 0
93 44 0
104 44 0
105 44 0
106 44 0
110 44 0
111 44 0
112 44 0
115 44 0
116 44 0
93 45 0
94 45 0
106 45 0
110 45 0
111 45 0
112 45 0
113 45 0
114 45 0
69 46 0
70 46 0
72 46 0
73 46 0
101 46 0
109 46 0
111 46 0
112 46 0
113 46 0
114 46 0
115 46 0
69 47 0
72 47 0
73 47 0
76 47 0
92 47 0
93 47 0
96 47 0
97 47 0
107 47 0
111 47 0
112 47 0
113 47 0
114 47 0
115 47 0
72 48 0
73 48 0
98 48 0
105 48 0
112 48 0
113 48 0
115 48 0
72 49 0
73 49 0
94 49 0
103 49 0
108 49 0
109 49 0
113 49 0
114 49 0
115 49 0
71 50 0
72 50 0
73 50 0
87 50 0
89 50 0
90 50 0
98 50 0
99 50 0
101 50 0
113 50 0
114 50 0
115 50 0
71 51 0
90 51 0
96 51 0
97 51 0
101 51 0
102 51 0
104 51 0
105 51 0
106 51 0
108 51 0
114 51 0
115 51 0
116 51 0
85 52 0
89 52 0
90 52 0
95 52 0
100 52 0
101 52 0
102 52 0
104 52 0
105 52 0
106 52 0
114 52 0
115 52 0
90 53 0
102 53 0
103 53 0
107 53 0
108 53 0
109 53 0
114 53 0
115 53 0
105 54 0
114 54 0
115 54 0
114 55 0
115 55 0
105 56 0
113 56 0
114 56 0
115 56 0
116 56 0
128 56 0
89 57 0
104 57 0
109 57 0
113 57 0
114 57 0
115 57 0
116 57 0
117 57 0
128 57 0
129 57 0
130 57 0
90 58 0
111 58 0
114 58 0
115 58 0
116 58 0
117 58 0
118 58 0
89 59 0
104 59 0
109 59 0
110 59 0
111 59 0
112 59 0
113 59 0
114 59 0
115 59 0
116 59 0
117 59 0
118 59 0
119 59 0
135 59 0
89 60 0
91 60 0
104 60 0
109 60 0
110 60 0
111 60 0
112 60 0
113 60 0
114 60 0
115 60 0
116 60 0
117 60 0
118 60 0
119 60 0
90 61 0
93 61 0
95 61 0
112 61 0
113 61 0
114 61 0
115 61 0
116 61 0
117 61 0
118 61 0
119 61 0
134 61 0
89 62 0
94 62 0
111 62 0
112 62 0
113 62 0
114 62 0
115 62 0
116 62 0
117 62 0
94 63 0
111 63 0
112 63 0
114 63 0
115 63 0
116 63 0
117 63 0
131 63 0
132 63 0
133 63 0
153 63 0
154 63 0
158 63 0
173 63 0
109 64 0
113 64 0
114 64 0
115 64 0
116 64 0
117 64 0
154 64 0
158 64 0
100 65 0
106 65 0
110 65 0
113 65 0
114 65 0
115 65 0
116 65 0
134 65 0
158 65 0
90 66 0
92 66 0
103 66 0
113 66 0
114 66 0
115 66 0
116 66 0
157 66 0
95 67 0
100 67 0
114 67 0
115 67 0
156 67 0
157 67 0
94 68 0
95 68 0
113 68 0
114 68 0
115 68 0
116 68 0
117 68 0
100 69 0
114 69 0
115 69 0
116 69 0
117 69 0
102 70 0
103 70 0
114 70 0
115 70 0
116 70 0
105 71 0
114 71 0
115 71 0
117 71 0
107 72 0
111 72 0
113 72 0
114 72 0
115 72 0
116 72 0
109 73 0
110 73 0
111 73 0
113 73 0
115 73 0
116 73 0
113 74 0
114 74 0
115 74 0
116 74 0
113 75 0
114 75 0
115 75 0
116 75 0
113 76 0
115 76 0
116 76 0
114 77 0
115 77 0
113 78 0
114 78 0
115 78 0
117 78 0
113 79 0
114 79 0
116 79 0
117 79 0
118 79 0
114 80 0
117 80 0
118 80 0
25 85 0
26 85 0
40 85 0
41 85 0
43 85 0
55 85 0
24 86 0
25 86 0
41 86 0
42 86 0
25 87 0
36 87 0
40 87 0
41 87 0
42 87 0
40 88 0
41 88 0
42 88 0
41 89 0
52 89 0
12 92 0
17 94 0
2 96 0
7 101 0
11 101 0
2 102 0
3 102 0
5 102 0
7 102 0
10 102 0
11 102 0
13 102 0
84 115 0
7 116 0
83 117 0
85 117 0
83 118 0
86 118 0
90 118 0
83 119 0
84 119 0
85 119 0
86 119 0
87 119 0
88 119 0
89 119 0
90 119 0
91 119 0
92 119 0
82 120 0
83 120 0
84 120 0
85 120 0
86 120 0
83 121 0
84 121 0
85 121 0
86 121 0
87 121 0
88 121 0
89 121 0
91 121 0
92 121 0
93 121 0
83 122 0
84 122 0
85 122 0
86 122 0
87 122 0
88 122 0
89 122 0
91 122 0
92 122 0
86 123 0
87 123 0
88 123 0
89 123 0
90 123 0
91 123 0
92 123 0
86 124 0
87 124 0
88 124 0
89 124 0
90 124 0
91 124 0
84 125 0
85 125 0
86 125 0
87 125 0
88 125 0
89 125 0
90 125 0
86 126 0
87 126 0
88 126 0
89 126 0
90 126 0
91 126 0
88 127 0
89 127 0
86 128 0
88 128 0
89 128 0
87 129 0
99 131 0
98 132 0
173 132 0
174 132 0
175 132 0
174 133 0
175 133 0
95 134 0
96 134 0
97 135 0
98 135 0
180 135 0
181 135 0
84 136 0
95 136 0
101 136 0
183 138 0
89 139 0
90 139 0
91 139 0
99 139 0
100 139 0
86 141 0
89 141 0
97 141 0
98 141 0
99 141 0
100 141 0
102 141 0
103 141 0
85 142 0
87 142 0
83 143 0
84 143 0
85 143 0
89 143 0
90 143 0
95 143 0
83 144 0
84 144 0
85 144 0
90 144 0
91 144 0
97 144 0
104 144 0
83 145 0
84 145 0
91 145 0
93 145 0
100 145 0
103 145 0
82 146 0
83 146 0
91 146 0
92 146 0
80 147 0
81 147 0
93 147 0
98 147 0
82 148 0
94 148 0
95 148 0
108 148 0
180 148 0
181 148 0
182 148 0
183 148 0
184 148 0
185 148 0
186 148 0
187 148 0
74 149 0
81 149 0
105 149 0
106 149 0
107 149 0
175 149 0
178 149 0
179 149 0
180 149 0
181 149 0
182 149 0
183 149 0
184 149 0
185 149 0
186 149 0
187 149 0
72 150 0
74 150 0
83 150 0
91 150 0
95 150 0
96 150 0
105 150 0
106 150 0
107 150 0
108 150 0
111 150 0
112 150 0
176 150 0
177 150 0
178 150 0
179 150 0
180 150 0
181 150 0
182 150 0
183 150 0
184 150 0
185 150 0
186 150 0
73 151 0
75 151 0
76 151 0
79 151 0
84 151 0
87 151 0
88 151 0
95 151 0
96 151 0
104 151 0
105 151 0
106 151 0
109 151 0
110 151 0
111 151 0
112 151 0
113 151 0
129 151 0
177 151 0
179 151 0
180 151 0
181 151 0
182 151 0
183 151 0
184 151 0
76 152 0
77 152 0
78 152 0
79 152 0
96 152 0
104 152 0
105 152 0
106 152 0
107 152 0
108 152 0
109 152 0
110 152 0
111 152 0
112 152 0
113 152 0
114 152 0
115 152 0
118 152 0
119 152 0
125 152 0
142 152 0
174 152 0
175 152 0
176 152 0
178 152 0
179 152 0
180 152 0
181 152 0
182 152 0
183 152 0
184 152 0
71 153 0
72 153 0
73 153 0
74 153 0
75 153 0
105 153 0
106 153 0
107 153 0
108 153 0
109 153 0
110 153 0
111 153 0
112 153 0
113 153 0
114 153 0
115 153 0
120 153 0
127 153 0
128 153 0
129 153 0
133 153 0
139 153 0
143 153 0
147 153 0
152 153 0
153 153 0
155 153 0
157 153 0
160 153 0
161 153 0
165 153 0
170 153 0
171 153 0
172 153 0
182 153 0
183 153 0
184 153 0
70 154 0
71 154 0
72 154 0
73 154 0
74 154 0
75 154 0
108 154 0
109 154 0
110 154 0
111 154 0
113 154 0
127 154 0
128 154 0
133 154 0
134 154 0
135 154 0
140 154 0
141 154 0
142 154 0
143 154 0
145 154 0
147 154 0
148 154 0
153 154 0
154 154 0
155 154 0
156 154 0
157 154 0
162 154 0
171 154 0
172 154 0
173 154 0
184 154 0
71 155 0
72 155 0
73 155 0
74 155 0
116 155 0
123 155 0
130 155 0
131 155 0
136 155 0
138 155 0
150 155 0
152 155 0
157 155 0
171 155 0
72 156 0
73 156 0
74 156 0
77 156 0
104 156 0
105 156 0
106 156 0
113 156 0
114 156 0
116 156 0
118 156 0
119 156 0
120 156 0
121 156 0
128 156 0
130 156 0
135 156 0
145 156 0
149 156 0
150 156 0
161 156 0
162 156 0
74 157 0
114 157 0
115 157 0
118 157 0
120 157 0
121 157 0
122 157 0
123 157 0
127 157 0
128 157 0
129 157 0
130 157 0
131 157 0
132 157 0
134 157 0
135 157 0
136 157 0
141 157 0
143 157 0
144 157 0
145 157 0
147 157 0
148 157 0
149 157 0
157 157 0
159 157 0
160 157 0
161 157 0
119 158 0
120 158 0
121 158 0
122 158 0
129 158 0
130 158 0
131 158 0
132 158 0
133 158 0
134 158 0
135 158 0
136 158 0
137 158 0
143 158 0
145 158 0
146 158 0
147 158 0
148 158 0
149 158 0
150 158 0
160 158 0
161 158 0
162 158 0
73 159 0
76 159 0
77 159 0
78 159 0
79 159 0
80 159 0
116 159 0
120 159 0
135 159 0
136 159 0
70 160 0
71 160 0
72 160 0
74 160 0
75 160 0
76 160 0
77 160 0
78 160 0
70 161 0
72 161 0
73 161 0
76 161 0
77 161 0
70 162 0
71 162 0
72 162 0
73 162 0
74 162 0
79 162 0
71 163 0
72 163 0
73 163 0
74 163 0
73 164 0
74 164 0
75 164 0
74 166 0
69 167 0
71 167 0
72 167 0
73 167 0
69 168 0
72 168 0
75 168 0
76 168 0
77 168 0
69 169 0
70 169 0
71 169 0
73 169 0
75 169 0
76 169 0
77 169 0
78 169 0
69 170 0
70 170 0
71 170 0
72 170 0
73 170 0
75 170 0
76 170 0
77 170 0
78 170 0
70 171 0
71 171 0
72 171 0
73 171 0
74 171 0
78 171 0
79 171 0
80 171 0
72 172 0
73 172 0
74 172 0
80 172 0
81 172 0
73 173 0
74 173 0
74 174 0
73 176 0
68 177 0
69 177 0
70 177 0
72 177 0
76 177 0
77 177 0
24 51 1
17 52 1
49 52 1
3 53 1
10 53 1
17 53 1
37 54 1
38 54 1
42 54 1
45 54 1
48 54 1
49 54 1
50 54 1
51 54 1
52 54 1
53 54 1
25 55 1
31 55 1
40 55 1
41 55 1
42 55 1
43 55 1
44 55 1
45 55 1
46 55 1
47 55 1
48 55 1
49 55 1
50 55 1
51 55 1
52 55 1
53 55 1
54 55 1
55 55 1
58 55 1
59 55 1
6 56 1
31 56 1
37 56 1
38 56 1
41 56 1
42 56 1
43 56 1
44 56 1
45 56 1
46 56 1
47 56 1
48 56 1
49 56 1
50 56 1
51 56 1
52 56 1
53 56 1
54 56 1
55 56 1
59 56 1
60 56 1
7 57 1
8 57 1
38 57 1
40 57 1
41 57 1
42 57 1
43 57 1
44 57 1
45 57 1
46 57 1
47 57 1
48 57 1
49 57 1
50 57 1
51 57 1
52 57 1
53 57 1
54 57 1
59 57 1
60 57 1
61 57 1
31 58 1
36 58 1
37 58 1
40 58 1
41 58 1
42 58 1
43 58 1
44 58 1
45 58 1
46 58 1
47 58 1
48 58 1
49 58 1
50 58 1
51 58 1
52 58 1
53 58 1
54 58 1
55 58 1
56 58 1
57 58 1
60 58 1
61 58 1
37 59 1
38 59 1
39 59 1
40 59 1
41 59 1
42 59 1
43 59 1
44 59 1
45 59 1
46 59 1
47 59 1
48 59 1
49 59 1
50 59 1
51 59 1
52 59 1
53 59 1
54 59 1
55 59 1
56 59 1
57 59 1
58 59 1
59 59 1
61 59 1
62 59 1
36 60 1
37 60 1
38 60 1
39 60 1
40 60 1
41 60 1
42 60 1
43 60 1
44 60 1
45 60 1
46 60 1
47 60 1
48 60 1
49 60 1
50 60 1
51 60 1
52 60 1
53 60 1
54 60 1
55 60 1
56 60 1
57 60 1
58 60 1
62 60 1
20 61 1
34 61 1
35 61 1
36 61 1
37 61 1
38 61 1
39 61 1
40 61 1
41 61 1
42 61 1
43 61 1
44 61 1
45 61 1
46 61 1
47 61 1
48 61 1
49 61 1
50 61 1
51 61 1
53 61 1
54 61 1
55 61 1
56 61 1
57 61 1
61 61 1
62 61 1
63 61 1
18 62 1
25 62 1
32 62 1
33 62 1
34 62 1
35 62 1
37 62 1
38 62 1
39 62 1
40 62 1
41 62 1
42 62 1
43 62 1
44 62 1
45 62 1
46 62 1
47 62 1
48 62 1
49 62 1
50 62 1
51 62 1
52 62 1
53 62 1
54 62 1
55 62 1
56 62 1
57 62 1
58 62 1
59 62 1
60 62 1
61 62 1
62 62 1
63 62 1
25 63 1
34 63 1
35 63 1
36 63 1
37 63 1
38 63 1
39 63 1
40 63 1
41 63 1
42 63 1
43 63 1
44 63 1
45 63 1
46 63 1
47 63 1
48 63 1
49 63 1
50 63 1
51 63 1
52 63 1
54 63 1
55 63 1
56 63 1
57 63 1
58 63 1
59 63 1
60 63 1
61 63 1
62 63 1
63 63 1
64 63 1
31 64 1
34 64 1
35 64 1
37 64 1
38 64 1
40 64 1
41 64 1
42 64 1
43 64 1
44 64 1
45 64 1
46 64 1
49 64 1
50 64 1
51 64 1
52 64 1
53 64 1
54 64 1
55 64 1
56 64 1
57 64 1
58 64 1
59 64 1
60 64 1
61 64 1
62 64 1
63 64 1
64 64 1
3 65 1
4 65 1
5 65 1
6 65 1
34 65 1
35 65 1
37 65 1
38 65 1
39 65 1
40 65 1
41 65 1
42 65 1
45 65 1
46 65 1
47 65 1
48 65 1
49 65 1
50 65 1
51 65 1
52 65 1
53 65 1
54 65 1
55 65 1
56 65 1
57 65 1
58 65 1
59 65 1
60 65 1
61 65 1
62 65 1
63 65 1
64 65 1
65 65 1
35 66 1
37 66 1
38 66 1
39 66 1
40 66 1
41 66 1
42 66 1
45 66 1
46 66 1
47 66 1
48 66 1
49 66 1
50 66 1
51 66 1
52 66 1
53 66 1
54 66 1
55 66 1
56 66 1
57 66 1
58 66 1
59 66 1
60 66 1
61 66 1
62 66 1
63 66 1
64 66 1
65 66 1
35 67 1
37 67 1
38 67 1
40 67 1
41 67 1
42 67 1
43 67 1
46 67 1
47 67 1
48 67 1
49 67 1
50 67 1
51 67 1
52 67 1
53 67 1
54 67 1
55 67 1
56 67 1
57 67 1
58 67 1
59 67 1
60 67 1
61 67 1
62 67 1
63 67 1
64 67 1
65 67 1
39 68 1
40 68 1
41 68 1
42 68 1
43 68 1
44 68 1
46 68 1
47 68 1
48 68 1
49 68 1
50 68 1
51 68 1
52 68 1
53 68 1
54 68 1
55 68 1
56 68 1
57 68 1
58 68 1
59 68 1
60 68 1
61 68 1
62 68 1
63 68 1
64 68 1
65 68 1
66 68 1
36 69 1
37 69 1
39 69 1
40 69 1
41 69 1
42 69 1
43 69 1
45 69 1
46 69 1
47 69 1
48 69 1
49 69 1
50 69 1
51 69 1
52 69 1
53 69 1
54 69 1
55 69 1
56 69 1
57 69 1
58 69 1
59 69 1
60 69 1
61 69 1
62 69 1
63 69 1
64 69 1
65 69 1
66 69 1
37 70 1
39 70 1
40 70 1
41 70 1
42 70 1
43 70 1
44 70 1
45 70 1
46 70 1
47 70 1
48 70 1
49 70 1
50 70 1
51 70 1
52 70 1
53 70 1
54 70 1
55 70 1
56 70 1
57 70 1
58 70 1
59 70 1
60 70 1
61 70 1
62 70 1
63 70 1
64 70 1
65 70 1
66 70 1
39 71 1
41 71 1
42 71 1
43 71 1
44 71 1
45 71 1
46 71 1
47 71 1
48 71 1
49 71 1
50 71 1
51 71 1
52 71 1
53 71 1
54 71 1
55 71 1
56 71 1
57 71 1
58 71 1
59 71 1
60 71 1
61 71 1
62 71 1
63 71 1
64 71 1
65 71 1
66 71 1
67 71 1
41 72 1
42 72 1
43 72 1
44 72 1
45 72 1
46 72 1
47 72 1
48 72 1
49 72 1
50 72 1
51 72 1
52 72 1
53 72 1
54 72 1
55 72 1
56 72 1
57 72 1
58 72 1
59 72 1
60 72 1
61 72 1
62 72 1
63 72 1
64 72 1
65 72 1
66 72 1
67 72 1
40 73 1
43 73 1
44 73 1
45 73 1
46 73 1
47 73 1
48 73 1
49 73 1
50 73 1
51 73 1
52 73 1
53 73 1
54 73 1
55 73 1
56 73 1
57 73 1
58 73 1
59 73 1
60 73 1
61 73 1
62 73 1
63 73 1
64 73 1
65 73 1
66 73 1
67 73 1
39 74 1
40 74 1
41 74 1
43 74 1
44 74 1
45 74 1
46 74 1
47 74 1
48 74 1
49 74 1
50 74 1
51 74 1
52 74 1
53 74 1
54 74 1
55 74 1
56 74 1
57 74 1
58 74 1
59 74 1
60 74 1
61 74 1
62 74 1
63 74 1
64 74 1
65 74 1
66 74 1
67 74 1
41 75 1
43 75 1
44 75 1
45 75 1
46 75 1
47 75 1
48 75 1
49 75 1
50 75 1
51 75 1
52 75 1
53 75 1
54 75 1
55 75 1
56 75 1
57 75 1
58 75 1
59 75 1
60 75 1
61 75 1
62 75 1
63 75 1
64 75 1
65 75 1
66 75 1
67 75 1
68 75 1
69 75 1
41 76 1
42 76 1
43 76 1
44 76 1
45 76 1
46 76 1
47 76 1
48 76 1
49 76 1
50 76 1
51 76 1
52 76 1
53 76 1
54 76 1
55 76 1
56 76 1
57 76 1
58 76 1
59 76 1
60 76 1
61 76 1
62 76 1
63 76 1
64 76 1
65 76 1
66 76 1
67 76 1
68 76 1
69 76 1
70 76 1
43 77 1
44 77 1
45 77 1
46 77 1
47 77 1
48 77 1
49 77 1
50 77 1
51 77 1
52 77 1
53 77 1
54 77 1
55 77 1
56 77 1
57 77 1
58 77 1
59 77 1
60 77 1
61 77 1
62 77 1
63 77 1
64 77 1
65 77 1
66 77 1
67 77 1
68 77 1
69 77 1
70 77 1
42 78 1
43 78 1
44 78 1
45 78 1
46 78 1
47 78 1
48 78 1
49 78 1
50 78 1
51 78 1
52 78 1
53 78 1
54 78 1
55 78 1
56 78 1
57 78 1
58 78 1
59 78 1
60 78 1
61 78 1
62 78 1
63 78 1
64 78 1
65 78 1
66 78 1
67 78 1
68 78 1
69 78 1
43 79 1
45 79 1
46 79 1
47 79 1
48 79 1
49 79 1
50 79 1
51 79 1
52 79 1
53 79 1
54 79 1
55 79 1
56 79 1
57 79 1
58 79 1
59 79 1
60 79 1
61 79 1
62 79 1
63 79 1
64 79 1
65 79 1
66 79 1
67 79 1
68 79 1
70 79 1
83 79 1
46 80 1
47 80 1
48 80 1
49 80 1
50 80 1
51 80 1
52 80 1
53 80 1
54 80 1
55 80 1
56 80 1
57 80 1
58 80 1
59 80 1
60 80 1
61 80 1
62 80 1
63 80 1
64 80 1
65 80 1
66 80 1
67 80 1
68 80 1
69 80 1
46 81 1
48 81 1
50 81 1
51 81 1
52 81 1
53 81 1
54 81 1
55 81 1
56 81 1
57 81 1
58 81 1
59 81 1
60 81 1
61 81 1
62 81 1
63 81 1
64 81 1
65 81 1
66 81 1
67 81 1
68 81 1
69 81 1
47 82 1
50 82 1
51 82 1
52 82 1
53 82 1
54 82 1
55 82 1
56 82 1
57 82 1
58 82 1
59 82 1
60 82 1
61 82 1
62 82 1
63 82 1
64 82 1
65 82 1
66 82 1
67 82 1
68 82 1
50 83 1
51 83 1
52 83 1
53 83 1
54 83 1
55 83 1
56 83 1
57 83 1
58 83 1
59 83 1
60 83 1
61 83 1
62 83 1
63 83 1
64 83 1
65 83 1
66 83 1
67 83 1
68 83 1
89 83 1
93 83 1
50 84 1
51 84 1
52 84 1
53 84 1
54 84 1
55 84 1
56 84 1
57 84 1
58 84 1
59 84 1
60 84 1
61 84 1
62 84 1
63 84 1
64 84 1
65 84 1
66 84 1
67 84 1
68 84 1
93 84 1
49 85 1
50 85 1
51 85 1
52 85 1
53 85 1
54 85 1
55 85 1
56 85 1
57 85 1
58 85 1
59 85 1
60 85 1
61 85 1
62 85 1
63 85 1
64 85 1
65 85 1
66 85 1
67 85 1
68 85 1
69 85 1
52 86 1
54 86 1
55 86 1
56 86 1
57 86 1
58 86 1
62 86 1
64 86 1
65 86 1
66 86 1
67 86 1
68 86 1
69 86 1
53 87 1
54 87 1
57 87 1
64 87 1
65 87 1
66 87 1
67 87 1
106 87 1
53 88 1
54 88 1
55 88 1
75 88 1
95 88 1
62 89 1
77 89 1
124 93 1
116 94 1
125 95 1
126 95 1
136 97 1
155 105 1
