92 1 0
93 1 0
94 1 0
95 1 0
98 1 0
107 1 0
108 1 0
109 1 0
179 1 0
65 2 0
93 2 0
94 2 0
107 2 0
109 2 0
110 2 0
174 2 0
92 3 0
94 3 0
107 3 0
110 3 0
93 4 0
94 4 0
109 4 0
110 4 0
111 4 0
164 4 0
93 5 0
94 5 0
98 5 0
109 5 0
110 5 0
160 5 0
161 5 0
162 5 0
163 5 0
164 5 0
92 6 0
93 6 0
94 6 0
98 6 0
109 6 0
159 6 0
160 6 0
161 6 0
162 6 0
163 6 0
164 6 0
76 7 0
77 7 0
92 7 0
93 7 0
94 7 0
110 7 0
111 7 0
158 7 0
159 7 0
163 7 0
76 8 0
77 8 0
78 8 0
79 8 0
92 8 0
93 8 0
111 8 0
112 8 0
158 8 0
162 8 0
163 8 0
164 8 0
89 9 0
93 9 0
107 9 0
108 9 0
112 9 0
113 9 0
132 9 0
158 9 0
163 9 0
164 9 0
178 9 0
92 10 0
93 10 0
98 10 0
99 10 0
102 10 0
106 10 0
107 10 0
108 10 0
109 10 0
112 10 0
113 10 0
158 10 0
162 10 0
163 10 0
164 10 0
89 11 0
94 11 0
99 11 0
105 11 0
106 11 0
108 11 0
109 11 0
110 11 0
111 11 0
112 11 0
113 11 0
117 11 0
118 11 0
120 11 0
121 11 0
122 11 0
137 11 0
156 11 0
162 11 0
163 11 0
88 12 0
89 12 0
90 12 0
91 12 0
95 12 0
98 12 0
100 12 0
101 12 0
102 12 0
103 12 0
104 12 0
105 12 0
107 12 0
108 12 0
109 12 0
113 12 0
116 12 0
117 12 0
118 12 0
119 12 0
120 12 0
121 12 0
122 12 0
136 12 0
137 12 0
138 12 0
139 12 0
159 12 0
160 12 0
92 13 0
93 13 0
98 13 0
99 13 0
100 13 0
101 13 0
102 13 0
104 13 0
105 13 0
106 13 0
107 13 0
108 13 0
109 13 0
110 13 0
114 13 0
121 13 0
136 13 0
138 13 0
139 13 0
160 13 0
161 13 0
177 13 0
92 14 0
99 14 0
100 14 0
101 14 0
102 14 0
103 14 0
104 14 0
105 14 0
106 14 0
113 14 0
114 14 0
115 14 0
154 14 0
160 14 0
92 15 0
93 15 0
95 15 0
96 15 0
97 15 0
98 15 0
99 15 0
103 15 0
104 15 0
105 15 0
106 15 0
107 15 0
108 15 0
109 15 0
111 15 0
113 15 0
114 15 0
115 15 0
134 15 0
135 15 0
140 15 0
147 15 0
151 15 0
177 15 0
92 16 0
94 16 0
95 16 0
96 16 0
97 16 0
101 16 0
102 16 0
103 16 0
104 16 0
105 16 0
106 16 0
107 16 0
108 16 0
111 16 0
112 16 0
113 16 0
114 16 0
115 16 0
132 16 0
135 16 0
136 16 0
139 16 0
145 16 0
155 16 0
156 16 0
91 17 0
92 17 0
94 17 0
95 17 0
96 17 0
97 17 0
99 17 0
100 17 0
101 17 0
102 17 0
103 17 0
104 17 0
105 17 0
106 17 0
107 17 0
113 17 0
114 17 0
115 17 0
124 17 0
128 17 0
133 17 0
139 17 0
143 17 0
155 17 0
156 17 0
3 18 0
33 18 0
91 18 0
92 18 0
93 18 0
96 18 0
100 18 0
101 18 0
103 18 0
104 18 0
105 18 0
106 18 0
107 18 0
113 18 0
114 18 0
123 18 0
139 18 0
142 18 0
143 18 0
144 18 0
155 18 0
156 18 0
92 19 0
103 19 0
104 19 0
105 19 0
106 19 0
112 19 0
113 19 0
118 19 0
122 19 0
126 19 0
127 19 0
128 19 0
132 19 0
137 19 0
138 19 0
139 19 0
142 19 0
143 19 0
150 19 0
154 19 0
155 19 0
156 19 0
91 20 0
92 20 0
93 20 0
94 20 0
95 20 0
96 20 0
99 20 0
100 20 0
102 20 0
103 20 0
104 20 0
105 20 0
106 20 0
111 20 0
112 20 0
113 20 0
116 20 0
117 20 0
118 20 0
121 20 0
122 20 0
123 20 0
127 20 0
132 20 0
133 20 0
136 20 0
137 20 0
138 20 0
141 20 0
142 20 0
150 20 0
154 20 0
155 20 0
156 20 0
91 21 0
92 21 0
93 21 0
94 21 0
98 21 0
102 21 0
103 21 0
104 21 0
105 21 0
110 21 0
117 21 0
118 21 0
121 21 0
122 21 0
123 21 0
125 21 0
126 21 0
127 21 0
131 21 0
133 21 0
137 21 0
138 21 0
154 21 0
155 21 0
28 22 0
91 22 0
92 22 0
93 22 0
94 22 0
96 22 0
97 22 0
99 22 0
102 22 0
103 22 0
116 22 0
117 22 0
118 22 0
121 22 0
122 22 0
123 22 0
125 22 0
126 22 0
128 22 0
131 22 0
133 22 0
136 22 0
137 22 0
138 22 0
139 22 0
142 22 0
143 22 0
154 22 0
155 22 0
27 23 0
28 23 0
90 23 0
91 23 0
92 23 0
99 23 0
100 23 0
105 23 0
106 23 0
107 23 0
109 23 0
111 23 0
116 23 0
117 23 0
118 23 0
121 23 0
122 23 0
126 23 0
127 23 0
131 23 0
132 23 0
133 23 0
136 23 0
137 23 0
138 23 0
139 23 0
141 23 0
142 23 0
143 23 0
147 23 0
148 23 0
149 23 0
151 23 0
152 23 0
153 23 0
154 23 0
155 23 0
27 24 0
90 24 0
91 24 0
92 24 0
93 24 0
94 24 0
95 24 0
97 24 0
103 24 0
106 24 0
107 24 0
116 24 0
117 24 0
118 24 0
120 24 0
121 24 0
122 24 0
125 24 0
126 24 0
127 24 0
128 24 0
129 24 0
130 24 0
131 24 0
132 24 0
134 24 0
135 24 0
136 24 0
139 24 0
140 24 0
141 24 0
142 24 0
148 24 0
153 24 0
154 24 0
27 25 0
90 25 0
91 25 0
92 25 0
95 25 0
96 25 0
101 25 0
102 25 0
105 25 0
106 25 0
107 25 0
108 25 0
109 25 0
110 25 0
113 25 0
114 25 0
115 25 0
116 25 0
119 25 0
120 25 0
121 25 0
125 25 0
90 26 0
91 26 0
92 26 0
100 26 0
103 26 0
106 26 0
107 26 0
108 26 0
109 26 0
110 26 0
112 26 0
113 26 0
114 26 0
115 26 0
90 27 0
91 27 0
94 27 0
99 27 0
100 27 0
101 27 0
102 27 0
113 27 0
114 27 0
154 27 0
90 28 0
91 28 0
94 28 0
97 28 0
99 28 0
100 28 0
102 28 0
110 28 0
111 28 0
112 28 0
113 28 0
114 28 0
90 29 0
91 29 0
109 29 0
110 29 0
111 29 0
112 29 0
113 29 0
114 29 0
89 30 0
90 30 0
91 30 0
92 30 0
108 30 0
109 30 0
110 30 0
112 30 0
113 30 0
114 30 0
86 31 0
87 31 0
89 31 0
90 31 0
91 31 0
92 31 0
93 31 0
95 31 0
105 31 0
110 31 0
111 31 0
112 31 0
113 31 0
114 31 0
181 31 0
86 32 0
87 32 0
88 32 0
89 32 0
90 32 0
91 32 0
92 32 0
93 32 0
94 32 0
106 32 0
107 32 0
112 32 0
113 32 0
114 32 0
86 33 0
87 33 0
88 33 0
93 33 0
94 33 0
95 33 0
96 33 0
104 33 0
105 33 0
111 33 0
112 33 0
113 33 0
114 33 0
86 34 0
87 34 0
88 34 0
89 34 0
90 34 0
91 34 0
93 34 0
94 34 0
95 34 0
96 34 0
97 34 0
98 34 0
104 34 0
105 34 0
106 34 0
111 34 0
112 34 0
116 34 0
117 34 0
86 35 0
87 35 0
88 35 0
89 35 0
90 35 0
91 35 0
95 35 0
106 35 0
107 35 0
109 35 0
112 35 0
113 35 0
116 35 0
117 35 0
86 36 0
87 36 0
88 36 0
89 36 0
90 36 0
91 36 0
93 36 0
95 36 0
96 36 0
97 36 0
98 36 0
107 36 0
108 36 0
111 36 0
112 36 0
116 36 0
117 36 0
86 37 0
87 37 0
88 37 0
89 37 0
90 37 0
93 37 0
95 37 0
96 37 0
97 37 0
98 37 0
109 37 0
110 37 0
111 37 0
112 37 0
116 37 0
86 38 0
87 38 0
88 38 0
89 38 0
90 38 0
92 38 0
93 38 0
94 38 0
95 38 0
96 38 0
97 38 0
98 38 0
99 38 0
100 38 0
101 38 0
102 38 0
108 38 0
109 38 0
110 38 0
111 38 0
112 38 0
113 38 0
116 38 0
86 39 0
87 39 0
88 39 0
89 39 0
93 39 0
94 39 0
95 39 0
97 39 0
98 39 0
101 39 0
102 39 0
109 39 0
110 39 0
111 39 0
112 39 0
113 39 0
114 39 0
115 39 0
116 39 0
86 40 0
87 40 0
88 40 0
89 40 0
90 40 0
92 40 0
93 40 0
94 40 0
96 40 0
97 40 0
98 40 0
99 40 0
100 40 0
101 40 0
102 40 0
103 40 0
110 40 0
111 40 0
112 40 0
113 40 0
114 40 0
115 40 0
116 40 0
86 41 0
87 41 0
88 41 0
89 41 0
97 41 0
98 41 0
99 41 0
100 41 0
101 41 0
102 41 0
103 41 0
110 41 0
111 41 0
112 41 0
113 41 0
114 41 0
115 41 0
116 41 0
83 42 0
86 42 0
87 42 0
88 42 0
95 42 0
96 42 0
97 42 0
98 42 0
99 42 0
100 42 0
101 42 0
110 42 0
111 42 0
112 42 0
113 42 0
83 43 0
84 43 0
94 43 0
96 43 0
98 43 0
99 43 0
100 43 0
101 43 0
102 43 0
107 43 0
108 43 0
110 43 0
111 43 0
112 43 0
113 43 0
114 43 0
90 44 0
93 44 0
101 44 0
102 44 0
103 44 0
105 44 0
106 44 0
109 44 0
110 44 0
111 44 0
112 44 0
113 44 0
37 45 0
92 45 0
105 45 0
106 45 0
107 45 0
108 45 0
109 45 0
110 45 0
111 45 0
112 45 0
113 45 0
66 46 0
69 46 0
70 46 0
74 46 0
98 46 0
107 46 0
108 46 0
109 46 0
110 46 0
112 46 0
113 46 0
36 47 0
37 47 0
41 47 0
42 47 0
47 47 0
66 47 0
69 47 0
70 47 0
92 47 0
93 47 0
94 47 0
109 47 0
110 47 0
111 47 0
112 47 0
113 47 0
42 48 0
65 48 0
66 48 0
70 48 0
73 48 0
94 48 0
105 48 0
106 48 0
109 48 0
110 48 0
111 48 0
112 48 0
66 49 0
69 49 0
70 49 0
74 49 0
109 49 0
110 49 0
111 49 0
112 49 0
66 50 0
67 50 0
69 50 0
70 50 0
71 50 0
86 50 0
96 50 0
110 50 0
111 50 0
112 50 0
113 50 0
69 51 0
87 51 0
99 51 0
101 51 0
102 51 0
103 51 0
109 51 0
111 51 0
112 51 0
113 51 0
50 52 0
86 52 0
87 52 0
91 52 0
97 52 0
98 52 0
99 52 0
100 52 0
102 52 0
103 52 0
104 52 0
105 52 0
111 52 0
112 52 0
86 53 0
87 53 0
111 53 0
112 53 0
172 53 0
20 54 0
48 54 0
53 54 0
86 54 0
106 54 0
111 54 0
112 54 0
38 55 0
86 55 0
110 55 0
111 55 0
112 55 0
26 56 0
38 56 0
41 56 0
94 56 0
101 56 0
110 56 0
111 56 0
112 56 0
117 56 0
40 57 0
41 57 0
42 57 0
62 57 0
86 57 0
87 57 0
91 57 0
101 57 0
103 57 0
109 57 0
110 57 0
111 57 0
112 57 0
113 57 0
114 57 0
115 57 0
127 57 0
129 57 0
63 58 0
64 58 0
105 58 0
106 58 0
109 58 0
110 58 0
111 58 0
112 58 0
113 58 0
114 58 0
115 58 0
116 58 0
70 59 0
86 59 0
104 59 0
106 59 0
107 59 0
108 59 0
110 59 0
111 59 0
112 59 0
113 59 0
114 59 0
115 59 0
116 59 0
59 60 0
60 60 0
61 60 0
85 60 0
87 60 0
102 60 0
105 60 0
106 60 0
108 60 0
109 60 0
110 60 0
111 60 0
112 60 0
113 60 0
114 60 0
115 60 0
116 60 0
72 61 0
86 61 0
87 61 0
92 61 0
109 61 0
110 61 0
111 61 0
112 61 0
113 61 0
114 61 0
115 61 0
116 61 0
63 62 0
71 62 0
85 62 0
86 62 0
91 62 0
108 62 0
109 62 0
110 62 0
111 62 0
112 62 0
113 62 0
114 62 0
115 62 0
151 62 0
59 63 0
63 63 0
64 63 0
65 63 0
67 63 0
71 63 0
72 63 0
76 63 0
78 63 0
79 63 0
86 63 0
103 63 0
108 63 0
109 63 0
110 63 0
111 63 0
112 63 0
113 63 0
128 63 0
129 63 0
130 63 0
131 63 0
150 63 0
151 63 0
155 63 0
156 63 0
167 63 0
51 64 0
66 64 0
67 64 0
68 64 0
70 64 0
71 64 0
78 64 0
79 64 0
80 64 0
81 64 0
82 64 0
109 64 0
110 64 0
111 64 0
112 64 0
113 64 0
150 64 0
155 64 0
49 65 0
51 65 0
60 65 0
65 65 0
66 65 0
68 65 0
69 65 0
70 65 0
71 65 0
76 65 0
77 65 0
79 65 0
80 65 0
81 65 0
82 65 0
83 65 0
84 65 0
85 65 0
105 65 0
106 65 0
110 65 0
111 65 0
112 65 0
113 65 0
131 65 0
150 65 0
154 65 0
155 65 0
46 66 0
61 66 0
64 66 0
65 66 0
66 66 0
67 66 0
68 66 0
69 66 0
70 66 0
71 66 0
72 66 0
78 66 0
79 66 0
80 66 0
81 66 0
82 66 0
83 66 0
84 66 0
85 66 0
86 66 0
87 66 0
88 66 0
90 66 0
100 66 0
111 66 0
112 66 0
113 66 0
150 66 0
154 66 0
155 66 0
59 67 0
60 67 0
64 67 0
65 67 0
66 67 0
68 67 0
69 67 0
70 67 0
71 67 0
72 67 0
78 67 0
80 67 0
82 67 0
83 67 0
84 67 0
85 67 0
86 67 0
89 67 0
90 67 0
91 67 0
97 67 0
105 67 0
111 67 0
112 67 0
113 67 0
154 67 0
49 68 0
50 68 0
60 68 0
63 68 0
64 68 0
65 68 0
67 68 0
68 68 0
69 68 0
70 68 0
71 68 0
72 68 0
79 68 0
80 68 0
82 68 0
83 68 0
84 68 0
85 68 0
86 68 0
111 68 0
112 68 0
113 68 0
60 69 0
61 69 0
62 69 0
63 69 0
64 69 0
65 69 0
66 69 0
67 69 0
68 69 0
69 69 0
70 69 0
71 69 0
72 69 0
73 69 0
82 69 0
84 69 0
85 69 0
86 69 0
99 69 0
101 69 0
111 69 0
112 69 0
113 69 0
59 70 0
60 70 0
62 70 0
65 70 0
66 70 0
67 70 0
68 70 0
69 70 0
70 70 0
71 70 0
72 70 0
73 70 0
76 70 0
83 70 0
84 70 0
85 70 0
86 70 0
87 70 0
90 70 0
91 70 0
100 70 0
101 70 0
102 70 0
111 70 0
112 70 0
113 70 0
61 71 0
62 71 0
63 71 0
65 71 0
66 71 0
67 71 0
68 71 0
69 71 0
70 71 0
71 71 0
72 71 0
73 71 0
74 71 0
83 71 0
84 71 0
85 71 0
90 71 0
94 71 0
96 71 0
100 71 0
111 71 0
112 71 0
113 71 0
57 72 0
59 72 0
60 72 0
63 72 0
67 72 0
68 72 0
69 72 0
70 72 0
71 72 0
72 72 0
73 72 0
75 72 0
76 72 0
80 72 0
84 72 0
85 72 0
86 72 0
87 72 0
94 72 0
105 72 0
106 72 0
109 72 0
111 72 0
112 72 0
113 72 0
60 73 0
61 73 0
66 73 0
68 73 0
69 73 0
70 73 0
71 73 0
72 73 0
73 73 0
74 73 0
76 73 0
84 73 0
85 73 0
86 73 0
93 73 0
95 73 0
105 73 0
108 73 0
111 73 0
112 73 0
113 73 0
60 74 0
61 74 0
63 74 0
64 74 0
67 74 0
68 74 0
69 74 0
70 74 0
71 74 0
72 74 0
73 74 0
74 74 0
75 74 0
76 74 0
84 74 0
85 74 0
86 74 0
87 74 0
88 74 0
89 74 0
95 74 0
111 74 0
112 74 0
113 74 0
54 75 0
55 75 0
61 75 0
62 75 0
63 75 0
64 75 0
67 75 0
68 75 0
69 75 0
70 75 0
71 75 0
72 75 0
73 75 0
75 75 0
80 75 0
111 75 0
112 75 0
113 75 0
52 76 0
54 76 0
55 76 0
59 76 0
60 76 0
67 76 0
68 76 0
70 76 0
71 76 0
72 76 0
83 76 0
84 76 0
98 76 0
100 76 0
110 76 0
111 76 0
112 76 0
113 76 0
61 77 0
65 77 0
66 77 0
68 77 0
69 77 0
70 77 0
71 77 0
72 77 0
73 77 0
79 77 0
84 77 0
88 77 0
89 77 0
94 77 0
110 77 0
111 77 0
112 77 0
62 78 0
63 78 0
68 78 0
69 78 0
70 78 0
71 78 0
72 78 0
73 78 0
74 78 0
78 78 0
84 78 0
89 78 0
110 78 0
111 78 0
112 78 0
113 78 0
114 78 0
68 79 0
69 79 0
70 79 0
71 79 0
73 79 0
77 79 0
78 79 0
83 79 0
84 79 0
87 79 0
91 79 0
93 79 0
94 79 0
110 79 0
111 79 0
113 79 0
114 79 0
115 79 0
65 80 0
67 80 0
68 80 0
69 80 0
70 80 0
71 80 0
72 80 0
73 80 0
76 80 0
78 80 0
84 80 0
110 80 0
111 80 0
112 80 0
114 80 0
115 80 0
66 81 0
68 81 0
69 81 0
70 81 0
71 81 0
72 81 0
73 81 0
74 81 0
88 81 0
68 82 0
69 82 0
70 82 0
71 82 0
72 82 0
73 82 0
74 82 0
75 82 0
84 82 0
88 82 0
89 82 0
69 83 0
70 83 0
71 83 0
72 83 0
69 84 0
70 84 0
77 84 0
91 84 0
92 84 0
21 85 0
22 85 0
23 85 0
36 85 0
38 85 0
39 85 0
53 85 0
68 85 0
69 85 0
70 85 0
91 85 0
92 85 0
21 86 0
22 86 0
37 86 0
38 86 0
39 86 0
69 86 0
70 86 0
82 86 0
91 86 0
92 86 0
21 87 0
22 87 0
37 87 0
38 87 0
39 87 0
50 87 0
68 87 0
69 87 0
70 87 0
78 87 0
81 87 0
92 87 0
37 88 0
38 88 0
39 88 0
68 88 0
69 88 0
70 88 0
73 88 0
81 88 0
83 88 0
85 88 0
38 89 0
49 89 0
68 89 0
69 89 0
70 89 0
75 89 0
77 89 0
80 89 0
81 89 0
82 89 0
67 90 0
68 90 0
69 90 0
75 90 0
77 90 0
80 90 0
81 90 0
82 90 0
83 90 0
84 90 0
85 90 0
86 90 0
96 90 0
97 90 0
98 90 0
67 91 0
68 91 0
76 91 0
80 91 0
81 91 0
82 91 0
85 91 0
89 91 0
97 91 0
99 91 0
100 91 0
79 92 0
80 92 0
81 92 0
84 92 0
85 92 0
89 92 0
103 92 0
86 93 0
89 93 0
99 93 0
102 93 0
14 94 0
89 94 0
90 94 0
99 94 0
100 94 0
82 95 0
90 95 0
91 95 0
68 96 0
69 96 0
71 96 0
81 96 0
82 96 0
88 96 0
89 96 0
90 96 0
91 96 0
93 96 0
97 96 0
98 96 0
85 97 0
86 97 0
87 97 0
88 97 0
93 97 0
95 97 0
97 97 0
98 97 0
103 97 0
104 97 0
89 98 0
90 98 0
91 98 0
92 98 0
93 98 0
94 98 0
96 98 0
97 98 0
98 98 0
99 98 0
100 98 0
91 99 0
92 99 0
96 99 0
97 99 0
99 99 0
100 99 0
103 99 0
104 99 0
85 100 0
86 100 0
98 100 0
105 100 0
8 101 0
11 101 0
86 101 0
87 101 0
88 101 0
89 101 0
92 101 0
93 101 0
94 101 0
95 101 0
100 101 0
3 102 0
6 102 0
7 102 0
8 102 0
82 102 0
84 102 0
86 102 0
87 102 0
103 102 0
6 103 0
82 103 0
85 103 0
92 103 0
95 103 0
104 103 0
106 103 0
82 104 0
96 104 0
97 104 0
100 104 0
105 104 0
106 104 0
83 105 0
84 105 0
88 105 0
104 105 0
105 105 0
106 105 0
107 105 0
84 106 0
90 106 0
100 106 0
102 106 0
105 106 0
106 106 0
107 106 0
86 107 0
87 107 0
104 107 0
108 107 0
88 108 0
90 108 0
99 108 0
104 111 0
106 111 0
105 112 0
105 115 0
82 117 0
84 117 0
82 118 0
82 119 0
83 119 0
84 119 0
87 119 0
88 119 0
89 119 0
90 119 0
80 120 0
81 120 0
82 120 0
83 120 0
84 120 0
85 120 0
80 121 0
81 121 0
82 121 0
83 121 0
84 121 0
85 121 0
86 121 0
87 121 0
88 121 0
89 121 0
90 121 0
80 122 0
81 122 0
82 122 0
83 122 0
84 122 0
85 122 0
86 122 0
87 122 0
88 122 0
89 122 0
92 122 0
81 123 0
82 123 0
83 123 0
84 123 0
85 123 0
86 123 0
87 123 0
88 123 0
89 123 0
91 123 0
92 123 0
83 124 0
84 124 0
85 124 0
86 124 0
87 124 0
88 124 0
89 124 0
90 124 0
81 125 0
82 125 0
83 125 0
84 125 0
85 125 0
86 125 0
87 125 0
88 125 0
89 125 0
83 126 0
84 126 0
85 126 0
86 126 0
87 126 0
88 126 0
84 127 0
85 127 0
86 127 0
87 127 0
101 127 0
83 128 0
84 128 0
85 128 0
94 128 0
95 128 0
84 129 0
100 129 0
111 129 0
97 131 0
94 132 0
96 132 0
97 132 0
94 133 0
94 134 0
95 134 0
104 134 0
97 135 0
94 136 0
97 136 0
95 137 0
88 139 0
97 139 0
98 139 0
82 141 0
83 141 0
94 141 0
98 141 0
99 141 0
102 141 0
82 142 0
83 142 0
85 142 0
102 142 0
81 143 0
82 143 0
86 143 0
87 143 0
95 143 0
96 143 0
102 143 0
103 143 0
80 144 0
81 144 0
86 144 0
87 144 0
88 144 0
96 144 0
101 144 0
103 144 0
79 145 0
81 145 0
86 145 0
87 145 0
88 145 0
89 145 0
101 145 0
102 145 0
78 146 0
79 146 0
90 146 0
78 147 0
79 147 0
90 147 0
105 147 0
106 147 0
78 148 0
79 148 0
90 148 0
91 148 0
105 148 0
77 149 0
78 149 0
79 149 0
92 149 0
103 149 0
104 149 0
70 150 0
80 150 0
81 150 0
87 150 0
91 150 0
92 150 0
93 150 0
94 150 0
102 150 0
103 150 0
108 150 0
69 151 0
70 151 0
73 151 0
75 151 0
76 151 0
80 151 0
81 151 0
86 151 0
87 151 0
93 151 0
94 151 0
101 151 0
102 151 0
103 151 0
106 151 0
107 151 0
108 151 0
109 151 0
112 151 0
128 151 0
70 152 0
73 152 0
74 152 0
75 152 0
76 152 0
92 152 0
93 152 0
94 152 0
95 152 0
102 152 0
103 152 0
105 152 0
106 152 0
107 152 0
108 152 0
109 152 0
110 152 0
112 152 0
115 152 0
127 152 0
70 153 0
71 153 0
72 153 0
88 153 0
89 153 0
102 153 0
103 153 0
105 153 0
106 153 0
107 153 0
108 153 0
109 153 0
112 153 0
113 153 0
116 153 0
117 153 0
122 153 0
123 153 0
126 153 0
127 153 0
130 153 0
131 153 0
135 153 0
136 153 0
144 153 0
145 153 0
157 153 0
158 153 0
159 153 0
164 153 0
68 154 0
69 154 0
70 154 0
71 154 0
72 154 0
88 154 0
102 154 0
105 154 0
106 154 0
107 154 0
108 154 0
109 154 0
111 154 0
112 154 0
123 154 0
125 154 0
126 154 0
130 154 0
131 154 0
136 154 0
137 154 0
139 154 0
140 154 0
141 154 0
142 154 0
143 154 0
144 154 0
145 154 0
149 154 0
150 154 0
152 154 0
153 154 0
154 154 0
156 154 0
157 154 0
158 154 0
159 154 0
160 154 0
68 155 0
69 155 0
70 155 0
71 155 0
94 155 0
103 155 0
108 155 0
109 155 0
115 155 0
116 155 0
125 155 0
129 155 0
130 155 0
135 155 0
137 155 0
139 155 0
140 155 0
143 155 0
145 155 0
153 155 0
157 155 0
158 155 0
69 156 0
70 156 0
71 156 0
76 156 0
102 156 0
103 156 0
104 156 0
110 156 0
111 156 0
116 156 0
118 156 0
119 156 0
130 156 0
133 156 0
142 156 0
147 156 0
148 156 0
160 156 0
161 156 0
70 157 0
71 157 0
103 157 0
104 157 0
110 157 0
111 157 0
117 157 0
118 157 0
119 157 0
120 157 0
121 157 0
123 157 0
124 157 0
125 157 0
126 157 0
132 157 0
133 157 0
139 157 0
145 157 0
146 157 0
147 157 0
153 157 0
157 157 0
158 157 0
159 157 0
160 157 0
117 158 0
118 158 0
119 158 0
124 158 0
125 158 0
128 158 0
129 158 0
130 158 0
132 158 0
133 158 0
134 158 0
139 158 0
142 158 0
144 158 0
145 158 0
146 158 0
147 158 0
156 158 0
157 158 0
158 158 0
159 158 0
70 159 0
73 159 0
74 159 0
76 159 0
77 159 0
117 159 0
118 159 0
129 159 0
130 159 0
132 159 0
133 159 0
142 159 0
143 159 0
144 159 0
146 159 0
68 160 0
69 160 0
73 160 0
74 160 0
75 160 0
67 161 0
68 161 0
70 161 0
72 161 0
73 161 0
74 161 0
66 162 0
67 162 0
68 162 0
69 162 0
70 162 0
71 162 0
76 162 0
67 163 0
69 163 0
70 163 0
71 163 0
70 164 0
71 164 0
72 164 0
73 164 0
70 165 0
70 166 0
66 167 0
68 167 0
71 167 0
66 168 0
67 168 0
69 168 0
70 168 0
73 168 0
74 168 0
66 169 0
67 169 0
72 169 0
73 169 0
74 169 0
66 170 0
67 170 0
68 170 0
69 170 0
71 170 0
72 170 0
73 170 0
74 170 0
66 171 0
67 171 0
69 171 0
70 171 0
71 171 0
76 171 0
77 171 0
69 172 0
70 172 0
71 172 0
76 172 0
77 172 0
69 173 0
70 173 0
76 173 0
77 173 0
70 174 0
74 176 0
66 177 0
70 177 0
73 177 0
74 177 0
33 29 1
36 36 1
42 39 1
82 57 1
85 57 1
80 58 1
81 58 1
82 58 1
83 58 1
84 58 1
85 58 1
76 59 1
80 59 1
81 59 1
82 59 1
84 59 1
85 59 1
87 59 1
88 59 1
89 59 1
90 59 1
93 59 1
77 60 1
78 60 1
79 60 1
80 60 1
81 60 1
83 60 1
84 60 1
85 60 1
86 60 1
87 60 1
88 60 1
89 60 1
90 60 1
91 60 1
92 60 1
93 60 1
94 60 1
95 60 1
96 60 1
74 61 1
75 61 1
76 61 1
77 61 1
78 61 1
79 61 1
80 61 1
81 61 1
82 61 1
83 61 1
84 61 1
85 61 1
86 61 1
87 61 1
88 61 1
89 61 1
90 61 1
91 61 1
92 61 1
93 61 1
94 61 1
95 61 1
96 61 1
97 61 1
99 61 1
74 62 1
75 62 1
76 62 1
77 62 1
78 62 1
79 62 1
80 62 1
81 62 1
82 62 1
83 62 1
84 62 1
85 62 1
86 62 1
87 62 1
88 62 1
89 62 1
90 62 1
91 62 1
92 62 1
93 62 1
94 62 1
95 62 1
96 62 1
97 62 1
98 62 1
99 62 1
100 62 1
74 63 1
75 63 1
76 63 1
77 63 1
78 63 1
79 63 1
80 63 1
81 63 1
82 63 1
83 63 1
84 63 1
85 63 1
86 63 1
87 63 1
88 63 1
89 63 1
90 63 1
91 63 1
92 63 1
93 63 1
94 63 1
95 63 1
96 63 1
97 63 1
98 63 1
99 63 1
100 63 1
75 64 1
76 64 1
77 64 1
78 64 1
79 64 1
80 64 1
81 64 1
82 64 1
83 64 1
84 64 1
85 64 1
86 64 1
87 64 1
88 64 1
89 64 1
90 64 1
91 64 1
92 64 1
93 64 1
94 64 1
95 64 1
96 64 1
97 64 1
98 64 1
99 64 1
100 64 1
101 64 1
72 65 1
75 65 1
76 65 1
77 65 1
78 65 1
79 65 1
80 65 1
81 65 1
82 65 1
83 65 1
84 65 1
85 65 1
86 65 1
87 65 1
88 65 1
89 65 1
90 65 1
91 65 1
92 65 1
93 65 1
94 65 1
95 65 1
96 65 1
97 65 1
98 65 1
99 65 1
100 65 1
101 65 1
102 65 1
103 65 1
104 65 1
105 65 1
72 66 1
76 66 1
77 66 1
78 66 1
79 66 1
80 66 1
81 66 1
82 66 1
83 66 1
84 66 1
85 66 1
86 66 1
87 66 1
88 66 1
89 66 1
90 66 1
91 66 1
92 66 1
93 66 1
94 66 1
95 66 1
96 66 1
97 66 1
98 66 1
99 66 1
100 66 1
101 66 1
102 66 1
103 66 1
104 66 1
105 66 1
106 66 1
73 67 1
76 67 1
77 67 1
78 67 1
79 67 1
80 67 1
81 67 1
82 67 1
83 67 1
84 67 1
85 67 1
86 67 1
87 67 1
88 67 1
89 67 1
90 67 1
91 67 1
92 67 1
93 67 1
94 67 1
95 67 1
96 67 1
97 67 1
98 67 1
99 67 1
100 67 1
101 67 1
102 67 1
103 67 1
104 67 1
105 67 1
106 67 1
107 67 1
76 68 1
77 68 1
78 68 1
79 68 1
80 68 1
81 68 1
82 68 1
83 68 1
84 68 1
85 68 1
86 68 1
87 68 1
88 68 1
89 68 1
90 68 1
91 68 1
92 68 1
93 68 1
94 68 1
95 68 1
96 68 1
97 68 1
98 68 1
99 68 1
100 68 1
101 68 1
102 68 1
103 68 1
104 68 1
105 68 1
106 68 1
107 68 1
76 69 1
77 69 1
78 69 1
79 69 1
80 69 1
81 69 1
82 69 1
83 69 1
84 69 1
85 69 1
86 69 1
87 69 1
88 69 1
89 69 1
90 69 1
91 69 1
92 69 1
93 69 1
94 69 1
95 69 1
96 69 1
97 69 1
98 69 1
99 69 1
100 69 1
101 69 1
102 69 1
103 69 1
104 69 1
105 69 1
76 70 1
77 70 1
78 70 1
79 70 1
80 70 1
81 70 1
82 70 1
83 70 1
84 70 1
85 70 1
86 70 1
87 70 1
88 70 1
89 70 1
90 70 1
91 70 1
92 70 1
93 70 1
94 70 1
95 70 1
96 70 1
97 70 1
98 70 1
99 70 1
100 70 1
101 70 1
102 70 1
103 70 1
104 70 1
105 70 1
106 70 1
107 70 1
75 71 1
76 71 1
78 71 1
81 71 1
82 71 1
83 71 1
84 71 1
85 71 1
86 71 1
87 71 1
88 71 1
89 71 1
90 71 1
91 71 1
92 71 1
93 71 1
94 71 1
95 71 1
96 71 1
97 71 1
98 71 1
99 71 1
100 71 1
101 71 1
102 71 1
103 71 1
104 71 1
105 71 1
106 71 1
107 71 1
108 71 1
77 72 1
84 72 1
85 72 1
86 72 1
87 72 1
88 72 1
89 72 1
90 72 1
91 72 1
92 72 1
93 72 1
94 72 1
95 72 1
96 72 1
97 72 1
98 72 1
99 72 1
100 72 1
101 72 1
102 72 1
103 72 1
104 72 1
105 72 1
106 72 1
107 72 1
108 72 1
85 73 1
86 73 1
87 73 1
88 73 1
89 73 1
90 73 1
91 73 1
92 73 1
93 73 1
94 73 1
95 73 1
96 73 1
97 73 1
98 73 1
99 73 1
100 73 1
101 73 1
102 73 1
103 73 1
104 73 1
105 73 1
106 73 1
107 73 1
88 74 1
89 74 1
90 74 1
91 74 1
92 74 1
93 74 1
94 74 1
95 74 1
96 74 1
97 74 1
98 74 1
99 74 1
100 74 1
101 74 1
102 74 1
89 75 1
90 75 1
91 75 1
92 75 1
93 75 1
94 75 1
95 75 1
96 75 1
97 75 1
98 75 1
99 75 1
100 75 1
101 75 1
102 75 1
86 76 1
87 76 1
88 76 1
89 76 1
90 76 1
91 76 1
92 76 1
93 76 1
94 76 1
95 76 1
96 76 1
97 76 1
98 76 1
99 76 1
100 76 1
85 77 1
86 77 1
87 77 1
88 77 1
89 77 1
90 77 1
91 77 1
92 77 1
93 77 1
94 77 1
95 77 1
96 77 1
97 77 1
98 77 1
99 77 1
100 77 1
83 78 1
84 78 1
85 78 1
87 78 1
88 78 1
89 78 1
90 78 1
92 78 1
93 78 1
94 78 1
100 78 1
101 78 1
102 78 1
103 78 1
104 78 1
83 79 1
84 79 1
87 79 1
88 79 1
89 79 1
90 79 1
91 79 1
92 79 1
93 79 1
98 79 1
99 79 1
100 79 1
102 79 1
103 79 1
104 79 1
95 80 1
98 80 1
99 80 1
100 80 1
101 80 1
102 80 1
103 80 1
104 80 1
105 80 1
98 81 1
99 81 1
100 81 1
101 81 1
102 81 1
103 81 1
104 81 1
105 81 1
109 85 1
142 1 2
143 1 2
144 1 2
145 1 2
146 1 2
147 1 2
148 1 2
149 1 2
150 1 2
151 1 2
152 1 2
153 1 2
143 2 2
144 2 2
145 2 2
146 2 2
147 2 2
148 2 2
149 2 2
150 2 2
151 2 2
152 2 2
153 2 2
154 2 2
146 3 2
147 3 2
148 3 2
149 3 2
150 3 2
151 3 2
152 3 2
153 3 2
154 3 2
145 4 2
146 4 2
147 4 2
148 4 2
149 4 2
150 4 2
151 4 2
152 4 2
153 4 2
154 4 2
155 4 2
157 4 2
148 5 2
149 5 2
150 5 2
151 5 2
152 5 2
153 5 2
154 5 2
155 5 2
148 6 2
149 6 2
150 6 2
151 6 2
152 6 2
153 6 2
154 6 2
149 7 2
150 7 2
151 7 2
152 7 2
149 8 2
150 8 2
151 8 2
153 8 2
182 146 3
184 146 3
187 146 3
188 146 3
182 147 3
183 147 3
184 147 3
185 147 3
186 147 3
187 147 3
188 147 3
189 147 3
182 148 3
183 148 3
184 148 3
185 148 3
186 148 3
187 148 3
188 148 3
189 148 3
178 149 3
179 149 3
180 149 3
181 149 3
182 149 3
183 149 3
184 149 3
185 149 3
186 149 3
187 149 3
188 149 3
189 149 3
178 150 3
179 150 3
180 150 3
181 150 3
182 150 3
183 150 3
184 150 3
186 150 3
187 150 3
189 150 3
174 151 3
176 151 3
177 151 3
178 151 3
179 151 3
180 151 3
186 151 3
187 151 3
188 151 3
189 151 3
174 152 3
175 152 3
176 152 3
