97 1 0
98 1 0
99 1 0
100 1 0
112 1 0
113 1 0
143 1 0
144 1 0
145 1 0
146 1 0
147 1 0
148 1 0
149 1 0
150 1 0
151 1 0
152 1 0
153 1 0
154 1 0
155 1 0
167 1 0
70 2 0
98 2 0
99 2 0
108 2 0
109 2 0
112 2 0
113 2 0
114 2 0
115 2 0
116 2 0
143 2 0
144 2 0
145 2 0
146 2 0
147 2 0
148 2 0
149 2 0
150 2 0
151 2 0
152 2 0
153 2 0
154 2 0
155 2 0
156 2 0
97 3 0
98 3 0
99 3 0
111 3 0
114 3 0
115 3 0
116 3 0
147 3 0
148 3 0
149 3 0
150 3 0
151 3 0
152 3 0
153 3 0
154 3 0
155 3 0
163 3 0
97 4 0
98 4 0
99 4 0
114 4 0
115 4 0
116 4 0
146 4 0
147 4 0
148 4 0
149 4 0
150 4 0
151 4 0
152 4 0
153 4 0
154 4 0
155 4 0
168 4 0
95 5 0
97 5 0
98 5 0
99 5 0
100 5 0
102 5 0
114 5 0
115 5 0
116 5 0
146 5 0
148 5 0
149 5 0
150 5 0
151 5 0
152 5 0
153 5 0
154 5 0
155 5 0
156 5 0
157 5 0
159 5 0
164 5 0
165 5 0
166 5 0
167 5 0
168 5 0
97 6 0
98 6 0
99 6 0
113 6 0
114 6 0
115 6 0
149 6 0
150 6 0
151 6 0
152 6 0
153 6 0
157 6 0
164 6 0
165 6 0
166 6 0
167 6 0
168 6 0
169 6 0
81 7 0
84 7 0
97 7 0
98 7 0
99 7 0
102 7 0
103 7 0
104 7 0
113 7 0
115 7 0
116 7 0
117 7 0
149 7 0
150 7 0
151 7 0
152 7 0
162 7 0
163 7 0
167 7 0
168 7 0
80 8 0
81 8 0
82 8 0
83 8 0
84 8 0
87 8 0
97 8 0
98 8 0
99 8 0
116 8 0
117 8 0
118 8 0
150 8 0
151 8 0
152 8 0
153 8 0
162 8 0
163 8 0
167 8 0
168 8 0
82 9 0
90 9 0
93 9 0
94 9 0
97 9 0
98 9 0
99 9 0
116 9 0
117 9 0
118 9 0
119 9 0
137 9 0
149 9 0
150 9 0
151 9 0
161 9 0
162 9 0
163 9 0
167 9 0
168 9 0
183 9 0
97 10 0
98 10 0
99 10 0
112 10 0
113 10 0
114 10 0
117 10 0
118 10 0
119 10 0
151 10 0
162 10 0
163 10 0
166 10 0
167 10 0
168 10 0
94 11 0
98 11 0
110 11 0
112 11 0
114 11 0
117 11 0
118 11 0
119 11 0
122 11 0
123 11 0
124 11 0
125 11 0
126 11 0
141 11 0
142 11 0
161 11 0
162 11 0
167 11 0
168 11 0
177 11 0
93 12 0
94 12 0
95 12 0
98 12 0
99 12 0
106 12 0
107 12 0
108 12 0
109 12 0
110 12 0
112 12 0
113 12 0
114 12 0
115 12 0
117 12 0
118 12 0
119 12 0
121 12 0
122 12 0
123 12 0
124 12 0
125 12 0
126 12 0
140 12 0
141 12 0
142 12 0
143 12 0
161 12 0
164 12 0
165 12 0
167 12 0
97 13 0
98 13 0
104 13 0
105 13 0
108 13 0
109 13 0
110 13 0
111 13 0
112 13 0
113 13 0
114 13 0
115 13 0
118 13 0
119 13 0
125 13 0
126 13 0
140 13 0
141 13 0
143 13 0
162 13 0
164 13 0
165 13 0
166 13 0
182 13 0
96 14 0
97 14 0
98 14 0
99 14 0
104 14 0
105 14 0
106 14 0
107 14 0
108 14 0
109 14 0
110 14 0
112 14 0
113 14 0
114 14 0
118 14 0
119 14 0
120 14 0
143 14 0
165 14 0
24 15 0
97 15 0
98 15 0
100 15 0
101 15 0
104 15 0
105 15 0
108 15 0
109 15 0
110 15 0
111 15 0
112 15 0
113 15 0
114 15 0
115 15 0
116 15 0
118 15 0
119 15 0
120 15 0
121 15 0
155 15 0
156 15 0
160 15 0
182 15 0
96 16 0
97 16 0
99 16 0
100 16 0
104 16 0
105 16 0
107 16 0
108 16 0
109 16 0
110 16 0
111 16 0
112 16 0
113 16 0
115 16 0
116 16 0
117 16 0
118 16 0
119 16 0
120 16 0
140 16 0
149 16 0
150 16 0
160 16 0
161 16 0
96 17 0
97 17 0
99 17 0
101 17 0
102 17 0
105 17 0
106 17 0
107 17 0
108 17 0
109 17 0
110 17 0
111 17 0
112 17 0
117 17 0
118 17 0
119 17 0
120 17 0
129 17 0
132 17 0
133 17 0
138 17 0
142 17 0
143 17 0
144 17 0
148 17 0
149 17 0
159 17 0
160 17 0
161 17 0
8 18 0
96 18 0
97 18 0
98 18 0
105 18 0
106 18 0
108 18 0
109 18 0
110 18 0
111 18 0
112 18 0
113 18 0
117 18 0
118 18 0
119 18 0
120 18 0
126 18 0
127 18 0
128 18 0
142 18 0
143 18 0
144 18 0
147 18 0
148 18 0
149 18 0
159 18 0
160 18 0
161 18 0
7 19 0
37 19 0
96 19 0
97 19 0
98 19 0
104 19 0
107 19 0
108 19 0
109 19 0
110 19 0
111 19 0
112 19 0
117 19 0
118 19 0
121 19 0
123 19 0
126 19 0
127 19 0
131 19 0
132 19 0
137 19 0
141 19 0
143 19 0
144 19 0
147 19 0
148 19 0
154 19 0
155 19 0
159 19 0
160 19 0
7 20 0
25 20 0
96 20 0
97 20 0
98 20 0
99 20 0
100 20 0
104 20 0
105 20 0
106 20 0
107 20 0
108 20 0
109 20 0
110 20 0
111 20 0
117 20 0
118 20 0
119 20 0
121 20 0
123 20 0
126 20 0
127 20 0
131 20 0
136 20 0
137 20 0
138 20 0
141 20 0
143 20 0
146 20 0
147 20 0
148 20 0
153 20 0
159 20 0
160 20 0
4 21 0
30 21 0
96 21 0
97 21 0
98 21 0
99 21 0
105 21 0
108 21 0
109 21 0
110 21 0
111 21 0
115 21 0
121 21 0
122 21 0
123 21 0
125 21 0
126 21 0
127 21 0
128 21 0
130 21 0
131 21 0
132 21 0
136 21 0
137 21 0
138 21 0
141 21 0
142 21 0
143 21 0
146 21 0
153 21 0
155 21 0
158 21 0
159 21 0
160 21 0
33 22 0
96 22 0
97 22 0
98 22 0
101 22 0
102 22 0
104 22 0
107 22 0
108 22 0
111 22 0
112 22 0
113 22 0
121 22 0
122 22 0
125 22 0
126 22 0
127 22 0
128 22 0
130 22 0
131 22 0
132 22 0
135 22 0
136 22 0
138 22 0
141 22 0
142 22 0
143 22 0
144 22 0
147 22 0
148 22 0
158 22 0
159 22 0
160 22 0
32 23 0
33 23 0
95 23 0
96 23 0
97 23 0
116 23 0
120 23 0
121 23 0
122 23 0
125 23 0
126 23 0
127 23 0
130 23 0
131 23 0
132 23 0
135 23 0
136 23 0
137 23 0
140 23 0
141 23 0
142 23 0
143 23 0
144 23 0
146 23 0
147 23 0
153 23 0
158 23 0
159 23 0
32 24 0
95 24 0
96 24 0
97 24 0
103 24 0
104 24 0
107 24 0
108 24 0
110 24 0
111 24 0
112 24 0
114 24 0
115 24 0
120 24 0
121 24 0
122 24 0
123 24 0
124 24 0
125 24 0
126 24 0
127 24 0
130 24 0
131 24 0
132 24 0
135 24 0
136 24 0
137 24 0
140 24 0
141 24 0
144 24 0
145 24 0
146 24 0
147 24 0
152 24 0
153 24 0
158 24 0
159 24 0
94 25 0
95 25 0
96 25 0
97 25 0
100 25 0
106 25 0
107 25 0
110 25 0
111 25 0
112 25 0
113 25 0
114 25 0
118 25 0
119 25 0
120 25 0
121 25 0
124 25 0
125 25 0
130 25 0
95 26 0
96 26 0
97 26 0
111 26 0
112 26 0
113 26 0
114 26 0
115 26 0
116 26 0
117 26 0
118 26 0
119 26 0
120 26 0
121 26 0
95 27 0
96 27 0
97 27 0
105 27 0
106 27 0
107 27 0
115 27 0
116 27 0
117 27 0
118 27 0
119 27 0
120 27 0
159 27 0
94 28 0
95 28 0
96 28 0
97 28 0
104 28 0
105 28 0
106 28 0
107 28 0
108 28 0
113 28 0
114 28 0
115 28 0
116 28 0
117 28 0
118 28 0
119 28 0
120 28 0
180 28 0
95 29 0
96 29 0
113 29 0
114 29 0
115 29 0
117 29 0
118 29 0
119 29 0
120 29 0
180 29 0
93 30 0
94 30 0
95 30 0
96 30 0
114 30 0
117 30 0
118 30 0
119 30 0
120 30 0
176 30 0
91 31 0
94 31 0
95 31 0
96 31 0
97 31 0
100 31 0
101 31 0
109 31 0
114 31 0
115 31 0
116 31 0
117 31 0
118 31 0
119 31 0
91 32 0
92 32 0
93 32 0
94 32 0
95 32 0
96 32 0
97 32 0
98 32 0
110 32 0
111 32 0
116 32 0
117 32 0
118 32 0
119 32 0
90 33 0
91 33 0
92 33 0
93 33 0
98 33 0
99 33 0
109 33 0
111 33 0
112 33 0
113 33 0
116 33 0
117 33 0
118 33 0
119 33 0
120 33 0
121 33 0
90 34 0
91 34 0
92 34 0
93 34 0
94 34 0
95 34 0
97 34 0
98 34 0
99 34 0
101 34 0
116 34 0
117 34 0
118 34 0
121 34 0
122 34 0
90 35 0
91 35 0
92 35 0
93 35 0
94 35 0
95 35 0
96 35 0
97 35 0
100 35 0
111 35 0
112 35 0
114 35 0
117 35 0
118 35 0
121 35 0
90 36 0
91 36 0
92 36 0
93 36 0
94 36 0
95 36 0
96 36 0
100 36 0
101 36 0
102 36 0
112 36 0
116 36 0
117 36 0
118 36 0
121 36 0
122 36 0
91 37 0
92 37 0
93 37 0
94 37 0
95 37 0
96 37 0
100 37 0
101 37 0
102 37 0
103 37 0
114 37 0
115 37 0
116 37 0
117 37 0
118 37 0
121 37 0
91 38 0
92 38 0
93 38 0
94 38 0
95 38 0
98 38 0
99 38 0
100 38 0
101 38 0
102 38 0
103 38 0
112 38 0
113 38 0
114 38 0
115 38 0
116 38 0
117 38 0
118 38 0
121 38 0
90 39 0
91 39 0
92 39 0
93 39 0
94 39 0
95 39 0
98 39 0
100 39 0
101 39 0
102 39 0
103 39 0
114 39 0
115 39 0
116 39 0
117 39 0
118 39 0
119 39 0
120 39 0
121 39 0
91 40 0
92 40 0
93 40 0
94 40 0
95 40 0
97 40 0
98 40 0
99 40 0
100 40 0
101 40 0
102 40 0
103 40 0
104 40 0
112 40 0
113 40 0
114 40 0
115 40 0
116 40 0
117 40 0
118 40 0
119 40 0
120 40 0
121 40 0
179 40 0
90 41 0
91 41 0
92 41 0
93 41 0
94 41 0
102 41 0
103 41 0
104 41 0
115 41 0
116 41 0
117 41 0
118 41 0
119 41 0
120 41 0
121 41 0
88 42 0
90 42 0
91 42 0
92 42 0
93 42 0
94 42 0
101 42 0
103 42 0
104 42 0
105 42 0
106 42 0
112 42 0
115 42 0
116 42 0
117 42 0
118 42 0
88 43 0
93 43 0
103 43 0
104 43 0
105 43 0
106 43 0
107 43 0
112 43 0
115 43 0
116 43 0
117 43 0
118 43 0
47 44 0
105 44 0
106 44 0
107 44 0
108 44 0
110 44 0
112 44 0
115 44 0
116 44 0
117 44 0
118 44 0
42 45 0
74 45 0
87 45 0
96 45 0
97 45 0
109 45 0
110 45 0
111 45 0
112 45 0
113 45 0
114 45 0
115 45 0
116 45 0
117 45 0
118 45 0
40 46 0
46 46 0
70 46 0
71 46 0
74 46 0
75 46 0
109 46 0
112 46 0
113 46 0
114 46 0
116 46 0
117 46 0
41 47 0
42 47 0
45 47 0
46 47 0
47 47 0
51 47 0
70 47 0
74 47 0
75 47 0
87 47 0
97 47 0
98 47 0
99 47 0
114 47 0
115 47 0
116 47 0
117 47 0
41 48 0
45 48 0
46 48 0
70 48 0
74 48 0
75 48 0
78 48 0
87 48 0
98 48 0
108 48 0
114 48 0
115 48 0
116 48 0
117 48 0
71 49 0
73 49 0
74 49 0
78 49 0
87 49 0
114 49 0
115 49 0
116 49 0
117 49 0
118 49 0
71 50 0
74 50 0
100 50 0
101 50 0
115 50 0
116 50 0
117 50 0
38 51 0
71 51 0
73 51 0
91 51 0
104 51 0
106 51 0
107 51 0
114 51 0
115 51 0
116 51 0
117 51 0
118 51 0
55 52 0
60 52 0
86 52 0
91 52 0
92 52 0
97 52 0
102 52 0
103 52 0
104 52 0
108 52 0
116 52 0
117 52 0
118 52 0
78 53 0
91 53 0
92 53 0
101 53 0
104 53 0
108 53 0
109 53 0
111 53 0
116 53 0
117 53 0
118 53 0
24 54 0
25 54 0
52 54 0
53 54 0
57 54 0
58 54 0
87 54 0
91 54 0
92 54 0
110 54 0
112 54 0
116 54 0
117 54 0
118 54 0
42 55 0
43 55 0
46 55 0
91 55 0
103 55 0
115 55 0
116 55 0
117 55 0
118 55 0
30 56 0
42 56 0
43 56 0
45 56 0
46 56 0
50 56 0
64 56 0
75 56 0
106 56 0
112 56 0
115 56 0
116 56 0
117 56 0
118 56 0
122 56 0
45 57 0
46 57 0
52 57 0
67 57 0
74 57 0
91 57 0
92 57 0
105 57 0
106 57 0
107 57 0
108 57 0
109 57 0
115 57 0
116 57 0
117 57 0
118 57 0
131 57 0
46 58 0
67 58 0
68 58 0
72 58 0
74 58 0
75 58 0
86 58 0
96 58 0
110 58 0
114 58 0
115 58 0
116 58 0
117 58 0
118 58 0
119 58 0
120 58 0
68 59 0
90 59 0
91 59 0
110 59 0
111 59 0
112 59 0
113 59 0
114 59 0
115 59 0
116 59 0
117 59 0
118 59 0
119 59 0
120 59 0
121 59 0
143 59 0
45 60 0
63 60 0
65 60 0
66 60 0
89 60 0
91 60 0
92 60 0
107 60 0
110 60 0
111 60 0
112 60 0
113 60 0
114 60 0
115 60 0
116 60 0
117 60 0
118 60 0
119 60 0
120 60 0
121 60 0
45 61 0
65 61 0
76 61 0
77 61 0
91 61 0
92 61 0
113 61 0
114 61 0
115 61 0
116 61 0
117 61 0
118 61 0
119 61 0
120 61 0
76 62 0
90 62 0
91 62 0
96 62 0
112 62 0
113 62 0
114 62 0
115 62 0
116 62 0
117 62 0
118 62 0
119 62 0
138 62 0
155 62 0
156 62 0
44 63 0
75 63 0
76 63 0
90 63 0
91 63 0
110 63 0
113 63 0
114 63 0
115 63 0
116 63 0
117 63 0
118 63 0
119 63 0
133 63 0
134 63 0
155 63 0
156 63 0
159 63 0
160 63 0
172 63 0
85 64 0
91 64 0
92 64 0
114 64 0
115 64 0
116 64 0
117 64 0
118 64 0
119 64 0
155 64 0
159 64 0
160 64 0
172 64 0
54 65 0
55 65 0
74 65 0
75 65 0
89 65 0
90 65 0
107 65 0
111 65 0
113 65 0
115 65 0
116 65 0
117 65 0
118 65 0
119 65 0
136 65 0
154 65 0
155 65 0
159 65 0
160 65 0
74 66 0
75 66 0
85 66 0
90 66 0
91 66 0
92 66 0
96 66 0
103 66 0
104 66 0
112 66 0
113 66 0
115 66 0
116 66 0
117 66 0
118 66 0
119 66 0
155 66 0
159 66 0
160 66 0
53 67 0
74 67 0
89 67 0
90 67 0
95 67 0
96 67 0
102 67 0
106 67 0
116 67 0
117 67 0
118 67 0
156 67 0
159 67 0
53 68 0
54 68 0
74 68 0
95 68 0
97 68 0
114 68 0
115 68 0
116 68 0
117 68 0
118 68 0
119 68 0
74 69 0
84 69 0
106 69 0
115 69 0
116 69 0
117 69 0
118 69 0
74 70 0
75 70 0
93 70 0
95 70 0
96 70 0
105 70 0
106 70 0
116 70 0
117 70 0
118 70 0
152 70 0
70 71 0
71 71 0
72 71 0
74 71 0
75 71 0
94 71 0
98 71 0
99 71 0
101 71 0
116 71 0
117 71 0
118 71 0
57 72 0
61 72 0
63 72 0
74 72 0
75 72 0
84 72 0
89 72 0
110 72 0
111 72 0
114 72 0
115 72 0
116 72 0
117 72 0
118 72 0
74 73 0
75 73 0
76 73 0
91 73 0
98 73 0
99 73 0
100 73 0
101 73 0
110 73 0
111 73 0
113 73 0
116 73 0
117 73 0
118 73 0
74 74 0
75 74 0
91 74 0
92 74 0
93 74 0
98 74 0
99 74 0
100 74 0
101 74 0
115 74 0
116 74 0
117 74 0
118 74 0
56 75 0
58 75 0
59 75 0
74 75 0
75 75 0
115 75 0
116 75 0
117 75 0
118 75 0
56 76 0
57 76 0
58 76 0
59 76 0
60 76 0
64 76 0
72 76 0
73 76 0
74 76 0
75 76 0
102 76 0
103 76 0
104 76 0
105 76 0
106 76 0
115 76 0
116 76 0
117 76 0
118 76 0
119 76 0
73 77 0
74 77 0
75 77 0
83 77 0
93 77 0
94 77 0
115 77 0
116 77 0
117 77 0
118 77 0
119 77 0
63 78 0
73 78 0
74 78 0
75 78 0
83 78 0
94 78 0
114 78 0
115 78 0
116 78 0
117 78 0
118 78 0
119 78 0
73 79 0
74 79 0
75 79 0
82 79 0
88 79 0
89 79 0
97 79 0
98 79 0
114 79 0
115 79 0
116 79 0
118 79 0
119 79 0
120 79 0
74 80 0
75 80 0
76 80 0
88 80 0
89 80 0
114 80 0
115 80 0
116 80 0
117 80 0
118 80 0
119 80 0
120 80 0
74 81 0
75 81 0
83 81 0
89 81 0
90 81 0
92 81 0
93 81 0
112 81 0
113 81 0
114 81 0
115 81 0
116 81 0
119 81 0
58 82 0
74 82 0
75 82 0
88 82 0
89 82 0
92 82 0
93 82 0
112 82 0
113 82 0
114 82 0
115 82 0
74 83 0
75 83 0
100 83 0
101 83 0
103 83 0
104 83 0
111 83 0
112 83 0
113 83 0
114 83 0
115 83 0
42 84 0
73 84 0
74 84 0
75 84 0
82 84 0
96 84 0
104 84 0
110 84 0
111 84 0
112 84 0
113 84 0
114 84 0
115 84 0
26 85 0
27 85 0
28 85 0
42 85 0
43 85 0
58 85 0
73 85 0
74 85 0
82 85 0
96 85 0
97 85 0
108 85 0
110 85 0
111 85 0
112 85 0
113 85 0
114 85 0
115 85 0
120 85 0
121 85 0
2 86 0
26 86 0
27 86 0
40 86 0
41 86 0
42 86 0
43 86 0
44 86 0
73 86 0
74 86 0
75 86 0
81 86 0
82 86 0
96 86 0
97 86 0
98 86 0
110 86 0
111 86 0
112 86 0
114 86 0
115 86 0
120 86 0
1 87 0
2 87 0
3 87 0
26 87 0
27 87 0
42 87 0
43 87 0
44 87 0
54 87 0
73 87 0
74 87 0
83 87 0
97 87 0
109 87 0
110 87 0
111 87 0
112 87 0
113 87 0
114 87 0
120 87 0
1 88 0
2 88 0
3 88 0
42 88 0
43 88 0
72 88 0
73 88 0
74 88 0
75 88 0
78 88 0
83 88 0
86 88 0
88 88 0
90 88 0
108 88 0
109 88 0
110 88 0
111 88 0
112 88 0
113 88 0
114 88 0
42 89 0
43 89 0
53 89 0
72 89 0
73 89 0
74 89 0
78 89 0
79 89 0
80 89 0
82 89 0
85 89 0
86 89 0
87 89 0
101 89 0
108 89 0
109 89 0
110 89 0
112 89 0
113 89 0
114 89 0
121 89 0
122 89 0
43 90 0
72 90 0
73 90 0
74 90 0
81 90 0
82 90 0
85 90 0
86 90 0
87 90 0
89 90 0
90 90 0
94 90 0
101 90 0
108 90 0
109 90 0
110 90 0
111 90 0
112 90 0
113 90 0
114 90 0
115 90 0
116 90 0
118 90 0
120 90 0
121 90 0
122 90 0
72 91 0
73 91 0
76 91 0
85 91 0
86 91 0
87 91 0
96 91 0
97 91 0
102 91 0
103 91 0
108 91 0
111 91 0
113 91 0
114 91 0
115 91 0
116 91 0
117 91 0
118 91 0
119 91 0
120 91 0
121 91 0
122 91 0
72 92 0
86 92 0
87 92 0
93 92 0
94 92 0
99 92 0
102 92 0
103 92 0
109 92 0
110 92 0
111 92 0
112 92 0
113 92 0
114 92 0
115 92 0
117 92 0
118 92 0
119 92 0
121 92 0
94 93 0
98 93 0
103 93 0
104 93 0
109 93 0
111 93 0
112 93 0
114 93 0
117 93 0
118 93 0
119 93 0
120 93 0
18 94 0
94 94 0
95 94 0
96 94 0
100 94 0
104 94 0
105 94 0
106 94 0
107 94 0
108 94 0
113 94 0
117 94 0
118 94 0
119 94 0
3 95 0
4 95 0
37 95 0
86 95 0
87 95 0
92 95 0
95 95 0
96 95 0
100 95 0
101 95 0
102 95 0
104 95 0
112 95 0
3 96 0
86 96 0
87 96 0
90 96 0
91 96 0
92 96 0
93 96 0
94 96 0
95 96 0
96 96 0
98 96 0
100 96 0
101 96 0
112 96 0
90 97 0
92 97 0
93 97 0
94 97 0
95 97 0
96 97 0
97 97 0
99 97 0
100 97 0
102 97 0
103 97 0
104 97 0
105 97 0
117 97 0
90 98 0
91 98 0
92 98 0
93 98 0
94 98 0
95 98 0
96 98 0
97 98 0
98 98 0
99 98 0
102 98 0
103 98 0
104 98 0
105 98 0
111 98 0
95 99 0
101 99 0
102 99 0
103 99 0
104 99 0
105 99 0
107 99 0
109 99 0
89 100 0
90 100 0
92 100 0
97 100 0
98 100 0
103 100 0
90 101 0
91 101 0
92 101 0
93 101 0
94 101 0
95 101 0
96 101 0
107 101 0
4 102 0
5 102 0
7 102 0
12 102 0
13 102 0
87 102 0
91 102 0
92 102 0
87 103 0
89 103 0
90 103 0
87 104 0
89 104 0
93 104 0
101 104 0
102 104 0
105 104 0
110 104 0
111 104 0
87 105 0
88 105 0
98 105 0
108 105 0
109 105 0
110 105 0
111 105 0
112 105 0
92 106 0
93 106 0
94 106 0
95 106 0
106 106 0
107 106 0
111 106 0
112 106 0
91 107 0
93 107 0
109 107 0
112 107 0
101 108 0
105 108 0
106 108 0
106 110 0
87 114 0
86 115 0
109 115 0
110 115 0
110 116 0
111 116 0
93 119 0
85 120 0
86 120 0
87 120 0
93 120 0
95 120 0
85 121 0
86 121 0
87 121 0
88 121 0
89 121 0
90 121 0
91 121 0
92 121 0
93 121 0
94 121 0
95 121 0
85 122 0
86 122 0
87 122 0
88 122 0
89 122 0
90 122 0
91 122 0
93 122 0
95 122 0
86 123 0
87 123 0
88 123 0
89 123 0
90 123 0
91 123 0
92 123 0
93 123 0
94 123 0
95 123 0
88 124 0
89 124 0
90 124 0
91 124 0
92 124 0
93 124 0
86 125 0
87 125 0
88 125 0
89 125 0
90 125 0
91 125 0
92 125 0
93 125 0
94 125 0
87 126 0
88 126 0
89 126 0
90 126 0
91 126 0
92 126 0
93 126 0
94 126 0
97 126 0
88 127 0
89 127 0
90 127 0
91 127 0
92 127 0
93 127 0
88 128 0
89 128 0
90 128 0
91 128 0
92 128 0
99 128 0
87 129 0
88 129 0
89 129 0
100 129 0
116 129 0
87 130 0
95 130 0
101 130 0
99 131 0
99 132 0
100 132 0
101 132 0
102 132 0
116 132 0
97 133 0
99 134 0
108 134 0
109 134 0
101 135 0
101 136 0
102 136 0
101 139 0
102 139 0
103 140 0
86 141 0
87 141 0
88 141 0
90 141 0
103 141 0
104 141 0
86 142 0
87 142 0
88 142 0
90 142 0
106 142 0
107 142 0
85 143 0
86 143 0
87 143 0
88 143 0
90 143 0
91 143 0
92 143 0
107 143 0
84 144 0
85 144 0
86 144 0
91 144 0
92 144 0
106 144 0
107 144 0
108 144 0
83 145 0
84 145 0
85 145 0
86 145 0
91 145 0
92 145 0
93 145 0
83 146 0
84 146 0
85 146 0
86 146 0
92 146 0
94 146 0
95 146 0
82 147 0
83 147 0
95 147 0
107 147 0
110 147 0
111 147 0
82 148 0
83 148 0
84 148 0
94 148 0
95 148 0
96 148 0
107 148 0
110 148 0
82 149 0
83 149 0
84 149 0
85 149 0
96 149 0
97 149 0
107 149 0
108 149 0
74 150 0
75 150 0
83 150 0
85 150 0
86 150 0
87 150 0
97 150 0
98 150 0
99 150 0
102 150 0
106 150 0
107 150 0
108 150 0
112 150 0
113 150 0
74 151 0
75 151 0
78 151 0
80 151 0
85 151 0
86 151 0
92 151 0
98 151 0
99 151 0
106 151 0
107 151 0
108 151 0
111 151 0
112 151 0
113 151 0
114 151 0
74 152 0
75 152 0
78 152 0
79 152 0
80 152 0
81 152 0
85 152 0
86 152 0
96 152 0
97 152 0
98 152 0
99 152 0
100 152 0
106 152 0
107 152 0
108 152 0
110 152 0
111 152 0
112 152 0
113 152 0
114 152 0
115 152 0
75 153 0
76 153 0
86 153 0
106 153 0
107 153 0
108 153 0
109 153 0
110 153 0
111 153 0
112 153 0
113 153 0
114 153 0
115 153 0
117 153 0
121 153 0
122 153 0
127 153 0
128 153 0
135 153 0
140 153 0
141 153 0
162 153 0
72 154 0
73 154 0
74 154 0
75 154 0
76 154 0
93 154 0
107 154 0
108 154 0
109 154 0
110 154 0
111 154 0
112 154 0
113 154 0
114 154 0
115 154 0
116 154 0
117 154 0
120 154 0
121 154 0
122 154 0
128 154 0
129 154 0
130 154 0
134 154 0
135 154 0
136 154 0
141 154 0
142 154 0
144 154 0
148 154 0
149 154 0
150 154 0
155 154 0
157 154 0
159 154 0
161 154 0
162 154 0
163 154 0
164 154 0
72 155 0
73 155 0
74 155 0
75 155 0
76 155 0
98 155 0
106 155 0
107 155 0
108 155 0
111 155 0
113 155 0
114 155 0
130 155 0
141 155 0
142 155 0
143 155 0
144 155 0
149 155 0
150 155 0
158 155 0
161 155 0
162 155 0
163 155 0
164 155 0
73 156 0
74 156 0
75 156 0
76 156 0
79 156 0
80 156 0
81 156 0
107 156 0
108 156 0
109 156 0
112 156 0
113 156 0
115 156 0
123 156 0
138 156 0
144 156 0
152 156 0
164 156 0
75 157 0
76 157 0
108 157 0
109 157 0
114 157 0
115 157 0
116 157 0
117 157 0
122 157 0
123 157 0
124 157 0
128 157 0
129 157 0
130 157 0
131 157 0
137 157 0
138 157 0
144 157 0
151 157 0
152 157 0
157 157 0
158 157 0
164 157 0
165 157 0
115 158 0
121 158 0
122 158 0
123 158 0
124 158 0
125 158 0
129 158 0
130 158 0
131 158 0
133 158 0
134 158 0
137 158 0
138 158 0
143 158 0
144 158 0
148 158 0
149 158 0
150 158 0
151 158 0
152 158 0
153 158 0
157 158 0
158 158 0
161 158 0
162 158 0
163 158 0
164 158 0
165 158 0
75 159 0
77 159 0
78 159 0
79 159 0
122 159 0
123 159 0
124 159 0
129 159 0
133 159 0
134 159 0
137 159 0
138 159 0
143 159 0
147 159 0
148 159 0
149 159 0
150 159 0
151 159 0
152 159 0
72 160 0
73 160 0
74 160 0
77 160 0
78 160 0
79 160 0
138 160 0
150 160 0
72 161 0
73 161 0
75 161 0
77 161 0
78 161 0
79 161 0
113 161 0
71 162 0
72 162 0
73 162 0
74 162 0
75 162 0
79 162 0
80 162 0
81 162 0
71 163 0
72 163 0
73 163 0
74 163 0
75 163 0
76 163 0
81 163 0
74 164 0
75 164 0
76 164 0
77 164 0
74 165 0
75 165 0
74 166 0
71 167 0
71 168 0
72 168 0
74 168 0
77 168 0
78 168 0
79 168 0
70 169 0
71 169 0
72 169 0
73 169 0
77 169 0
78 169 0
79 169 0
70 170 0
71 170 0
72 170 0
73 170 0
76 170 0
77 170 0
78 170 0
79 170 0
80 170 0
70 171 0
71 171 0
72 171 0
73 171 0
74 171 0
75 171 0
76 171 0
80 171 0
81 171 0
82 171 0
70 172 0
71 172 0
72 172 0
73 172 0
74 172 0
75 172 0
76 172 0
78 172 0
81 172 0
82 172 0
83 172 0
74 173 0
75 173 0
81 173 0
82 173 0
74 174 0
75 174 0
73 175 0
70 177 0
71 177 0
78 177 0
79 177 0
96 70 1
117 78 1
121 83 1
121 84 1
122 84 1
111 85 1
119 85 1
120 85 1
121 85 1
122 85 1
123 85 1
124 85 1
125 85 1
126 85 1
127 85 1
114 86 1
115 86 1
119 86 1
120 86 1
121 86 1
122 86 1
123 86 1
124 86 1
125 86 1
126 86 1
127 86 1
128 86 1
129 86 1
130 86 1
112 87 1
114 87 1
115 87 1
116 87 1
117 87 1
118 87 1
119 87 1
120 87 1
121 87 1
122 87 1
123 87 1
124 87 1
125 87 1
126 87 1
127 87 1
128 87 1
129 87 1
130 87 1
131 87 1
132 87 1
113 88 1
114 88 1
115 88 1
116 88 1
117 88 1
118 88 1
119 88 1
120 88 1
121 88 1
122 88 1
123 88 1
124 88 1
125 88 1
126 88 1
127 88 1
128 88 1
129 88 1
130 88 1
131 88 1
132 88 1
133 88 1
134 88 1
114 89 1
115 89 1
116 89 1
117 89 1
118 89 1
119 89 1
120 89 1
121 89 1
122 89 1
123 89 1
124 89 1
125 89 1
126 89 1
127 89 1
128 89 1
129 89 1
130 89 1
131 89 1
132 89 1
133 89 1
134 89 1
135 89 1
114 90 1
115 90 1
116 90 1
117 90 1
118 90 1
119 90 1
120 90 1
121 90 1
122 90 1
123 90 1
124 90 1
125 90 1
126 90 1
127 90 1
128 90 1
129 90 1
130 90 1
131 90 1
132 90 1
133 90 1
134 90 1
135 90 1
136 90 1
112 91 1
114 91 1
115 91 1
116 91 1
117 91 1
118 91 1
119 91 1
120 91 1
121 91 1
122 91 1
123 91 1
124 91 1
125 91 1
126 91 1
127 91 1
128 91 1
129 91 1
130 91 1
131 91 1
132 91 1
133 91 1
134 91 1
135 91 1
136 91 1
137 91 1
138 91 1
112 92 1
113 92 1
114 92 1
115 92 1
116 92 1
117 92 1
118 92 1
119 92 1
120 92 1
121 92 1
122 92 1
123 92 1
124 92 1
125 92 1
126 92 1
127 92 1
128 92 1
129 92 1
130 92 1
131 92 1
132 92 1
133 92 1
134 92 1
135 92 1
136 92 1
137 92 1
138 92 1
139 92 1
112 93 1
113 93 1
114 93 1
115 93 1
116 93 1
117 93 1
118 93 1
119 93 1
120 93 1
121 93 1
122 93 1
123 93 1
124 93 1
125 93 1
126 93 1
127 93 1
128 93 1
129 93 1
130 93 1
131 93 1
132 93 1
133 93 1
134 93 1
135 93 1
136 93 1
137 93 1
138 93 1
139 93 1
112 94 1
113 94 1
114 94 1
115 94 1
116 94 1
117 94 1
118 94 1
119 94 1
120 94 1
121 94 1
122 94 1
123 94 1
124 94 1
125 94 1
126 94 1
127 94 1
128 94 1
129 94 1
130 94 1
131 94 1
132 94 1
133 94 1
134 94 1
135 94 1
136 94 1
137 94 1
138 94 1
139 94 1
140 94 1
113 95 1
114 95 1
115 95 1
116 95 1
117 95 1
118 95 1
119 95 1
120 95 1
121 95 1
122 95 1
123 95 1
124 95 1
125 95 1
126 95 1
127 95 1
128 95 1
129 95 1
130 95 1
131 95 1
132 95 1
133 95 1
134 95 1
135 95 1
136 95 1
137 95 1
138 95 1
111 96 1
112 96 1
113 96 1
114 96 1
115 96 1
116 96 1
117 96 1
118 96 1
119 96 1
120 96 1
121 96 1
122 96 1
123 96 1
124 96 1
125 96 1
126 96 1
127 96 1
128 96 1
129 96 1
130 96 1
131 96 1
132 96 1
133 96 1
134 96 1
135 96 1
136 96 1
137 96 1
138 96 1
139 96 1
111 97 1
112 97 1
114 97 1
116 97 1
117 97 1
118 97 1
119 97 1
120 97 1
121 97 1
122 97 1
123 97 1
124 97 1
125 97 1
126 97 1
127 97 1
128 97 1
129 97 1
130 97 1
131 97 1
132 97 1
133 97 1
134 97 1
135 97 1
136 97 1
137 97 1
138 97 1
139 97 1
140 97 1
141 97 1
112 98 1
114 98 1
118 98 1
119 98 1
120 98 1
121 98 1
122 98 1
123 98 1
124 98 1
125 98 1
126 98 1
127 98 1
128 98 1
129 98 1
130 98 1
131 98 1
132 98 1
133 98 1
134 98 1
135 98 1
136 98 1
137 98 1
138 98 1
139 98 1
140 98 1
141 98 1
119 99 1
120 99 1
122 99 1
123 99 1
124 99 1
125 99 1
126 99 1
127 99 1
128 99 1
129 99 1
130 99 1
131 99 1
132 99 1
133 99 1
134 99 1
135 99 1
136 99 1
137 99 1
138 99 1
139 99 1
119 100 1
120 100 1
121 100 1
123 100 1
124 100 1
125 100 1
126 100 1
127 100 1
128 100 1
129 100 1
130 100 1
131 100 1
132 100 1
133 100 1
134 100 1
135 100 1
136 100 1
137 100 1
125 101 1
126 101 1
127 101 1
128 101 1
129 101 1
130 101 1
131 101 1
132 101 1
133 101 1
134 101 1
135 101 1
136 101 1
122 102 1
125 102 1
126 102 1
127 102 1
128 102 1
129 102 1
130 102 1
131 102 1
132 102 1
133 102 1
134 102 1
135 102 1
122 103 1
127 103 1
128 103 1
129 103 1
130 103 1
131 103 1
132 103 1
133 103 1
134 103 1
135 103 1
124 104 1
125 104 1
126 104 1
127 104 1
128 104 1
129 104 1
133 104 1
134 104 1
135 104 1
125 105 1
126 105 1
127 105 1
128 105 1
131 105 1
132 105 1
133 105 1
134 105 1
129 106 1
130 106 1
131 106 1
132 106 1
133 106 1
134 106 1
135 106 1
137 106 1
129 107 1
130 107 1
131 107 1
132 107 1
133 107 1
134 107 1
136 107 1
137 107 1
129 108 1
131 108 1
182 148 2
183 148 2
184 148 2
185 148 2
186 148 2
181 149 2
182 149 2
183 149 2
184 149 2
185 149 2
186 149 2
187 149 2
180 150 2
181 150 2
182 150 2
183 150 2
184 150 2
185 150 2
186 150 2
187 150 2
179 151 2
180 151 2
181 151 2
182 151 2
183 151 2
184 151 2
185 151 2
186 151 2
177 152 2
178 152 2
179 152 2
180 152 2
181 152 2
184 152 2
186 152 2
174 153 2
175 153 2
176 153 2
177 153 2
178 153 2
187 153 2
