152 3 0
141 5 0
145 5 0
173 5 0
172 6 0
174 6 0
202 7 0
189 8 0
193 8 0
186 9 0
189 9 0
192 9 0
146 10 0
191 10 0
215 11 0
139 12 0
189 12 0
193 12 0
201 12 0
188 13 0
189 13 0
196 13 0
188 14 0
189 14 0
196 14 0
188 15 0
196 15 0
188 16 0
196 16 0
132 17 0
188 17 0
196 17 0
188 18 0
196 18 0
188 19 0
196 19 0
103 20 0
188 20 0
196 20 0
188 21 0
196 21 0
188 22 0
196 22 0
293 22 0
102 23 0
188 23 0
196 23 0
188 24 0
196 24 0
101 25 0
188 25 0
189 25 0
196 25 0
101 26 0
188 26 0
189 26 0
196 26 0
101 27 0
196 27 0
197 27 0
188 28 0
189 28 0
196 28 0
188 29 0
189 29 0
196 29 0
188 30 0
189 30 0
196 30 0
188 31 0
189 31 0
196 31 0
188 32 0
189 32 0
196 32 0
197 32 0
198 32 0
292 32 0
189 33 0
196 33 0
221 33 0
271 33 0
290 33 0
291 33 0
101 34 0
189 34 0
196 34 0
197 34 0
241 34 0
242 34 0
251 34 0
252 34 0
101 35 0
189 35 0
196 35 0
197 35 0
232 35 0
101 36 0
102 36 0
184 36 0
185 36 0
189 36 0
196 36 0
197 36 0
202 36 0
227 36 0
87 37 0
95 37 0
100 37 0
174 37 0
183 37 0
188 37 0
189 37 0
194 37 0
195 37 0
196 37 0
210 37 0
225 37 0
226 37 0
227 37 0
240 37 0
244 37 0
61 38 0
62 38 0
69 38 0
73 38 0
80 38 0
84 38 0
87 38 0
189 38 0
193 38 0
197 38 0
224 38 0
225 38 0
226 38 0
272 38 0
282 38 0
57 39 0
68 39 0
155 39 0
174 39 0
183 39 0
224 39 0
225 39 0
53 40 0
155 40 0
164 40 0
223 40 0
224 40 0
225 40 0
52 41 0
56 41 0
104 41 0
137 41 0
165 41 0
223 41 0
46 42 0
47 42 0
119 42 0
128 42 0
136 42 0
146 42 0
159 42 0
162 42 0
223 42 0
41 43 0
42 43 0
46 43 0
110 43 0
129 43 0
136 43 0
161 43 0
165 43 0
223 43 0
230 43 0
41 44 0
110 44 0
160 44 0
164 44 0
185 44 0
186 44 0
223 44 0
229 44 0
230 44 0
36 45 0
37 45 0
105 45 0
164 45 0
182 45 0
223 45 0
229 45 0
250 45 0
253 45 0
35 46 0
36 46 0
102 46 0
106 46 0
159 46 0
163 46 0
179 46 0
223 46 0
229 46 0
261 46 0
271 46 0
30 47 0
100 47 0
158 47 0
184 47 0
223 47 0
229 47 0
319 47 0
29 48 0
103 48 0
181 48 0
223 48 0
229 48 0
156 49 0
157 49 0
160 49 0
223 49 0
229 49 0
18 50 0
93 50 0
152 50 0
160 50 0
223 50 0
229 50 0
16 51 0
223 51 0
229 51 0
230 51 0
331 51 0
332 51 0
12 52 0
90 52 0
91 52 0
129 52 0
154 52 0
223 52 0
229 52 0
331 52 0
9 53 0
10 53 0
85 53 0
94 53 0
129 53 0
153 53 0
157 53 0
223 53 0
229 53 0
331 53 0
85 54 0
128 54 0
129 54 0
152 54 0
229 54 0
331 54 0
3 55 0
82 55 0
83 55 0
129 55 0
148 55 0
228 55 0
229 55 0
331 55 0
72 56 0
82 56 0
129 56 0
228 56 0
229 56 0
330 56 0
72 57 0
130 57 0
223 57 0
229 57 0
330 57 0
130 58 0
131 58 0
223 58 0
229 58 0
330 58 0
130 59 0
131 59 0
223 59 0
229 59 0
330 59 0
130 60 0
131 60 0
228 60 0
229 60 0
329 60 0
330 60 0
130 61 0
228 61 0
229 61 0
330 61 0
130 62 0
229 62 0
329 62 0
330 62 0
339 62 0
130 63 0
131 63 0
229 63 0
329 63 0
131 64 0
229 64 0
329 64 0
131 65 0
132 65 0
229 65 0
230 65 0
328 65 0
329 65 0
131 66 0
132 66 0
229 66 0
328 66 0
329 66 0
131 67 0
132 67 0
228 67 0
229 67 0
328 67 0
131 68 0
132 68 0
228 68 0
229 68 0
328 68 0
131 69 0
229 69 0
328 69 0
229 70 0
328 70 0
2 71 0
133 71 0
229 71 0
328 71 0
133 72 0
223 72 0
229 72 0
327 72 0
328 72 0
133 73 0
223 73 0
229 73 0
327 73 0
328 73 0
133 74 0
229 74 0
327 74 0
133 75 0
229 75 0
326 75 0
327 75 0
133 76 0
229 76 0
230 76 0
327 76 0
133 77 0
229 77 0
326 77 0
327 77 0
5 78 0
6 78 0
229 78 0
326 78 0
327 78 0
6 79 0
134 79 0
229 79 0
231 79 0
326 79 0
6 80 0
7 80 0
134 80 0
229 80 0
326 80 0
7 81 0
134 81 0
229 81 0
326 81 0
134 82 0
135 82 0
229 82 0
230 82 0
325 82 0
326 82 0
8 83 0
134 83 0
229 83 0
325 83 0
326 83 0
8 84 0
134 84 0
135 84 0
229 84 0
230 84 0
325 84 0
326 84 0
9 85 0
135 85 0
229 85 0
325 85 0
10 86 0
135 86 0
229 86 0
325 86 0
10 87 0
135 87 0
224 87 0
229 87 0
324 87 0
325 87 0
10 88 0
135 88 0
136 88 0
229 88 0
324 88 0
325 88 0
10 89 0
135 89 0
229 89 0
324 89 0
325 89 0
135 90 0
229 90 0
324 90 0
136 91 0
229 91 0
324 91 0
136 92 0
229 92 0
323 92 0
324 92 0
136 93 0
137 93 0
229 93 0
323 93 0
324 93 0
137 94 0
224 94 0
229 94 0
323 94 0
136 95 0
137 95 0
224 95 0
229 95 0
230 95 0
323 95 0
224 96 0
229 96 0
323 96 0
14 97 0
224 97 0
229 97 0
322 97 0
323 97 0
137 98 0
229 98 0
322 98 0
323 98 0
138 99 0
224 99 0
229 99 0
230 99 0
322 99 0
323 99 0
138 100 0
229 100 0
230 100 0
322 100 0
138 101 0
229 101 0
230 101 0
322 101 0
138 102 0
224 102 0
229 102 0
321 102 0
322 102 0
138 103 0
224 103 0
229 103 0
321 103 0
322 103 0
138 104 0
224 104 0
229 104 0
230 104 0
321 104 0
139 105 0
224 105 0
229 105 0
230 105 0
321 105 0
224 106 0
229 106 0
230 106 0
321 106 0
19 107 0
138 107 0
224 107 0
229 107 0
320 107 0
321 107 0
229 108 0
231 108 0
320 108 0
229 109 0
230 109 0
320 109 0
224 110 0
229 110 0
230 110 0
320 110 0
20 111 0
137 111 0
224 111 0
229 111 0
320 111 0
20 112 0
229 112 0
319 112 0
320 112 0
21 113 0
229 113 0
319 113 0
320 113 0
22 114 0
229 114 0
319 114 0
22 115 0
229 115 0
230 115 0
319 115 0
23 116 0
229 116 0
318 116 0
319 116 0
229 117 0
230 117 0
318 117 0
319 117 0
225 118 0
229 118 0
318 118 0
229 119 0
230 119 0
318 119 0
24 120 0
129 120 0
229 120 0
230 120 0
318 120 0
24 121 0
229 121 0
318 121 0
25 122 0
26 122 0
229 122 0
230 122 0
317 122 0
318 122 0
26 123 0
225 123 0
229 123 0
230 123 0
317 123 0
318 123 0
26 124 0
229 124 0
230 124 0
317 124 0
27 125 0
229 125 0
230 125 0
316 125 0
317 125 0
27 126 0
123 126 0
316 126 0
317 126 0
27 127 0
316 127 0
28 128 0
316 128 0
28 129 0
316 129 0
29 130 0
315 130 0
316 130 0
29 131 0
315 131 0
316 131 0
315 132 0
30 133 0
315 133 0
315 134 0
31 135 0
314 135 0
315 135 0
322 135 0
31 136 0
314 136 0
31 137 0
106 137 0
108 137 0
314 137 0
105 138 0
106 138 0
108 138 0
104 139 0
105 139 0
108 139 0
104 140 0
105 140 0
108 140 0
109 140 0
318 140 0
319 140 0
320 140 0
104 141 0
105 141 0
106 141 0
108 141 0
316 141 0
317 141 0
318 141 0
93 142 0
105 142 0
106 142 0
107 142 0
110 142 0
111 142 0
106 143 0
107 143 0
108 143 0
110 143 0
107 144 0
108 144 0
110 144 0
107 145 0
214 149 0
294 162 0
298 169 0
297 171 0
285 172 0
295 172 0
292 175 0
257 178 0
257 179 0
276 179 0
292 179 0
279 180 0
259 181 0
278 181 0
290 181 0
259 182 0
269 182 0
277 182 0
290 182 0
246 183 0
258 183 0
259 183 0
269 183 0
276 183 0
289 183 0
270 184 0
277 184 0
243 185 0
271 185 0
242 186 0
285 186 0
240 187 0
241 187 0
284 187 0
261 188 0
283 188 0
237 189 0
283 189 0
273 190 0
282 190 0
128 191 0
129 191 0
131 191 0
132 191 0
128 192 0
131 192 0
235 192 0
240 192 0
258 192 0
130 193 0
228 193 0
274 193 0
130 194 0
133 194 0
274 194 0
226 195 0
274 195 0
290 195 0
214 196 0
261 196 0
289 196 0
291 196 0
250 197 0
271 197 0
289 197 0
291 197 0
211 198 0
215 198 0
217 198 0
219 198 0
270 198 0
214 199 0
218 199 0
267 199 0
270 199 0
277 199 0
211 200 0
217 200 0
247 200 0
269 200 0
276 200 0
216 201 0
276 201 0
214 202 0
215 202 0
275 202 0
215 203 0
274 203 0
273 204 0
243 205 0
212 207 0
271 207 0
270 209 0
201 210 0
203 210 0
214 210 0
248 210 0
266 210 0
269 210 0
202 211 0
265 211 0
281 211 0
210 212 0
264 212 0
265 212 0
278 212 0
280 212 0
210 213 0
264 213 0
267 213 0
266 214 0
223 215 0
262 215 0
263 215 0
226 217 0
247 217 0
261 217 0
277 217 0
260 218 0
263 218 0
274 218 0
226 219 0
259 219 0
200 220 0
202 220 0
226 220 0
255 220 0
261 220 0
262 220 0
261 221 0
285 221 0
189 222 0
260 222 0
271 222 0
273 222 0
210 223 0
178 224 0
176 226 0
186 228 0
220 228 0
252 228 0
171 229 0
268 229 0
169 230 0
265 230 0
169 231 0
165 232 0
209 233 0
260 234 0
261 234 0
198 236 0
214 237 0
272 238 0
275 238 0
156 239 0
198 239 0
209 239 0
214 239 0
241 239 0
155 240 0
199 240 0
246 240 0
187 242 0
183 243 0
188 243 0
169 244 0
188 244 0
147 245 0
181 246 0
187 246 0
186 247 0
186 248 0
159 249 0
179 249 0
186 249 0
240 249 0
139 250 0
137 251 0
137 252 0
183 252 0
192 255 0
130 256 0
150 256 0
174 256 0
180 256 0
148 257 0
157 257 0
191 257 0
193 257 0
194 257 0
228 257 0
323 183 1
324 183 1
330 183 1
321 184 1
323 184 1
331 184 1
332 184 1
320 185 1
321 185 1
320 186 1
321 186 1
322 186 1
322 187 1
318 188 1
322 188 1
317 189 1
318 189 1
322 189 1
327 189 1
318 190 1
321 190 1
325 190 1
319 191 1
321 191 1
323 191 1
319 192 1
324 192 1
318 193 1
319 193 1
325 193 1
318 194 1
319 194 1
325 194 1
318 195 1
323 195 1
318 196 1
319 196 1
327 196 1
319 197 1
320 197 1
319 198 1
320 198 1
327 198 1
320 199 1
322 199 1
321 200 1
321 201 1
325 201 1
321 202 1
322 202 1
322 203 1
323 203 1
331 203 1
337 203 1
331 204 1
323 205 1
327 205 1
331 205 1
332 205 1
333 205 1
322 206 1
327 206 1
328 206 1
332 206 1
333 206 1
322 207 1
333 207 1
338 207 1
324 208 1
332 208 1
332 209 1
334 210 1
335 210 1
327 211 1
336 211 1
328 212 1
328 214 1
337 214 1
329 215 1
339 215 1
330 216 1
330 217 1
343 217 1
331 218 1
331 219 1
332 220 1
332 221 1
334 223 1
336 224 1
336 225 1
