182 2 0
274 2 0
216 3 0
188 5 0
189 5 0
191 5 0
175 6 0
174 8 0
181 9 0
173 10 0
181 10 0
181 11 0
174 12 0
182 12 0
87 14 0
181 14 0
181 15 0
174 16 0
181 16 0
292 17 0
174 18 0
84 19 0
174 19 0
182 19 0
174 20 0
182 20 0
85 21 0
86 21 0
174 21 0
182 21 0
174 22 0
182 22 0
174 23 0
182 23 0
174 24 0
182 24 0
174 25 0
182 25 0
174 26 0
182 26 0
277 26 0
278 26 0
174 27 0
182 27 0
238 27 0
174 28 0
182 28 0
227 28 0
235 28 0
246 28 0
84 29 0
182 29 0
187 29 0
197 29 0
207 29 0
217 29 0
170 30 0
174 30 0
182 30 0
187 30 0
159 31 0
174 31 0
179 31 0
180 31 0
181 31 0
182 31 0
187 31 0
211 31 0
212 31 0
213 31 0
215 31 0
217 31 0
220 31 0
221 31 0
222 31 0
223 31 0
224 31 0
225 31 0
226 31 0
227 31 0
228 31 0
229 31 0
230 31 0
231 31 0
232 31 0
234 31 0
235 31 0
236 31 0
237 31 0
238 31 0
239 31 0
240 31 0
241 31 0
242 31 0
243 31 0
244 31 0
245 31 0
246 31 0
247 31 0
248 31 0
249 31 0
250 31 0
251 31 0
252 31 0
253 31 0
259 31 0
260 31 0
261 31 0
262 31 0
263 31 0
264 31 0
265 31 0
268 31 0
270 31 0
271 31 0
272 31 0
273 31 0
274 31 0
278 31 0
301 31 0
303 31 0
71 32 0
72 32 0
78 32 0
79 32 0
80 32 0
85 32 0
174 32 0
178 32 0
179 32 0
182 32 0
210 32 0
211 32 0
212 32 0
234 32 0
236 32 0
238 32 0
243 32 0
245 32 0
246 32 0
248 32 0
249 32 0
250 32 0
251 32 0
252 32 0
253 32 0
255 32 0
256 32 0
261 32 0
264 32 0
267 32 0
270 32 0
272 32 0
51 33 0
57 33 0
58 33 0
64 33 0
71 33 0
77 33 0
78 33 0
85 33 0
168 33 0
186 33 0
210 33 0
44 34 0
57 34 0
149 34 0
159 34 0
209 34 0
210 34 0
330 34 0
140 35 0
150 35 0
151 35 0
209 35 0
34 36 0
148 36 0
149 36 0
209 36 0
29 37 0
208 37 0
209 37 0
215 37 0
216 37 0
29 38 0
94 38 0
151 38 0
209 38 0
215 38 0
220 38 0
223 38 0
232 38 0
23 39 0
215 39 0
228 39 0
229 39 0
230 39 0
231 39 0
233 39 0
234 39 0
235 39 0
236 39 0
237 39 0
238 39 0
239 39 0
240 39 0
241 39 0
242 39 0
243 39 0
245 39 0
248 39 0
249 39 0
250 39 0
17 40 0
18 40 0
86 40 0
153 40 0
173 40 0
174 40 0
215 40 0
256 40 0
257 40 0
259 40 0
260 40 0
261 40 0
262 40 0
263 40 0
264 40 0
265 40 0
270 40 0
271 40 0
272 40 0
273 40 0
274 40 0
275 40 0
276 40 0
281 40 0
282 40 0
284 40 0
285 40 0
286 40 0
292 40 0
17 41 0
85 41 0
86 41 0
148 41 0
152 41 0
172 41 0
173 41 0
209 41 0
215 41 0
303 41 0
311 41 0
312 41 0
314 41 0
11 42 0
166 42 0
209 42 0
215 42 0
80 43 0
215 43 0
215 44 0
76 45 0
145 45 0
167 45 0
209 45 0
215 45 0
144 46 0
215 46 0
316 46 0
70 47 0
215 47 0
115 48 0
142 48 0
215 48 0
115 49 0
215 49 0
64 50 0
115 50 0
215 50 0
64 51 0
115 51 0
215 51 0
116 52 0
215 52 0
315 52 0
116 53 0
215 53 0
315 53 0
116 54 0
138 54 0
215 54 0
315 54 0
116 55 0
117 55 0
215 55 0
315 55 0
116 56 0
215 56 0
116 57 0
215 57 0
116 58 0
215 58 0
314 58 0
117 59 0
215 59 0
314 59 0
215 60 0
210 61 0
215 61 0
215 62 0
313 62 0
118 63 0
215 63 0
313 63 0
118 64 0
215 64 0
313 64 0
215 65 0
215 66 0
216 66 0
313 66 0
215 67 0
216 67 0
313 67 0
119 68 0
215 68 0
216 68 0
312 68 0
119 69 0
215 69 0
216 69 0
312 69 0
215 70 0
216 70 0
312 70 0
119 71 0
215 71 0
216 71 0
312 71 0
119 72 0
216 72 0
312 72 0
216 73 0
312 73 0
216 74 0
312 74 0
216 75 0
312 75 0
121 76 0
216 76 0
121 77 0
216 77 0
311 77 0
216 78 0
311 78 0
216 79 0
311 79 0
216 80 0
310 80 0
311 80 0
216 81 0
310 81 0
122 82 0
216 82 0
310 82 0
122 83 0
216 83 0
310 83 0
122 84 0
216 84 0
310 84 0
122 85 0
216 85 0
310 85 0
216 86 0
310 86 0
216 87 0
309 87 0
216 88 0
309 88 0
216 89 0
217 89 0
309 89 0
124 90 0
216 90 0
309 90 0
124 91 0
216 91 0
308 91 0
309 91 0
216 92 0
308 92 0
124 93 0
216 93 0
308 93 0
216 94 0
217 94 0
308 94 0
216 95 0
308 95 0
125 96 0
216 96 0
217 96 0
308 96 0
216 97 0
308 97 0
125 98 0
216 98 0
307 98 0
308 98 0
216 99 0
307 99 0
216 100 0
307 100 0
216 101 0
217 101 0
307 101 0
126 102 0
306 102 0
126 103 0
217 103 0
218 103 0
306 103 0
307 103 0
217 104 0
306 104 0
217 105 0
306 105 0
217 106 0
306 106 0
306 107 0
217 108 0
305 108 0
217 109 0
305 109 0
306 109 0
212 110 0
217 110 0
305 110 0
217 111 0
305 111 0
217 112 0
305 112 0
212 113 0
217 113 0
304 113 0
305 113 0
5 114 0
217 114 0
304 114 0
305 114 0
217 115 0
304 115 0
217 116 0
217 117 0
217 118 0
217 119 0
303 119 0
304 119 0
217 120 0
303 120 0
303 121 0
220 122 0
221 122 0
222 122 0
223 122 0
303 122 0
303 123 0
10 124 0
239 124 0
240 124 0
302 124 0
245 125 0
247 125 0
302 125 0
229 126 0
253 126 0
254 126 0
257 126 0
302 126 0
235 127 0
262 127 0
264 127 0
302 127 0
245 128 0
268 128 0
269 128 0
270 128 0
271 128 0
272 128 0
302 128 0
280 129 0
281 129 0
260 130 0
262 130 0
279 130 0
289 130 0
290 130 0
292 130 0
301 130 0
268 131 0
298 131 0
299 131 0
301 131 0
91 134 0
92 134 0
94 134 0
292 134 0
293 134 0
92 135 0
94 135 0
300 135 0
301 135 0
90 136 0
94 136 0
95 136 0
90 137 0
91 137 0
94 137 0
95 137 0
90 138 0
91 138 0
97 139 0
92 140 0
97 140 0
96 141 0
283 165 0
277 166 0
281 167 0
280 168 0
279 169 0
278 170 0
267 172 0
244 173 0
246 176 0
264 176 0
245 177 0
246 177 0
233 178 0
245 178 0
246 178 0
275 178 0
257 179 0
262 179 0
263 179 0
272 179 0
230 180 0
257 180 0
271 180 0
272 180 0
229 181 0
261 181 0
262 181 0
271 181 0
272 181 0
228 182 0
261 182 0
271 182 0
272 182 0
260 183 0
261 184 0
262 184 0
246 185 0
216 186 0
217 186 0
245 187 0
261 187 0
114 188 0
244 188 0
114 189 0
116 191 0
119 191 0
204 194 0
205 194 0
255 194 0
256 194 0
198 195 0
204 195 0
199 196 0
204 196 0
339 196 0
202 197 0
201 198 0
256 200 0
199 202 0
255 202 0
254 203 0
252 205 0
188 206 0
251 207 0
250 208 0
251 208 0
253 208 0
213 209 0
249 209 0
252 209 0
248 210 0
251 210 0
247 211 0
248 211 0
246 213 0
249 213 0
212 214 0
257 216 0
246 217 0
258 217 0
245 218 0
175 219 0
244 219 0
198 220 0
162 222 0
163 222 0
252 223 0
253 223 0
254 223 0
251 224 0
253 224 0
155 226 0
154 227 0
155 227 0
154 228 0
246 229 0
248 229 0
147 231 0
147 232 0
148 232 0
222 232 0
146 233 0
168 240 0
168 241 0
174 241 0
167 242 0
173 242 0
171 245 0
240 245 0
164 246 0
123 248 0
169 248 0
202 248 0
162 249 0
168 249 0
161 250 0
160 251 0
166 251 0
200 252 0
134 254 0
158 254 0
164 254 0
176 254 0
133 255 0
178 255 0
178 256 0
115 257 0
162 257 0
176 257 0
295 181 1
302 181 1
295 182 1
302 182 1
303 182 1
305 182 1
303 183 1
304 183 1
310 184 1
315 185 1
312 186 1
313 187 1
314 187 1
314 188 1
315 189 1
316 190 1
318 190 1
316 191 1
317 191 1
319 191 1
316 192 1
317 192 1
316 193 1
317 193 1
320 193 1
317 194 1
318 194 1
319 194 1
318 195 1
319 195 1
320 195 1
268 196 1
319 196 1
320 196 1
268 197 1
319 197 1
320 197 1
293 198 1
294 198 1
319 198 1
320 198 1
265 199 1
294 199 1
320 199 1
321 199 1
268 200 1
269 200 1
271 200 1
297 200 1
300 200 1
321 200 1
268 201 1
269 201 1
271 201 1
297 201 1
301 201 1
322 201 1
265 202 1
266 202 1
270 202 1
271 202 1
273 202 1
274 202 1
322 202 1
323 202 1
266 203 1
270 203 1
271 203 1
272 203 1
274 203 1
322 203 1
323 203 1
324 203 1
270 204 1
271 204 1
272 204 1
322 204 1
323 204 1
325 204 1
271 205 1
272 205 1
323 205 1
324 205 1
272 206 1
324 206 1
325 206 1
271 207 1
272 207 1
273 207 1
274 207 1
325 207 1
326 207 1
270 208 1
271 208 1
274 208 1
325 208 1
326 208 1
267 209 1
272 209 1
273 209 1
274 209 1
325 209 1
326 209 1
327 209 1
268 210 1
274 210 1
326 210 1
327 210 1
268 211 1
273 211 1
274 211 1
280 211 1
326 211 1
327 211 1
328 211 1
335 211 1
268 212 1
269 212 1
327 212 1
328 212 1
269 213 1
270 213 1
275 213 1
327 213 1
328 213 1
329 213 1
269 214 1
270 214 1
279 214 1
280 214 1
328 214 1
332 214 1
269 215 1
270 215 1
277 215 1
327 215 1
328 215 1
269 216 1
270 216 1
278 216 1
327 216 1
328 216 1
270 217 1
325 217 1
327 217 1
271 218 1
281 218 1
298 218 1
299 218 1
301 218 1
324 218 1
325 218 1
299 219 1
315 219 1
315 220 1
308 221 1
315 221 1
324 221 1
285 222 1
294 222 1
312 222 1
315 222 1
316 222 1
323 222 1
324 222 1
326 222 1
279 223 1
293 223 1
294 223 1
313 223 1
314 223 1
324 223 1
325 223 1
293 224 1
294 224 1
312 224 1
324 224 1
288 225 1
293 225 1
294 225 1
312 225 1
278 226 1
289 226 1
294 226 1
