162 2 0
170 2 0
161 3 0
162 3 0
170 5 0
162 6 0
170 6 0
162 7 0
170 7 0
162 8 0
170 8 0
170 9 0
170 10 0
162 11 0
170 11 0
162 12 0
170 12 0
162 13 0
170 13 0
170 14 0
170 15 0
170 16 0
162 17 0
170 17 0
162 18 0
170 18 0
170 19 0
70 20 0
162 20 0
170 20 0
265 20 0
266 20 0
162 21 0
170 21 0
216 21 0
221 21 0
162 22 0
163 22 0
170 22 0
273 22 0
157 23 0
162 23 0
163 23 0
170 23 0
72 24 0
147 24 0
162 24 0
163 24 0
169 24 0
170 24 0
202 24 0
39 25 0
58 25 0
65 25 0
72 25 0
128 25 0
163 25 0
167 25 0
168 25 0
199 25 0
200 25 0
37 26 0
109 26 0
198 26 0
199 26 0
25 27 0
137 27 0
156 27 0
198 27 0
197 28 0
198 28 0
127 29 0
197 29 0
101 30 0
197 30 0
197 31 0
204 31 0
197 32 0
204 32 0
212 32 0
71 33 0
72 33 0
203 33 0
240 33 0
70 34 0
137 34 0
140 34 0
165 34 0
203 34 0
197 35 0
198 35 0
203 35 0
204 35 0
197 36 0
203 36 0
204 36 0
203 37 0
204 37 0
60 38 0
203 38 0
204 38 0
140 39 0
141 39 0
203 39 0
204 39 0
304 39 0
136 40 0
198 40 0
203 40 0
204 40 0
203 41 0
204 41 0
203 42 0
103 43 0
133 43 0
203 43 0
303 43 0
38 44 0
48 44 0
103 44 0
203 44 0
204 44 0
303 44 0
203 45 0
204 45 0
303 45 0
104 46 0
131 46 0
203 46 0
204 46 0
303 46 0
105 47 0
204 47 0
303 47 0
105 48 0
203 48 0
204 48 0
105 49 0
203 49 0
204 49 0
302 49 0
105 50 0
203 50 0
204 50 0
302 50 0
105 51 0
203 51 0
204 51 0
302 51 0
105 52 0
204 52 0
302 52 0
204 53 0
205 53 0
302 53 0
106 54 0
204 54 0
302 54 0
106 55 0
204 55 0
302 55 0
204 56 0
301 56 0
204 57 0
301 57 0
204 58 0
301 58 0
204 59 0
301 59 0
107 60 0
204 60 0
301 60 0
204 61 0
301 61 0
108 62 0
204 62 0
205 62 0
300 62 0
108 63 0
204 63 0
205 63 0
300 63 0
108 64 0
204 64 0
205 64 0
300 64 0
108 65 0
204 65 0
205 65 0
300 65 0
108 66 0
204 66 0
300 66 0
204 67 0
300 67 0
204 68 0
299 68 0
300 68 0
109 69 0
204 69 0
205 69 0
299 69 0
300 69 0
204 70 0
205 70 0
299 70 0
110 71 0
204 71 0
205 71 0
299 71 0
204 72 0
205 72 0
299 72 0
205 73 0
299 73 0
205 74 0
298 74 0
299 74 0
204 75 0
205 75 0
298 75 0
205 76 0
298 76 0
111 77 0
205 77 0
298 77 0
111 78 0
205 78 0
298 78 0
111 79 0
205 79 0
298 79 0
205 80 0
297 80 0
298 80 0
205 81 0
206 81 0
297 81 0
205 82 0
297 82 0
113 83 0
205 83 0
297 83 0
200 84 0
205 84 0
297 84 0
205 85 0
297 85 0
205 86 0
205 87 0
296 87 0
205 88 0
206 88 0
296 88 0
114 89 0
205 89 0
206 89 0
296 89 0
114 90 0
205 90 0
206 90 0
296 90 0
205 91 0
206 91 0
295 91 0
296 91 0
205 92 0
295 92 0
205 93 0
206 93 0
295 93 0
205 94 0
206 94 0
295 94 0
205 95 0
206 95 0
295 95 0
205 96 0
206 96 0
295 96 0
206 97 0
294 97 0
295 97 0
206 98 0
207 98 0
294 98 0
206 99 0
294 99 0
206 100 0
294 100 0
206 101 0
294 101 0
206 102 0
207 102 0
294 102 0
206 103 0
293 103 0
294 103 0
206 104 0
293 104 0
206 105 0
207 105 0
293 105 0
206 106 0
207 106 0
293 106 0
206 107 0
207 107 0
293 107 0
206 108 0
207 108 0
292 108 0
293 108 0
206 109 0
292 109 0
293 109 0
206 110 0
292 110 0
206 111 0
207 111 0
292 111 0
206 112 0
292 112 0
299 112 0
206 113 0
207 113 0
292 113 0
299 113 0
206 114 0
207 114 0
291 114 0
202 115 0
207 115 0
291 115 0
292 115 0
291 116 0
291 117 0
291 118 0
290 119 0
291 119 0
290 120 0
291 120 0
298 120 0
290 121 0
290 122 0
290 123 0
290 124 0
297 124 0
289 125 0
90 127 0
79 128 0
80 128 0
82 128 0
79 129 0
82 129 0
78 130 0
82 130 0
78 131 0
82 131 0
83 131 0
78 132 0
82 132 0
79 134 0
80 134 0
85 134 0
80 135 0
84 135 0
85 135 0
84 136 0
252 149 0
263 157 0
233 158 0
233 159 0
271 159 0
269 161 0
228 167 0
232 168 0
250 168 0
253 168 0
232 169 0
265 169 0
233 170 0
252 170 0
264 170 0
273 170 0
222 171 0
233 171 0
242 171 0
251 171 0
263 171 0
221 172 0
233 172 0
234 172 0
243 172 0
233 173 0
234 173 0
244 174 0
259 174 0
258 175 0
234 176 0
257 176 0
256 177 0
257 177 0
302 182 0
100 183 0
101 183 0
102 183 0
103 183 0
100 184 0
265 184 0
102 186 0
105 186 0
339 186 0
186 188 0
188 188 0
192 188 0
192 189 0
190 190 0
191 190 0
189 191 0
190 191 0
186 192 0
189 192 0
188 193 0
174 201 0
175 201 0
176 201 0
187 201 0
183 202 0
187 202 0
320 202 0
186 203 0
183 204 0
186 204 0
175 206 0
177 206 0
175 207 0
174 211 0
161 213 0
180 213 0
183 213 0
161 214 0
184 214 0
147 217 0
191 217 0
191 218 0
141 220 0
142 221 0
170 226 0
189 226 0
185 228 0
143 229 0
324 229 0
149 230 0
148 231 0
137 234 0
154 234 0
159 234 0
153 235 0
154 235 0
159 235 0
175 235 0
232 235 0
321 235 0
152 236 0
159 236 0
152 237 0
158 237 0
157 238 0
156 239 0
150 240 0
149 241 0
154 242 0
147 243 0
153 243 0
152 244 0
153 244 0
162 244 0
304 244 0
163 245 0
145 246 0
151 246 0
185 246 0
250 246 0
336 246 0
144 247 0
149 248 0
161 248 0
118 249 0
149 249 0
160 249 0
163 249 0
164 249 0
337 249 0
121 250 0
142 250 0
148 250 0
162 250 0
121 251 0
147 251 0
298 251 0
120 252 0
207 177 1
208 177 1
217 177 1
218 177 1
206 178 1
207 178 1
208 178 1
209 178 1
217 178 1
218 178 1
204 179 1
205 179 1
206 179 1
207 179 1
209 179 1
218 179 1
220 179 1
204 180 1
205 180 1
206 180 1
207 180 1
208 180 1
218 180 1
219 180 1
204 181 1
205 181 1
206 181 1
207 181 1
229 181 1
230 181 1
251 181 1
204 182 1
205 182 1
206 182 1
207 182 1
251 182 1
252 182 1
205 183 1
206 183 1
251 183 1
252 183 1
253 183 1
254 183 1
255 183 1
204 184 1
205 184 1
206 184 1
253 184 1
254 184 1
255 184 1
256 184 1
204 185 1
205 185 1
206 185 1
207 185 1
208 185 1
254 185 1
255 185 1
256 185 1
257 185 1
203 186 1
204 186 1
205 186 1
206 186 1
207 186 1
212 186 1
255 186 1
256 186 1
257 186 1
258 186 1
203 187 1
204 187 1
205 187 1
206 187 1
207 187 1
256 187 1
259 187 1
202 188 1
203 188 1
204 188 1
206 188 1
207 188 1
256 188 1
257 188 1
258 188 1
259 188 1
202 189 1
205 189 1
206 189 1
256 189 1
257 189 1
258 189 1
202 190 1
203 190 1
205 190 1
208 190 1
257 190 1
258 190 1
259 190 1
201 191 1
206 191 1
207 191 1
212 191 1
257 191 1
258 191 1
259 191 1
202 192 1
207 192 1
257 192 1
258 192 1
259 192 1
260 192 1
202 193 1
206 193 1
207 193 1
258 193 1
259 193 1
260 193 1
205 194 1
258 194 1
259 194 1
260 194 1
262 194 1
203 195 1
204 195 1
205 195 1
229 195 1
258 195 1
259 195 1
260 195 1
262 195 1
207 196 1
233 196 1
234 196 1
238 196 1
239 196 1
245 196 1
259 196 1
260 196 1
263 196 1
207 197 1
208 197 1
209 197 1
233 197 1
234 197 1
238 197 1
239 197 1
259 197 1
260 197 1
263 197 1
204 198 1
208 198 1
209 198 1
210 198 1
213 198 1
234 198 1
235 198 1
236 198 1
238 198 1
239 198 1
240 198 1
242 198 1
259 198 1
260 198 1
262 198 1
263 198 1
200 199 1
201 199 1
204 199 1
205 199 1
208 199 1
209 199 1
210 199 1
212 199 1
213 199 1
235 199 1
236 199 1
238 199 1
239 199 1
240 199 1
260 199 1
261 199 1
262 199 1
263 199 1
201 200 1
204 200 1
205 200 1
208 200 1
209 200 1
211 200 1
212 200 1
260 200 1
261 200 1
262 200 1
263 200 1
206 201 1
207 201 1
208 201 1
261 201 1
262 201 1
263 201 1
207 202 1
209 202 1
210 202 1
261 202 1
263 202 1
264 202 1
208 203 1
209 203 1
210 203 1
212 203 1
213 203 1
236 203 1
261 203 1
262 203 1
263 203 1
207 204 1
208 204 1
209 204 1
216 204 1
261 204 1
262 204 1
263 204 1
264 204 1
265 204 1
207 205 1
208 205 1
209 205 1
210 205 1
262 205 1
264 205 1
206 206 1
207 206 1
209 206 1
210 206 1
262 206 1
263 206 1
206 207 1
208 207 1
209 207 1
210 207 1
216 207 1
263 207 1
206 208 1
207 208 1
208 208 1
210 208 1
211 208 1
263 208 1
264 208 1
265 208 1
266 208 1
206 209 1
207 209 1
210 209 1
211 209 1
263 209 1
264 209 1
266 209 1
206 210 1
207 210 1
210 210 1
211 210 1
263 210 1
264 210 1
265 210 1
267 210 1
206 211 1
207 211 1
210 211 1
211 211 1
213 211 1
264 211 1
265 211 1
266 211 1
206 212 1
207 212 1
211 212 1
212 212 1
213 212 1
264 212 1
265 212 1
266 212 1
206 213 1
207 213 1
208 213 1
212 213 1
213 213 1
264 213 1
265 213 1
206 214 1
207 214 1
208 214 1
214 214 1
215 214 1
216 214 1
263 214 1
264 214 1
266 214 1
207 215 1
208 215 1
209 215 1
263 215 1
265 215 1
266 215 1
208 216 1
209 216 1
237 216 1
243 216 1
209 217 1
235 217 1
219 218 1
245 218 1
251 218 1
265 218 1
212 219 1
213 219 1
214 219 1
216 219 1
219 219 1
227 219 1
245 219 1
249 219 1
250 219 1
212 220 1
213 220 1
216 220 1
227 220 1
228 220 1
248 220 1
249 220 1
252 220 1
258 220 1
259 220 1
211 221 1
212 221 1
213 221 1
217 221 1
227 221 1
228 221 1
247 221 1
248 221 1
251 221 1
252 221 1
258 221 1
259 221 1
260 221 1
270 221 1
212 222 1
213 222 1
216 222 1
222 222 1
228 222 1
229 222 1
247 222 1
248 222 1
260 222 1
212 223 1
213 223 1
229 223 1
209 224 1
