164 1 0
164 2 0
156 3 0
164 3 0
156 4 0
164 4 0
66 5 0
156 5 0
164 5 0
156 6 0
164 6 0
156 7 0
164 8 0
156 9 0
164 9 0
64 10 0
164 10 0
156 11 0
262 11 0
164 12 0
156 13 0
164 13 0
156 14 0
164 14 0
156 15 0
164 15 0
156 16 0
164 16 0
156 17 0
164 17 0
156 18 0
164 18 0
156 19 0
164 19 0
64 20 0
156 20 0
164 20 0
156 21 0
157 21 0
164 21 0
156 22 0
157 22 0
164 22 0
262 22 0
263 22 0
164 23 0
198 23 0
199 23 0
200 23 0
201 23 0
300 23 0
157 24 0
205 24 0
206 24 0
207 24 0
209 24 0
210 24 0
211 24 0
212 24 0
213 24 0
214 24 0
215 24 0
216 24 0
217 24 0
218 24 0
221 24 0
224 24 0
228 24 0
193 25 0
222 25 0
223 25 0
224 25 0
226 25 0
227 25 0
228 25 0
237 25 0
238 25 0
239 25 0
240 25 0
241 25 0
242 25 0
243 25 0
244 25 0
245 25 0
246 25 0
247 25 0
255 25 0
256 25 0
272 25 0
285 25 0
286 25 0
192 26 0
193 26 0
191 27 0
192 27 0
191 28 0
74 29 0
75 29 0
191 29 0
191 30 0
198 31 0
204 31 0
205 31 0
206 31 0
207 31 0
318 31 0
198 32 0
219 32 0
221 32 0
233 33 0
140 34 0
266 34 0
192 35 0
285 35 0
294 35 0
197 36 0
198 36 0
197 37 0
197 38 0
198 38 0
197 39 0
198 39 0
297 39 0
197 40 0
198 40 0
297 40 0
192 41 0
197 41 0
198 41 0
297 41 0
197 42 0
198 42 0
297 42 0
197 43 0
296 43 0
197 44 0
198 44 0
297 44 0
99 45 0
197 45 0
198 45 0
296 45 0
99 46 0
197 46 0
198 46 0
296 46 0
99 47 0
197 47 0
198 47 0
296 47 0
99 48 0
197 48 0
198 48 0
296 48 0
99 49 0
197 49 0
198 49 0
296 49 0
99 50 0
100 50 0
192 50 0
197 50 0
198 50 0
295 50 0
100 51 0
198 51 0
295 51 0
296 51 0
100 52 0
198 52 0
295 52 0
100 53 0
101 53 0
198 53 0
295 53 0
101 54 0
198 54 0
295 54 0
198 55 0
198 56 0
294 56 0
295 56 0
198 57 0
199 57 0
294 57 0
198 58 0
294 58 0
198 59 0
294 59 0
102 60 0
198 60 0
294 60 0
102 61 0
198 61 0
294 61 0
198 62 0
198 63 0
294 63 0
103 64 0
198 64 0
293 64 0
294 64 0
103 65 0
198 65 0
293 65 0
294 65 0
198 66 0
199 66 0
293 66 0
198 67 0
199 67 0
293 67 0
104 68 0
199 68 0
293 68 0
104 69 0
199 69 0
292 69 0
293 69 0
198 70 0
199 70 0
104 71 0
193 71 0
199 71 0
292 71 0
104 72 0
199 72 0
292 72 0
198 73 0
199 73 0
292 73 0
199 74 0
292 74 0
106 75 0
199 75 0
292 75 0
106 76 0
199 76 0
291 76 0
292 76 0
106 77 0
199 77 0
291 77 0
292 77 0
199 78 0
200 78 0
291 78 0
106 79 0
199 79 0
291 79 0
199 80 0
291 80 0
199 81 0
291 81 0
107 82 0
199 82 0
199 83 0
290 83 0
199 84 0
290 84 0
199 85 0
290 85 0
199 86 0
290 86 0
199 87 0
290 87 0
199 88 0
290 88 0
199 89 0
200 89 0
289 89 0
109 90 0
289 90 0
109 91 0
199 91 0
200 91 0
289 91 0
109 92 0
200 92 0
289 92 0
199 93 0
200 93 0
289 93 0
110 94 0
200 94 0
288 94 0
289 94 0
200 95 0
288 95 0
200 96 0
288 96 0
200 97 0
288 97 0
200 98 0
288 98 0
200 99 0
288 99 0
200 100 0
287 100 0
288 100 0
200 101 0
287 101 0
200 102 0
287 102 0
200 103 0
287 103 0
200 104 0
287 104 0
200 105 0
287 105 0
200 106 0
287 106 0
200 107 0
201 107 0
286 107 0
287 107 0
200 108 0
201 108 0
286 108 0
200 109 0
286 109 0
200 110 0
201 110 0
286 110 0
200 111 0
201 111 0
285 111 0
200 112 0
201 112 0
285 112 0
200 113 0
201 113 0
285 113 0
196 114 0
201 114 0
285 114 0
201 115 0
202 115 0
203 115 0
285 115 0
203 116 0
204 116 0
207 116 0
208 116 0
209 117 0
215 117 0
216 117 0
218 117 0
284 117 0
216 118 0
219 118 0
222 118 0
223 118 0
284 118 0
225 119 0
227 119 0
228 119 0
231 119 0
284 119 0
233 120 0
239 120 0
284 120 0
247 121 0
284 121 0
254 122 0
255 122 0
256 122 0
262 123 0
263 123 0
264 123 0
265 123 0
283 123 0
284 123 0
270 124 0
271 124 0
273 124 0
283 124 0
275 125 0
276 125 0
277 125 0
283 125 0
279 126 0
75 127 0
76 127 0
75 128 0
71 129 0
72 129 0
75 129 0
71 130 0
76 130 0
71 131 0
72 131 0
76 131 0
71 132 0
72 132 0
78 132 0
72 133 0
73 133 0
78 133 0
73 134 0
74 134 0
78 134 0
74 135 0
75 135 0
77 135 0
263 156 0
249 157 0
262 159 0
254 161 0
259 166 0
224 167 0
225 168 0
225 169 0
226 169 0
245 169 0
257 169 0
296 169 0
226 170 0
227 170 0
226 171 0
236 171 0
226 172 0
236 172 0
226 173 0
234 173 0
243 174 0
251 174 0
252 174 0
237 175 0
238 175 0
243 175 0
251 175 0
262 175 0
227 176 0
250 176 0
227 177 0
243 177 0
249 177 0
244 178 0
239 179 0
240 179 0
240 180 0
240 181 0
240 182 0
241 182 0
93 183 0
240 184 0
98 185 0
240 185 0
241 186 0
242 186 0
243 186 0
242 187 0
243 187 0
242 188 0
241 189 0
253 189 0
241 190 0
240 191 0
250 193 0
249 194 0
243 200 0
241 205 0
149 212 0
152 212 0
150 213 0
151 213 0
133 221 0
125 226 0
161 229 0
313 229 0
117 231 0
132 233 0
108 237 0
143 237 0
138 243 0
137 245 0
294 246 0
135 247 0
140 248 0
152 249 0
133 250 0
90 252 0
111 252 0
91 254 0
88 257 0
245 257 0
176 178 1
177 178 1
179 178 1
186 178 1
187 178 1
175 179 1
176 179 1
177 179 1
178 179 1
187 179 1
188 179 1
174 180 1
175 180 1
176 180 1
177 180 1
187 180 1
188 180 1
173 181 1
174 181 1
176 181 1
177 181 1
180 181 1
186 181 1
187 181 1
188 181 1
189 181 1
190 181 1
191 181 1
195 181 1
215 181 1
216 181 1
217 181 1
218 181 1
173 182 1
174 182 1
175 182 1
176 182 1
177 182 1
178 182 1
179 182 1
191 182 1
194 182 1
195 182 1
199 182 1
200 182 1
201 182 1
202 182 1
216 182 1
217 182 1
218 182 1
228 182 1
173 183 1
174 183 1
175 183 1
176 183 1
177 183 1
178 183 1
203 183 1
216 183 1
217 183 1
218 183 1
221 183 1
173 184 1
174 184 1
175 184 1
176 184 1
177 184 1
178 184 1
217 184 1
218 184 1
219 184 1
220 184 1
221 184 1
222 184 1
173 185 1
174 185 1
175 185 1
176 185 1
177 185 1
178 185 1
221 185 1
222 185 1
223 185 1
224 185 1
225 185 1
172 186 1
173 186 1
174 186 1
175 186 1
176 186 1
177 186 1
178 186 1
179 186 1
223 186 1
224 186 1
230 186 1
171 187 1
172 187 1
174 187 1
175 187 1
178 187 1
179 187 1
224 187 1
225 187 1
171 188 1
172 188 1
174 188 1
175 188 1
179 188 1
225 188 1
226 188 1
227 188 1
171 189 1
172 189 1
174 189 1
175 189 1
178 189 1
179 189 1
225 189 1
226 189 1
227 189 1
228 189 1
233 189 1
170 190 1
171 190 1
174 190 1
175 190 1
179 190 1
226 190 1
227 190 1
171 191 1
172 191 1
174 191 1
175 191 1
176 191 1
179 191 1
180 191 1
226 191 1
227 191 1
228 191 1
229 191 1
239 191 1
171 192 1
172 192 1
175 192 1
176 192 1
179 192 1
180 192 1
181 192 1
226 192 1
227 192 1
228 192 1
171 193 1
172 193 1
174 193 1
175 193 1
176 193 1
180 193 1
181 193 1
182 193 1
226 193 1
227 193 1
228 193 1
171 194 1
172 194 1
174 194 1
175 194 1
180 194 1
181 194 1
226 194 1
227 194 1
228 194 1
171 195 1
172 195 1
173 195 1
175 195 1
177 195 1
180 195 1
227 195 1
228 195 1
229 195 1
171 196 1
172 196 1
173 196 1
175 196 1
176 196 1
180 196 1
227 196 1
228 196 1
229 196 1
230 196 1
231 196 1
172 197 1
173 197 1
174 197 1
175 197 1
176 197 1
177 197 1
179 197 1
180 197 1
201 197 1
202 197 1
207 197 1
208 197 1
227 197 1
228 197 1
229 197 1
230 197 1
174 198 1
175 198 1
176 198 1
177 198 1
178 198 1
179 198 1
180 198 1
181 198 1
201 198 1
202 198 1
207 198 1
208 198 1
228 198 1
229 198 1
231 198 1
239 198 1
171 199 1
175 199 1
176 199 1
177 199 1
178 199 1
180 199 1
182 199 1
183 199 1
201 199 1
202 199 1
203 199 1
206 199 1
207 199 1
208 199 1
228 199 1
229 199 1
231 199 1
172 200 1
175 200 1
176 200 1
177 200 1
178 200 1
180 200 1
181 200 1
182 200 1
202 200 1
203 200 1
204 200 1
206 200 1
207 200 1
208 200 1
228 200 1
229 200 1
175 201 1
176 201 1
178 201 1
180 201 1
181 201 1
203 201 1
204 201 1
228 201 1
229 201 1
230 201 1
172 202 1
174 202 1
175 202 1
176 202 1
177 202 1
180 202 1
229 202 1
230 202 1
236 202 1
171 203 1
172 203 1
175 203 1
176 203 1
177 203 1
181 203 1
219 203 1
229 203 1
230 203 1
172 204 1
175 204 1
176 204 1
177 204 1
178 204 1
179 204 1
181 204 1
203 204 1
229 204 1
230 204 1
231 204 1
172 205 1
174 205 1
176 205 1
181 205 1
229 205 1
230 205 1
174 206 1
176 206 1
181 206 1
230 206 1
231 206 1
173 207 1
175 207 1
176 207 1
181 207 1
182 207 1
230 207 1
231 207 1
232 207 1
172 208 1
173 208 1
175 208 1
176 208 1
181 208 1
182 208 1
230 208 1
231 208 1
232 208 1
173 209 1
174 209 1
176 209 1
177 209 1
180 209 1
230 209 1
231 209 1
232 209 1
173 210 1
174 210 1
176 210 1
179 210 1
230 210 1
231 210 1
232 210 1
173 211 1
175 211 1
176 211 1
178 211 1
179 211 1
182 211 1
230 211 1
231 211 1
232 211 1
233 211 1
239 211 1
173 212 1
174 212 1
178 212 1
179 212 1
180 212 1
231 212 1
232 212 1
173 213 1
174 213 1
177 213 1
178 213 1
179 213 1
180 213 1
182 213 1
231 213 1
232 213 1
173 214 1
174 214 1
178 214 1
179 214 1
180 214 1
182 214 1
206 214 1
222 214 1
231 214 1
232 214 1
233 214 1
174 215 1
175 215 1
179 215 1
180 215 1
181 215 1
182 215 1
231 215 1
232 215 1
174 216 1
175 216 1
182 216 1
189 216 1
190 216 1
195 216 1
200 216 1
231 216 1
232 216 1
233 216 1
178 217 1
210 217 1
217 217 1
227 217 1
230 217 1
231 217 1
232 217 1
192 218 1
201 218 1
202 218 1
231 218 1
180 219 1
181 219 1
185 219 1
192 219 1
193 219 1
201 219 1
202 219 1
224 219 1
225 219 1
180 220 1
183 220 1
193 220 1
194 220 1
215 220 1
216 220 1
225 220 1
226 220 1
227 220 1
178 221 1
180 221 1
182 221 1
183 221 1
193 221 1
194 221 1
215 221 1
216 221 1
218 221 1
225 221 1
226 221 1
227 221 1
180 222 1
181 222 1
193 222 1
194 222 1
214 222 1
215 222 1
218 222 1
225 222 1
226 222 1
179 223 1
181 223 1
182 223 1
194 223 1
195 223 1
214 223 1
215 223 1
216 223 1
217 223 1
226 223 1
227 223 1
213 224 1
214 224 1
215 224 1
180 225 1
180 226 1
208 228 1
