184 4 0
164 5 0
183 5 0
187 5 0
177 9 0
184 9 0
185 9 0
186 9 0
187 9 0
192 9 0
194 9 0
196 9 0
181 10 0
181 11 0
188 11 0
180 12 0
181 12 0
188 12 0
180 13 0
188 13 0
180 14 0
188 14 0
180 15 0
188 15 0
188 16 0
95 17 0
188 17 0
94 18 0
180 18 0
188 18 0
180 19 0
188 19 0
180 20 0
181 20 0
188 20 0
180 21 0
181 21 0
188 21 0
181 22 0
92 23 0
188 23 0
180 24 0
181 24 0
188 24 0
189 24 0
180 25 0
181 25 0
188 25 0
189 25 0
180 26 0
181 26 0
188 26 0
181 27 0
256 27 0
92 28 0
181 28 0
92 29 0
181 29 0
91 30 0
181 30 0
189 30 0
283 30 0
92 31 0
181 31 0
234 31 0
92 32 0
181 32 0
188 32 0
189 32 0
194 32 0
224 32 0
180 33 0
181 33 0
188 33 0
189 33 0
92 34 0
166 34 0
181 34 0
187 34 0
188 34 0
189 34 0
218 34 0
219 34 0
220 34 0
221 34 0
222 34 0
227 34 0
228 34 0
229 34 0
231 34 0
232 34 0
237 34 0
238 34 0
78 35 0
85 35 0
92 35 0
150 35 0
175 35 0
181 35 0
186 35 0
217 35 0
218 35 0
232 35 0
237 35 0
239 35 0
243 35 0
244 35 0
245 35 0
246 35 0
247 35 0
248 35 0
249 35 0
250 35 0
251 35 0
252 35 0
253 35 0
254 35 0
255 35 0
256 35 0
257 35 0
258 35 0
262 35 0
263 35 0
264 35 0
265 35 0
266 35 0
267 35 0
268 35 0
269 35 0
270 35 0
274 35 0
278 35 0
281 35 0
284 35 0
78 36 0
85 36 0
156 36 0
175 36 0
194 36 0
216 36 0
217 36 0
218 36 0
52 37 0
147 37 0
156 37 0
166 37 0
216 37 0
217 37 0
42 38 0
147 38 0
215 38 0
216 38 0
39 39 0
119 39 0
138 39 0
147 39 0
215 39 0
216 39 0
37 40 0
160 40 0
215 40 0
216 40 0
32 41 0
33 41 0
102 41 0
155 41 0
158 41 0
215 41 0
222 41 0
101 42 0
154 42 0
158 42 0
215 42 0
222 42 0
232 42 0
233 42 0
234 42 0
238 42 0
241 42 0
94 43 0
97 43 0
153 43 0
157 43 0
158 43 0
215 43 0
221 43 0
222 43 0
243 43 0
248 43 0
249 43 0
251 43 0
252 43 0
253 43 0
254 43 0
265 43 0
266 43 0
268 43 0
92 44 0
93 44 0
149 44 0
153 44 0
157 44 0
175 44 0
215 44 0
221 44 0
222 44 0
279 44 0
280 44 0
281 44 0
286 44 0
290 44 0
291 44 0
294 44 0
300 44 0
304 44 0
19 45 0
152 45 0
156 45 0
157 45 0
182 45 0
215 45 0
221 45 0
151 46 0
176 46 0
221 46 0
222 46 0
87 47 0
150 47 0
174 47 0
175 47 0
221 47 0
221 48 0
149 49 0
216 49 0
221 49 0
323 49 0
78 50 0
121 50 0
148 50 0
221 50 0
121 51 0
171 51 0
221 51 0
222 51 0
322 51 0
323 51 0
121 52 0
221 52 0
322 52 0
146 53 0
221 53 0
62 54 0
72 54 0
121 54 0
122 54 0
141 54 0
221 54 0
322 54 0
62 55 0
122 55 0
123 55 0
141 55 0
144 55 0
221 55 0
222 55 0
322 55 0
123 56 0
143 56 0
221 56 0
222 56 0
322 56 0
123 57 0
221 57 0
222 57 0
322 57 0
123 58 0
221 58 0
321 58 0
122 59 0
123 59 0
221 59 0
321 59 0
122 60 0
123 60 0
221 60 0
321 60 0
123 61 0
221 61 0
321 61 0
124 62 0
221 62 0
222 62 0
321 62 0
124 63 0
221 63 0
320 63 0
124 64 0
216 64 0
221 64 0
320 64 0
124 65 0
216 65 0
221 65 0
320 65 0
124 66 0
216 66 0
221 66 0
222 66 0
320 66 0
216 67 0
221 67 0
222 67 0
320 67 0
124 68 0
221 68 0
222 68 0
320 68 0
221 69 0
221 70 0
222 70 0
319 70 0
125 71 0
221 71 0
222 71 0
319 71 0
126 72 0
221 72 0
222 72 0
319 72 0
126 73 0
221 73 0
222 73 0
319 73 0
221 74 0
222 74 0
319 74 0
222 75 0
318 75 0
319 75 0
222 76 0
318 76 0
319 76 0
222 77 0
318 77 0
127 78 0
222 78 0
318 78 0
127 79 0
221 79 0
222 79 0
318 79 0
127 80 0
222 80 0
318 80 0
222 81 0
317 81 0
127 82 0
222 82 0
317 82 0
127 83 0
222 83 0
317 83 0
128 84 0
222 84 0
317 84 0
128 85 0
222 85 0
316 85 0
317 85 0
128 86 0
222 86 0
316 86 0
317 86 0
128 87 0
222 87 0
316 87 0
317 87 0
128 88 0
222 88 0
316 88 0
222 89 0
316 89 0
222 90 0
315 90 0
316 90 0
129 91 0
222 91 0
315 91 0
316 91 0
130 92 0
222 92 0
223 92 0
315 92 0
316 92 0
130 93 0
222 93 0
315 93 0
130 94 0
222 94 0
315 94 0
130 95 0
222 95 0
315 95 0
130 96 0
222 96 0
314 96 0
315 96 0
222 97 0
314 97 0
315 97 0
222 98 0
314 98 0
131 99 0
222 99 0
314 99 0
131 100 0
222 100 0
314 100 0
131 101 0
222 101 0
313 101 0
217 102 0
222 102 0
313 102 0
314 102 0
222 103 0
313 103 0
314 103 0
132 104 0
222 104 0
223 104 0
313 104 0
222 105 0
131 106 0
222 106 0
223 106 0
312 106 0
313 106 0
222 107 0
223 107 0
312 107 0
313 107 0
222 108 0
312 108 0
222 109 0
312 109 0
222 110 0
312 110 0
222 111 0
312 111 0
222 112 0
223 112 0
311 112 0
312 112 0
222 113 0
223 113 0
311 113 0
222 114 0
223 114 0
311 114 0
13 115 0
222 115 0
223 115 0
311 115 0
222 116 0
223 116 0
311 116 0
222 117 0
223 117 0
310 117 0
311 117 0
222 118 0
223 118 0
310 118 0
222 119 0
223 119 0
310 119 0
222 120 0
223 120 0
310 120 0
15 121 0
223 121 0
309 121 0
310 121 0
223 122 0
309 122 0
310 122 0
17 123 0
223 123 0
309 123 0
309 124 0
232 125 0
309 125 0
308 126 0
309 126 0
308 127 0
254 128 0
308 128 0
308 129 0
20 130 0
267 130 0
307 130 0
275 131 0
307 131 0
281 132 0
287 132 0
307 132 0
266 133 0
307 133 0
307 134 0
98 136 0
97 137 0
100 137 0
101 137 0
96 138 0
97 138 0
101 138 0
306 138 0
307 138 0
310 138 0
311 138 0
97 139 0
98 139 0
101 139 0
97 140 0
98 140 0
103 140 0
98 141 0
99 141 0
103 141 0
99 142 0
103 142 0
99 143 0
100 143 0
103 143 0
281 166 0
278 169 0
285 172 0
252 179 0
251 180 0
252 180 0
282 180 0
251 181 0
281 181 0
278 182 0
236 183 0
278 183 0
235 184 0
236 184 0
277 184 0
234 185 0
276 185 0
277 185 0
233 186 0
275 186 0
275 187 0
274 188 0
340 188 0
233 189 0
234 189 0
273 189 0
121 190 0
123 190 0
227 191 0
250 191 0
266 191 0
122 192 0
343 192 0
122 193 0
125 193 0
224 194 0
208 196 0
212 196 0
263 196 0
211 197 0
269 197 0
204 198 0
206 198 0
210 198 0
211 198 0
268 198 0
269 198 0
205 199 0
206 199 0
207 199 0
209 199 0
268 199 0
208 200 0
267 200 0
237 201 0
266 201 0
265 202 0
266 202 0
262 203 0
264 204 0
261 205 0
262 207 0
207 208 0
261 208 0
196 209 0
217 209 0
271 209 0
283 209 0
196 210 0
260 210 0
206 211 0
256 211 0
259 211 0
255 212 0
195 213 0
257 213 0
195 214 0
257 214 0
253 215 0
252 216 0
255 216 0
251 217 0
255 217 0
245 218 0
252 220 0
181 221 0
182 221 0
205 222 0
251 222 0
249 224 0
167 225 0
208 225 0
258 226 0
260 227 0
273 227 0
255 232 0
155 233 0
153 234 0
155 234 0
154 235 0
190 235 0
190 236 0
206 236 0
247 236 0
147 238 0
238 238 0
146 240 0
180 242 0
180 243 0
139 244 0
180 244 0
173 245 0
179 245 0
178 246 0
177 247 0
178 247 0
161 249 0
160 250 0
175 250 0
160 251 0
174 252 0
167 253 0
167 254 0
208 254 0
166 255 0
172 255 0
279 255 0
164 257 0
184 257 0
185 257 0
299 182 1
302 182 1
293 183 1
294 183 1
302 183 1
303 183 1
322 183 1
331 183 1
291 184 1
293 184 1
294 184 1
321 184 1
323 184 1
330 184 1
331 184 1
333 184 1
291 185 1
295 185 1
303 185 1
331 185 1
337 185 1
338 185 1
289 186 1
290 186 1
293 186 1
294 186 1
340 186 1
290 187 1
292 187 1
294 187 1
296 187 1
340 187 1
289 188 1
290 188 1
294 188 1
341 188 1
342 188 1
289 189 1
291 189 1
293 189 1
294 189 1
289 190 1
293 190 1
289 191 1
290 191 1
296 191 1
288 192 1
289 192 1
290 192 1
295 192 1
289 193 1
290 193 1
289 194 1
290 194 1
289 195 1
302 195 1
289 196 1
297 196 1
289 197 1
290 197 1
297 197 1
290 198 1
291 198 1
292 198 1
291 199 1
292 199 1
325 199 1
291 200 1
292 200 1
324 200 1
325 200 1
330 200 1
291 201 1
292 201 1
296 201 1
324 201 1
325 201 1
329 201 1
330 201 1
292 202 1
299 202 1
300 202 1
325 202 1
327 202 1
331 202 1
295 203 1
300 203 1
302 203 1
328 203 1
301 204 1
302 204 1
292 205 1
293 205 1
296 205 1
297 205 1
301 205 1
302 205 1
304 205 1
305 205 1
291 206 1
292 206 1
302 206 1
301 207 1
302 207 1
329 207 1
302 208 1
303 208 1
301 209 1
304 209 1
301 210 1
304 210 1
300 211 1
304 211 1
299 212 1
304 212 1
298 213 1
299 213 1
305 213 1
298 214 1
299 214 1
300 214 1
299 215 1
300 216 1
309 216 1
310 216 1
312 216 1
300 217 1
300 218 1
309 218 1
301 219 1
301 220 1
302 220 1
301 221 1
302 221 1
324 221 1
333 221 1
302 222 1
331 222 1
332 222 1
303 223 1
316 224 1
305 225 1
314 225 1
325 225 1
308 226 1
325 226 1
326 226 1
308 227 1
313 227 1
326 227 1
308 228 1
322 228 1
326 228 1
327 228 1
309 229 1
319 229 1
309 231 1
