167 2 0
168 2 0
167 5 0
175 5 0
167 6 0
175 6 0
167 7 0
175 7 0
167 9 0
175 9 0
79 10 0
167 10 0
175 10 0
175 11 0
175 14 0
176 15 0
176 18 0
176 19 0
176 20 0
168 21 0
176 21 0
215 21 0
168 22 0
176 22 0
272 22 0
176 23 0
222 23 0
232 23 0
168 24 0
176 24 0
181 24 0
182 24 0
221 24 0
231 24 0
168 25 0
176 25 0
164 26 0
168 26 0
175 26 0
176 26 0
191 26 0
207 26 0
208 26 0
153 27 0
168 27 0
173 27 0
174 27 0
175 27 0
176 27 0
181 27 0
205 27 0
206 27 0
207 27 0
208 27 0
213 27 0
214 27 0
215 27 0
216 27 0
217 27 0
218 27 0
219 27 0
220 27 0
221 27 0
222 27 0
223 27 0
224 27 0
225 27 0
226 27 0
228 27 0
229 27 0
231 27 0
232 27 0
234 27 0
235 27 0
236 27 0
237 27 0
238 27 0
239 27 0
240 27 0
241 27 0
242 27 0
243 27 0
244 27 0
246 27 0
249 27 0
252 27 0
254 27 0
255 27 0
256 27 0
257 27 0
258 27 0
259 27 0
261 27 0
262 27 0
263 27 0
265 27 0
268 27 0
71 28 0
78 28 0
134 28 0
172 28 0
173 28 0
204 28 0
205 28 0
238 28 0
253 28 0
254 28 0
50 29 0
57 29 0
64 29 0
78 29 0
162 29 0
204 29 0
205 29 0
143 30 0
203 30 0
204 30 0
27 31 0
145 31 0
203 31 0
145 32 0
203 32 0
203 33 0
209 33 0
210 33 0
146 34 0
203 34 0
209 34 0
215 34 0
150 35 0
209 35 0
223 35 0
224 35 0
225 35 0
226 35 0
227 35 0
228 35 0
230 35 0
231 35 0
232 35 0
233 35 0
242 35 0
79 36 0
145 36 0
149 36 0
209 36 0
249 36 0
250 36 0
251 36 0
252 36 0
262 36 0
264 36 0
267 36 0
268 36 0
269 36 0
270 36 0
271 36 0
277 36 0
280 36 0
144 37 0
148 37 0
168 37 0
169 37 0
209 37 0
3 38 0
143 38 0
147 38 0
165 38 0
166 38 0
203 38 0
209 38 0
142 39 0
162 39 0
172 39 0
173 39 0
209 39 0
79 40 0
209 40 0
203 41 0
209 41 0
203 42 0
209 42 0
209 43 0
109 44 0
209 44 0
309 44 0
109 45 0
138 45 0
209 45 0
109 46 0
137 46 0
141 46 0
209 46 0
309 46 0
56 47 0
209 47 0
309 47 0
135 48 0
209 48 0
309 48 0
209 49 0
309 49 0
110 50 0
209 50 0
209 51 0
308 51 0
110 52 0
111 52 0
209 52 0
209 53 0
308 53 0
209 54 0
209 55 0
308 55 0
209 56 0
210 56 0
308 56 0
112 57 0
209 57 0
308 57 0
112 58 0
209 58 0
308 58 0
112 59 0
112 60 0
209 60 0
210 60 0
112 61 0
210 61 0
307 62 0
210 64 0
306 64 0
210 65 0
306 65 0
210 66 0
306 66 0
210 67 0
306 67 0
210 68 0
306 68 0
114 69 0
210 69 0
305 69 0
306 69 0
210 70 0
305 70 0
306 70 0
210 71 0
115 72 0
210 72 0
305 72 0
115 73 0
210 73 0
305 73 0
115 74 0
210 74 0
305 74 0
115 75 0
210 75 0
305 75 0
210 76 0
305 76 0
210 77 0
304 77 0
210 78 0
304 78 0
210 79 0
304 79 0
210 80 0
304 80 0
117 81 0
210 81 0
304 81 0
210 82 0
303 82 0
211 83 0
303 83 0
210 84 0
303 84 0
118 85 0
210 85 0
211 85 0
303 85 0
118 86 0
303 86 0
118 87 0
303 87 0
118 88 0
211 88 0
302 88 0
303 88 0
118 89 0
210 89 0
211 89 0
302 89 0
303 89 0
210 90 0
211 90 0
302 90 0
210 91 0
211 91 0
302 91 0
211 92 0
302 92 0
120 93 0
211 93 0
211 94 0
301 94 0
211 95 0
301 95 0
211 96 0
301 96 0
211 97 0
301 97 0
211 98 0
301 98 0
121 99 0
211 99 0
300 99 0
301 99 0
211 100 0
212 100 0
300 100 0
301 100 0
120 101 0
121 101 0
211 101 0
212 101 0
300 101 0
211 102 0
300 102 0
120 103 0
211 103 0
300 103 0
211 104 0
300 104 0
211 105 0
212 105 0
300 105 0
211 106 0
299 106 0
300 106 0
211 107 0
212 107 0
299 107 0
299 108 0
212 109 0
299 109 0
211 110 0
212 110 0
298 110 0
299 110 0
212 111 0
298 111 0
212 112 0
298 112 0
212 113 0
298 113 0
212 114 0
298 114 0
208 115 0
212 115 0
298 115 0
212 116 0
297 116 0
298 116 0
212 117 0
297 117 0
297 118 0
221 119 0
297 119 0
2 120 0
296 120 0
297 120 0
2 121 0
244 122 0
245 122 0
296 122 0
250 123 0
253 123 0
254 123 0
296 123 0
259 124 0
260 124 0
296 124 0
242 125 0
265 125 0
274 125 0
296 125 0
296 126 0
258 127 0
295 127 0
86 130 0
87 130 0
85 131 0
86 131 0
88 131 0
293 131 0
298 131 0
299 131 0
84 132 0
85 132 0
88 132 0
84 133 0
88 133 0
84 134 0
88 134 0
89 134 0
85 135 0
91 136 0
86 137 0
90 137 0
91 137 0
90 138 0
89 139 0
269 159 0
273 165 0
238 170 0
270 172 0
240 173 0
257 173 0
239 174 0
257 174 0
269 174 0
266 175 0
224 176 0
265 176 0
223 177 0
224 177 0
277 177 0
222 178 0
221 179 0
222 179 0
221 180 0
220 184 0
108 185 0
112 188 0
211 188 0
216 188 0
198 191 0
192 192 0
197 192 0
198 192 0
332 192 0
197 193 0
194 194 0
195 194 0
195 195 0
181 203 0
183 204 0
194 204 0
193 205 0
184 208 0
180 212 0
181 213 0
205 213 0
329 217 0
156 218 0
199 220 0
149 223 0
141 228 0
177 228 0
215 228 0
140 229 0
188 230 0
233 230 0
231 231 0
233 231 0
130 236 0
167 237 0
167 238 0
159 239 0
166 239 0
158 241 0
164 241 0
157 242 0
147 244 0
162 244 0
155 245 0
161 245 0
161 246 0
170 246 0
326 247 0
153 248 0
159 248 0
152 249 0
169 250 0
127 251 0
129 251 0
157 251 0
168 251 0
171 251 0
126 252 0
150 252 0
156 252 0
170 252 0
171 252 0
129 253 0
155 253 0
170 253 0
106 255 0
241 177 1
236 178 1
237 178 1
238 178 1
234 179 1
235 179 1
236 179 1
237 179 1
238 179 1
239 179 1
274 179 1
275 179 1
233 180 1
234 180 1
235 180 1
237 180 1
238 180 1
267 180 1
275 180 1
232 181 1
233 181 1
235 181 1
236 181 1
237 181 1
239 181 1
266 181 1
275 181 1
276 181 1
233 182 1
235 182 1
236 182 1
237 182 1
281 182 1
233 183 1
234 183 1
235 183 1
236 183 1
237 183 1
280 183 1
281 183 1
282 183 1
283 183 1
233 184 1
234 184 1
235 184 1
236 184 1
283 184 1
284 184 1
286 184 1
288 184 1
234 185 1
235 185 1
238 185 1
239 185 1
284 185 1
285 185 1
286 185 1
234 186 1
235 186 1
238 186 1
285 186 1
231 187 1
232 187 1
234 187 1
235 187 1
236 187 1
237 187 1
238 187 1
286 187 1
287 187 1
231 188 1
232 188 1
235 188 1
236 188 1
237 188 1
286 188 1
287 188 1
231 189 1
232 189 1
235 189 1
236 189 1
237 189 1
287 189 1
288 189 1
231 190 1
232 190 1
236 190 1
237 190 1
287 190 1
288 190 1
289 190 1
290 190 1
231 191 1
232 191 1
233 191 1
243 191 1
287 191 1
288 191 1
289 191 1
232 192 1
233 192 1
234 192 1
237 192 1
287 192 1
288 192 1
289 192 1
290 192 1
233 193 1
234 193 1
237 193 1
238 193 1
288 193 1
289 193 1
290 193 1
292 193 1
233 194 1
234 194 1
235 194 1
236 194 1
289 194 1
290 194 1
233 195 1
234 195 1
235 195 1
236 195 1
238 195 1
289 195 1
290 195 1
291 195 1
233 196 1
234 196 1
235 196 1
236 196 1
264 196 1
265 196 1
270 196 1
289 196 1
290 196 1
291 196 1
235 197 1
237 197 1
238 197 1
239 197 1
240 197 1
241 197 1
264 197 1
265 197 1
269 197 1
270 197 1
290 197 1
291 197 1
233 198 1
238 198 1
239 198 1
240 198 1
241 198 1
266 198 1
267 198 1
269 198 1
270 198 1
280 198 1
290 198 1
291 198 1
293 198 1
232 199 1
233 199 1
236 199 1
240 199 1
241 199 1
266 199 1
267 199 1
270 199 1
271 199 1
272 199 1
291 199 1
292 199 1
293 199 1
294 199 1
232 200 1
233 200 1
236 200 1
240 200 1
241 200 1
242 200 1
243 200 1
244 200 1
267 200 1
271 200 1
272 200 1
291 200 1
292 200 1
293 200 1
294 200 1
231 201 1
232 201 1
236 201 1
239 201 1
240 201 1
241 201 1
242 201 1
244 201 1
251 201 1
252 201 1
292 201 1
293 201 1
294 201 1
295 201 1
231 202 1
233 202 1
240 202 1
292 202 1
293 202 1
295 202 1
240 203 1
241 203 1
268 203 1
269 203 1
292 203 1
293 203 1
295 203 1
241 204 1
242 204 1
246 204 1
293 204 1
294 204 1
295 204 1
296 204 1
236 205 1
237 205 1
241 205 1
247 205 1
293 205 1
294 205 1
295 205 1
241 206 1
242 206 1
246 206 1
294 206 1
295 206 1
296 206 1
237 207 1
238 207 1
239 207 1
240 207 1
241 207 1
242 207 1
294 207 1
295 207 1
296 207 1
237 208 1
238 208 1
242 208 1
294 208 1
295 208 1
296 208 1
237 209 1
238 209 1
242 209 1
243 209 1
295 209 1
296 209 1
298 209 1
299 209 1
238 210 1
243 210 1
295 210 1
296 210 1
297 210 1
299 210 1
239 211 1
244 211 1
246 211 1
296 211 1
297 211 1
303 211 1
239 212 1
245 212 1
296 212 1
297 212 1
246 213 1
247 213 1
296 213 1
297 213 1
299 213 1
246 214 1
296 214 1
298 214 1
299 214 1
249 215 1
295 215 1
296 215 1
239 216 1
249 216 1
269 216 1
294 216 1
295 216 1
268 217 1
269 217 1
271 217 1
285 217 1
294 217 1
241 218 1
268 218 1
271 218 1
292 218 1
252 219 1
253 219 1
260 219 1
282 219 1
284 219 1
291 219 1
292 219 1
246 220 1
260 220 1
261 220 1
276 220 1
281 220 1
282 220 1
291 220 1
292 220 1
245 221 1
246 221 1
250 221 1
260 221 1
261 221 1
281 221 1
282 221 1
291 221 1
292 221 1
293 221 1
245 222 1
246 222 1
250 222 1
260 222 1
261 222 1
262 222 1
282 222 1
291 222 1
292 222 1
293 222 1
245 223 1
246 223 1
259 223 1
261 223 1
262 223 1
293 223 1
246 224 1
255 224 1
