170 2 0
161 3 0
162 3 0
170 4 0
170 5 0
162 6 0
170 6 0
162 7 0
170 7 0
162 8 0
170 9 0
170 10 0
170 11 0
162 12 0
170 12 0
162 13 0
170 13 0
170 14 0
170 15 0
170 16 0
162 17 0
170 17 0
236 17 0
162 18 0
170 18 0
162 19 0
170 19 0
246 19 0
70 20 0
162 20 0
170 20 0
265 20 0
266 20 0
162 21 0
170 21 0
176 21 0
216 21 0
162 22 0
163 22 0
170 22 0
206 22 0
157 23 0
162 23 0
163 23 0
169 23 0
170 23 0
72 24 0
162 24 0
163 24 0
167 24 0
170 24 0
51 25 0
58 25 0
128 25 0
167 25 0
199 25 0
200 25 0
30 26 0
147 26 0
156 26 0
198 26 0
199 26 0
21 27 0
198 27 0
197 28 0
15 29 0
197 29 0
80 30 0
90 30 0
101 30 0
116 30 0
197 30 0
197 31 0
204 31 0
146 32 0
197 32 0
204 32 0
72 33 0
73 33 0
124 33 0
203 33 0
204 33 0
240 33 0
137 34 0
140 34 0
165 34 0
166 34 0
198 34 0
203 34 0
162 35 0
197 35 0
203 35 0
204 35 0
197 36 0
203 36 0
203 37 0
203 38 0
204 38 0
304 38 0
136 39 0
140 39 0
141 39 0
203 39 0
204 39 0
304 39 0
198 40 0
203 40 0
204 40 0
203 41 0
204 41 0
103 42 0
203 42 0
103 43 0
133 43 0
203 43 0
303 43 0
203 44 0
204 44 0
303 44 0
29 45 0
104 45 0
131 45 0
203 45 0
204 45 0
303 45 0
104 46 0
131 46 0
203 46 0
204 46 0
233 46 0
303 46 0
204 47 0
303 47 0
105 48 0
203 48 0
204 48 0
105 49 0
203 49 0
204 49 0
302 49 0
303 49 0
105 50 0
203 50 0
204 50 0
302 50 0
105 51 0
204 51 0
302 51 0
204 52 0
302 52 0
204 53 0
302 53 0
106 54 0
107 54 0
204 54 0
302 54 0
106 55 0
204 55 0
301 55 0
302 55 0
204 56 0
301 56 0
204 57 0
301 57 0
204 58 0
301 58 0
204 59 0
301 59 0
204 60 0
301 60 0
204 61 0
301 61 0
108 62 0
204 62 0
205 62 0
300 62 0
108 63 0
204 63 0
205 63 0
300 63 0
108 64 0
204 64 0
205 64 0
300 64 0
108 65 0
204 65 0
205 65 0
300 65 0
204 66 0
300 66 0
204 67 0
300 67 0
204 68 0
205 68 0
299 68 0
300 68 0
204 69 0
205 69 0
299 69 0
204 70 0
205 70 0
299 70 0
110 71 0
204 71 0
205 71 0
299 71 0
204 72 0
205 72 0
299 72 0
205 73 0
299 73 0
205 74 0
298 74 0
299 74 0
205 75 0
298 75 0
111 76 0
205 76 0
298 76 0
111 77 0
205 77 0
298 77 0
111 78 0
205 78 0
298 78 0
111 79 0
205 79 0
298 79 0
205 80 0
297 80 0
298 80 0
205 81 0
297 81 0
205 82 0
297 82 0
113 83 0
205 83 0
297 83 0
205 84 0
297 84 0
205 85 0
297 85 0
205 86 0
205 87 0
296 87 0
297 87 0
205 88 0
206 88 0
296 88 0
114 89 0
205 89 0
206 89 0
296 89 0
205 90 0
206 90 0
296 90 0
205 91 0
295 91 0
296 91 0
205 92 0
295 92 0
205 93 0
206 93 0
295 93 0
205 94 0
206 94 0
295 94 0
205 95 0
206 95 0
295 95 0
205 96 0
206 96 0
295 96 0
206 97 0
207 97 0
294 97 0
295 97 0
206 98 0
207 98 0
294 98 0
206 99 0
294 99 0
206 100 0
294 100 0
206 101 0
294 101 0
206 102 0
293 102 0
294 102 0
206 103 0
293 103 0
294 103 0
206 104 0
293 104 0
206 105 0
207 105 0
293 105 0
206 106 0
293 106 0
206 107 0
207 107 0
293 107 0
206 108 0
207 108 0
292 108 0
293 108 0
206 109 0
292 109 0
293 109 0
206 110 0
292 110 0
206 111 0
207 111 0
292 111 0
206 112 0
292 112 0
299 112 0
206 113 0
207 113 0
292 113 0
299 113 0
206 114 0
207 114 0
291 114 0
207 115 0
291 115 0
292 115 0
291 116 0
291 117 0
290 118 0
291 118 0
290 119 0
291 119 0
298 119 0
290 120 0
298 120 0
290 121 0
290 122 0
290 123 0
289 124 0
290 124 0
289 125 0
90 127 0
79 128 0
80 128 0
82 128 0
79 129 0
82 129 0
78 130 0
82 130 0
77 131 0
78 131 0
82 131 0
83 131 0
78 132 0
82 132 0
79 133 0
85 133 0
80 134 0
85 134 0
80 135 0
81 135 0
84 135 0
190 138 0
189 140 0
263 157 0
273 157 0
233 158 0
271 159 0
269 160 0
258 161 0
266 163 0
266 167 0
232 168 0
250 168 0
253 168 0
265 168 0
252 169 0
233 170 0
243 170 0
251 170 0
264 170 0
233 171 0
242 171 0
263 171 0
233 172 0
234 172 0
243 172 0
233 173 0
244 173 0
245 173 0
249 173 0
243 174 0
259 174 0
245 175 0
258 175 0
234 176 0
257 176 0
256 177 0
257 177 0
302 182 0
100 183 0
101 183 0
103 183 0
265 183 0
102 186 0
105 186 0
174 201 0
176 201 0
187 201 0
183 202 0
165 203 0
186 203 0
183 204 0
186 204 0
188 205 0
175 206 0
313 209 0
161 213 0
162 213 0
180 213 0
181 213 0
183 213 0
184 214 0
148 216 0
187 216 0
145 217 0
147 217 0
191 217 0
141 220 0
140 222 0
131 226 0
132 227 0
162 228 0
185 228 0
179 230 0
194 230 0
198 230 0
148 231 0
154 233 0
137 234 0
154 234 0
159 234 0
159 235 0
152 236 0
158 236 0
173 236 0
321 237 0
157 238 0
150 239 0
155 239 0
156 239 0
156 240 0
154 242 0
251 242 0
147 243 0
149 243 0
152 244 0
153 244 0
162 244 0
246 244 0
151 245 0
163 245 0
145 246 0
151 246 0
144 247 0
149 248 0
163 248 0
250 248 0
118 249 0
148 249 0
160 249 0
163 249 0
121 250 0
142 250 0
162 250 0
313 250 0
121 251 0
177 252 0
339 254 0
99 256 0
194 257 0
195 257 0
196 257 0
221 174 1
207 176 1
218 176 1
207 177 1
208 177 1
209 177 1
217 177 1
218 177 1
206 178 1
207 178 1
209 178 1
217 178 1
218 178 1
219 178 1
220 178 1
204 179 1
205 179 1
206 179 1
207 179 1
218 179 1
220 179 1
204 180 1
205 180 1
206 180 1
207 180 1
225 180 1
229 180 1
230 180 1
254 180 1
204 181 1
205 181 1
206 181 1
207 181 1
251 181 1
204 182 1
205 182 1
206 182 1
207 182 1
251 182 1
252 182 1
253 182 1
254 182 1
255 182 1
204 183 1
205 183 1
206 183 1
252 183 1
253 183 1
254 183 1
255 183 1
256 183 1
204 184 1
205 184 1
206 184 1
207 184 1
208 184 1
254 184 1
255 184 1
256 184 1
203 185 1
204 185 1
205 185 1
206 185 1
207 185 1
254 185 1
255 185 1
256 185 1
257 185 1
258 185 1
203 186 1
204 186 1
205 186 1
206 186 1
207 186 1
255 186 1
256 186 1
258 186 1
259 186 1
192 187 1
202 187 1
203 187 1
204 187 1
206 187 1
207 187 1
256 187 1
259 187 1
192 188 1
195 188 1
199 188 1
202 188 1
205 188 1
206 188 1
256 188 1
257 188 1
258 188 1
202 189 1
205 189 1
206 189 1
257 189 1
258 189 1
191 190 1
192 190 1
202 190 1
206 190 1
207 190 1
257 190 1
258 190 1
193 191 1
202 191 1
206 191 1
207 191 1
257 191 1
258 191 1
259 191 1
260 191 1
202 192 1
206 192 1
207 192 1
257 192 1
258 192 1
259 192 1
260 192 1
206 193 1
207 193 1
258 193 1
260 193 1
204 194 1
205 194 1
258 194 1
259 194 1
260 194 1
203 195 1
204 195 1
205 195 1
233 195 1
234 195 1
238 195 1
239 195 1
259 195 1
260 195 1
262 195 1
207 196 1
208 196 1
209 196 1
232 196 1
233 196 1
234 196 1
238 196 1
239 196 1
259 196 1
260 196 1
263 196 1
208 197 1
209 197 1
210 197 1
213 197 1
233 197 1
234 197 1
235 197 1
238 197 1
239 197 1
240 197 1
242 197 1
259 197 1
260 197 1
263 197 1
200 198 1
203 198 1
204 198 1
208 198 1
209 198 1
210 198 1
212 198 1
213 198 1
234 198 1
235 198 1
236 198 1
238 198 1
239 198 1
240 198 1
259 198 1
260 198 1
261 198 1
262 198 1
200 199 1
201 199 1
204 199 1
205 199 1
208 199 1
209 199 1
211 199 1
212 199 1
235 199 1
236 199 1
260 199 1
261 199 1
262 199 1
263 199 1
205 200 1
206 200 1
207 200 1
208 200 1
209 200 1
260 200 1
261 200 1
262 200 1
263 200 1
206 201 1
207 201 1
208 201 1
209 201 1
260 201 1
261 201 1
263 201 1
207 202 1
208 202 1
209 202 1
210 202 1
213 202 1
236 202 1
261 202 1
262 202 1
263 202 1
264 202 1
207 203 1
208 203 1
209 203 1
212 203 1
261 203 1
262 203 1
207 204 1
208 204 1
209 204 1
210 204 1
261 204 1
262 204 1
264 204 1
206 205 1
207 205 1
208 205 1
209 205 1
210 205 1
262 205 1
205 206 1
206 206 1
209 206 1
210 206 1
262 206 1
263 206 1
268 206 1
206 207 1
207 207 1
209 207 1
210 207 1
216 207 1
265 207 1
266 207 1
206 208 1
207 208 1
210 208 1
211 208 1
263 208 1
264 208 1
266 208 1
206 209 1
207 209 1
210 209 1
263 209 1
264 209 1
265 209 1
206 210 1
207 210 1
210 210 1
211 210 1
263 210 1
264 210 1
265 210 1
206 211 1
207 211 1
211 211 1
212 211 1
213 211 1
263 211 1
264 211 1
265 211 1
266 211 1
206 212 1
207 212 1
208 212 1
212 212 1
213 212 1
264 212 1
265 212 1
207 213 1
208 213 1
213 213 1
214 213 1
215 213 1
263 213 1
264 213 1
265 213 1
266 213 1
207 214 1
208 214 1
209 214 1
263 214 1
264 214 1
265 214 1
266 214 1
207 215 1
208 215 1
263 215 1
266 215 1
208 216 1
209 216 1
235 216 1
237 216 1
243 216 1
209 217 1
218 217 1
235 217 1
264 217 1
212 218 1
213 218 1
214 218 1
216 218 1
227 218 1
245 218 1
249 218 1
250 218 1
259 218 1
212 219 1
213 219 1
216 219 1
227 219 1
228 219 1
249 219 1
258 219 1
259 219 1
211 220 1
212 220 1
213 220 1
216 220 1
227 220 1
228 220 1
248 220 1
251 220 1
252 220 1
258 220 1
259 220 1
270 220 1
212 221 1
213 221 1
216 221 1
217 221 1
227 221 1
228 221 1
247 221 1
252 221 1
259 221 1
260 221 1
212 222 1
213 222 1
222 222 1
228 222 1
229 222 1
247 222 1
248 222 1
213 223 1
214 223 1
