153 1 0
154 1 0
156 1 0
150 6 0
158 6 0
61 9 0
158 10 0
158 11 0
158 12 0
150 13 0
158 13 0
158 14 0
150 15 0
158 15 0
275 15 0
276 15 0
59 16 0
158 16 0
158 17 0
253 17 0
158 18 0
158 19 0
158 20 0
151 21 0
158 21 0
150 22 0
158 22 0
150 23 0
158 23 0
60 24 0
158 24 0
150 25 0
158 25 0
253 25 0
131 26 0
150 26 0
151 26 0
194 26 0
255 26 0
150 27 0
151 27 0
189 27 0
190 27 0
191 27 0
192 27 0
193 27 0
194 27 0
195 27 0
196 27 0
197 27 0
198 27 0
199 27 0
200 27 0
201 27 0
202 27 0
203 27 0
204 27 0
205 27 0
206 27 0
207 27 0
208 27 0
209 27 0
210 27 0
214 27 0
217 27 0
218 27 0
151 28 0
152 28 0
153 28 0
154 28 0
173 28 0
195 28 0
197 28 0
198 28 0
199 28 0
200 28 0
201 28 0
202 28 0
203 28 0
204 28 0
205 28 0
206 28 0
207 28 0
208 28 0
209 28 0
210 28 0
211 28 0
212 28 0
213 28 0
214 28 0
215 28 0
216 28 0
217 28 0
218 28 0
219 28 0
220 28 0
221 28 0
222 28 0
223 28 0
224 28 0
225 28 0
226 28 0
227 28 0
228 28 0
229 28 0
230 28 0
231 28 0
232 28 0
233 28 0
234 28 0
235 28 0
236 28 0
237 28 0
238 28 0
239 28 0
240 28 0
241 28 0
242 28 0
243 28 0
244 28 0
245 28 0
247 28 0
248 28 0
249 28 0
250 28 0
151 29 0
154 29 0
203 29 0
218 29 0
220 29 0
221 29 0
222 29 0
223 29 0
224 29 0
225 29 0
226 29 0
227 29 0
228 29 0
229 29 0
230 29 0
231 29 0
232 29 0
233 29 0
234 29 0
235 29 0
236 29 0
237 29 0
238 29 0
239 29 0
240 29 0
241 29 0
242 29 0
243 29 0
244 29 0
245 29 0
246 29 0
247 29 0
248 29 0
249 29 0
250 29 0
257 29 0
259 29 0
260 29 0
261 29 0
264 29 0
271 29 0
272 29 0
273 29 0
286 29 0
287 29 0
140 30 0
134 31 0
135 31 0
186 31 0
102 32 0
112 32 0
113 32 0
114 32 0
115 32 0
185 32 0
185 33 0
302 33 0
90 34 0
185 34 0
193 34 0
194 34 0
195 34 0
196 34 0
197 34 0
198 34 0
311 34 0
312 34 0
313 34 0
180 35 0
198 35 0
199 35 0
200 35 0
201 35 0
202 35 0
203 35 0
204 35 0
205 35 0
206 35 0
207 35 0
210 35 0
161 36 0
191 36 0
192 36 0
210 36 0
212 36 0
213 36 0
214 36 0
215 36 0
216 36 0
217 36 0
218 36 0
219 36 0
220 36 0
221 36 0
222 36 0
223 36 0
224 36 0
225 36 0
227 36 0
228 36 0
191 37 0
192 37 0
227 37 0
228 37 0
230 37 0
231 37 0
232 37 0
237 37 0
238 37 0
239 37 0
240 37 0
241 37 0
242 37 0
243 37 0
244 37 0
245 37 0
248 37 0
250 37 0
191 38 0
256 38 0
257 38 0
262 38 0
263 38 0
264 38 0
266 38 0
267 38 0
268 38 0
269 38 0
270 38 0
273 38 0
275 38 0
276 38 0
277 38 0
278 38 0
280 38 0
91 39 0
149 39 0
191 39 0
287 39 0
108 40 0
156 40 0
191 40 0
154 41 0
191 41 0
186 42 0
191 42 0
191 43 0
191 44 0
191 45 0
92 46 0
191 46 0
192 46 0
191 47 0
191 48 0
191 49 0
191 50 0
192 50 0
191 51 0
192 51 0
191 52 0
192 52 0
191 53 0
192 53 0
288 53 0
94 54 0
192 54 0
288 54 0
94 55 0
95 55 0
288 55 0
95 56 0
95 57 0
192 57 0
288 57 0
96 58 0
192 58 0
192 60 0
287 60 0
192 61 0
287 61 0
192 62 0
287 62 0
192 63 0
287 63 0
192 64 0
193 64 0
192 65 0
287 65 0
192 66 0
192 67 0
193 67 0
286 67 0
192 68 0
193 68 0
286 68 0
192 69 0
193 69 0
286 69 0
98 70 0
192 70 0
193 70 0
286 70 0
192 71 0
193 71 0
286 71 0
193 72 0
193 73 0
193 74 0
193 75 0
285 75 0
193 76 0
285 76 0
193 77 0
285 78 0
193 79 0
285 79 0
193 80 0
193 81 0
193 82 0
101 83 0
193 83 0
284 83 0
193 84 0
284 84 0
102 85 0
284 85 0
102 86 0
193 86 0
194 86 0
284 86 0
193 87 0
283 87 0
284 87 0
193 88 0
283 88 0
193 89 0
283 89 0
193 90 0
194 90 0
283 90 0
103 91 0
194 91 0
283 91 0
194 92 0
283 93 0
282 95 0
282 96 0
194 97 0
282 97 0
105 98 0
194 98 0
282 98 0
194 99 0
195 99 0
194 100 0
194 101 0
194 102 0
194 103 0
194 104 0
195 104 0
281 104 0
194 105 0
281 105 0
194 106 0
281 106 0
195 107 0
280 107 0
195 108 0
280 108 0
280 109 0
195 111 0
195 112 0
195 113 0
195 114 0
195 115 0
279 115 0
195 116 0
279 116 0
195 117 0
279 117 0
195 118 0
196 118 0
197 118 0
198 118 0
199 118 0
279 118 0
192 119 0
197 119 0
198 119 0
199 119 0
200 119 0
201 119 0
202 119 0
206 119 0
192 120 0
199 120 0
203 120 0
204 120 0
205 120 0
206 120 0
207 120 0
208 120 0
209 120 0
210 120 0
212 120 0
214 120 0
216 120 0
278 120 0
194 121 0
211 121 0
212 121 0
213 121 0
214 121 0
215 121 0
216 121 0
217 121 0
218 122 0
219 122 0
220 122 0
221 122 0
222 122 0
223 122 0
224 122 0
225 122 0
226 122 0
227 122 0
228 122 0
278 122 0
227 123 0
228 123 0
229 123 0
230 123 0
231 123 0
232 123 0
233 123 0
234 123 0
235 123 0
278 123 0
233 124 0
234 124 0
235 124 0
237 124 0
238 124 0
239 124 0
240 124 0
241 124 0
242 124 0
243 124 0
218 125 0
243 125 0
244 125 0
245 125 0
246 125 0
247 125 0
248 125 0
249 125 0
250 125 0
251 125 0
226 126 0
227 126 0
229 126 0
230 126 0
251 126 0
252 126 0
253 126 0
254 126 0
256 126 0
257 126 0
258 126 0
259 126 0
260 126 0
261 126 0
264 126 0
234 127 0
235 127 0
236 127 0
261 127 0
262 127 0
263 127 0
264 127 0
265 127 0
266 127 0
267 127 0
268 127 0
269 127 0
243 128 0
247 128 0
268 128 0
269 128 0
270 128 0
271 128 0
272 128 0
274 128 0
274 129 0
275 129 0
276 129 0
69 130 0
70 131 0
266 131 0
69 132 0
278 132 0
69 133 0
70 133 0
65 134 0
70 134 0
71 134 0
65 135 0
70 135 0
71 135 0
72 135 0
66 136 0
67 136 0
72 136 0
67 137 0
28 138 0
68 138 0
43 139 0
70 139 0
242 145 0
235 153 0
238 158 0
258 159 0
223 160 0
243 160 0
226 161 0
252 168 0
253 168 0
218 171 0
219 171 0
219 172 0
280 173 0
229 174 0
230 174 0
280 174 0
230 175 0
299 175 0
224 177 0
231 178 0
237 178 0
237 179 0
305 179 0
221 180 0
237 180 0
233 182 0
234 183 0
251 186 0
90 188 0
203 188 0
234 188 0
217 189 0
220 189 0
221 189 0
235 189 0
236 189 0
88 190 0
219 190 0
223 190 0
236 190 0
220 191 0
222 192 0
223 192 0
225 193 0
226 194 0
227 194 0
229 194 0
228 195 0
229 195 0
230 196 0
239 201 0
235 207 0
243 214 0
329 217 0
239 222 0
241 223 0
220 225 0
200 231 0
198 232 0
337 234 0
141 236 0
220 237 0
123 240 0
320 250 0
299 252 0
336 254 0
155 182 1
156 182 1
157 182 1
157 183 1
158 183 1
146 184 1
147 184 1
151 184 1
157 184 1
158 184 1
159 184 1
160 184 1
145 185 1
147 185 1
148 185 1
151 185 1
158 185 1
159 185 1
160 185 1
185 185 1
187 185 1
145 186 1
146 186 1
148 186 1
158 186 1
159 186 1
160 186 1
161 186 1
162 186 1
163 186 1
164 186 1
165 186 1
167 186 1
170 186 1
186 186 1
187 186 1
188 186 1
190 186 1
145 187 1
146 187 1
147 187 1
148 187 1
149 187 1
163 187 1
164 187 1
165 187 1
166 187 1
167 187 1
170 187 1
171 187 1
172 187 1
173 187 1
174 187 1
175 187 1
186 187 1
187 187 1
188 187 1
189 187 1
144 188 1
145 188 1
146 188 1
172 188 1
173 188 1
174 188 1
175 188 1
188 188 1
189 188 1
190 188 1
192 188 1
193 188 1
144 189 1
145 189 1
146 189 1
147 189 1
187 189 1
188 189 1
189 189 1
190 189 1
192 189 1
143 190 1
144 190 1
145 190 1
147 190 1
190 190 1
191 190 1
192 190 1
193 190 1
143 191 1
144 191 1
145 191 1
149 191 1
194 191 1
195 191 1
196 191 1
198 191 1
142 192 1
143 192 1
144 192 1
195 192 1
196 192 1
199 192 1
141 193 1
142 193 1
143 193 1
144 193 1
161 193 1
162 193 1
196 193 1
197 193 1
141 194 1
142 194 1
143 194 1
144 194 1
197 194 1
198 194 1
140 195 1
142 195 1
143 195 1
197 195 1
198 195 1
140 196 1
141 196 1
143 196 1
144 196 1
145 196 1
197 196 1
140 197 1
141 197 1
142 197 1
144 197 1
145 197 1
197 197 1
198 197 1
142 198 1
143 198 1
145 198 1
197 198 1
198 198 1
142 199 1
144 199 1
145 199 1
162 199 1
198 199 1
200 199 1
201 199 1
141 200 1
142 200 1
144 200 1
198 200 1
200 200 1
141 201 1
142 201 1
143 201 1
144 201 1
177 201 1
198 201 1
199 201 1
203 201 1
142 202 1
143 202 1
144 202 1
146 202 1
149 202 1
171 202 1
174 202 1
175 202 1
176 202 1
178 202 1
198 202 1
199 202 1
144 203 1
145 203 1
146 203 1
147 203 1
149 203 1
170 203 1
171 203 1
176 203 1
178 203 1
183 203 1
198 203 1
199 203 1
205 203 1
140 204 1
141 204 1
144 204 1
145 204 1
146 204 1
150 204 1
170 204 1
171 204 1
176 204 1
177 204 1
178 204 1
198 204 1
199 204 1
140 205 1
141 205 1
144 205 1
156 205 1
171 205 1
172 205 1
173 205 1
176 205 1
178 205 1
198 205 1
199 205 1
208 205 1
137 206 1
142 206 1
143 206 1
144 206 1
172 206 1
173 206 1
198 206 1
199 206 1
201 206 1
142 207 1
143 207 1
145 207 1
199 207 1
200 207 1
209 207 1
143 208 1
144 208 1
145 208 1
199 208 1
200 208 1
201 208 1
142 209 1
143 209 1
145 209 1
199 209 1
200 209 1
201 209 1
142 210 1
143 210 1
144 210 1
145 210 1
199 210 1
200 210 1
201 210 1
142 211 1
144 211 1
151 211 1
199 211 1
200 211 1
201 211 1
141 212 1
199 212 1
200 212 1
201 212 1
141 213 1
144 213 1
199 213 1
200 213 1
201 213 1
142 214 1
143 214 1
199 214 1
200 214 1
201 214 1
142 215 1
143 215 1
200 215 1
201 215 1
141 216 1
142 216 1
143 216 1
144 216 1
145 216 1
200 216 1
201 216 1
142 217 1
143 217 1
144 217 1
145 217 1
146 217 1
150 217 1
200 217 1
201 217 1
202 217 1
141 218 1
143 218 1
147 218 1
200 218 1
201 218 1
202 218 1
204 218 1
141 219 1
142 219 1
145 219 1
146 219 1
147 219 1
148 219 1
180 219 1
200 219 1
201 219 1
142 220 1
143 220 1
147 220 1
148 220 1
149 220 1
174 220 1
182 220 1
200 220 1
201 220 1
202 220 1
143 221 1
153 221 1
156 221 1
161 221 1
164 221 1
167 221 1
168 221 1
174 221 1
180 221 1
184 221 1
200 221 1
201 221 1
202 221 1
174 222 1
175 222 1
177 222 1
178 222 1
179 222 1
180 222 1
184 222 1
191 222 1
197 222 1
199 222 1
200 222 1
201 222 1
205 222 1
158 223 1
159 223 1
160 223 1
170 223 1
183 223 1
184 223 1
191 223 1
159 224 1
160 224 1
161 224 1
170 224 1
193 224 1
198 224 1
160 225 1
161 225 1
185 225 1
193 225 1
194 225 1
150 226 1
161 226 1
183 226 1
184 226 1
194 226 1
195 226 1
196 226 1
149 227 1
182 227 1
183 227 1
186 227 1
194 227 1
195 227 1
196 227 1
182 228 1
183 228 1
185 228 1
195 228 1
182 229 1
187 229 1
182 230 1
181 233 1
