209 4 0
212 4 0
213 4 0
214 4 0
215 4 0
216 4 0
217 4 0
218 4 0
222 4 0
197 5 0
198 5 0
199 5 0
201 5 0
202 5 0
203 5 0
132 6 0
186 6 0
187 6 0
189 6 0
190 6 0
191 6 0
196 6 0
172 7 0
173 7 0
174 7 0
162 8 0
163 8 0
164 8 0
165 8 0
166 8 0
167 8 0
168 8 0
169 8 0
170 8 0
172 8 0
173 8 0
148 9 0
149 9 0
150 9 0
152 9 0
153 9 0
246 14 0
271 21 0
276 21 0
250 22 0
56 32 0
249 32 0
250 32 0
251 32 0
185 33 0
186 33 0
189 33 0
190 33 0
191 33 0
192 33 0
199 33 0
202 33 0
245 33 0
248 33 0
54 34 0
153 34 0
183 34 0
184 34 0
185 34 0
186 34 0
187 34 0
188 34 0
189 34 0
190 34 0
191 34 0
192 34 0
193 34 0
194 34 0
195 34 0
196 34 0
197 34 0
198 34 0
199 34 0
200 34 0
201 34 0
202 34 0
203 34 0
204 34 0
205 34 0
206 34 0
207 34 0
208 34 0
209 34 0
210 34 0
211 34 0
212 34 0
213 34 0
214 34 0
215 34 0
216 34 0
217 34 0
218 34 0
219 34 0
220 34 0
221 34 0
222 34 0
223 34 0
224 34 0
225 34 0
226 34 0
227 34 0
228 34 0
229 34 0
230 34 0
231 34 0
232 34 0
233 34 0
234 34 0
235 34 0
236 34 0
237 34 0
238 34 0
240 34 0
241 34 0
242 34 0
243 34 0
244 34 0
245 34 0
246 34 0
248 34 0
273 34 0
284 34 0
31 35 0
147 35 0
149 35 0
151 35 0
167 35 0
168 35 0
198 35 0
201 35 0
202 35 0
203 35 0
204 35 0
205 35 0
206 35 0
207 35 0
208 35 0
209 35 0
210 35 0
211 35 0
212 35 0
213 35 0
214 35 0
215 35 0
216 35 0
217 35 0
218 35 0
219 35 0
220 35 0
221 35 0
222 35 0
223 35 0
224 35 0
225 35 0
226 35 0
227 35 0
228 35 0
229 35 0
230 35 0
231 35 0
232 35 0
233 35 0
234 35 0
235 35 0
236 35 0
237 35 0
238 35 0
239 35 0
240 35 0
241 35 0
242 35 0
243 35 0
244 35 0
245 35 0
252 35 0
253 35 0
254 35 0
274 35 0
88 36 0
147 36 0
134 37 0
113 38 0
122 38 0
127 38 0
129 38 0
130 38 0
131 38 0
136 38 0
296 38 0
94 39 0
97 39 0
104 39 0
105 39 0
106 39 0
107 39 0
121 39 0
189 39 0
303 39 0
311 39 0
88 40 0
100 40 0
102 40 0
189 40 0
190 40 0
191 40 0
192 40 0
315 40 0
316 40 0
189 41 0
190 41 0
191 41 0
192 41 0
193 41 0
194 41 0
195 41 0
196 41 0
197 41 0
198 41 0
202 41 0
203 41 0
207 41 0
211 41 0
327 41 0
338 41 0
341 41 0
135 42 0
195 42 0
196 42 0
197 42 0
198 42 0
199 42 0
200 42 0
201 42 0
202 42 0
203 42 0
204 42 0
205 42 0
206 42 0
207 42 0
208 42 0
209 42 0
210 42 0
211 42 0
212 42 0
213 42 0
214 42 0
215 42 0
217 42 0
218 42 0
219 42 0
222 42 0
225 42 0
226 42 0
229 42 0
230 42 0
153 43 0
154 43 0
216 43 0
217 43 0
221 43 0
225 43 0
226 43 0
227 43 0
228 43 0
229 43 0
230 43 0
231 43 0
232 43 0
233 43 0
234 43 0
235 43 0
236 43 0
237 43 0
238 43 0
239 43 0
240 43 0
241 43 0
242 43 0
243 43 0
244 43 0
245 43 0
246 43 0
247 43 0
249 43 0
250 43 0
251 43 0
252 43 0
253 43 0
254 43 0
255 43 0
256 43 0
257 43 0
261 43 0
263 43 0
277 43 0
151 44 0
254 44 0
255 44 0
258 44 0
260 44 0
261 44 0
262 44 0
264 44 0
266 44 0
267 44 0
269 44 0
270 44 0
271 44 0
272 44 0
273 44 0
274 44 0
275 44 0
276 44 0
277 44 0
278 44 0
279 44 0
102 45 0
283 45 0
103 46 0
156 46 0
157 46 0
158 46 0
149 47 0
151 47 0
152 47 0
154 47 0
155 47 0
156 47 0
143 48 0
147 48 0
148 48 0
149 48 0
150 48 0
144 49 0
145 49 0
91 50 0
92 50 0
97 50 0
99 50 0
91 51 0
92 51 0
93 51 0
94 51 0
95 51 0
187 54 0
129 55 0
187 55 0
187 59 0
187 60 0
91 62 0
187 62 0
93 65 0
188 69 0
188 71 0
188 72 0
188 73 0
188 74 0
189 86 0
189 89 0
189 90 0
99 91 0
189 91 0
99 92 0
190 101 0
190 102 0
191 114 0
191 115 0
191 117 0
192 120 0
192 124 0
193 124 0
194 124 0
195 124 0
196 124 0
190 125 0
193 125 0
195 125 0
196 125 0
197 125 0
198 125 0
199 125 0
200 125 0
201 125 0
202 125 0
203 125 0
204 125 0
205 125 0
205 126 0
206 126 0
207 126 0
208 126 0
209 126 0
210 126 0
211 126 0
212 126 0
193 127 0
196 127 0
212 127 0
213 127 0
214 127 0
215 127 0
216 127 0
217 127 0
218 127 0
219 127 0
220 127 0
221 127 0
222 127 0
225 127 0
227 127 0
221 128 0
222 128 0
224 128 0
225 128 0
226 128 0
227 128 0
228 128 0
229 128 0
230 128 0
231 128 0
228 129 0
230 129 0
231 129 0
232 129 0
233 129 0
234 129 0
235 129 0
236 129 0
237 129 0
238 129 0
239 129 0
240 129 0
243 129 0
245 129 0
238 130 0
239 130 0
240 130 0
241 130 0
242 130 0
243 130 0
244 130 0
245 130 0
246 130 0
247 130 0
223 131 0
225 131 0
226 131 0
248 131 0
249 131 0
250 131 0
251 131 0
252 131 0
253 131 0
254 131 0
255 131 0
256 131 0
257 131 0
258 131 0
257 132 0
258 132 0
259 132 0
260 132 0
261 132 0
262 132 0
263 132 0
264 132 0
265 132 0
266 132 0
77 133 0
238 133 0
241 133 0
265 133 0
266 133 0
267 133 0
268 133 0
269 133 0
271 133 0
272 133 0
259 135 0
273 136 0
64 137 0
65 137 0
66 137 0
62 142 0
67 142 0
68 142 0
69 142 0
63 143 0
18 145 0
36 145 0
36 146 0
50 146 0
53 146 0
66 146 0
67 146 0
246 166 0
253 166 0
253 167 0
228 168 0
241 171 0
242 171 0
243 171 0
244 171 0
247 172 0
215 176 0
287 176 0
220 180 0
226 180 0
224 181 0
223 184 0
192 186 0
192 190 0
218 191 0
219 191 0
220 191 0
221 191 0
224 193 0
225 193 0
188 194 0
231 194 0
214 195 0
218 195 0
186 196 0
215 196 0
216 196 0
220 196 0
218 197 0
221 199 0
223 199 0
239 201 0
191 203 0
235 207 0
233 209 0
211 217 0
226 218 0
214 233 0
315 252 0
127 189 1
127 190 1
128 190 1
129 190 1
130 190 1
130 191 1
131 191 1
132 191 1
134 191 1
136 191 1
120 192 1
132 192 1
133 192 1
119 193 1
120 193 1
122 193 1
132 193 1
133 193 1
159 193 1
161 193 1
164 193 1
119 194 1
133 194 1
134 194 1
135 194 1
136 194 1
137 194 1
139 194 1
140 194 1
144 194 1
145 194 1
158 194 1
159 194 1
160 194 1
161 194 1
162 194 1
163 194 1
119 195 1
137 195 1
138 195 1
139 195 1
140 195 1
141 195 1
144 195 1
145 195 1
147 195 1
148 195 1
149 195 1
150 195 1
160 195 1
161 195 1
162 195 1
163 195 1
164 195 1
117 196 1
118 196 1
119 196 1
145 196 1
146 196 1
147 196 1
148 196 1
149 196 1
150 196 1
160 196 1
163 196 1
164 196 1
165 196 1
179 196 1
117 197 1
119 197 1
120 197 1
161 197 1
162 197 1
164 197 1
165 197 1
116 198 1
117 198 1
163 198 1
164 198 1
165 198 1
166 198 1
167 198 1
168 198 1
170 198 1
115 199 1
117 199 1
168 199 1
169 199 1
115 200 1
117 200 1
169 200 1
170 200 1
117 201 1
170 201 1
171 201 1
175 201 1
114 202 1
115 202 1
116 202 1
117 202 1
171 202 1
172 202 1
114 203 1
117 203 1
118 203 1
171 203 1
172 203 1
173 203 1
114 204 1
115 204 1
117 204 1
118 204 1
171 204 1
172 204 1
114 205 1
115 205 1
171 205 1
172 205 1
115 206 1
116 206 1
172 206 1
115 207 1
172 207 1
114 208 1
117 208 1
172 208 1
114 209 1
115 209 1
150 209 1
156 209 1
172 209 1
110 210 1
116 210 1
117 210 1
150 210 1
151 210 1
172 210 1
173 210 1
175 210 1
116 211 1
117 211 1
144 211 1
150 211 1
172 211 1
173 211 1
112 212 1
116 212 1
117 212 1
143 212 1
144 212 1
148 212 1
149 212 1
150 212 1
151 212 1
172 212 1
173 212 1
109 213 1
113 213 1
116 213 1
117 213 1
144 213 1
145 213 1
148 213 1
149 213 1
172 213 1
173 213 1
114 214 1
115 214 1
116 214 1
145 214 1
146 214 1
172 214 1
173 214 1
114 215 1
115 215 1
116 215 1
117 215 1
145 215 1
172 215 1
173 215 1
174 215 1
176 215 1
115 216 1
172 216 1
173 216 1
174 216 1
114 217 1
115 217 1
116 217 1
117 217 1
172 217 1
174 217 1
114 218 1
115 218 1
116 218 1
145 218 1
146 218 1
172 218 1
173 218 1
114 219 1
115 219 1
116 219 1
172 219 1
173 219 1
114 220 1
115 220 1
172 220 1
173 220 1
174 220 1
113 221 1
115 221 1
172 221 1
173 221 1
175 221 1
113 222 1
114 222 1
115 222 1
116 222 1
173 222 1
175 222 1
113 223 1
116 223 1
173 223 1
174 223 1
113 224 1
116 224 1
173 224 1
113 225 1
116 225 1
173 225 1
174 225 1
176 225 1
113 226 1
117 226 1
145 226 1
173 226 1
176 226 1
113 227 1
118 227 1
119 227 1
173 227 1
113 228 1
118 228 1
119 228 1
122 228 1
173 228 1
113 229 1
115 229 1
119 229 1
127 229 1
128 229 1
132 229 1
133 229 1
145 229 1
164 229 1
173 229 1
139 230 1
145 230 1
146 230 1
147 230 1
151 230 1
152 230 1
157 230 1
172 230 1
173 230 1
129 231 1
130 231 1
145 231 1
147 231 1
157 231 1
158 231 1
160 231 1
161 231 1
162 231 1
163 231 1
167 231 1
130 232 1
131 232 1
141 232 1
144 232 1
131 233 1
164 233 1
165 233 1
165 234 1
166 234 1
120 235 1
121 236 1
157 236 1
134 237 1
154 237 1
157 237 1
154 238 1
155 238 1
167 241 1
102 246 1
