209 12 0
213 12 0
217 12 0
218 12 0
219 12 0
221 12 0
222 12 0
224 12 0
225 12 0
226 12 0
201 13 0
202 13 0
203 13 0
204 13 0
205 13 0
206 13 0
207 13 0
208 13 0
209 13 0
210 13 0
211 13 0
134 14 0
193 14 0
196 14 0
197 14 0
198 14 0
199 14 0
200 14 0
201 14 0
174 15 0
175 15 0
187 15 0
167 16 0
168 16 0
169 16 0
170 16 0
171 16 0
172 16 0
173 16 0
174 16 0
175 16 0
176 16 0
149 17 0
150 17 0
151 17 0
152 17 0
153 17 0
163 17 0
164 17 0
165 17 0
166 17 0
168 17 0
146 18 0
148 18 0
149 18 0
280 28 0
282 28 0
249 29 0
260 29 0
265 29 0
245 31 0
217 35 0
245 35 0
219 36 0
247 37 0
247 38 0
247 39 0
152 41 0
188 41 0
189 41 0
190 41 0
191 41 0
194 41 0
195 41 0
198 41 0
199 41 0
202 41 0
203 41 0
209 41 0
210 41 0
240 41 0
247 41 0
151 42 0
152 42 0
163 42 0
182 42 0
183 42 0
184 42 0
185 42 0
186 42 0
187 42 0
188 42 0
189 42 0
190 42 0
191 42 0
192 42 0
193 42 0
194 42 0
195 42 0
196 42 0
197 42 0
198 42 0
199 42 0
200 42 0
201 42 0
202 42 0
203 42 0
204 42 0
205 42 0
206 42 0
207 42 0
208 42 0
209 42 0
210 42 0
211 42 0
212 42 0
213 42 0
214 42 0
215 42 0
216 42 0
217 42 0
218 42 0
219 42 0
220 42 0
221 42 0
222 42 0
223 42 0
224 42 0
225 42 0
226 42 0
227 42 0
228 42 0
229 42 0
230 42 0
231 42 0
232 42 0
233 42 0
234 42 0
235 42 0
236 42 0
237 42 0
238 42 0
239 42 0
240 42 0
241 42 0
242 42 0
243 42 0
244 42 0
245 42 0
246 42 0
256 42 0
262 42 0
267 42 0
274 42 0
275 42 0
281 42 0
283 42 0
338 42 0
341 42 0
146 43 0
147 43 0
148 43 0
149 43 0
150 43 0
166 43 0
167 43 0
181 43 0
196 43 0
198 43 0
200 43 0
201 43 0
202 43 0
203 43 0
204 43 0
205 43 0
206 43 0
207 43 0
208 43 0
209 43 0
210 43 0
211 43 0
212 43 0
213 43 0
214 43 0
215 43 0
216 43 0
217 43 0
218 43 0
219 43 0
220 43 0
221 43 0
222 43 0
223 43 0
224 43 0
225 43 0
226 43 0
227 43 0
228 43 0
229 43 0
230 43 0
231 43 0
232 43 0
233 43 0
234 43 0
235 43 0
236 43 0
237 43 0
238 43 0
239 43 0
240 43 0
241 43 0
242 43 0
243 43 0
247 43 0
249 43 0
251 43 0
255 43 0
260 43 0
147 44 0
154 44 0
295 44 0
132 45 0
133 45 0
134 45 0
180 45 0
295 45 0
296 45 0
297 45 0
298 45 0
300 45 0
8 46 0
128 46 0
129 46 0
130 46 0
131 46 0
137 46 0
300 46 0
301 46 0
302 46 0
305 46 0
308 46 0
309 46 0
104 47 0
112 47 0
119 47 0
318 47 0
319 47 0
322 47 0
94 48 0
101 48 0
103 48 0
187 48 0
188 48 0
189 48 0
190 48 0
326 48 0
337 48 0
339 48 0
340 48 0
342 48 0
90 49 0
188 49 0
189 49 0
190 49 0
191 49 0
192 49 0
193 49 0
194 49 0
195 49 0
196 49 0
197 49 0
198 49 0
199 49 0
200 49 0
201 49 0
202 49 0
203 49 0
204 49 0
205 49 0
207 49 0
208 49 0
343 49 0
157 50 0
158 50 0
195 50 0
198 50 0
199 50 0
200 50 0
202 50 0
203 50 0
204 50 0
205 50 0
206 50 0
207 50 0
208 50 0
209 50 0
210 50 0
211 50 0
212 50 0
213 50 0
214 50 0
215 50 0
216 50 0
217 50 0
218 50 0
219 50 0
220 50 0
221 50 0
223 50 0
224 50 0
225 50 0
226 50 0
227 50 0
228 50 0
229 50 0
230 50 0
231 50 0
232 50 0
233 50 0
235 50 0
239 50 0
240 50 0
154 51 0
220 51 0
221 51 0
223 51 0
224 51 0
225 51 0
226 51 0
227 51 0
228 51 0
229 51 0
230 51 0
231 51 0
232 51 0
233 51 0
234 51 0
235 51 0
236 51 0
237 51 0
238 51 0
239 51 0
240 51 0
241 51 0
242 51 0
243 51 0
244 51 0
245 51 0
246 51 0
247 51 0
248 51 0
249 51 0
250 51 0
251 51 0
252 51 0
253 51 0
254 51 0
255 51 0
256 51 0
257 51 0
258 51 0
260 51 0
261 51 0
262 51 0
263 51 0
264 51 0
265 51 0
266 51 0
270 51 0
271 51 0
273 51 0
275 51 0
277 51 0
278 51 0
151 52 0
152 52 0
158 52 0
255 52 0
256 52 0
257 52 0
261 52 0
262 52 0
264 52 0
265 52 0
266 52 0
268 52 0
269 52 0
270 52 0
271 52 0
273 52 0
274 52 0
275 52 0
276 52 0
277 52 0
278 52 0
279 52 0
280 52 0
281 52 0
158 53 0
160 53 0
154 54 0
155 54 0
148 55 0
150 55 0
151 55 0
152 55 0
153 55 0
101 56 0
142 56 0
146 56 0
147 56 0
148 56 0
149 56 0
150 56 0
124 57 0
125 57 0
92 58 0
93 58 0
94 58 0
186 66 0
190 120 0
89 128 0
191 130 0
192 130 0
192 131 0
193 131 0
194 131 0
195 131 0
196 131 0
197 131 0
193 132 0
194 132 0
195 132 0
196 132 0
197 132 0
198 132 0
199 132 0
200 132 0
201 132 0
202 132 0
203 132 0
204 132 0
205 132 0
191 133 0
205 133 0
206 133 0
207 133 0
208 133 0
209 133 0
210 133 0
211 133 0
212 133 0
194 134 0
213 134 0
214 134 0
215 134 0
216 134 0
217 134 0
218 134 0
219 134 0
220 134 0
221 134 0
221 135 0
222 135 0
223 135 0
224 135 0
225 135 0
226 135 0
227 135 0
228 135 0
229 135 0
232 135 0
206 136 0
207 136 0
228 136 0
229 136 0
230 136 0
231 136 0
232 136 0
233 136 0
234 136 0
235 136 0
236 136 0
237 136 0
238 136 0
239 136 0
241 136 0
243 136 0
238 137 0
239 137 0
240 137 0
241 137 0
242 137 0
243 137 0
244 137 0
245 137 0
246 137 0
247 137 0
249 137 0
225 138 0
226 138 0
246 138 0
247 138 0
248 138 0
249 138 0
250 138 0
251 138 0
252 138 0
253 138 0
254 138 0
255 138 0
256 138 0
257 138 0
258 138 0
230 139 0
232 139 0
257 139 0
258 139 0
259 139 0
260 139 0
261 139 0
262 139 0
263 139 0
264 139 0
265 139 0
266 139 0
236 140 0
238 140 0
239 140 0
241 140 0
245 140 0
266 140 0
267 140 0
268 140 0
269 140 0
270 140 0
271 140 0
246 141 0
257 142 0
260 142 0
261 142 0
266 143 0
65 144 0
66 144 0
63 145 0
62 146 0
62 149 0
67 149 0
68 149 0
63 150 0
63 151 0
18 152 0
27 152 0
47 153 0
55 153 0
58 154 0
247 174 0
249 175 0
232 176 0
233 176 0
241 176 0
212 177 0
244 177 0
239 178 0
240 178 0
245 178 0
243 179 0
278 180 0
214 184 0
214 185 0
216 185 0
270 190 0
232 192 0
293 194 0
233 195 0
214 198 0
215 198 0
216 198 0
245 198 0
218 199 0
257 199 0
187 200 0
220 200 0
221 200 0
198 201 0
214 201 0
222 201 0
229 201 0
230 202 0
212 203 0
213 203 0
218 203 0
172 204 0
214 204 0
215 204 0
216 205 0
217 205 0
219 206 0
220 207 0
221 207 0
237 209 0
206 210 0
233 214 0
341 214 0
228 220 0
209 225 0
224 226 0
219 232 0
169 234 0
198 237 0
235 237 0
236 237 0
104 198 1
105 198 1
106 198 1
107 198 1
106 199 1
107 199 1
108 199 1
96 200 1
108 200 1
109 200 1
95 201 1
108 201 1
109 201 1
110 201 1
94 202 1
95 202 1
108 202 1
109 202 1
111 202 1
112 202 1
134 202 1
136 202 1
137 202 1
139 202 1
94 203 1
95 203 1
97 203 1
109 203 1
110 203 1
111 203 1
112 203 1
113 203 1
114 203 1
116 203 1
120 203 1
121 203 1
137 203 1
138 203 1
139 203 1
140 203 1
93 204 1
116 204 1
120 204 1
121 204 1
123 204 1
138 204 1
139 204 1
140 204 1
141 204 1
142 204 1
125 205 1
126 205 1
138 205 1
140 205 1
141 205 1
140 206 1
141 206 1
143 206 1
91 207 1
140 207 1
141 207 1
142 207 1
143 207 1
145 207 1
90 208 1
91 208 1
92 208 1
143 208 1
144 208 1
145 208 1
146 208 1
90 209 1
91 209 1
145 209 1
146 209 1
148 209 1
90 210 1
91 210 1
146 210 1
147 210 1
148 210 1
90 211 1
91 211 1
146 211 1
147 211 1
148 211 1
89 212 1
90 212 1
91 212 1
147 212 1
89 213 1
91 213 1
147 213 1
89 214 1
91 214 1
147 214 1
148 214 1
149 214 1
89 215 1
90 215 1
147 215 1
149 215 1
150 215 1
90 216 1
147 216 1
148 216 1
90 217 1
147 217 1
147 218 1
89 219 1
90 219 1
91 219 1
93 219 1
124 219 1
147 219 1
148 219 1
90 220 1
91 220 1
118 220 1
125 220 1
147 220 1
148 220 1
89 221 1
118 221 1
123 221 1
147 221 1
87 222 1
118 222 1
119 222 1
120 222 1
123 222 1
147 222 1
148 222 1
87 223 1
88 223 1
119 223 1
120 223 1
147 223 1
148 223 1
88 224 1
89 224 1
147 224 1
148 224 1
88 225 1
89 225 1
147 225 1
148 225 1
149 225 1
88 226 1
89 226 1
147 226 1
149 226 1
147 227 1
148 227 1
149 227 1
151 227 1
87 228 1
88 228 1
147 228 1
148 228 1
149 228 1
87 229 1
147 229 1
148 229 1
86 230 1
87 230 1
88 230 1
147 230 1
148 230 1
88 231 1
147 231 1
148 231 1
88 232 1
147 232 1
148 232 1
85 233 1
147 233 1
149 233 1
147 234 1
149 234 1
89 235 1
147 235 1
148 235 1
91 236 1
147 236 1
148 236 1
92 237 1
94 237 1
107 237 1
147 237 1
149 237 1
150 237 1
107 238 1
123 238 1
112 239 1
113 239 1
118 239 1
120 239 1
123 239 1
125 239 1
130 239 1
102 240 1
103 240 1
125 240 1
126 240 1
130 240 1
135 240 1
141 240 1
104 241 1
114 241 1
141 241 1
104 242 1
137 242 1
137 243 1
138 243 1
90 244 1
139 244 1
130 246 1
111 247 1
133 247 1
124 253 1
