166 20 0
212 20 0
215 20 0
216 20 0
217 20 0
219 20 0
220 20 0
221 20 0
222 20 0
223 20 0
224 20 0
225 20 0
226 20 0
228 20 0
199 21 0
200 21 0
201 21 0
203 21 0
204 21 0
206 21 0
208 21 0
209 21 0
190 22 0
191 22 0
192 22 0
193 22 0
194 22 0
196 22 0
197 22 0
168 23 0
169 23 0
170 23 0
171 23 0
172 23 0
173 23 0
174 23 0
175 23 0
176 23 0
177 23 0
178 23 0
179 23 0
151 24 0
152 24 0
164 24 0
165 24 0
166 24 0
167 24 0
168 24 0
169 24 0
243 24 0
147 25 0
148 25 0
149 25 0
150 25 0
151 25 0
152 25 0
153 25 0
247 37 0
250 37 0
252 37 0
254 37 0
255 37 0
256 37 0
260 37 0
261 37 0
263 37 0
270 37 0
246 45 0
160 46 0
214 46 0
245 46 0
142 47 0
143 47 0
246 47 0
247 47 0
248 47 0
187 48 0
188 48 0
189 48 0
190 48 0
191 48 0
198 48 0
201 48 0
247 48 0
152 49 0
181 49 0
182 49 0
183 49 0
184 49 0
185 49 0
186 49 0
187 49 0
188 49 0
189 49 0
190 49 0
191 49 0
192 49 0
193 49 0
194 49 0
195 49 0
196 49 0
197 49 0
198 49 0
199 49 0
200 49 0
201 49 0
202 49 0
203 49 0
204 49 0
205 49 0
206 49 0
207 49 0
208 49 0
209 49 0
210 49 0
211 49 0
212 49 0
213 49 0
214 49 0
215 49 0
216 49 0
218 49 0
219 49 0
220 49 0
221 49 0
223 49 0
224 49 0
225 49 0
226 49 0
227 49 0
228 49 0
229 49 0
230 49 0
231 49 0
232 49 0
234 49 0
236 49 0
237 49 0
238 49 0
240 49 0
241 49 0
242 49 0
243 49 0
244 49 0
147 50 0
148 50 0
149 50 0
150 50 0
167 50 0
168 50 0
181 50 0
190 50 0
193 50 0
194 50 0
195 50 0
196 50 0
197 50 0
198 50 0
199 50 0
200 50 0
201 50 0
202 50 0
203 50 0
204 50 0
205 50 0
206 50 0
207 50 0
208 50 0
209 50 0
210 50 0
211 50 0
212 50 0
213 50 0
214 50 0
215 50 0
216 50 0
217 50 0
218 50 0
219 50 0
220 50 0
221 50 0
222 50 0
223 50 0
224 50 0
225 50 0
226 50 0
227 50 0
228 50 0
229 50 0
230 50 0
231 50 0
232 50 0
233 50 0
234 50 0
235 50 0
236 50 0
237 50 0
238 50 0
239 50 0
240 50 0
241 50 0
242 50 0
243 50 0
244 50 0
245 50 0
246 50 0
249 50 0
250 50 0
251 50 0
254 50 0
255 50 0
257 50 0
258 50 0
260 50 0
261 50 0
264 50 0
265 50 0
266 50 0
270 50 0
271 50 0
272 50 0
273 50 0
274 50 0
279 50 0
280 50 0
340 50 0
343 50 0
133 51 0
180 51 0
216 51 0
230 51 0
231 51 0
234 51 0
235 51 0
237 51 0
240 51 0
241 51 0
242 51 0
243 51 0
245 51 0
247 51 0
257 51 0
266 51 0
272 51 0
292 51 0
293 51 0
132 52 0
133 52 0
139 52 0
217 52 0
230 52 0
292 52 0
294 52 0
302 52 0
110 53 0
113 53 0
128 53 0
130 53 0
294 53 0
295 53 0
296 53 0
297 53 0
298 53 0
299 53 0
300 53 0
301 53 0
302 53 0
307 53 0
101 54 0
110 54 0
111 54 0
149 54 0
187 54 0
188 54 0
307 54 0
308 54 0
309 54 0
312 54 0
314 54 0
92 55 0
93 55 0
186 55 0
187 55 0
188 55 0
189 55 0
190 55 0
321 55 0
137 56 0
189 56 0
190 56 0
191 56 0
192 56 0
193 56 0
194 56 0
195 56 0
197 56 0
198 56 0
199 56 0
200 56 0
201 56 0
203 56 0
204 56 0
205 56 0
222 56 0
328 56 0
339 56 0
341 56 0
342 56 0
343 56 0
137 57 0
155 57 0
156 57 0
194 57 0
195 57 0
196 57 0
197 57 0
198 57 0
200 57 0
201 57 0
202 57 0
203 57 0
204 57 0
205 57 0
206 57 0
207 57 0
208 57 0
209 57 0
210 57 0
211 57 0
212 57 0
213 57 0
214 57 0
215 57 0
216 57 0
217 57 0
219 57 0
220 57 0
228 57 0
154 58 0
155 58 0
213 58 0
214 58 0
216 58 0
217 58 0
218 58 0
219 58 0
220 58 0
221 58 0
222 58 0
223 58 0
224 58 0
225 58 0
226 58 0
227 58 0
228 58 0
229 58 0
230 58 0
231 58 0
232 58 0
233 58 0
234 58 0
235 58 0
236 58 0
237 58 0
238 58 0
239 58 0
240 58 0
241 58 0
242 58 0
243 58 0
244 58 0
245 58 0
247 58 0
248 58 0
249 58 0
157 59 0
159 59 0
160 59 0
161 59 0
162 59 0
231 59 0
233 59 0
237 59 0
238 59 0
239 59 0
240 59 0
241 59 0
242 59 0
243 59 0
244 59 0
245 59 0
246 59 0
247 59 0
248 59 0
249 59 0
250 59 0
251 59 0
252 59 0
253 59 0
254 59 0
255 59 0
256 59 0
257 59 0
258 59 0
259 59 0
260 59 0
261 59 0
262 59 0
263 59 0
264 59 0
265 59 0
266 59 0
267 59 0
268 59 0
269 59 0
271 59 0
272 59 0
155 60 0
156 60 0
157 60 0
158 60 0
261 60 0
266 60 0
267 60 0
268 60 0
269 60 0
270 60 0
271 60 0
272 60 0
273 60 0
274 60 0
275 60 0
276 60 0
277 60 0
279 60 0
280 60 0
152 61 0
153 61 0
154 61 0
155 61 0
156 61 0
151 62 0
95 63 0
94 64 0
126 64 0
301 69 0
93 71 0
246 90 0
186 135 0
190 135 0
191 136 0
192 136 0
191 137 0
192 137 0
193 137 0
194 137 0
195 137 0
196 137 0
197 137 0
187 138 0
188 138 0
193 138 0
194 138 0
195 138 0
196 138 0
197 138 0
198 138 0
199 138 0
200 138 0
201 138 0
202 138 0
202 139 0
203 139 0
204 139 0
205 139 0
206 139 0
207 139 0
208 139 0
206 140 0
207 140 0
208 140 0
209 140 0
210 140 0
211 140 0
212 140 0
213 140 0
214 140 0
215 140 0
216 140 0
216 141 0
217 141 0
218 141 0
219 141 0
220 141 0
221 141 0
222 141 0
223 141 0
224 141 0
225 141 0
202 142 0
204 142 0
206 142 0
223 142 0
224 142 0
225 142 0
226 142 0
227 142 0
228 142 0
229 142 0
230 142 0
231 142 0
232 142 0
233 142 0
236 142 0
237 142 0
230 143 0
231 143 0
232 143 0
233 143 0
234 143 0
235 143 0
236 143 0
237 143 0
238 143 0
239 143 0
241 143 0
242 143 0
218 144 0
219 144 0
222 144 0
238 144 0
239 144 0
240 144 0
241 144 0
242 144 0
243 144 0
244 144 0
245 144 0
246 144 0
247 144 0
248 144 0
249 144 0
250 144 0
224 145 0
227 145 0
228 145 0
247 145 0
248 145 0
249 145 0
250 145 0
251 145 0
252 145 0
253 145 0
254 145 0
255 145 0
256 145 0
258 145 0
259 145 0
230 146 0
234 146 0
235 146 0
257 146 0
258 146 0
259 146 0
260 146 0
261 146 0
262 146 0
263 146 0
264 146 0
265 146 0
238 147 0
244 147 0
264 147 0
265 147 0
266 147 0
267 147 0
268 147 0
269 147 0
270 147 0
247 148 0
255 149 0
256 149 0
257 149 0
271 151 0
272 151 0
273 151 0
66 152 0
275 152 0
67 153 0
249 178 0
250 178 0
215 179 0
216 179 0
236 179 0
223 181 0
235 184 0
237 185 0
238 185 0
243 185 0
239 186 0
243 186 0
210 187 0
211 190 0
211 191 0
270 191 0
212 192 0
223 194 0
276 194 0
223 195 0
219 198 0
229 198 0
230 199 0
226 202 0
212 205 0
213 205 0
214 205 0
215 205 0
216 206 0
217 206 0
218 207 0
219 207 0
221 208 0
226 208 0
209 209 0
227 209 0
228 209 0
170 210 0
210 210 0
211 210 0
215 210 0
212 211 0
213 211 0
214 212 0
215 212 0
216 213 0
219 214 0
220 215 0
221 215 0
164 216 0
221 216 0
230 221 0
339 223 0
342 223 0
152 224 0
206 232 0
277 232 0
135 237 0
136 237 0
232 241 0
228 243 0
230 244 0
300 252 0
298 255 0
79 204 1
80 204 1
82 204 1
74 205 1
75 205 1
82 205 1
83 205 1
71 206 1
74 206 1
75 206 1
83 206 1
84 206 1
85 206 1
70 207 1
84 207 1
85 207 1
86 207 1
69 208 1
70 208 1
84 208 1
88 208 1
68 209 1
70 209 1
88 209 1
91 209 1
114 209 1
125 209 1
67 210 1
91 210 1
92 210 1
96 210 1
97 210 1
98 210 1
107 210 1
113 210 1
114 210 1
115 210 1
117 210 1
66 211 1
67 211 1
96 211 1
97 211 1
98 211 1
100 211 1
101 211 1
102 211 1
115 211 1
116 211 1
117 211 1
118 211 1
66 212 1
68 212 1
69 212 1
116 212 1
117 212 1
65 213 1
66 213 1
116 213 1
117 213 1
65 214 1
69 214 1
116 214 1
117 214 1
118 214 1
119 214 1
65 215 1
119 215 1
120 215 1
121 215 1
122 215 1
64 216 1
65 216 1
121 216 1
122 216 1
124 216 1
64 217 1
122 217 1
124 217 1
64 218 1
122 218 1
123 218 1
124 218 1
63 219 1
64 219 1
122 219 1
123 219 1
63 220 1
122 220 1
123 220 1
63 221 1
122 221 1
123 221 1
124 221 1
61 222 1
62 222 1
122 222 1
123 222 1
61 223 1
62 223 1
63 223 1
65 223 1
122 223 1
123 223 1
63 224 1
122 224 1
64 225 1
122 225 1
125 225 1
62 226 1
63 226 1
65 226 1
92 226 1
97 226 1
100 226 1
122 226 1
123 226 1
59 227 1
62 227 1
91 227 1
92 227 1
98 227 1
99 227 1
122 227 1
124 227 1
60 228 1
68 228 1
91 228 1
92 228 1
97 228 1
98 228 1
122 228 1
61 229 1
92 229 1
93 229 1
121 229 1
122 229 1
60 230 1
61 230 1
63 230 1
121 230 1
122 230 1
60 231 1
61 231 1
62 231 1
121 231 1
122 231 1
123 231 1
60 232 1
98 232 1
121 232 1
122 232 1
123 232 1
60 233 1
91 233 1
121 233 1
123 233 1
59 234 1
60 234 1
121 234 1
123 234 1
60 235 1
121 235 1
123 235 1
59 236 1
121 236 1
122 236 1
123 236 1
59 237 1
121 237 1
59 238 1
60 238 1
121 238 1
58 239 1
60 239 1
61 239 1
120 239 1
121 239 1
120 240 1
121 240 1
120 241 1
121 241 1
58 242 1
62 242 1
120 242 1
62 243 1
78 243 1
120 243 1
121 243 1
71 244 1
72 244 1
90 244 1
120 244 1
121 244 1
123 244 1
72 245 1
73 245 1
82 245 1
83 245 1
90 245 1
120 245 1
73 246 1
75 246 1
94 246 1
95 246 1
96 246 1
119 246 1
122 246 1
61 247 1
75 247 1
86 247 1
106 247 1
60 248 1
75 248 1
113 248 1
115 248 1
73 249 1
75 249 1
76 249 1
110 249 1
111 249 1
110 250 1
112 250 1
110 251 1
112 251 1
110 252 1
112 252 1
102 253 1
113 253 1
105 254 1
99 256 1
