47 7 0
62 8 0
105 9 0
119 9 0
91 10 0
105 10 0
118 10 0
119 10 0
131 10 0
132 10 0
145 10 0
119 11 0
131 11 0
132 11 0
145 11 0
158 11 0
175 11 0
183 11 0
109 12 0
118 12 0
132 12 0
136 12 0
145 12 0
158 12 0
169 12 0
171 12 0
200 12 0
247 12 0
105 13 0
150 13 0
163 13 0
171 13 0
181 13 0
200 13 0
208 13 0
212 13 0
220 13 0
224 13 0
247 13 0
105 14 0
109 14 0
118 14 0
119 14 0
132 14 0
136 14 0
150 14 0
175 14 0
188 14 0
196 14 0
200 14 0
208 14 0
212 14 0
220 14 0
224 14 0
235 14 0
243 14 0
266 14 0
119 15 0
132 15 0
136 15 0
145 15 0
157 15 0
188 15 0
196 15 0
200 15 0
208 15 0
212 15 0
220 15 0
224 15 0
232 15 0
235 15 0
243 15 0
258 15 0
266 15 0
269 15 0
119 16 0
132 16 0
150 16 0
158 16 0
171 16 0
184 16 0
196 16 0
208 16 0
212 16 0
220 16 0
224 16 0
232 16 0
236 16 0
247 16 0
258 16 0
119 17 0
171 17 0
188 17 0
212 17 0
224 17 0
232 17 0
243 17 0
247 17 0
276 17 0
302 17 0
184 18 0
208 18 0
224 18 0
255 18 0
277 18 0
132 19 0
184 19 0
232 19 0
236 19 0
266 19 0
277 19 0
232 20 0
236 20 0
255 20 0
266 20 0
277 20 0
288 20 0
184 21 0
213 21 0
232 21 0
236 21 0
244 21 0
270 21 0
236 22 0
244 22 0
184 23 0
266 23 0
277 23 0
225 24 0
255 24 0
178 25 0
189 25 0
213 25 0
189 26 0
213 26 0
232 27 0
267 27 0
221 28 0
267 28 0
159 29 0
166 29 0
209 29 0
221 29 0
289 29 0
221 30 0
256 30 0
133 31 0
248 31 0
259 31 0
289 31 0
199 33 0
200 33 0
271 34 0
278 34 0
233 35 0
245 35 0
271 35 0
278 35 0
233 36 0
245 36 0
185 37 0
221 37 0
133 38 0
233 38 0
268 38 0
279 38 0
233 39 0
234 39 0
247 39 0
268 39 0
279 39 0
280 39 0
290 39 0
311 39 0
133 40 0
226 40 0
235 40 0
247 40 0
268 40 0
269 40 0
280 40 0
290 40 0
299 40 0
300 40 0
311 40 0
327 40 0
341 40 0
185 41 0
234 41 0
247 41 0
268 41 0
272 41 0
300 41 0
301 41 0
304 41 0
311 41 0
327 41 0
342 41 0
235 42 0
236 42 0
268 42 0
272 42 0
343 42 0
226 43 0
235 43 0
240 43 0
247 43 0
249 43 0
268 43 0
272 43 0
300 43 0
304 43 0
316 43 0
330 43 0
120 44 0
227 44 0
229 44 0
232 44 0
234 44 0
235 44 0
240 44 0
241 44 0
242 44 0
243 44 0
245 44 0
247 44 0
249 44 0
250 44 0
268 44 0
269 44 0
272 44 0
280 44 0
300 44 0
301 44 0
316 44 0
331 44 0
335 44 0
120 45 0
185 45 0
226 45 0
235 45 0
236 45 0
241 45 0
243 45 0
247 45 0
268 45 0
269 45 0
300 45 0
301 45 0
316 45 0
317 45 0
324 45 0
335 45 0
336 45 0
120 46 0
222 46 0
223 46 0
226 46 0
228 46 0
235 46 0
236 46 0
241 46 0
259 46 0
268 46 0
269 46 0
272 46 0
273 46 0
301 46 0
325 46 0
335 46 0
336 46 0
226 47 0
228 47 0
230 47 0
234 47 0
241 47 0
245 47 0
249 47 0
250 47 0
269 47 0
272 47 0
273 47 0
301 47 0
324 47 0
335 47 0
336 47 0
120 48 0
226 48 0
228 48 0
234 48 0
241 48 0
245 48 0
247 48 0
248 48 0
249 48 0
250 48 0
269 48 0
273 48 0
301 48 0
305 48 0
329 48 0
330 48 0
336 48 0
337 48 0
225 49 0
228 49 0
230 49 0
235 49 0
236 49 0
245 49 0
246 49 0
247 49 0
248 49 0
250 49 0
251 49 0
269 49 0
273 49 0
301 49 0
305 49 0
330 49 0
331 49 0
337 49 0
203 50 0
224 50 0
225 50 0
228 50 0
230 50 0
236 50 0
245 50 0
246 50 0
247 50 0
248 50 0
251 50 0
269 50 0
273 50 0
281 50 0
292 50 0
293 50 0
301 50 0
305 50 0
317 50 0
324 50 0
330 50 0
331 50 0
336 50 0
337 50 0
191 51 0
224 51 0
225 51 0
228 51 0
229 51 0
235 51 0
245 51 0
247 51 0
248 51 0
251 51 0
261 51 0
273 51 0
292 51 0
301 51 0
324 51 0
325 51 0
330 51 0
331 51 0
336 51 0
337 51 0
203 52 0
223 52 0
245 52 0
251 52 0
261 52 0
269 52 0
273 52 0
284 52 0
294 52 0
330 52 0
337 52 0
338 52 0
204 53 0
220 53 0
223 53 0
224 53 0
251 53 0
261 53 0
269 53 0
273 53 0
295 53 0
306 53 0
328 53 0
336 53 0
337 53 0
338 53 0
216 54 0
223 54 0
251 54 0
258 54 0
269 54 0
273 54 0
280 54 0
295 54 0
223 55 0
225 55 0
251 55 0
258 55 0
269 55 0
273 55 0
280 55 0
284 55 0
291 55 0
295 55 0
322 55 0
338 55 0
343 55 0
211 56 0
223 56 0
224 56 0
252 56 0
269 56 0
273 56 0
280 56 0
284 56 0
291 56 0
321 56 0
343 56 0
199 57 0
211 57 0
223 57 0
224 57 0
225 57 0
252 57 0
258 57 0
269 57 0
284 57 0
295 57 0
321 57 0
322 57 0
199 58 0
223 58 0
225 58 0
226 58 0
227 58 0
228 58 0
241 58 0
252 58 0
270 58 0
280 58 0
291 58 0
295 58 0
211 59 0
227 59 0
228 59 0
229 59 0
233 59 0
234 59 0
239 59 0
240 59 0
241 59 0
250 59 0
251 59 0
252 59 0
270 59 0
281 59 0
292 59 0
302 59 0
322 59 0
327 59 0
329 59 0
337 59 0
211 60 0
228 60 0
232 60 0
233 60 0
234 60 0
239 60 0
240 60 0
241 60 0
249 60 0
251 60 0
302 60 0
310 60 0
320 60 0
322 60 0
330 60 0
331 60 0
334 60 0
224 61 0
232 61 0
234 61 0
235 61 0
239 61 0
241 61 0
242 61 0
248 61 0
249 61 0
251 61 0
302 61 0
310 61 0
326 61 0
334 61 0
335 61 0
338 61 0
222 62 0
224 62 0
232 62 0
234 62 0
235 62 0
238 62 0
239 62 0
241 62 0
242 62 0
248 62 0
249 62 0
270 62 0
285 62 0
291 62 0
302 62 0
311 62 0
322 62 0
327 62 0
329 62 0
332 62 0
334 62 0
335 62 0
338 62 0
222 63 0
224 63 0
232 63 0
234 63 0
235 63 0
236 63 0
238 63 0
241 63 0
242 63 0
248 63 0
249 63 0
250 63 0
262 63 0
270 63 0
281 63 0
284 63 0
291 63 0
311 63 0
316 63 0
322 63 0
327 63 0
329 63 0
332 63 0
334 63 0
335 63 0
338 63 0
224 64 0
231 64 0
232 64 0
235 64 0
236 64 0
237 64 0
238 64 0
241 64 0
242 64 0
248 64 0
249 64 0
250 64 0
251 64 0
271 64 0
281 64 0
291 64 0
292 64 0
303 64 0
316 64 0
322 64 0
327 64 0
329 64 0
332 64 0
335 64 0
221 65 0
224 65 0
231 65 0
232 65 0
233 65 0
234 65 0
235 65 0
236 65 0
237 65 0
238 65 0
239 65 0
240 65 0
242 65 0
243 65 0
247 65 0
249 65 0
251 65 0
262 65 0
281 65 0
291 65 0
292 65 0
303 65 0
314 65 0
323 65 0
327 65 0
329 65 0
330 65 0
336 65 0
218 66 0
223 66 0
224 66 0
231 66 0
233 66 0
234 66 0
235 66 0
236 66 0
239 66 0
240 66 0
241 66 0
242 66 0
243 66 0
247 66 0
249 66 0
254 66 0
274 66 0
279 66 0
281 66 0
284 66 0
285 66 0
291 66 0
292 66 0
311 66 0
323 66 0
327 66 0
329 66 0
330 66 0
333 66 0
224 67 0
226 67 0
231 67 0
233 67 0
235 67 0
238 67 0
239 67 0
241 67 0
242 67 0
243 67 0
246 67 0
247 67 0
254 67 0
262 67 0
271 67 0
274 67 0
280 67 0
281 67 0
285 67 0
292 67 0
303 67 0
312 67 0
316 67 0
323 67 0
327 67 0
329 67 0
330 67 0
335 67 0
337 67 0
338 67 0
223 68 0
224 68 0
225 68 0
226 68 0
231 68 0
232 68 0
233 68 0
235 68 0
236 68 0
238 68 0
239 68 0
241 68 0
243 68 0
246 68 0
247 68 0
248 68 0
251 68 0
252 68 0
253 68 0
271 68 0
280 68 0
281 68 0
285 68 0
292 68 0
303 68 0
312 68 0
313 68 0
316 68 0
323 68 0
329 68 0
335 68 0
338 68 0
339 68 0
224 69 0
225 69 0
226 69 0
233 69 0
236 69 0
238 69 0
241 69 0
243 69 0
244 69 0
247 69 0
248 69 0
253 69 0
262 69 0
271 69 0
281 69 0
282 69 0
291 69 0
292 69 0
313 69 0
316 69 0
317 69 0
319 69 0
323 69 0
335 69 0
226 70 0
233 70 0
238 70 0
247 70 0
248 70 0
259 70 0
262 70 0
315 70 0
321 70 0
323 70 0
324 70 0
335 70 0
217 71 0
248 71 0
252 71 0
263 71 0
293 71 0
240 72 0
263 72 0
274 72 0
293 72 0
307 72 0
228 73 0
252 73 0
259 73 0
263 73 0
271 73 0
274 73 0
224 74 0
271 74 0
274 74 0
281 74 0
293 74 0
236 75 0
248 75 0
271 75 0
285 75 0
293 75 0
314 75 0
224 76 0
248 76 0
252 76 0
259 76 0
263 76 0
271 76 0
282 76 0
293 76 0
248 77 0
271 77 0
282 77 0
293 77 0
314 77 0
248 78 0
252 78 0
263 78 0
271 78 0
282 78 0
293 78 0
307 78 0
41 79 0
225 79 0
236 79 0
248 79 0
252 79 0
271 79 0
275 79 0
282 79 0
293 79 0
217 80 0
224 80 0
236 80 0
248 80 0
282 80 0
304 80 0
225 81 0
229 81 0
236 81 0
248 81 0
249 81 0
260 81 0
275 81 0
282 81 0
42 82 0
43 82 0
213 82 0
225 82 0
229 82 0
236 82 0
248 82 0
249 82 0
282 82 0
297 82 0
213 83 0
236 83 0
241 83 0
264 83 0
275 83 0
42 84 0
213 84 0
249 84 0
264 84 0
282 84 0
293 84 0
297 84 0
25 85 0
27 85 0
42 85 0
43 85 0
44 85 0
213 85 0
237 85 0
241 85 0
249 85 0
260 85 0
264 85 0
275 85 0
282 85 0
283 85 0
294 85 0
315 85 0
27 86 0
28 86 0
29 86 0
213 86 0
225 86 0
237 86 0
241 86 0
249 86 0
260 86 0
264 86 0
283 86 0
294 86 0
315 86 0
15 87 0
16 87 0
17 87 0
18 87 0
24 87 0
26 87 0
29 87 0
213 87 0
225 87 0
237 87 0
249 87 0
264 87 0
272 87 0
283 87 0
294 87 0
315 87 0
13 88 0
14 88 0
15 88 0
16 88 0
17 88 0
18 88 0
19 88 0
20 88 0
22 88 0
24 88 0
25 88 0
26 88 0
27 88 0
28 88 0
213 88 0
225 88 0
237 88 0
249 88 0
264 88 0
272 88 0
283 88 0
294 88 0
297 88 0
13 89 0
14 89 0
15 89 0
16 89 0
17 89 0
25 89 0
26 89 0
27 89 0
28 89 0
225 89 0
237 89 0
249 89 0
253 89 0
261 89 0
272 89 0
283 89 0
294 89 0
308 89 0
326 89 0
12 90 0
13 90 0
14 90 0
15 90 0
16 90 0
27 90 0
230 90 0
237 90 0
249 90 0
272 90 0
283 90 0
286 90 0
305 90 0
326 90 0
11 91 0
12 91 0
13 91 0
14 91 0
15 91 0
34 91 0
44 91 0
213 91 0
237 91 0
242 91 0
249 91 0
272 91 0
283 91 0
11 92 0
12 92 0
13 92 0
14 92 0
15 92 0
33 92 0
36 92 0
37 92 0
38 92 0
46 92 0
213 92 0
237 92 0
249 92 0
261 92 0
283 92 0
286 92 0
294 92 0
10 93 0
11 93 0
12 93 0
13 93 0
39 93 0
48 93 0
213 93 0
237 93 0
261 93 0
283 93 0
294 93 0
295 93 0
9 94 0
10 94 0
11 94 0
12 94 0
13 94 0
49 94 0
226 94 0
230 94 0
261 94 0
283 94 0
295 94 0
8 95 0
9 95 0
10 95 0
11 95 0
12 95 0
33 95 0
50 95 0
226 95 0
261 95 0
276 95 0
283 95 0
295 95 0
8 96 0
9 96 0
10 96 0
11 96 0
48 96 0
49 96 0
50 96 0
226 96 0
250 96 0
261 96 0
264 96 0
283 96 0
295 96 0
8 97 0
9 97 0
10 97 0
11 97 0
47 97 0
48 97 0
49 97 0
226 97 0
261 97 0
273 97 0
276 97 0
283 97 0
284 97 0
295 97 0
226 98 0
250 98 0
273 98 0
284 98 0
226 99 0
238 99 0
261 99 0
273 99 0
238 100 0
250 100 0
261 100 0
273 100 0
284 100 0
238 101 0
273 101 0
295 101 0
238 102 0
250 102 0
238 103 0
250 103 0
277 103 0
284 103 0
317 103 0
243 104 0
250 104 0
273 104 0
277 104 0
238 105 0
277 105 0
238 106 0
277 106 0
284 106 0
238 107 0
250 107 0
262 107 0
277 107 0
284 107 0
251 109 0
262 109 0
274 109 0
285 109 0
28 110 0
251 110 0
262 110 0
274 110 0
285 110 0
27 111 0
28 111 0
29 111 0
274 111 0
285 111 0
28 112 0
29 112 0
274 112 0
29 113 0
263 113 0
274 113 0
29 114 0
274 114 0
30 115 0
263 115 0
274 115 0
263 116 0
274 116 0
296 116 0
263 117 0
24 118 0
297 120 0
297 121 0
319 129 0
85 62 1
86 62 1
83 63 1
84 63 1
101 63 1
102 63 1
103 63 1
104 63 1
105 63 1
81 64 1
82 64 1
104 64 1
105 64 1
106 64 1
79 65 1
80 65 1
81 65 1
106 65 1
107 65 1
78 66 1
79 66 1
80 66 1
107 66 1
108 66 1
77 67 1
78 67 1
108 67 1
109 67 1
76 68 1
77 68 1
109 68 1
110 68 1
74 69 1
75 69 1
76 69 1
109 69 1
110 69 1
111 69 1
74 70 1
75 70 1
110 70 1
111 70 1
74 71 1
75 71 1
111 71 1
112 71 1
74 72 1
75 72 1
111 72 1
112 72 1
74 73 1
75 73 1
76 73 1
112 73 1
113 73 1
74 74 1
75 74 1
76 74 1
112 74 1
113 74 1
114 74 1
74 75 1
75 75 1
76 75 1
113 75 1
114 75 1
74 76 1
75 76 1
77 76 1
113 76 1
114 76 1
74 77 1
76 77 1
77 77 1
78 77 1
114 77 1
115 77 1
77 78 1
78 78 1
79 78 1
114 78 1
115 78 1
79 79 1
80 79 1
114 79 1
115 79 1
73 80 1
81 80 1
82 80 1
114 80 1
115 80 1
116 80 1
73 81 1
87 81 1
114 81 1
115 81 1
116 81 1
73 82 1
115 82 1
116 82 1
82 83 1
115 83 1
116 83 1
85 84 1
115 84 1
116 84 1
85 85 1
87 85 1
115 85 1
116 85 1
117 85 1
85 86 1
86 86 1
87 86 1
115 86 1
116 86 1
85 87 1
86 87 1
116 87 1
117 87 1
85 88 1
87 88 1
88 88 1
93 88 1
116 88 1
117 88 1
87 89 1
88 89 1
116 89 1
117 89 1
85 90 1
86 90 1
87 90 1
88 90 1
116 90 1
117 90 1
118 90 1
86 91 1
87 91 1
116 91 1
117 91 1
86 92 1
87 92 1
116 92 1
117 92 1
118 92 1
116 93 1
117 93 1
118 93 1
88 94 1
116 94 1
117 94 1
118 94 1
87 95 1
88 95 1
117 95 1
118 95 1
88 96 1
117 96 1
118 96 1
119 96 1
70 97 1
87 97 1
88 97 1
117 97 1
118 97 1
119 97 1
70 98 1
86 98 1
87 98 1
117 98 1
118 98 1
119 98 1
70 99 1
83 99 1
86 99 1
117 99 1
118 99 1
119 99 1
120 99 1
83 100 1
85 100 1
88 100 1
119 100 1
120 100 1
121 100 1
83 101 1
84 101 1
85 101 1
107 101 1
119 101 1
120 101 1
83 102 1
84 102 1
118 102 1
119 102 1
120 102 1
83 103 1
84 103 1
118 103 1
119 103 1
120 103 1
83 104 1
120 104 1
121 104 1
83 105 1
119 105 1
120 105 1
121 105 1
83 106 1
120 106 1
121 106 1
122 106 1
81 107 1
82 107 1
83 107 1
120 107 1
121 107 1
122 107 1
82 108 1
83 108 1
121 108 1
122 108 1
83 109 1
99 109 1
120 109 1
122 109 1
83 110 1
84 110 1
90 110 1
95 110 1
96 110 1
122 110 1
83 111 1
84 111 1
89 111 1
90 111 1
95 111 1
96 111 1
97 111 1
121 111 1
122 111 1
123 111 1
84 112 1
88 112 1
89 112 1
96 112 1
97 112 1
98 112 1
99 112 1
100 112 1
122 112 1
123 112 1
84 113 1
85 113 1
87 113 1
97 113 1
98 113 1
99 113 1
100 113 1
119 113 1
122 113 1
123 113 1
84 114 1
85 114 1
87 114 1
98 114 1
99 114 1
100 114 1
101 114 1
107 114 1
112 114 1
123 114 1
99 115 1
100 115 1
101 115 1
102 115 1
107 115 1
112 115 1
123 115 1
124 115 1
100 116 1
101 116 1
103 116 1
124 116 1
100 117 1
101 117 1
103 117 1
112 117 1
121 117 1
124 117 1
125 117 1
101 118 1
102 118 1
103 118 1
112 118 1
113 118 1
121 118 1
124 118 1
102 119 1
103 119 1
104 119 1
113 119 1
121 119 1
124 119 1
125 119 1
126 119 1
102 120 1
103 120 1
104 120 1
113 120 1
125 120 1
126 120 1
102 121 1
103 121 1
104 121 1
105 121 1
113 121 1
124 121 1
126 121 1
103 122 1
104 122 1
105 122 1
121 122 1
127 122 1
103 123 1
104 123 1
106 123 1
122 123 1
126 123 1
103 124 1
104 124 1
105 124 1
106 124 1
122 124 1
127 124 1
104 125 1
105 125 1
106 125 1
114 125 1
123 125 1
127 125 1
104 126 1
105 126 1
106 126 1
123 126 1
105 127 1
106 127 1
123 127 1
124 127 1
105 128 1
106 128 1
114 128 1
123 128 1
124 128 1
105 129 1
106 129 1
107 129 1
115 129 1
124 129 1
105 130 1
106 130 1
107 130 1
115 130 1
124 130 1
105 131 1
106 131 1
107 131 1
115 131 1
125 131 1
106 132 1
107 132 1
125 132 1
106 133 1
107 133 1
108 133 1
115 133 1
125 133 1
106 134 1
107 134 1
108 134 1
111 134 1
115 134 1
125 134 1
106 135 1
107 135 1
108 135 1
109 135 1
125 135 1
126 135 1
107 136 1
108 136 1
109 136 1
126 136 1
107 137 1
108 137 1
109 137 1
110 137 1
126 137 1
135 137 1
136 137 1
107 138 1
108 138 1
109 138 1
110 138 1
136 138 1
137 138 1
107 139 1
108 139 1
109 139 1
110 139 1
136 139 1
137 139 1
107 140 1
108 140 1
109 140 1
110 140 1
136 140 1
137 140 1
75 141 1
107 141 1
108 141 1
109 141 1
110 141 1
111 141 1
137 141 1
138 141 1
77 142 1
108 142 1
109 142 1
110 142 1
111 142 1
138 142 1
139 142 1
71 143 1
75 143 1
108 143 1
109 143 1
110 143 1
111 143 1
139 143 1
74 144 1
108 144 1
109 144 1
110 144 1
111 144 1
139 144 1
108 145 1
109 145 1
110 145 1
111 145 1
108 146 1
109 146 1
110 146 1
141 146 1
108 147 1
109 147 1
110 147 1
111 147 1
141 147 1
108 148 1
109 148 1
110 148 1
142 148 1
108 149 1
109 149 1
110 149 1
113 149 1
142 149 1
108 150 1
109 150 1
110 150 1
143 150 1
108 151 1
109 151 1
143 151 1
108 152 1
109 152 1
110 152 1
143 152 1
144 152 1
72 153 1
107 153 1
108 153 1
109 153 1
111 153 1
144 153 1
68 154 1
72 154 1
108 154 1
109 154 1
110 154 1
112 154 1
145 154 1
72 155 1
108 155 1
109 155 1
110 155 1
112 155 1
113 155 1
145 155 1
146 155 1
108 156 1
109 156 1
110 156 1
113 156 1
146 156 1
107 157 1
108 157 1
109 157 1
112 157 1
146 157 1
107 158 1
111 158 1
112 158 1
147 158 1
108 159 1
109 159 1
110 159 1
111 159 1
112 159 1
147 159 1
148 159 1
109 160 1
110 160 1
111 160 1
112 160 1
148 160 1
109 161 1
110 161 1
111 161 1
148 161 1
108 162 1
109 162 1
115 162 1
116 162 1
149 162 1
108 163 1
109 163 1
115 163 1
149 163 1
110 164 1
114 164 1
116 164 1
150 164 1
113 165 1
116 165 1
150 165 1
151 165 1
115 166 1
116 166 1
150 166 1
151 166 1
115 167 1
116 167 1
117 167 1
151 167 1
115 168 1
116 168 1
117 168 1
151 168 1
152 168 1
153 168 1
115 169 1
116 169 1
152 169 1
153 169 1
115 170 1
116 170 1
117 170 1
153 170 1
116 171 1
117 171 1
153 171 1
85 172 1
116 172 1
117 172 1
153 172 1
116 173 1
117 173 1
153 173 1
116 174 1
117 174 1
139 174 1
152 174 1
153 174 1
87 175 1
116 175 1
117 175 1
144 175 1
151 175 1
152 175 1
87 176 1
116 176 1
117 176 1
148 176 1
151 176 1
116 177 1
117 177 1
148 177 1
150 177 1
116 178 1
117 178 1
148 178 1
149 178 1
116 179 1
117 179 1
146 179 1
116 180 1
117 180 1
144 180 1
145 180 1
116 181 1
117 181 1
143 181 1
116 182 1
117 182 1
116 183 1
117 183 1
141 183 1
116 184 1
117 184 1
139 184 1
140 184 1
116 185 1
138 185 1
116 186 1
137 186 1
116 187 1
117 187 1
135 187 1
116 188 1
117 188 1
133 188 1
134 188 1
116 189 1
117 189 1
116 190 1
117 190 1
116 191 1
117 191 1
116 192 1
117 192 1
116 193 1
117 193 1
116 194 1
117 194 1
126 194 1
116 195 1
125 195 1
115 196 1
116 196 1
123 196 1
114 197 1
115 197 1
116 197 1
120 197 1
114 198 1
115 198 1
113 199 1
114 199 1
71 200 1
75 200 1
71 201 1
107 201 1
70 202 1
78 202 1
69 203 1
70 203 1
81 203 1
96 203 1
102 203 1
116 203 1
69 204 1
70 204 1
83 204 1
116 204 1
117 204 1
69 205 1
70 205 1
117 205 1
69 206 1
70 206 1
117 206 1
69 207 1
70 207 1
117 207 1
69 208 1
70 208 1
94 208 1
117 208 1
70 209 1
70 210 1
70 211 1
71 211 1
121 211 1
71 212 1
120 212 1
71 213 1
120 213 1
71 214 1
72 214 1
120 214 1
71 215 1
72 215 1
120 215 1
72 216 1
121 216 1
72 217 1
121 217 1
72 218 1
121 218 1
121 219 1
73 220 1
121 220 1
73 221 1
121 221 1
122 221 1
73 222 1
74 222 1
96 222 1
121 222 1
122 222 1
74 223 1
122 223 1
74 224 1
122 224 1
73 225 1
122 225 1
122 226 1
72 227 1
122 227 1
71 228 1
122 228 1
71 229 1
122 229 1
122 230 1
70 231 1
48 232 1
70 232 1
25 233 1
46 234 1
44 235 1
123 236 1
43 237 1
122 237 1
42 238 1
122 238 1
120 242 1
66 243 1
124 248 1
63 251 1
174 59 2
174 60 2
174 61 2
162 65 2
161 70 2
162 70 2
162 71 2
135 73 2
187 73 2
135 74 2
156 78 2
149 79 2
161 79 2
175 81 2
149 82 2
175 82 2
175 83 2
175 84 2
188 84 2
136 85 2
149 85 2
175 85 2
188 86 2
175 87 2
148 88 2
149 88 2
175 88 2
130 89 2
161 89 2
163 89 2
188 89 2
163 90 2
157 91 2
163 91 2
149 92 2
163 92 2
149 93 2
163 93 2
182 93 2
169 94 2
176 94 2
123 95 2
169 95 2
175 95 2
194 95 2
201 95 2
169 96 2
136 97 2
143 97 2
169 97 2
182 97 2
150 98 2
137 99 2
150 99 2
176 99 2
170 100 2
176 100 2
189 100 2
150 101 2
174 101 2
176 101 2
189 101 2
136 102 2
137 102 2
150 102 2
157 102 2
163 102 2
176 102 2
183 102 2
124 103 2
157 103 2
176 103 2
182 103 2
136 104 2
137 104 2
150 104 2
170 104 2
176 104 2
182 104 2
189 104 2
202 104 2
189 105 2
195 105 2
150 106 2
176 106 2
131 107 2
150 107 2
169 107 2
176 107 2
189 107 2
150 108 2
151 108 2
164 108 2
170 108 2
189 108 2
137 109 2
150 109 2
164 109 2
169 109 2
170 109 2
189 109 2
137 110 2
150 110 2
162 110 2
164 110 2
189 110 2
190 110 2
150 111 2
151 111 2
131 112 2
132 112 2
163 112 2
164 112 2
171 112 2
131 113 2
163 113 2
164 113 2
169 113 2
182 113 2
190 113 2
145 114 2
164 114 2
177 114 2
190 114 2
137 115 2
151 115 2
163 115 2
164 115 2
170 115 2
177 115 2
183 115 2
190 115 2
124 116 2
151 116 2
164 116 2
177 116 2
183 116 2
190 116 2
164 117 2
170 117 2
177 117 2
183 117 2
190 117 2
137 118 2
164 118 2
170 118 2
177 118 2
183 118 2
190 118 2
195 118 2
196 118 2
137 119 2
150 119 2
151 119 2
158 119 2
164 119 2
177 119 2
190 119 2
137 120 2
145 120 2
146 120 2
151 120 2
177 120 2
190 120 2
196 120 2
190 121 2
203 121 2
151 122 2
170 122 2
171 122 2
177 122 2
190 122 2
191 122 2
164 123 2
171 123 2
177 123 2
183 123 2
190 123 2
138 124 2
151 124 2
158 124 2
170 124 2
184 124 2
208 124 2
138 125 2
151 125 2
159 125 2
228 125 2
138 126 2
146 126 2
151 126 2
171 126 2
203 126 2
228 126 2
151 127 2
159 127 2
183 127 2
184 127 2
203 127 2
204 127 2
133 128 2
146 128 2
151 128 2
159 128 2
171 128 2
146 129 2
151 129 2
159 129 2
165 129 2
171 129 2
151 130 2
152 130 2
163 130 2
165 130 2
172 130 2
178 130 2
184 130 2
151 131 2
152 131 2
159 131 2
178 131 2
191 131 2
138 132 2
151 132 2
152 132 2
163 132 2
165 132 2
171 132 2
178 132 2
191 132 2
152 133 2
163 133 2
165 133 2
171 133 2
178 133 2
191 133 2
152 134 2
159 134 2
163 134 2
165 134 2
171 134 2
178 134 2
191 134 2
138 135 2
151 135 2
152 135 2
165 135 2
178 135 2
191 135 2
204 135 2
152 136 2
165 136 2
184 136 2
188 136 2
191 136 2
229 136 2
287 136 2
138 137 2
152 137 2
165 137 2
172 137 2
178 137 2
191 137 2
229 137 2
125 138 2
152 138 2
165 138 2
171 138 2
178 138 2
229 138 2
152 139 2
165 139 2
229 139 2
151 140 2
152 140 2
165 140 2
171 140 2
172 140 2
229 140 2
133 141 2
134 141 2
139 141 2
151 141 2
152 141 2
171 141 2
172 141 2
185 141 2
229 141 2
268 141 2
287 141 2
152 142 2
165 142 2
229 142 2
287 142 2
138 143 2
139 143 2
152 143 2
265 143 2
280 143 2
151 144 2
159 144 2
185 144 2
191 144 2
276 144 2
139 145 2
151 145 2
172 145 2
197 145 2
276 145 2
139 146 2
171 146 2
185 146 2
192 146 2
276 146 2
160 147 2
185 147 2
192 147 2
146 148 2
159 148 2
166 148 2
172 148 2
192 148 2
166 149 2
192 149 2
166 150 2
172 150 2
179 150 2
192 150 2
153 151 2
160 151 2
166 151 2
172 151 2
179 151 2
192 151 2
242 151 2
246 151 2
254 151 2
166 152 2
179 152 2
192 152 2
246 152 2
152 153 2
166 153 2
172 153 2
179 153 2
192 153 2
147 154 2
152 154 2
153 154 2
164 154 2
166 154 2
179 154 2
139 155 2
153 155 2
160 155 2
166 155 2
179 155 2
192 155 2
153 156 2
166 156 2
192 156 2
230 156 2
147 157 2
153 157 2
159 157 2
166 157 2
192 157 2
205 157 2
230 157 2
153 158 2
159 158 2
166 158 2
177 158 2
266 158 2
139 159 2
153 159 2
172 159 2
185 159 2
289 159 2
153 160 2
159 160 2
266 160 2
277 160 2
278 160 2
140 161 2
147 161 2
153 161 2
172 161 2
173 161 2
185 161 2
197 161 2
266 161 2
277 161 2
278 161 2
292 161 2
140 162 2
153 162 2
179 162 2
186 162 2
230 162 2
278 162 2
140 163 2
147 163 2
153 163 2
178 163 2
186 163 2
278 163 2
281 163 2
152 164 2
159 164 2
186 164 2
278 164 2
172 165 2
180 165 2
278 165 2
160 166 2
180 166 2
185 166 2
193 166 2
219 166 2
160 167 2
165 167 2
178 167 2
180 167 2
193 167 2
218 167 2
219 167 2
281 167 2
160 168 2
180 168 2
193 168 2
206 168 2
219 168 2
255 168 2
154 169 2
179 169 2
180 169 2
193 169 2
206 169 2
154 170 2
167 170 2
179 170 2
180 170 2
193 170 2
206 170 2
231 170 2
243 170 2
167 171 2
172 171 2
180 171 2
198 171 2
231 171 2
243 171 2
154 172 2
167 172 2
174 172 2
231 172 2
290 172 2
148 173 2
154 173 2
160 173 2
165 173 2
167 173 2
174 173 2
178 173 2
198 173 2
202 173 2
231 173 2
289 173 2
290 173 2
154 174 2
167 174 2
178 174 2
198 174 2
231 174 2
290 174 2
140 175 2
167 175 2
173 175 2
178 175 2
271 175 2
290 175 2
154 176 2
166 176 2
167 176 2
178 176 2
180 176 2
186 176 2
154 177 2
167 177 2
174 177 2
198 177 2
148 178 2
154 178 2
167 178 2
154 179 2
161 179 2
167 179 2
267 179 2
282 179 2
283 179 2
153 180 2
154 180 2
161 180 2
167 180 2
173 180 2
153 181 2
154 181 2
161 181 2
187 181 2
194 181 2
282 181 2
283 181 2
154 182 2
161 182 2
174 182 2
193 182 2
194 182 2
279 182 2
290 182 2
154 183 2
160 183 2
161 183 2
194 183 2
279 183 2
290 183 2
148 184 2
166 184 2
181 184 2
194 184 2
290 184 2
161 185 2
181 185 2
186 185 2
194 185 2
244 185 2
160 186 2
161 186 2
162 186 2
168 186 2
173 186 2
181 186 2
191 186 2
220 186 2
244 186 2
168 187 2
181 187 2
194 187 2
220 187 2
244 187 2
168 188 2
179 188 2
181 188 2
194 188 2
220 188 2
166 189 2
168 189 2
173 189 2
181 189 2
191 189 2
194 189 2
220 189 2
168 190 2
174 190 2
181 190 2
186 190 2
191 190 2
166 191 2
168 191 2
181 191 2
168 192 2
181 192 2
191 192 2
232 192 2
168 193 2
173 193 2
174 193 2
181 193 2
188 193 2
291 193 2
168 194 2
181 194 2
187 194 2
154 195 2
155 195 2
187 195 2
154 196 2
155 196 2
179 196 2
154 197 2
155 197 2
280 197 2
155 198 2
188 198 2
154 199 2
155 199 2
182 199 2
154 200 2
182 200 2
162 201 2
182 201 2
195 201 2
162 202 2
182 202 2
195 202 2
174 203 2
182 203 2
195 203 2
221 203 2
167 204 2
174 204 2
182 204 2
195 204 2
174 205 2
182 205 2
221 205 2
169 206 2
174 206 2
187 206 2
192 206 2
169 207 2
182 207 2
192 207 2
169 208 2
180 208 2
182 208 2
192 208 2
155 209 2
162 209 2
169 209 2
176 209 2
182 209 2
155 210 2
156 210 2
169 210 2
180 210 2
156 211 2
163 211 2
169 211 2
182 211 2
155 212 2
156 212 2
169 212 2
155 213 2
156 213 2
169 213 2
180 213 2
155 214 2
169 214 2
175 214 2
182 214 2
155 215 2
155 216 2
196 216 2
155 217 2
196 217 2
168 218 2
168 219 2
170 219 2
175 219 2
183 219 2
196 219 2
168 220 2
170 220 2
183 220 2
193 220 2
168 221 2
170 221 2
175 221 2
141 222 2
142 222 2
170 222 2
141 223 2
142 223 2
170 223 2
183 223 2
142 224 2
170 224 2
183 224 2
170 225 2
176 225 2
183 225 2
170 226 2
181 226 2
183 226 2
156 227 2
170 227 2
183 227 2
156 228 2
157 228 2
170 228 2
183 228 2
170 229 2
176 229 2
156 230 2
163 230 2
170 230 2
156 231 2
170 231 2
142 232 2
143 232 2
156 232 2
181 232 2
181 233 2
142 234 2
143 234 2
142 235 2
176 235 2
184 235 2
142 236 2
143 236 2
177 236 2
184 236 2
177 238 2
184 238 2
157 239 2
189 239 2
157 240 2
171 240 2
184 240 2
157 241 2
158 241 2
184 241 2
157 242 2
171 242 2
143 243 2
171 243 2
171 244 2
178 244 2
171 245 2
182 246 2
184 246 2
157 247 2
171 247 2
171 248 2
182 248 2
143 249 2
144 249 2
143 250 2
143 251 2
178 251 2
143 252 2
178 252 2
143 253 2
178 253 2
143 254 2
158 257 2
172 257 2
