70 9 0
85 9 0
126 9 0
70 10 0
99 11 0
126 12 0
139 12 0
152 12 0
117 14 0
177 14 0
202 15 0
178 16 0
190 16 0
202 16 0
214 16 0
190 17 0
195 17 0
202 17 0
214 17 0
218 17 0
182 18 0
195 18 0
206 18 0
207 18 0
214 18 0
218 18 0
226 18 0
229 18 0
214 19 0
218 19 0
230 19 0
195 20 0
226 20 0
230 20 0
241 20 0
249 20 0
252 20 0
274 20 0
219 21 0
226 21 0
230 21 0
238 21 0
252 21 0
263 21 0
264 21 0
274 21 0
226 22 0
230 22 0
241 22 0
264 22 0
270 22 0
274 22 0
226 23 0
230 23 0
241 23 0
253 23 0
270 23 0
274 23 0
316 23 0
226 24 0
238 24 0
260 24 0
264 24 0
274 24 0
285 24 0
295 24 0
238 25 0
253 25 0
264 25 0
274 25 0
285 25 0
295 25 0
238 26 0
242 26 0
253 26 0
260 26 0
264 26 0
281 26 0
292 26 0
302 26 0
215 27 0
231 27 0
238 27 0
242 27 0
253 27 0
264 27 0
325 27 0
242 28 0
264 28 0
242 29 0
242 32 0
242 33 0
194 35 0
192 36 0
160 37 0
204 40 0
205 40 0
227 40 0
232 40 0
232 41 0
272 41 0
148 42 0
217 42 0
227 42 0
228 42 0
261 42 0
272 42 0
273 42 0
198 43 0
220 43 0
228 43 0
229 43 0
261 43 0
262 43 0
273 43 0
274 43 0
274 44 0
278 44 0
284 44 0
289 44 0
293 44 0
304 44 0
218 45 0
228 45 0
229 45 0
262 45 0
293 45 0
304 45 0
308 45 0
319 45 0
334 45 0
185 46 0
220 46 0
221 46 0
232 46 0
233 46 0
234 46 0
238 46 0
242 46 0
243 46 0
262 46 0
297 46 0
304 46 0
334 46 0
335 46 0
161 47 0
199 47 0
226 47 0
229 47 0
230 47 0
234 47 0
238 47 0
239 47 0
241 47 0
243 47 0
244 47 0
262 47 0
321 47 0
335 47 0
336 47 0
148 48 0
196 48 0
224 48 0
229 48 0
230 48 0
234 48 0
235 48 0
236 48 0
237 48 0
241 48 0
242 48 0
262 48 0
293 48 0
294 48 0
304 48 0
305 48 0
309 48 0
322 48 0
323 48 0
222 49 0
225 49 0
226 49 0
234 49 0
235 49 0
237 49 0
241 49 0
242 49 0
262 49 0
293 49 0
294 49 0
297 49 0
298 49 0
323 49 0
324 49 0
327 49 0
328 49 0
220 50 0
221 50 0
222 50 0
224 50 0
225 50 0
228 50 0
235 50 0
238 50 0
239 50 0
243 50 0
262 50 0
266 50 0
294 50 0
298 50 0
327 50 0
328 50 0
219 51 0
222 51 0
228 51 0
229 51 0
235 51 0
238 51 0
239 51 0
241 51 0
243 51 0
244 51 0
262 51 0
266 51 0
294 51 0
298 51 0
317 51 0
319 51 0
322 51 0
327 51 0
328 51 0
341 51 0
342 51 0
148 52 0
219 52 0
222 52 0
224 52 0
225 52 0
229 52 0
230 52 0
239 52 0
241 52 0
246 52 0
262 52 0
266 52 0
294 52 0
298 52 0
316 52 0
317 52 0
318 52 0
319 52 0
320 52 0
321 52 0
322 52 0
327 52 0
328 52 0
342 52 0
141 53 0
218 53 0
222 53 0
239 53 0
241 53 0
246 53 0
262 53 0
266 53 0
294 53 0
322 53 0
323 53 0
328 53 0
329 53 0
337 53 0
141 54 0
222 54 0
223 54 0
226 54 0
239 54 0
241 54 0
243 54 0
246 54 0
253 54 0
254 54 0
255 54 0
262 54 0
266 54 0
285 54 0
294 54 0
298 54 0
318 54 0
319 54 0
320 54 0
322 54 0
323 54 0
337 54 0
191 55 0
217 55 0
239 55 0
246 55 0
255 55 0
266 55 0
285 55 0
286 55 0
294 55 0
298 55 0
316 55 0
317 55 0
322 55 0
323 55 0
329 55 0
336 55 0
337 55 0
121 56 0
217 56 0
246 56 0
255 56 0
262 56 0
267 56 0
286 56 0
287 56 0
288 56 0
298 56 0
306 56 0
323 56 0
329 56 0
330 56 0
336 56 0
337 56 0
217 57 0
246 57 0
255 57 0
288 57 0
306 57 0
318 57 0
319 57 0
320 57 0
323 57 0
329 57 0
330 57 0
337 57 0
108 58 0
211 58 0
217 58 0
246 58 0
255 58 0
267 58 0
273 58 0
288 58 0
320 58 0
329 58 0
330 58 0
331 58 0
154 59 0
211 59 0
217 59 0
246 59 0
255 59 0
267 59 0
268 59 0
273 59 0
288 59 0
154 60 0
217 60 0
246 60 0
263 60 0
267 60 0
273 60 0
277 60 0
288 60 0
299 60 0
315 60 0
217 61 0
218 61 0
219 61 0
220 61 0
221 61 0
222 61 0
227 61 0
246 61 0
263 61 0
267 61 0
273 61 0
277 61 0
288 61 0
315 61 0
222 62 0
227 62 0
228 62 0
234 62 0
235 62 0
244 62 0
246 62 0
263 62 0
264 62 0
273 62 0
284 62 0
295 62 0
315 62 0
121 63 0
148 63 0
227 63 0
228 63 0
233 63 0
234 63 0
235 63 0
244 63 0
245 63 0
246 63 0
255 63 0
265 63 0
274 63 0
276 63 0
285 63 0
295 63 0
315 63 0
228 64 0
229 64 0
233 64 0
235 64 0
242 64 0
244 64 0
245 64 0
255 64 0
266 64 0
289 64 0
295 64 0
302 64 0
303 64 0
315 64 0
319 64 0
320 64 0
321 64 0
322 64 0
323 64 0
324 64 0
326 64 0
335 64 0
336 64 0
337 64 0
338 64 0
225 65 0
228 65 0
229 65 0
232 65 0
234 65 0
235 65 0
242 65 0
245 65 0
246 65 0
255 65 0
276 65 0
289 65 0
295 65 0
297 65 0
303 65 0
315 65 0
319 65 0
326 65 0
327 65 0
339 65 0
212 66 0
225 66 0
228 66 0
229 66 0
232 66 0
235 66 0
236 66 0
242 66 0
244 66 0
255 66 0
263 66 0
264 66 0
295 66 0
297 66 0
304 66 0
319 66 0
326 66 0
330 66 0
180 67 0
212 67 0
217 67 0
218 67 0
225 67 0
229 67 0
230 67 0
232 67 0
234 67 0
235 67 0
236 67 0
241 67 0
242 67 0
243 67 0
244 67 0
245 67 0
255 67 0
264 67 0
274 67 0
319 67 0
321 67 0
324 67 0
326 67 0
327 67 0
216 68 0
217 68 0
218 68 0
225 68 0
227 68 0
228 68 0
229 68 0
230 68 0
231 68 0
232 68 0
233 68 0
234 68 0
235 68 0
236 68 0
242 68 0
243 68 0
244 68 0
245 68 0
247 68 0
255 68 0
265 68 0
274 68 0
287 68 0
295 68 0
319 68 0
321 68 0
326 68 0
327 68 0
336 68 0
34 69 0
217 69 0
218 69 0
225 69 0
227 69 0
228 69 0
230 69 0
232 69 0
233 69 0
234 69 0
236 69 0
240 69 0
242 69 0
243 69 0
244 69 0
247 69 0
255 69 0
274 69 0
295 69 0
296 69 0
319 69 0
321 69 0
322 69 0
327 69 0
328 69 0
336 69 0
337 69 0
338 69 0
339 69 0
180 70 0
217 70 0
218 70 0
225 70 0
228 70 0
229 70 0
232 70 0
234 70 0
235 70 0
236 70 0
237 70 0
240 70 0
267 70 0
274 70 0
278 70 0
296 70 0
304 70 0
316 70 0
319 70 0
321 70 0
322 70 0
325 70 0
330 70 0
217 71 0
218 71 0
219 71 0
220 71 0
225 71 0
226 71 0
229 71 0
230 71 0
231 71 0
232 71 0
234 71 0
235 71 0
236 71 0
237 71 0
240 71 0
244 71 0
245 71 0
246 71 0
247 71 0
252 71 0
264 71 0
273 71 0
274 71 0
278 71 0
284 71 0
285 71 0
287 71 0
305 71 0
316 71 0
320 71 0
321 71 0
322 71 0
327 71 0
329 71 0
330 71 0
219 72 0
220 72 0
221 72 0
222 72 0
223 72 0
226 72 0
227 72 0
229 72 0
230 72 0
231 72 0
232 72 0
237 72 0
241 72 0
246 72 0
247 72 0
249 72 0
252 72 0
255 72 0
264 72 0
274 72 0
284 72 0
285 72 0
316 72 0
319 72 0
321 72 0
322 72 0
327 72 0
330 72 0
336 72 0
337 72 0
229 73 0
231 73 0
232 73 0
237 73 0
241 73 0
242 73 0
252 73 0
256 73 0
265 73 0
266 73 0
274 73 0
275 73 0
276 73 0
284 73 0
285 73 0
288 73 0
309 73 0
310 73 0
316 73 0
321 73 0
322 73 0
327 73 0
330 73 0
331 73 0
336 73 0
337 73 0
141 74 0
155 74 0
241 74 0
242 74 0
255 74 0
256 74 0
316 74 0
317 74 0
322 74 0
327 74 0
328 74 0
336 74 0
337 74 0
338 74 0
339 74 0
222 75 0
241 75 0
242 75 0
245 75 0
266 75 0
267 75 0
268 75 0
277 75 0
278 75 0
300 75 0
317 75 0
327 75 0
155 76 0
168 76 0
196 76 0
222 76 0
245 76 0
246 76 0
257 76 0
268 76 0
278 76 0
194 77 0
195 77 0
196 77 0
238 77 0
246 77 0
268 77 0
278 77 0
285 77 0
286 77 0
194 78 0
230 78 0
241 78 0
242 78 0
286 78 0
289 78 0
168 79 0
230 79 0
242 79 0
253 79 0
268 79 0
275 79 0
141 80 0
168 80 0
218 80 0
230 80 0
253 80 0
264 80 0
275 80 0
286 80 0
337 80 0
142 81 0
211 81 0
218 81 0
230 81 0
242 81 0
264 81 0
268 81 0
275 81 0
286 81 0
20 82 0
168 82 0
181 82 0
206 82 0
218 82 0
230 82 0
242 82 0
253 82 0
257 82 0
268 82 0
286 82 0
20 83 0
181 83 0
218 83 0
230 83 0
242 83 0
268 83 0
275 83 0
289 83 0
20 84 0
218 84 0
230 84 0
234 84 0
242 84 0
245 84 0
253 84 0
275 84 0
168 85 0
198 85 0
206 85 0
222 85 0
230 85 0
242 85 0
275 85 0
286 85 0
3 86 0
21 86 0
136 86 0
142 86 0
149 86 0
230 86 0
242 86 0
246 86 0
257 86 0
275 86 0
307 86 0
2 87 0
3 87 0
4 87 0
5 87 0
21 87 0
142 87 0
181 87 0
230 87 0
242 87 0
268 87 0
275 87 0
286 87 0
297 87 0
2 88 0
3 88 0
4 88 0
5 88 0
6 88 0
142 88 0
155 88 0
169 88 0
181 88 0
230 88 0
268 88 0
2 89 0
4 89 0
5 89 0
230 89 0
242 89 0
246 89 0
253 89 0
257 89 0
230 90 0
242 90 0
257 90 0
276 90 0
230 91 0
242 91 0
246 91 0
257 91 0
276 91 0
279 91 0
297 91 0
12 92 0
142 92 0
194 92 0
230 92 0
242 92 0
257 92 0
265 92 0
142 93 0
163 93 0
194 93 0
219 93 0
230 93 0
11 94 0
28 94 0
29 94 0
142 94 0
212 94 0
219 94 0
230 94 0
243 94 0
27 95 0
28 95 0
29 95 0
30 95 0
31 95 0
235 95 0
276 95 0
287 95 0
341 95 0
15 96 0
16 96 0
26 96 0
27 96 0
156 96 0
219 96 0
231 96 0
235 96 0
276 96 0
287 96 0
16 97 0
17 97 0
219 97 0
243 97 0
276 97 0
287 97 0
169 98 0
219 98 0
243 98 0
254 98 0
276 98 0
287 98 0
16 99 0
17 99 0
182 99 0
219 99 0
243 99 0
246 99 0
254 99 0
287 99 0
308 99 0
17 100 0
169 100 0
182 100 0
243 100 0
276 100 0
287 100 0
17 101 0
142 101 0
155 101 0
169 101 0
182 101 0
207 101 0
243 101 0
258 101 0
265 101 0
266 101 0
291 101 0
169 102 0
182 102 0
195 102 0
243 102 0
266 102 0
276 102 0
280 102 0
16 103 0
169 103 0
182 103 0
195 103 0
207 103 0
212 103 0
224 103 0
243 103 0
258 103 0
266 103 0
269 103 0
280 103 0
169 104 0
182 104 0
195 104 0
243 104 0
266 104 0
280 104 0
288 104 0
309 104 0
175 105 0
182 105 0
231 105 0
235 105 0
243 105 0
258 105 0
266 105 0
276 105 0
277 105 0
280 105 0
288 105 0
195 106 0
231 106 0
235 106 0
255 106 0
276 106 0
277 106 0
288 106 0
169 107 0
220 107 0
243 107 0
255 107 0
277 107 0
309 107 0
143 108 0
243 108 0
258 108 0
277 108 0
169 109 0
258 109 0
277 109 0
280 109 0
156 110 0
182 110 0
208 110 0
277 110 0
156 111 0
169 111 0
208 111 0
281 111 0
208 112 0
255 112 0
281 112 0
156 113 0
169 113 0
182 113 0
208 113 0
247 113 0
267 113 0
281 113 0
149 114 0
270 114 0
277 114 0
302 114 0
143 115 0
259 115 0
267 115 0
277 115 0
156 116 0
183 116 0
259 116 0
267 116 0
277 116 0
278 116 0
156 117 0
170 117 0
259 117 0
270 117 0
310 117 0
169 118 0
170 118 0
213 118 0
267 118 0
289 118 0
310 118 0
142 119 0
310 119 0
142 120 0
259 120 0
267 120 0
278 120 0
310 120 0
143 121 0
267 121 0
270 121 0
278 121 0
310 121 0
143 122 0
183 122 0
267 122 0
143 123 0
183 123 0
196 123 0
244 123 0
256 123 0
259 123 0
267 123 0
278 123 0
170 124 0
183 124 0
213 124 0
259 124 0
267 124 0
289 124 0
259 125 0
282 125 0
289 125 0
183 126 0
268 126 0
170 127 0
183 127 0
268 127 0
282 127 0
157 128 0
170 128 0
268 128 0
143 129 0
157 129 0
183 129 0
196 129 0
268 129 0
279 129 0
157 130 0
196 130 0
245 130 0
268 130 0
156 131 0
157 131 0
164 131 0
170 131 0
268 131 0
170 132 0
279 132 0
170 133 0
213 133 0
170 134 0
170 135 0
170 136 0
279 136 0
282 136 0
170 137 0
189 137 0
170 139 0
184 139 0
260 139 0
282 139 0
184 140 0
272 140 0
272 141 0
184 142 0
189 142 0
197 142 0
272 142 0
197 143 0
272 143 0
171 144 0
184 144 0
152 145 0
184 145 0
269 145 0
280 145 0
152 146 0
171 146 0
184 146 0
269 146 0
280 146 0
269 147 0
343 147 0
184 148 0
280 148 0
171 149 0
234 149 0
269 149 0
280 149 0
184 150 0
234 150 0
157 151 0
177 151 0
184 151 0
171 152 0
177 152 0
292 152 0
184 153 0
273 153 0
292 153 0
171 154 0
184 154 0
292 154 0
171 155 0
184 155 0
184 156 0
273 157 0
273 159 0
292 159 0
164 160 0
171 160 0
235 160 0
270 160 0
292 160 0
164 161 0
177 161 0
185 161 0
270 161 0
164 162 0
185 162 0
223 162 0
259 162 0
281 162 0
171 163 0
185 163 0
198 163 0
259 163 0
185 164 0
259 164 0
164 165 0
185 165 0
223 165 0
235 165 0
281 165 0
185 166 0
190 166 0
211 166 0
172 167 0
185 167 0
211 167 0
223 167 0
274 167 0
293 167 0
271 168 0
282 168 0
165 169 0
185 169 0
211 169 0
271 169 0
172 170 0
211 170 0
172 171 0
185 171 0
211 171 0
274 171 0
172 172 0
185 172 0
211 172 0
282 172 0
211 173 0
282 173 0
172 174 0
211 174 0
172 175 0
211 175 0
156 176 0
172 176 0
211 176 0
172 177 0
157 178 0
186 178 0
248 178 0
153 179 0
178 179 0
178 180 0
186 180 0
159 181 0
172 181 0
191 181 0
148 182 0
172 182 0
186 182 0
199 182 0
191 183 0
199 183 0
224 183 0
178 184 0
186 184 0
224 184 0
186 185 0
199 185 0
158 186 0
199 186 0
191 187 0
199 187 0
139 188 0
159 188 0
199 188 0
152 189 0
159 189 0
186 189 0
165 190 0
186 190 0
199 190 0
165 191 0
179 191 0
191 191 0
212 191 0
145 192 0
152 192 0
166 192 0
173 192 0
186 192 0
191 192 0
146 193 0
152 193 0
153 193 0
165 193 0
173 193 0
186 193 0
165 194 0
173 194 0
186 194 0
152 195 0
159 195 0
186 195 0
152 196 0
166 196 0
173 197 0
131 198 0
159 198 0
173 198 0
187 198 0
159 199 0
173 199 0
179 199 0
173 200 0
192 200 0
153 201 0
173 201 0
179 201 0
200 201 0
225 201 0
146 202 0
173 202 0
179 202 0
225 202 0
146 203 0
173 203 0
127 204 0
146 204 0
153 204 0
187 204 0
146 205 0
166 205 0
187 205 0
146 207 0
160 207 0
146 208 0
166 208 0
187 209 0
146 210 0
160 210 0
179 210 0
179 211 0
146 212 0
174 214 0
160 215 0
146 216 0
160 216 0
146 218 0
160 218 0
160 219 0
153 220 0
160 220 0
174 221 0
174 223 0
167 225 0
201 225 0
153 228 0
146 229 0
147 230 0
160 230 0
160 233 0
147 234 0
160 234 0
147 236 0
160 236 0
173 237 0
147 239 0
147 240 0
94 61 1
95 61 1
106 61 1
110 61 1
111 61 1
92 62 1
93 62 1
94 62 1
95 62 1
114 62 1
115 62 1
91 63 1
92 63 1
93 63 1
115 63 1
116 63 1
117 63 1
89 64 1
90 64 1
91 64 1
116 64 1
117 64 1
118 64 1
88 65 1
89 65 1
90 65 1
117 65 1
118 65 1
119 65 1
87 66 1
88 66 1
118 66 1
119 66 1
120 66 1
86 67 1
87 67 1
88 67 1
119 67 1
120 67 1
121 67 1
84 68 1
85 68 1
86 68 1
87 68 1
120 68 1
121 68 1
84 69 1
85 69 1
86 69 1
121 69 1
122 69 1
84 70 1
85 70 1
86 70 1
121 70 1
122 70 1
123 70 1
84 71 1
85 71 1
86 71 1
122 71 1
123 71 1
84 72 1
85 72 1
86 72 1
122 72 1
123 72 1
124 72 1
85 73 1
86 73 1
123 73 1
124 73 1
84 74 1
85 74 1
86 74 1
87 74 1
123 74 1
124 74 1
125 74 1
84 75 1
85 75 1
86 75 1
87 75 1
88 75 1
124 75 1
125 75 1
84 76 1
87 76 1
88 76 1
89 76 1
124 76 1
125 76 1
83 77 1
84 77 1
87 77 1
89 77 1
90 77 1
124 77 1
125 77 1
126 77 1
83 78 1
84 78 1
89 78 1
90 78 1
91 78 1
92 78 1
124 78 1
125 78 1
126 78 1
83 79 1
84 79 1
91 79 1
92 79 1
93 79 1
96 79 1
98 79 1
125 79 1
126 79 1
83 80 1
84 80 1
92 80 1
93 80 1
98 80 1
125 80 1
126 80 1
83 81 1
84 81 1
94 81 1
99 81 1
125 81 1
126 81 1
127 81 1
83 82 1
84 82 1
93 82 1
94 82 1
99 82 1
126 82 1
127 82 1
83 83 1
95 83 1
96 83 1
126 83 1
127 83 1
96 84 1
97 84 1
98 84 1
126 84 1
127 84 1
96 85 1
97 85 1
98 85 1
126 85 1
127 85 1
128 85 1
96 86 1
97 86 1
98 86 1
126 86 1
127 86 1
128 86 1
96 87 1
97 87 1
98 87 1
99 87 1
100 87 1
127 87 1
128 87 1
98 88 1
99 88 1
127 88 1
128 88 1
97 89 1
98 89 1
99 89 1
127 89 1
128 89 1
129 89 1
97 90 1
98 90 1
99 90 1
127 90 1
128 90 1
129 90 1
97 91 1
98 91 1
99 91 1
127 91 1
128 91 1
129 91 1
97 92 1
98 92 1
99 92 1
128 92 1
129 92 1
80 93 1
97 93 1
99 93 1
128 93 1
129 93 1
80 94 1
97 94 1
99 94 1
100 94 1
128 94 1
129 94 1
80 95 1
98 95 1
99 95 1
100 95 1
128 95 1
129 95 1
130 95 1
81 96 1
98 96 1
99 96 1
128 96 1
129 96 1
130 96 1
81 97 1
95 97 1
97 97 1
98 97 1
99 97 1
128 97 1
129 97 1
130 97 1
81 98 1
95 98 1
97 98 1
128 98 1
129 98 1
130 98 1
131 98 1
81 99 1
95 99 1
96 99 1
97 99 1
129 99 1
130 99 1
131 99 1
81 100 1
94 100 1
95 100 1
129 100 1
130 100 1
132 100 1
82 101 1
94 101 1
95 101 1
129 101 1
130 101 1
131 101 1
132 101 1
83 102 1
94 102 1
95 102 1
130 102 1
131 102 1
84 103 1
94 103 1
106 103 1
130 103 1
131 103 1
86 104 1
94 104 1
131 104 1
88 105 1
94 105 1
130 105 1
132 105 1
93 106 1
94 106 1
130 106 1
132 106 1
93 107 1
94 107 1
95 107 1
131 107 1
94 108 1
95 108 1
112 108 1
132 108 1
94 109 1
95 109 1
107 109 1
108 109 1
112 109 1
132 109 1
95 110 1
96 110 1
107 110 1
108 110 1
109 110 1
110 110 1
112 110 1
113 110 1
132 110 1
133 110 1
95 111 1
96 111 1
101 111 1
102 111 1
108 111 1
109 111 1
110 111 1
111 111 1
112 111 1
114 111 1
132 111 1
134 111 1
95 112 1
96 112 1
97 112 1
100 112 1
101 112 1
109 112 1
110 112 1
111 112 1
112 112 1
113 112 1
114 112 1
132 112 1
133 112 1
96 113 1
97 113 1
100 113 1
101 113 1
110 113 1
111 113 1
112 113 1
113 113 1
115 113 1
132 113 1
133 113 1
112 114 1
113 114 1
114 114 1
115 114 1
133 114 1
113 115 1
114 115 1
116 115 1
133 115 1
134 115 1
113 116 1
114 116 1
116 116 1
117 116 1
133 116 1
114 117 1
115 117 1
117 117 1
135 117 1
114 118 1
115 118 1
116 118 1
117 118 1
118 118 1
135 118 1
115 119 1
116 119 1
117 119 1
118 119 1
119 119 1
135 119 1
115 120 1
116 120 1
118 120 1
119 120 1
136 120 1
116 121 1
118 121 1
119 121 1
135 121 1
116 122 1
117 122 1
118 122 1
119 122 1
135 122 1
136 122 1
117 123 1
118 123 1
119 123 1
135 123 1
117 124 1
118 124 1
119 124 1
120 124 1
127 124 1
135 124 1
137 124 1
118 125 1
119 125 1
120 125 1
136 125 1
118 126 1
119 126 1
120 126 1
117 127 1
118 127 1
119 127 1
120 127 1
121 127 1
136 127 1
118 128 1
119 128 1
120 128 1
121 128 1
137 128 1
118 129 1
119 129 1
120 129 1
121 129 1
122 129 1
137 129 1
138 129 1
140 129 1
119 130 1
120 130 1
121 130 1
122 130 1
137 130 1
119 131 1
120 131 1
121 131 1
122 131 1
139 131 1
140 131 1
119 132 1
120 132 1
121 132 1
122 132 1
123 132 1
140 132 1
119 133 1
120 133 1
121 133 1
122 133 1
123 133 1
136 133 1
139 133 1
120 134 1
121 134 1
122 134 1
139 134 1
120 135 1
121 135 1
122 135 1
137 135 1
139 135 1
120 136 1
121 136 1
122 136 1
123 136 1
137 136 1
90 137 1
120 137 1
121 137 1
122 137 1
123 137 1
145 137 1
90 138 1
121 138 1
122 138 1
123 138 1
146 138 1
121 139 1
122 139 1
123 139 1
124 139 1
146 139 1
85 140 1
89 140 1
121 140 1
122 140 1
123 140 1
124 140 1
125 140 1
146 140 1
147 140 1
89 141 1
122 141 1
123 141 1
124 141 1
125 141 1
147 141 1
84 142 1
122 142 1
123 142 1
124 142 1
147 142 1
148 142 1
83 143 1
84 143 1
88 143 1
122 143 1
123 143 1
124 143 1
125 143 1
149 143 1
83 144 1
87 144 1
122 144 1
123 144 1
124 144 1
122 145 1
123 145 1
124 145 1
150 145 1
83 146 1
122 146 1
123 146 1
124 146 1
125 146 1
150 146 1
83 147 1
122 147 1
123 147 1
124 147 1
125 147 1
151 147 1
122 148 1
123 148 1
124 148 1
151 148 1
121 149 1
122 149 1
123 149 1
126 149 1
152 149 1
121 150 1
122 150 1
123 150 1
126 150 1
152 150 1
121 151 1
122 151 1
123 151 1
126 151 1
153 151 1
80 152 1
121 152 1
122 152 1
123 152 1
124 152 1
126 152 1
153 152 1
154 152 1
80 153 1
121 153 1
123 153 1
124 153 1
126 153 1
127 153 1
154 153 1
155 153 1
80 154 1
85 154 1
120 154 1
121 154 1
123 154 1
126 154 1
127 154 1
154 154 1
155 154 1
80 155 1
85 155 1
120 155 1
123 155 1
125 155 1
126 155 1
155 155 1
156 155 1
124 156 1
125 156 1
126 156 1
156 156 1
79 157 1
80 157 1
84 157 1
124 157 1
125 157 1
126 157 1
156 157 1
157 157 1
80 158 1
84 158 1
124 158 1
125 158 1
126 158 1
157 158 1
124 159 1
125 159 1
126 159 1
158 159 1
124 160 1
125 160 1
126 160 1
127 160 1
124 161 1
125 161 1
126 161 1
127 161 1
124 162 1
125 162 1
126 162 1
125 163 1
127 163 1
127 164 1
128 164 1
126 165 1
127 165 1
127 166 1
128 166 1
127 167 1
128 167 1
127 168 1
128 168 1
127 169 1
128 169 1
99 170 1
127 170 1
128 170 1
98 171 1
127 171 1
128 171 1
97 172 1
98 172 1
103 172 1
104 172 1
127 172 1
128 172 1
97 173 1
127 173 1
128 173 1
97 174 1
127 174 1
128 174 1
97 175 1
100 175 1
127 175 1
128 175 1
100 176 1
128 176 1
128 177 1
110 178 1
128 178 1
129 178 1
128 179 1
128 180 1
129 180 1
128 181 1
129 181 1
128 182 1
129 182 1
128 183 1
129 183 1
103 184 1
128 184 1
104 185 1
128 185 1
127 186 1
128 186 1
128 187 1
128 188 1
128 189 1
128 190 1
128 191 1
128 192 1
129 192 1
128 193 1
129 193 1
128 194 1
129 194 1
128 195 1
128 196 1
130 196 1
127 197 1
126 198 1
124 199 1
85 200 1
86 200 1
84 201 1
85 201 1
86 201 1
84 202 1
85 202 1
86 202 1
118 202 1
83 203 1
84 203 1
85 203 1
96 203 1
83 204 1
84 204 1
85 204 1
82 205 1
83 205 1
82 206 1
83 206 1
82 207 1
83 207 1
82 208 1
83 208 1
82 209 1
83 209 1
83 210 1
83 211 1
83 212 1
83 213 1
84 213 1
84 214 1
84 215 1
85 215 1
84 216 1
85 216 1
84 217 1
85 217 1
85 218 1
85 219 1
85 220 1
86 220 1
86 221 1
86 222 1
85 223 1
86 223 1
85 224 1
87 224 1
85 225 1
86 225 1
86 226 1
40 228 1
83 228 1
82 231 1
38 232 1
81 232 1
82 232 1
37 233 1
38 233 1
81 233 1
36 234 1
37 234 1
38 234 1
81 234 1
36 235 1
37 235 1
81 235 1
36 236 1
37 236 1
34 237 1
35 237 1
80 237 1
34 238 1
35 238 1
35 239 1
36 239 1
35 240 1
78 241 1
79 241 1
31 244 1
47 247 1
89 249 1
44 250 1
75 251 1
43 252 1
42 253 1
43 253 1
42 254 1
43 254 1
44 255 1
44 256 1
