18 2 0
46 2 0
135 6 0
174 6 0
95 7 0
127 7 0
148 7 0
161 7 0
187 7 0
109 8 0
122 8 0
161 8 0
174 8 0
199 8 0
203 8 0
211 8 0
223 8 0
227 8 0
127 9 0
166 9 0
174 9 0
95 10 0
122 10 0
135 10 0
148 10 0
161 10 0
166 10 0
179 10 0
187 10 0
262 10 0
273 10 0
66 11 0
95 11 0
109 11 0
135 11 0
140 11 0
148 11 0
149 11 0
153 11 0
166 11 0
174 11 0
179 11 0
187 11 0
191 11 0
235 11 0
239 11 0
262 11 0
273 11 0
95 12 0
100 12 0
109 12 0
122 12 0
136 12 0
153 12 0
162 12 0
166 12 0
173 12 0
178 12 0
179 12 0
187 12 0
191 12 0
215 12 0
227 12 0
235 12 0
239 12 0
262 12 0
270 12 0
95 13 0
109 13 0
122 13 0
136 13 0
148 13 0
149 13 0
153 13 0
162 13 0
166 13 0
167 13 0
175 13 0
179 13 0
187 13 0
191 13 0
199 13 0
203 13 0
215 13 0
224 13 0
227 13 0
228 13 0
235 13 0
239 13 0
262 13 0
270 13 0
280 13 0
284 13 0
306 13 0
327 13 0
109 14 0
135 14 0
136 14 0
149 14 0
179 14 0
187 14 0
191 14 0
204 14 0
215 14 0
216 14 0
228 14 0
235 14 0
239 14 0
262 14 0
270 14 0
273 14 0
280 14 0
284 14 0
135 15 0
136 15 0
140 15 0
162 15 0
200 15 0
204 15 0
215 15 0
216 15 0
224 15 0
228 15 0
235 15 0
239 15 0
247 15 0
258 15 0
270 15 0
284 15 0
295 15 0
313 15 0
123 16 0
136 16 0
175 16 0
187 16 0
192 16 0
204 16 0
216 16 0
224 16 0
228 16 0
239 16 0
247 16 0
251 16 0
274 16 0
280 16 0
327 16 0
162 17 0
174 17 0
175 17 0
216 17 0
224 17 0
228 17 0
239 17 0
247 17 0
251 17 0
258 17 0
270 17 0
274 17 0
280 17 0
109 18 0
149 18 0
161 18 0
228 18 0
247 18 0
270 18 0
162 19 0
224 19 0
228 19 0
270 19 0
224 20 0
236 20 0
251 20 0
259 20 0
270 20 0
281 20 0
169 21 0
224 21 0
251 21 0
259 21 0
123 22 0
212 22 0
224 22 0
236 22 0
240 22 0
123 23 0
192 23 0
212 23 0
224 23 0
240 23 0
248 23 0
251 23 0
123 24 0
188 24 0
224 24 0
236 24 0
240 24 0
248 24 0
259 24 0
274 24 0
188 25 0
248 25 0
263 25 0
188 26 0
248 26 0
274 26 0
285 26 0
293 26 0
225 27 0
240 27 0
248 27 0
271 27 0
285 27 0
248 28 0
263 28 0
271 28 0
282 28 0
248 29 0
263 29 0
282 29 0
307 29 0
325 29 0
213 30 0
225 30 0
260 30 0
282 30 0
304 30 0
225 31 0
240 31 0
260 31 0
282 31 0
315 31 0
201 32 0
202 32 0
203 32 0
204 32 0
225 32 0
237 32 0
249 32 0
260 32 0
201 33 0
213 33 0
237 33 0
249 33 0
260 33 0
272 33 0
275 33 0
249 34 0
272 34 0
188 35 0
272 35 0
282 35 0
237 36 0
241 36 0
272 36 0
283 36 0
294 36 0
237 37 0
241 37 0
261 37 0
272 37 0
284 37 0
294 37 0
300 37 0
315 37 0
251 38 0
273 38 0
304 38 0
305 38 0
315 38 0
316 38 0
332 38 0
208 39 0
272 39 0
276 39 0
305 39 0
321 39 0
333 39 0
208 40 0
272 40 0
276 40 0
308 40 0
309 40 0
321 40 0
229 41 0
230 41 0
239 41 0
242 41 0
253 41 0
272 41 0
276 41 0
303 41 0
305 41 0
309 41 0
335 41 0
209 42 0
228 42 0
229 42 0
230 42 0
231 42 0
232 42 0
235 42 0
239 42 0
244 42 0
249 42 0
251 42 0
253 42 0
254 42 0
272 42 0
273 42 0
276 42 0
277 42 0
305 42 0
309 42 0
316 42 0
317 42 0
321 42 0
328 42 0
335 42 0
336 42 0
340 42 0
208 43 0
230 43 0
234 43 0
239 43 0
240 43 0
244 43 0
245 43 0
246 43 0
247 43 0
249 43 0
251 43 0
253 43 0
254 43 0
273 43 0
277 43 0
305 43 0
309 43 0
336 43 0
340 43 0
341 43 0
209 44 0
226 44 0
227 44 0
229 44 0
230 44 0
239 44 0
240 44 0
244 44 0
245 44 0
247 44 0
251 44 0
272 44 0
273 44 0
277 44 0
305 44 0
309 44 0
330 44 0
340 44 0
341 44 0
226 45 0
227 45 0
228 45 0
229 45 0
232 45 0
234 45 0
238 45 0
244 45 0
245 45 0
273 45 0
277 45 0
305 45 0
309 45 0
328 45 0
330 45 0
333 45 0
334 45 0
335 45 0
340 45 0
341 45 0
221 46 0
226 46 0
230 46 0
231 46 0
232 46 0
237 46 0
238 46 0
244 46 0
245 46 0
249 46 0
251 46 0
252 46 0
253 46 0
254 46 0
273 46 0
277 46 0
305 46 0
309 46 0
334 46 0
335 46 0
341 46 0
342 46 0
221 47 0
229 47 0
230 47 0
231 47 0
232 47 0
238 47 0
240 47 0
249 47 0
251 47 0
252 47 0
254 47 0
255 47 0
273 47 0
277 47 0
286 47 0
305 47 0
306 47 0
309 47 0
322 47 0
335 47 0
341 47 0
342 47 0
229 48 0
231 48 0
232 48 0
234 48 0
239 48 0
240 48 0
249 48 0
251 48 0
252 48 0
255 48 0
273 48 0
277 48 0
285 48 0
305 48 0
306 48 0
309 48 0
328 48 0
329 48 0
335 48 0
341 48 0
342 48 0
206 49 0
228 49 0
231 49 0
232 49 0
239 49 0
249 49 0
250 49 0
251 49 0
252 49 0
254 49 0
265 49 0
273 49 0
277 49 0
306 49 0
310 49 0
335 49 0
341 49 0
342 49 0
189 50 0
206 50 0
227 50 0
228 50 0
233 50 0
249 50 0
251 50 0
254 50 0
255 50 0
265 50 0
273 50 0
277 50 0
288 50 0
299 50 0
306 50 0
310 50 0
331 50 0
332 50 0
335 50 0
342 50 0
343 50 0
214 51 0
227 51 0
255 51 0
262 51 0
265 51 0
273 51 0
277 51 0
284 51 0
288 51 0
299 51 0
310 51 0
342 51 0
343 51 0
214 52 0
227 52 0
255 52 0
262 52 0
277 52 0
284 52 0
288 52 0
299 52 0
310 52 0
220 53 0
227 53 0
228 53 0
254 53 0
255 53 0
262 53 0
266 53 0
273 53 0
277 53 0
284 53 0
288 53 0
295 53 0
299 53 0
310 53 0
227 54 0
228 54 0
255 54 0
273 54 0
284 54 0
299 54 0
342 54 0
196 55 0
207 55 0
215 55 0
220 55 0
227 55 0
228 55 0
255 55 0
262 55 0
273 55 0
284 55 0
342 55 0
196 56 0
203 56 0
220 56 0
227 56 0
228 56 0
229 56 0
255 56 0
262 56 0
274 56 0
285 56 0
296 56 0
326 56 0
196 57 0
203 57 0
206 57 0
220 57 0
230 57 0
231 57 0
232 57 0
237 57 0
244 57 0
245 57 0
262 57 0
274 57 0
279 57 0
285 57 0
296 57 0
297 57 0
307 57 0
314 57 0
325 57 0
326 57 0
332 57 0
333 57 0
334 57 0
335 57 0
336 57 0
339 57 0
342 57 0
207 58 0
215 58 0
232 58 0
236 58 0
237 58 0
238 58 0
243 58 0
244 58 0
245 58 0
253 58 0
262 58 0
297 58 0
307 58 0
315 58 0
325 58 0
326 58 0
336 58 0
339 58 0
342 58 0
343 58 0
236 59 0
238 59 0
243 59 0
245 59 0
252 59 0
253 59 0
255 59 0
307 59 0
315 59 0
326 59 0
331 59 0
332 59 0
339 59 0
342 59 0
343 59 0
207 60 0
227 60 0
228 60 0
235 60 0
236 60 0
238 60 0
239 60 0
242 60 0
243 60 0
245 60 0
246 60 0
252 60 0
253 60 0
255 60 0
262 60 0
274 60 0
278 60 0
285 60 0
288 60 0
289 60 0
296 60 0
307 60 0
309 60 0
315 60 0
326 60 0
334 60 0
339 60 0
343 60 0
215 61 0
221 61 0
227 61 0
228 61 0
229 61 0
235 61 0
236 61 0
238 61 0
239 61 0
242 61 0
243 61 0
245 61 0
246 61 0
252 61 0
274 61 0
278 61 0
285 61 0
289 61 0
296 61 0
299 61 0
307 61 0
309 61 0
315 61 0
321 61 0
326 61 0
331 61 0
332 61 0
334 61 0
337 61 0
339 61 0
340 61 0
343 61 0
228 62 0
235 62 0
236 62 0
239 62 0
240 62 0
242 62 0
245 62 0
246 62 0
251 62 0
252 62 0
253 62 0
254 62 0
255 62 0
266 62 0
274 62 0
275 62 0
285 62 0
296 62 0
299 62 0
307 62 0
309 62 0
315 62 0
326 62 0
327 62 0
332 62 0
333 62 0
334 62 0
337 62 0
340 62 0
228 63 0
229 63 0
235 63 0
236 63 0
238 63 0
239 63 0
240 63 0
241 63 0
242 63 0
243 63 0
244 63 0
246 63 0
251 63 0
252 63 0
253 63 0
254 63 0
255 63 0
256 63 0
257 63 0
266 63 0
285 63 0
289 63 0
290 63 0
296 63 0
299 63 0
307 63 0
315 63 0
327 63 0
332 63 0
334 63 0
337 63 0
228 64 0
235 64 0
237 64 0
238 64 0
239 64 0
240 64 0
241 64 0
243 64 0
244 64 0
245 64 0
246 64 0
247 64 0
251 64 0
253 64 0
255 64 0
258 64 0
266 64 0
285 64 0
289 64 0
296 64 0
299 64 0
307 64 0
316 64 0
319 64 0
327 64 0
332 64 0
334 64 0
337 64 0
340 64 0
342 64 0
343 64 0
222 65 0
226 65 0
227 65 0
228 65 0
229 65 0
235 65 0
237 65 0
238 65 0
239 65 0
242 65 0
243 65 0
244 65 0
245 65 0
246 65 0
247 65 0
250 65 0
251 65 0
266 65 0
275 65 0
285 65 0
289 65 0
290 65 0
295 65 0
296 65 0
299 65 0
307 65 0
317 65 0
320 65 0
321 65 0
327 65 0
332 65 0
334 65 0
339 65 0
340 65 0
343 65 0
222 66 0
227 66 0
228 66 0
235 66 0
237 66 0
239 66 0
242 66 0
243 66 0
245 66 0
246 66 0
247 66 0
250 66 0
251 66 0
255 66 0
256 66 0
259 66 0
263 66 0
266 66 0
275 66 0
285 66 0
286 66 0
289 66 0
295 66 0
296 66 0
299 66 0
307 66 0
317 66 0
321 66 0
328 66 0
332 66 0
340 66 0
343 66 0
227 67 0
228 67 0
229 67 0
230 67 0
233 67 0
235 67 0
236 67 0
237 67 0
239 67 0
240 67 0
241 67 0
242 67 0
245 67 0
247 67 0
250 67 0
252 67 0
256 67 0
257 67 0
260 67 0
263 67 0
266 67 0
275 67 0
277 67 0
285 67 0
286 67 0
295 67 0
296 67 0
307 67 0
318 67 0
327 67 0
328 67 0
335 67 0
340 67 0
343 67 0
228 68 0
230 68 0
233 68 0
236 68 0
237 68 0
240 68 0
241 68 0
242 68 0
247 68 0
248 68 0
251 68 0
252 68 0
266 68 0
296 68 0
310 68 0
221 69 0
242 69 0
244 69 0
252 69 0
266 69 0
267 69 0
301 69 0
221 70 0
244 70 0
267 70 0
279 70 0
263 71 0
267 71 0
268 71 0
275 71 0
279 71 0
285 71 0
286 71 0
297 71 0
308 71 0
256 72 0
275 72 0
286 72 0
252 73 0
256 73 0
275 73 0
279 73 0
286 73 0
252 74 0
256 74 0
286 74 0
252 75 0
264 75 0
286 75 0
298 75 0
264 76 0
275 76 0
264 77 0
267 77 0
275 77 0
286 77 0
301 77 0
264 78 0
286 78 0
298 78 0
253 79 0
256 79 0
264 79 0
276 79 0
286 79 0
290 79 0
298 79 0
253 80 0
256 80 0
264 80 0
276 80 0
279 80 0
287 80 0
298 80 0
319 80 0
253 81 0
256 81 0
264 81 0
268 81 0
276 81 0
287 81 0
290 81 0
298 81 0
253 82 0
264 82 0
268 82 0
276 82 0
287 82 0
290 82 0
298 82 0
253 83 0
264 83 0
268 83 0
276 83 0
287 83 0
290 83 0
298 83 0
253 84 0
268 84 0
287 84 0
298 84 0
253 85 0
265 85 0
268 85 0
280 85 0
287 85 0
320 85 0
253 86 0
276 86 0
280 86 0
287 86 0
299 86 0
302 86 0
320 86 0
253 87 0
265 87 0
276 87 0
287 87 0
298 87 0
299 87 0
320 87 0
253 88 0
265 88 0
276 88 0
280 88 0
287 88 0
299 88 0
320 88 0
265 89 0
276 89 0
280 89 0
287 89 0
288 89 0
299 89 0
302 89 0
323 89 0
253 90 0
265 90 0
287 90 0
288 90 0
299 90 0
302 90 0
324 90 0
265 91 0
277 91 0
280 91 0
288 91 0
299 91 0
254 92 0
277 92 0
280 92 0
287 92 0
288 92 0
299 92 0
310 92 0
253 93 0
254 93 0
277 93 0
288 93 0
299 93 0
254 94 0
257 94 0
277 94 0
288 94 0
257 95 0
265 95 0
266 95 0
277 95 0
288 95 0
299 95 0
254 96 0
257 96 0
265 96 0
266 96 0
269 96 0
277 96 0
288 96 0
265 97 0
266 97 0
269 97 0
281 97 0
288 97 0
300 97 0
266 98 0
281 98 0
288 98 0
254 99 0
257 99 0
266 99 0
269 99 0
288 99 0
292 99 0
266 100 0
281 100 0
288 100 0
266 101 0
278 101 0
288 101 0
289 101 0
292 101 0
300 101 0
278 102 0
289 102 0
289 103 0
270 104 0
278 104 0
266 105 0
278 105 0
278 106 0
289 106 0
289 107 0
278 108 0
289 108 0
278 109 0
267 110 0
278 110 0
312 111 0
279 113 0
282 113 0
279 114 0
279 115 0
290 115 0
279 116 0
290 116 0
290 117 0
323 117 0
176 27 1
151 39 1
177 44 1
151 45 1
177 45 1
177 46 1
138 47 1
164 48 1
165 48 1
138 50 1
152 53 1
152 54 1
152 55 1
144 56 1
178 60 1
152 61 1
178 61 1
178 62 1
139 63 1
152 63 1
184 63 1
139 64 1
152 64 1
165 64 1
166 64 1
172 64 1
184 64 1
126 65 1
139 65 1
152 65 1
171 65 1
172 65 1
126 66 1
139 66 1
166 66 1
145 67 1
166 67 1
153 68 1
166 68 1
171 68 1
152 69 1
153 69 1
166 69 1
172 69 1
139 70 1
152 70 1
153 70 1
160 70 1
166 70 1
172 70 1
173 70 1
126 71 1
139 71 1
153 71 1
166 71 1
171 71 1
172 71 1
126 72 1
173 72 1
158 73 1
159 73 1
172 74 1
139 75 1
147 75 1
153 75 1
153 76 1
160 76 1
139 78 1
140 78 1
179 78 1
140 79 1
147 79 1
148 79 1
159 79 1
160 79 1
179 79 1
191 79 1
127 80 1
140 80 1
179 80 1
127 81 1
140 81 1
153 81 1
154 81 1
179 81 1
134 82 1
179 82 1
179 83 1
192 83 1
127 84 1
140 84 1
153 84 1
167 84 1
177 84 1
179 84 1
192 84 1
127 85 1
140 85 1
148 85 1
161 85 1
185 85 1
241 85 1
113 86 1
135 86 1
153 86 1
154 86 1
161 86 1
167 86 1
177 86 1
241 86 1
127 87 1
135 87 1
140 87 1
167 87 1
192 87 1
167 88 1
173 88 1
127 89 1
140 89 1
154 89 1
167 89 1
205 89 1
140 90 1
153 90 1
154 90 1
167 90 1
185 90 1
153 91 1
167 91 1
180 91 1
185 91 1
218 91 1
140 92 1
141 92 1
167 92 1
180 92 1
127 93 1
140 93 1
141 93 1
167 93 1
180 93 1
153 94 1
154 94 1
167 94 1
180 94 1
127 95 1
167 95 1
180 95 1
122 96 1
127 96 1
128 96 1
154 96 1
180 96 1
186 96 1
128 97 1
140 97 1
141 97 1
180 97 1
186 97 1
193 97 1
230 97 1
242 97 1
140 98 1
141 98 1
173 98 1
178 98 1
180 98 1
193 98 1
128 99 1
141 99 1
180 99 1
186 99 1
242 99 1
141 100 1
193 100 1
218 100 1
242 100 1
141 101 1
154 101 1
168 101 1
178 101 1
193 101 1
127 102 1
128 102 1
141 102 1
154 102 1
155 102 1
168 102 1
186 102 1
193 102 1
127 103 1
128 103 1
141 103 1
154 103 1
168 103 1
193 103 1
206 103 1
122 104 1
128 104 1
153 104 1
154 104 1
155 104 1
168 104 1
198 104 1
136 105 1
168 105 1
173 105 1
174 105 1
187 105 1
231 105 1
168 106 1
174 106 1
186 106 1
199 106 1
155 107 1
168 107 1
174 107 1
186 107 1
187 107 1
154 108 1
155 108 1
168 108 1
174 108 1
141 109 1
154 109 1
155 109 1
168 109 1
181 109 1
186 109 1
187 109 1
194 109 1
141 110 1
142 110 1
154 110 1
155 110 1
168 110 1
181 110 1
194 110 1
231 110 1
243 110 1
141 111 1
154 111 1
155 111 1
161 111 1
162 111 1
174 111 1
175 111 1
181 111 1
187 111 1
194 111 1
154 112 1
155 112 1
175 112 1
181 112 1
194 112 1
199 112 1
235 112 1
155 113 1
181 113 1
194 113 1
199 113 1
212 113 1
128 114 1
129 114 1
175 114 1
181 114 1
194 114 1
128 115 1
181 115 1
187 115 1
194 115 1
207 115 1
231 115 1
248 115 1
128 116 1
142 116 1
161 116 1
181 116 1
194 116 1
207 116 1
128 117 1
142 117 1
149 117 1
150 117 1
155 117 1
175 117 1
194 117 1
224 117 1
243 117 1
142 118 1
155 118 1
163 118 1
188 118 1
191 118 1
223 118 1
243 118 1
244 118 1
142 119 1
163 119 1
175 119 1
188 119 1
199 119 1
243 119 1
248 119 1
142 120 1
156 120 1
175 120 1
232 120 1
156 121 1
162 121 1
163 121 1
175 121 1
220 121 1
129 122 1
142 122 1
150 122 1
156 122 1
169 122 1
175 122 1
182 122 1
188 122 1
244 122 1
123 123 1
142 123 1
156 123 1
169 123 1
175 123 1
182 123 1
187 123 1
188 123 1
244 123 1
123 124 1
129 124 1
137 124 1
142 124 1
155 124 1
156 124 1
163 124 1
167 124 1
169 124 1
182 124 1
188 124 1
195 124 1
200 124 1
232 124 1
155 125 1
156 125 1
162 125 1
169 125 1
182 125 1
188 125 1
195 125 1
200 125 1
129 126 1
142 126 1
150 126 1
155 126 1
156 126 1
163 126 1
169 126 1
182 126 1
188 126 1
195 126 1
208 126 1
142 127 1
156 127 1
169 127 1
180 127 1
182 127 1
188 127 1
195 127 1
280 127 1
143 128 1
156 128 1
169 128 1
182 128 1
195 128 1
142 129 1
143 129 1
150 129 1
156 129 1
169 129 1
175 129 1
181 129 1
182 129 1
195 129 1
200 129 1
150 130 1
155 130 1
156 130 1
169 130 1
175 130 1
176 130 1
200 130 1
237 130 1
137 131 1
150 131 1
156 131 1
169 131 1
188 131 1
195 131 1
200 131 1
237 131 1
142 132 1
143 132 1
155 132 1
156 132 1
169 132 1
188 132 1
195 132 1
200 132 1
244 132 1
129 133 1
142 133 1
143 133 1
163 133 1
195 133 1
244 133 1
143 134 1
163 134 1
176 134 1
244 134 1
245 134 1
292 134 1
129 135 1
149 135 1
150 135 1
151 135 1
143 136 1
150 136 1
176 136 1
237 136 1
249 136 1
124 137 1
163 137 1
170 137 1
176 137 1
196 137 1
221 137 1
143 138 1
168 138 1
170 138 1
182 138 1
196 138 1
201 138 1
261 138 1
168 139 1
170 139 1
177 139 1
189 139 1
196 139 1
129 140 1
143 140 1
151 140 1
156 140 1
157 140 1
170 140 1
175 140 1
183 140 1
189 140 1
196 140 1
292 140 1
143 141 1
151 141 1
157 141 1
170 141 1
175 141 1
176 141 1
183 141 1
196 141 1
143 142 1
156 142 1
157 142 1
164 142 1
170 142 1
176 142 1
183 142 1
196 142 1
233 142 1
245 142 1
281 142 1
138 143 1
157 143 1
164 143 1
168 143 1
170 143 1
183 143 1
189 143 1
190 143 1
196 143 1
245 143 1
281 143 1
157 144 1
170 144 1
176 144 1
183 144 1
189 144 1
190 144 1
193 144 1
246 144 1
144 145 1
170 145 1
177 145 1
181 145 1
183 145 1
190 145 1
193 145 1
196 145 1
246 145 1
281 145 1
143 146 1
144 146 1
170 146 1
177 146 1
181 146 1
183 146 1
196 146 1
201 146 1
273 146 1
143 147 1
144 147 1
156 147 1
157 147 1
163 147 1
176 147 1
181 147 1
183 147 1
189 147 1
196 147 1
143 148 1
144 148 1
156 148 1
157 148 1
176 148 1
181 148 1
193 148 1
201 148 1
234 148 1
143 149 1
144 149 1
156 149 1
157 149 1
189 149 1
234 149 1
130 150 1
144 150 1
151 150 1
156 150 1
157 150 1
164 150 1
143 151 1
144 151 1
157 151 1
189 151 1
144 152 1
151 152 1
189 152 1
130 153 1
144 153 1
151 153 1
164 153 1
165 153 1
202 153 1
270 153 1
271 153 1
144 154 1
151 154 1
163 154 1
176 154 1
178 154 1
184 154 1
144 155 1
176 155 1
184 155 1
189 155 1
197 155 1
282 155 1
164 156 1
184 156 1
189 156 1
197 156 1
282 156 1
144 157 1
152 157 1
157 157 1
164 157 1
178 157 1
184 157 1
189 157 1
197 157 1
282 157 1
152 158 1
158 158 1
164 158 1
169 158 1
171 158 1
177 158 1
184 158 1
194 158 1
197 158 1
259 158 1
144 159 1
158 159 1
164 159 1
165 159 1
171 159 1
184 159 1
194 159 1
197 159 1
259 159 1
274 159 1
158 160 1
164 160 1
169 160 1
171 160 1
178 160 1
184 160 1
190 160 1
191 160 1
194 160 1
197 160 1
202 160 1
259 160 1
274 160 1
144 161 1
152 161 1
158 161 1
171 161 1
177 161 1
178 161 1
191 161 1
194 161 1
274 161 1
139 162 1
144 162 1
158 162 1
171 162 1
178 162 1
182 162 1
191 162 1
194 162 1
202 162 1
235 162 1
247 162 1
274 162 1
144 163 1
158 163 1
171 163 1
178 163 1
184 163 1
202 163 1
274 163 1
158 164 1
171 164 1
178 164 1
184 164 1
202 164 1
157 165 1
158 165 1
178 165 1
202 165 1
158 166 1
178 166 1
182 166 1
158 167 1
177 167 1
294 167 1
295 167 1
145 168 1
157 168 1
198 168 1
275 168 1
295 168 1
297 168 1
145 169 1
171 169 1
178 169 1
191 169 1
198 169 1
295 169 1
190 170 1
191 170 1
198 170 1
144 171 1
145 171 1
151 171 1
157 171 1
172 171 1
178 171 1
185 171 1
190 171 1
191 171 1
198 171 1
145 172 1
170 172 1
172 172 1
185 172 1
191 172 1
198 172 1
272 172 1
145 173 1
170 173 1
172 173 1
185 173 1
275 173 1
145 174 1
170 174 1
172 174 1
177 174 1
185 174 1
287 174 1
158 175 1
172 175 1
177 175 1
185 175 1
190 175 1
195 175 1
275 175 1
283 175 1
284 175 1
166 176 1
183 176 1
185 176 1
195 176 1
248 176 1
283 176 1
284 176 1
140 177 1
159 177 1
172 177 1
185 177 1
190 177 1
191 177 1
195 177 1
198 177 1
159 178 1
165 178 1
172 178 1
183 178 1
185 178 1
190 178 1
192 178 1
195 178 1
198 178 1
159 179 1
165 179 1
166 179 1
172 179 1
183 179 1
195 179 1
159 180 1
166 180 1
172 180 1
179 180 1
183 180 1
185 180 1
192 180 1
159 181 1
165 181 1
172 181 1
179 181 1
183 181 1
192 181 1
203 181 1
146 182 1
159 182 1
179 182 1
192 182 1
159 183 1
179 183 1
273 183 1
145 184 1
159 184 1
273 184 1
179 185 1
183 185 1
186 185 1
273 185 1
159 186 1
165 186 1
179 186 1
186 186 1
178 187 1
179 187 1
186 187 1
192 187 1
199 187 1
159 188 1
166 188 1
179 188 1
186 188 1
199 188 1
171 189 1
173 189 1
186 189 1
199 189 1
285 189 1
171 190 1
173 190 1
186 190 1
196 190 1
146 191 1
173 191 1
186 191 1
196 191 1
204 191 1
160 192 1
171 192 1
173 192 1
186 192 1
196 192 1
160 193 1
171 193 1
173 193 1
179 193 1
184 193 1
186 193 1
191 193 1
192 193 1
196 193 1
153 194 1
160 194 1
167 194 1
173 194 1
180 194 1
192 194 1
154 195 1
159 195 1
160 195 1
173 195 1
178 195 1
159 196 1
160 196 1
173 196 1
180 196 1
153 197 1
159 197 1
160 197 1
173 197 1
180 197 1
186 197 1
154 198 1
167 198 1
180 198 1
184 198 1
186 198 1
160 199 1
180 199 1
160 200 1
172 200 1
180 200 1
184 200 1
172 201 1
173 201 1
200 202 1
166 203 1
174 203 1
187 203 1
193 203 1
200 203 1
147 204 1
174 204 1
187 204 1
147 205 1
174 205 1
180 205 1
187 205 1
193 205 1
132 206 1
146 206 1
168 206 1
180 206 1
187 206 1
146 207 1
168 207 1
174 207 1
180 207 1
187 207 1
180 208 1
187 208 1
174 209 1
187 209 1
174 210 1
187 210 1
161 211 1
168 211 1
174 211 1
181 211 1
187 211 1
161 212 1
174 212 1
181 212 1
161 213 1
161 214 1
167 214 1
180 214 1
181 214 1
147 215 1
160 215 1
161 215 1
174 215 1
147 216 1
160 216 1
161 216 1
180 216 1
147 217 1
155 217 1
160 217 1
161 217 1
174 217 1
147 218 1
185 218 1
188 218 1
133 220 1
147 220 1
188 220 1
133 221 1
188 221 1
133 222 1
175 222 1
188 222 1
198 222 1
162 223 1
175 223 1
181 223 1
188 223 1
161 224 1
162 224 1
175 224 1
198 224 1
162 225 1
175 225 1
186 225 1
162 226 1
194 227 1
161 228 1
175 228 1
162 229 1
175 229 1
147 230 1
175 230 1
175 231 1
186 231 1
187 231 1
134 232 1
148 232 1
134 233 1
147 233 1
148 233 1
182 233 1
148 235 1
176 235 1
162 240 1
176 240 1
162 241 1
163 241 1
176 241 1
176 242 1
176 243 1
176 244 1
148 245 1
149 245 1
176 245 1
149 246 1
135 248 1
135 249 1
135 250 1
183 250 1
163 252 1
163 253 1
190 253 1
78 63 2
79 63 2
96 63 2
77 64 2
78 64 2
98 64 2
99 64 2
100 64 2
74 65 2
75 65 2
100 65 2
101 65 2
102 65 2
73 66 2
74 66 2
102 66 2
103 66 2
72 67 2
73 67 2
103 67 2
104 67 2
71 68 2
72 68 2
103 68 2
104 68 2
105 68 2
69 69 2
70 69 2
71 69 2
104 69 2
105 69 2
69 70 2
70 70 2
105 70 2
106 70 2
69 71 2
70 71 2
106 71 2
107 71 2
69 72 2
70 72 2
106 72 2
107 72 2
70 73 2
71 73 2
107 73 2
108 73 2
70 74 2
71 74 2
107 74 2
108 74 2
109 74 2
69 75 2
70 75 2
71 75 2
108 75 2
109 75 2
69 76 2
70 76 2
71 76 2
72 76 2
108 76 2
109 76 2
71 77 2
72 77 2
73 77 2
108 77 2
109 77 2
110 77 2
68 78 2
73 78 2
74 78 2
109 78 2
110 78 2
68 79 2
74 79 2
75 79 2
76 79 2
109 79 2
110 79 2
68 80 2
75 80 2
76 80 2
77 80 2
79 80 2
81 80 2
109 80 2
110 80 2
68 81 2
75 81 2
109 81 2
110 81 2
67 82 2
68 82 2
109 82 2
110 82 2
111 82 2
110 83 2
111 83 2
110 84 2
111 84 2
110 85 2
111 85 2
80 86 2
81 86 2
110 86 2
111 86 2
80 87 2
81 87 2
83 87 2
110 87 2
111 87 2
81 88 2
82 88 2
110 88 2
111 88 2
81 89 2
82 89 2
110 89 2
111 89 2
112 89 2
81 90 2
111 90 2
112 90 2
80 91 2
81 91 2
93 91 2
111 91 2
112 91 2
80 92 2
82 92 2
111 92 2
112 92 2
111 93 2
112 93 2
113 93 2
80 94 2
111 94 2
112 94 2
115 94 2
82 95 2
83 95 2
111 95 2
112 95 2
63 96 2
82 96 2
111 96 2
112 96 2
113 96 2
60 97 2
62 97 2
81 97 2
111 97 2
112 97 2
113 97 2
78 98 2
80 98 2
81 98 2
112 98 2
113 98 2
78 99 2
79 99 2
80 99 2
113 99 2
114 99 2
77 100 2
78 100 2
79 100 2
100 100 2
113 100 2
114 100 2
77 101 2
78 101 2
113 101 2
114 101 2
77 102 2
78 102 2
113 102 2
114 102 2
77 103 2
113 103 2
114 103 2
77 104 2
115 104 2
77 105 2
114 105 2
115 105 2
116 105 2
76 106 2
77 106 2
86 106 2
114 106 2
115 106 2
116 106 2
76 107 2
77 107 2
78 107 2
114 107 2
115 107 2
116 107 2
77 108 2
78 108 2
116 108 2
77 109 2
78 109 2
85 109 2
115 109 2
116 109 2
78 110 2
83 110 2
89 110 2
116 110 2
78 111 2
81 111 2
82 111 2
83 111 2
89 111 2
90 111 2
91 111 2
104 111 2
116 111 2
78 112 2
80 112 2
82 112 2
90 112 2
91 112 2
92 112 2
104 112 2
116 112 2
117 112 2
77 113 2
78 113 2
80 113 2
91 113 2
92 113 2
93 113 2
112 113 2
117 113 2
77 114 2
80 114 2
92 114 2
93 114 2
104 114 2
117 114 2
92 115 2
93 115 2
94 115 2
117 115 2
93 116 2
94 116 2
97 116 2
117 116 2
118 116 2
94 117 2
95 117 2
97 117 2
114 117 2
117 117 2
118 117 2
95 118 2
97 118 2
117 118 2
118 118 2
95 119 2
96 119 2
98 119 2
117 119 2
118 119 2
95 120 2
96 120 2
97 120 2
98 120 2
118 120 2
119 120 2
96 121 2
97 121 2
98 121 2
119 121 2
96 122 2
97 122 2
98 122 2
115 122 2
119 122 2
96 123 2
97 123 2
98 123 2
99 123 2
107 123 2
115 123 2
120 123 2
97 124 2
98 124 2
99 124 2
115 124 2
120 124 2
97 125 2
98 125 2
99 125 2
116 125 2
98 126 2
99 126 2
100 126 2
116 126 2
98 127 2
99 127 2
116 127 2
98 128 2
99 128 2
100 128 2
117 128 2
121 128 2
98 129 2
99 129 2
100 129 2
117 129 2
118 129 2
124 129 2
99 130 2
100 130 2
106 130 2
117 130 2
118 130 2
99 131 2
100 131 2
117 131 2
118 131 2
98 132 2
99 132 2
100 132 2
103 132 2
118 132 2
124 132 2
99 133 2
100 133 2
101 133 2
118 133 2
99 134 2
100 134 2
101 134 2
118 134 2
119 134 2
100 135 2
101 135 2
102 135 2
118 135 2
119 135 2
100 136 2
101 136 2
102 136 2
119 136 2
100 137 2
101 137 2
102 137 2
120 137 2
123 137 2
100 138 2
101 138 2
102 138 2
132 138 2
70 139 2
100 139 2
101 139 2
102 139 2
103 139 2
132 139 2
70 140 2
100 140 2
101 140 2
102 140 2
103 140 2
100 141 2
101 141 2
102 141 2
103 141 2
100 142 2
101 142 2
102 142 2
103 142 2
100 143 2
101 143 2
102 143 2
103 143 2
101 144 2
102 144 2
103 144 2
135 144 2
101 145 2
102 145 2
103 145 2
100 146 2
101 146 2
102 146 2
100 147 2
101 147 2
102 147 2
103 147 2
137 147 2
100 148 2
101 148 2
102 148 2
137 148 2
100 149 2
101 149 2
102 149 2
138 149 2
100 150 2
101 150 2
102 150 2
105 150 2
100 151 2
101 151 2
102 151 2
105 151 2
139 151 2
140 151 2
67 152 2
100 152 2
101 152 2
102 152 2
105 152 2
139 152 2
140 152 2
66 153 2
100 153 2
101 153 2
102 153 2
104 153 2
140 153 2
141 153 2
100 154 2
101 154 2
102 154 2
104 154 2
105 154 2
140 154 2
141 154 2
100 155 2
101 155 2
102 155 2
104 155 2
105 155 2
141 155 2
99 156 2
100 156 2
102 156 2
104 156 2
142 156 2
99 157 2
104 157 2
99 158 2
102 158 2
103 158 2
104 158 2
143 158 2
101 159 2
102 159 2
103 159 2
104 159 2
101 160 2
103 160 2
144 160 2
101 161 2
102 161 2
103 161 2
100 162 2
103 162 2
100 163 2
101 163 2
110 163 2
116 163 2
105 164 2
106 164 2
108 166 2
109 166 2
110 166 2
107 167 2
108 167 2
109 167 2
110 167 2
107 168 2
108 168 2
109 168 2
110 168 2
108 169 2
109 169 2
108 170 2
109 170 2
110 170 2
108 171 2
109 171 2
110 171 2
149 171 2
109 172 2
110 172 2
111 172 2
79 173 2
110 173 2
111 173 2
139 173 2
80 174 2
110 174 2
111 174 2
132 174 2
140 174 2
147 174 2
110 175 2
111 175 2
146 175 2
110 176 2
111 176 2
144 176 2
110 177 2
111 177 2
143 177 2
144 177 2
110 178 2
111 178 2
141 178 2
142 178 2
110 179 2
111 179 2
140 179 2
141 179 2
142 179 2
110 180 2
111 180 2
124 180 2
138 180 2
139 180 2
110 181 2
111 181 2
123 181 2
110 182 2
136 182 2
109 183 2
110 183 2
110 184 2
133 184 2
134 184 2
110 185 2
132 185 2
110 186 2
130 186 2
131 186 2
110 187 2
111 187 2
129 187 2
110 188 2
111 188 2
127 188 2
128 188 2
110 189 2
111 189 2
126 189 2
127 189 2
110 190 2
111 190 2
126 190 2
110 191 2
111 191 2
110 192 2
111 192 2
123 192 2
110 193 2
111 193 2
122 193 2
109 194 2
110 194 2
120 194 2
109 195 2
110 195 2
119 195 2
70 196 2
108 196 2
109 196 2
106 197 2
107 197 2
108 197 2
105 198 2
108 198 2
113 199 2
97 201 2
66 202 2
67 202 2
94 202 2
64 205 2
68 205 2
64 206 2
68 206 2
63 207 2
64 207 2
117 207 2
118 207 2
120 207 2
64 208 2
111 208 2
117 208 2
118 208 2
123 208 2
111 209 2
116 209 2
117 209 2
118 209 2
128 209 2
117 210 2
128 210 2
116 211 2
117 211 2
124 211 2
128 211 2
65 212 2
70 212 2
86 212 2
116 212 2
117 212 2
120 212 2
121 212 2
122 212 2
123 212 2
128 212 2
117 213 2
122 213 2
123 213 2
127 213 2
116 214 2
123 214 2
127 214 2
128 214 2
116 215 2
123 215 2
124 215 2
127 215 2
116 216 2
121 216 2
123 216 2
124 216 2
127 216 2
116 217 2
121 217 2
123 217 2
124 217 2
121 218 2
123 218 2
124 218 2
121 219 2
123 219 2
124 219 2
120 220 2
124 220 2
127 222 2
116 223 2
69 224 2
115 226 2
121 226 2
115 227 2
115 228 2
115 229 2
115 231 2
114 235 2
115 235 2
114 236 2
114 237 2
114 238 2
113 239 2
44 75 3
47 76 3
48 77 3
49 77 3
50 78 3
51 79 3
20 80 3
51 80 3
52 80 3
20 81 3
52 81 3
53 81 3
20 82 3
21 82 3
52 82 3
53 82 3
20 83 3
21 83 3
22 83 3
29 83 3
30 83 3
53 83 3
54 83 3
20 84 3
21 84 3
33 84 3
34 84 3
35 84 3
53 84 3
54 84 3
19 85 3
20 85 3
21 85 3
36 85 3
39 85 3
53 85 3
54 85 3
19 86 3
20 86 3
28 86 3
29 86 3
30 86 3
33 86 3
34 86 3
38 86 3
39 86 3
40 86 3
41 86 3
53 86 3
54 86 3
18 87 3
19 87 3
27 87 3
28 87 3
29 87 3
30 87 3
32 87 3
33 87 3
34 87 3
35 87 3
38 87 3
39 87 3
40 87 3
53 87 3
54 87 3
19 88 3
20 88 3
25 88 3
26 88 3
27 88 3
28 88 3
29 88 3
35 88 3
36 88 3
38 88 3
39 88 3
40 88 3
53 88 3
19 89 3
20 89 3
25 89 3
26 89 3
27 89 3
28 89 3
35 89 3
36 89 3
39 89 3
40 89 3
53 89 3
54 89 3
19 90 3
20 90 3
22 90 3
24 90 3
25 90 3
26 90 3
27 90 3
36 90 3
39 90 3
44 90 3
47 90 3
54 90 3
20 91 3
22 91 3
24 91 3
25 91 3
26 91 3
44 91 3
45 91 3
47 91 3
54 91 3
55 91 3
18 92 3
20 92 3
22 92 3
23 92 3
24 92 3
25 92 3
45 92 3
48 92 3
49 92 3
20 93 3
21 93 3
22 93 3
24 93 3
38 93 3
45 93 3
46 93 3
49 93 3
50 93 3
51 93 3
20 94 3
21 94 3
22 94 3
44 94 3
45 94 3
51 94 3
52 94 3
20 95 3
21 95 3
44 95 3
46 95 3
54 95 3
20 96 3
21 96 3
45 96 3
51 96 3
18 97 3
19 97 3
20 97 3
18 98 3
19 98 3
20 98 3
18 99 3
19 99 3
18 100 3
11 102 3
12 102 3
10 103 3
11 103 3
10 104 3
44 104 3
33 107 3
40 108 3
32 110 3
35 110 3
36 110 3
37 110 3
38 110 3
32 111 3
35 111 3
38 111 3
35 112 3
39 112 3
16 113 3
35 113 3
39 113 3
40 113 3
40 114 3
31 115 3
40 115 3
33 116 3
35 117 3
40 119 3
41 119 3
40 120 3
38 121 3
38 122 3
38 123 3
39 123 3
38 124 3
39 124 3
39 125 3
39 126 3
40 126 3
39 127 3
25 130 3
24 131 3
25 131 3
24 132 3
25 132 3
24 133 3
25 133 3
30 133 3
24 134 3
27 141 3
27 142 3
28 142 3
28 143 3
22 148 3
9 154 3
41 157 3
42 161 3
42 162 3
27 163 3
28 165 3
16 181 3
39 181 3
16 182 3
20 187 3
21 187 3
21 188 3
22 188 3
23 188 3
22 189 3
23 189 3
23 190 3
24 190 3
24 191 3
25 191 3
25 192 3
1 193 3
25 193 3
26 193 3
1 194 3
2 194 3
26 194 3
2 195 3
2 196 3
3 196 3
2 197 3
3 197 3
2 198 3
3 198 3
4 198 3
3 199 3
4 199 3
4 200 3
5 200 3
4 201 3
5 201 3
5 202 3
6 202 3
6 203 3
7 204 3
7 205 3
8 205 3
8 206 3
9 206 3
8 207 3
9 207 3
10 208 3
10 209 3
11 210 3
11 211 3
11 212 3
12 212 3
12 213 3
52 214 3
13 215 3
52 215 3
13 216 3
52 216 3
14 217 3
52 217 3
15 218 3
52 218 3
15 219 3
52 219 3
16 220 3
52 220 3
16 221 3
52 221 3
16 222 3
52 222 3
52 223 3
51 224 3
52 224 3
51 225 3
52 225 3
51 226 3
52 226 3
52 227 3
52 228 3
51 229 3
52 229 3
52 230 3
52 231 3
53 232 3
53 233 3
53 234 3
52 235 3
53 235 3
52 242 3
52 243 3
21 222 4
18 226 4
16 227 4
17 227 4
13 229 4
14 229 4
13 230 4
14 230 4
15 230 4
13 231 4
14 231 4
12 232 4
13 232 4
96 232 4
12 233 4
10 234 4
11 234 4
12 234 4
8 235 4
9 235 4
10 235 4
9 237 4
5 238 4
8 238 4
6 239 4
7 239 4
6 240 4
7 240 4
5 241 4
6 241 4
5 242 4
1 245 4
2 245 4
1 246 4
