126 6 0
166 6 0
37 7 0
113 7 0
139 7 0
170 7 0
178 7 0
190 7 0
215 7 0
239 7 0
64 8 0
85 8 0
99 8 0
113 8 0
165 8 0
178 8 0
190 8 0
202 8 0
203 8 0
227 8 0
239 8 0
251 8 0
254 8 0
266 8 0
23 9 0
26 9 0
85 9 0
126 9 0
139 9 0
152 9 0
153 9 0
165 9 0
166 9 0
170 9 0
195 9 0
203 9 0
227 9 0
266 9 0
284 9 0
299 9 0
310 9 0
26 10 0
41 10 0
70 10 0
85 10 0
126 10 0
139 10 0
144 10 0
152 10 0
153 10 0
166 10 0
170 10 0
207 10 0
215 10 0
227 10 0
231 10 0
239 10 0
243 10 0
259 10 0
11 11 0
56 11 0
70 11 0
85 11 0
99 11 0
104 11 0
113 11 0
126 11 0
127 11 0
131 11 0
139 11 0
144 11 0
152 11 0
153 11 0
157 11 0
165 11 0
166 11 0
170 11 0
176 11 0
178 11 0
191 11 0
203 11 0
215 11 0
219 11 0
227 11 0
231 11 0
236 11 0
239 11 0
243 11 0
274 11 0
10 12 0
56 12 0
70 12 0
85 12 0
99 12 0
100 12 0
113 12 0
126 12 0
127 12 0
139 12 0
144 12 0
152 12 0
153 12 0
164 12 0
165 12 0
166 12 0
170 12 0
178 12 0
182 12 0
183 12 0
195 12 0
203 12 0
208 12 0
215 12 0
219 12 0
227 12 0
231 12 0
239 12 0
243 12 0
251 12 0
254 12 0
255 12 0
266 12 0
278 12 0
307 12 0
85 13 0
99 13 0
139 13 0
152 13 0
153 13 0
166 13 0
170 13 0
178 13 0
179 13 0
183 13 0
191 13 0
195 13 0
200 13 0
207 13 0
215 13 0
219 13 0
223 13 0
231 13 0
239 13 0
243 13 0
251 13 0
255 13 0
274 13 0
278 13 0
296 13 0
307 13 0
23 14 0
52 14 0
92 14 0
126 14 0
139 14 0
152 14 0
153 14 0
166 14 0
179 14 0
191 14 0
195 14 0
215 14 0
220 14 0
231 14 0
232 14 0
239 14 0
243 14 0
251 14 0
255 14 0
274 14 0
278 14 0
296 14 0
37 15 0
139 15 0
152 15 0
153 15 0
166 15 0
170 15 0
178 15 0
191 15 0
204 15 0
208 15 0
215 15 0
216 15 0
228 15 0
232 15 0
239 15 0
251 15 0
274 15 0
285 15 0
296 15 0
113 16 0
153 16 0
166 16 0
170 16 0
178 16 0
179 16 0
191 16 0
208 16 0
215 16 0
216 16 0
228 16 0
232 16 0
239 16 0
251 16 0
285 16 0
127 17 0
166 17 0
191 17 0
204 17 0
208 17 0
215 17 0
216 17 0
220 17 0
228 17 0
232 17 0
240 17 0
278 17 0
127 18 0
216 18 0
220 18 0
228 18 0
232 18 0
255 18 0
127 19 0
152 19 0
228 19 0
232 19 0
255 19 0
127 20 0
153 20 0
196 20 0
228 20 0
232 20 0
263 20 0
140 21 0
228 21 0
232 21 0
252 21 0
267 21 0
275 21 0
140 22 0
240 22 0
252 22 0
267 22 0
275 22 0
297 22 0
308 22 0
140 23 0
153 23 0
192 23 0
240 23 0
267 23 0
275 23 0
286 23 0
297 23 0
308 23 0
127 24 0
192 24 0
204 24 0
252 24 0
267 24 0
275 24 0
286 24 0
297 24 0
127 25 0
153 25 0
204 25 0
221 25 0
252 25 0
256 25 0
275 25 0
286 25 0
140 26 0
275 26 0
286 26 0
209 27 0
240 27 0
252 27 0
279 27 0
286 27 0
140 28 0
229 28 0
240 28 0
252 28 0
264 28 0
140 29 0
217 29 0
229 29 0
233 29 0
298 29 0
140 30 0
141 30 0
217 30 0
141 31 0
229 31 0
241 31 0
253 31 0
276 31 0
128 32 0
141 32 0
205 32 0
207 32 0
241 32 0
253 32 0
276 32 0
287 32 0
141 33 0
253 33 0
276 33 0
287 33 0
141 34 0
241 34 0
253 34 0
265 34 0
276 34 0
287 34 0
141 35 0
241 35 0
265 35 0
276 35 0
280 35 0
141 36 0
235 36 0
241 36 0
245 36 0
276 36 0
277 36 0
280 36 0
305 36 0
320 36 0
128 37 0
241 37 0
242 37 0
255 37 0
277 37 0
280 37 0
289 37 0
310 37 0
313 37 0
321 37 0
212 38 0
243 38 0
246 38 0
255 38 0
277 38 0
309 38 0
310 38 0
227 39 0
234 39 0
241 39 0
242 39 0
277 39 0
280 39 0
281 39 0
310 39 0
314 39 0
326 39 0
212 40 0
244 40 0
276 40 0
277 40 0
281 40 0
310 40 0
314 40 0
332 40 0
341 40 0
232 41 0
234 41 0
243 41 0
244 41 0
251 41 0
255 41 0
277 41 0
281 41 0
310 41 0
314 41 0
341 41 0
342 41 0
206 42 0
222 42 0
232 42 0
233 42 0
236 42 0
243 42 0
244 42 0
251 42 0
253 42 0
255 42 0
256 42 0
257 42 0
258 42 0
277 42 0
281 42 0
310 42 0
314 42 0
210 43 0
220 43 0
226 43 0
230 43 0
231 43 0
234 43 0
235 43 0
243 43 0
244 43 0
249 43 0
253 43 0
255 43 0
258 43 0
277 43 0
281 43 0
310 43 0
314 43 0
230 44 0
231 44 0
233 44 0
234 44 0
235 44 0
243 44 0
244 44 0
248 44 0
249 44 0
277 44 0
281 44 0
310 44 0
314 44 0
340 44 0
225 45 0
230 45 0
231 45 0
233 45 0
234 45 0
236 45 0
242 45 0
243 45 0
249 45 0
256 45 0
258 45 0
277 45 0
310 45 0
314 45 0
327 45 0
340 45 0
341 45 0
225 46 0
231 46 0
233 46 0
234 46 0
236 46 0
242 46 0
243 46 0
253 46 0
255 46 0
256 46 0
258 46 0
277 46 0
282 46 0
310 46 0
311 46 0
314 46 0
327 46 0
328 46 0
331 46 0
338 46 0
340 46 0
341 46 0
233 47 0
234 47 0
236 47 0
238 47 0
242 47 0
244 47 0
253 47 0
254 47 0
255 47 0
256 47 0
258 47 0
259 47 0
277 47 0
282 47 0
290 47 0
301 47 0
310 47 0
311 47 0
314 47 0
340 47 0
341 47 0
233 48 0
236 48 0
238 48 0
243 48 0
244 48 0
253 48 0
254 48 0
255 48 0
256 48 0
258 48 0
259 48 0
277 48 0
281 48 0
282 48 0
310 48 0
311 48 0
315 48 0
340 48 0
341 48 0
232 49 0
233 49 0
236 49 0
242 49 0
243 49 0
244 49 0
253 49 0
254 49 0
255 49 0
256 49 0
258 49 0
259 49 0
266 49 0
270 49 0
310 49 0
311 49 0
315 49 0
219 50 0
231 50 0
232 50 0
242 50 0
243 50 0
255 50 0
258 50 0
259 50 0
266 50 0
270 50 0
282 50 0
289 50 0
300 50 0
303 50 0
304 50 0
311 50 0
315 50 0
207 51 0
210 51 0
219 51 0
231 51 0
232 51 0
259 51 0
266 51 0
270 51 0
278 51 0
281 51 0
282 51 0
289 51 0
293 51 0
300 51 0
311 51 0
322 51 0
330 51 0
219 52 0
231 52 0
232 52 0
258 52 0
259 52 0
270 52 0
278 52 0
288 52 0
289 52 0
300 52 0
304 52 0
311 52 0
330 52 0
219 53 0
231 53 0
232 53 0
258 53 0
259 53 0
266 53 0
270 53 0
278 53 0
282 53 0
289 53 0
300 53 0
304 53 0
315 53 0
330 53 0
219 54 0
231 54 0
232 54 0
259 54 0
266 54 0
270 54 0
282 54 0
289 54 0
304 54 0
330 54 0
211 55 0
219 55 0
224 55 0
231 55 0
232 55 0
259 55 0
270 55 0
278 55 0
282 55 0
289 55 0
330 55 0
207 56 0
211 56 0
219 56 0
224 56 0
231 56 0
232 56 0
258 56 0
259 56 0
289 56 0
301 56 0
311 56 0
312 56 0
330 56 0
219 57 0
224 57 0
236 57 0
240 57 0
241 57 0
242 57 0
248 57 0
249 57 0
257 57 0
258 57 0
267 57 0
270 57 0
302 57 0
312 57 0
330 57 0
335 57 0
342 57 0
211 58 0
219 58 0
224 58 0
236 58 0
240 58 0
241 58 0
242 58 0
243 58 0
247 58 0
248 58 0
249 58 0
257 58 0
258 58 0
270 58 0
301 58 0
312 58 0
320 58 0
339 58 0
207 59 0
211 59 0
219 59 0
231 59 0
232 59 0
233 59 0
236 59 0
240 59 0
242 59 0
243 59 0
247 59 0
249 59 0
250 59 0
256 59 0
257 59 0
267 59 0
269 59 0
270 59 0
279 59 0
289 59 0
300 59 0
301 59 0
320 59 0
321 59 0
326 59 0
331 59 0
337 59 0
338 59 0
339 59 0
219 60 0
225 60 0
230 60 0
231 60 0
232 60 0
233 60 0
240 60 0
242 60 0
243 60 0
246 60 0
247 60 0
249 60 0
250 60 0
256 60 0
257 60 0
260 60 0
270 60 0
279 60 0
290 60 0
294 60 0
300 60 0
301 60 0
314 60 0
321 60 0
326 60 0
331 60 0
337 60 0
339 60 0
230 61 0
231 61 0
232 61 0
233 61 0
240 61 0
243 61 0
244 61 0
246 61 0
247 61 0
249 61 0
250 61 0
256 61 0
257 61 0
258 61 0
267 61 0
279 61 0
290 61 0
293 61 0
300 61 0
301 61 0
312 61 0
320 61 0
331 61 0
337 61 0
339 61 0
340 61 0
343 61 0
219 62 0
232 62 0
233 62 0
239 62 0
240 62 0
243 62 0
244 62 0
246 62 0
247 62 0
250 62 0
251 62 0
256 62 0
257 62 0
258 62 0
259 62 0
260 62 0
290 62 0
300 62 0
301 62 0
304 62 0
312 62 0
330 62 0
331 62 0
332 62 0
337 62 0
339 62 0
340 62 0
343 62 0
219 63 0
232 63 0
233 63 0
239 63 0
240 63 0
242 63 0
243 63 0
244 63 0
245 63 0
246 63 0
248 63 0
249 63 0
250 63 0
251 63 0
255 63 0
256 63 0
257 63 0
258 63 0
259 63 0
260 63 0
262 63 0
290 63 0
295 63 0
300 63 0
301 63 0
304 63 0
312 63 0
321 63 0
326 63 0
332 63 0
337 63 0
339 63 0
340 63 0
343 63 0
232 64 0
233 64 0
239 64 0
240 64 0
241 64 0
242 64 0
243 64 0
244 64 0
245 64 0
246 64 0
247 64 0
248 64 0
249 64 0
250 64 0
251 64 0
255 64 0
267 64 0
279 64 0
283 64 0
290 64 0
294 64 0
300 64 0
301 64 0
304 64 0
312 64 0
322 64 0
326 64 0
332 64 0
337 64 0
220 65 0
230 65 0
232 65 0
233 65 0
239 65 0
240 65 0
241 65 0
242 65 0
243 65 0
246 65 0
247 65 0
249 65 0
251 65 0
254 65 0
255 65 0
256 65 0
270 65 0
279 65 0
280 65 0
283 65 0
290 65 0
294 65 0
301 65 0
312 65 0
314 65 0
322 65 0
326 65 0
332 65 0
339 65 0
340 65 0
226 66 0
230 66 0
232 66 0
233 66 0
239 66 0
241 66 0
243 66 0
244 66 0
246 66 0
247 66 0
249 66 0
251 66 0
252 66 0
255 66 0
256 66 0
257 66 0
261 66 0
268 66 0
270 66 0
279 66 0
280 66 0
283 66 0
290 66 0
301 66 0
331 66 0
332 66 0
340 66 0
220 67 0
226 67 0
232 67 0
233 67 0
239 67 0
241 67 0
244 67 0
246 67 0
247 67 0
249 67 0
250 67 0
251 67 0
252 67 0
254 67 0
255 67 0
256 67 0
257 67 0
260 67 0
261 67 0
271 67 0
301 67 0
220 68 0
236 68 0
246 68 0
249 68 0
256 68 0
260 68 0
271 68 0
301 68 0
225 69 0
249 69 0
256 69 0
260 69 0
267 69 0
290 69 0
291 69 0
225 70 0
244 70 0
256 70 0
268 70 0
290 70 0
291 70 0
302 70 0
232 71 0
268 71 0
272 71 0
280 71 0
291 71 0
305 71 0
324 71 0
232 72 0
291 72 0
302 72 0
211 73 0
220 73 0
260 73 0
272 73 0
291 73 0
257 74 0
261 74 0
272 74 0
280 74 0
291 74 0
24 75 0
280 75 0
291 75 0
24 76 0
257 76 0
280 76 0
291 76 0
306 76 0
24 77 0
233 77 0
245 77 0
257 77 0
260 77 0
272 77 0
280 77 0
291 77 0
303 77 0
314 77 0
221 78 0
233 78 0
245 78 0
257 78 0
272 78 0
280 78 0
284 78 0
291 78 0
303 78 0
314 78 0
325 78 0
225 79 0
233 79 0
237 79 0
245 79 0
249 79 0
257 79 0
269 79 0
272 79 0
284 79 0
291 79 0
303 79 0
324 79 0
325 79 0
221 80 0
233 80 0
245 80 0
249 80 0
257 80 0
269 80 0
272 80 0
284 80 0
291 80 0
292 80 0
295 80 0
303 80 0
306 80 0
209 81 0
238 81 0
245 81 0
257 81 0
261 81 0
269 81 0
284 81 0
291 81 0
292 81 0
295 81 0
303 81 0
209 82 0
233 82 0
238 82 0
245 82 0
249 82 0
257 82 0
261 82 0
269 82 0
272 82 0
284 82 0
291 82 0
292 82 0
303 82 0
325 82 0
209 83 0
221 83 0
238 83 0
245 83 0
249 83 0
257 83 0
258 83 0
261 83 0
269 83 0
273 83 0
281 83 0
284 83 0
292 83 0
303 83 0
209 84 0
233 84 0
238 84 0
245 84 0
258 84 0
261 84 0
269 84 0
273 84 0
284 84 0
292 84 0
303 84 0
325 84 0
6 85 0
209 85 0
221 85 0
245 85 0
258 85 0
261 85 0
269 85 0
281 85 0
292 85 0
303 85 0
304 85 0
325 85 0
2 86 0
3 86 0
209 86 0
221 86 0
222 86 0
234 86 0
245 86 0
246 86 0
258 86 0
261 86 0
281 86 0
285 86 0
292 86 0
304 86 0
221 87 0
222 87 0
234 87 0
258 87 0
261 87 0
269 87 0
281 87 0
292 87 0
295 87 0
304 87 0
234 88 0
246 88 0
250 88 0
258 88 0
269 88 0
270 88 0
273 88 0
281 88 0
285 88 0
292 88 0
304 88 0
234 89 0
246 89 0
250 89 0
258 89 0
270 89 0
281 89 0
292 89 0
304 89 0
234 90 0
238 90 0
246 90 0
258 90 0
270 90 0
273 90 0
281 90 0
292 90 0
293 90 0
296 90 0
304 90 0
210 91 0
234 91 0
238 91 0
246 91 0
258 91 0
270 91 0
273 91 0
282 91 0
304 91 0
24 92 0
210 92 0
227 92 0
234 92 0
238 92 0
246 92 0
270 92 0
273 92 0
282 92 0
285 92 0
304 92 0
210 93 0
238 93 0
246 93 0
270 93 0
282 93 0
293 93 0
304 93 0
210 94 0
222 94 0
238 94 0
246 94 0
282 94 0
293 94 0
304 94 0
234 95 0
258 95 0
259 95 0
270 95 0
282 95 0
293 95 0
326 95 0
210 96 0
235 96 0
238 96 0
270 96 0
282 96 0
293 96 0
327 96 0
210 97 0
235 97 0
282 97 0
293 97 0
304 97 0
305 97 0
12 98 0
210 98 0
235 98 0
239 98 0
259 98 0
270 98 0
271 98 0
274 98 0
282 98 0
286 98 0
293 98 0
305 98 0
226 99 0
259 99 0
271 99 0
274 99 0
282 99 0
286 99 0
293 99 0
297 99 0
305 99 0
23 100 0
24 100 0
210 100 0
223 100 0
247 100 0
271 100 0
274 100 0
286 100 0
293 100 0
294 100 0
297 100 0
305 100 0
210 101 0
235 101 0
247 101 0
259 101 0
271 101 0
286 101 0
293 101 0
22 102 0
235 102 0
247 102 0
259 102 0
271 102 0
294 102 0
247 103 0
274 103 0
294 103 0
247 104 0
271 104 0
294 104 0
18 105 0
19 105 0
20 105 0
271 105 0
286 105 0
294 105 0
19 106 0
275 106 0
283 106 0
286 106 0
294 106 0
286 107 0
294 107 0
18 108 0
272 108 0
275 108 0
283 108 0
17 109 0
236 109 0
260 109 0
272 109 0
275 109 0
283 109 0
294 109 0
295 109 0
236 110 0
260 110 0
272 110 0
275 110 0
283 110 0
248 111 0
272 111 0
275 111 0
284 111 0
294 111 0
295 111 0
248 112 0
272 112 0
284 112 0
295 112 0
236 113 0
272 113 0
284 113 0
295 113 0
260 114 0
264 114 0
272 114 0
295 114 0
260 115 0
276 116 0
260 117 0
261 117 0
284 117 0
260 118 0
273 118 0
273 119 0
261 120 0
273 120 0
284 120 0
261 121 0
273 121 0
276 121 0
261 122 0
273 122 0
296 122 0
273 123 0
296 123 0
285 124 0
285 125 0
276 127 0
296 127 0
274 128 0
296 128 0
299 128 0
285 129 0
296 129 0
297 129 0
274 130 0
262 131 0
274 131 0
277 131 0
289 131 0
274 132 0
277 132 0
274 133 0
277 133 0
274 135 0
286 135 0
274 136 0
250 140 0
275 141 0
275 142 0
275 144 0
287 147 0
287 148 0
299 152 0
299 153 0
23 204 0
23 205 0
24 206 0
24 207 0
25 207 0
25 208 0
25 209 0
26 212 0
13 228 0
20 229 0
21 229 0
20 230 0
21 230 0
13 231 0
20 231 0
12 232 0
13 233 0
18 233 0
13 236 0
9 243 0
33 244 0
9 246 0
30 247 0
29 248 0
30 248 0
8 249 0
8 251 0
7 252 0
8 252 0
7 253 0
6 255 0
7 255 0
155 36 1
155 37 1
181 48 1
169 49 1
181 49 1
169 50 1
181 50 1
169 52 1
169 53 1
179 54 1
168 57 1
155 59 1
156 60 1
175 61 1
182 61 1
182 62 1
195 62 1
182 63 1
195 63 1
143 64 1
156 64 1
170 64 1
182 64 1
143 65 1
156 65 1
169 65 1
170 65 1
176 65 1
182 65 1
143 66 1
156 66 1
170 66 1
176 66 1
180 66 1
156 67 1
170 67 1
195 67 1
170 68 1
175 68 1
180 68 1
170 69 1
170 70 1
188 70 1
163 71 1
170 71 1
177 71 1
195 71 1
157 72 1
163 72 1
176 72 1
177 72 1
180 72 1
195 72 1
176 73 1
157 74 1
164 74 1
176 74 1
195 74 1
144 75 1
157 75 1
176 75 1
177 75 1
189 75 1
144 76 1
157 76 1
176 76 1
177 76 1
189 76 1
157 77 1
158 77 1
183 77 1
131 78 1
177 78 1
183 78 1
189 78 1
183 79 1
196 79 1
139 80 1
157 80 1
158 80 1
176 80 1
183 80 1
196 80 1
131 81 1
144 81 1
183 81 1
157 82 1
164 82 1
178 82 1
183 82 1
158 83 1
171 83 1
178 83 1
131 84 1
158 84 1
169 84 1
171 84 1
178 84 1
193 84 1
131 85 1
158 85 1
170 85 1
171 85 1
196 85 1
197 85 1
131 86 1
144 86 1
145 86 1
157 86 1
158 86 1
171 86 1
178 86 1
190 86 1
144 87 1
171 87 1
178 87 1
131 88 1
144 88 1
171 88 1
178 88 1
184 88 1
131 89 1
132 89 1
144 89 1
145 89 1
157 89 1
171 89 1
184 89 1
196 89 1
132 90 1
145 90 1
153 90 1
171 90 1
182 90 1
184 90 1
144 91 1
145 91 1
184 91 1
145 92 1
184 92 1
197 92 1
132 93 1
145 93 1
157 93 1
158 93 1
184 93 1
157 94 1
158 94 1
184 94 1
189 94 1
190 94 1
197 94 1
132 95 1
145 95 1
158 95 1
159 95 1
166 95 1
182 95 1
184 95 1
190 95 1
197 95 1
158 96 1
159 96 1
182 96 1
184 96 1
206 96 1
145 97 1
158 97 1
159 97 1
140 98 1
145 98 1
153 98 1
177 98 1
182 98 1
158 99 1
172 99 1
177 99 1
145 100 1
158 100 1
165 100 1
172 100 1
126 101 1
127 101 1
132 101 1
145 101 1
172 101 1
197 101 1
132 102 1
158 102 1
165 102 1
172 102 1
178 102 1
179 102 1
132 103 1
158 103 1
159 103 1
166 103 1
172 103 1
179 103 1
132 104 1
145 104 1
146 104 1
159 104 1
165 104 1
185 104 1
153 105 1
159 105 1
185 105 1
190 105 1
191 105 1
198 105 1
126 106 1
158 106 1
159 106 1
185 106 1
140 107 1
146 107 1
154 107 1
159 107 1
183 107 1
185 107 1
191 107 1
198 107 1
146 108 1
159 108 1
185 108 1
198 108 1
146 109 1
158 109 1
179 109 1
185 109 1
146 110 1
154 110 1
159 110 1
178 110 1
185 110 1
203 110 1
133 111 1
159 111 1
146 112 1
159 112 1
160 112 1
178 112 1
198 112 1
132 113 1
133 113 1
146 113 1
159 113 1
160 113 1
178 113 1
198 113 1
199 113 1
133 114 1
146 114 1
159 114 1
192 114 1
198 114 1
133 115 1
146 115 1
180 115 1
192 115 1
133 116 1
153 116 1
160 116 1
173 116 1
179 116 1
180 116 1
192 116 1
127 117 1
133 117 1
160 117 1
173 117 1
186 117 1
192 117 1
146 118 1
160 118 1
167 118 1
173 118 1
180 118 1
186 118 1
119 119 1
154 119 1
159 119 1
160 119 1
173 119 1
180 119 1
186 119 1
199 119 1
119 120 1
146 120 1
160 120 1
166 120 1
173 120 1
186 120 1
199 120 1
133 121 1
160 121 1
166 121 1
173 121 1
180 121 1
186 121 1
199 121 1
146 122 1
147 122 1
160 122 1
173 122 1
180 122 1
191 122 1
199 122 1
146 123 1
147 123 1
160 123 1
173 123 1
184 123 1
186 123 1
191 123 1
193 123 1
133 124 1
146 124 1
147 124 1
160 124 1
166 124 1
186 124 1
133 125 1
134 125 1
147 125 1
154 125 1
166 125 1
173 125 1
186 125 1
196 125 1
147 126 1
166 126 1
180 126 1
184 126 1
186 126 1
196 126 1
199 126 1
147 127 1
166 127 1
199 127 1
204 127 1
147 128 1
180 128 1
184 128 1
191 128 1
204 128 1
180 129 1
184 129 1
192 129 1
193 129 1
199 129 1
204 129 1
147 130 1
174 130 1
180 130 1
199 130 1
147 131 1
174 131 1
200 131 1
134 132 1
147 132 1
154 132 1
161 132 1
174 132 1
192 132 1
193 132 1
200 132 1
134 133 1
147 133 1
161 133 1
174 133 1
179 133 1
181 133 1
187 133 1
200 133 1
134 134 1
147 134 1
155 134 1
161 134 1
167 134 1
168 134 1
174 134 1
179 134 1
181 134 1
187 134 1
200 134 1
120 135 1
155 135 1
161 135 1
167 135 1
172 135 1
174 135 1
181 135 1
187 135 1
200 135 1
120 136 1
148 136 1
155 136 1
161 136 1
172 136 1
174 136 1
187 136 1
200 136 1
134 137 1
148 137 1
156 137 1
161 137 1
174 137 1
181 137 1
187 137 1
134 138 1
142 138 1
160 138 1
161 138 1
167 138 1
180 138 1
181 138 1
187 138 1
192 138 1
194 138 1
197 138 1
200 138 1
148 139 1
161 139 1
167 139 1
174 139 1
187 139 1
192 139 1
197 139 1
200 139 1
148 140 1
161 140 1
120 141 1
148 141 1
161 141 1
185 141 1
200 141 1
148 142 1
161 142 1
181 142 1
185 142 1
148 143 1
185 143 1
194 143 1
200 143 1
148 144 1
142 145 1
148 145 1
173 145 1
182 145 1
121 146 1
162 146 1
188 146 1
148 147 1
160 147 1
162 147 1
169 147 1
175 147 1
181 147 1
182 147 1
188 147 1
193 147 1
194 147 1
201 147 1
134 148 1
135 148 1
148 148 1
162 148 1
175 148 1
188 148 1
193 148 1
201 148 1
135 149 1
162 149 1
167 149 1
175 149 1
188 149 1
201 149 1
148 150 1
162 150 1
168 150 1
169 150 1
173 150 1
175 150 1
188 150 1
201 150 1
121 151 1
162 151 1
167 151 1
168 151 1
169 151 1
173 151 1
175 151 1
182 151 1
186 151 1
188 151 1
198 151 1
201 151 1
142 152 1
162 152 1
175 152 1
182 152 1
198 152 1
201 152 1
206 152 1
156 153 1
162 153 1
167 153 1
175 153 1
186 153 1
198 153 1
135 154 1
156 154 1
162 154 1
168 154 1
175 154 1
182 154 1
195 154 1
149 155 1
162 155 1
168 155 1
182 155 1
186 155 1
188 155 1
195 155 1
206 155 1
156 156 1
162 156 1
186 156 1
195 156 1
206 156 1
162 157 1
181 157 1
182 157 1
186 157 1
195 157 1
206 157 1
149 158 1
195 158 1
149 159 1
155 159 1
156 159 1
170 159 1
174 159 1
202 159 1
136 160 1
149 160 1
155 160 1
170 160 1
174 160 1
176 160 1
195 160 1
202 160 1
149 161 1
174 161 1
176 161 1
182 161 1
189 161 1
202 161 1
157 162 1
174 162 1
176 162 1
187 162 1
189 162 1
195 162 1
202 162 1
149 163 1
157 163 1
174 163 1
176 163 1
189 163 1
195 163 1
202 163 1
143 164 1
149 164 1
170 164 1
176 164 1
182 164 1
188 164 1
189 164 1
202 164 1
149 165 1
156 165 1
163 165 1
170 165 1
176 165 1
189 165 1
136 166 1
149 166 1
163 166 1
174 166 1
176 166 1
183 166 1
189 166 1
196 166 1
199 166 1
163 167 1
169 167 1
170 167 1
176 167 1
183 167 1
187 167 1
194 167 1
196 167 1
199 167 1
143 168 1
163 168 1
169 168 1
183 168 1
189 168 1
196 168 1
199 168 1
202 168 1
143 169 1
149 169 1
163 169 1
199 169 1
202 169 1
207 169 1
162 170 1
163 170 1
170 170 1
189 170 1
199 170 1
202 170 1
207 170 1
144 171 1
150 171 1
163 171 1
176 171 1
183 171 1
187 171 1
189 171 1
202 171 1
150 172 1
157 172 1
163 172 1
170 172 1
176 172 1
182 172 1
183 172 1
149 173 1
150 173 1
163 173 1
169 173 1
170 173 1
182 173 1
183 173 1
187 173 1
189 173 1
196 173 1
150 174 1
170 174 1
182 174 1
187 174 1
190 174 1
196 174 1
150 175 1
162 175 1
163 175 1
190 175 1
150 176 1
162 176 1
163 176 1
169 176 1
183 176 1
190 176 1
150 177 1
175 177 1
190 177 1
196 177 1
203 177 1
150 178 1
175 178 1
177 178 1
190 178 1
196 178 1
200 178 1
203 178 1
150 179 1
164 179 1
175 179 1
177 179 1
188 179 1
190 179 1
200 179 1
203 179 1
164 180 1
169 180 1
175 180 1
177 180 1
184 180 1
200 180 1
203 180 1
164 181 1
175 181 1
177 181 1
188 181 1
190 181 1
196 181 1
164 182 1
190 182 1
145 183 1
164 183 1
177 183 1
184 183 1
163 184 1
164 184 1
170 184 1
177 184 1
184 184 1
190 184 1
164 185 1
171 185 1
177 185 1
184 185 1
190 185 1
164 186 1
171 186 1
177 186 1
188 186 1
190 186 1
145 187 1
164 187 1
177 187 1
188 187 1
163 188 1
164 188 1
184 188 1
156 189 1
157 189 1
158 189 1
163 189 1
170 189 1
177 189 1
163 190 1
176 190 1
178 190 1
184 190 1
190 190 1
204 190 1
151 191 1
176 191 1
178 191 1
197 191 1
151 192 1
176 192 1
178 192 1
184 192 1
191 192 1
197 192 1
150 193 1
151 193 1
158 193 1
159 193 1
176 193 1
178 193 1
184 193 1
191 193 1
151 194 1
157 194 1
171 194 1
176 194 1
178 194 1
184 194 1
191 194 1
151 195 1
178 195 1
191 195 1
197 195 1
204 195 1
165 196 1
172 196 1
178 196 1
191 196 1
197 196 1
198 196 1
165 197 1
178 197 1
191 197 1
201 197 1
165 198 1
178 198 1
185 198 1
191 198 1
198 198 1
165 199 1
172 199 1
178 199 1
185 199 1
189 199 1
198 199 1
165 200 1
178 200 1
185 200 1
198 200 1
165 201 1
189 201 1
198 201 1
145 202 1
165 202 1
178 202 1
185 202 1
189 202 1
151 203 1
152 203 1
164 203 1
165 203 1
178 203 1
189 203 1
192 203 1
151 204 1
152 204 1
158 204 1
171 204 1
178 204 1
151 205 1
152 205 1
177 205 1
178 205 1
151 206 1
152 206 1
192 206 1
198 206 1
199 206 1
151 207 1
179 208 1
192 208 1
166 209 1
179 209 1
192 209 1
138 210 1
166 210 1
177 210 1
179 210 1
186 210 1
192 210 1
202 210 1
166 211 1
166 212 1
179 212 1
186 212 1
192 212 1
193 212 1
166 213 1
179 213 1
186 213 1
166 214 1
179 214 1
185 214 1
186 214 1
166 215 1
179 215 1
172 217 1
190 217 1
165 219 1
172 219 1
173 219 1
178 220 1
186 220 1
193 220 1
152 221 1
153 221 1
179 221 1
152 222 1
179 222 1
180 222 1
186 222 1
152 223 1
178 224 1
180 224 1
167 225 1
180 225 1
167 226 1
180 226 1
193 226 1
167 227 1
180 227 1
166 228 1
180 228 1
180 229 1
167 230 1
180 231 1
187 232 1
139 233 1
139 234 1
140 234 1
153 234 1
187 234 1
139 235 1
140 235 1
153 235 1
153 236 1
194 236 1
180 237 1
187 238 1
192 238 1
194 238 1
168 241 1
188 241 1
168 242 1
188 243 1
140 245 1
181 245 1
140 246 1
141 246 1
174 248 1
86 63 2
87 63 2
90 63 2
90 64 2
91 64 2
92 64 2
93 64 2
94 64 2
92 65 2
93 65 2
94 65 2
95 65 2
95 66 2
96 66 2
97 66 2
69 67 2
96 67 2
97 67 2
98 67 2
68 68 2
97 68 2
98 68 2
99 68 2
67 69 2
68 69 2
98 69 2
99 69 2
100 69 2
99 70 2
100 70 2
64 71 2
65 71 2
99 71 2
100 71 2
101 71 2
64 72 2
65 72 2
66 72 2
100 72 2
101 72 2
64 73 2
65 73 2
66 73 2
101 73 2
102 73 2
64 74 2
65 74 2
66 74 2
101 74 2
102 74 2
103 74 2
64 75 2
65 75 2
66 75 2
102 75 2
103 75 2
64 76 2
65 76 2
66 76 2
103 76 2
104 76 2
65 77 2
66 77 2
103 77 2
104 77 2
66 78 2
67 78 2
68 78 2
103 78 2
104 78 2
105 78 2
67 79 2
68 79 2
69 79 2
104 79 2
105 79 2
69 80 2
70 80 2
71 80 2
76 80 2
104 80 2
105 80 2
70 81 2
71 81 2
76 81 2
104 81 2
105 81 2
72 82 2
73 82 2
77 82 2
104 82 2
105 82 2
62 83 2
72 83 2
77 83 2
104 83 2
105 83 2
77 84 2
105 84 2
74 85 2
77 85 2
105 85 2
106 85 2
107 85 2
74 86 2
75 86 2
76 86 2
77 86 2
105 86 2
106 86 2
75 87 2
76 87 2
105 87 2
106 87 2
74 88 2
75 88 2
76 88 2
77 88 2
105 88 2
106 88 2
107 88 2
76 89 2
77 89 2
105 89 2
106 89 2
75 90 2
76 90 2
106 90 2
107 90 2
75 91 2
76 91 2
106 91 2
107 91 2
75 92 2
76 92 2
106 92 2
77 93 2
106 93 2
107 93 2
77 94 2
106 94 2
107 94 2
76 95 2
106 95 2
107 95 2
76 96 2
77 96 2
106 96 2
107 96 2
76 97 2
107 97 2
108 97 2
75 98 2
76 98 2
107 98 2
108 98 2
75 99 2
108 99 2
73 100 2
74 100 2
75 100 2
108 100 2
73 101 2
74 101 2
107 101 2
108 101 2
73 102 2
107 102 2
108 102 2
109 102 2
72 103 2
73 103 2
107 103 2
108 103 2
109 103 2
73 104 2
107 104 2
108 104 2
109 104 2
73 105 2
109 105 2
72 106 2
108 106 2
109 106 2
69 107 2
72 107 2
108 107 2
109 107 2
71 108 2
72 108 2
108 108 2
109 108 2
110 108 2
71 109 2
72 109 2
73 109 2
86 109 2
108 109 2
110 109 2
72 110 2
73 110 2
78 110 2
82 110 2
83 110 2
109 110 2
110 110 2
83 111 2
84 111 2
109 111 2
110 111 2
73 112 2
76 112 2
83 112 2
84 112 2
85 112 2
86 112 2
108 112 2
110 112 2
84 113 2
85 113 2
86 113 2
87 113 2
110 113 2
71 114 2
85 114 2
86 114 2
87 114 2
90 114 2
97 114 2
109 114 2
110 114 2
112 114 2
87 115 2
88 115 2
98 115 2
111 115 2
87 116 2
88 116 2
91 116 2
109 116 2
111 116 2
88 117 2
89 117 2
91 117 2
98 117 2
110 117 2
111 117 2
89 118 2
92 118 2
110 118 2
111 118 2
112 118 2
89 119 2
90 119 2
92 119 2
110 119 2
111 119 2
70 120 2
89 120 2
90 120 2
92 120 2
110 120 2
112 120 2
90 121 2
92 121 2
110 121 2
111 121 2
112 121 2
71 122 2
90 122 2
92 122 2
93 122 2
99 122 2
110 122 2
111 122 2
118 122 2
90 123 2
91 123 2
93 123 2
110 123 2
111 123 2
91 124 2
93 124 2
99 124 2
111 124 2
112 124 2
91 125 2
92 125 2
93 125 2
99 125 2
112 125 2
92 126 2
93 126 2
112 126 2
113 126 2
91 127 2
92 127 2
93 127 2
113 127 2
92 128 2
93 128 2
94 128 2
110 128 2
113 128 2
114 128 2
92 129 2
93 129 2
94 129 2
114 129 2
93 130 2
94 130 2
111 130 2
93 131 2
94 131 2
97 131 2
111 131 2
113 131 2
115 131 2
92 132 2
93 132 2
94 132 2
111 132 2
115 132 2
93 133 2
94 133 2
111 133 2
93 134 2
94 134 2
95 134 2
111 134 2
112 134 2
115 134 2
93 135 2
94 135 2
95 135 2
112 135 2
93 136 2
94 136 2
95 136 2
112 136 2
93 137 2
94 137 2
95 137 2
112 137 2
94 138 2
95 138 2
113 138 2
94 139 2
95 139 2
96 139 2
113 139 2
128 139 2
94 140 2
95 140 2
96 140 2
128 140 2
129 140 2
94 141 2
95 141 2
96 141 2
129 141 2
93 142 2
94 142 2
95 142 2
130 142 2
93 143 2
94 143 2
95 143 2
130 143 2
131 143 2
93 144 2
94 144 2
95 144 2
131 144 2
93 145 2
94 145 2
95 145 2
131 145 2
132 145 2
93 146 2
94 146 2
95 146 2
132 146 2
93 147 2
94 147 2
132 147 2
133 147 2
93 148 2
94 148 2
95 148 2
133 148 2
92 149 2
93 149 2
94 149 2
97 149 2
134 149 2
62 150 2
92 150 2
93 150 2
94 150 2
134 150 2
92 151 2
93 151 2
94 151 2
96 151 2
98 151 2
135 151 2
92 152 2
93 152 2
94 152 2
136 152 2
91 153 2
92 153 2
93 153 2
94 153 2
95 153 2
97 153 2
136 153 2
91 154 2
92 154 2
94 154 2
96 154 2
136 154 2
91 155 2
94 155 2
96 155 2
97 155 2
137 155 2
91 156 2
95 156 2
96 156 2
57 157 2
90 157 2
94 157 2
95 157 2
96 157 2
57 158 2
93 158 2
94 158 2
95 158 2
96 158 2
92 159 2
93 159 2
94 159 2
95 159 2
96 159 2
56 160 2
93 160 2
94 160 2
95 160 2
140 160 2
92 161 2
93 161 2
94 161 2
96 161 2
93 162 2
96 162 2
104 162 2
105 162 2
140 162 2
92 163 2
93 163 2
105 163 2
93 164 2
96 164 2
104 164 2
141 164 2
96 165 2
97 165 2
100 166 2
101 166 2
142 166 2
100 167 2
101 167 2
142 167 2
99 168 2
100 168 2
101 168 2
105 168 2
143 168 2
100 169 2
101 169 2
105 169 2
143 169 2
100 170 2
101 170 2
104 170 2
144 170 2
100 171 2
104 171 2
105 171 2
144 171 2
145 171 2
101 172 2
104 172 2
105 172 2
144 172 2
104 173 2
105 173 2
104 174 2
105 174 2
104 175 2
105 175 2
104 176 2
105 176 2
104 177 2
105 177 2
104 178 2
105 178 2
104 179 2
105 179 2
104 180 2
105 180 2
104 181 2
105 181 2
133 181 2
104 182 2
105 182 2
132 182 2
104 183 2
105 183 2
104 184 2
104 185 2
105 185 2
104 186 2
104 187 2
104 188 2
105 188 2
104 189 2
104 190 2
104 191 2
105 191 2
104 192 2
105 192 2
103 193 2
104 193 2
118 193 2
103 194 2
104 194 2
102 195 2
103 195 2
101 196 2
102 196 2
102 197 2
97 199 2
93 200 2
84 203 2
106 203 2
62 206 2
112 207 2
113 207 2
123 207 2
62 208 2
111 208 2
112 208 2
123 208 2
124 208 2
62 209 2
111 209 2
112 209 2
123 209 2
124 209 2
111 210 2
112 210 2
123 210 2
111 211 2
112 211 2
123 211 2
63 212 2
111 212 2
112 212 2
122 212 2
123 212 2
111 213 2
112 213 2
122 213 2
123 213 2
111 214 2
112 214 2
122 214 2
123 214 2
111 215 2
122 215 2
123 215 2
111 216 2
122 216 2
123 216 2
111 217 2
122 217 2
111 218 2
122 218 2
123 218 2
111 219 2
122 219 2
123 219 2
110 220 2
111 220 2
122 220 2
110 221 2
111 221 2
122 221 2
110 222 2
111 222 2
122 222 2
110 223 2
111 223 2
122 223 2
110 224 2
111 224 2
121 224 2
122 224 2
110 225 2
111 225 2
121 225 2
122 225 2
110 226 2
111 226 2
112 226 2
121 226 2
110 227 2
111 227 2
121 227 2
110 228 2
121 228 2
109 229 2
110 229 2
121 229 2
109 230 2
110 230 2
121 230 2
109 231 2
110 231 2
121 231 2
109 232 2
110 232 2
120 233 2
42 75 3
39 76 3
40 76 3
39 77 3
36 81 3
37 81 3
38 81 3
33 82 3
34 82 3
37 82 3
34 83 3
35 83 3
43 83 3
32 84 3
33 84 3
34 84 3
35 84 3
32 85 3
33 85 3
34 85 3
46 85 3
31 86 3
32 86 3
33 86 3
34 86 3
42 86 3
43 86 3
55 86 3
31 87 3
32 87 3
33 87 3
41 87 3
42 87 3
43 87 3
44 87 3
47 87 3
48 87 3
51 87 3
52 87 3
53 87 3
31 88 3
32 88 3
33 88 3
38 88 3
39 88 3
40 88 3
41 88 3
42 88 3
43 88 3
44 88 3
45 88 3
46 88 3
48 88 3
49 88 3
51 88 3
52 88 3
53 88 3
31 89 3
32 89 3
33 89 3
38 89 3
39 89 3
40 89 3
41 89 3
42 89 3
48 89 3
49 89 3
52 89 3
32 90 3
33 90 3
37 90 3
38 90 3
39 90 3
40 90 3
41 90 3
49 90 3
52 90 3
32 91 3
33 91 3
35 91 3
36 91 3
37 91 3
38 91 3
39 91 3
40 91 3
32 92 3
33 92 3
36 92 3
37 92 3
38 92 3
39 92 3
36 93 3
37 93 3
38 93 3
36 94 3
54 106 3
54 107 3
53 109 3
48 110 3
49 110 3
50 110 3
49 111 3
50 111 3
51 111 3
38 112 3
47 112 3
50 112 3
51 112 3
43 113 3
50 113 3
51 113 3
44 114 3
45 114 3
51 114 3
52 117 3
52 118 3
50 121 3
51 121 3
50 122 3
51 122 3
51 123 3
51 124 3
51 125 3
52 125 3
52 126 3
42 127 3
40 128 3
41 128 3
40 129 3
41 129 3
40 130 3
41 130 3
40 131 3
41 131 3
40 132 3
41 134 3
