117 6 0
143 7 0
156 7 0
182 7 0
219 7 0
1 8 0
42 8 0
143 8 0
156 8 0
169 8 0
194 8 0
199 8 0
207 8 0
223 8 0
231 8 0
242 8 0
243 8 0
254 8 0
255 8 0
266 8 0
288 8 0
289 8 0
51 9 0
117 9 0
143 9 0
169 9 0
194 9 0
199 9 0
206 9 0
223 9 0
231 9 0
243 9 0
247 9 0
266 9 0
278 9 0
298 9 0
300 9 0
89 10 0
117 10 0
143 10 0
156 10 0
169 10 0
182 10 0
193 10 0
199 10 0
207 10 0
211 10 0
217 10 0
219 10 0
229 10 0
231 10 0
243 10 0
247 10 0
259 10 0
266 10 0
282 10 0
22 11 0
32 11 0
66 11 0
75 11 0
89 11 0
90 11 0
94 11 0
104 11 0
117 11 0
130 11 0
135 11 0
143 11 0
156 11 0
157 11 0
169 11 0
170 11 0
174 11 0
182 11 0
195 11 0
199 11 0
207 11 0
219 11 0
228 11 0
231 11 0
235 11 0
243 11 0
247 11 0
252 11 0
255 11 0
259 11 0
270 11 0
278 11 0
282 11 0
304 11 0
2 12 0
17 12 0
31 12 0
46 12 0
61 12 0
66 12 0
75 12 0
89 12 0
90 12 0
104 12 0
108 12 0
117 12 0
130 12 0
135 12 0
143 12 0
156 12 0
157 12 0
161 12 0
169 12 0
170 12 0
173 12 0
174 12 0
182 12 0
187 12 0
192 12 0
195 12 0
199 12 0
204 12 0
207 12 0
211 12 0
219 12 0
223 12 0
231 12 0
235 12 0
243 12 0
247 12 0
255 12 0
259 12 0
266 12 0
267 12 0
270 12 0
278 12 0
16 13 0
17 13 0
22 13 0
31 13 0
46 13 0
51 13 0
60 13 0
61 13 0
75 13 0
80 13 0
89 13 0
90 13 0
103 13 0
104 13 0
108 13 0
116 13 0
117 13 0
130 13 0
131 13 0
143 13 0
147 13 0
156 13 0
157 13 0
161 13 0
168 13 0
169 13 0
170 13 0
174 13 0
180 13 0
182 13 0
195 13 0
199 13 0
204 13 0
207 13 0
211 13 0
219 13 0
223 13 0
231 13 0
235 13 0
239 13 0
243 13 0
247 13 0
255 13 0
259 13 0
266 13 0
270 13 0
278 13 0
289 13 0
304 13 0
31 14 0
46 14 0
51 14 0
75 14 0
89 14 0
103 14 0
104 14 0
108 14 0
117 14 0
130 14 0
142 14 0
143 14 0
156 14 0
157 14 0
170 14 0
174 14 0
182 14 0
195 14 0
199 14 0
207 14 0
211 14 0
219 14 0
223 14 0
227 14 0
231 14 0
232 14 0
235 14 0
243 14 0
247 14 0
255 14 0
259 14 0
278 14 0
60 15 0
104 15 0
117 15 0
130 15 0
131 15 0
143 15 0
156 15 0
168 15 0
170 15 0
182 15 0
195 15 0
199 15 0
207 15 0
208 15 0
215 15 0
219 15 0
231 15 0
232 15 0
243 15 0
247 15 0
259 15 0
282 15 0
289 15 0
293 15 0
304 15 0
15 16 0
29 16 0
56 16 0
75 16 0
97 16 0
104 16 0
117 16 0
130 16 0
131 16 0
143 16 0
148 16 0
156 16 0
168 16 0
169 16 0
170 16 0
174 16 0
180 16 0
195 16 0
199 16 0
208 16 0
212 16 0
215 16 0
219 16 0
232 16 0
236 16 0
243 16 0
247 16 0
255 16 0
259 16 0
293 16 0
70 17 0
117 17 0
130 17 0
131 17 0
143 17 0
156 17 0
161 17 0
168 17 0
170 17 0
182 17 0
187 17 0
192 17 0
195 17 0
199 17 0
212 17 0
215 17 0
219 17 0
220 17 0
223 17 0
224 17 0
232 17 0
235 17 0
236 17 0
243 17 0
247 17 0
255 17 0
267 17 0
28 18 0
117 18 0
130 18 0
131 18 0
143 18 0
157 18 0
170 18 0
195 18 0
199 18 0
212 18 0
215 18 0
220 18 0
224 18 0
232 18 0
259 18 0
267 18 0
117 19 0
144 19 0
157 19 0
170 19 0
193 19 0
195 19 0
212 19 0
224 19 0
236 19 0
267 19 0
271 19 0
279 19 0
42 20 0
144 20 0
157 20 0
183 20 0
195 20 0
199 20 0
212 20 0
232 20 0
271 20 0
282 20 0
42 21 0
131 21 0
157 21 0
183 21 0
195 21 0
208 21 0
212 21 0
220 21 0
232 21 0
236 21 0
244 21 0
256 21 0
271 21 0
279 21 0
290 21 0
301 21 0
131 22 0
157 22 0
183 22 0
208 22 0
212 22 0
220 22 0
232 22 0
236 22 0
244 22 0
256 22 0
271 22 0
279 22 0
290 22 0
301 22 0
83 23 0
131 23 0
157 23 0
183 23 0
195 23 0
208 23 0
220 23 0
224 23 0
232 23 0
236 23 0
244 23 0
256 23 0
271 23 0
279 23 0
290 23 0
131 24 0
144 24 0
157 24 0
183 24 0
208 24 0
224 24 0
236 24 0
244 24 0
256 24 0
268 24 0
279 24 0
283 24 0
290 24 0
313 24 0
144 25 0
157 25 0
183 25 0
220 25 0
236 25 0
244 25 0
256 25 0
268 25 0
283 25 0
290 25 0
313 25 0
144 26 0
158 26 0
196 26 0
220 26 0
233 26 0
244 26 0
248 26 0
256 26 0
268 26 0
290 26 0
305 26 0
144 27 0
157 27 0
208 27 0
233 27 0
249 27 0
256 27 0
260 27 0
268 27 0
290 27 0
302 27 0
131 28 0
144 28 0
233 28 0
260 28 0
268 28 0
280 28 0
131 29 0
132 29 0
144 29 0
280 29 0
283 29 0
132 30 0
291 30 0
132 31 0
145 31 0
280 31 0
145 32 0
209 32 0
245 32 0
257 32 0
280 32 0
209 33 0
211 33 0
212 33 0
245 33 0
269 33 0
280 33 0
245 34 0
269 34 0
280 34 0
303 34 0
245 35 0
284 35 0
221 36 0
245 36 0
281 36 0
293 36 0
303 36 0
314 36 0
325 36 0
245 37 0
250 37 0
259 37 0
281 37 0
282 37 0
285 37 0
314 37 0
318 37 0
223 38 0
225 38 0
250 38 0
259 38 0
281 38 0
285 38 0
314 38 0
318 38 0
246 39 0
247 39 0
281 39 0
285 39 0
312 39 0
318 39 0
203 40 0
231 40 0
264 40 0
281 40 0
285 40 0
294 40 0
314 40 0
315 40 0
318 40 0
338 40 0
237 41 0
238 41 0
247 41 0
248 41 0
259 41 0
260 41 0
262 41 0
281 41 0
285 41 0
286 41 0
294 41 0
314 41 0
315 41 0
319 41 0
331 41 0
202 42 0
236 42 0
237 42 0
238 42 0
246 42 0
247 42 0
248 42 0
253 42 0
255 42 0
257 42 0
259 42 0
260 42 0
261 42 0
262 42 0
281 42 0
282 42 0
285 42 0
286 42 0
314 42 0
315 42 0
319 42 0
331 42 0
332 42 0
210 43 0
216 43 0
234 43 0
238 43 0
239 43 0
241 43 0
244 43 0
246 43 0
247 43 0
248 43 0
253 43 0
255 43 0
257 43 0
259 43 0
260 43 0
262 43 0
281 43 0
282 43 0
285 43 0
286 43 0
315 43 0
319 43 0
331 43 0
332 43 0
210 44 0
214 44 0
234 44 0
235 44 0
237 44 0
238 44 0
247 44 0
248 44 0
253 44 0
281 44 0
282 44 0
286 44 0
314 44 0
315 44 0
319 44 0
331 44 0
332 44 0
230 45 0
234 45 0
235 45 0
237 45 0
238 45 0
239 45 0
240 45 0
241 45 0
242 45 0
246 45 0
247 45 0
248 45 0
253 45 0
255 45 0
281 45 0
282 45 0
286 45 0
315 45 0
319 45 0
331 45 0
332 45 0
229 46 0
234 46 0
235 46 0
237 46 0
238 46 0
239 46 0
240 46 0
245 46 0
246 46 0
247 46 0
253 46 0
258 46 0
259 46 0
260 46 0
262 46 0
281 46 0
282 46 0
286 46 0
294 46 0
315 46 0
319 46 0
332 46 0
338 46 0
339 46 0
224 47 0
229 47 0
234 47 0
236 47 0
237 47 0
238 47 0
240 47 0
242 47 0
243 47 0
245 47 0
246 47 0
248 47 0
257 47 0
258 47 0
259 47 0
260 47 0
262 47 0
263 47 0
281 47 0
282 47 0
286 47 0
294 47 0
306 47 0
315 47 0
319 47 0
236 48 0
237 48 0
240 48 0
242 48 0
246 48 0
248 48 0
257 48 0
258 48 0
260 48 0
262 48 0
263 48 0
281 48 0
282 48 0
286 48 0
306 48 0
315 48 0
319 48 0
206 49 0
214 49 0
236 49 0
237 49 0
240 49 0
246 49 0
247 49 0
248 49 0
258 49 0
259 49 0
260 49 0
262 49 0
263 49 0
270 49 0
274 49 0
282 49 0
286 49 0
305 49 0
315 49 0
316 49 0
319 49 0
236 50 0
240 50 0
258 50 0
260 50 0
262 50 0
263 50 0
270 50 0
274 50 0
282 50 0
286 50 0
293 50 0
297 50 0
316 50 0
334 50 0
223 51 0
235 51 0
236 51 0
262 51 0
263 51 0
270 51 0
274 51 0
282 51 0
286 51 0
293 51 0
297 51 0
305 51 0
334 51 0
223 52 0
235 52 0
236 52 0
262 52 0
263 52 0
274 52 0
282 52 0
286 52 0
293 52 0
297 52 0
305 52 0
316 52 0
334 52 0
211 53 0
214 53 0
223 53 0
235 53 0
236 53 0
262 53 0
263 53 0
282 53 0
286 53 0
293 53 0
294 53 0
297 53 0
305 53 0
334 53 0
211 54 0
223 54 0
235 54 0
236 54 0
262 54 0
263 54 0
283 54 0
286 54 0
293 54 0
294 54 0
305 54 0
316 54 0
335 54 0
211 55 0
223 55 0
235 55 0
236 55 0
263 55 0
294 55 0
305 55 0
316 55 0
335 55 0
211 56 0
223 56 0
235 56 0
236 56 0
262 56 0
263 56 0
283 56 0
305 56 0
306 56 0
316 56 0
324 56 0
334 56 0
335 56 0
211 57 0
223 57 0
236 57 0
240 57 0
241 57 0
245 57 0
246 57 0
252 57 0
262 57 0
325 57 0
335 57 0
223 58 0
240 58 0
241 58 0
244 58 0
245 58 0
246 58 0
251 58 0
252 58 0
253 58 0
254 58 0
261 58 0
262 58 0
271 58 0
283 58 0
305 58 0
325 58 0
331 58 0
335 58 0
342 58 0
211 59 0
223 59 0
227 59 0
236 59 0
237 59 0
240 59 0
241 59 0
244 59 0
245 59 0
246 59 0
247 59 0
251 59 0
252 59 0
253 59 0
254 59 0
261 59 0
262 59 0
274 59 0
283 59 0
287 59 0
294 59 0
304 59 0
305 59 0
326 59 0
331 59 0
335 59 0
336 59 0
342 59 0
215 60 0
223 60 0
234 60 0
235 60 0
236 60 0
237 60 0
244 60 0
247 60 0
251 60 0
252 60 0
253 60 0
254 60 0
261 60 0
262 60 0
264 60 0
283 60 0
284 60 0
287 60 0
294 60 0
298 60 0
305 60 0
331 60 0
336 60 0
342 60 0
229 61 0
234 61 0
236 61 0
237 61 0
240 61 0
244 61 0
247 61 0
248 61 0
250 61 0
251 61 0
254 61 0
261 61 0
262 61 0
274 61 0
275 61 0
284 61 0
287 61 0
294 61 0
298 61 0
305 61 0
334 61 0
335 61 0
336 61 0
342 61 0
223 62 0
229 62 0
234 62 0
236 62 0
237 62 0
243 62 0
244 62 0
247 62 0
248 62 0
250 62 0
251 62 0
254 62 0
255 62 0
260 62 0
261 62 0
262 62 0
263 62 0
264 62 0
274 62 0
294 62 0
298 62 0
299 62 0
305 62 0
325 62 0
326 62 0
336 62 0
229 63 0
236 63 0
237 63 0
244 63 0
247 63 0
248 63 0
249 63 0
250 63 0
251 63 0
252 63 0
254 63 0
255 63 0
260 63 0
261 63 0
262 63 0
263 63 0
264 63 0
294 63 0
298 63 0
305 63 0
317 63 0
326 63 0
330 63 0
331 63 0
336 63 0
342 63 0
343 63 0
224 64 0
229 64 0
235 64 0
236 64 0
237 64 0
243 64 0
244 64 0
245 64 0
246 64 0
247 64 0
248 64 0
249 64 0
250 64 0
251 64 0
252 64 0
253 64 0
255 64 0
259 64 0
260 64 0
262 64 0
263 64 0
264 64 0
272 64 0
275 64 0
284 64 0
288 64 0
294 64 0
295 64 0
298 64 0
299 64 0
305 64 0
309 64 0
317 64 0
327 64 0
331 64 0
337 64 0
343 64 0
224 65 0
229 65 0
235 65 0
236 65 0
237 65 0
243 65 0
244 65 0
245 65 0
246 65 0
247 65 0
251 65 0
252 65 0
253 65 0
255 65 0
256 65 0
259 65 0
260 65 0
272 65 0
275 65 0
284 65 0
287 65 0
288 65 0
295 65 0
299 65 0
305 65 0
309 65 0
327 65 0
328 65 0
331 65 0
336 65 0
337 65 0
343 65 0
224 66 0
228 66 0
230 66 0
235 66 0
236 66 0
237 66 0
243 66 0
244 66 0
245 66 0
246 66 0
247 66 0
248 66 0
250 66 0
251 66 0
253 66 0
254 66 0
255 66 0
256 66 0
259 66 0
260 66 0
261 66 0
264 66 0
265 66 0
275 66 0
284 66 0
288 66 0
295 66 0
305 66 0
306 66 0
317 66 0
328 66 0
329 66 0
337 66 0
224 67 0
229 67 0
236 67 0
237 67 0
243 67 0
244 67 0
245 67 0
246 67 0
248 67 0
249 67 0
250 67 0
251 67 0
253 67 0
254 67 0
256 67 0
258 67 0
259 67 0
260 67 0
261 67 0
264 67 0
266 67 0
272 67 0
275 67 0
306 67 0
329 67 0
212 68 0
237 68 0
248 68 0
249 68 0
250 68 0
251 68 0
253 68 0
254 68 0
260 68 0
261 68 0
264 68 0
269 68 0
272 68 0
275 68 0
224 69 0
248 69 0
260 69 0
261 69 0
272 69 0
275 69 0
295 69 0
307 69 0
224 70 0
228 70 0
248 70 0
252 70 0
261 70 0
264 70 0
276 70 0
284 70 0
288 70 0
295 70 0
299 70 0
307 70 0
318 70 0
224 71 0
228 71 0
237 71 0
240 71 0
248 71 0
261 71 0
276 71 0
284 71 0
288 71 0
295 71 0
307 71 0
248 72 0
276 72 0
284 72 0
288 72 0
295 72 0
296 72 0
261 73 0
273 73 0
276 73 0
288 73 0
295 73 0
296 73 0
215 74 0
261 74 0
273 74 0
276 74 0
288 74 0
296 74 0
241 75 0
261 75 0
273 75 0
295 75 0
296 75 0
249 76 0
261 76 0
285 76 0
296 76 0
307 76 0
318 76 0
329 76 0
330 76 0
217 77 0
225 77 0
229 77 0
237 77 0
249 77 0
261 77 0
273 77 0
285 77 0
296 77 0
307 77 0
213 78 0
225 78 0
237 78 0
249 78 0
253 78 0
261 78 0
273 78 0
277 78 0
285 78 0
296 78 0
299 78 0
307 78 0
213 79 0
225 79 0
229 79 0
237 79 0
249 79 0
253 79 0
261 79 0
262 79 0
273 79 0
285 79 0
288 79 0
296 79 0
308 79 0
341 79 0
44 80 0
225 80 0
237 80 0
249 80 0
253 80 0
262 80 0
273 80 0
277 80 0
285 80 0
289 80 0
296 80 0
308 80 0
237 81 0
249 81 0
253 81 0
262 81 0
265 81 0
273 81 0
277 81 0
285 81 0
289 81 0
296 81 0
300 81 0
308 81 0
311 81 0
319 81 0
51 82 0
249 82 0
262 82 0
273 82 0
277 82 0
285 82 0
289 82 0
296 82 0
300 82 0
308 82 0
319 82 0
51 83 0
213 83 0
225 83 0
238 83 0
242 83 0
249 83 0
250 83 0
253 83 0
262 83 0
265 83 0
274 83 0
277 83 0
289 83 0
300 83 0
308 83 0
330 83 0
48 84 0
49 84 0
50 84 0
51 84 0
213 84 0
238 84 0
242 84 0
249 84 0
250 84 0
254 84 0
262 84 0
265 84 0
274 84 0
277 84 0
285 84 0
289 84 0
296 84 0
297 84 0
308 84 0
2 85 0
47 85 0
48 85 0
49 85 0
50 85 0
51 85 0
213 85 0
238 85 0
242 85 0
250 85 0
262 85 0
265 85 0
274 85 0
277 85 0
285 85 0
289 85 0
297 85 0
308 85 0
323 85 0
9 86 0
47 86 0
48 86 0
49 86 0
50 86 0
238 86 0
250 86 0
262 86 0
274 86 0
289 86 0
297 86 0
308 86 0
309 86 0
320 86 0
6 87 0
7 87 0
47 87 0
48 87 0
49 87 0
50 87 0
238 87 0
242 87 0
250 87 0
262 87 0
274 87 0
286 87 0
297 87 0
320 87 0
46 88 0
47 88 0
48 88 0
49 88 0
214 88 0
230 88 0
238 88 0
242 88 0
250 88 0
254 88 0
262 88 0
266 88 0
274 88 0
286 88 0
289 88 0
297 88 0
309 88 0
46 89 0
47 89 0
48 89 0
49 89 0
50 89 0
230 89 0
238 89 0
250 89 0
254 89 0
262 89 0
263 89 0
266 89 0
274 89 0
286 89 0
297 89 0
309 89 0
312 89 0
46 90 0
47 90 0
48 90 0
49 90 0
50 90 0
51 90 0
53 90 0
238 90 0
250 90 0
262 90 0
263 90 0
266 90 0
274 90 0
286 90 0
297 90 0
309 90 0
46 91 0
47 91 0
48 91 0
49 91 0
51 91 0
53 91 0
238 91 0
239 91 0
242 91 0
250 91 0
262 91 0
263 91 0
274 91 0
275 91 0
286 91 0
30 92 0
46 92 0
47 92 0
48 92 0
49 92 0
52 92 0
53 92 0
214 92 0
226 92 0
239 92 0
242 92 0
262 92 0
263 92 0
274 92 0
275 92 0
286 92 0
290 92 0
297 92 0
298 92 0
309 92 0
48 93 0
49 93 0
50 93 0
214 93 0
226 93 0
239 93 0
243 93 0
275 93 0
278 93 0
286 93 0
297 93 0
298 93 0
309 93 0
48 94 0
214 94 0
239 94 0
263 94 0
275 94 0
286 94 0
298 94 0
309 94 0
331 94 0
214 95 0
227 95 0
239 95 0
275 95 0
278 95 0
298 95 0
227 96 0
239 96 0
263 96 0
275 96 0
287 96 0
310 96 0
227 97 0
239 97 0
255 97 0
263 97 0
275 97 0
287 97 0
298 97 0
310 97 0
239 98 0
251 98 0
275 98 0
287 98 0
298 98 0
310 98 0
313 98 0
227 99 0
239 99 0
251 99 0
275 99 0
287 99 0
310 99 0
215 100 0
239 100 0
279 100 0
287 100 0
291 100 0
310 100 0
26 101 0
251 101 0
279 101 0
287 101 0
291 101 0
299 101 0
251 102 0
264 102 0
287 102 0
291 102 0
299 102 0
215 103 0
287 103 0
298 103 0
299 103 0
19 104 0
251 104 0
252 104 0
264 104 0
276 104 0
279 104 0
288 104 0
299 104 0
215 105 0
240 105 0
276 105 0
299 105 0
240 106 0
264 106 0
276 106 0
279 106 0
288 106 0
291 106 0
299 106 0
332 106 0
333 106 0
240 107 0
276 107 0
280 107 0
288 107 0
299 107 0
333 107 0
21 108 0
240 108 0
252 108 0
276 108 0
240 109 0
252 109 0
276 109 0
228 110 0
252 110 0
276 110 0
280 110 0
252 111 0
264 111 0
240 112 0
288 112 0
292 112 0
300 112 0
277 113 0
292 113 0
300 113 0
277 114 0
292 114 0
265 115 0
277 115 0
289 115 0
300 115 0
265 116 0
277 116 0
289 116 0
300 116 0
277 117 0
300 117 0
265 118 0
277 118 0
289 118 0
312 118 0
241 119 0
265 119 0
277 119 0
289 119 0
265 120 0
277 120 0
289 120 0
289 121 0
289 122 0
278 123 0
289 123 0
301 123 0
278 124 0
278 125 0
281 125 0
278 126 0
281 126 0
301 126 0
278 127 0
301 127 0
278 128 0
281 128 0
301 128 0
278 129 0
282 130 0
279 131 0
278 132 0
279 132 0
294 132 0
279 135 0
279 136 0
282 137 0
291 138 0
291 140 0
303 144 0
268 146 0
280 146 0
44 230 0
22 233 0
43 233 0
22 234 0
20 235 0
22 235 0
41 235 0
20 236 0
21 236 0
41 236 0
20 237 0
21 237 0
41 237 0
15 238 0
20 238 0
40 238 0
40 239 0
40 240 0
38 241 0
39 241 0
38 242 0
14 243 0
18 243 0
38 243 0
38 244 0
14 245 0
18 245 0
37 245 0
14 246 0
17 246 0
36 246 0
37 246 0
13 248 0
15 248 0
16 248 0
35 248 0
14 249 0
34 249 0
14 250 0
34 250 0
14 251 0
32 252 0
33 252 0
14 253 0
11 254 0
13 254 0
12 255 0
13 255 0
12 256 0
13 256 0
12 257 0
172 35 1
172 36 1
172 37 1
184 37 1
172 38 1
159 45 1
185 52 1
173 54 1
173 55 1
185 55 1
173 56 1
147 57 1
173 58 1
134 59 1
173 59 1
147 60 1
147 61 1
147 62 1
186 62 1
186 63 1
147 64 1
186 64 1
155 65 1
160 65 1
161 65 1
168 65 1
199 65 1
160 66 1
186 66 1
147 67 1
160 67 1
174 67 1
186 67 1
160 68 1
172 68 1
174 68 1
160 69 1
161 69 1
174 69 1
148 70 1
174 70 1
179 70 1
174 71 1
174 72 1
135 73 1
160 73 1
174 73 1
161 74 1
161 75 1
162 75 1
135 76 1
187 76 1
135 77 1
162 77 1
187 77 1
193 77 1
161 78 1
162 78 1
185 78 1
187 78 1
161 79 1
162 79 1
187 79 1
200 79 1
135 80 1
161 80 1
162 80 1
200 80 1
135 81 1
161 81 1
162 81 1
200 81 1
187 82 1
200 82 1
162 83 1
187 83 1
200 83 1
148 84 1
175 84 1
182 84 1
148 85 1
149 85 1
156 85 1
162 85 1
175 85 1
200 85 1
149 86 1
162 86 1
175 86 1
182 86 1
187 86 1
188 86 1
149 87 1
175 87 1
188 87 1
194 87 1
135 88 1
149 88 1
175 88 1
182 88 1
188 88 1
148 89 1
149 89 1
155 89 1
161 89 1
168 89 1
175 89 1
182 89 1
188 89 1
129 90 1
136 90 1
148 90 1
149 90 1
161 90 1
168 90 1
175 90 1
188 90 1
149 91 1
161 91 1
162 91 1
168 91 1
175 91 1
188 91 1
201 91 1
136 92 1
149 92 1
201 92 1
136 93 1
149 93 1
162 93 1
181 93 1
201 93 1
136 94 1
162 94 1
163 94 1
181 94 1
188 94 1
201 94 1
162 95 1
163 95 1
188 95 1
201 95 1
136 96 1
142 96 1
162 96 1
163 96 1
182 96 1
188 96 1
201 96 1
136 97 1
169 97 1
176 97 1
181 97 1
188 97 1
206 97 1
149 98 1
163 98 1
176 98 1
188 98 1
163 99 1
174 99 1
176 99 1
181 99 1
136 100 1
137 100 1
149 100 1
162 100 1
163 100 1
174 100 1
176 100 1
181 100 1
136 101 1
137 101 1
149 101 1
150 101 1
158 101 1
162 101 1
163 101 1
176 101 1
202 101 1
149 102 1
150 102 1
163 102 1
176 102 1
189 102 1
150 103 1
163 103 1
174 103 1
176 103 1
189 103 1
194 103 1
137 104 1
149 104 1
150 104 1
162 104 1
163 104 1
189 104 1
202 104 1
150 105 1
162 105 1
163 105 1
189 105 1
202 105 1
150 106 1
183 106 1
189 106 1
202 106 1
137 107 1
158 107 1
202 107 1
137 108 1
150 108 1
158 108 1
189 108 1
202 108 1
123 109 1
137 109 1
150 109 1
164 109 1
170 109 1
189 109 1
202 109 1
150 110 1
158 110 1
163 110 1
164 110 1
182 110 1
189 110 1
202 110 1
137 111 1
163 111 1
164 111 1
189 111 1
190 111 1
123 112 1
137 112 1
150 112 1
158 112 1
163 112 1
164 112 1
170 112 1
184 112 1
190 112 1
202 112 1
207 112 1
137 113 1
150 113 1
164 113 1
177 113 1
184 113 1
190 113 1
123 114 1
164 114 1
171 114 1
177 114 1
184 114 1
189 114 1
190 114 1
123 115 1
164 115 1
177 115 1
184 115 1
190 115 1
196 115 1
203 115 1
124 116 1
164 116 1
177 116 1
190 116 1
196 116 1
203 116 1
131 117 1
137 117 1
151 117 1
164 117 1
177 117 1
184 117 1
190 117 1
150 118 1
151 118 1
164 118 1
177 118 1
184 118 1
190 118 1
150 119 1
151 119 1
164 119 1
175 119 1
177 119 1
190 119 1
203 119 1
118 120 1
138 120 1
151 120 1
164 120 1
177 120 1
190 120 1
138 121 1
151 121 1
190 121 1
200 121 1
137 122 1
138 122 1
158 122 1
164 122 1
190 122 1
195 122 1
208 122 1
138 123 1
151 123 1
164 123 1
172 123 1
190 123 1
195 123 1
124 124 1
138 124 1
151 124 1
183 124 1
208 124 1
124 125 1
138 125 1
151 125 1
196 125 1
197 125 1
203 125 1
138 126 1
151 126 1
170 126 1
172 126 1
178 126 1
197 126 1
203 126 1
204 126 1
208 126 1
138 127 1
145 127 1
151 127 1
158 127 1
178 127 1
191 127 1
196 127 1
197 127 1
203 127 1
204 127 1
124 128 1
138 128 1
158 128 1
165 128 1
176 128 1
178 128 1
191 128 1
203 128 1
204 128 1
152 129 1
165 129 1
176 129 1
178 129 1
185 129 1
189 129 1
119 130 1
145 130 1
151 130 1
152 130 1
165 130 1
178 130 1
191 130 1
196 130 1
197 130 1
204 130 1
138 131 1
165 131 1
178 131 1
185 131 1
191 131 1
196 131 1
197 131 1
198 131 1
204 131 1
152 132 1
165 132 1
171 132 1
178 132 1
185 132 1
191 132 1
204 132 1
151 133 1
152 133 1
164 133 1
165 133 1
178 133 1
185 133 1
189 133 1
191 133 1
198 133 1
204 133 1
125 134 1
145 134 1
152 134 1
164 134 1
165 134 1
178 134 1
185 134 1
191 134 1
151 135 1
152 135 1
165 135 1
184 135 1
185 135 1
191 135 1
204 135 1
152 136 1
164 136 1
165 136 1
172 136 1
189 136 1
191 136 1
204 136 1
125 137 1
139 137 1
152 137 1
189 137 1
124 138 1
125 138 1
152 138 1
165 138 1
171 138 1
191 138 1
198 138 1
204 138 1
145 139 1
152 139 1
159 139 1
185 139 1
191 139 1
192 139 1
160 140 1
173 140 1
184 140 1
192 140 1
166 141 1
173 141 1
186 141 1
192 141 1
197 141 1
198 141 1
132 142 1
139 142 1
146 142 1
152 142 1
166 142 1
177 142 1
179 142 1
186 142 1
192 142 1
139 143 1
152 143 1
160 143 1
166 143 1
171 143 1
177 143 1
179 143 1
185 143 1
192 143 1
198 143 1
204 143 1
205 143 1
139 144 1
159 144 1
166 144 1
173 144 1
179 144 1
186 144 1
192 144 1
198 144 1
139 145 1
159 145 1
165 145 1
166 145 1
173 145 1
177 145 1
179 145 1
186 145 1
192 145 1
198 145 1
152 146 1
166 146 1
171 146 1
172 146 1
177 146 1
179 146 1
186 146 1
192 146 1
198 146 1
205 146 1
152 147 1
166 147 1
172 147 1
179 147 1
186 147 1
192 147 1
139 148 1
160 148 1
166 148 1
172 148 1
179 148 1
192 148 1
199 148 1
139 149 1
140 149 1
166 149 1
179 149 1
186 149 1
192 149 1
199 149 1
205 149 1
125 150 1
139 150 1
140 150 1
165 150 1
179 150 1
186 150 1
190 150 1
192 150 1
199 150 1
210 150 1
153 151 1
165 151 1
173 151 1
186 151 1
210 151 1
153 152 1
165 152 1
166 152 1
190 152 1
199 152 1
153 153 1
174 153 1
185 153 1
186 153 1
190 153 1
199 153 1
206 153 1
146 154 1
153 154 1
199 154 1
206 154 1
139 155 1
140 155 1
153 155 1
174 155 1
180 155 1
185 155 1
206 155 1
140 156 1
153 156 1
180 156 1
185 156 1
193 156 1
199 156 1
134 157 1
139 157 1
140 157 1
178 157 1
180 157 1
193 157 1
139 158 1
140 158 1
153 158 1
160 158 1
167 158 1
180 158 1
193 158 1
206 158 1
140 159 1
153 159 1
160 159 1
161 159 1
167 159 1
174 159 1
180 159 1
193 159 1
206 159 1
140 160 1
167 160 1
174 160 1
180 160 1
187 160 1
193 160 1
200 160 1
166 161 1
167 161 1
174 161 1
180 161 1
187 161 1
193 161 1
203 161 1
161 162 1
166 162 1
167 162 1
173 162 1
180 162 1
187 162 1
193 162 1
198 162 1
203 162 1
206 162 1
153 163 1
161 163 1
167 163 1
173 163 1
187 163 1
191 163 1
193 163 1
203 163 1
206 163 1
147 164 1
154 164 1
167 164 1
173 164 1
187 164 1
203 164 1
206 164 1
154 165 1
167 165 1
174 165 1
198 165 1
203 165 1
154 166 1
167 166 1
187 166 1
191 166 1
154 167 1
166 167 1
167 167 1
191 167 1
194 167 1
154 168 1
167 168 1
194 168 1
153 169 1
154 169 1
174 169 1
194 169 1
200 169 1
147 170 1
154 170 1
188 170 1
194 170 1
200 170 1
207 170 1
141 171 1
147 171 1
162 171 1
194 171 1
207 171 1
141 172 1
162 172 1
168 172 1
181 172 1
188 172 1
194 172 1
207 172 1
141 173 1
168 173 1
181 173 1
188 173 1
194 173 1
200 173 1
140 174 1
141 174 1
154 174 1
168 174 1
179 174 1
181 174 1
188 174 1
194 174 1
204 174 1
140 175 1
141 175 1
168 175 1
175 175 1
181 175 1
188 175 1
194 175 1
204 175 1
154 176 1
168 176 1
181 176 1
194 176 1
204 176 1
135 177 1
154 177 1
167 177 1
168 177 1
181 177 1
188 177 1
201 177 1
204 177 1
168 178 1
175 178 1
181 178 1
167 179 1
168 179 1
175 179 1
192 179 1
194 179 1
148 180 1
162 180 1
175 180 1
201 180 1
155 181 1
201 181 1
155 182 1
174 182 1
201 182 1
155 183 1
161 183 1
182 183 1
201 183 1
208 183 1
142 184 1
155 184 1
182 184 1
195 184 1
201 184 1
142 185 1
154 185 1
155 185 1
176 185 1
182 185 1
195 185 1
141 186 1
142 186 1
155 186 1
180 186 1
182 186 1
188 186 1
195 186 1
141 187 1
142 187 1
155 187 1
182 187 1
201 187 1
142 188 1
169 188 1
176 188 1
182 188 1
189 188 1
195 188 1
205 188 1
169 189 1
182 189 1
187 189 1
195 189 1
169 190 1
176 190 1
182 190 1
187 190 1
189 190 1
195 190 1
162 191 1
163 191 1
169 191 1
176 191 1
189 191 1
193 191 1
195 191 1
205 191 1
169 192 1
176 192 1
193 192 1
195 192 1
156 193 1
169 193 1
176 193 1
189 193 1
156 194 1
169 194 1
176 194 1
189 194 1
202 194 1
155 195 1
169 195 1
189 195 1
155 196 1
156 196 1
163 196 1
168 196 1
176 196 1
189 196 1
202 196 1
156 198 1
156 199 1
181 199 1
196 199 1
183 200 1
196 200 1
142 201 1
170 201 1
183 201 1
196 201 1
142 202 1
143 202 1
170 202 1
181 202 1
183 202 1
189 202 1
196 202 1
197 202 1
142 203 1
143 203 1
170 203 1
183 203 1
196 203 1
197 203 1
170 204 1
183 204 1
196 204 1
206 204 1
207 204 1
143 205 1
170 205 1
183 205 1
207 205 1
170 206 1
183 206 1
170 207 1
183 207 1
207 207 1
169 208 1
170 208 1
177 208 1
190 208 1
169 209 1
176 209 1
177 209 1
156 210 1
157 210 1
156 211 1
157 211 1
143 212 1
157 212 1
184 212 1
143 213 1
184 213 1
195 213 1
211 213 1
143 214 1
184 214 1
190 214 1
197 214 1
184 215 1
190 215 1
197 215 1
211 215 1
143 216 1
144 216 1
182 216 1
184 216 1
190 216 1
171 217 1
178 217 1
184 217 1
171 218 1
178 218 1
184 218 1
190 218 1
197 218 1
171 219 1
182 219 1
171 220 1
178 220 1
184 220 1
190 220 1
191 220 1
171 221 1
184 221 1
191 221 1
197 221 1
198 221 1
157 222 1
158 222 1
171 222 1
184 222 1
191 222 1
208 222 1
157 223 1
158 223 1
171 223 1
184 223 1
208 223 1
158 224 1
171 224 1
204 224 1
205 224 1
178 225 1
198 225 1
144 226 1
197 226 1
157 227 1
192 228 1
196 228 1
198 228 1
172 229 1
184 229 1
185 229 1
172 230 1
185 230 1
172 231 1
185 231 1
205 231 1
172 232 1
198 232 1
199 232 1
204 232 1
172 233 1
198 233 1
199 233 1
172 234 1
192 234 1
199 234 1
177 235 1
192 235 1
209 235 1
199 237 1
158 238 1
209 239 1
178 240 1
185 241 1
209 241 1
209 242 1
186 243 1
186 244 1
197 245 1
197 246 1
186 248 1
173 250 1
159 252 1
180 253 1
179 255 1
174 257 1
80 63 2
81 64 2
89 65 2
67 66 2
68 66 2
69 66 2
89 66 2
90 66 2
65 67 2
66 67 2
67 67 2
90 67 2
91 67 2
92 67 2
63 68 2
64 68 2
65 68 2
92 68 2
93 68 2
62 69 2
63 69 2
64 69 2
93 69 2
94 69 2
62 70 2
63 70 2
93 70 2
94 70 2
95 70 2
61 71 2
62 71 2
94 71 2
95 71 2
60 72 2
61 72 2
95 72 2
96 72 2
59 73 2
60 73 2
61 73 2
96 73 2
97 73 2
59 74 2
60 74 2
96 74 2
97 74 2
98 74 2
60 75 2
61 75 2
97 75 2
98 75 2
60 76 2
61 76 2
97 76 2
98 76 2
99 76 2
60 77 2
61 77 2
98 77 2
99 77 2
61 78 2
62 78 2
98 78 2
99 78 2
100 78 2
63 79 2
64 79 2
99 79 2
63 80 2
64 80 2
99 80 2
100 80 2
65 81 2
66 81 2
68 81 2
69 81 2
70 81 2
71 81 2
99 81 2
100 81 2
65 82 2
68 82 2
99 82 2
100 82 2
66 83 2
67 83 2
99 83 2
100 83 2
68 84 2
99 84 2
100 84 2
68 85 2
69 85 2
71 85 2
100 85 2
69 86 2
70 86 2
71 86 2
72 86 2
100 86 2
101 86 2
69 87 2
70 87 2
71 87 2
100 87 2
101 87 2
69 88 2
70 88 2
71 88 2
100 88 2
101 88 2
70 89 2
71 89 2
72 89 2
100 89 2
101 89 2
70 90 2
71 90 2
100 90 2
101 90 2
69 91 2
70 91 2
71 91 2
100 91 2
101 91 2
70 92 2
71 92 2
72 92 2
101 92 2
70 93 2
101 93 2
102 93 2
70 94 2
73 94 2
101 94 2
102 94 2
101 95 2
102 95 2
101 96 2
102 96 2
70 97 2
101 97 2
102 97 2
102 98 2
68 99 2
70 99 2
102 99 2
103 99 2
68 100 2
69 100 2
70 100 2
101 100 2
102 100 2
103 100 2
68 101 2
69 101 2
70 101 2
101 101 2
102 101 2
103 101 2
68 102 2
69 102 2
102 102 2
103 102 2
104 102 2
68 103 2
102 103 2
103 103 2
104 103 2
68 104 2
102 104 2
103 104 2
104 104 2
68 105 2
102 105 2
104 105 2
104 106 2
67 107 2
103 107 2
105 107 2
66 108 2
103 108 2
104 108 2
103 109 2
104 109 2
103 110 2
105 110 2
78 111 2
79 111 2
103 111 2
104 111 2
105 111 2
78 112 2
79 112 2
80 112 2
104 112 2
105 112 2
64 113 2
78 113 2
80 113 2
81 113 2
104 113 2
105 113 2
64 114 2
81 114 2
82 114 2
103 114 2
104 114 2
105 114 2
82 115 2
85 115 2
104 115 2
105 115 2
82 116 2
83 116 2
86 116 2
105 116 2
83 117 2
86 117 2
104 117 2
105 117 2
67 118 2
83 118 2
84 118 2
86 118 2
104 118 2
105 118 2
106 118 2
84 119 2
87 119 2
104 119 2
105 119 2
106 119 2
84 120 2
87 120 2
104 120 2
105 120 2
106 120 2
84 121 2
87 121 2
104 121 2
105 121 2
66 122 2
84 122 2
85 122 2
87 122 2
88 122 2
105 122 2
60 123 2
66 123 2
85 123 2
87 123 2
88 123 2
105 123 2
106 123 2
86 124 2
88 124 2
104 124 2
105 124 2
106 124 2
86 125 2
88 125 2
105 125 2
106 125 2
86 126 2
88 126 2
105 126 2
106 126 2
107 126 2
64 127 2
88 127 2
89 127 2
105 127 2
106 127 2
107 127 2
88 128 2
89 128 2
105 128 2
106 128 2
107 128 2
88 129 2
89 129 2
106 129 2
107 129 2
88 130 2
89 130 2
106 130 2
107 130 2
87 131 2
88 131 2
89 131 2
109 131 2
87 132 2
88 132 2
89 132 2
108 132 2
61 133 2
87 133 2
88 133 2
89 133 2
108 133 2
61 134 2
88 134 2
89 134 2
105 134 2
108 134 2
60 135 2
88 135 2
89 135 2
105 135 2
108 135 2
109 135 2
60 136 2
88 136 2
89 136 2
90 136 2
109 136 2
88 137 2
89 137 2
90 137 2
108 137 2
124 137 2
88 138 2
89 138 2
90 138 2
106 138 2
124 138 2
59 139 2
88 139 2
89 139 2
90 139 2
106 139 2
107 139 2
88 140 2
89 140 2
90 140 2
107 140 2
57 141 2
88 141 2
89 141 2
90 141 2
88 142 2
89 142 2
90 142 2
127 142 2
57 143 2
88 143 2
89 143 2
127 143 2
57 144 2
88 144 2
89 144 2
128 144 2
87 145 2
88 145 2
89 145 2
57 146 2
87 146 2
88 146 2
89 146 2
87 147 2
88 147 2
129 147 2
87 148 2
88 148 2
86 149 2
87 149 2
130 149 2
86 150 2
87 150 2
90 150 2
85 151 2
86 151 2
87 151 2
90 151 2
85 152 2
86 152 2
85 153 2
84 154 2
86 154 2
88 154 2
89 154 2
84 155 2
86 155 2
88 155 2
85 156 2
87 156 2
88 156 2
89 156 2
134 156 2
86 157 2
87 157 2
88 157 2
134 157 2
85 158 2
86 158 2
87 158 2
135 158 2
85 159 2
86 159 2
135 159 2
84 160 2
85 160 2
86 160 2
136 160 2
84 161 2
86 161 2
94 161 2
136 161 2
98 162 2
137 162 2
89 163 2
137 163 2
89 164 2
137 164 2
138 164 2
88 165 2
89 165 2
99 165 2
138 165 2
94 166 2
138 166 2
139 166 2
93 167 2
94 167 2
139 167 2
93 168 2
94 168 2
101 168 2
139 168 2
93 169 2
94 169 2
140 169 2
93 170 2
94 170 2
100 170 2
140 170 2
93 171 2
94 171 2
99 171 2
100 171 2
141 171 2
99 172 2
100 172 2
141 172 2
99 173 2
100 173 2
99 174 2
100 174 2
99 175 2
100 175 2
140 175 2
99 176 2
100 176 2
139 176 2
99 177 2
100 177 2
99 178 2
100 178 2
99 179 2
100 179 2
99 180 2
100 180 2
99 181 2
98 182 2
99 182 2
98 183 2
99 183 2
98 184 2
99 184 2
98 185 2
99 185 2
98 186 2
99 186 2
98 187 2
98 188 2
98 189 2
97 190 2
98 190 2
97 191 2
98 191 2
13 192 2
97 192 2
98 192 2
100 192 2
13 193 2
97 193 2
98 193 2
13 194 2
22 194 2
23 194 2
97 194 2
98 194 2
13 195 2
22 195 2
23 195 2
96 195 2
97 195 2
98 195 2
114 195 2
13 196 2
22 196 2
95 196 2
96 196 2
97 196 2
98 196 2
13 197 2
22 197 2
23 197 2
94 197 2
95 197 2
98 197 2
99 197 2
108 197 2
12 198 2
13 198 2
22 198 2
23 198 2
93 198 2
99 198 2
12 199 2
23 199 2
91 199 2
99 199 2
12 200 2
12 201 2
23 201 2
23 202 2
83 202 2
22 203 2
80 203 2
14 205 2
106 208 2
107 208 2
118 208 2
105 209 2
106 209 2
107 209 2
118 209 2
105 210 2
106 210 2
107 210 2
118 210 2
106 211 2
107 211 2
118 211 2
106 212 2
118 212 2
106 213 2
118 213 2
106 214 2
118 214 2
105 215 2
106 215 2
117 215 2
118 215 2
105 216 2
106 216 2
117 216 2
118 216 2
105 217 2
106 217 2
117 217 2
118 217 2
105 218 2
106 218 2
117 218 2
118 218 2
105 219 2
106 219 2
117 219 2
118 219 2
105 220 2
117 220 2
105 221 2
117 221 2
105 222 2
106 222 2
117 222 2
118 222 2
105 223 2
106 223 2
116 223 2
117 223 2
105 224 2
106 224 2
116 224 2
117 224 2
105 225 2
116 225 2
117 225 2
105 226 2
106 226 2
116 226 2
105 227 2
106 227 2
116 227 2
104 228 2
105 228 2
115 228 2
116 228 2
104 229 2
105 229 2
115 229 2
116 229 2
104 230 2
115 230 2
116 230 2
104 231 2
115 231 2
116 231 2
104 232 2
115 232 2
104 233 2
115 233 2
101 248 2
