164 4 0
109 5 0
147 5 0
148 5 0
150 5 0
151 5 0
179 5 0
197 5 0
62 6 0
180 7 0
316 7 0
203 8 0
235 8 0
247 8 0
251 8 0
270 8 0
282 8 0
94 9 0
173 9 0
186 9 0
198 9 0
223 9 0
235 9 0
247 9 0
251 9 0
94 10 0
148 10 0
160 10 0
173 10 0
174 10 0
179 10 0
186 10 0
211 10 0
223 10 0
235 10 0
239 10 0
247 10 0
259 10 0
263 10 0
282 10 0
286 10 0
147 11 0
148 11 0
173 11 0
174 11 0
186 11 0
209 11 0
211 11 0
223 11 0
227 11 0
235 11 0
239 11 0
244 11 0
247 11 0
251 11 0
259 11 0
271 11 0
282 11 0
7 12 0
28 12 0
57 12 0
94 12 0
108 12 0
121 12 0
126 12 0
134 12 0
135 12 0
147 12 0
148 12 0
152 12 0
160 12 0
161 12 0
173 12 0
174 12 0
178 12 0
186 12 0
191 12 0
197 12 0
199 12 0
203 12 0
211 12 0
215 12 0
223 12 0
227 12 0
235 12 0
239 12 0
247 12 0
251 12 0
259 12 0
271 12 0
7 13 0
8 13 0
37 13 0
65 13 0
80 13 0
94 13 0
108 13 0
121 13 0
126 13 0
134 13 0
135 13 0
139 13 0
147 13 0
148 13 0
152 13 0
160 13 0
161 13 0
173 13 0
174 13 0
178 13 0
186 13 0
199 13 0
203 13 0
209 13 0
211 13 0
215 13 0
223 13 0
227 13 0
239 13 0
247 13 0
251 13 0
259 13 0
263 13 0
271 13 0
7 14 0
8 14 0
12 14 0
23 14 0
37 14 0
52 14 0
65 14 0
66 14 0
71 14 0
80 14 0
85 14 0
94 14 0
108 14 0
113 14 0
121 14 0
122 14 0
135 14 0
139 14 0
147 14 0
148 14 0
152 14 0
160 14 0
161 14 0
174 14 0
185 14 0
186 14 0
190 14 0
197 14 0
199 14 0
203 14 0
211 14 0
215 14 0
223 14 0
227 14 0
236 14 0
247 14 0
251 14 0
259 14 0
293 14 0
305 14 0
8 15 0
23 15 0
27 15 0
37 15 0
66 15 0
80 15 0
94 15 0
108 15 0
109 15 0
121 15 0
122 15 0
135 15 0
147 15 0
148 15 0
160 15 0
161 15 0
172 15 0
174 15 0
178 15 0
185 15 0
186 15 0
199 15 0
203 15 0
211 15 0
215 15 0
220 15 0
227 15 0
236 15 0
240 15 0
248 15 0
251 15 0
271 15 0
294 15 0
7 16 0
8 16 0
27 16 0
37 16 0
56 16 0
66 16 0
80 16 0
94 16 0
108 16 0
121 16 0
122 16 0
126 16 0
135 16 0
139 16 0
147 16 0
148 16 0
152 16 0
160 16 0
161 16 0
173 16 0
174 16 0
186 16 0
199 16 0
208 16 0
215 16 0
216 16 0
224 16 0
228 16 0
231 16 0
236 16 0
240 16 0
248 16 0
251 16 0
263 16 0
283 16 0
287 16 0
294 16 0
7 17 0
22 17 0
37 17 0
62 17 0
65 17 0
66 17 0
80 17 0
94 17 0
108 17 0
121 17 0
122 17 0
135 17 0
139 17 0
148 17 0
152 17 0
160 17 0
161 17 0
173 17 0
174 17 0
186 17 0
199 17 0
216 17 0
236 17 0
240 17 0
248 17 0
259 17 0
263 17 0
283 17 0
294 17 0
7 18 0
22 18 0
27 18 0
35 18 0
37 18 0
61 18 0
66 18 0
75 18 0
88 18 0
94 18 0
122 18 0
135 18 0
139 18 0
148 18 0
160 18 0
161 18 0
165 18 0
173 18 0
174 18 0
199 18 0
212 18 0
236 18 0
240 18 0
248 18 0
260 18 0
294 18 0
48 19 0
62 19 0
75 19 0
88 19 0
122 19 0
135 19 0
148 19 0
161 19 0
174 19 0
179 19 0
199 19 0
212 19 0
216 19 0
220 19 0
224 19 0
236 19 0
240 19 0
248 19 0
252 19 0
260 19 0
283 19 0
294 19 0
306 19 0
317 19 0
20 20 0
48 20 0
135 20 0
148 20 0
161 20 0
174 20 0
187 20 0
199 20 0
212 20 0
224 20 0
228 20 0
236 20 0
240 20 0
248 20 0
252 20 0
260 20 0
272 20 0
283 20 0
294 20 0
20 21 0
135 21 0
148 21 0
160 21 0
161 21 0
174 21 0
187 21 0
199 21 0
224 21 0
236 21 0
248 21 0
252 21 0
260 21 0
6 22 0
34 22 0
135 22 0
148 22 0
173 22 0
187 22 0
192 22 0
224 22 0
236 22 0
248 22 0
260 22 0
272 22 0
34 23 0
173 23 0
224 23 0
248 23 0
272 23 0
295 23 0
306 23 0
317 23 0
87 24 0
187 24 0
197 24 0
212 24 0
220 24 0
224 24 0
248 24 0
272 24 0
295 24 0
6 25 0
95 25 0
237 25 0
272 25 0
284 25 0
197 26 0
237 26 0
253 26 0
261 26 0
295 26 0
33 27 0
200 27 0
237 27 0
261 27 0
284 27 0
295 27 0
237 28 0
249 28 0
252 28 0
285 31 0
213 32 0
214 32 0
285 32 0
215 33 0
216 33 0
238 33 0
285 33 0
308 33 0
5 34 0
238 34 0
262 34 0
289 34 0
277 35 0
289 35 0
229 36 0
230 36 0
238 36 0
243 36 0
289 36 0
290 36 0
249 37 0
263 37 0
264 37 0
286 37 0
319 37 0
220 38 0
265 38 0
286 38 0
290 38 0
317 38 0
318 38 0
324 38 0
344 38 0
238 39 0
250 39 0
251 39 0
252 39 0
285 39 0
286 39 0
290 39 0
299 39 0
324 39 0
343 39 0
220 40 0
285 40 0
286 40 0
290 40 0
299 40 0
319 40 0
320 40 0
324 40 0
336 40 0
241 41 0
242 41 0
243 41 0
252 41 0
253 41 0
257 41 0
259 41 0
260 41 0
263 41 0
264 41 0
286 41 0
290 41 0
319 41 0
320 41 0
337 41 0
221 42 0
238 42 0
241 42 0
242 42 0
246 42 0
247 42 0
251 42 0
252 42 0
257 42 0
259 42 0
260 42 0
261 42 0
262 42 0
264 42 0
265 42 0
266 42 0
267 42 0
286 42 0
290 42 0
319 42 0
320 42 0
337 42 0
221 43 0
229 43 0
238 43 0
241 43 0
242 43 0
243 43 0
244 43 0
247 43 0
248 43 0
251 43 0
252 43 0
257 43 0
258 43 0
260 43 0
261 43 0
262 43 0
264 43 0
266 43 0
267 43 0
286 43 0
291 43 0
320 43 0
336 43 0
337 43 0
342 43 0
235 44 0
238 44 0
242 44 0
243 44 0
251 44 0
252 44 0
253 44 0
257 44 0
258 44 0
286 44 0
287 44 0
291 44 0
320 44 0
324 44 0
325 44 0
336 44 0
337 44 0
234 45 0
238 45 0
239 45 0
241 45 0
242 45 0
243 45 0
244 45 0
246 45 0
247 45 0
250 45 0
251 45 0
252 45 0
257 45 0
259 45 0
260 45 0
264 45 0
265 45 0
266 45 0
286 45 0
287 45 0
290 45 0
291 45 0
320 45 0
321 45 0
336 45 0
337 45 0
234 46 0
238 46 0
239 46 0
241 46 0
242 46 0
243 46 0
244 46 0
245 46 0
250 46 0
251 46 0
259 46 0
262 46 0
263 46 0
264 46 0
265 46 0
266 46 0
267 46 0
286 46 0
291 46 0
300 46 0
320 46 0
234 47 0
238 47 0
239 47 0
240 47 0
241 47 0
242 47 0
243 47 0
244 47 0
245 47 0
247 47 0
248 47 0
250 47 0
251 47 0
252 47 0
253 47 0
262 47 0
263 47 0
264 47 0
265 47 0
266 47 0
267 47 0
286 47 0
287 47 0
290 47 0
291 47 0
299 47 0
320 47 0
321 47 0
324 47 0
331 47 0
332 47 0
240 48 0
241 48 0
242 48 0
244 48 0
245 48 0
246 48 0
247 48 0
252 48 0
253 48 0
262 48 0
264 48 0
265 48 0
266 48 0
267 48 0
286 48 0
287 48 0
290 48 0
291 48 0
320 48 0
331 48 0
234 49 0
241 49 0
242 49 0
244 49 0
245 49 0
251 49 0
252 49 0
253 49 0
262 49 0
263 49 0
264 49 0
265 49 0
266 49 0
267 49 0
275 49 0
287 49 0
298 49 0
226 50 0
227 50 0
228 50 0
229 50 0
230 50 0
239 50 0
240 50 0
241 50 0
247 50 0
248 50 0
249 50 0
250 50 0
251 50 0
252 50 0
264 50 0
266 50 0
268 50 0
275 50 0
287 50 0
298 50 0
227 51 0
239 51 0
240 51 0
266 51 0
267 51 0
268 51 0
275 51 0
279 51 0
287 51 0
298 51 0
227 52 0
239 52 0
240 52 0
266 52 0
267 52 0
275 52 0
298 52 0
339 52 0
227 53 0
231 53 0
239 53 0
240 53 0
266 53 0
267 53 0
287 53 0
298 53 0
310 53 0
227 54 0
239 54 0
240 54 0
267 54 0
339 54 0
232 55 0
239 55 0
240 55 0
267 55 0
302 55 0
325 55 0
340 55 0
240 56 0
267 56 0
268 56 0
276 56 0
279 56 0
311 56 0
337 56 0
340 56 0
228 57 0
241 57 0
242 57 0
243 57 0
249 57 0
250 57 0
256 57 0
257 57 0
258 57 0
266 57 0
267 57 0
276 57 0
279 57 0
310 57 0
228 58 0
232 58 0
245 58 0
249 58 0
250 58 0
251 58 0
256 58 0
257 58 0
258 58 0
266 58 0
267 58 0
279 58 0
288 58 0
289 58 0
298 58 0
299 58 0
310 58 0
336 58 0
341 58 0
228 59 0
233 59 0
240 59 0
241 59 0
242 59 0
245 59 0
249 59 0
251 59 0
252 59 0
256 59 0
257 59 0
258 59 0
259 59 0
266 59 0
267 59 0
288 59 0
289 59 0
298 59 0
299 59 0
335 59 0
341 59 0
228 60 0
233 60 0
240 60 0
241 60 0
248 60 0
249 60 0
251 60 0
252 60 0
255 60 0
256 60 0
258 60 0
259 60 0
265 60 0
266 60 0
276 60 0
288 60 0
289 60 0
292 60 0
299 60 0
310 60 0
331 60 0
340 60 0
341 60 0
6 61 0
239 61 0
240 61 0
241 61 0
248 61 0
249 61 0
252 61 0
253 61 0
255 61 0
256 61 0
258 61 0
259 61 0
265 61 0
266 61 0
267 61 0
268 61 0
276 61 0
299 61 0
310 61 0
322 61 0
338 61 0
341 61 0
240 62 0
241 62 0
248 62 0
249 62 0
252 62 0
253 62 0
255 62 0
256 62 0
259 62 0
265 62 0
266 62 0
267 62 0
268 62 0
299 62 0
300 62 0
240 63 0
241 63 0
248 63 0
249 63 0
253 63 0
254 63 0
255 63 0
257 63 0
258 63 0
259 63 0
260 63 0
264 63 0
265 63 0
266 63 0
267 63 0
268 63 0
269 63 0
289 63 0
290 63 0
299 63 0
311 63 0
312 63 0
337 63 0
240 64 0
241 64 0
248 64 0
249 64 0
250 64 0
251 64 0
252 64 0
254 64 0
255 64 0
256 64 0
257 64 0
258 64 0
259 64 0
260 64 0
264 64 0
265 64 0
267 64 0
268 64 0
272 64 0
280 64 0
289 64 0
293 64 0
299 64 0
304 64 0
311 64 0
241 65 0
248 65 0
249 65 0
250 65 0
251 65 0
252 65 0
255 65 0
256 65 0
257 65 0
258 65 0
260 65 0
264 65 0
272 65 0
276 65 0
289 65 0
293 65 0
299 65 0
300 65 0
311 65 0
323 65 0
333 65 0
241 66 0
242 66 0
248 66 0
249 66 0
250 66 0
251 66 0
252 66 0
253 66 0
255 66 0
256 66 0
258 66 0
260 66 0
261 66 0
263 66 0
264 66 0
265 66 0
266 66 0
280 66 0
311 66 0
322 66 0
241 67 0
242 67 0
245 67 0
246 67 0
248 67 0
249 67 0
250 67 0
252 67 0
253 67 0
254 67 0
255 67 0
256 67 0
258 67 0
259 67 0
262 67 0
263 67 0
265 67 0
266 67 0
268 67 0
269 67 0
280 67 0
244 68 0
245 68 0
246 68 0
253 68 0
255 68 0
256 68 0
257 68 0
258 68 0
265 68 0
269 68 0
277 68 0
253 69 0
255 69 0
257 69 0
265 69 0
266 69 0
265 70 0
266 70 0
266 71 0
35 79 0
9 80 0
36 81 0
14 87 0
15 87 0
36 87 0
13 89 0
5 91 0
4 92 0
3 93 0
2 94 0
27 97 0
9 98 0
19 102 0
29 102 0
2 103 0
19 103 0
28 103 0
29 103 0
28 104 0
23 105 0
27 105 0
28 105 0
23 106 0
27 106 0
26 107 0
27 107 0
25 108 0
26 108 0
39 108 0
25 109 0
26 109 0
39 109 0
24 110 0
25 110 0
30 110 0
24 111 0
42 117 0
41 118 0
44 120 0
176 221 0
29 226 0
50 226 0
50 227 0
28 228 0
49 228 0
28 229 0
49 229 0
27 230 0
28 230 0
49 230 0
27 231 0
28 231 0
27 232 0
28 232 0
48 232 0
26 233 0
27 233 0
26 234 0
27 234 0
26 235 0
27 235 0
26 236 0
27 236 0
26 237 0
27 237 0
46 237 0
149 237 0
25 238 0
26 238 0
46 238 0
25 239 0
26 239 0
45 239 0
46 239 0
24 240 0
25 240 0
26 240 0
45 240 0
24 241 0
25 241 0
45 241 0
46 241 0
24 242 0
25 242 0
44 242 0
45 242 0
24 243 0
44 243 0
24 244 0
24 245 0
43 245 0
44 245 0
24 246 0
42 246 0
43 246 0
20 248 0
23 248 0
41 248 0
42 248 0
43 248 0
2 249 0
41 249 0
40 250 0
20 251 0
41 251 0
20 252 0
40 252 0
19 253 0
20 253 0
20 254 0
20 255 0
20 256 0
18 257 0
20 257 0
137 36 1
176 38 1
176 39 1
137 45 1
163 45 1
164 45 1
150 50 1
138 51 1
150 51 1
138 52 1
177 54 1
151 56 1
151 57 1
177 57 1
189 57 1
151 59 1
177 59 1
177 60 1
159 61 1
164 61 1
177 61 1
151 62 1
164 62 1
190 63 1
191 63 1
164 64 1
165 64 1
190 64 1
164 65 1
165 65 1
190 65 1
191 65 1
151 66 1
190 66 1
191 66 1
151 67 1
164 67 1
176 67 1
178 67 1
183 67 1
188 67 1
139 68 1
176 68 1
178 68 1
178 69 1
178 70 1
190 70 1
139 71 1
152 71 1
178 71 1
139 72 1
145 72 1
178 72 1
185 72 1
139 73 1
152 73 1
152 74 1
166 74 1
191 74 1
166 75 1
152 76 1
166 76 1
185 76 1
191 76 1
152 77 1
165 77 1
166 77 1
178 77 1
185 77 1
191 77 1
139 78 1
165 78 1
166 78 1
185 78 1
139 79 1
152 79 1
165 79 1
166 79 1
191 79 1
152 80 1
191 80 1
192 80 1
152 81 1
153 81 1
165 81 1
166 81 1
191 81 1
161 82 1
165 82 1
166 82 1
172 82 1
179 82 1
152 83 1
153 83 1
165 83 1
179 83 1
153 84 1
159 84 1
165 84 1
172 84 1
179 84 1
153 85 1
165 85 1
177 85 1
179 85 1
192 85 1
153 86 1
165 86 1
172 86 1
179 86 1
186 86 1
192 86 1
140 87 1
153 87 1
179 87 1
192 87 1
153 88 1
165 88 1
166 88 1
179 88 1
153 89 1
173 89 1
179 89 1
192 89 1
153 90 1
173 90 1
179 90 1
192 90 1
153 91 1
172 91 1
174 91 1
186 91 1
192 91 1
140 92 1
153 92 1
161 92 1
167 92 1
174 92 1
185 92 1
186 92 1
192 92 1
140 93 1
141 93 1
167 93 1
172 93 1
173 93 1
186 93 1
192 93 1
153 94 1
167 94 1
180 94 1
153 95 1
154 95 1
166 95 1
167 95 1
173 95 1
180 95 1
186 95 1
192 95 1
193 95 1
141 96 1
153 96 1
154 96 1
166 96 1
167 96 1
173 96 1
180 96 1
186 96 1
127 97 1
141 97 1
153 97 1
154 97 1
166 97 1
167 97 1
180 97 1
141 98 1
166 98 1
167 98 1
178 98 1
180 98 1
193 98 1
166 99 1
180 99 1
166 100 1
167 100 1
180 100 1
141 101 1
153 101 1
154 101 1
178 101 1
180 101 1
193 101 1
141 102 1
154 102 1
166 102 1
193 102 1
141 103 1
154 103 1
180 103 1
193 103 1
141 104 1
154 104 1
174 104 1
193 104 1
127 105 1
141 105 1
154 105 1
174 105 1
193 105 1
167 106 1
168 106 1
193 106 1
168 107 1
174 107 1
193 107 1
161 108 1
168 108 1
175 108 1
193 108 1
141 109 1
148 109 1
168 109 1
181 109 1
188 109 1
193 109 1
194 109 1
167 110 1
168 110 1
181 110 1
194 110 1
161 111 1
168 111 1
181 111 1
188 111 1
194 111 1
155 112 1
167 112 1
168 112 1
174 112 1
181 112 1
194 112 1
141 113 1
154 113 1
155 113 1
167 113 1
168 113 1
179 113 1
181 113 1
194 113 1
155 114 1
167 114 1
168 114 1
174 114 1
181 114 1
194 114 1
207 114 1
142 115 1
148 115 1
149 115 1
155 115 1
162 115 1
167 115 1
181 115 1
188 115 1
194 115 1
128 116 1
141 116 1
142 116 1
149 116 1
155 116 1
162 116 1
174 116 1
181 116 1
194 116 1
155 117 1
181 117 1
194 117 1
142 118 1
155 118 1
168 118 1
187 118 1
192 118 1
194 118 1
142 119 1
168 119 1
176 119 1
187 119 1
188 119 1
194 119 1
201 119 1
212 119 1
142 120 1
155 120 1
167 120 1
168 120 1
176 120 1
194 120 1
155 121 1
162 121 1
142 122 1
149 122 1
155 122 1
162 122 1
168 122 1
175 122 1
182 122 1
142 123 1
155 123 1
161 123 1
169 123 1
176 123 1
182 123 1
208 123 1
142 124 1
149 124 1
155 124 1
169 124 1
175 124 1
182 124 1
195 124 1
208 124 1
129 125 1
142 125 1
168 125 1
169 125 1
182 125 1
195 125 1
208 125 1
156 126 1
162 126 1
169 126 1
180 126 1
182 126 1
189 126 1
195 126 1
208 126 1
156 127 1
169 127 1
175 127 1
180 127 1
182 127 1
189 127 1
195 127 1
200 127 1
155 128 1
156 128 1
162 128 1
169 128 1
182 128 1
189 128 1
195 128 1
142 129 1
155 129 1
156 129 1
169 129 1
195 129 1
156 130 1
169 130 1
175 130 1
188 130 1
195 130 1
156 131 1
164 131 1
169 131 1
188 131 1
208 131 1
143 132 1
156 132 1
169 132 1
175 132 1
188 132 1
189 132 1
195 132 1
129 133 1
156 133 1
176 133 1
188 133 1
195 133 1
143 134 1
150 134 1
156 134 1
163 134 1
164 134 1
189 134 1
190 134 1
142 135 1
143 135 1
156 135 1
176 135 1
177 135 1
196 135 1
143 136 1
170 136 1
175 136 1
188 136 1
190 136 1
196 136 1
129 137 1
156 137 1
170 137 1
177 137 1
190 137 1
196 137 1
213 137 1
156 138 1
170 138 1
175 138 1
183 138 1
196 138 1
202 138 1
170 139 1
181 139 1
183 139 1
196 139 1
143 140 1
170 140 1
183 140 1
189 140 1
190 140 1
196 140 1
202 140 1
143 141 1
170 141 1
183 141 1
196 141 1
157 142 1
169 142 1
170 142 1
183 142 1
196 142 1
143 143 1
144 143 1
150 143 1
157 143 1
170 143 1
183 143 1
196 143 1
143 144 1
150 144 1
157 144 1
169 144 1
170 144 1
183 144 1
196 144 1
203 144 1
144 145 1
156 145 1
157 145 1
164 145 1
176 145 1
194 145 1
196 145 1
203 145 1
144 146 1
151 146 1
157 146 1
169 146 1
190 146 1
194 146 1
203 146 1
130 147 1
157 147 1
169 147 1
177 147 1
189 147 1
190 147 1
194 147 1
203 147 1
144 148 1
157 148 1
169 148 1
194 148 1
203 148 1
144 149 1
157 149 1
184 149 1
189 149 1
203 149 1
210 149 1
144 150 1
152 150 1
157 150 1
163 150 1
165 150 1
176 150 1
184 150 1
144 151 1
157 151 1
165 151 1
184 151 1
190 151 1
197 151 1
144 152 1
157 152 1
165 152 1
171 152 1
184 152 1
190 152 1
197 152 1
210 152 1
144 153 1
151 153 1
164 153 1
165 153 1
170 153 1
171 153 1
182 153 1
184 153 1
197 153 1
144 154 1
165 154 1
171 154 1
177 154 1
178 154 1
184 154 1
190 154 1
197 154 1
165 155 1
170 155 1
171 155 1
178 155 1
184 155 1
190 155 1
191 155 1
197 155 1
204 155 1
210 155 1
138 156 1
157 156 1
158 156 1
165 156 1
170 156 1
171 156 1
177 156 1
184 156 1
190 156 1
197 156 1
204 156 1
158 157 1
170 157 1
171 157 1
197 157 1
204 157 1
158 158 1
171 158 1
204 158 1
207 158 1
157 159 1
158 159 1
170 159 1
171 159 1
184 159 1
195 159 1
207 159 1
210 159 1
158 160 1
170 160 1
171 160 1
195 160 1
145 161 1
158 161 1
170 161 1
171 161 1
195 161 1
145 162 1
158 162 1
170 162 1
177 162 1
195 162 1
198 162 1
158 163 1
198 163 1
145 164 1
158 164 1
185 164 1
191 164 1
198 164 1
145 165 1
158 165 1
172 165 1
178 165 1
185 165 1
191 165 1
198 165 1
130 166 1
145 166 1
172 166 1
178 166 1
179 166 1
185 166 1
198 166 1
145 167 1
165 167 1
172 167 1
177 167 1
185 167 1
198 167 1
144 168 1
145 168 1
172 168 1
178 168 1
185 168 1
198 168 1
144 169 1
145 169 1
158 169 1
172 169 1
178 169 1
185 169 1
192 169 1
198 169 1
166 170 1
172 170 1
185 170 1
191 170 1
192 170 1
198 170 1
205 170 1
208 170 1
158 171 1
159 171 1
166 171 1
172 171 1
178 171 1
185 171 1
192 171 1
208 171 1
158 172 1
166 172 1
179 172 1
185 172 1
198 172 1
159 173 1
166 173 1
171 173 1
178 173 1
205 173 1
171 174 1
178 174 1
205 174 1
146 175 1
191 175 1
196 175 1
146 176 1
159 176 1
186 176 1
212 176 1
146 177 1
159 177 1
167 177 1
171 177 1
186 177 1
212 177 1
131 178 1
146 178 1
159 178 1
171 178 1
186 178 1
199 178 1
145 179 1
146 179 1
159 179 1
180 179 1
186 179 1
145 180 1
146 180 1
159 180 1
179 180 1
180 180 1
186 180 1
192 180 1
146 181 1
159 181 1
186 181 1
191 181 1
192 181 1
199 181 1
145 182 1
146 182 1
173 182 1
186 182 1
199 182 1
173 183 1
186 183 1
191 183 1
199 183 1
206 183 1
212 183 1
160 184 1
167 184 1
173 184 1
179 184 1
186 184 1
193 184 1
199 184 1
209 184 1
153 185 1
160 185 1
167 185 1
172 185 1
173 185 1
179 185 1
192 185 1
193 185 1
197 185 1
199 185 1
206 185 1
209 185 1
210 185 1
160 186 1
173 186 1
192 186 1
193 186 1
209 186 1
160 187 1
173 187 1
179 187 1
180 187 1
197 187 1
199 187 1
206 187 1
209 187 1
160 188 1
173 188 1
179 188 1
197 188 1
160 189 1
172 189 1
192 189 1
200 189 1
160 190 1
167 190 1
193 190 1
200 190 1
207 190 1
147 191 1
179 191 1
200 191 1
147 192 1
174 192 1
179 192 1
187 192 1
200 192 1
206 192 1
147 193 1
187 193 1
192 193 1
200 193 1
146 194 1
147 194 1
160 194 1
187 194 1
214 194 1
132 195 1
174 195 1
187 195 1
146 196 1
174 196 1
179 196 1
187 196 1
146 197 1
174 197 1
187 197 1
210 197 1
174 198 1
179 198 1
185 198 1
187 198 1
174 199 1
187 199 1
194 199 1
161 200 1
174 200 1
180 200 1
187 200 1
207 200 1
174 201 1
194 201 1
160 202 1
161 202 1
161 203 1
187 203 1
188 203 1
207 203 1
208 203 1
147 204 1
148 204 1
161 204 1
187 204 1
188 204 1
211 204 1
147 205 1
148 205 1
161 205 1
182 205 1
188 205 1
188 206 1
193 206 1
147 207 1
188 207 1
147 208 1
188 208 1
194 208 1
175 209 1
186 209 1
188 209 1
193 209 1
194 209 1
175 210 1
182 210 1
201 210 1
202 210 1
175 211 1
201 211 1
175 212 1
188 212 1
175 213 1
208 213 1
174 214 1
175 214 1
181 214 1
182 214 1
188 214 1
208 214 1
162 215 1
175 215 1
202 215 1
161 216 1
162 216 1
181 216 1
182 216 1
188 216 1
161 217 1
162 217 1
175 217 1
202 217 1
174 218 1
189 218 1
202 218 1
212 219 1
176 220 1
181 220 1
212 220 1
148 221 1
148 222 1
176 222 1
176 223 1
189 223 1
203 223 1
176 224 1
189 224 1
176 225 1
176 226 1
189 226 1
200 226 1
189 228 1
189 230 1
149 231 1
203 231 1
149 234 1
177 236 1
190 236 1
191 236 1
177 237 1
190 237 1
196 237 1
177 238 1
210 238 1
177 239 1
177 241 1
190 241 1
163 242 1
164 242 1
204 242 1
191 243 1
150 248 1
178 248 1
178 249 1
178 250 1
79 64 2
76 65 2
80 65 2
82 65 2
82 66 2
83 66 2
84 66 2
84 67 2
85 67 2
86 67 2
85 68 2
86 68 2
87 68 2
88 68 2
86 69 2
87 69 2
88 69 2
88 70 2
89 70 2
90 70 2
57 71 2
58 71 2
89 71 2
90 71 2
56 72 2
57 72 2
89 72 2
90 72 2
91 72 2
55 73 2
56 73 2
90 73 2
91 73 2
92 73 2
54 74 2
55 74 2
56 74 2
91 74 2
92 74 2
54 75 2
55 75 2
56 75 2
92 75 2
93 75 2
54 76 2
55 76 2
56 76 2
92 76 2
93 76 2
54 77 2
55 77 2
56 77 2
93 77 2
94 77 2
54 78 2
55 78 2
56 78 2
93 78 2
94 78 2
54 79 2
55 79 2
56 79 2
57 79 2
94 79 2
95 79 2
55 80 2
56 80 2
57 80 2
58 80 2
94 80 2
95 80 2
56 81 2
57 81 2
58 81 2
59 81 2
94 81 2
95 81 2
58 82 2
59 82 2
60 82 2
64 82 2
65 82 2
94 82 2
95 82 2
59 83 2
60 83 2
61 83 2
95 83 2
60 84 2
61 84 2
95 84 2
62 85 2
63 85 2
95 85 2
63 86 2
64 86 2
65 86 2
66 86 2
95 86 2
63 87 2
64 87 2
65 87 2
66 87 2
95 87 2
64 88 2
65 88 2
66 88 2
71 88 2
95 88 2
96 88 2
65 89 2
66 89 2
95 89 2
96 89 2
65 90 2
66 90 2
95 90 2
96 90 2
65 91 2
66 91 2
96 91 2
65 92 2
66 92 2
96 92 2
65 93 2
66 93 2
96 93 2
65 94 2
66 94 2
96 94 2
65 95 2
66 95 2
67 95 2
95 95 2
96 95 2
67 96 2
96 96 2
95 97 2
97 97 2
98 97 2
95 98 2
97 99 2
63 101 2
63 102 2
64 102 2
63 103 2
99 103 2
63 104 2
97 104 2
99 104 2
63 105 2
97 105 2
98 105 2
110 105 2
63 106 2
98 106 2
98 107 2
61 108 2
97 108 2
98 108 2
62 109 2
98 109 2
72 110 2
77 110 2
98 110 2
100 110 2
71 111 2
72 111 2
73 111 2
98 111 2
72 112 2
73 112 2
74 112 2
75 112 2
98 112 2
100 112 2
73 113 2
74 113 2
75 113 2
79 113 2
98 113 2
74 114 2
75 114 2
76 114 2
79 114 2
80 114 2
98 114 2
99 114 2
75 115 2
76 115 2
77 115 2
80 115 2
85 115 2
99 115 2
76 116 2
77 116 2
79 116 2
80 116 2
81 116 2
98 116 2
99 116 2
77 117 2
78 117 2
79 117 2
80 117 2
81 117 2
98 117 2
99 117 2
77 118 2
78 118 2
81 118 2
99 118 2
100 118 2
76 119 2
78 119 2
81 119 2
82 119 2
99 119 2
100 119 2
57 120 2
78 120 2
82 120 2
99 120 2
100 120 2
79 121 2
82 121 2
83 121 2
99 121 2
78 122 2
79 122 2
82 122 2
99 122 2
100 122 2
55 123 2
79 123 2
80 123 2
82 123 2
83 123 2
99 123 2
100 123 2
80 124 2
82 124 2
83 124 2
99 124 2
100 124 2
81 125 2
83 125 2
84 125 2
99 125 2
100 125 2
54 126 2
80 126 2
81 126 2
83 126 2
84 126 2
100 126 2
83 127 2
84 127 2
100 127 2
81 128 2
83 128 2
84 128 2
100 128 2
53 129 2
83 129 2
84 129 2
100 129 2
53 130 2
83 130 2
84 130 2
100 130 2
101 130 2
53 131 2
83 131 2
84 131 2
100 131 2
101 131 2
82 132 2
83 132 2
84 132 2
101 132 2
82 133 2
83 133 2
84 133 2
82 134 2
83 134 2
84 134 2
83 135 2
84 135 2
101 135 2
84 136 2
85 136 2
101 136 2
54 137 2
84 137 2
85 137 2
101 137 2
102 137 2
54 138 2
84 138 2
85 138 2
102 138 2
120 138 2
84 139 2
85 139 2
102 139 2
121 139 2
83 140 2
84 140 2
85 140 2
103 140 2
84 141 2
85 141 2
122 141 2
83 142 2
84 142 2
85 142 2
123 142 2
83 143 2
84 143 2
123 143 2
83 144 2
84 144 2
124 144 2
83 145 2
124 145 2
125 145 2
83 146 2
125 146 2
82 147 2
83 147 2
125 147 2
82 148 2
126 148 2
126 149 2
127 149 2
81 150 2
127 150 2
127 151 2
128 151 2
128 152 2
128 153 2
129 153 2
81 154 2
129 154 2
80 155 2
83 155 2
129 155 2
130 155 2
80 156 2
130 156 2
80 157 2
130 157 2
79 158 2
80 158 2
90 158 2
91 158 2
90 159 2
92 159 2
131 159 2
91 160 2
132 160 2
79 161 2
91 161 2
133 161 2
83 162 2
87 162 2
90 162 2
91 162 2
133 162 2
82 163 2
83 163 2
90 163 2
133 163 2
82 164 2
90 164 2
133 164 2
82 165 2
92 165 2
134 165 2
88 166 2
46 167 2
87 167 2
88 167 2
135 167 2
87 168 2
88 168 2
135 168 2
87 169 2
88 169 2
87 170 2
95 170 2
96 170 2
136 170 2
94 171 2
95 171 2
94 172 2
95 172 2
94 173 2
95 173 2
96 173 2
95 174 2
96 174 2
95 175 2
96 175 2
94 176 2
95 176 2
94 177 2
95 177 2
94 178 2
95 178 2
94 179 2
94 180 2
93 181 2
94 181 2
93 182 2
94 182 2
93 183 2
93 184 2
93 185 2
92 186 2
93 186 2
92 187 2
93 187 2
92 188 2
93 188 2
92 189 2
93 189 2
92 190 2
93 190 2
92 191 2
93 191 2
92 192 2
93 192 2
8 193 2
92 193 2
93 193 2
8 194 2
91 194 2
92 194 2
93 194 2
8 195 2
16 195 2
17 195 2
92 195 2
93 195 2
7 196 2
16 196 2
17 196 2
89 196 2
90 196 2
93 196 2
7 197 2
16 197 2
17 197 2
88 197 2
89 197 2
93 197 2
16 198 2
17 198 2
86 198 2
94 198 2
95 198 2
6 199 2
16 199 2
17 199 2
94 199 2
96 199 2
6 200 2
16 200 2
17 200 2
6 201 2
16 201 2
6 202 2
17 202 2
65 202 2
16 203 2
17 203 2
98 204 2
15 205 2
98 205 2
98 206 2
99 208 2
108 208 2
101 209 2
111 209 2
112 209 2
113 209 2
100 210 2
101 210 2
112 210 2
113 210 2
114 210 2
101 211 2
112 211 2
113 211 2
100 212 2
101 212 2
112 212 2
113 212 2
100 213 2
101 213 2
112 213 2
113 213 2
100 214 2
101 214 2
112 214 2
113 214 2
100 215 2
101 215 2
112 215 2
113 215 2
100 216 2
101 216 2
112 216 2
100 217 2
101 217 2
112 217 2
100 218 2
101 218 2
111 218 2
112 218 2
100 219 2
101 219 2
111 219 2
112 219 2
101 220 2
111 220 2
112 220 2
101 221 2
111 221 2
112 221 2
100 222 2
101 222 2
111 222 2
100 223 2
110 223 2
111 223 2
100 224 2
101 224 2
110 224 2
111 224 2
100 225 2
101 225 2
110 225 2
100 226 2
110 226 2
100 227 2
109 227 2
110 227 2
100 228 2
101 228 2
109 228 2
110 228 2
100 229 2
109 229 2
110 229 2
99 230 2
100 230 2
108 230 2
109 230 2
99 231 2
108 231 2
109 231 2
99 232 2
108 232 2
109 232 2
99 233 2
108 233 2
109 233 2
99 234 2
100 234 2
103 235 2
104 235 2
105 235 2
99 239 2
202 46 3
215 47 3
202 48 3
208 53 3
202 54 3
203 54 3
208 54 3
203 55 3
203 56 3
200 57 3
203 57 3
203 58 3
203 59 3
203 60 3
209 60 3
209 61 3
212 64 3
216 64 3
217 64 3
201 65 3
204 65 3
209 65 3
212 65 3
216 65 3
217 65 3
204 66 3
212 66 3
197 67 3
198 67 3
204 67 3
212 67 3
204 68 3
197 69 3
196 70 3
197 70 3
204 70 3
210 70 3
221 70 3
210 71 3
217 71 3
210 72 3
213 72 3
217 72 3
218 72 3
210 73 3
213 73 3
217 73 3
202 74 3
205 74 3
210 74 3
215 74 3
198 75 3
199 75 3
205 75 3
211 76 3
230 76 3
205 77 3
211 77 3
229 77 3
230 77 3
300 77 3
205 78 3
211 78 3
266 78 3
281 78 3
211 79 3
230 79 3
278 79 3
221 80 3
290 80 3
294 80 3
301 80 3
218 81 3
290 81 3
198 82 3
218 82 3
234 82 3
290 82 3
242 83 3
313 83 3
234 84 3
267 84 3
301 84 3
206 85 3
254 85 3
255 85 3
267 85 3
278 85 3
279 85 3
335 85 3
205 86 3
206 86 3
230 86 3
231 86 3
247 86 3
254 86 3
279 86 3
205 87 3
206 87 3
230 87 3
231 87 3
290 87 3
282 88 3
290 88 3
291 88 3
313 88 3
199 89 3
219 89 3
235 89 3
254 89 3
282 89 3
291 89 3
294 89 3
317 89 3
205 90 3
219 90 3
291 90 3
302 90 3
305 90 3
306 90 3
325 90 3
219 91 3
236 91 3
243 91 3
295 91 3
302 91 3
306 91 3
336 91 3
206 92 3
243 92 3
247 92 3
255 92 3
256 92 3
271 92 3
302 92 3
306 92 3
314 92 3
315 92 3
255 93 3
256 93 3
271 93 3
279 93 3
283 93 3
339 93 3
231 94 3
232 94 3
255 94 3
260 94 3
268 94 3
279 94 3
283 94 3
337 94 3
339 94 3
206 95 3
207 95 3
231 95 3
232 95 3
255 95 3
268 95 3
280 95 3
283 95 3
206 96 3
207 96 3
219 96 3
231 96 3
243 96 3
280 96 3
303 96 3
206 97 3
207 97 3
231 97 3
271 97 3
280 97 3
283 97 3
284 97 3
303 97 3
244 98 3
245 98 3
249 98 3
268 98 3
283 98 3
292 98 3
303 98 3
304 98 3
314 98 3
315 98 3
220 99 3
244 99 3
245 99 3
248 99 3
260 99 3
292 99 3
295 99 3
296 99 3
315 99 3
206 100 3
220 100 3
244 100 3
248 100 3
280 100 3
292 100 3
295 100 3
296 100 3
307 100 3
256 101 3
268 101 3
269 101 3
272 101 3
280 101 3
303 101 3
256 102 3
257 102 3
268 102 3
269 102 3
272 102 3
280 102 3
281 102 3
284 102 3
315 102 3
232 103 3
233 103 3
244 103 3
249 103 3
256 103 3
268 103 3
269 103 3
281 103 3
292 103 3
293 103 3
315 103 3
232 104 3
233 104 3
244 104 3
261 104 3
269 104 3
280 104 3
284 104 3
292 104 3
293 104 3
268 105 3
269 105 3
284 105 3
292 105 3
293 105 3
304 105 3
316 105 3
327 105 3
232 106 3
256 106 3
292 106 3
296 106 3
304 106 3
316 106 3
319 106 3
221 107 3
256 107 3
284 107 3
293 107 3
296 107 3
304 107 3
308 107 3
319 107 3
338 107 3
245 108 3
246 108 3
257 108 3
269 108 3
293 108 3
296 108 3
307 108 3
308 108 3
315 108 3
316 108 3
338 108 3
339 108 3
245 109 3
257 109 3
258 109 3
273 109 3
285 109 3
304 109 3
308 109 3
316 109 3
339 109 3
245 110 3
257 110 3
258 110 3
262 110 3
270 110 3
281 110 3
282 110 3
316 110 3
233 111 3
234 111 3
257 111 3
270 111 3
281 111 3
282 111 3
338 111 3
233 112 3
273 112 3
282 112 3
285 112 3
305 112 3
308 112 3
338 112 3
208 113 3
209 113 3
285 113 3
305 113 3
339 113 3
208 114 3
297 114 3
298 114 3
305 114 3
246 115 3
293 115 3
294 115 3
297 115 3
305 115 3
317 115 3
246 116 3
293 116 3
305 116 3
309 116 3
208 117 3
246 117 3
250 117 3
297 117 3
305 117 3
309 117 3
340 117 3
270 118 3
271 118 3
282 118 3
283 118 3
258 119 3
270 119 3
271 119 3
274 119 3
282 119 3
317 119 3
263 120 3
282 120 3
286 120 3
295 120 3
332 120 3
258 121 3
270 121 3
271 121 3
286 121 3
294 121 3
295 121 3
270 122 3
271 122 3
294 122 3
295 122 3
306 122 3
294 123 3
295 123 3
298 123 3
299 123 3
306 123 3
318 123 3
298 124 3
306 124 3
310 124 3
318 124 3
341 125 3
247 126 3
275 126 3
286 126 3
298 126 3
306 126 3
341 126 3
258 127 3
259 127 3
286 127 3
287 127 3
298 127 3
306 127 3
259 128 3
283 128 3
284 128 3
275 129 3
283 129 3
284 129 3
287 129 3
287 130 3
307 130 3
308 130 3
310 130 3
341 130 3
287 131 3
300 131 3
287 132 3
296 132 3
307 132 3
296 133 3
307 133 3
248 134 3
259 134 3
307 134 3
273 136 3
284 136 3
285 136 3
307 136 3
284 137 3
285 137 3
307 137 3
248 138 3
297 138 3
299 138 3
288 139 3
297 139 3
273 140 3
285 141 3
297 141 3
297 142 3
297 143 3
332 143 3
261 146 3
286 146 3
249 147 3
261 147 3
286 150 3
298 152 3
302 152 3
302 153 3
