204 5 0
140 6 0
115 7 0
184 8 0
272 8 0
339 8 0
193 9 0
236 9 0
321 9 0
200 10 0
236 10 0
287 10 0
212 11 0
224 11 0
236 11 0
248 11 0
175 12 0
224 12 0
236 12 0
248 12 0
252 12 0
272 12 0
310 12 0
321 12 0
328 12 0
49 13 0
136 13 0
149 13 0
161 13 0
162 13 0
175 13 0
179 13 0
186 13 0
199 13 0
217 13 0
224 13 0
236 13 0
237 13 0
248 13 0
249 13 0
252 13 0
294 13 0
306 13 0
321 13 0
332 13 0
10 14 0
15 14 0
96 14 0
110 14 0
136 14 0
141 14 0
149 14 0
162 14 0
187 14 0
188 14 0
199 14 0
204 14 0
212 14 0
217 14 0
240 14 0
248 14 0
252 14 0
260 14 0
264 14 0
276 14 0
288 14 0
295 14 0
332 14 0
343 14 0
10 15 0
30 15 0
68 15 0
96 15 0
110 15 0
123 15 0
124 15 0
136 15 0
137 15 0
149 15 0
162 15 0
175 15 0
198 15 0
200 15 0
212 15 0
225 15 0
237 15 0
241 15 0
248 15 0
249 15 0
252 15 0
260 15 0
295 15 0
299 15 0
317 15 0
318 15 0
9 16 0
10 16 0
11 16 0
25 16 0
54 16 0
58 16 0
68 16 0
96 16 0
110 16 0
122 16 0
123 16 0
136 16 0
137 16 0
149 16 0
162 16 0
175 16 0
199 16 0
204 16 0
212 16 0
213 16 0
229 16 0
237 16 0
240 16 0
248 16 0
249 16 0
252 16 0
260 16 0
271 16 0
9 17 0
10 17 0
25 17 0
37 17 0
54 17 0
96 17 0
109 17 0
110 17 0
123 17 0
136 17 0
137 17 0
149 17 0
162 17 0
213 17 0
229 17 0
237 17 0
248 17 0
260 17 0
272 17 0
294 17 0
295 17 0
329 17 0
10 18 0
25 18 0
54 18 0
109 18 0
137 18 0
162 18 0
175 18 0
249 18 0
284 18 0
295 18 0
10 19 0
25 19 0
110 19 0
149 19 0
162 19 0
163 19 0
175 19 0
237 19 0
249 19 0
253 19 0
261 19 0
288 19 0
295 19 0
299 19 0
36 20 0
38 20 0
110 20 0
123 20 0
124 20 0
149 20 0
162 20 0
163 20 0
188 20 0
241 20 0
249 20 0
261 20 0
307 20 0
318 20 0
37 21 0
64 21 0
123 21 0
149 21 0
150 21 0
213 21 0
225 21 0
241 21 0
249 21 0
284 21 0
311 21 0
322 21 0
9 22 0
136 22 0
137 22 0
162 22 0
261 22 0
273 22 0
50 23 0
137 23 0
162 23 0
249 23 0
273 23 0
285 23 0
296 23 0
137 24 0
149 24 0
225 24 0
237 24 0
238 24 0
262 24 0
285 24 0
319 24 0
9 25 0
137 25 0
149 25 0
225 25 0
238 25 0
262 25 0
149 26 0
175 26 0
176 26 0
218 26 0
225 26 0
238 26 0
150 27 0
254 27 0
285 27 0
242 28 0
250 28 0
285 28 0
286 28 0
296 28 0
297 28 0
63 29 0
137 29 0
238 29 0
250 29 0
262 29 0
286 32 0
286 33 0
217 34 0
309 34 0
251 35 0
263 35 0
309 35 0
320 35 0
287 36 0
290 36 0
291 36 0
332 36 0
231 37 0
244 37 0
251 37 0
265 37 0
267 37 0
287 37 0
290 37 0
291 37 0
321 37 0
323 37 0
324 37 0
244 38 0
251 38 0
255 38 0
265 38 0
287 38 0
290 38 0
291 38 0
321 38 0
324 38 0
325 38 0
256 39 0
265 39 0
287 39 0
291 39 0
318 39 0
321 39 0
325 39 0
287 40 0
291 40 0
311 40 0
320 40 0
321 40 0
325 40 0
337 40 0
338 40 0
341 40 0
254 41 0
258 41 0
286 41 0
287 41 0
291 41 0
300 41 0
321 41 0
325 41 0
338 41 0
232 42 0
242 42 0
243 42 0
244 42 0
253 42 0
254 42 0
258 42 0
260 42 0
261 42 0
265 42 0
266 42 0
287 42 0
291 42 0
321 42 0
325 42 0
338 42 0
242 43 0
243 43 0
244 43 0
248 43 0
252 43 0
253 43 0
254 43 0
258 43 0
260 43 0
261 43 0
263 43 0
264 43 0
265 43 0
266 43 0
267 43 0
268 43 0
287 43 0
288 43 0
291 43 0
292 43 0
321 43 0
326 43 0
335 43 0
338 43 0
222 44 0
239 44 0
242 44 0
243 44 0
244 44 0
245 44 0
249 44 0
252 44 0
253 44 0
258 44 0
259 44 0
260 44 0
261 44 0
263 44 0
265 44 0
267 44 0
268 44 0
270 44 0
287 44 0
288 44 0
292 44 0
321 44 0
338 44 0
222 45 0
236 45 0
239 45 0
243 45 0
244 45 0
245 45 0
253 45 0
254 45 0
259 45 0
287 45 0
288 45 0
292 45 0
321 45 0
322 45 0
325 45 0
326 45 0
338 45 0
339 45 0
343 45 0
235 46 0
239 46 0
240 46 0
242 46 0
243 46 0
244 46 0
250 46 0
252 46 0
253 46 0
259 46 0
266 46 0
267 46 0
270 46 0
288 46 0
292 46 0
321 46 0
322 46 0
325 46 0
326 46 0
338 46 0
339 46 0
343 46 0
239 47 0
240 47 0
242 47 0
243 47 0
244 47 0
245 47 0
246 47 0
252 47 0
253 47 0
258 47 0
260 47 0
261 47 0
263 47 0
265 47 0
266 47 0
267 47 0
287 47 0
288 47 0
292 47 0
300 47 0
301 47 0
321 47 0
322 47 0
325 47 0
338 47 0
343 47 0
221 48 0
239 48 0
240 48 0
241 48 0
242 48 0
243 48 0
244 48 0
245 48 0
246 48 0
252 48 0
253 48 0
254 48 0
263 48 0
264 48 0
265 48 0
266 48 0
267 48 0
288 48 0
292 48 0
321 48 0
322 48 0
325 48 0
326 48 0
336 48 0
337 48 0
222 49 0
239 49 0
241 49 0
243 49 0
245 49 0
246 49 0
248 49 0
253 49 0
254 49 0
263 49 0
264 49 0
265 49 0
266 49 0
267 49 0
276 49 0
288 49 0
291 49 0
292 49 0
302 49 0
322 49 0
326 49 0
333 49 0
339 49 0
242 50 0
243 50 0
245 50 0
246 50 0
253 50 0
254 50 0
263 50 0
264 50 0
266 50 0
267 50 0
269 50 0
276 50 0
280 50 0
288 50 0
292 50 0
299 50 0
322 50 0
326 50 0
339 50 0
241 51 0
242 51 0
250 51 0
252 51 0
253 51 0
265 51 0
266 51 0
269 51 0
276 51 0
280 51 0
288 51 0
299 51 0
300 51 0
311 51 0
322 51 0
340 51 0
228 52 0
240 52 0
241 52 0
267 52 0
268 52 0
269 52 0
276 52 0
288 52 0
299 52 0
311 52 0
315 52 0
322 52 0
333 52 0
340 52 0
228 53 0
229 53 0
240 53 0
241 53 0
267 53 0
269 53 0
288 53 0
299 53 0
300 53 0
311 53 0
315 53 0
326 53 0
340 53 0
228 54 0
233 54 0
236 54 0
240 54 0
241 54 0
269 54 0
299 54 0
300 54 0
303 54 0
315 54 0
326 54 0
340 54 0
341 54 0
228 55 0
240 55 0
241 55 0
269 55 0
289 55 0
300 55 0
311 55 0
323 55 0
326 55 0
340 55 0
341 55 0
236 56 0
241 56 0
268 56 0
277 56 0
281 56 0
289 56 0
311 56 0
323 56 0
341 56 0
342 56 0
229 57 0
241 57 0
268 57 0
277 57 0
280 57 0
281 57 0
323 57 0
331 57 0
332 57 0
341 57 0
229 58 0
241 58 0
243 58 0
258 58 0
259 58 0
267 58 0
268 58 0
277 58 0
280 58 0
323 58 0
332 58 0
337 58 0
338 58 0
341 58 0
229 59 0
246 59 0
247 59 0
250 59 0
251 59 0
252 59 0
257 59 0
258 59 0
259 59 0
260 59 0
267 59 0
268 59 0
277 59 0
280 59 0
289 59 0
293 59 0
300 59 0
311 59 0
323 59 0
332 59 0
337 59 0
338 59 0
9 60 0
229 60 0
242 60 0
243 60 0
246 60 0
250 60 0
251 60 0
252 60 0
253 60 0
257 60 0
258 60 0
259 60 0
260 60 0
267 60 0
268 60 0
277 60 0
280 60 0
281 60 0
289 60 0
290 60 0
293 60 0
300 60 0
301 60 0
304 60 0
311 60 0
315 60 0
323 60 0
332 60 0
338 60 0
241 61 0
242 61 0
250 61 0
252 61 0
253 61 0
257 61 0
258 61 0
259 61 0
260 61 0
267 61 0
270 61 0
289 61 0
290 61 0
293 61 0
298 61 0
300 61 0
301 61 0
311 61 0
312 61 0
315 61 0
332 61 0
341 61 0
342 61 0
229 62 0
240 62 0
241 62 0
242 62 0
250 62 0
253 62 0
254 62 0
256 62 0
257 62 0
259 62 0
260 62 0
266 62 0
267 62 0
268 62 0
269 62 0
298 62 0
300 62 0
312 62 0
315 62 0
326 62 0
332 62 0
342 62 0
229 63 0
240 63 0
241 63 0
242 63 0
250 63 0
253 63 0
254 63 0
256 63 0
257 63 0
259 63 0
260 63 0
261 63 0
266 63 0
267 63 0
268 63 0
269 63 0
272 63 0
301 63 0
305 63 0
312 63 0
315 63 0
326 63 0
338 63 0
342 63 0
229 64 0
241 64 0
242 64 0
249 64 0
250 64 0
254 64 0
255 64 0
256 64 0
258 64 0
259 64 0
260 64 0
261 64 0
266 64 0
267 64 0
268 64 0
269 64 0
270 64 0
277 64 0
290 64 0
291 64 0
301 64 0
305 64 0
311 64 0
312 64 0
326 64 0
333 64 0
334 64 0
336 64 0
338 64 0
241 65 0
242 65 0
249 65 0
250 65 0
251 65 0
252 65 0
253 65 0
254 65 0
255 65 0
256 65 0
257 65 0
258 65 0
259 65 0
260 65 0
261 65 0
265 65 0
266 65 0
273 65 0
290 65 0
293 65 0
294 65 0
301 65 0
306 65 0
312 65 0
324 65 0
326 65 0
338 65 0
242 66 0
249 66 0
250 66 0
251 66 0
252 66 0
253 66 0
257 66 0
258 66 0
259 66 0
261 66 0
265 66 0
281 66 0
290 66 0
294 66 0
301 66 0
305 66 0
312 66 0
323 66 0
324 66 0
326 66 0
335 66 0
343 66 0
235 67 0
241 67 0
242 67 0
243 67 0
249 67 0
250 67 0
251 67 0
252 67 0
253 67 0
254 67 0
256 67 0
257 67 0
259 67 0
260 67 0
261 67 0
262 67 0
265 67 0
267 67 0
278 67 0
281 67 0
290 67 0
294 67 0
301 67 0
312 67 0
323 67 0
326 67 0
242 68 0
243 68 0
249 68 0
250 68 0
251 68 0
253 68 0
254 68 0
256 68 0
257 68 0
259 68 0
260 68 0
262 68 0
265 68 0
266 68 0
267 68 0
269 68 0
271 68 0
281 68 0
313 68 0
246 69 0
256 69 0
257 69 0
259 69 0
266 69 0
267 69 0
281 69 0
313 69 0
317 69 0
328 69 0
266 70 0
267 70 0
313 70 0
317 70 0
267 71 0
270 71 0
313 71 0
270 72 0
313 72 0
314 72 0
329 75 0
325 76 0
340 76 0
92 82 0
92 83 0
93 83 0
94 84 0
95 84 0
38 85 0
94 85 0
95 85 0
96 85 0
338 85 0
96 86 0
97 86 0
338 86 0
98 87 0
99 87 0
338 87 0
99 88 0
100 88 0
16 89 0
18 89 0
19 89 0
99 89 0
100 89 0
14 90 0
99 90 0
100 90 0
9 91 0
99 91 0
100 91 0
6 92 0
7 92 0
99 92 0
100 92 0
5 93 0
100 93 0
101 93 0
99 94 0
100 94 0
99 95 0
100 95 0
7 96 0
98 96 0
99 96 0
100 96 0
11 97 0
98 97 0
99 97 0
100 97 0
99 98 0
100 98 0
94 99 0
95 99 0
99 99 0
100 99 0
94 100 0
95 100 0
96 100 0
97 100 0
100 100 0
101 100 0
95 101 0
96 101 0
97 101 0
100 101 0
101 101 0
102 101 0
340 101 0
93 102 0
97 102 0
98 102 0
100 102 0
101 102 0
102 102 0
21 103 0
30 103 0
94 103 0
98 103 0
99 103 0
100 103 0
101 103 0
102 103 0
103 103 0
19 104 0
28 104 0
29 104 0
30 104 0
94 104 0
95 104 0
99 104 0
100 104 0
101 104 0
102 104 0
103 104 0
104 104 0
29 105 0
94 105 0
95 105 0
96 105 0
99 105 0
100 105 0
101 105 0
102 105 0
103 105 0
104 105 0
105 105 0
24 106 0
28 106 0
29 106 0
100 106 0
101 106 0
102 106 0
103 106 0
104 106 0
105 106 0
24 107 0
27 107 0
28 107 0
101 107 0
102 107 0
103 107 0
104 107 0
23 108 0
27 108 0
28 108 0
341 108 0
26 109 0
27 109 0
25 110 0
26 110 0
25 111 0
26 111 0
24 112 0
341 115 0
33 116 0
115 116 0
343 124 0
344 129 0
196 208 0
190 210 0
190 211 0
201 211 0
190 212 0
201 212 0
190 213 0
190 214 0
2 215 0
3 215 0
55 215 0
190 215 0
3 216 0
54 217 0
190 217 0
2 218 0
190 218 0
2 219 0
2 220 0
53 220 0
202 220 0
2 222 0
2 223 0
52 223 0
191 223 0
2 224 0
52 224 0
191 224 0
2 225 0
51 225 0
2 226 0
51 226 0
2 227 0
29 227 0
51 227 0
191 227 0
2 228 0
29 228 0
30 228 0
29 229 0
50 229 0
191 229 0
270 229 0
29 230 0
50 230 0
191 230 0
28 231 0
29 231 0
50 231 0
205 231 0
2 232 0
28 232 0
29 232 0
49 232 0
50 232 0
192 232 0
28 233 0
29 233 0
49 233 0
50 233 0
185 233 0
192 233 0
198 233 0
27 234 0
28 234 0
49 234 0
164 234 0
178 234 0
185 234 0
198 234 0
27 235 0
28 235 0
150 235 0
164 235 0
185 235 0
27 236 0
28 236 0
47 236 0
48 236 0
2 237 0
27 237 0
28 237 0
48 237 0
151 237 0
205 237 0
27 238 0
28 238 0
26 239 0
27 239 0
28 239 0
47 239 0
26 240 0
27 240 0
28 240 0
47 240 0
204 240 0
2 241 0
26 241 0
27 241 0
47 241 0
204 241 0
25 242 0
26 242 0
27 242 0
25 243 0
26 243 0
27 243 0
46 243 0
2 244 0
25 244 0
26 244 0
45 244 0
46 244 0
3 245 0
22 245 0
23 245 0
25 245 0
26 245 0
24 246 0
25 246 0
46 246 0
2 247 0
21 247 0
25 247 0
45 247 0
46 247 0
3 248 0
21 248 0
25 248 0
44 248 0
45 248 0
21 249 0
22 249 0
24 249 0
24 250 0
25 250 0
43 250 0
21 251 0
25 251 0
42 251 0
43 251 0
4 252 0
21 252 0
42 252 0
21 253 0
22 253 0
40 253 0
42 253 0
40 254 0
41 254 0
42 254 0
4 255 0
4 256 0
5 256 0
20 256 0
21 256 0
24 257 0
166 45 1
165 50 1
152 53 1
179 56 1
153 57 1
179 57 1
153 58 1
179 58 1
153 59 1
153 62 1
174 62 1
166 64 1
167 64 1
166 65 1
167 65 1
153 66 1
166 66 1
167 66 1
141 68 1
141 69 1
167 69 1
180 69 1
141 70 1
180 70 1
180 71 1
154 72 1
180 72 1
141 73 1
174 73 1
178 73 1
180 73 1
141 74 1
161 74 1
180 74 1
141 75 1
180 75 1
141 76 1
154 76 1
174 76 1
141 77 1
154 78 1
167 78 1
168 78 1
154 79 1
167 79 1
168 79 1
141 80 1
148 80 1
154 80 1
168 80 1
167 81 1
168 81 1
154 82 1
155 82 1
163 82 1
167 82 1
168 82 1
154 83 1
155 85 1
167 85 1
181 85 1
142 86 1
162 86 1
163 86 1
167 86 1
168 86 1
181 86 1
142 87 1
148 87 1
149 87 1
162 87 1
163 87 1
167 87 1
181 87 1
128 88 1
149 88 1
181 88 1
155 89 1
181 89 1
142 90 1
155 90 1
167 90 1
155 91 1
168 91 1
174 91 1
181 91 1
168 92 1
176 92 1
181 92 1
155 93 1
162 93 1
142 94 1
155 94 1
156 94 1
162 94 1
168 94 1
142 95 1
143 95 1
155 95 1
156 95 1
168 95 1
169 95 1
129 96 1
136 96 1
149 96 1
155 96 1
156 96 1
168 96 1
169 96 1
175 96 1
182 96 1
129 97 1
143 97 1
155 97 1
156 97 1
164 97 1
168 97 1
169 97 1
176 97 1
182 97 1
156 98 1
168 98 1
169 98 1
182 98 1
142 99 1
143 99 1
156 99 1
168 99 1
169 99 1
182 99 1
195 99 1
143 100 1
155 100 1
156 100 1
168 100 1
169 100 1
182 100 1
195 100 1
156 101 1
164 101 1
182 101 1
195 101 1
143 102 1
168 102 1
175 102 1
143 103 1
156 103 1
164 103 1
143 104 1
156 104 1
188 104 1
189 104 1
129 105 1
130 105 1
143 105 1
176 105 1
188 105 1
195 105 1
143 106 1
163 106 1
177 106 1
188 106 1
143 107 1
170 107 1
175 107 1
208 107 1
143 108 1
170 108 1
175 108 1
190 108 1
156 109 1
169 109 1
170 109 1
177 109 1
130 110 1
163 110 1
170 110 1
175 110 1
177 110 1
183 110 1
163 111 1
170 111 1
177 111 1
183 111 1
196 111 1
157 112 1
163 112 1
170 112 1
183 112 1
196 112 1
202 112 1
157 113 1
164 113 1
170 113 1
181 113 1
183 113 1
196 113 1
157 114 1
169 114 1
170 114 1
183 114 1
196 114 1
144 115 1
157 115 1
183 115 1
196 115 1
157 116 1
169 116 1
183 116 1
196 116 1
203 116 1
144 117 1
157 117 1
165 117 1
170 117 1
176 117 1
183 117 1
194 117 1
203 117 1
144 118 1
151 118 1
157 118 1
169 118 1
176 118 1
130 119 1
157 119 1
169 119 1
178 119 1
189 119 1
190 119 1
176 120 1
183 120 1
203 120 1
144 121 1
157 121 1
184 121 1
189 121 1
190 121 1
144 122 1
152 122 1
184 122 1
189 122 1
190 122 1
150 123 1
151 123 1
165 123 1
171 123 1
184 123 1
190 123 1
197 123 1
165 124 1
171 124 1
184 124 1
197 124 1
157 125 1
158 125 1
165 125 1
170 125 1
171 125 1
182 125 1
184 125 1
157 126 1
158 126 1
165 126 1
170 126 1
171 126 1
177 126 1
184 126 1
197 126 1
210 126 1
145 127 1
157 127 1
158 127 1
170 127 1
171 127 1
177 127 1
178 127 1
184 127 1
197 127 1
145 128 1
158 128 1
170 128 1
177 128 1
184 128 1
197 128 1
145 129 1
158 129 1
170 129 1
171 129 1
184 129 1
197 129 1
145 130 1
158 130 1
170 130 1
171 130 1
184 130 1
197 130 1
204 130 1
210 130 1
145 131 1
158 131 1
197 131 1
210 131 1
158 132 1
210 132 1
131 133 1
145 133 1
153 133 1
170 133 1
178 133 1
195 133 1
197 133 1
145 134 1
177 134 1
178 134 1
198 134 1
145 135 1
166 135 1
172 135 1
191 135 1
198 135 1
145 136 1
166 136 1
172 136 1
178 136 1
185 136 1
191 136 1
198 136 1
145 137 1
158 137 1
172 137 1
178 137 1
179 137 1
185 137 1
191 137 1
192 137 1
197 137 1
198 137 1
204 137 1
158 138 1
172 138 1
178 138 1
179 138 1
185 138 1
198 138 1
165 139 1
166 139 1
172 139 1
185 139 1
191 139 1
198 139 1
145 140 1
172 140 1
178 140 1
185 140 1
192 140 1
198 140 1
171 141 1
172 141 1
178 141 1
185 141 1
198 141 1
146 142 1
159 142 1
172 142 1
185 142 1
191 142 1
198 142 1
205 142 1
208 142 1
146 143 1
159 143 1
165 143 1
166 143 1
179 143 1
185 143 1
192 143 1
198 143 1
208 143 1
145 144 1
146 144 1
159 144 1
167 144 1
171 144 1
185 144 1
191 144 1
198 144 1
205 144 1
146 145 1
159 145 1
171 145 1
178 145 1
205 145 1
208 145 1
146 146 1
159 146 1
166 146 1
171 146 1
205 146 1
216 146 1
146 147 1
159 147 1
167 147 1
172 147 1
185 147 1
192 147 1
198 147 1
139 148 1
146 148 1
159 148 1
171 148 1
186 148 1
191 148 1
212 148 1
146 149 1
159 149 1
167 149 1
184 149 1
186 149 1
199 149 1
212 149 1
131 150 1
146 150 1
152 150 1
159 150 1
166 150 1
184 150 1
186 150 1
191 150 1
192 150 1
199 150 1
146 151 1
166 151 1
167 151 1
173 151 1
186 151 1
205 151 1
173 152 1
186 152 1
212 152 1
159 153 1
173 153 1
186 153 1
199 153 1
205 153 1
159 154 1
167 154 1
173 154 1
186 154 1
193 154 1
199 154 1
204 154 1
212 154 1
159 155 1
160 155 1
173 155 1
192 155 1
193 155 1
199 155 1
206 155 1
212 155 1
153 156 1
159 156 1
160 156 1
172 156 1
173 156 1
179 156 1
193 156 1
199 156 1
204 156 1
206 156 1
209 156 1
153 157 1
160 157 1
172 157 1
173 157 1
179 157 1
192 157 1
193 157 1
197 157 1
199 157 1
206 157 1
209 157 1
159 158 1
160 158 1
173 158 1
179 158 1
192 158 1
193 158 1
209 158 1
160 159 1
173 159 1
179 159 1
180 159 1
193 159 1
133 160 1
160 160 1
179 160 1
197 160 1
209 160 1
132 161 1
133 161 1
147 161 1
160 161 1
167 161 1
197 161 1
200 161 1
147 162 1
160 162 1
167 162 1
147 163 1
167 163 1
174 163 1
179 163 1
187 163 1
200 163 1
147 164 1
174 164 1
179 164 1
187 164 1
194 164 1
200 164 1
206 164 1
147 165 1
155 165 1
174 165 1
179 165 1
180 165 1
187 165 1
200 165 1
147 166 1
160 166 1
166 166 1
174 166 1
181 166 1
187 166 1
200 166 1
160 167 1
174 167 1
180 167 1
187 167 1
194 167 1
160 168 1
168 168 1
174 168 1
180 168 1
187 168 1
194 168 1
200 168 1
140 169 1
174 169 1
180 169 1
185 169 1
187 169 1
210 169 1
134 170 1
147 170 1
161 170 1
167 170 1
174 170 1
180 170 1
187 170 1
207 170 1
147 171 1
160 171 1
161 171 1
173 171 1
174 171 1
180 171 1
187 171 1
194 171 1
200 171 1
210 171 1
161 172 1
180 172 1
198 172 1
207 172 1
141 173 1
148 173 1
161 173 1
180 173 1
207 173 1
148 174 1
160 174 1
188 174 1
147 175 1
148 175 1
161 175 1
188 175 1
147 176 1
148 176 1
161 176 1
182 176 1
188 176 1
193 176 1
194 176 1
214 176 1
133 177 1
148 177 1
161 177 1
168 177 1
181 177 1
182 177 1
188 177 1
193 177 1
168 178 1
175 178 1
188 178 1
193 178 1
201 178 1
207 178 1
174 179 1
175 179 1
188 179 1
201 179 1
169 180 1
175 180 1
188 180 1
195 180 1
201 180 1
208 180 1
169 181 1
175 181 1
181 181 1
182 181 1
201 181 1
162 182 1
175 182 1
182 182 1
195 182 1
201 182 1
202 182 1
148 183 1
161 183 1
162 183 1
175 183 1
182 183 1
195 183 1
201 183 1
208 183 1
156 184 1
161 184 1
162 184 1
168 184 1
174 184 1
175 184 1
211 184 1
162 185 1
175 185 1
181 185 1
208 185 1
162 186 1
169 186 1
174 186 1
175 186 1
181 186 1
208 186 1
161 187 1
162 187 1
195 187 1
202 187 1
161 188 1
162 188 1
168 188 1
174 188 1
181 188 1
182 188 1
195 188 1
202 188 1
134 189 1
135 189 1
149 189 1
162 189 1
181 189 1
202 189 1
148 190 1
149 190 1
176 190 1
189 190 1
202 190 1
149 191 1
176 191 1
181 191 1
182 191 1
189 191 1
202 191 1
203 191 1
149 192 1
162 192 1
176 192 1
189 192 1
202 192 1
203 192 1
148 193 1
149 193 1
176 193 1
189 193 1
203 193 1
176 194 1
189 194 1
202 194 1
170 195 1
176 195 1
189 195 1
200 195 1
176 196 1
189 196 1
176 197 1
200 197 1
189 198 1
163 199 1
175 199 1
200 199 1
135 200 1
136 200 1
162 200 1
163 200 1
189 200 1
209 200 1
210 200 1
135 201 1
136 201 1
149 201 1
150 201 1
163 201 1
175 201 1
182 201 1
190 201 1
135 202 1
149 202 1
150 202 1
163 202 1
175 202 1
184 202 1
190 202 1
149 203 1
150 203 1
163 203 1
183 203 1
188 203 1
190 203 1
203 203 1
182 204 1
188 204 1
190 204 1
195 204 1
203 204 1
195 205 1
203 205 1
210 205 1
149 206 1
177 206 1
190 206 1
195 206 1
203 206 1
204 206 1
210 206 1
176 207 1
177 207 1
190 207 1
195 207 1
196 207 1
177 208 1
189 208 1
190 208 1
191 208 1
196 208 1
177 209 1
190 209 1
196 209 1
197 209 1
163 210 1
177 210 1
210 210 1
164 211 1
177 211 1
197 211 1
204 211 1
164 212 1
177 212 1
184 212 1
163 213 1
164 213 1
177 213 1
211 213 1
163 214 1
164 214 1
204 214 1
209 214 1
211 214 1
136 215 1
164 215 1
176 215 1
191 215 1
202 216 1
170 217 1
178 217 1
191 217 1
178 218 1
150 219 1
178 219 1
204 219 1
205 219 1
150 220 1
178 220 1
211 220 1
178 221 1
172 222 1
178 222 1
191 222 1
205 222 1
172 223 1
178 223 1
205 223 1
137 224 1
178 224 1
205 224 1
137 225 1
177 225 1
184 227 1
192 228 1
203 229 1
151 230 1
177 231 1
192 231 1
179 232 1
179 233 1
179 235 1
192 235 1
206 239 1
166 240 1
180 244 1
76 65 2
77 65 2
72 66 2
76 66 2
77 66 2
79 66 2
80 66 2
81 66 2
81 67 2
82 67 2
83 67 2
59 68 2
60 68 2
81 68 2
82 68 2
83 68 2
58 69 2
59 69 2
60 69 2
82 69 2
83 69 2
84 69 2
85 69 2
56 70 2
57 70 2
58 70 2
84 70 2
85 70 2
86 70 2
55 71 2
56 71 2
85 71 2
86 71 2
87 71 2
55 72 2
86 72 2
87 72 2
88 72 2
54 73 2
55 73 2
87 73 2
88 73 2
89 73 2
53 74 2
54 74 2
88 74 2
89 74 2
53 75 2
89 75 2
90 75 2
51 76 2
52 76 2
53 76 2
89 76 2
90 76 2
51 77 2
52 77 2
53 77 2
90 77 2
91 77 2
51 78 2
52 78 2
53 78 2
90 78 2
91 78 2
92 78 2
52 79 2
53 79 2
91 79 2
92 79 2
52 80 2
53 80 2
54 80 2
91 80 2
92 80 2
52 81 2
53 81 2
54 81 2
92 81 2
52 82 2
53 82 2
54 82 2
55 82 2
56 82 2
92 82 2
54 83 2
55 83 2
56 83 2
57 83 2
58 83 2
62 83 2
63 83 2
92 83 2
56 84 2
57 84 2
58 84 2
57 85 2
58 85 2
57 86 2
59 86 2
60 86 2
59 87 2
60 87 2
61 87 2
63 87 2
65 87 2
93 87 2
61 88 2
62 88 2
63 88 2
93 88 2
61 89 2
62 89 2
63 89 2
93 89 2
62 90 2
63 90 2
62 91 2
63 91 2
64 91 2
62 92 2
63 92 2
64 92 2
63 93 2
64 93 2
99 93 2
62 94 2
63 94 2
94 94 2
98 94 2
63 95 2
94 95 2
95 95 2
96 95 2
97 95 2
98 95 2
99 95 2
64 96 2
94 96 2
96 96 2
98 96 2
63 97 2
94 97 2
95 97 2
96 97 2
97 97 2
94 98 2
95 98 2
94 99 2
95 99 2
95 100 2
61 101 2
63 101 2
94 101 2
61 102 2
62 102 2
94 102 2
95 102 2
61 103 2
95 103 2
61 104 2
95 104 2
61 105 2
95 105 2
96 105 2
60 106 2
61 106 2
95 106 2
60 107 2
61 107 2
95 107 2
96 107 2
95 108 2
59 109 2
67 109 2
95 109 2
74 110 2
82 110 2
70 111 2
73 111 2
82 111 2
69 112 2
70 112 2
75 112 2
96 112 2
69 113 2
70 113 2
71 113 2
72 113 2
76 113 2
70 114 2
71 114 2
72 114 2
73 114 2
76 114 2
77 114 2
71 115 2
72 115 2
73 115 2
76 115 2
77 115 2
83 115 2
98 115 2
72 116 2
73 116 2
74 116 2
76 116 2
77 116 2
78 116 2
83 116 2
96 116 2
72 117 2
73 117 2
74 117 2
75 117 2
76 117 2
77 117 2
78 117 2
96 117 2
97 117 2
98 117 2
74 118 2
75 118 2
78 118 2
79 118 2
97 118 2
73 119 2
74 119 2
75 119 2
78 119 2
79 119 2
97 119 2
74 120 2
75 120 2
76 120 2
79 120 2
97 120 2
76 121 2
79 121 2
80 121 2
97 121 2
52 122 2
75 122 2
76 122 2
79 122 2
80 122 2
97 122 2
52 123 2
75 123 2
76 123 2
77 123 2
80 123 2
97 123 2
76 124 2
77 124 2
80 124 2
81 124 2
97 124 2
52 125 2
76 125 2
77 125 2
80 125 2
81 125 2
97 125 2
52 126 2
78 126 2
80 126 2
81 126 2
97 126 2
98 126 2
78 127 2
81 127 2
97 127 2
81 128 2
82 128 2
97 128 2
98 128 2
50 129 2
81 129 2
82 129 2
98 129 2
50 130 2
81 130 2
82 130 2
98 130 2
81 131 2
82 131 2
98 131 2
81 132 2
98 132 2
99 132 2
50 133 2
81 133 2
82 133 2
99 133 2
81 134 2
82 134 2
81 135 2
82 135 2
98 135 2
52 136 2
81 136 2
82 136 2
81 137 2
82 137 2
100 137 2
82 138 2
81 139 2
82 139 2
101 139 2
119 139 2
80 140 2
82 140 2
83 140 2
101 140 2
81 141 2
82 141 2
83 141 2
120 141 2
81 142 2
82 142 2
83 142 2
120 142 2
82 143 2
121 143 2
81 144 2
82 144 2
81 145 2
82 145 2
122 145 2
81 146 2
122 146 2
81 147 2
80 148 2
124 148 2
125 150 2
79 151 2
125 151 2
77 152 2
79 152 2
81 152 2
126 152 2
126 153 2
78 154 2
127 154 2
127 155 2
80 156 2
92 156 2
127 156 2
128 156 2
77 157 2
128 157 2
77 158 2
90 158 2
129 158 2
90 159 2
129 159 2
130 159 2
129 160 2
130 160 2
77 161 2
130 161 2
77 162 2
88 162 2
130 162 2
88 163 2
131 163 2
85 164 2
87 164 2
88 164 2
91 164 2
87 165 2
132 165 2
133 166 2
85 167 2
133 167 2
85 168 2
133 168 2
85 169 2
134 169 2
85 170 2
134 170 2
85 171 2
85 172 2
92 172 2
93 172 2
135 172 2
94 173 2
135 173 2
136 173 2
93 174 2
94 174 2
93 175 2
94 175 2
127 175 2
93 176 2
94 176 2
92 177 2
93 177 2
93 178 2
131 178 2
92 179 2
131 179 2
92 180 2
91 181 2
92 181 2
91 182 2
91 183 2
91 184 2
90 185 2
91 185 2
90 186 2
91 186 2
90 187 2
91 187 2
90 188 2
91 188 2
90 189 2
91 189 2
90 190 2
91 190 2
90 191 2
91 191 2
90 192 2
91 192 2
89 193 2
90 193 2
89 194 2
90 194 2
14 195 2
89 195 2
90 195 2
91 195 2
14 196 2
87 196 2
90 196 2
91 196 2
13 197 2
14 197 2
91 197 2
92 197 2
13 198 2
14 198 2
92 198 2
13 199 2
14 199 2
92 199 2
93 199 2
13 200 2
93 200 2
13 201 2
13 202 2
73 203 2
13 204 2
102 205 2
102 206 2
96 207 2
102 207 2
97 208 2
102 208 2
105 209 2
108 211 2
110 211 2
98 212 2
99 212 2
110 212 2
98 213 2
99 213 2
110 213 2
98 214 2
99 214 2
110 214 2
111 214 2
99 215 2
110 215 2
99 216 2
110 216 2
99 217 2
109 217 2
110 217 2
99 218 2
109 218 2
99 219 2
109 219 2
99 220 2
108 220 2
109 220 2
99 221 2
108 221 2
109 221 2
98 222 2
99 222 2
108 222 2
109 222 2
108 223 2
98 224 2
99 224 2
107 224 2
108 224 2
98 225 2
99 225 2
107 225 2
108 225 2
98 226 2
107 226 2
98 227 2
106 227 2
107 227 2
98 228 2
106 228 2
98 229 2
106 229 2
98 230 2
106 230 2
105 231 2
106 231 2
96 232 2
97 232 2
105 232 2
96 233 2
105 233 2
96 234 2
101 234 2
96 235 2
100 235 2
101 235 2
102 235 2
191 38 3
203 38 3
203 39 3
200 41 3
203 41 3
179 47 3
192 48 3
192 49 3
204 49 3
217 49 3
198 50 3
204 50 3
204 51 3
191 52 3
197 52 3
193 55 3
211 55 3
193 56 3
210 56 3
217 56 3
218 56 3
205 57 3
193 58 3
202 58 3
205 58 3
218 58 3
193 59 3
205 59 3
192 60 3
193 60 3
211 61 3
198 62 3
211 62 3
198 63 3
211 63 3
218 66 3
219 66 3
217 67 3
206 68 3
194 69 3
206 69 3
193 70 3
199 70 3
206 70 3
193 71 3
206 71 3
193 72 3
194 72 3
212 72 3
193 73 3
212 73 3
219 73 3
193 74 3
212 74 3
219 74 3
220 74 3
217 75 3
207 76 3
215 76 3
223 76 3
206 77 3
207 77 3
194 78 3
195 78 3
207 78 3
213 78 3
194 79 3
213 79 3
268 79 3
194 80 3
204 80 3
213 80 3
232 80 3
280 80 3
194 81 3
280 81 3
284 81 3
194 82 3
268 82 3
292 82 3
304 82 3
194 83 3
212 83 3
244 83 3
245 83 3
260 83 3
296 83 3
304 83 3
220 84 3
221 84 3
292 84 3
296 84 3
216 85 3
220 85 3
225 85 3
303 85 3
201 86 3
256 86 3
257 86 3
269 86 3
281 86 3
201 87 3
208 87 3
249 87 3
257 87 3
269 87 3
281 87 3
304 87 3
207 88 3
208 88 3
232 88 3
233 88 3
244 88 3
281 88 3
225 89 3
233 89 3
261 89 3
269 89 3
293 89 3
195 90 3
213 90 3
237 90 3
195 91 3
221 91 3
285 91 3
293 91 3
304 91 3
316 91 3
319 91 3
195 92 3
221 92 3
245 92 3
246 92 3
285 92 3
293 92 3
297 92 3
305 92 3
308 92 3
245 93 3
246 93 3
257 93 3
258 93 3
273 93 3
308 93 3
316 93 3
193 94 3
208 94 3
209 94 3
257 94 3
258 94 3
274 94 3
308 94 3
316 94 3
317 94 3
208 95 3
209 95 3
233 95 3
234 95 3
257 95 3
258 95 3
270 95 3
281 95 3
282 95 3
297 95 3
208 96 3
209 96 3
233 96 3
234 96 3
250 96 3
257 96 3
258 96 3
262 96 3
270 96 3
282 96 3
286 96 3
305 96 3
270 97 3
282 97 3
285 97 3
286 97 3
305 97 3
196 98 3
208 98 3
209 98 3
270 98 3
282 98 3
286 98 3
298 98 3
305 98 3
196 99 3
246 99 3
294 99 3
298 99 3
305 99 3
306 99 3
317 99 3
222 100 3
246 100 3
247 100 3
262 100 3
294 100 3
305 100 3
306 100 3
309 100 3
317 100 3
222 101 3
246 101 3
247 101 3
251 101 3
294 101 3
298 101 3
306 101 3
309 101 3
318 101 3
270 102 3
271 102 3
282 102 3
283 102 3
298 102 3
306 102 3
258 103 3
259 103 3
270 103 3
271 103 3
282 103 3
283 103 3
298 103 3
318 103 3
258 104 3
259 104 3
263 104 3
271 104 3
272 104 3
275 104 3
283 104 3
234 105 3
235 105 3
246 105 3
251 105 3
263 105 3
271 105 3
283 105 3
286 105 3
295 105 3
251 106 3
263 106 3
271 106 3
283 106 3
295 106 3
259 107 3
271 107 3
283 107 3
295 107 3
306 107 3
318 107 3
298 108 3
299 108 3
306 108 3
307 108 3
310 108 3
318 108 3
319 108 3
321 108 3
322 108 3
223 109 3
247 109 3
248 109 3
295 109 3
299 109 3
307 109 3
310 109 3
311 109 3
319 109 3
223 110 3
247 110 3
248 110 3
252 110 3
275 110 3
276 110 3
287 110 3
311 110 3
247 111 3
259 111 3
260 111 3
264 111 3
275 111 3
276 111 3
284 111 3
286 111 3
299 111 3
236 112 3
259 112 3
264 112 3
272 112 3
283 112 3
284 112 3
288 112 3
319 112 3
235 113 3
236 113 3
264 113 3
272 113 3
283 113 3
284 113 3
287 113 3
288 113 3
319 113 3
272 114 3
284 114 3
287 114 3
307 114 3
308 114 3
310 114 3
296 115 3
300 115 3
307 115 3
308 115 3
310 115 3
248 116 3
249 116 3
296 116 3
300 116 3
308 116 3
248 117 3
296 117 3
307 117 3
308 117 3
248 118 3
285 118 3
307 118 3
308 118 3
248 119 3
273 119 3
285 119 3
300 119 3
260 120 3
273 120 3
285 120 3
289 120 3
260 121 3
273 121 3
284 121 3
285 121 3
297 122 3
288 123 3
289 123 3
297 123 3
298 123 3
265 124 3
273 124 3
288 124 3
297 124 3
308 124 3
309 124 3
321 124 3
301 125 3
309 125 3
313 125 3
321 125 3
249 126 3
297 126 3
301 126 3
313 126 3
249 127 3
297 127 3
286 128 3
309 128 3
286 129 3
261 130 3
274 130 3
277 130 3
286 130 3
249 131 3
261 131 3
310 131 3
310 132 3
298 133 3
302 133 3
310 133 3
286 134 3
298 134 3
310 134 3
310 135 3
287 136 3
298 136 3
302 136 3
287 137 3
302 137 3
287 138 3
302 138 3
275 139 3
287 139 3
302 139 3
275 140 3
287 140 3
299 140 3
300 140 3
302 140 3
287 141 3
299 141 3
275 143 3
287 143 3
291 143 3
292 146 3
288 148 3
280 149 3
288 149 3
289 155 3
289 156 3
