314 7 0
303 8 0
337 8 0
299 9 0
216 11 0
240 11 0
245 11 0
253 11 0
257 11 0
269 11 0
280 11 0
288 11 0
299 11 0
166 12 0
228 12 0
241 12 0
253 12 0
257 12 0
261 12 0
265 12 0
269 12 0
334 12 0
178 13 0
214 13 0
228 13 0
241 13 0
245 13 0
257 13 0
265 13 0
269 13 0
277 13 0
280 13 0
166 14 0
220 14 0
241 14 0
245 14 0
253 14 0
257 14 0
265 14 0
277 14 0
289 14 0
293 14 0
178 15 0
205 15 0
208 15 0
221 15 0
233 15 0
241 15 0
245 15 0
253 15 0
257 15 0
265 15 0
277 15 0
281 15 0
289 15 0
293 15 0
300 15 0
323 15 0
152 16 0
166 16 0
179 16 0
196 16 0
217 16 0
221 16 0
233 16 0
241 16 0
245 16 0
253 16 0
277 16 0
281 16 0
289 16 0
127 17 0
140 17 0
153 17 0
196 17 0
204 17 0
217 17 0
221 17 0
233 17 0
241 17 0
253 17 0
277 17 0
304 17 0
312 17 0
43 18 0
73 18 0
140 18 0
166 18 0
217 18 0
221 18 0
229 18 0
245 18 0
300 18 0
312 18 0
43 19 0
100 19 0
140 19 0
242 19 0
245 19 0
289 19 0
338 19 0
29 20 0
153 20 0
189 20 0
153 21 0
266 21 0
316 21 0
15 22 0
29 22 0
81 22 0
153 22 0
166 22 0
242 22 0
266 22 0
282 22 0
301 22 0
29 23 0
153 23 0
234 23 0
242 23 0
266 23 0
301 23 0
166 24 0
266 24 0
290 24 0
294 24 0
313 24 0
317 24 0
324 24 0
242 25 0
246 25 0
290 25 0
317 25 0
254 26 0
266 26 0
317 26 0
302 27 0
325 27 0
267 28 0
282 28 0
302 28 0
267 29 0
291 29 0
302 29 0
279 32 0
259 34 0
279 34 0
291 34 0
219 35 0
291 36 0
304 36 0
315 36 0
326 36 0
338 36 0
292 37 0
326 37 0
330 37 0
255 38 0
256 38 0
270 38 0
292 38 0
296 38 0
326 38 0
330 38 0
343 38 0
255 39 0
269 39 0
270 39 0
292 39 0
296 39 0
297 39 0
324 39 0
326 39 0
331 39 0
343 39 0
257 40 0
292 40 0
296 40 0
326 40 0
327 40 0
343 40 0
344 40 0
226 41 0
255 41 0
256 41 0
257 41 0
263 41 0
281 41 0
292 41 0
296 41 0
297 41 0
326 41 0
327 41 0
331 41 0
344 41 0
224 42 0
249 42 0
255 42 0
258 42 0
259 42 0
263 42 0
265 42 0
268 42 0
270 42 0
272 42 0
292 42 0
293 42 0
296 42 0
326 42 0
327 42 0
331 42 0
344 42 0
223 43 0
238 43 0
239 43 0
242 43 0
244 43 0
247 43 0
248 43 0
249 43 0
254 43 0
257 43 0
258 43 0
263 43 0
265 43 0
266 43 0
268 43 0
269 43 0
270 43 0
271 43 0
272 43 0
273 43 0
293 43 0
297 43 0
327 43 0
331 43 0
344 43 0
242 44 0
243 44 0
245 44 0
246 44 0
249 44 0
250 44 0
251 44 0
252 44 0
254 44 0
257 44 0
258 44 0
259 44 0
263 44 0
264 44 0
265 44 0
268 44 0
270 44 0
271 44 0
292 44 0
293 44 0
297 44 0
327 44 0
331 44 0
242 45 0
243 45 0
248 45 0
258 45 0
259 45 0
263 45 0
264 45 0
292 45 0
293 45 0
297 45 0
327 45 0
331 45 0
242 46 0
243 46 0
247 46 0
248 46 0
257 46 0
258 46 0
263 46 0
264 46 0
268 46 0
293 46 0
297 46 0
327 46 0
331 46 0
332 46 0
239 47 0
242 47 0
243 47 0
247 47 0
248 47 0
250 47 0
253 47 0
256 47 0
257 47 0
264 47 0
268 47 0
270 47 0
271 47 0
273 47 0
293 47 0
297 47 0
298 47 0
306 47 0
328 47 0
332 47 0
340 47 0
243 48 0
244 48 0
246 48 0
247 48 0
248 48 0
250 48 0
251 48 0
256 48 0
257 48 0
268 48 0
270 48 0
271 48 0
293 48 0
297 48 0
328 48 0
332 48 0
244 49 0
246 49 0
247 49 0
248 49 0
250 49 0
251 49 0
252 49 0
253 49 0
256 49 0
258 49 0
259 49 0
268 49 0
270 49 0
271 49 0
297 49 0
321 49 0
328 49 0
332 49 0
247 50 0
250 50 0
251 50 0
252 50 0
258 50 0
268 50 0
269 50 0
271 50 0
293 50 0
297 50 0
298 50 0
305 50 0
309 50 0
321 50 0
328 50 0
332 50 0
245 51 0
246 51 0
247 51 0
250 51 0
251 51 0
257 51 0
258 51 0
270 51 0
293 51 0
294 51 0
297 51 0
298 51 0
305 51 0
309 51 0
328 51 0
244 52 0
245 52 0
274 52 0
293 52 0
294 52 0
305 52 0
321 52 0
332 52 0
244 53 0
245 53 0
272 53 0
285 53 0
305 53 0
244 54 0
245 54 0
294 54 0
305 54 0
245 55 0
282 55 0
305 55 0
317 55 0
329 55 0
244 56 0
245 56 0
282 56 0
286 56 0
294 56 0
317 56 0
318 56 0
329 56 0
337 56 0
338 56 0
237 57 0
245 57 0
246 57 0
294 57 0
329 57 0
331 57 0
338 57 0
233 58 0
245 58 0
246 58 0
250 58 0
251 58 0
256 58 0
257 58 0
263 58 0
264 58 0
273 58 0
282 58 0
285 58 0
317 58 0
329 58 0
331 58 0
338 58 0
343 58 0
233 59 0
250 59 0
251 59 0
255 59 0
256 59 0
257 59 0
262 59 0
263 59 0
264 59 0
265 59 0
272 59 0
273 59 0
282 59 0
285 59 0
306 59 0
317 59 0
329 59 0
338 59 0
344 59 0
246 60 0
247 60 0
251 60 0
255 60 0
256 60 0
257 60 0
258 60 0
262 60 0
263 60 0
264 60 0
265 60 0
272 60 0
286 60 0
295 60 0
306 60 0
321 60 0
329 60 0
338 60 0
342 60 0
246 61 0
247 61 0
255 61 0
257 61 0
258 61 0
262 61 0
264 61 0
265 61 0
272 61 0
285 61 0
295 61 0
306 61 0
310 61 0
321 61 0
329 61 0
338 61 0
245 62 0
246 62 0
247 62 0
255 62 0
257 62 0
258 62 0
259 62 0
261 62 0
262 62 0
264 62 0
265 62 0
271 62 0
272 62 0
286 62 0
295 62 0
306 62 0
317 62 0
321 62 0
339 62 0
246 63 0
247 63 0
254 63 0
255 63 0
258 63 0
259 63 0
261 63 0
262 63 0
264 63 0
265 63 0
266 63 0
271 63 0
273 63 0
275 63 0
283 63 0
286 63 0
306 63 0
311 63 0
318 63 0
339 63 0
246 64 0
247 64 0
254 64 0
255 64 0
258 64 0
259 64 0
260 64 0
261 64 0
264 64 0
265 64 0
266 64 0
271 64 0
273 64 0
275 64 0
286 64 0
306 64 0
318 64 0
332 64 0
234 65 0
244 65 0
246 65 0
247 65 0
254 65 0
255 65 0
257 65 0
258 65 0
259 65 0
260 65 0
261 65 0
262 65 0
263 65 0
264 65 0
265 65 0
266 65 0
270 65 0
271 65 0
278 65 0
286 65 0
295 65 0
296 65 0
299 65 0
306 65 0
307 65 0
318 65 0
332 65 0
245 66 0
246 66 0
247 66 0
254 66 0
255 66 0
256 66 0
257 66 0
258 66 0
259 66 0
260 66 0
262 66 0
263 66 0
264 66 0
265 66 0
266 66 0
270 66 0
271 66 0
306 66 0
307 66 0
310 66 0
318 66 0
246 67 0
247 67 0
254 67 0
255 67 0
256 67 0
258 67 0
259 67 0
261 67 0
262 67 0
264 67 0
265 67 0
266 67 0
267 67 0
270 67 0
271 67 0
272 67 0
286 67 0
307 67 0
318 67 0
322 67 0
234 68 0
246 68 0
247 68 0
248 68 0
254 68 0
256 68 0
258 68 0
259 68 0
261 68 0
262 68 0
266 68 0
267 68 0
271 68 0
272 68 0
323 68 0
214 69 0
234 69 0
247 69 0
248 69 0
261 69 0
271 69 0
272 69 0
323 69 0
261 70 0
239 71 0
296 71 0
300 71 0
307 71 0
311 71 0
319 71 0
296 72 0
300 72 0
307 72 0
311 72 0
319 72 0
276 73 0
284 73 0
300 73 0
307 73 0
308 73 0
311 73 0
320 73 0
272 74 0
284 74 0
308 74 0
300 75 0
308 75 0
239 76 0
308 76 0
320 76 0
343 76 0
260 77 0
272 77 0
284 77 0
296 77 0
300 77 0
308 77 0
320 77 0
323 77 0
248 78 0
260 78 0
272 78 0
308 78 0
320 78 0
248 79 0
260 79 0
264 79 0
272 79 0
273 79 0
276 79 0
284 79 0
297 79 0
308 79 0
320 79 0
260 80 0
264 80 0
273 80 0
284 80 0
285 80 0
296 80 0
297 80 0
308 80 0
312 80 0
320 80 0
324 80 0
248 81 0
260 81 0
273 81 0
285 81 0
308 81 0
312 81 0
320 81 0
332 81 0
236 82 0
248 82 0
260 82 0
273 82 0
276 82 0
285 82 0
320 82 0
332 82 0
236 83 0
260 83 0
261 83 0
273 83 0
285 83 0
297 83 0
309 83 0
320 83 0
321 83 0
223 84 0
260 84 0
261 84 0
265 84 0
273 84 0
277 84 0
285 84 0
297 84 0
301 84 0
309 84 0
320 84 0
321 84 0
223 85 0
236 85 0
260 85 0
261 85 0
273 85 0
289 85 0
297 85 0
301 85 0
321 85 0
253 86 0
273 86 0
285 86 0
289 86 0
301 86 0
309 86 0
321 86 0
224 87 0
249 87 0
253 87 0
273 87 0
285 87 0
309 87 0
313 87 0
321 87 0
261 88 0
273 88 0
274 88 0
277 88 0
285 88 0
286 88 0
309 88 0
313 88 0
321 88 0
333 88 0
261 89 0
274 89 0
286 89 0
298 89 0
253 90 0
261 90 0
274 90 0
286 90 0
298 90 0
313 90 0
322 90 0
249 91 0
261 91 0
274 91 0
286 91 0
298 91 0
322 91 0
274 92 0
298 92 0
310 92 0
322 92 0
325 92 0
261 93 0
274 93 0
286 93 0
290 93 0
298 93 0
310 93 0
322 93 0
262 94 0
274 94 0
286 94 0
298 94 0
322 94 0
325 94 0
274 95 0
290 95 0
310 95 0
314 95 0
322 95 0
286 96 0
287 96 0
299 96 0
250 97 0
275 97 0
287 97 0
299 97 0
250 98 0
287 98 0
299 98 0
323 98 0
254 99 0
266 99 0
287 99 0
299 99 0
303 99 0
250 100 0
254 100 0
278 100 0
287 100 0
299 100 0
323 100 0
275 101 0
287 101 0
299 101 0
311 101 0
275 102 0
287 102 0
291 102 0
299 102 0
303 102 0
311 102 0
323 102 0
275 103 0
287 103 0
311 103 0
315 103 0
311 104 0
263 105 0
311 105 0
263 106 0
300 106 0
311 106 0
312 106 0
263 107 0
300 107 0
312 107 0
263 109 0
300 109 0
304 109 0
312 109 0
324 109 0
276 110 0
288 110 0
300 110 0
304 110 0
312 110 0
324 110 0
276 111 0
312 111 0
276 112 0
289 112 0
292 112 0
264 113 0
292 113 0
301 114 0
313 114 0
289 115 0
292 115 0
301 115 0
264 116 0
289 116 0
289 117 0
301 117 0
313 118 0
301 120 0
302 122 0
290 123 0
290 124 0
278 125 0
282 125 0
290 128 0
290 129 0
303 130 0
294 131 0
294 132 0
303 135 0
294 136 0
292 137 0
292 140 0
327 225 0
170 45 1
157 51 1
157 54 1
183 54 1
157 56 1
157 57 1
176 57 1
171 58 1
170 59 1
171 59 1
145 60 1
171 60 1
190 60 1
197 60 1
157 61 1
177 61 1
145 62 1
166 62 1
171 62 1
171 63 1
190 63 1
184 64 1
170 65 1
184 65 1
182 66 1
184 66 1
158 67 1
184 67 1
158 68 1
146 69 1
210 69 1
145 70 1
146 70 1
172 70 1
177 70 1
178 70 1
197 70 1
172 71 1
179 71 1
158 72 1
159 72 1
171 72 1
172 72 1
179 72 1
158 73 1
159 73 1
172 73 1
146 74 1
158 74 1
159 74 1
172 74 1
197 74 1
198 74 1
146 75 1
192 75 1
203 75 1
141 76 1
146 76 1
179 76 1
203 76 1
146 77 1
198 77 1
153 78 1
171 78 1
172 78 1
185 78 1
198 78 1
146 79 1
171 79 1
183 79 1
185 79 1
198 79 1
133 80 1
146 80 1
185 80 1
205 80 1
146 81 1
159 81 1
185 81 1
133 82 1
146 82 1
159 82 1
185 82 1
198 82 1
199 82 1
198 83 1
204 83 1
211 83 1
160 84 1
173 84 1
191 84 1
192 84 1
146 85 1
147 85 1
159 85 1
160 85 1
173 85 1
180 85 1
191 85 1
146 86 1
147 86 1
159 86 1
160 86 1
172 86 1
173 86 1
186 86 1
133 87 1
160 87 1
172 87 1
173 87 1
180 87 1
186 87 1
160 88 1
172 88 1
173 88 1
186 88 1
172 89 1
186 89 1
199 89 1
147 90 1
168 90 1
199 90 1
168 91 1
186 91 1
147 92 1
168 92 1
172 92 1
193 92 1
147 93 1
192 93 1
193 93 1
199 93 1
205 93 1
212 93 1
180 94 1
212 94 1
213 94 1
212 95 1
147 96 1
148 96 1
168 96 1
174 96 1
180 96 1
181 96 1
147 97 1
148 97 1
168 97 1
174 97 1
180 97 1
199 97 1
200 97 1
160 98 1
161 98 1
168 98 1
174 98 1
187 98 1
199 98 1
200 98 1
212 98 1
161 99 1
174 99 1
179 99 1
200 99 1
212 99 1
213 99 1
147 100 1
148 100 1
160 100 1
161 100 1
174 100 1
180 100 1
187 100 1
200 100 1
147 101 1
148 101 1
154 101 1
155 101 1
161 101 1
168 101 1
173 101 1
174 101 1
180 101 1
187 101 1
194 101 1
200 101 1
206 101 1
148 102 1
155 102 1
161 102 1
187 102 1
200 102 1
161 103 1
173 103 1
187 103 1
200 103 1
161 104 1
194 104 1
161 105 1
187 105 1
200 105 1
161 106 1
194 106 1
200 106 1
206 106 1
148 107 1
161 107 1
181 107 1
135 108 1
188 108 1
200 108 1
148 109 1
149 109 1
175 109 1
188 109 1
149 110 1
162 110 1
175 110 1
188 110 1
161 111 1
162 111 1
175 111 1
188 111 1
194 111 1
195 111 1
214 111 1
161 112 1
162 112 1
175 112 1
181 112 1
188 112 1
201 112 1
207 112 1
161 113 1
162 113 1
174 113 1
175 113 1
188 113 1
195 113 1
198 113 1
201 113 1
149 114 1
156 114 1
162 114 1
175 114 1
195 114 1
201 114 1
214 114 1
135 115 1
156 115 1
162 115 1
170 115 1
175 115 1
194 115 1
201 115 1
208 115 1
149 116 1
162 116 1
170 116 1
174 116 1
201 116 1
206 116 1
214 116 1
149 117 1
156 117 1
194 117 1
201 117 1
214 117 1
149 118 1
156 118 1
182 118 1
201 118 1
149 119 1
162 119 1
182 119 1
183 119 1
215 119 1
162 120 1
176 120 1
201 120 1
202 120 1
175 121 1
176 121 1
189 121 1
195 121 1
202 121 1
219 121 1
220 121 1
157 122 1
169 122 1
176 122 1
189 122 1
195 122 1
202 122 1
208 122 1
150 123 1
176 123 1
183 123 1
189 123 1
202 123 1
176 124 1
182 124 1
189 124 1
202 124 1
215 124 1
150 125 1
162 125 1
163 125 1
170 125 1
176 125 1
182 125 1
189 125 1
202 125 1
150 126 1
162 126 1
163 126 1
175 126 1
189 126 1
202 126 1
150 127 1
162 127 1
163 127 1
169 127 1
182 127 1
189 127 1
202 127 1
208 127 1
209 127 1
150 128 1
157 128 1
163 128 1
169 128 1
176 128 1
202 128 1
150 129 1
155 129 1
163 129 1
176 129 1
195 129 1
150 130 1
157 130 1
163 130 1
212 130 1
220 130 1
150 131 1
157 131 1
163 131 1
171 131 1
195 131 1
196 131 1
215 131 1
216 131 1
150 132 1
171 132 1
182 132 1
183 132 1
184 132 1
190 132 1
195 132 1
196 132 1
207 132 1
150 133 1
158 133 1
163 133 1
190 133 1
196 133 1
209 133 1
216 133 1
163 134 1
177 134 1
190 134 1
150 135 1
177 135 1
188 135 1
190 135 1
197 135 1
150 136 1
163 136 1
177 136 1
183 136 1
190 136 1
203 136 1
210 136 1
150 137 1
156 137 1
163 137 1
164 137 1
177 137 1
188 137 1
190 137 1
196 137 1
203 137 1
164 138 1
170 138 1
177 138 1
183 138 1
190 138 1
196 138 1
203 138 1
163 139 1
164 139 1
170 139 1
176 139 1
190 139 1
197 139 1
203 139 1
216 139 1
151 140 1
164 140 1
170 140 1
172 140 1
177 140 1
203 140 1
151 141 1
164 141 1
177 141 1
197 141 1
151 142 1
164 142 1
177 142 1
137 143 1
151 143 1
164 143 1
184 143 1
204 143 1
151 144 1
164 144 1
184 144 1
201 144 1
204 144 1
213 144 1
151 145 1
164 145 1
178 145 1
185 145 1
191 145 1
204 145 1
151 146 1
164 146 1
178 146 1
183 146 1
191 146 1
197 146 1
204 146 1
164 147 1
170 147 1
172 147 1
178 147 1
184 147 1
191 147 1
204 147 1
178 148 1
191 148 1
204 148 1
138 149 1
178 149 1
189 149 1
204 149 1
138 150 1
159 150 1
164 150 1
172 150 1
177 150 1
178 150 1
191 150 1
204 150 1
165 151 1
178 151 1
191 151 1
204 151 1
211 151 1
138 152 1
151 152 1
152 152 1
165 152 1
204 152 1
211 152 1
214 152 1
152 153 1
165 153 1
177 153 1
184 153 1
211 153 1
214 153 1
152 154 1
164 154 1
165 154 1
185 154 1
197 154 1
214 154 1
152 155 1
165 155 1
172 155 1
192 155 1
137 156 1
138 156 1
152 156 1
192 156 1
198 156 1
165 157 1
185 157 1
192 157 1
198 157 1
211 157 1
152 158 1
160 158 1
165 158 1
179 158 1
192 158 1
152 159 1
159 159 1
179 159 1
190 159 1
192 159 1
147 160 1
152 160 1
160 160 1
165 160 1
179 160 1
192 160 1
205 160 1
210 160 1
124 161 1
152 161 1
179 161 1
186 161 1
192 161 1
198 161 1
205 161 1
165 162 1
166 162 1
179 162 1
199 162 1
205 162 1
210 162 1
152 163 1
165 163 1
166 163 1
172 163 1
179 163 1
205 163 1
166 164 1
179 164 1
185 164 1
198 164 1
215 164 1
166 165 1
178 165 1
185 165 1
215 165 1
216 165 1
166 166 1
178 166 1
179 166 1
215 166 1
178 167 1
179 167 1
203 167 1
139 168 1
153 168 1
193 168 1
203 168 1
206 168 1
138 169 1
139 169 1
153 169 1
166 169 1
180 169 1
193 169 1
203 169 1
138 170 1
139 170 1
153 170 1
166 170 1
180 170 1
186 170 1
193 170 1
206 170 1
125 171 1
166 171 1
173 171 1
180 171 1
193 171 1
206 171 1
207 171 1
153 172 1
180 172 1
193 172 1
206 172 1
148 173 1
180 173 1
191 173 1
193 173 1
200 173 1
174 174 1
180 174 1
186 174 1
193 174 1
199 174 1
200 174 1
180 175 1
193 175 1
199 175 1
200 175 1
167 176 1
186 176 1
200 176 1
167 177 1
173 177 1
186 177 1
199 177 1
217 177 1
140 178 1
167 178 1
173 178 1
179 178 1
180 178 1
199 178 1
213 178 1
214 178 1
140 179 1
167 179 1
179 179 1
186 179 1
194 179 1
154 180 1
167 180 1
194 180 1
126 181 1
139 181 1
167 181 1
194 181 1
154 182 1
187 182 1
194 182 1
199 182 1
139 183 1
179 183 1
181 183 1
192 183 1
194 183 1
199 183 1
175 184 1
181 184 1
192 184 1
194 184 1
207 184 1
208 184 1
167 185 1
181 185 1
187 185 1
207 185 1
208 185 1
181 186 1
188 186 1
200 186 1
201 186 1
207 186 1
162 187 1
168 187 1
181 187 1
168 188 1
181 188 1
201 188 1
218 188 1
167 189 1
168 189 1
187 189 1
201 189 1
161 190 1
168 190 1
180 190 1
181 190 1
187 190 1
168 191 1
180 191 1
187 191 1
188 191 1
213 191 1
140 192 1
168 192 1
187 192 1
195 192 1
140 193 1
141 193 1
195 193 1
208 193 1
218 193 1
134 194 1
140 194 1
155 194 1
168 194 1
182 194 1
187 194 1
195 194 1
182 195 1
195 195 1
174 196 1
182 196 1
193 196 1
182 197 1
195 197 1
196 197 1
209 197 1
215 197 1
182 198 1
187 198 1
195 198 1
182 199 1
195 199 1
209 199 1
181 200 1
182 200 1
209 200 1
168 201 1
169 201 1
219 201 1
176 202 1
188 202 1
176 203 1
188 203 1
195 203 1
196 203 1
209 203 1
219 203 1
175 204 1
196 204 1
209 204 1
169 205 1
181 205 1
196 205 1
209 205 1
181 206 1
196 206 1
216 206 1
188 208 1
196 208 1
209 208 1
216 208 1
183 209 1
190 209 1
210 210 1
169 211 1
183 211 1
189 211 1
203 211 1
210 211 1
183 212 1
189 212 1
203 212 1
210 212 1
170 213 1
182 213 1
203 213 1
215 213 1
170 214 1
177 214 1
204 214 1
170 215 1
176 215 1
177 215 1
183 215 1
197 215 1
210 215 1
170 216 1
182 216 1
197 216 1
182 217 1
197 217 1
217 217 1
184 219 1
177 220 1
184 220 1
197 220 1
178 221 1
184 221 1
197 221 1
198 221 1
184 222 1
208 223 1
211 223 1
211 224 1
205 227 1
211 227 1
171 228 1
203 228 1
198 230 1
199 233 1
209 233 1
198 234 1
185 236 1
199 237 1
204 237 1
199 238 1
185 240 1
206 240 1
210 240 1
199 241 1
212 241 1
199 242 1
199 243 1
186 247 1
213 247 1
200 253 1
65 65 2
68 65 2
69 65 2
70 65 2
71 65 2
72 65 2
68 66 2
69 66 2
72 66 2
73 66 2
74 66 2
75 66 2
73 67 2
74 67 2
75 67 2
76 67 2
52 68 2
75 68 2
76 68 2
77 68 2
78 68 2
50 69 2
51 69 2
52 69 2
76 69 2
77 69 2
78 69 2
79 69 2
48 70 2
50 70 2
78 70 2
79 70 2
80 70 2
47 71 2
48 71 2
49 71 2
50 71 2
79 71 2
80 71 2
81 71 2
46 72 2
47 72 2
48 72 2
80 72 2
81 72 2
82 72 2
45 73 2
46 73 2
47 73 2
48 73 2
81 73 2
82 73 2
83 73 2
45 74 2
46 74 2
47 74 2
81 74 2
82 74 2
83 74 2
84 74 2
44 75 2
45 75 2
46 75 2
82 75 2
83 75 2
84 75 2
44 76 2
45 76 2
83 76 2
84 76 2
85 76 2
43 77 2
44 77 2
45 77 2
83 77 2
84 77 2
85 77 2
43 78 2
44 78 2
45 78 2
84 78 2
85 78 2
44 79 2
45 79 2
84 79 2
85 79 2
86 79 2
44 80 2
45 80 2
85 80 2
86 80 2
44 81 2
45 81 2
46 81 2
85 81 2
86 81 2
87 81 2
44 82 2
45 82 2
46 82 2
47 82 2
86 82 2
87 82 2
44 83 2
45 83 2
46 83 2
47 83 2
48 83 2
50 83 2
86 83 2
87 83 2
45 84 2
46 84 2
47 84 2
48 84 2
49 84 2
50 84 2
54 84 2
55 84 2
86 84 2
87 84 2
48 85 2
49 85 2
50 85 2
55 85 2
86 85 2
87 85 2
88 85 2
49 86 2
50 86 2
51 86 2
55 86 2
57 86 2
86 86 2
87 86 2
88 86 2
50 87 2
51 87 2
52 87 2
55 87 2
56 87 2
87 87 2
88 87 2
50 88 2
51 88 2
52 88 2
53 88 2
54 88 2
55 88 2
56 88 2
87 88 2
88 88 2
52 89 2
53 89 2
54 89 2
56 89 2
66 89 2
87 89 2
88 89 2
19 90 2
53 90 2
54 90 2
55 90 2
56 90 2
60 90 2
87 90 2
88 90 2
16 91 2
54 91 2
55 91 2
56 91 2
57 91 2
60 91 2
88 91 2
54 92 2
55 92 2
56 92 2
57 92 2
60 92 2
61 92 2
66 92 2
88 92 2
54 93 2
55 93 2
56 93 2
88 93 2
54 94 2
55 94 2
56 94 2
88 94 2
55 95 2
56 95 2
60 95 2
88 95 2
89 95 2
55 96 2
56 96 2
88 96 2
89 96 2
55 97 2
88 97 2
89 97 2
55 98 2
56 98 2
88 98 2
89 98 2
88 99 2
89 99 2
56 100 2
88 100 2
89 100 2
90 100 2
54 101 2
56 101 2
88 101 2
89 101 2
90 101 2
53 102 2
54 102 2
55 102 2
56 102 2
88 102 2
89 102 2
90 102 2
53 103 2
54 103 2
55 103 2
89 103 2
54 104 2
55 104 2
89 104 2
90 104 2
53 105 2
54 105 2
55 105 2
65 105 2
89 105 2
53 106 2
54 106 2
65 106 2
89 106 2
90 106 2
53 107 2
54 107 2
90 107 2
53 108 2
87 108 2
53 109 2
60 109 2
49 110 2
51 110 2
52 110 2
53 110 2
59 110 2
66 110 2
90 110 2
52 111 2
53 111 2
54 111 2
59 111 2
66 111 2
67 111 2
75 111 2
90 111 2
91 111 2
53 112 2
54 112 2
62 112 2
67 112 2
68 112 2
75 112 2
91 112 2
53 113 2
60 113 2
61 113 2
62 113 2
63 113 2
68 113 2
69 113 2
76 113 2
87 113 2
91 113 2
61 114 2
62 114 2
63 114 2
64 114 2
65 114 2
69 114 2
76 114 2
87 114 2
91 114 2
62 115 2
63 115 2
64 115 2
65 115 2
69 115 2
70 115 2
76 115 2
53 116 2
64 116 2
65 116 2
66 116 2
68 116 2
69 116 2
70 116 2
71 116 2
76 116 2
82 116 2
65 117 2
66 117 2
67 117 2
69 117 2
70 117 2
71 117 2
76 117 2
92 117 2
66 118 2
67 118 2
69 118 2
70 118 2
71 118 2
72 118 2
76 118 2
92 118 2
66 119 2
67 119 2
68 119 2
71 119 2
72 119 2
66 120 2
67 120 2
68 120 2
71 120 2
72 120 2
73 120 2
66 121 2
67 121 2
68 121 2
69 121 2
72 121 2
73 121 2
92 121 2
67 122 2
68 122 2
69 122 2
72 122 2
73 122 2
74 122 2
67 123 2
68 123 2
69 123 2
73 123 2
74 123 2
68 124 2
69 124 2
70 124 2
73 124 2
74 124 2
44 125 2
69 125 2
70 125 2
71 125 2
73 125 2
74 125 2
75 125 2
44 126 2
69 126 2
70 126 2
71 126 2
74 126 2
75 126 2
69 127 2
70 127 2
71 127 2
74 127 2
75 127 2
94 127 2
70 128 2
71 128 2
74 128 2
75 128 2
76 128 2
71 129 2
72 129 2
74 129 2
75 129 2
76 129 2
71 130 2
72 130 2
74 130 2
75 130 2
76 130 2
83 130 2
49 131 2
72 131 2
74 131 2
75 131 2
76 131 2
72 132 2
73 132 2
74 132 2
75 132 2
76 132 2
73 133 2
74 133 2
75 133 2
76 133 2
73 134 2
75 134 2
76 134 2
75 135 2
76 135 2
83 135 2
75 136 2
76 136 2
77 136 2
83 136 2
75 137 2
76 137 2
77 137 2
83 137 2
75 138 2
76 138 2
77 138 2
83 138 2
76 139 2
77 139 2
97 139 2
115 139 2
76 140 2
77 140 2
78 140 2
116 140 2
46 141 2
76 141 2
77 141 2
78 141 2
46 142 2
76 142 2
77 142 2
78 142 2
97 142 2
116 142 2
117 142 2
76 143 2
77 143 2
78 143 2
117 143 2
43 144 2
76 144 2
77 144 2
118 144 2
43 145 2
75 145 2
76 145 2
77 145 2
118 145 2
119 145 2
75 146 2
76 146 2
77 146 2
118 146 2
119 146 2
43 147 2
75 147 2
76 147 2
119 147 2
43 148 2
75 148 2
76 148 2
119 148 2
120 148 2
43 149 2
74 149 2
75 149 2
76 149 2
80 149 2
120 149 2
74 150 2
76 150 2
80 150 2
120 150 2
121 150 2
44 151 2
73 151 2
74 151 2
76 151 2
121 151 2
122 151 2
75 152 2
122 152 2
72 153 2
74 153 2
75 153 2
122 153 2
37 154 2
43 154 2
72 154 2
74 154 2
123 154 2
124 154 2
43 155 2
123 155 2
124 155 2
73 156 2
74 156 2
77 156 2
124 156 2
38 157 2
43 157 2
71 157 2
74 157 2
124 157 2
125 157 2
71 158 2
74 158 2
125 158 2
38 159 2
74 159 2
84 159 2
125 159 2
126 159 2
72 160 2
75 160 2
84 160 2
126 160 2
84 161 2
126 161 2
127 161 2
70 162 2
73 162 2
84 162 2
126 162 2
127 162 2
71 163 2
74 163 2
84 163 2
127 163 2
128 163 2
76 164 2
83 164 2
128 164 2
129 164 2
82 165 2
128 165 2
80 166 2
81 166 2
129 166 2
130 166 2
80 167 2
81 167 2
82 167 2
85 167 2
129 167 2
130 167 2
80 168 2
82 168 2
85 168 2
130 168 2
38 169 2
80 169 2
90 169 2
130 169 2
80 170 2
90 170 2
131 170 2
87 171 2
90 171 2
131 171 2
87 172 2
89 172 2
90 172 2
132 172 2
85 173 2
89 173 2
90 173 2
132 173 2
89 174 2
90 174 2
131 174 2
132 174 2
89 175 2
90 175 2
89 176 2
90 176 2
88 177 2
89 177 2
88 178 2
89 178 2
127 178 2
88 179 2
89 179 2
127 179 2
128 179 2
88 180 2
89 180 2
127 180 2
88 181 2
87 182 2
88 182 2
122 182 2
87 183 2
86 184 2
87 184 2
86 185 2
86 186 2
87 186 2
85 187 2
86 187 2
87 187 2
85 188 2
86 188 2
85 189 2
86 189 2
85 190 2
86 190 2
85 191 2
86 191 2
85 192 2
86 192 2
85 193 2
86 193 2
84 194 2
85 194 2
83 195 2
84 195 2
85 195 2
86 195 2
84 196 2
85 196 2
86 196 2
85 197 2
86 197 2
80 198 2
86 198 2
87 198 2
78 199 2
86 199 2
87 199 2
86 200 2
87 200 2
88 201 2
96 201 2
96 202 2
96 203 2
96 204 2
96 205 2
96 206 2
96 207 2
97 207 2
92 208 2
95 208 2
96 208 2
95 209 2
96 209 2
95 210 2
98 211 2
94 212 2
94 213 2
100 213 2
101 213 2
103 213 2
104 213 2
94 214 2
102 214 2
104 214 2
94 215 2
95 215 2
103 215 2
104 215 2
94 216 2
95 216 2
103 216 2
94 217 2
95 217 2
103 217 2
7 218 2
94 218 2
95 218 2
103 218 2
95 219 2
102 219 2
94 220 2
95 220 2
96 220 2
102 220 2
6 221 2
95 221 2
102 221 2
95 222 2
101 222 2
95 223 2
101 223 2
95 224 2
100 224 2
101 224 2
95 225 2
100 225 2
101 225 2
95 226 2
99 226 2
100 226 2
95 227 2
99 227 2
100 227 2
95 228 2
99 228 2
95 229 2
98 229 2
99 229 2
98 230 2
95 231 2
97 231 2
98 231 2
97 232 2
97 233 2
93 236 2
34 240 2
33 243 2
33 244 2
29 252 2
31 252 2
90 82 3
91 82 3
87 83 3
88 83 3
89 83 3
86 84 3
87 84 3
88 84 3
101 84 3
102 84 3
85 85 3
101 85 3
103 85 3
104 85 3
83 86 3
104 86 3
105 86 3
80 87 3
81 87 3
82 87 3
83 87 3
84 87 3
104 87 3
105 87 3
107 87 3
80 88 3
81 88 3
84 88 3
85 88 3
104 88 3
105 88 3
106 88 3
108 88 3
79 89 3
80 89 3
81 89 3
84 89 3
90 89 3
104 89 3
107 89 3
78 90 3
79 90 3
80 90 3
81 90 3
90 90 3
91 90 3
103 90 3
104 90 3
108 90 3
109 90 3
78 91 3
79 91 3
80 91 3
90 91 3
91 91 3
92 91 3
93 91 3
94 91 3
106 91 3
107 91 3
108 91 3
110 91 3
78 92 3
79 92 3
94 92 3
95 92 3
96 92 3
97 92 3
107 92 3
108 92 3
109 92 3
110 92 3
77 93 3
78 93 3
79 93 3
86 93 3
87 93 3
88 93 3
89 93 3
90 93 3
91 93 3
93 93 3
94 93 3
96 93 3
97 93 3
98 93 3
99 93 3
108 93 3
109 93 3
77 94 3
78 94 3
79 94 3
86 94 3
87 94 3
88 94 3
89 94 3
90 94 3
92 94 3
93 94 3
94 94 3
95 94 3
96 94 3
98 94 3
99 94 3
100 94 3
101 94 3
108 94 3
109 94 3
110 94 3
77 95 3
78 95 3
85 95 3
86 95 3
87 95 3
88 95 3
92 95 3
93 95 3
94 95 3
95 95 3
97 95 3
98 95 3
99 95 3
100 95 3
108 95 3
109 95 3
110 95 3
77 96 3
78 96 3
80 96 3
81 96 3
84 96 3
85 96 3
86 96 3
94 96 3
95 96 3
96 96 3
97 96 3
98 96 3
99 96 3
106 96 3
107 96 3
108 96 3
109 96 3
110 96 3
77 97 3
78 97 3
80 97 3
82 97 3
83 97 3
84 97 3
85 97 3
94 97 3
95 97 3
96 97 3
97 97 3
98 97 3
99 97 3
106 97 3
107 97 3
108 97 3
109 97 3
77 98 3
78 98 3
82 98 3
83 98 3
93 98 3
94 98 3
97 98 3
98 98 3
107 98 3
108 98 3
109 98 3
96 99 3
100 99 3
101 99 3
102 99 3
107 99 3
108 99 3
109 99 3
101 100 3
102 100 3
103 100 3
104 100 3
105 100 3
106 100 3
107 100 3
108 100 3
101 101 3
102 101 3
103 101 3
104 101 3
105 101 3
106 101 3
107 101 3
108 101 3
101 102 3
102 102 3
103 102 3
104 102 3
105 102 3
106 102 3
107 102 3
108 102 3
109 102 3
100 103 3
101 103 3
102 103 3
103 103 3
104 103 3
105 103 3
106 103 3
107 103 3
108 103 3
109 103 3
110 103 3
100 104 3
101 104 3
102 104 3
105 104 3
106 104 3
107 104 3
108 104 3
109 104 3
110 104 3
111 104 3
100 105 3
101 105 3
107 105 3
108 105 3
109 105 3
110 105 3
111 105 3
112 105 3
100 106 3
104 106 3
105 106 3
108 106 3
109 106 3
110 106 3
111 106 3
112 106 3
113 106 3
105 107 3
106 107 3
110 107 3
111 107 3
112 107 3
113 107 3
109 108 3
110 108 3
111 108 3
112 108 3
108 109 3
109 109 3
110 109 3
101 111 3
99 112 3
100 112 3
89 113 3
98 113 3
98 114 3
99 114 3
93 115 3
94 115 3
96 115 3
97 115 3
98 115 3
88 116 3
89 116 3
93 116 3
88 117 3
89 117 3
90 117 3
89 118 3
90 118 3
91 118 3
89 119 3
90 119 3
91 119 3
90 120 3
91 120 3
90 121 3
91 121 3
90 122 3
91 122 3
89 123 3
90 123 3
89 124 3
91 125 3
91 127 3
92 127 3
92 128 3
92 129 3
94 130 3
102 191 3
106 191 3
102 192 3
107 193 3
106 194 3
107 194 3
104 195 3
104 196 3
107 196 3
103 197 3
106 197 3
107 197 3
106 198 3
107 198 3
108 198 3
106 199 3
107 199 3
108 199 3
106 200 3
107 200 3
108 200 3
107 201 3
108 201 3
108 202 3
109 202 3
108 203 3
109 203 3
110 203 3
105 204 3
109 204 3
110 204 3
101 205 3
110 205 3
111 205 3
110 206 3
111 206 3
110 207 3
111 207 3
101 208 3
109 208 3
110 208 3
111 208 3
109 209 3
110 209 3
111 209 3
112 209 3
111 210 3
112 210 3
110 211 3
111 211 3
112 211 3
113 211 3
111 212 3
112 212 3
113 212 3
111 213 3
112 213 3
113 213 3
114 213 3
111 214 3
112 214 3
113 214 3
114 214 3
112 215 3
113 215 3
114 215 3
113 216 3
114 216 3
115 216 3
107 217 3
113 217 3
114 217 3
115 217 3
113 218 3
114 218 3
114 219 3
115 219 3
116 219 3
114 220 3
115 220 3
116 220 3
114 221 3
115 221 3
116 221 3
115 222 3
116 222 3
115 223 3
116 223 3
101 224 3
115 224 3
116 224 3
115 225 3
116 225 3
115 226 3
116 226 3
101 227 3
115 227 3
116 227 3
103 228 3
104 228 3
114 228 3
115 228 3
104 229 3
105 229 3
113 229 3
114 229 3
115 229 3
107 230 3
113 230 3
114 230 3
111 231 3
112 231 3
113 231 3
114 231 3
109 232 3
110 232 3
111 232 3
112 232 3
113 232 3
111 233 3
112 233 3
104 234 3
110 234 3
111 234 3
112 234 3
97 235 3
110 235 3
111 235 3
103 236 3
110 236 3
109 237 3
110 237 3
108 238 3
109 238 3
107 239 3
108 239 3
107 240 3
108 240 3
106 241 3
107 241 3
101 242 3
106 242 3
107 242 3
105 243 3
106 243 3
104 244 3
106 244 3
104 245 3
105 245 3
100 246 3
105 246 3
101 247 3
103 247 3
104 247 3
104 248 3
99 249 3
102 249 3
103 249 3
104 249 3
102 250 3
103 250 3
102 251 3
103 251 3
101 252 3
102 252 3
99 253 3
100 253 3
101 253 3
97 254 3
99 254 3
100 254 3
101 254 3
99 255 3
100 255 3
96 256 3
99 256 3
100 256 3
96 257 3
100 257 3
