221 16 0
145 17 0
230 18 0
162 19 0
162 20 0
158 21 0
246 21 0
145 22 0
158 26 0
209 26 0
317 26 0
158 27 0
258 27 0
270 27 0
146 28 0
197 28 0
222 28 0
270 28 0
171 29 0
172 29 0
246 29 0
340 29 0
171 30 0
172 30 0
146 31 0
234 31 0
158 32 0
159 32 0
306 32 0
159 33 0
197 33 0
146 34 0
159 34 0
238 34 0
318 34 0
146 35 0
159 35 0
223 35 0
146 36 0
159 36 0
275 36 0
287 36 0
210 37 0
235 37 0
286 37 0
198 38 0
235 39 0
295 39 0
259 40 0
306 40 0
159 41 0
173 41 0
259 41 0
239 42 0
248 42 0
299 42 0
173 43 0
190 43 0
296 43 0
172 44 0
173 44 0
159 45 0
173 45 0
179 45 0
199 45 0
172 46 0
147 47 0
172 47 0
186 47 0
284 47 0
147 48 0
173 48 0
186 48 0
211 48 0
248 48 0
300 48 0
332 48 0
160 49 0
260 49 0
311 49 0
160 50 0
199 50 0
160 51 0
161 51 0
211 51 0
174 52 0
297 52 0
302 52 0
332 52 0
147 53 0
148 53 0
174 53 0
302 53 0
332 53 0
148 54 0
174 54 0
229 54 0
302 54 0
174 55 0
209 55 0
297 55 0
298 55 0
200 56 0
200 57 0
148 58 0
160 58 0
298 58 0
333 58 0
148 59 0
225 59 0
148 60 0
187 60 0
173 61 0
187 61 0
298 61 0
302 61 0
337 61 0
161 62 0
162 62 0
200 62 0
303 62 0
161 63 0
162 63 0
187 63 0
213 63 0
226 63 0
303 63 0
333 63 0
156 64 0
161 64 0
162 64 0
213 64 0
230 64 0
238 64 0
334 64 0
148 65 0
161 65 0
162 65 0
175 65 0
200 65 0
230 65 0
298 65 0
299 65 0
322 65 0
334 65 0
175 66 0
201 66 0
303 66 0
334 66 0
149 67 0
175 67 0
182 67 0
200 67 0
201 67 0
303 67 0
149 68 0
175 68 0
188 68 0
291 68 0
149 69 0
175 69 0
188 69 0
201 69 0
299 69 0
303 69 0
334 69 0
149 70 0
174 70 0
188 70 0
149 71 0
174 71 0
188 71 0
312 71 0
149 72 0
150 72 0
175 72 0
182 72 0
201 72 0
149 73 0
214 73 0
300 73 0
315 73 0
149 74 0
201 74 0
214 74 0
288 74 0
327 74 0
335 74 0
170 75 0
335 75 0
169 76 0
170 76 0
176 76 0
227 76 0
315 76 0
316 76 0
136 77 0
162 77 0
176 77 0
291 77 0
324 77 0
163 78 0
176 78 0
214 78 0
280 78 0
301 78 0
324 78 0
163 79 0
176 79 0
215 79 0
288 79 0
324 79 0
335 79 0
163 80 0
176 80 0
182 80 0
183 80 0
189 80 0
202 80 0
163 81 0
176 81 0
189 81 0
215 81 0
292 81 0
305 81 0
313 81 0
336 81 0
163 82 0
189 82 0
202 82 0
301 82 0
305 82 0
171 83 0
175 83 0
202 83 0
215 83 0
313 83 0
325 83 0
137 84 0
175 84 0
183 84 0
202 84 0
228 84 0
313 84 0
324 84 0
336 84 0
313 85 0
150 86 0
215 86 0
228 86 0
313 86 0
325 86 0
150 87 0
151 87 0
202 87 0
203 87 0
215 87 0
329 87 0
151 88 0
202 88 0
203 88 0
290 88 0
302 88 0
317 88 0
329 88 0
163 89 0
177 89 0
190 89 0
248 89 0
278 89 0
306 89 0
151 90 0
158 90 0
159 90 0
163 90 0
164 90 0
171 90 0
177 90 0
190 90 0
216 90 0
278 90 0
290 90 0
306 90 0
326 90 0
163 91 0
164 91 0
171 91 0
172 91 0
177 91 0
190 91 0
241 91 0
302 91 0
314 91 0
326 91 0
329 91 0
164 92 0
177 92 0
302 92 0
314 92 0
151 93 0
163 93 0
164 93 0
177 93 0
183 93 0
294 93 0
330 93 0
338 93 0
151 94 0
164 94 0
177 94 0
184 94 0
203 94 0
254 94 0
282 94 0
290 94 0
314 94 0
338 94 0
164 95 0
176 95 0
177 95 0
190 95 0
203 95 0
216 95 0
314 95 0
203 96 0
216 96 0
233 96 0
242 96 0
246 96 0
271 96 0
326 96 0
327 96 0
242 97 0
254 97 0
266 97 0
303 97 0
315 97 0
327 97 0
151 98 0
184 98 0
242 98 0
303 98 0
307 98 0
315 98 0
151 99 0
172 99 0
184 99 0
267 99 0
283 99 0
291 99 0
315 99 0
326 99 0
327 99 0
151 100 0
152 100 0
172 100 0
178 100 0
216 100 0
217 100 0
279 100 0
295 100 0
303 100 0
307 100 0
164 101 0
178 101 0
216 101 0
217 101 0
230 101 0
246 101 0
255 101 0
279 101 0
283 101 0
291 101 0
295 101 0
303 101 0
307 101 0
152 102 0
164 102 0
178 102 0
191 102 0
242 102 0
255 102 0
304 102 0
327 102 0
152 103 0
165 103 0
178 103 0
191 103 0
255 103 0
152 104 0
165 104 0
191 104 0
204 104 0
255 104 0
327 104 0
152 105 0
165 105 0
184 105 0
191 105 0
204 105 0
267 105 0
292 105 0
304 105 0
328 105 0
160 106 0
165 106 0
173 106 0
177 106 0
184 106 0
191 106 0
204 106 0
217 106 0
267 106 0
304 106 0
316 106 0
152 107 0
165 107 0
173 107 0
177 107 0
204 107 0
255 107 0
331 107 0
152 108 0
165 108 0
204 108 0
209 108 0
280 108 0
296 108 0
304 108 0
308 108 0
328 108 0
160 109 0
165 109 0
173 109 0
197 109 0
260 109 0
280 109 0
292 109 0
296 109 0
305 109 0
160 110 0
173 110 0
305 110 0
152 111 0
173 111 0
185 111 0
192 111 0
223 111 0
256 111 0
268 111 0
192 112 0
223 112 0
255 112 0
256 112 0
296 112 0
316 112 0
165 113 0
179 113 0
192 113 0
205 113 0
218 113 0
244 113 0
256 113 0
268 113 0
281 113 0
293 113 0
296 113 0
305 113 0
317 113 0
332 113 0
165 114 0
179 114 0
192 114 0
205 114 0
218 114 0
268 114 0
305 114 0
332 114 0
166 115 0
179 115 0
192 115 0
199 115 0
218 115 0
268 115 0
305 115 0
321 115 0
166 116 0
179 116 0
192 116 0
205 116 0
297 116 0
317 116 0
321 116 0
148 117 0
153 117 0
166 117 0
178 117 0
179 117 0
198 117 0
199 117 0
256 117 0
268 117 0
297 117 0
318 117 0
320 117 0
153 118 0
165 118 0
166 118 0
205 118 0
244 118 0
281 118 0
318 118 0
153 119 0
178 119 0
185 119 0
205 119 0
218 119 0
219 119 0
244 119 0
306 119 0
309 119 0
318 119 0
153 120 0
160 120 0
174 120 0
178 120 0
205 120 0
219 120 0
309 120 0
310 120 0
317 120 0
318 120 0
321 120 0
333 120 0
186 121 0
198 121 0
219 121 0
257 121 0
294 121 0
306 121 0
309 121 0
317 121 0
318 121 0
321 121 0
330 121 0
174 122 0
269 122 0
282 122 0
294 122 0
297 122 0
306 122 0
318 122 0
153 123 0
161 123 0
174 123 0
180 123 0
185 123 0
200 123 0
206 123 0
294 123 0
310 123 0
153 124 0
180 124 0
187 124 0
193 124 0
206 124 0
282 124 0
294 124 0
318 124 0
166 125 0
180 125 0
186 125 0
193 125 0
206 125 0
257 125 0
318 125 0
166 126 0
180 126 0
193 126 0
206 126 0
318 126 0
166 127 0
180 127 0
186 127 0
191 127 0
193 127 0
206 127 0
211 127 0
212 127 0
282 127 0
307 127 0
310 127 0
154 128 0
166 128 0
167 128 0
193 128 0
199 128 0
206 128 0
211 128 0
282 128 0
310 128 0
154 129 0
167 129 0
191 129 0
211 129 0
212 129 0
295 129 0
298 129 0
154 130 0
167 130 0
199 130 0
211 130 0
213 130 0
298 130 0
299 130 0
167 131 0
188 131 0
199 131 0
213 131 0
275 131 0
307 131 0
154 132 0
167 132 0
188 132 0
199 132 0
296 132 0
154 133 0
167 133 0
175 133 0
179 133 0
187 133 0
194 133 0
200 133 0
332 133 0
154 134 0
167 134 0
187 134 0
194 134 0
225 134 0
296 134 0
322 134 0
154 135 0
194 135 0
154 136 0
161 136 0
181 136 0
194 136 0
207 136 0
296 136 0
154 137 0
161 137 0
181 137 0
194 137 0
207 137 0
287 137 0
168 138 0
181 138 0
194 138 0
207 138 0
296 138 0
321 138 0
141 139 0
168 139 0
180 139 0
181 139 0
187 139 0
194 139 0
207 139 0
168 140 0
174 140 0
180 140 0
181 140 0
207 140 0
220 140 0
221 140 0
155 141 0
167 141 0
168 141 0
180 141 0
297 141 0
155 142 0
168 142 0
188 142 0
200 142 0
297 142 0
321 142 0
168 143 0
297 143 0
321 143 0
150 144 0
155 144 0
180 144 0
208 144 0
276 144 0
297 144 0
155 145 0
176 145 0
182 145 0
195 145 0
208 145 0
150 146 0
155 146 0
182 146 0
195 146 0
205 146 0
297 146 0
301 146 0
155 147 0
163 147 0
182 147 0
195 147 0
208 147 0
310 147 0
182 148 0
195 148 0
202 148 0
208 148 0
310 148 0
155 149 0
175 149 0
182 149 0
188 149 0
195 149 0
208 149 0
310 149 0
142 150 0
155 150 0
182 150 0
193 150 0
195 150 0
208 150 0
260 150 0
162 151 0
168 151 0
169 151 0
195 151 0
201 151 0
202 151 0
301 151 0
314 151 0
322 151 0
169 152 0
182 152 0
195 152 0
201 152 0
213 152 0
273 152 0
310 152 0
142 153 0
156 153 0
169 153 0
181 153 0
201 153 0
215 153 0
310 153 0
325 153 0
156 154 0
169 154 0
175 154 0
181 154 0
215 154 0
227 154 0
298 154 0
156 155 0
169 155 0
181 155 0
196 155 0
201 155 0
298 155 0
156 156 0
169 156 0
181 156 0
196 156 0
201 156 0
227 156 0
298 156 0
156 157 0
181 157 0
196 157 0
201 157 0
156 158 0
169 158 0
183 158 0
196 158 0
156 159 0
169 159 0
183 159 0
196 159 0
209 159 0
302 159 0
156 160 0
183 160 0
194 160 0
209 160 0
302 160 0
182 161 0
183 161 0
189 161 0
209 161 0
170 162 0
183 162 0
189 162 0
203 162 0
209 162 0
210 162 0
117 163 0
156 163 0
170 163 0
176 163 0
177 163 0
182 163 0
183 163 0
189 163 0
209 163 0
169 164 0
170 164 0
170 165 0
183 165 0
189 165 0
203 165 0
300 165 0
324 165 0
170 166 0
210 166 0
219 166 0
220 166 0
300 166 0
118 167 0
121 167 0
170 167 0
210 167 0
220 167 0
300 167 0
118 168 0
157 168 0
178 168 0
182 168 0
184 168 0
197 168 0
204 168 0
220 168 0
129 169 0
157 169 0
184 169 0
189 169 0
191 169 0
197 169 0
210 169 0
119 170 0
170 170 0
184 170 0
197 170 0
210 170 0
177 171 0
184 171 0
197 171 0
210 171 0
157 172 0
184 172 0
197 172 0
210 172 0
120 173 0
157 173 0
184 173 0
197 173 0
184 174 0
197 174 0
211 174 0
177 175 0
184 175 0
144 176 0
170 176 0
184 176 0
197 176 0
198 178 0
221 178 0
158 179 0
171 179 0
198 179 0
221 179 0
171 180 0
183 180 0
185 180 0
198 180 0
158 181 0
185 181 0
196 181 0
198 181 0
211 181 0
130 182 0
158 182 0
196 182 0
198 182 0
218 182 0
130 183 0
185 183 0
191 183 0
198 183 0
199 183 0
122 184 0
130 184 0
179 184 0
185 184 0
198 184 0
172 185 0
185 185 0
185 187 0
219 187 0
172 188 0
185 188 0
191 188 0
212 188 0
185 190 0
131 191 0
205 191 0
213 191 0
144 192 0
172 192 0
186 192 0
199 192 0
204 192 0
205 192 0
206 192 0
186 193 0
199 193 0
199 194 0
213 194 0
186 195 0
186 196 0
213 196 0
186 197 0
186 198 0
173 199 0
145 200 0
200 200 0
200 202 0
213 202 0
220 202 0
223 202 0
160 203 0
173 203 0
200 203 0
173 204 0
194 204 0
187 205 0
200 206 0
173 207 0
193 207 0
200 207 0
201 207 0
199 208 0
207 208 0
187 209 0
207 209 0
187 210 0
201 212 0
221 212 0
186 214 0
174 215 0
201 215 0
215 215 0
188 217 0
201 217 0
188 218 0
188 219 0
194 219 0
174 221 0
215 222 0
194 224 0
195 224 0
194 226 0
202 226 0
202 227 0
175 230 0
195 231 0
203 231 0
203 236 0
196 239 0
190 240 0
217 241 0
195 242 0
209 242 0
176 244 0
191 245 0
192 254 0
53 66 1
55 67 1
56 67 1
57 67 1
58 67 1
59 67 1
60 67 1
61 67 1
62 67 1
63 67 1
53 68 1
54 68 1
55 68 1
56 68 1
57 68 1
58 68 1
59 68 1
60 68 1
61 68 1
62 68 1
63 68 1
64 68 1
65 68 1
66 68 1
56 69 1
60 69 1
62 69 1
63 69 1
64 69 1
65 69 1
66 69 1
67 69 1
68 69 1
65 70 1
66 70 1
67 70 1
68 70 1
69 70 1
70 70 1
66 71 1
67 71 1
68 71 1
69 71 1
70 71 1
71 71 1
42 72 1
68 72 1
69 72 1
70 72 1
71 72 1
72 72 1
38 73 1
39 73 1
69 73 1
70 73 1
71 73 1
72 73 1
73 73 1
37 74 1
38 74 1
39 74 1
71 74 1
72 74 1
73 74 1
74 74 1
38 75 1
39 75 1
72 75 1
73 75 1
74 75 1
36 76 1
37 76 1
39 76 1
73 76 1
74 76 1
75 76 1
35 77 1
36 77 1
37 77 1
38 77 1
73 77 1
74 77 1
75 77 1
35 78 1
36 78 1
37 78 1
38 78 1
74 78 1
75 78 1
76 78 1
34 79 1
35 79 1
36 79 1
37 79 1
75 79 1
76 79 1
77 79 1
34 80 1
35 80 1
36 80 1
37 80 1
75 80 1
76 80 1
77 80 1
34 81 1
35 81 1
36 81 1
76 81 1
77 81 1
35 82 1
36 82 1
37 82 1
76 82 1
77 82 1
78 82 1
35 83 1
36 83 1
37 83 1
76 83 1
77 83 1
78 83 1
35 84 1
36 84 1
37 84 1
38 84 1
39 84 1
77 84 1
78 84 1
35 85 1
36 85 1
37 85 1
38 85 1
77 85 1
78 85 1
79 85 1
35 86 1
36 86 1
37 86 1
38 86 1
39 86 1
40 86 1
77 86 1
78 86 1
79 86 1
35 87 1
36 87 1
37 87 1
38 87 1
39 87 1
40 87 1
44 87 1
45 87 1
78 87 1
79 87 1
38 88 1
39 88 1
40 88 1
41 88 1
42 88 1
44 88 1
45 88 1
46 88 1
47 88 1
78 88 1
79 88 1
35 89 1
39 89 1
40 89 1
41 89 1
42 89 1
45 89 1
46 89 1
47 89 1
78 89 1
79 89 1
80 89 1
40 90 1
41 90 1
42 90 1
43 90 1
44 90 1
46 90 1
47 90 1
79 90 1
80 90 1
81 90 1
33 91 1
34 91 1
35 91 1
42 91 1
43 91 1
44 91 1
45 91 1
47 91 1
48 91 1
79 91 1
80 91 1
81 91 1
34 92 1
35 92 1
41 92 1
42 92 1
43 92 1
44 92 1
45 92 1
46 92 1
47 92 1
48 92 1
49 92 1
79 92 1
80 92 1
81 92 1
33 93 1
34 93 1
35 93 1
43 93 1
44 93 1
45 93 1
46 93 1
47 93 1
79 93 1
80 93 1
81 93 1
34 94 1
35 94 1
44 94 1
45 94 1
46 94 1
47 94 1
50 94 1
51 94 1
57 94 1
80 94 1
81 94 1
34 95 1
35 95 1
45 95 1
46 95 1
47 95 1
48 95 1
51 95 1
57 95 1
80 95 1
81 95 1
34 96 1
35 96 1
45 96 1
46 96 1
47 96 1
48 96 1
57 96 1
80 96 1
81 96 1
34 97 1
35 97 1
45 97 1
46 97 1
47 97 1
48 97 1
51 97 1
80 97 1
81 97 1
82 97 1
34 98 1
35 98 1
46 98 1
47 98 1
48 98 1
80 98 1
81 98 1
82 98 1
34 99 1
35 99 1
45 99 1
46 99 1
47 99 1
48 99 1
51 99 1
80 99 1
81 99 1
82 99 1
34 100 1
35 100 1
47 100 1
48 100 1
51 100 1
80 100 1
81 100 1
82 100 1
83 100 1
34 101 1
35 101 1
45 101 1
46 101 1
48 101 1
81 101 1
82 101 1
34 102 1
35 102 1
36 102 1
45 102 1
70 102 1
81 102 1
82 102 1
35 103 1
36 103 1
45 103 1
46 103 1
47 103 1
48 103 1
81 103 1
82 103 1
35 104 1
45 104 1
46 104 1
47 104 1
70 104 1
81 104 1
82 104 1
45 105 1
46 105 1
47 105 1
70 105 1
81 105 1
82 105 1
83 105 1
93 105 1
36 106 1
45 106 1
46 106 1
47 106 1
82 106 1
83 106 1
90 106 1
35 107 1
36 107 1
45 107 1
46 107 1
47 107 1
55 107 1
82 107 1
83 107 1
84 107 1
87 107 1
35 108 1
36 108 1
44 108 1
45 108 1
46 108 1
55 108 1
84 108 1
85 108 1
31 109 1
44 109 1
45 109 1
46 109 1
55 109 1
56 109 1
79 109 1
45 110 1
79 110 1
43 111 1
45 111 1
79 111 1
41 112 1
43 112 1
44 112 1
45 112 1
56 112 1
65 112 1
66 112 1
83 112 1
43 113 1
44 113 1
45 113 1
49 113 1
51 113 1
55 113 1
56 113 1
57 113 1
58 113 1
65 113 1
66 113 1
67 113 1
45 114 1
46 114 1
49 114 1
50 114 1
51 114 1
52 114 1
56 114 1
57 114 1
58 114 1
59 114 1
66 114 1
67 114 1
79 114 1
46 115 1
50 115 1
51 115 1
52 115 1
53 115 1
54 115 1
58 115 1
59 115 1
66 115 1
67 115 1
46 116 1
47 116 1
48 116 1
49 116 1
51 116 1
52 116 1
53 116 1
54 116 1
55 116 1
59 116 1
60 116 1
66 116 1
67 116 1
73 116 1
74 116 1
52 117 1
53 117 1
54 117 1
55 117 1
56 117 1
60 117 1
61 117 1
67 117 1
74 117 1
53 118 1
54 118 1
55 118 1
56 118 1
57 118 1
60 118 1
61 118 1
62 118 1
67 118 1
74 118 1
54 119 1
56 119 1
57 119 1
58 119 1
61 119 1
62 119 1
63 119 1
67 119 1
74 119 1
75 119 1
57 120 1
58 120 1
61 120 1
62 120 1
63 120 1
74 120 1
75 120 1
55 121 1
57 121 1
58 121 1
59 121 1
62 121 1
63 121 1
64 121 1
75 121 1
88 121 1
58 122 1
59 122 1
63 122 1
64 122 1
88 122 1
58 123 1
59 123 1
60 123 1
63 123 1
64 123 1
65 123 1
58 124 1
59 124 1
60 124 1
64 124 1
65 124 1
38 125 1
58 125 1
59 125 1
60 125 1
61 125 1
64 125 1
65 125 1
66 125 1
69 125 1
35 126 1
38 126 1
59 126 1
60 126 1
61 126 1
62 126 1
64 126 1
65 126 1
66 126 1
87 126 1
38 127 1
60 127 1
61 127 1
62 127 1
65 127 1
66 127 1
67 127 1
60 128 1
61 128 1
62 128 1
63 128 1
65 128 1
66 128 1
67 128 1
34 129 1
61 129 1
62 129 1
63 129 1
65 129 1
66 129 1
67 129 1
34 130 1
62 130 1
63 130 1
66 130 1
67 130 1
34 131 1
35 131 1
63 131 1
66 131 1
67 131 1
68 131 1
36 132 1
63 132 1
64 132 1
66 132 1
67 132 1
68 132 1
75 132 1
35 133 1
36 133 1
64 133 1
66 133 1
67 133 1
68 133 1
75 133 1
77 133 1
35 134 1
64 134 1
65 134 1
67 134 1
68 134 1
77 134 1
64 135 1
65 135 1
67 135 1
68 135 1
69 135 1
37 136 1
65 136 1
67 136 1
68 136 1
69 136 1
76 136 1
37 137 1
38 137 1
65 137 1
66 137 1
67 137 1
68 137 1
69 137 1
37 138 1
66 138 1
67 138 1
68 138 1
69 138 1
70 138 1
37 139 1
38 139 1
68 139 1
69 139 1
70 139 1
38 140 1
68 140 1
69 140 1
70 140 1
109 140 1
38 141 1
68 141 1
69 141 1
70 141 1
93 141 1
37 142 1
38 142 1
68 142 1
69 142 1
70 142 1
71 142 1
37 143 1
38 143 1
68 143 1
69 143 1
70 143 1
71 143 1
38 144 1
69 144 1
70 144 1
71 144 1
38 145 1
69 145 1
70 145 1
71 145 1
112 145 1
113 145 1
38 146 1
68 146 1
69 146 1
70 146 1
71 146 1
68 147 1
69 147 1
70 147 1
71 147 1
74 147 1
38 148 1
41 148 1
68 148 1
69 148 1
70 148 1
74 148 1
114 148 1
38 149 1
68 149 1
69 149 1
70 149 1
74 149 1
75 149 1
38 150 1
39 150 1
67 150 1
68 150 1
69 150 1
70 150 1
74 150 1
75 150 1
116 150 1
38 151 1
39 151 1
67 151 1
68 151 1
69 151 1
116 151 1
39 152 1
68 152 1
69 152 1
116 152 1
39 153 1
40 153 1
66 153 1
68 153 1
69 153 1
72 153 1
117 153 1
40 154 1
66 154 1
67 154 1
68 154 1
69 154 1
72 154 1
117 154 1
67 155 1
68 155 1
72 155 1
117 155 1
118 155 1
39 156 1
41 156 1
42 156 1
66 156 1
67 156 1
72 156 1
73 156 1
118 156 1
30 157 1
32 157 1
66 157 1
67 157 1
71 157 1
118 157 1
40 158 1
65 158 1
67 158 1
70 158 1
71 158 1
72 158 1
40 159 1
67 159 1
71 159 1
76 159 1
118 159 1
119 159 1
67 160 1
68 160 1
70 160 1
71 160 1
76 160 1
119 160 1
120 160 1
121 160 1
39 161 1
40 161 1
66 161 1
68 161 1
71 161 1
121 161 1
122 161 1
40 162 1
67 162 1
68 162 1
69 162 1
71 162 1
72 162 1
80 162 1
32 163 1
69 163 1
71 163 1
72 163 1
77 163 1
78 163 1
121 163 1
32 164 1
66 164 1
67 164 1
68 164 1
69 164 1
71 164 1
72 164 1
73 164 1
74 164 1
77 164 1
78 164 1
79 164 1
121 164 1
32 165 1
33 165 1
66 165 1
67 165 1
70 165 1
71 165 1
72 165 1
73 165 1
78 165 1
122 165 1
123 165 1
124 165 1
67 166 1
72 166 1
73 166 1
74 166 1
78 166 1
84 166 1
124 166 1
34 167 1
72 167 1
73 167 1
74 167 1
75 167 1
78 167 1
84 167 1
124 167 1
74 168 1
75 168 1
76 168 1
77 168 1
78 168 1
84 168 1
85 168 1
123 168 1
124 168 1
76 169 1
78 169 1
79 169 1
83 169 1
84 169 1
85 169 1
123 169 1
124 169 1
126 169 1
75 170 1
76 170 1
78 170 1
84 170 1
85 170 1
124 170 1
125 170 1
126 170 1
33 171 1
78 171 1
82 171 1
84 171 1
85 171 1
124 171 1
125 171 1
126 171 1
75 172 1
76 172 1
77 172 1
78 172 1
81 172 1
84 172 1
85 172 1
125 172 1
126 172 1
42 173 1
76 173 1
77 173 1
84 173 1
85 173 1
125 173 1
126 173 1
74 174 1
75 174 1
76 174 1
77 174 1
83 174 1
84 174 1
85 174 1
125 174 1
83 175 1
84 175 1
85 175 1
125 175 1
83 176 1
84 176 1
85 176 1
83 177 1
84 177 1
85 177 1
83 178 1
84 178 1
85 178 1
83 179 1
84 179 1
32 180 1
83 180 1
84 180 1
32 181 1
41 181 1
83 181 1
84 181 1
32 182 1
83 182 1
84 182 1
83 183 1
82 184 1
83 184 1
43 185 1
82 185 1
83 185 1
82 186 1
83 186 1
81 187 1
82 187 1
83 187 1
81 188 1
82 188 1
83 188 1
40 189 1
82 189 1
83 189 1
82 190 1
83 190 1
30 191 1
31 191 1
81 191 1
31 192 1
32 192 1
31 193 1
32 193 1
78 193 1
80 193 1
32 194 1
33 194 1
34 194 1
78 194 1
79 194 1
80 194 1
32 195 1
33 195 1
34 195 1
78 195 1
79 195 1
80 195 1
33 196 1
34 196 1
78 196 1
79 196 1
80 196 1
81 196 1
33 197 1
34 197 1
79 197 1
80 197 1
81 197 1
33 198 1
34 198 1
80 198 1
81 198 1
33 199 1
34 199 1
35 199 1
80 199 1
81 199 1
85 199 1
33 200 1
34 200 1
35 200 1
81 200 1
82 200 1
34 201 1
35 201 1
83 201 1
89 201 1
34 202 1
35 202 1
36 202 1
89 202 1
90 202 1
35 203 1
36 203 1
89 203 1
90 203 1
35 204 1
36 204 1
37 204 1
89 204 1
90 204 1
35 205 1
36 205 1
37 205 1
86 205 1
89 205 1
90 205 1
36 206 1
37 206 1
38 206 1
39 206 1
86 206 1
89 206 1
90 206 1
86 207 1
89 207 1
90 207 1
40 208 1
86 208 1
87 208 1
89 208 1
89 209 1
87 210 1
89 210 1
33 211 1
90 212 1
91 212 1
95 212 1
89 213 1
90 213 1
91 213 1
93 213 1
94 213 1
95 213 1
96 213 1
89 214 1
90 214 1
94 214 1
95 214 1
96 214 1
89 215 1
90 215 1
96 215 1
89 216 1
90 216 1
96 216 1
89 217 1
90 217 1
91 217 1
89 218 1
90 218 1
91 218 1
95 218 1
96 218 1
89 219 1
90 219 1
91 219 1
95 219 1
34 220 1
90 220 1
91 220 1
90 221 1
91 221 1
90 222 1
91 222 1
93 222 1
90 223 1
91 223 1
93 223 1
90 224 1
91 224 1
93 224 1
90 225 1
93 225 1
4 226 1
90 227 1
32 229 1
9 233 1
13 241 1
14 242 1
16 242 1
16 243 1
16 244 1
18 244 1
16 245 1
18 245 1
18 246 1
19 246 1
24 246 1
20 247 1
24 247 1
260 40 2
258 41 2
259 41 2
252 42 2
253 42 2
269 42 2
243 43 2
245 43 2
251 43 2
261 43 2
267 43 2
253 44 2
254 44 2
257 44 2
258 44 2
259 44 2
263 44 2
266 44 2
267 44 2
271 44 2
272 44 2
244 45 2
248 45 2
254 45 2
265 45 2
270 45 2
243 46 2
250 46 2
251 46 2
252 46 2
254 46 2
259 46 2
260 46 2
261 46 2
269 46 2
274 46 2
241 47 2
250 47 2
251 47 2
252 47 2
259 47 2
260 47 2
269 47 2
273 47 2
250 48 2
251 48 2
252 48 2
257 48 2
259 48 2
263 48 2
249 49 2
250 49 2
251 49 2
252 49 2
256 49 2
257 49 2
258 49 2
259 49 2
262 49 2
249 50 2
250 50 2
251 50 2
257 50 2
260 50 2
261 50 2
250 51 2
252 51 2
257 51 2
260 51 2
261 51 2
273 51 2
247 52 2
249 52 2
258 52 2
259 52 2
250 60 2
251 60 2
254 60 2
265 60 2
266 60 2
249 61 2
250 61 2
264 61 2
265 61 2
274 61 2
248 62 2
255 62 2
256 62 2
257 62 2
261 62 2
264 62 2
265 62 2
276 62 2
249 63 2
256 63 2
257 63 2
258 63 2
263 63 2
264 63 2
265 63 2
257 64 2
258 64 2
263 64 2
264 64 2
265 64 2
266 64 2
245 65 2
257 65 2
258 65 2
260 65 2
263 65 2
265 65 2
266 65 2
273 65 2
274 65 2
249 66 2
258 66 2
259 66 2
260 66 2
261 66 2
264 66 2
265 66 2
266 66 2
272 66 2
273 66 2
274 66 2
249 67 2
255 67 2
256 67 2
257 67 2
258 67 2
260 67 2
263 67 2
264 67 2
265 67 2
266 67 2
267 67 2
272 67 2
255 68 2
256 68 2
257 68 2
258 68 2
262 68 2
263 68 2
267 68 2
268 68 2
272 68 2
245 69 2
254 69 2
255 69 2
256 69 2
257 69 2
258 69 2
261 69 2
262 69 2
264 69 2
265 69 2
256 70 2
265 70 2
252 71 2
105 85 2
102 87 2
103 87 2
96 88 2
99 88 2
95 89 2
96 89 2
97 89 2
98 89 2
99 89 2
100 89 2
101 89 2
102 89 2
117 89 2
118 89 2
95 90 2
96 90 2
97 90 2
98 90 2
100 90 2
101 90 2
119 90 2
95 91 2
96 91 2
97 91 2
99 91 2
100 91 2
101 91 2
102 91 2
103 91 2
120 91 2
121 91 2
94 92 2
95 92 2
96 92 2
97 92 2
98 92 2
101 92 2
102 92 2
121 92 2
93 93 2
94 93 2
95 93 2
96 93 2
97 93 2
98 93 2
103 93 2
104 93 2
105 93 2
106 93 2
121 93 2
122 93 2
93 94 2
94 94 2
95 94 2
96 94 2
97 94 2
105 94 2
106 94 2
107 94 2
122 94 2
123 94 2
90 95 2
93 95 2
94 95 2
95 95 2
96 95 2
103 95 2
104 95 2
105 95 2
106 95 2
108 95 2
109 95 2
111 95 2
122 95 2
123 95 2
91 96 2
93 96 2
94 96 2
95 96 2
96 96 2
101 96 2
102 96 2
103 96 2
104 96 2
105 96 2
106 96 2
108 96 2
109 96 2
110 96 2
111 96 2
112 96 2
113 96 2
123 96 2
93 97 2
94 97 2
95 97 2
96 97 2
98 97 2
99 97 2
100 97 2
101 97 2
102 97 2
103 97 2
104 97 2
105 97 2
106 97 2
107 97 2
108 97 2
109 97 2
111 97 2
112 97 2
113 97 2
114 97 2
123 97 2
92 98 2
93 98 2
94 98 2
95 98 2
96 98 2
97 98 2
99 98 2
100 98 2
101 98 2
102 98 2
103 98 2
104 98 2
105 98 2
106 98 2
108 98 2
109 98 2
110 98 2
111 98 2
112 98 2
113 98 2
114 98 2
115 98 2
116 98 2
123 98 2
124 98 2
92 99 2
93 99 2
94 99 2
95 99 2
96 99 2
97 99 2
98 99 2
99 99 2
100 99 2
101 99 2
102 99 2
103 99 2
109 99 2
110 99 2
111 99 2
112 99 2
113 99 2
114 99 2
115 99 2
122 99 2
123 99 2
124 99 2
92 100 2
93 100 2
94 100 2
95 100 2
96 100 2
97 100 2
98 100 2
100 100 2
101 100 2
102 100 2
110 100 2
111 100 2
112 100 2
113 100 2
114 100 2
115 100 2
122 100 2
123 100 2
124 100 2
94 101 2
95 101 2
96 101 2
100 101 2
110 101 2
111 101 2
112 101 2
113 101 2
114 101 2
115 101 2
120 101 2
122 101 2
123 101 2
113 102 2
114 102 2
115 102 2
116 102 2
118 102 2
120 102 2
121 102 2
122 102 2
123 102 2
110 103 2
111 103 2
113 103 2
114 103 2
115 103 2
116 103 2
118 103 2
119 103 2
122 103 2
123 103 2
116 104 2
117 104 2
119 104 2
122 104 2
123 104 2
113 105 2
114 105 2
116 105 2
117 105 2
119 105 2
120 105 2
121 105 2
122 105 2
123 105 2
113 106 2
114 106 2
115 106 2
116 106 2
117 106 2
120 106 2
121 106 2
123 106 2
124 106 2
114 107 2
115 107 2
116 107 2
117 107 2
118 107 2
120 107 2
121 107 2
122 107 2
123 107 2
124 107 2
114 108 2
115 108 2
116 108 2
118 108 2
121 108 2
122 108 2
123 108 2
124 108 2
125 108 2
116 109 2
117 109 2
122 109 2
123 109 2
124 109 2
125 109 2
126 109 2
116 110 2
117 110 2
122 110 2
123 110 2
124 110 2
125 110 2
126 110 2
122 111 2
123 111 2
124 111 2
125 111 2
126 111 2
127 111 2
118 112 2
122 112 2
123 112 2
124 112 2
125 112 2
126 112 2
127 112 2
114 113 2
118 113 2
123 113 2
124 113 2
125 113 2
126 113 2
114 114 2
124 114 2
103 116 2
113 116 2
103 117 2
104 117 2
106 117 2
114 117 2
103 118 2
104 118 2
108 118 2
102 119 2
103 119 2
104 119 2
108 119 2
111 119 2
103 120 2
104 120 2
105 120 2
104 121 2
105 121 2
105 122 2
106 122 2
105 123 2
106 123 2
105 124 2
106 124 2
105 125 2
106 125 2
104 126 2
105 126 2
106 126 2
104 127 2
105 127 2
105 128 2
105 129 2
106 129 2
105 130 2
106 130 2
102 131 2
106 131 2
103 132 2
106 132 2
103 133 2
107 133 2
106 135 2
107 135 2
105 137 2
115 184 2
116 184 2
115 185 2
116 185 2
115 186 2
116 186 2
115 187 2
116 187 2
113 188 2
116 188 2
117 188 2
116 189 2
117 189 2
103 190 2
117 190 2
118 190 2
116 191 2
117 191 2
118 191 2
119 191 2
103 192 2
116 192 2
117 192 2
118 192 2
119 192 2
102 193 2
116 193 2
117 193 2
119 193 2
120 193 2
102 194 2
119 194 2
120 194 2
96 195 2
119 195 2
120 195 2
95 196 2
96 196 2
120 196 2
121 196 2
95 197 2
96 197 2
120 197 2
121 197 2
95 198 2
96 198 2
120 198 2
121 198 2
96 199 2
120 199 2
121 199 2
96 200 2
121 200 2
122 200 2
96 201 2
121 201 2
122 201 2
122 202 2
123 202 2
123 203 2
123 204 2
124 204 2
124 205 2
124 206 2
125 206 2
124 207 2
125 207 2
99 208 2
125 208 2
125 209 2
126 209 2
126 210 2
126 211 2
127 211 2
126 212 2
127 212 2
127 213 2
128 213 2
128 214 2
128 215 2
129 215 2
113 216 2
128 216 2
129 216 2
129 217 2
120 218 2
129 218 2
130 218 2
130 219 2
130 220 2
131 220 2
130 221 2
131 221 2
130 222 2
131 222 2
131 223 2
118 224 2
131 224 2
132 224 2
119 225 2
131 225 2
132 225 2
131 226 2
132 226 2
130 227 2
131 227 2
112 228 2
119 228 2
130 228 2
131 228 2
111 229 2
112 229 2
113 229 2
115 229 2
119 229 2
130 229 2
131 229 2
111 230 2
112 230 2
113 230 2
119 230 2
120 230 2
129 230 2
130 230 2
131 230 2
111 231 2
112 231 2
129 231 2
130 231 2
131 231 2
111 232 2
112 232 2
118 232 2
126 232 2
127 232 2
129 232 2
130 232 2
131 232 2
110 233 2
126 233 2
127 233 2
128 233 2
129 233 2
130 233 2
131 233 2
110 234 2
126 234 2
127 234 2
128 234 2
129 234 2
130 234 2
111 235 2
125 235 2
126 235 2
127 235 2
128 235 2
129 235 2
130 235 2
125 236 2
126 236 2
127 236 2
128 236 2
129 236 2
119 237 2
124 237 2
125 237 2
126 237 2
128 237 2
129 237 2
125 238 2
127 238 2
128 238 2
125 239 2
126 239 2
127 239 2
128 239 2
126 240 2
127 240 2
127 241 2
127 242 2
126 243 2
127 244 2
110 218 3
110 219 3
110 222 3
128 223 3
109 225 3
110 225 3
128 225 3
113 226 3
116 226 3
128 226 3
113 227 3
114 227 3
127 227 3
110 228 3
127 228 3
126 229 3
127 229 3
126 230 3
127 230 3
126 231 3
113 232 3
125 232 3
126 232 3
108 233 3
109 233 3
113 233 3
114 233 3
125 233 3
126 233 3
107 234 3
108 234 3
114 234 3
124 234 3
125 234 3
126 234 3
111 235 3
112 235 3
124 235 3
125 235 3
107 236 3
110 236 3
111 236 3
124 236 3
125 236 3
110 237 3
111 237 3
112 237 3
123 237 3
124 237 3
125 237 3
107 238 3
108 238 3
111 238 3
112 238 3
123 238 3
124 238 3
106 239 3
107 239 3
108 239 3
111 239 3
113 239 3
123 239 3
124 239 3
105 240 3
106 240 3
107 240 3
108 240 3
110 240 3
111 240 3
112 240 3
122 240 3
123 240 3
106 241 3
122 241 3
123 241 3
124 241 3
105 242 3
109 242 3
122 242 3
123 242 3
124 242 3
104 243 3
105 243 3
110 243 3
111 243 3
121 243 3
122 243 3
123 243 3
104 244 3
105 244 3
108 244 3
109 244 3
110 244 3
121 244 3
122 244 3
104 245 3
108 245 3
109 245 3
110 245 3
121 245 3
109 246 3
110 246 3
120 246 3
121 246 3
103 247 3
104 247 3
109 247 3
120 247 3
121 247 3
104 248 3
108 248 3
109 248 3
111 248 3
114 248 3
120 248 3
121 248 3
107 249 3
108 249 3
119 249 3
120 249 3
103 250 3
104 250 3
105 250 3
107 250 3
108 250 3
118 250 3
119 250 3
120 250 3
121 250 3
105 251 3
107 251 3
118 251 3
119 251 3
120 251 3
103 252 3
107 252 3
118 252 3
119 252 3
120 252 3
103 253 3
105 253 3
107 253 3
108 253 3
109 253 3
117 253 3
118 253 3
119 253 3
106 254 3
107 254 3
119 254 3
117 255 3
118 255 3
119 255 3
105 256 3
106 256 3
117 256 3
116 257 3
117 257 3
