239 16 0
134 21 0
147 21 0
248 21 0
177 22 0
198 23 0
264 24 0
160 25 0
147 26 0
160 26 0
211 26 0
335 26 0
147 27 0
160 27 0
252 27 0
335 27 0
191 28 0
211 28 0
216 28 0
224 28 0
236 28 0
252 28 0
308 28 0
323 28 0
135 29 0
191 29 0
228 29 0
297 29 0
160 30 0
174 30 0
191 30 0
196 30 0
320 30 0
160 31 0
174 31 0
197 31 0
198 31 0
199 31 0
224 31 0
236 31 0
285 31 0
148 32 0
160 32 0
174 32 0
187 32 0
199 32 0
249 32 0
264 32 0
265 32 0
297 32 0
135 33 0
160 33 0
174 33 0
253 33 0
265 33 0
135 34 0
253 34 0
261 34 0
309 34 0
148 35 0
149 35 0
161 35 0
285 35 0
289 35 0
161 36 0
229 36 0
249 36 0
149 37 0
161 37 0
173 37 0
225 37 0
229 37 0
289 37 0
148 38 0
149 38 0
161 38 0
298 38 0
309 38 0
161 39 0
309 39 0
161 40 0
197 40 0
200 40 0
212 40 0
188 41 0
200 41 0
136 42 0
175 42 0
188 42 0
298 42 0
299 42 0
175 43 0
213 43 0
336 43 0
175 44 0
299 44 0
175 45 0
299 45 0
205 46 0
334 46 0
175 47 0
201 47 0
299 47 0
201 48 0
262 48 0
299 48 0
300 48 0
162 49 0
188 49 0
189 49 0
194 49 0
175 50 0
201 51 0
150 52 0
176 52 0
219 52 0
300 52 0
335 52 0
300 53 0
335 53 0
339 53 0
176 54 0
214 54 0
227 54 0
292 54 0
305 54 0
339 54 0
176 55 0
335 55 0
150 57 0
202 57 0
305 57 0
150 58 0
207 58 0
336 58 0
202 59 0
231 59 0
301 59 0
340 59 0
150 60 0
151 60 0
189 60 0
190 60 0
202 60 0
317 60 0
336 60 0
150 61 0
163 61 0
164 61 0
189 61 0
190 61 0
202 61 0
215 61 0
163 62 0
164 62 0
202 62 0
228 62 0
301 62 0
313 62 0
163 63 0
164 63 0
207 63 0
215 63 0
232 63 0
163 64 0
164 64 0
232 64 0
301 64 0
306 64 0
164 65 0
177 65 0
226 65 0
301 65 0
302 65 0
305 65 0
313 65 0
151 66 0
177 66 0
203 66 0
306 66 0
325 66 0
337 66 0
151 67 0
164 67 0
177 67 0
203 67 0
203 68 0
151 69 0
176 69 0
177 69 0
190 69 0
191 69 0
314 69 0
329 69 0
151 70 0
176 70 0
190 70 0
290 70 0
302 70 0
326 70 0
138 71 0
171 71 0
190 71 0
191 71 0
203 71 0
314 71 0
326 71 0
151 72 0
152 72 0
190 72 0
229 72 0
233 72 0
234 72 0
314 72 0
318 72 0
290 73 0
294 73 0
314 73 0
172 74 0
216 74 0
229 74 0
240 74 0
303 74 0
314 74 0
315 74 0
178 75 0
216 75 0
240 75 0
294 75 0
342 75 0
178 76 0
204 76 0
209 76 0
291 76 0
326 76 0
327 76 0
178 77 0
209 77 0
138 78 0
165 78 0
178 78 0
217 78 0
295 78 0
327 78 0
165 79 0
173 79 0
191 79 0
217 79 0
230 79 0
295 79 0
318 79 0
327 79 0
165 80 0
191 80 0
217 80 0
230 80 0
242 80 0
267 80 0
304 80 0
319 80 0
173 81 0
191 81 0
304 81 0
315 81 0
316 81 0
339 81 0
139 82 0
173 82 0
191 82 0
204 82 0
217 82 0
315 82 0
316 82 0
152 83 0
217 83 0
280 83 0
327 83 0
328 83 0
152 84 0
153 84 0
340 84 0
205 85 0
210 85 0
255 85 0
292 85 0
296 85 0
340 85 0
166 86 0
204 86 0
205 86 0
255 86 0
292 86 0
308 86 0
316 86 0
139 87 0
152 87 0
153 87 0
166 87 0
174 87 0
179 87 0
243 87 0
296 87 0
316 87 0
320 87 0
152 88 0
153 88 0
165 88 0
166 88 0
179 88 0
192 88 0
243 88 0
305 88 0
332 88 0
166 89 0
179 89 0
192 89 0
218 89 0
260 89 0
268 89 0
329 89 0
153 90 0
166 90 0
179 90 0
192 90 0
218 90 0
250 90 0
268 90 0
281 90 0
160 91 0
166 91 0
179 91 0
218 91 0
231 91 0
268 91 0
281 91 0
293 91 0
305 91 0
166 92 0
178 92 0
231 92 0
243 92 0
248 92 0
256 92 0
293 92 0
317 92 0
329 92 0
153 93 0
178 93 0
205 93 0
297 93 0
329 93 0
185 94 0
205 94 0
206 94 0
211 94 0
218 94 0
248 94 0
256 94 0
317 94 0
333 94 0
341 94 0
186 95 0
198 95 0
205 95 0
206 95 0
219 95 0
223 95 0
244 95 0
256 95 0
273 95 0
285 95 0
305 95 0
306 95 0
321 95 0
330 95 0
154 96 0
166 96 0
185 96 0
186 96 0
244 96 0
285 96 0
306 96 0
309 96 0
321 96 0
330 96 0
333 96 0
154 97 0
166 97 0
180 97 0
244 97 0
269 97 0
285 97 0
330 97 0
333 97 0
154 98 0
180 98 0
219 98 0
244 98 0
257 98 0
269 98 0
282 98 0
294 98 0
297 98 0
330 98 0
140 99 0
167 99 0
180 99 0
193 99 0
219 99 0
225 99 0
257 99 0
261 99 0
297 99 0
318 99 0
330 99 0
154 100 0
180 100 0
193 100 0
206 100 0
261 100 0
269 100 0
273 100 0
294 100 0
306 100 0
154 101 0
167 101 0
179 101 0
180 101 0
193 101 0
199 101 0
206 101 0
224 101 0
261 101 0
298 101 0
306 101 0
330 101 0
154 102 0
167 102 0
175 102 0
193 102 0
206 102 0
207 102 0
224 102 0
257 102 0
282 102 0
298 102 0
318 102 0
167 103 0
179 103 0
206 103 0
224 103 0
257 103 0
282 103 0
294 103 0
295 103 0
154 104 0
167 104 0
179 104 0
199 104 0
274 104 0
295 104 0
161 105 0
167 105 0
179 105 0
199 105 0
220 105 0
270 105 0
331 105 0
167 106 0
270 106 0
307 106 0
220 107 0
233 107 0
307 107 0
331 107 0
154 108 0
181 108 0
194 108 0
220 108 0
225 108 0
258 108 0
295 108 0
299 108 0
181 109 0
194 109 0
225 109 0
233 109 0
258 109 0
270 109 0
311 109 0
181 110 0
194 110 0
207 110 0
225 110 0
270 110 0
271 110 0
286 110 0
287 110 0
299 110 0
155 111 0
168 111 0
175 111 0
181 111 0
194 111 0
207 111 0
220 111 0
221 111 0
271 111 0
283 111 0
168 112 0
175 112 0
180 112 0
181 112 0
194 112 0
200 112 0
207 112 0
220 112 0
221 112 0
246 112 0
258 112 0
271 112 0
287 112 0
296 112 0
319 112 0
320 112 0
168 113 0
180 113 0
181 113 0
200 113 0
207 113 0
246 113 0
296 113 0
320 113 0
332 113 0
155 114 0
163 114 0
168 114 0
180 114 0
181 114 0
207 114 0
221 114 0
246 114 0
155 115 0
168 115 0
220 115 0
221 115 0
300 115 0
155 116 0
163 116 0
188 116 0
221 116 0
259 116 0
296 116 0
320 116 0
321 116 0
187 117 0
188 117 0
226 117 0
259 117 0
296 117 0
300 117 0
312 117 0
321 117 0
182 118 0
187 118 0
309 118 0
155 119 0
182 119 0
195 119 0
208 119 0
284 119 0
285 119 0
297 119 0
309 119 0
321 119 0
155 120 0
168 120 0
176 120 0
182 120 0
195 120 0
247 120 0
285 120 0
297 120 0
321 120 0
155 121 0
163 121 0
168 121 0
175 121 0
182 121 0
195 121 0
201 121 0
208 121 0
321 121 0
163 122 0
168 122 0
169 122 0
182 122 0
195 122 0
208 122 0
226 122 0
297 122 0
156 123 0
169 123 0
195 123 0
201 123 0
208 123 0
285 123 0
297 123 0
310 123 0
156 124 0
169 124 0
201 124 0
208 124 0
297 124 0
301 124 0
310 124 0
156 125 0
169 125 0
189 125 0
202 125 0
297 125 0
301 125 0
156 126 0
169 126 0
301 126 0
156 127 0
169 127 0
201 127 0
273 127 0
301 127 0
310 127 0
322 127 0
156 128 0
169 128 0
181 128 0
196 128 0
227 128 0
310 128 0
322 128 0
335 128 0
169 129 0
183 129 0
189 129 0
196 129 0
209 129 0
273 129 0
288 129 0
289 129 0
298 129 0
310 129 0
156 130 0
181 130 0
183 130 0
196 130 0
209 130 0
273 130 0
298 130 0
302 130 0
314 130 0
183 131 0
189 131 0
196 131 0
215 131 0
302 131 0
338 131 0
170 132 0
209 132 0
214 132 0
302 132 0
322 132 0
170 133 0
183 133 0
190 133 0
209 133 0
261 133 0
302 133 0
322 133 0
335 133 0
170 134 0
176 134 0
183 134 0
189 134 0
209 134 0
261 134 0
298 134 0
302 134 0
311 134 0
170 135 0
183 135 0
302 135 0
323 135 0
324 135 0
143 136 0
170 136 0
189 136 0
302 136 0
143 137 0
164 137 0
170 137 0
178 137 0
299 137 0
157 138 0
164 138 0
190 138 0
210 138 0
228 138 0
287 138 0
299 138 0
300 138 0
323 138 0
157 139 0
165 139 0
170 139 0
197 139 0
210 139 0
287 139 0
311 139 0
323 139 0
152 140 0
184 140 0
197 140 0
210 140 0
323 140 0
184 141 0
197 141 0
210 141 0
216 141 0
287 141 0
299 141 0
157 142 0
176 142 0
184 142 0
197 142 0
210 142 0
299 142 0
157 143 0
164 143 0
170 143 0
184 143 0
197 143 0
210 143 0
165 144 0
170 144 0
177 144 0
197 144 0
203 144 0
210 144 0
171 145 0
184 145 0
190 145 0
197 145 0
203 145 0
210 145 0
303 145 0
312 145 0
313 145 0
315 145 0
171 146 0
184 146 0
171 147 0
191 147 0
229 147 0
158 148 0
171 148 0
203 148 0
275 148 0
158 149 0
171 149 0
183 149 0
198 149 0
203 149 0
301 149 0
158 150 0
171 150 0
198 150 0
203 150 0
301 150 0
158 151 0
179 151 0
185 151 0
198 151 0
301 151 0
158 152 0
183 152 0
185 152 0
191 152 0
196 152 0
204 152 0
216 152 0
153 153 0
158 153 0
178 153 0
185 153 0
198 153 0
204 153 0
211 153 0
216 153 0
217 153 0
166 154 0
185 154 0
191 154 0
196 154 0
198 154 0
205 154 0
211 154 0
172 155 0
185 155 0
192 155 0
198 155 0
211 155 0
301 155 0
172 156 0
179 156 0
185 156 0
305 156 0
172 157 0
179 157 0
191 157 0
172 158 0
184 158 0
145 159 0
172 159 0
222 159 0
302 159 0
172 160 0
199 160 0
212 160 0
222 160 0
159 161 0
180 161 0
186 161 0
199 161 0
204 161 0
212 161 0
302 161 0
159 162 0
186 162 0
199 162 0
212 162 0
167 163 0
186 163 0
199 163 0
212 163 0
186 164 0
186 165 0
186 166 0
192 166 0
186 167 0
172 168 0
180 168 0
173 170 0
200 170 0
173 171 0
200 171 0
160 172 0
187 173 0
187 174 0
200 174 0
187 175 0
160 176 0
187 176 0
194 176 0
200 176 0
206 176 0
214 176 0
187 177 0
194 177 0
200 177 0
174 178 0
187 178 0
219 178 0
174 179 0
174 180 0
181 181 0
186 181 0
173 182 0
174 182 0
181 182 0
221 182 0
174 183 0
201 183 0
188 184 0
207 184 0
215 184 0
188 185 0
188 186 0
201 186 0
215 186 0
188 187 0
215 187 0
188 188 0
195 188 0
182 189 0
188 189 0
215 189 0
215 190 0
175 191 0
188 192 0
195 192 0
202 193 0
175 194 0
194 194 0
162 196 0
175 196 0
189 197 0
203 197 0
189 198 0
203 198 0
203 199 0
216 199 0
216 200 0
176 201 0
208 203 0
176 204 0
176 205 0
203 205 0
216 205 0
217 205 0
176 206 0
209 207 0
190 208 0
209 209 0
197 212 0
171 214 0
204 215 0
177 218 0
197 220 0
211 220 0
192 223 0
193 234 0
206 237 0
160 251 0
221 252 0
114 15 1
99 16 1
114 16 1
126 16 1
89 18 1
85 19 1
87 19 1
99 19 1
41 70 1
43 70 1
45 70 1
47 70 1
49 70 1
50 70 1
51 70 1
52 70 1
53 70 1
54 70 1
55 70 1
56 70 1
45 71 1
46 71 1
47 71 1
48 71 1
49 71 1
50 71 1
51 71 1
52 71 1
53 71 1
54 71 1
55 71 1
56 71 1
57 71 1
58 71 1
60 71 1
48 72 1
55 72 1
56 72 1
57 72 1
58 72 1
59 72 1
60 72 1
61 72 1
56 73 1
57 73 1
58 73 1
59 73 1
60 73 1
61 73 1
58 74 1
59 74 1
60 74 1
61 74 1
62 74 1
60 75 1
61 75 1
62 75 1
63 75 1
33 76 1
34 76 1
61 76 1
62 76 1
63 76 1
64 76 1
31 77 1
63 77 1
64 77 1
65 77 1
29 78 1
31 78 1
32 78 1
64 78 1
65 78 1
66 78 1
28 79 1
29 79 1
30 79 1
31 79 1
65 79 1
66 79 1
67 79 1
27 80 1
28 80 1
29 80 1
30 80 1
31 80 1
32 80 1
65 80 1
66 80 1
67 80 1
68 80 1
26 81 1
27 81 1
28 81 1
29 81 1
30 81 1
66 81 1
67 81 1
68 81 1
69 81 1
26 82 1
27 82 1
28 82 1
29 82 1
67 82 1
68 82 1
69 82 1
70 82 1
26 83 1
27 83 1
28 83 1
29 83 1
67 83 1
68 83 1
69 83 1
26 84 1
27 84 1
28 84 1
29 84 1
68 84 1
69 84 1
70 84 1
26 85 1
27 85 1
28 85 1
29 85 1
68 85 1
69 85 1
70 85 1
26 86 1
27 86 1
28 86 1
29 86 1
69 86 1
70 86 1
71 86 1
27 87 1
28 87 1
29 87 1
69 87 1
70 87 1
71 87 1
27 88 1
28 88 1
29 88 1
69 88 1
70 88 1
71 88 1
27 89 1
28 89 1
29 89 1
30 89 1
70 89 1
71 89 1
72 89 1
26 90 1
29 90 1
30 90 1
31 90 1
32 90 1
70 90 1
71 90 1
72 90 1
26 91 1
27 91 1
30 91 1
31 91 1
32 91 1
35 91 1
36 91 1
37 91 1
70 91 1
71 91 1
72 91 1
73 91 1
26 92 1
27 92 1
28 92 1
31 92 1
32 92 1
33 92 1
36 92 1
37 92 1
71 92 1
72 92 1
73 92 1
26 93 1
27 93 1
28 93 1
32 93 1
33 93 1
34 93 1
36 93 1
37 93 1
38 93 1
71 93 1
72 93 1
73 93 1
26 94 1
27 94 1
28 94 1
33 94 1
34 94 1
35 94 1
36 94 1
37 94 1
38 94 1
39 94 1
71 94 1
72 94 1
73 94 1
74 94 1
26 95 1
27 95 1
28 95 1
34 95 1
35 95 1
36 95 1
37 95 1
38 95 1
39 95 1
40 95 1
72 95 1
73 95 1
74 95 1
26 96 1
27 96 1
28 96 1
35 96 1
36 96 1
37 96 1
38 96 1
40 96 1
72 96 1
73 96 1
74 96 1
27 97 1
36 97 1
37 97 1
38 97 1
39 97 1
40 97 1
72 97 1
73 97 1
74 97 1
27 98 1
28 98 1
36 98 1
37 98 1
38 98 1
39 98 1
40 98 1
41 98 1
73 98 1
74 98 1
75 98 1
27 99 1
28 99 1
37 99 1
38 99 1
39 99 1
40 99 1
41 99 1
42 99 1
49 99 1
73 99 1
74 99 1
75 99 1
27 100 1
28 100 1
36 100 1
37 100 1
38 100 1
39 100 1
41 100 1
59 100 1
73 100 1
74 100 1
75 100 1
27 101 1
28 101 1
37 101 1
38 101 1
39 101 1
41 101 1
59 101 1
73 101 1
74 101 1
75 101 1
28 102 1
38 102 1
39 102 1
40 102 1
73 102 1
74 102 1
75 102 1
28 103 1
38 103 1
39 103 1
40 103 1
41 103 1
42 103 1
43 103 1
44 103 1
45 103 1
74 103 1
75 103 1
76 103 1
38 104 1
39 104 1
40 104 1
41 104 1
73 104 1
74 104 1
75 104 1
76 104 1
38 105 1
39 105 1
74 105 1
75 105 1
76 105 1
28 106 1
38 106 1
39 106 1
40 106 1
74 106 1
75 106 1
76 106 1
77 106 1
37 107 1
38 107 1
39 107 1
74 107 1
75 107 1
38 108 1
75 108 1
76 108 1
77 108 1
37 109 1
38 109 1
39 109 1
62 109 1
63 109 1
75 109 1
76 109 1
37 110 1
38 110 1
39 110 1
46 110 1
63 110 1
75 110 1
76 110 1
37 111 1
38 111 1
39 111 1
47 111 1
76 111 1
77 111 1
78 111 1
37 112 1
38 112 1
39 112 1
47 112 1
76 112 1
77 112 1
78 112 1
36 113 1
37 113 1
38 113 1
47 113 1
77 113 1
78 113 1
36 114 1
37 114 1
38 114 1
47 114 1
56 114 1
77 114 1
78 114 1
35 115 1
38 115 1
56 115 1
71 115 1
77 115 1
78 115 1
47 116 1
56 116 1
57 116 1
58 116 1
77 116 1
78 116 1
79 116 1
35 117 1
36 117 1
37 117 1
42 117 1
43 117 1
47 117 1
48 117 1
49 117 1
56 117 1
57 117 1
58 117 1
72 117 1
78 117 1
79 117 1
35 118 1
36 118 1
37 118 1
41 118 1
42 118 1
43 118 1
44 118 1
48 118 1
49 118 1
50 118 1
57 118 1
58 118 1
59 118 1
72 118 1
78 118 1
79 118 1
36 119 1
41 119 1
42 119 1
43 119 1
44 119 1
45 119 1
50 119 1
51 119 1
58 119 1
59 119 1
72 119 1
79 119 1
41 120 1
42 120 1
43 120 1
44 120 1
45 120 1
46 120 1
51 120 1
52 120 1
58 120 1
59 120 1
65 120 1
66 120 1
73 120 1
78 120 1
79 120 1
80 120 1
43 121 1
44 121 1
45 121 1
46 121 1
47 121 1
48 121 1
51 121 1
52 121 1
53 121 1
58 121 1
59 121 1
65 121 1
66 121 1
73 121 1
79 121 1
80 121 1
44 122 1
45 122 1
46 122 1
47 122 1
48 122 1
49 122 1
51 122 1
52 122 1
53 122 1
54 122 1
66 122 1
67 122 1
73 122 1
80 122 1
81 122 1
45 123 1
47 123 1
48 123 1
49 123 1
50 123 1
51 123 1
52 123 1
53 123 1
54 123 1
59 123 1
60 123 1
67 123 1
81 123 1
48 124 1
49 124 1
50 124 1
51 124 1
53 124 1
54 124 1
55 124 1
56 124 1
66 124 1
67 124 1
68 124 1
81 124 1
31 125 1
49 125 1
50 125 1
51 125 1
53 125 1
54 125 1
55 125 1
56 125 1
60 125 1
67 125 1
68 125 1
48 126 1
49 126 1
50 126 1
51 126 1
54 126 1
55 126 1
56 126 1
60 126 1
67 126 1
68 126 1
82 126 1
49 127 1
50 127 1
51 127 1
52 127 1
54 127 1
55 127 1
56 127 1
57 127 1
61 127 1
67 127 1
68 127 1
80 127 1
82 127 1
50 128 1
51 128 1
52 128 1
55 128 1
56 128 1
57 128 1
67 128 1
68 128 1
82 128 1
83 128 1
49 129 1
50 129 1
51 129 1
52 129 1
53 129 1
55 129 1
56 129 1
57 129 1
58 129 1
67 129 1
82 129 1
83 129 1
84 129 1
51 130 1
52 130 1
53 130 1
54 130 1
56 130 1
57 130 1
58 130 1
59 130 1
67 130 1
84 130 1
51 131 1
52 131 1
53 131 1
54 131 1
55 131 1
56 131 1
57 131 1
58 131 1
59 131 1
67 131 1
68 131 1
84 131 1
52 132 1
53 132 1
54 132 1
55 132 1
57 132 1
58 132 1
59 132 1
68 132 1
69 132 1
84 132 1
53 133 1
54 133 1
55 133 1
57 133 1
58 133 1
59 133 1
60 133 1
84 133 1
26 134 1
27 134 1
54 134 1
55 134 1
56 134 1
58 134 1
59 134 1
60 134 1
67 134 1
68 134 1
70 134 1
84 134 1
85 134 1
27 135 1
28 135 1
54 135 1
55 135 1
56 135 1
57 135 1
58 135 1
59 135 1
60 135 1
61 135 1
68 135 1
69 135 1
70 135 1
85 135 1
28 136 1
54 136 1
55 136 1
56 136 1
57 136 1
58 136 1
59 136 1
60 136 1
28 137 1
55 137 1
56 137 1
57 137 1
58 137 1
59 137 1
60 137 1
61 137 1
68 137 1
70 137 1
28 138 1
29 138 1
58 138 1
59 138 1
60 138 1
61 138 1
68 138 1
84 138 1
28 139 1
29 139 1
59 139 1
60 139 1
61 139 1
62 139 1
71 139 1
30 140 1
57 140 1
58 140 1
59 140 1
60 140 1
61 140 1
62 140 1
30 141 1
59 141 1
60 141 1
61 141 1
62 141 1
86 141 1
30 142 1
60 142 1
61 142 1
62 142 1
30 143 1
60 143 1
61 143 1
62 143 1
63 143 1
86 143 1
30 144 1
31 144 1
60 144 1
61 144 1
62 144 1
63 144 1
64 144 1
86 144 1
60 145 1
61 145 1
62 145 1
63 145 1
64 145 1
30 146 1
61 146 1
62 146 1
63 146 1
64 146 1
30 147 1
31 147 1
61 147 1
62 147 1
63 147 1
31 148 1
61 148 1
62 148 1
63 148 1
64 148 1
30 149 1
31 149 1
61 149 1
62 149 1
63 149 1
64 149 1
31 150 1
61 150 1
62 150 1
63 150 1
64 150 1
62 151 1
63 151 1
64 151 1
30 152 1
31 152 1
61 152 1
62 152 1
63 152 1
64 152 1
31 153 1
61 153 1
62 153 1
63 153 1
64 153 1
31 154 1
32 154 1
61 154 1
62 154 1
63 154 1
67 154 1
68 154 1
32 155 1
61 155 1
62 155 1
63 155 1
64 155 1
67 155 1
68 155 1
31 156 1
32 156 1
60 156 1
61 156 1
63 156 1
65 156 1
67 156 1
68 156 1
69 156 1
33 157 1
60 157 1
61 157 1
62 157 1
63 157 1
66 157 1
68 157 1
31 158 1
32 158 1
61 158 1
62 158 1
66 158 1
67 158 1
60 159 1
61 159 1
62 159 1
66 159 1
67 159 1
31 160 1
32 160 1
33 160 1
60 160 1
61 160 1
66 160 1
32 161 1
33 161 1
34 161 1
61 161 1
66 161 1
34 162 1
60 162 1
61 162 1
65 162 1
66 162 1
67 162 1
72 162 1
34 163 1
59 163 1
60 163 1
61 163 1
64 163 1
65 163 1
66 163 1
67 163 1
72 163 1
33 164 1
34 164 1
61 164 1
65 164 1
66 164 1
34 165 1
61 165 1
64 165 1
65 165 1
66 165 1
72 165 1
34 166 1
61 166 1
65 166 1
61 167 1
62 167 1
63 167 1
64 167 1
65 167 1
66 167 1
67 167 1
73 167 1
78 167 1
35 168 1
62 168 1
63 168 1
64 168 1
65 168 1
66 168 1
67 168 1
68 168 1
72 168 1
74 168 1
78 168 1
31 169 1
35 169 1
62 169 1
63 169 1
64 169 1
65 169 1
66 169 1
67 169 1
68 169 1
72 169 1
79 169 1
26 170 1
63 170 1
64 170 1
66 170 1
67 170 1
68 170 1
69 170 1
72 170 1
79 170 1
32 171 1
35 171 1
36 171 1
64 171 1
66 171 1
67 171 1
68 171 1
69 171 1
70 171 1
71 171 1
72 171 1
79 171 1
37 172 1
64 172 1
65 172 1
69 172 1
71 172 1
72 172 1
79 172 1
65 173 1
66 173 1
69 173 1
70 173 1
79 173 1
69 174 1
70 174 1
71 174 1
72 174 1
77 174 1
79 174 1
80 174 1
67 175 1
70 175 1
72 175 1
76 175 1
77 175 1
79 175 1
80 175 1
67 176 1
69 176 1
70 176 1
71 176 1
72 176 1
78 176 1
79 176 1
80 176 1
67 177 1
69 177 1
70 177 1
71 177 1
78 177 1
79 177 1
78 178 1
79 178 1
36 179 1
79 179 1
78 180 1
79 180 1
78 181 1
79 181 1
78 182 1
79 182 1
78 183 1
79 183 1
78 184 1
79 184 1
35 185 1
78 185 1
79 185 1
35 186 1
78 186 1
79 186 1
35 187 1
77 187 1
78 187 1
77 188 1
78 188 1
77 189 1
78 189 1
25 190 1
36 190 1
77 190 1
78 190 1
77 191 1
78 191 1
23 192 1
77 192 1
78 192 1
24 193 1
77 193 1
78 193 1
22 194 1
23 194 1
24 194 1
36 194 1
77 194 1
78 194 1
22 195 1
23 195 1
24 195 1
75 195 1
77 195 1
23 196 1
24 196 1
25 196 1
37 196 1
73 196 1
23 197 1
24 197 1
25 197 1
71 197 1
72 197 1
73 197 1
74 197 1
24 198 1
25 198 1
26 198 1
27 198 1
71 198 1
72 198 1
73 198 1
74 198 1
75 198 1
25 199 1
26 199 1
27 199 1
71 199 1
72 199 1
73 199 1
74 199 1
75 199 1
25 200 1
26 200 1
27 200 1
74 200 1
75 200 1
76 200 1
26 201 1
27 201 1
28 201 1
74 201 1
75 201 1
76 201 1
26 202 1
27 202 1
28 202 1
75 202 1
76 202 1
26 203 1
27 203 1
28 203 1
76 203 1
77 203 1
25 204 1
27 204 1
28 204 1
78 204 1
27 205 1
28 205 1
29 205 1
27 206 1
28 206 1
29 206 1
27 207 1
28 207 1
29 207 1
61 207 1
83 207 1
27 208 1
28 208 1
29 208 1
80 208 1
83 208 1
27 209 1
28 209 1
29 209 1
30 209 1
61 209 1
80 209 1
81 209 1
83 209 1
28 210 1
29 210 1
30 210 1
31 210 1
32 210 1
80 210 1
28 211 1
30 211 1
31 211 1
32 211 1
33 211 1
34 211 1
35 211 1
36 211 1
35 212 1
36 212 1
26 213 1
27 213 1
36 213 1
28 214 1
36 214 1
36 215 1
86 215 1
87 215 1
27 216 1
35 216 1
36 216 1
87 216 1
88 216 1
89 216 1
61 217 1
83 217 1
84 217 1
89 217 1
90 217 1
26 218 1
27 218 1
36 218 1
83 218 1
84 218 1
85 218 1
89 218 1
90 218 1
25 219 1
27 219 1
36 219 1
61 219 1
84 219 1
85 219 1
90 219 1
27 220 1
28 220 1
36 220 1
84 220 1
85 220 1
36 221 1
37 221 1
61 221 1
84 221 1
85 221 1
89 221 1
36 222 1
85 222 1
89 222 1
26 223 1
27 223 1
85 223 1
27 224 1
28 224 1
85 224 1
26 225 1
27 225 1
36 225 1
37 225 1
85 225 1
27 226 1
28 226 1
61 226 1
28 227 1
37 227 1
28 228 1
37 228 1
37 230 1
26 231 1
37 231 1
61 232 1
62 232 1
7 234 1
38 235 1
8 237 1
7 238 1
8 238 1
8 239 1
9 240 1
9 241 1
10 241 1
38 241 1
10 242 1
11 242 1
11 243 1
13 243 1
11 244 1
12 244 1
13 244 1
12 245 1
13 245 1
61 245 1
12 246 1
13 246 1
14 246 1
13 247 1
14 247 1
14 248 1
15 248 1
14 249 1
15 249 1
15 252 1
257 41 2
258 41 2
259 41 2
260 41 2
268 41 2
272 41 2
273 41 2
242 42 2
243 42 2
244 42 2
248 42 2
250 42 2
251 42 2
252 42 2
261 42 2
262 42 2
265 42 2
267 42 2
268 42 2
271 42 2
272 42 2
276 42 2
246 43 2
249 43 2
250 43 2
251 43 2
254 43 2
259 43 2
260 43 2
261 43 2
266 43 2
268 43 2
271 43 2
246 44 2
248 44 2
249 44 2
250 44 2
254 44 2
255 44 2
259 44 2
260 44 2
270 44 2
248 45 2
251 45 2
252 45 2
260 45 2
268 45 2
249 46 2
252 46 2
255 46 2
256 46 2
259 46 2
260 46 2
268 46 2
269 46 2
273 46 2
251 47 2
252 47 2
253 47 2
254 47 2
256 47 2
258 47 2
259 47 2
260 47 2
272 47 2
273 47 2
274 47 2
250 48 2
257 48 2
258 48 2
248 49 2
249 49 2
250 49 2
254 49 2
255 49 2
256 49 2
257 49 2
258 49 2
259 49 2
249 50 2
251 50 2
254 50 2
257 50 2
260 50 2
261 50 2
247 51 2
248 51 2
249 51 2
251 51 2
257 51 2
258 51 2
259 51 2
248 52 2
258 52 2
250 59 2
266 59 2
267 59 2
269 59 2
262 60 2
266 60 2
267 60 2
268 60 2
248 61 2
249 61 2
250 61 2
251 61 2
252 61 2
262 61 2
263 61 2
264 61 2
247 62 2
263 62 2
264 62 2
265 62 2
267 62 2
270 62 2
248 63 2
263 63 2
264 63 2
263 64 2
264 64 2
265 64 2
273 64 2
256 65 2
258 65 2
262 65 2
263 65 2
264 65 2
265 65 2
267 65 2
276 65 2
251 66 2
262 66 2
263 66 2
264 66 2
268 66 2
269 66 2
272 66 2
258 67 2
263 67 2
264 67 2
265 67 2
268 67 2
271 67 2
272 67 2
273 67 2
274 67 2
278 67 2
252 68 2
253 68 2
254 68 2
257 68 2
261 68 2
262 68 2
263 68 2
265 68 2
266 68 2
267 68 2
252 69 2
253 69 2
267 71 2
112 87 2
111 88 2
112 88 2
111 89 2
126 89 2
106 90 2
107 90 2
109 90 2
110 90 2
126 90 2
127 90 2
105 91 2
106 91 2
107 91 2
108 91 2
109 91 2
110 91 2
111 91 2
127 91 2
128 91 2
104 92 2
105 92 2
106 92 2
107 92 2
109 92 2
110 92 2
111 92 2
112 92 2
128 92 2
129 92 2
104 93 2
105 93 2
106 93 2
107 93 2
108 93 2
111 93 2
113 93 2
129 93 2
130 93 2
103 94 2
104 94 2
105 94 2
106 94 2
107 94 2
115 94 2
116 94 2
130 94 2
131 94 2
101 95 2
102 95 2
103 95 2
104 95 2
105 95 2
106 95 2
116 95 2
117 95 2
118 95 2
119 95 2
130 95 2
131 95 2
102 96 2
103 96 2
104 96 2
105 96 2
106 96 2
114 96 2
115 96 2
117 96 2
118 96 2
119 96 2
120 96 2
121 96 2
131 96 2
132 96 2
102 97 2
103 97 2
104 97 2
105 97 2
111 97 2
112 97 2
113 97 2
114 97 2
115 97 2
116 97 2
118 97 2
119 97 2
120 97 2
121 97 2
122 97 2
131 97 2
132 97 2
102 98 2
103 98 2
104 98 2
105 98 2
109 98 2
110 98 2
111 98 2
112 98 2
113 98 2
114 98 2
115 98 2
116 98 2
117 98 2
118 98 2
119 98 2
121 98 2
122 98 2
123 98 2
124 98 2
131 98 2
132 98 2
101 99 2
102 99 2
103 99 2
104 99 2
105 99 2
108 99 2
109 99 2
110 99 2
111 99 2
112 99 2
113 99 2
114 99 2
115 99 2
116 99 2
117 99 2
118 99 2
119 99 2
120 99 2
121 99 2
122 99 2
123 99 2
124 99 2
125 99 2
131 99 2
132 99 2
133 99 2
101 100 2
102 100 2
103 100 2
104 100 2
105 100 2
106 100 2
107 100 2
108 100 2
109 100 2
110 100 2
111 100 2
112 100 2
113 100 2
118 100 2
119 100 2
120 100 2
121 100 2
122 100 2
123 100 2
124 100 2
127 100 2
131 100 2
132 100 2
133 100 2
101 101 2
102 101 2
103 101 2
104 101 2
105 101 2
106 101 2
107 101 2
108 101 2
109 101 2
110 101 2
111 101 2
112 101 2
119 101 2
120 101 2
121 101 2
122 101 2
123 101 2
127 101 2
128 101 2
131 101 2
132 101 2
133 101 2
103 102 2
104 102 2
105 102 2
106 102 2
110 102 2
111 102 2
119 102 2
120 102 2
121 102 2
122 102 2
123 102 2
124 102 2
130 102 2
131 102 2
132 102 2
119 103 2
121 103 2
122 103 2
123 103 2
124 103 2
125 103 2
126 103 2
127 103 2
130 103 2
131 103 2
132 103 2
123 104 2
124 104 2
125 104 2
126 104 2
127 104 2
128 104 2
130 104 2
131 104 2
132 104 2
125 105 2
126 105 2
127 105 2
128 105 2
130 105 2
131 105 2
132 105 2
121 106 2
122 106 2
123 106 2
124 106 2
125 106 2
126 106 2
127 106 2
128 106 2
129 106 2
131 106 2
132 106 2
122 107 2
123 107 2
124 107 2
126 107 2
127 107 2
128 107 2
129 107 2
130 107 2
132 107 2
123 108 2
124 108 2
125 108 2
127 108 2
129 108 2
130 108 2
131 108 2
132 108 2
133 108 2
124 109 2
125 109 2
126 109 2
130 109 2
131 109 2
132 109 2
133 109 2
134 109 2
124 110 2
125 110 2
126 110 2
131 110 2
132 110 2
133 110 2
134 110 2
135 110 2
125 111 2
126 111 2
131 111 2
132 111 2
133 111 2
134 111 2
135 111 2
86 112 2
126 112 2
127 112 2
131 112 2
132 112 2
133 112 2
134 112 2
135 112 2
136 112 2
84 113 2
130 113 2
131 113 2
132 113 2
133 113 2
134 113 2
135 113 2
136 113 2
82 114 2
131 114 2
132 114 2
133 114 2
134 114 2
135 114 2
136 114 2
82 115 2
123 115 2
124 115 2
132 115 2
133 115 2
134 115 2
81 116 2
82 116 2
83 116 2
112 116 2
113 116 2
121 116 2
122 116 2
124 116 2
81 117 2
82 117 2
112 117 2
113 117 2
114 117 2
119 117 2
81 118 2
82 118 2
113 118 2
119 118 2
80 119 2
81 119 2
82 119 2
113 119 2
116 119 2
117 119 2
118 119 2
81 120 2
82 120 2
113 120 2
114 120 2
115 120 2
81 121 2
83 121 2
113 121 2
114 121 2
115 121 2
81 122 2
82 122 2
87 122 2
113 122 2
114 122 2
115 122 2
81 123 2
82 123 2
86 123 2
113 123 2
114 123 2
115 123 2
80 124 2
81 124 2
82 124 2
83 124 2
84 124 2
85 124 2
114 124 2
115 124 2
81 125 2
82 125 2
83 125 2
84 125 2
86 125 2
113 125 2
114 125 2
115 125 2
81 126 2
82 126 2
83 126 2
84 126 2
85 126 2
86 126 2
113 126 2
114 126 2
115 126 2
81 127 2
82 127 2
83 127 2
113 127 2
115 127 2
81 128 2
82 128 2
83 128 2
84 128 2
85 128 2
113 128 2
81 129 2
82 129 2
83 129 2
84 129 2
113 129 2
114 129 2
82 130 2
83 130 2
113 130 2
114 130 2
81 131 2
82 131 2
114 131 2
82 132 2
83 132 2
114 132 2
82 133 2
83 133 2
115 133 2
82 134 2
83 134 2
115 134 2
82 135 2
83 135 2
82 136 2
83 136 2
114 136 2
82 137 2
83 137 2
89 137 2
82 138 2
83 138 2
117 138 2
82 139 2
83 139 2
117 139 2
82 140 2
117 140 2
118 140 2
82 141 2
117 141 2
118 141 2
82 142 2
118 142 2
81 143 2
82 143 2
118 143 2
119 143 2
82 144 2
83 144 2
119 144 2
81 145 2
82 145 2
119 145 2
120 145 2
81 146 2
120 146 2
81 147 2
82 147 2
83 147 2
81 148 2
120 149 2
120 150 2
120 152 2
91 153 2
120 153 2
122 161 2
123 164 2
123 166 2
123 167 2
124 167 2
123 168 2
123 171 2
124 171 2
123 172 2
124 172 2
123 174 2
122 176 2
122 177 2
123 179 2
114 180 2
123 180 2
123 181 2
123 182 2
124 184 2
125 184 2
111 185 2
123 185 2
124 185 2
125 185 2
111 186 2
124 186 2
125 186 2
125 187 2
103 188 2
125 188 2
126 188 2
103 189 2
125 189 2
126 189 2
103 190 2
104 190 2
126 190 2
127 190 2
104 191 2
105 191 2
106 191 2
111 191 2
112 191 2
126 191 2
127 191 2
104 192 2
105 192 2
112 192 2
126 192 2
127 192 2
128 192 2
104 193 2
105 193 2
106 193 2
128 193 2
104 194 2
105 194 2
106 194 2
128 194 2
129 194 2
105 195 2
106 195 2
129 195 2
105 196 2
106 196 2
128 196 2
129 196 2
130 196 2
104 197 2
105 197 2
106 197 2
129 197 2
130 197 2
104 198 2
105 198 2
106 198 2
129 198 2
130 198 2
104 199 2
105 199 2
106 199 2
129 199 2
130 199 2
87 200 2
105 200 2
106 200 2
130 200 2
131 200 2
106 201 2
130 201 2
131 201 2
131 202 2
89 203 2
112 203 2
113 203 2
131 203 2
132 203 2
89 204 2
132 204 2
89 205 2
132 205 2
133 205 2
90 206 2
103 206 2
133 206 2
91 207 2
107 207 2
133 207 2
134 207 2
90 208 2
91 208 2
109 208 2
134 208 2
91 209 2
92 209 2
134 209 2
135 209 2
91 210 2
92 210 2
134 210 2
135 210 2
91 211 2
135 211 2
136 211 2
91 212 2
92 212 2
136 212 2
92 213 2
136 213 2
92 214 2
136 214 2
137 214 2
92 215 2
137 215 2
92 216 2
137 216 2
138 216 2
93 217 2
138 217 2
92 218 2
93 218 2
138 218 2
139 218 2
92 219 2
93 219 2
139 219 2
92 220 2
139 220 2
140 220 2
92 221 2
139 221 2
140 221 2
92 222 2
140 222 2
140 223 2
141 223 2
92 224 2
140 224 2
141 224 2
92 225 2
141 225 2
140 226 2
141 226 2
92 227 2
140 227 2
141 227 2
140 228 2
141 228 2
141 229 2
93 230 2
141 230 2
92 231 2
93 231 2
141 231 2
92 232 2
141 232 2
91 233 2
92 233 2
141 233 2
91 234 2
92 234 2
141 234 2
92 235 2
91 236 2
91 237 2
109 219 3
118 219 3
118 222 3
117 223 3
118 223 3
119 225 3
126 225 3
127 225 3
133 225 3
133 226 3
134 226 3
119 227 3
116 228 3
120 228 3
133 228 3
134 228 3
116 229 3
120 229 3
134 229 3
116 230 3
119 230 3
126 230 3
133 230 3
134 230 3
117 231 3
133 231 3
134 231 3
117 232 3
134 232 3
135 232 3
116 233 3
117 233 3
134 233 3
135 233 3
116 234 3
119 234 3
125 234 3
134 234 3
135 234 3
116 235 3
117 235 3
134 235 3
135 235 3
136 235 3
116 236 3
117 236 3
125 236 3
126 236 3
130 236 3
134 236 3
135 236 3
136 236 3
116 237 3
117 237 3
134 237 3
135 237 3
136 237 3
116 238 3
117 238 3
134 238 3
135 238 3
136 238 3
116 239 3
117 239 3
125 239 3
134 239 3
135 239 3
117 240 3
124 240 3
127 240 3
134 240 3
135 240 3
117 241 3
123 241 3
124 241 3
134 241 3
135 241 3
117 242 3
122 242 3
123 242 3
125 242 3
134 242 3
135 242 3
117 243 3
123 243 3
125 243 3
134 243 3
135 243 3
116 244 3
117 244 3
121 244 3
123 244 3
124 244 3
134 244 3
135 244 3
116 245 3
117 245 3
120 245 3
121 245 3
122 245 3
123 245 3
134 245 3
135 245 3
116 246 3
117 246 3
118 246 3
134 246 3
135 246 3
116 247 3
117 247 3
121 247 3
122 247 3
134 247 3
116 248 3
117 248 3
122 248 3
134 248 3
116 249 3
117 249 3
120 249 3
121 249 3
122 249 3
133 249 3
134 249 3
116 250 3
117 250 3
118 250 3
120 250 3
121 250 3
122 250 3
133 250 3
134 250 3
116 251 3
117 251 3
118 251 3
121 251 3
122 251 3
133 251 3
134 251 3
116 252 3
117 252 3
118 252 3
121 252 3
122 252 3
133 252 3
134 252 3
116 253 3
117 253 3
118 253 3
121 253 3
122 253 3
126 253 3
133 253 3
134 253 3
116 254 3
117 254 3
120 254 3
121 254 3
122 254 3
133 254 3
134 254 3
116 255 3
117 255 3
118 255 3
120 255 3
121 255 3
122 255 3
133 255 3
134 255 3
116 256 3
117 256 3
120 256 3
121 256 3
122 256 3
133 256 3
115 257 3
116 257 3
117 257 3
118 257 3
119 257 3
120 257 3
121 257 3
133 257 3
133 258 3
136 258 3
