219 8 0
223 8 0
186 9 0
189 9 0
191 9 0
194 9 0
199 9 0
304 9 0
337 9 0
164 10 0
186 10 0
190 10 0
195 10 0
197 10 0
200 10 0
202 10 0
207 10 0
259 10 0
303 10 0
314 10 0
325 10 0
149 11 0
164 11 0
258 11 0
269 11 0
270 11 0
291 11 0
167 12 0
234 12 0
279 12 0
301 12 0
222 13 0
279 13 0
304 13 0
245 16 0
258 16 0
209 17 0
232 17 0
220 18 0
185 19 0
216 19 0
233 19 0
243 19 0
256 19 0
158 20 0
159 20 0
184 20 0
222 20 0
146 21 0
197 21 0
106 22 0
121 22 0
133 22 0
106 23 0
116 23 0
232 23 0
106 24 0
114 24 0
77 25 0
24 26 0
79 26 0
93 26 0
171 26 0
24 27 0
52 27 0
77 27 0
52 28 0
62 28 0
23 30 0
288 37 0
289 37 0
290 37 0
300 37 0
323 37 0
288 38 0
316 38 0
253 41 0
259 41 0
263 41 0
264 41 0
248 42 0
249 42 0
250 42 0
251 42 0
252 42 0
253 42 0
255 42 0
256 42 0
262 42 0
263 42 0
264 42 0
273 42 0
277 42 0
278 42 0
246 43 0
247 43 0
248 43 0
249 43 0
250 43 0
251 43 0
252 43 0
255 43 0
256 43 0
259 43 0
260 43 0
261 43 0
262 43 0
271 43 0
272 43 0
245 44 0
246 44 0
247 44 0
253 44 0
254 44 0
256 44 0
257 44 0
259 44 0
260 44 0
261 44 0
264 44 0
274 44 0
301 44 0
244 45 0
249 45 0
253 45 0
254 45 0
257 45 0
259 45 0
260 45 0
262 45 0
269 45 0
273 45 0
274 45 0
252 46 0
255 46 0
256 46 0
257 46 0
259 46 0
260 46 0
265 46 0
273 46 0
253 47 0
254 47 0
256 47 0
257 47 0
260 47 0
261 47 0
263 47 0
264 47 0
265 47 0
273 47 0
245 48 0
254 48 0
255 48 0
257 48 0
258 48 0
261 48 0
262 48 0
263 48 0
264 48 0
271 48 0
272 48 0
277 48 0
244 49 0
253 49 0
254 49 0
255 49 0
256 49 0
257 49 0
260 49 0
261 49 0
262 49 0
263 49 0
269 49 0
313 49 0
314 49 0
324 49 0
252 50 0
253 50 0
254 50 0
255 50 0
259 50 0
260 50 0
261 50 0
262 50 0
263 50 0
289 50 0
312 50 0
313 50 0
244 51 0
252 51 0
253 51 0
254 51 0
255 51 0
257 51 0
259 51 0
260 51 0
261 51 0
262 51 0
263 51 0
264 51 0
265 51 0
277 51 0
251 52 0
252 52 0
253 52 0
254 52 0
259 52 0
260 52 0
261 52 0
262 52 0
263 52 0
264 52 0
239 53 0
240 53 0
251 53 0
252 53 0
253 53 0
258 53 0
259 53 0
260 53 0
261 53 0
262 53 0
237 54 0
238 54 0
251 54 0
257 54 0
259 54 0
237 55 0
315 56 0
337 56 0
338 56 0
303 57 0
313 57 0
314 57 0
315 57 0
326 57 0
303 58 0
325 58 0
254 59 0
256 59 0
313 59 0
323 59 0
253 60 0
254 60 0
255 60 0
256 60 0
313 60 0
253 61 0
254 61 0
255 61 0
256 61 0
257 61 0
269 61 0
252 62 0
253 62 0
254 62 0
255 62 0
256 62 0
268 62 0
269 62 0
251 63 0
252 63 0
253 63 0
267 63 0
268 63 0
269 63 0
251 64 0
252 64 0
267 64 0
272 64 0
277 64 0
303 64 0
304 64 0
305 64 0
251 65 0
269 65 0
270 65 0
277 65 0
278 65 0
302 65 0
303 65 0
250 66 0
262 66 0
270 66 0
274 66 0
277 66 0
336 66 0
337 66 0
250 67 0
262 67 0
267 67 0
268 67 0
269 67 0
276 67 0
277 67 0
280 67 0
334 67 0
335 67 0
336 67 0
260 68 0
261 68 0
262 68 0
266 68 0
268 68 0
269 68 0
270 68 0
271 68 0
275 68 0
276 68 0
279 68 0
316 68 0
257 69 0
258 69 0
259 69 0
260 69 0
261 69 0
265 69 0
266 69 0
269 69 0
274 69 0
275 69 0
277 69 0
278 69 0
304 69 0
305 69 0
315 69 0
316 69 0
255 70 0
256 70 0
257 70 0
258 70 0
259 70 0
263 70 0
269 70 0
278 70 0
303 70 0
313 70 0
314 70 0
315 70 0
254 71 0
255 71 0
256 71 0
266 71 0
268 71 0
302 71 0
256 72 0
265 72 0
266 72 0
254 73 0
265 73 0
122 89 0
121 90 0
122 90 0
116 91 0
118 91 0
120 91 0
121 91 0
113 92 0
114 92 0
116 92 0
118 92 0
119 92 0
120 92 0
113 93 0
114 93 0
115 93 0
116 93 0
117 93 0
118 93 0
119 93 0
120 93 0
136 93 0
112 94 0
113 94 0
114 94 0
115 94 0
116 94 0
117 94 0
118 94 0
119 94 0
120 94 0
136 94 0
137 94 0
112 95 0
113 95 0
114 95 0
115 95 0
119 95 0
137 95 0
138 95 0
111 96 0
112 96 0
113 96 0
114 96 0
115 96 0
138 96 0
111 97 0
112 97 0
113 97 0
114 97 0
115 97 0
138 97 0
139 97 0
109 98 0
110 98 0
111 98 0
112 98 0
113 98 0
114 98 0
122 98 0
123 98 0
125 98 0
139 98 0
140 98 0
109 99 0
110 99 0
111 99 0
112 99 0
113 99 0
114 99 0
119 99 0
120 99 0
121 99 0
122 99 0
123 99 0
124 99 0
126 99 0
128 99 0
129 99 0
130 99 0
139 99 0
140 99 0
110 100 0
111 100 0
112 100 0
113 100 0
114 100 0
115 100 0
117 100 0
118 100 0
119 100 0
120 100 0
121 100 0
122 100 0
123 100 0
124 100 0
126 100 0
127 100 0
129 100 0
130 100 0
131 100 0
139 100 0
140 100 0
110 101 0
111 101 0
112 101 0
113 101 0
114 101 0
115 101 0
116 101 0
117 101 0
118 101 0
119 101 0
120 101 0
121 101 0
122 101 0
123 101 0
124 101 0
126 101 0
127 101 0
129 101 0
130 101 0
131 101 0
132 101 0
134 101 0
139 101 0
140 101 0
110 102 0
111 102 0
112 102 0
113 102 0
114 102 0
115 102 0
116 102 0
117 102 0
118 102 0
119 102 0
120 102 0
121 102 0
122 102 0
126 102 0
127 102 0
128 102 0
130 102 0
131 102 0
132 102 0
133 102 0
134 102 0
139 102 0
140 102 0
110 103 0
111 103 0
112 103 0
113 103 0
114 103 0
115 103 0
116 103 0
117 103 0
118 103 0
119 103 0
120 103 0
121 103 0
127 103 0
128 103 0
129 103 0
130 103 0
131 103 0
132 103 0
134 103 0
139 103 0
140 103 0
111 104 0
112 104 0
113 104 0
114 104 0
117 104 0
118 104 0
119 104 0
128 104 0
129 104 0
130 104 0
131 104 0
132 104 0
133 104 0
139 104 0
140 104 0
112 105 0
113 105 0
114 105 0
128 105 0
129 105 0
130 105 0
131 105 0
132 105 0
133 105 0
134 105 0
135 105 0
139 105 0
140 105 0
127 106 0
128 106 0
130 106 0
131 106 0
133 106 0
134 106 0
135 106 0
139 106 0
140 106 0
129 107 0
131 107 0
134 107 0
135 107 0
136 107 0
139 107 0
140 107 0
131 108 0
132 108 0
134 108 0
135 108 0
136 108 0
137 108 0
139 108 0
140 108 0
130 109 0
131 109 0
132 109 0
133 109 0
134 109 0
135 109 0
136 109 0
137 109 0
138 109 0
139 109 0
140 109 0
131 110 0
132 110 0
133 110 0
135 110 0
137 110 0
138 110 0
140 110 0
141 110 0
131 111 0
132 111 0
133 111 0
134 111 0
138 111 0
139 111 0
141 111 0
142 111 0
131 112 0
132 112 0
133 112 0
134 112 0
139 112 0
140 112 0
141 112 0
142 112 0
96 113 0
132 113 0
133 113 0
134 113 0
140 113 0
141 113 0
142 113 0
143 113 0
133 114 0
134 114 0
139 114 0
140 114 0
141 114 0
142 114 0
143 114 0
90 115 0
94 115 0
134 115 0
135 115 0
137 115 0
138 115 0
139 115 0
140 115 0
141 115 0
142 115 0
143 115 0
144 115 0
90 116 0
135 116 0
139 116 0
140 116 0
141 116 0
142 116 0
143 116 0
144 116 0
90 117 0
93 117 0
129 117 0
131 117 0
139 117 0
140 117 0
141 117 0
142 117 0
90 118 0
132 118 0
90 119 0
92 119 0
120 119 0
90 120 0
121 120 0
122 120 0
127 120 0
89 121 0
90 121 0
122 121 0
125 121 0
128 121 0
90 122 0
121 122 0
122 122 0
123 122 0
89 123 0
90 123 0
95 123 0
121 123 0
122 123 0
123 123 0
126 123 0
90 124 0
96 124 0
121 124 0
122 124 0
123 124 0
90 125 0
92 125 0
93 125 0
94 125 0
97 125 0
122 125 0
123 125 0
124 125 0
90 126 0
92 126 0
94 126 0
95 126 0
96 126 0
122 126 0
123 126 0
124 126 0
90 127 0
92 127 0
94 127 0
95 127 0
96 127 0
122 127 0
123 127 0
124 127 0
90 128 0
91 128 0
92 128 0
93 128 0
94 128 0
96 128 0
120 128 0
122 128 0
123 128 0
90 129 0
91 129 0
92 129 0
93 129 0
121 129 0
90 130 0
91 130 0
92 130 0
93 130 0
94 130 0
97 130 0
121 130 0
122 130 0
89 131 0
90 131 0
91 131 0
92 131 0
93 131 0
94 131 0
121 131 0
122 131 0
90 132 0
91 132 0
92 132 0
98 132 0
122 132 0
91 133 0
93 133 0
122 133 0
90 134 0
93 134 0
97 134 0
98 134 0
121 134 0
97 135 0
99 135 0
121 135 0
90 136 0
97 136 0
99 136 0
121 136 0
124 136 0
90 137 0
99 137 0
121 137 0
90 138 0
98 138 0
99 138 0
123 138 0
98 139 0
99 139 0
124 140 0
124 141 0
90 142 0
89 143 0
90 143 0
90 144 0
91 144 0
90 145 0
91 145 0
126 145 0
90 146 0
91 146 0
126 146 0
90 147 0
91 147 0
90 148 0
91 148 0
90 149 0
91 149 0
123 151 0
91 152 0
104 156 0
104 165 0
132 170 0
132 171 0
132 172 0
121 178 0
122 178 0
131 178 0
121 179 0
122 179 0
121 180 0
122 180 0
107 181 0
116 182 0
130 182 0
110 183 0
111 183 0
113 183 0
131 183 0
109 184 0
110 184 0
111 184 0
112 184 0
131 184 0
109 185 0
110 185 0
112 185 0
118 185 0
109 186 0
110 186 0
132 186 0
109 187 0
110 187 0
111 187 0
131 187 0
133 187 0
110 188 0
111 188 0
132 188 0
110 189 0
111 189 0
132 189 0
111 190 0
112 190 0
113 190 0
132 190 0
133 190 0
111 191 0
112 191 0
113 191 0
133 191 0
111 192 0
112 192 0
113 192 0
114 192 0
120 192 0
133 192 0
112 193 0
113 193 0
114 193 0
134 193 0
112 194 0
113 194 0
114 194 0
134 194 0
112 195 0
113 195 0
114 195 0
134 195 0
93 196 0
94 196 0
113 196 0
114 196 0
135 196 0
94 197 0
113 197 0
114 197 0
136 197 0
94 198 0
113 198 0
114 198 0
136 198 0
113 199 0
114 199 0
136 199 0
113 200 0
114 200 0
136 200 0
137 200 0
94 201 0
113 201 0
114 201 0
137 201 0
94 202 0
113 202 0
137 202 0
119 203 0
137 203 0
138 203 0
119 204 0
137 204 0
138 204 0
96 205 0
138 205 0
138 206 0
122 208 0
139 208 0
121 209 0
140 209 0
140 210 0
140 211 0
141 212 0
141 213 0
99 214 0
142 214 0
142 215 0
144 218 0
144 219 0
148 227 0
99 228 0
148 228 0
99 229 0
121 229 0
148 229 0
124 230 0
148 230 0
123 231 0
124 231 0
128 231 0
148 231 0
128 232 0
148 232 0
128 233 0
129 233 0
148 233 0
123 234 0
128 234 0
129 234 0
148 234 0
123 235 0
129 235 0
147 235 0
148 235 0
122 236 0
128 236 0
129 236 0
147 236 0
148 236 0
122 237 0
129 237 0
147 237 0
148 237 0
122 238 0
129 238 0
147 238 0
148 238 0
121 239 0
122 239 0
129 239 0
147 239 0
148 239 0
129 240 0
130 240 0
147 240 0
148 240 0
129 241 0
130 241 0
148 241 0
121 242 0
148 242 0
120 243 0
121 243 0
148 243 0
120 244 0
116 252 0
93 253 0
116 254 0
114 256 0
92 257 0
176 36 1
151 41 1
151 42 1
163 42 1
202 43 1
177 44 1
177 45 1
177 46 1
151 47 1
177 47 1
151 48 1
177 48 1
203 49 1
191 51 1
216 51 1
190 52 1
191 52 1
203 52 1
152 53 1
164 53 1
190 53 1
191 53 1
203 53 1
152 54 1
164 54 1
165 54 1
178 54 1
165 55 1
178 55 1
152 56 1
178 56 1
178 57 1
201 57 1
178 58 1
152 59 1
152 60 1
173 61 1
204 61 1
217 61 1
152 62 1
165 62 1
191 62 1
192 62 1
204 62 1
191 63 1
192 63 1
204 63 1
153 64 1
191 64 1
192 64 1
152 65 1
153 65 1
209 65 1
166 66 1
223 66 1
166 67 1
153 68 1
174 68 1
179 68 1
217 68 1
234 68 1
153 69 1
166 69 1
179 69 1
185 69 1
205 69 1
148 70 1
179 70 1
205 70 1
179 71 1
185 71 1
205 71 1
153 72 1
192 72 1
193 72 1
205 72 1
153 73 1
154 75 1
199 75 1
231 76 1
154 77 1
166 77 1
180 77 1
231 77 1
166 78 1
167 78 1
180 78 1
206 78 1
211 78 1
235 78 1
161 79 1
180 79 1
205 79 1
206 79 1
211 79 1
218 79 1
141 80 1
167 80 1
141 81 1
167 82 1
193 82 1
154 83 1
167 83 1
193 83 1
219 83 1
186 84 1
193 84 1
175 85 1
330 85 1
175 86 1
179 86 1
206 86 1
207 86 1
219 86 1
155 87 1
207 87 1
219 87 1
155 88 1
181 88 1
232 88 1
233 88 1
155 89 1
162 89 1
168 89 1
181 89 1
262 89 1
150 90 1
167 90 1
168 90 1
181 90 1
194 90 1
331 90 1
155 91 1
181 91 1
194 91 1
220 91 1
155 92 1
168 92 1
194 92 1
220 92 1
307 92 1
155 93 1
168 93 1
180 93 1
181 93 1
194 93 1
168 94 1
180 94 1
225 94 1
233 94 1
262 94 1
270 94 1
283 94 1
343 94 1
168 95 1
220 95 1
246 95 1
307 95 1
331 95 1
207 96 1
208 96 1
331 96 1
187 97 1
189 97 1
207 97 1
208 97 1
308 97 1
188 98 1
201 98 1
207 98 1
221 98 1
233 98 1
234 98 1
270 98 1
271 98 1
156 99 1
182 99 1
187 99 1
207 99 1
221 99 1
335 99 1
156 100 1
176 100 1
182 100 1
221 100 1
246 100 1
259 100 1
271 100 1
296 100 1
320 100 1
156 101 1
169 101 1
176 101 1
182 101 1
195 101 1
221 101 1
246 101 1
259 101 1
300 101 1
156 102 1
169 102 1
182 102 1
195 102 1
156 103 1
169 103 1
195 103 1
208 103 1
226 103 1
259 103 1
263 103 1
156 104 1
169 104 1
195 104 1
208 104 1
209 104 1
247 104 1
259 104 1
284 104 1
296 104 1
195 105 1
208 105 1
214 105 1
271 105 1
284 105 1
296 105 1
297 105 1
313 105 1
321 105 1
169 106 1
181 106 1
208 106 1
309 106 1
176 107 1
309 107 1
156 108 1
260 108 1
285 109 1
196 110 1
222 110 1
227 110 1
285 110 1
183 111 1
196 111 1
272 111 1
285 111 1
157 112 1
170 112 1
183 112 1
170 113 1
183 113 1
190 113 1
235 113 1
272 113 1
310 113 1
322 113 1
157 114 1
183 114 1
190 114 1
209 114 1
235 114 1
289 114 1
322 114 1
157 115 1
170 115 1
183 115 1
209 115 1
157 116 1
164 116 1
170 116 1
209 116 1
223 116 1
273 116 1
298 116 1
302 116 1
157 117 1
170 117 1
178 117 1
273 117 1
178 118 1
209 118 1
273 118 1
157 119 1
170 119 1
191 119 1
209 119 1
286 119 1
290 119 1
326 119 1
157 120 1
177 120 1
191 120 1
210 120 1
223 120 1
311 120 1
184 121 1
261 121 1
286 121 1
184 122 1
197 122 1
210 122 1
302 122 1
184 123 1
197 123 1
210 123 1
184 124 1
197 124 1
210 124 1
228 124 1
158 125 1
171 125 1
197 125 1
203 125 1
210 125 1
277 125 1
287 125 1
158 126 1
171 126 1
203 126 1
210 126 1
287 126 1
166 127 1
171 127 1
210 127 1
158 128 1
190 128 1
203 128 1
158 129 1
171 129 1
203 129 1
275 129 1
300 129 1
315 129 1
158 130 1
166 130 1
171 130 1
198 130 1
158 131 1
165 131 1
166 131 1
198 131 1
229 131 1
185 132 1
198 132 1
229 132 1
158 133 1
185 133 1
198 133 1
204 133 1
211 133 1
216 133 1
158 134 1
185 134 1
198 134 1
204 134 1
211 134 1
304 134 1
305 134 1
185 135 1
198 135 1
211 135 1
172 136 1
185 136 1
196 136 1
211 136 1
301 136 1
172 137 1
211 137 1
292 137 1
172 138 1
180 138 1
191 138 1
211 138 1
172 139 1
288 139 1
159 141 1
329 141 1
154 142 1
159 142 1
186 142 1
193 142 1
204 142 1
212 142 1
230 142 1
302 142 1
314 142 1
159 143 1
180 143 1
186 143 1
199 143 1
212 143 1
302 143 1
326 143 1
329 143 1
172 144 1
186 144 1
199 144 1
302 144 1
186 145 1
199 145 1
212 145 1
289 145 1
172 146 1
180 147 1
212 147 1
306 147 1
306 148 1
146 149 1
159 149 1
173 149 1
193 149 1
306 149 1
173 150 1
315 150 1
160 151 1
173 151 1
219 151 1
220 151 1
315 151 1
160 152 1
185 152 1
160 153 1
200 153 1
160 154 1
168 154 1
213 154 1
160 155 1
200 155 1
213 155 1
187 156 1
200 156 1
213 156 1
187 157 1
194 157 1
198 157 1
206 157 1
213 157 1
187 158 1
206 158 1
207 158 1
174 159 1
174 160 1
174 161 1
174 165 1
201 165 1
161 166 1
188 166 1
201 166 1
188 167 1
201 167 1
305 167 1
161 168 1
188 168 1
214 168 1
215 168 1
201 169 1
188 170 1
174 172 1
175 172 1
175 173 1
187 173 1
187 174 1
162 176 1
162 177 1
189 179 1
202 179 1
189 180 1
202 180 1
189 181 1
195 181 1
216 181 1
216 182 1
175 183 1
176 183 1
189 183 1
176 184 1
183 184 1
217 188 1
203 189 1
190 190 1
190 191 1
190 193 1
204 193 1
217 193 1
184 194 1
204 194 1
217 194 1
211 195 1
177 197 1
177 198 1
222 200 1
205 201 1
205 202 1
210 202 1
210 204 1
205 207 1
198 208 1
212 208 1
218 208 1
178 209 1
178 210 1
219 210 1
193 216 1
192 217 1
193 217 1
206 218 1
194 230 1
194 231 1
194 232 1
194 233 1
195 244 1
30 85 2
27 86 2
25 87 2
26 87 2
27 87 2
22 88 2
24 88 2
25 88 2
26 88 2
21 89 2
22 89 2
24 89 2
20 90 2
21 90 2
22 90 2
25 90 2
20 91 2
21 91 2
22 91 2
23 91 2
24 91 2
20 92 2
21 92 2
22 92 2
23 92 2
24 92 2
21 93 2
22 93 2
23 93 2
24 93 2
21 94 2
22 94 2
23 94 2
24 94 2
21 95 2
22 95 2
23 95 2
24 95 2
22 96 2
23 96 2
24 96 2
21 97 2
23 97 2
24 97 2
25 97 2
26 97 2
24 98 2
25 98 2
26 98 2
30 98 2
21 99 2
25 99 2
26 99 2
29 99 2
30 99 2
21 100 2
22 100 2
25 100 2
26 100 2
27 100 2
30 100 2
31 100 2
22 101 2
26 101 2
27 101 2
28 101 2
30 101 2
31 101 2
32 101 2
27 102 2
28 102 2
29 102 2
31 102 2
32 102 2
27 103 2
28 103 2
29 103 2
30 103 2
31 103 2
32 103 2
37 103 2
29 104 2
30 104 2
31 104 2
32 104 2
29 105 2
30 105 2
31 105 2
32 105 2
33 105 2
30 106 2
31 106 2
32 106 2
33 106 2
35 106 2
30 107 2
31 107 2
32 107 2
33 107 2
36 107 2
30 108 2
31 108 2
32 108 2
33 108 2
34 108 2
36 108 2
23 109 2
31 109 2
32 109 2
33 109 2
34 109 2
36 109 2
31 110 2
32 110 2
33 110 2
34 110 2
35 110 2
31 111 2
32 111 2
33 111 2
34 111 2
35 111 2
31 112 2
32 112 2
33 112 2
34 112 2
36 112 2
30 113 2
33 113 2
36 113 2
30 114 2
31 114 2
33 114 2
34 114 2
36 114 2
30 115 2
31 115 2
32 115 2
33 115 2
34 115 2
38 115 2
31 116 2
34 116 2
31 117 2
32 117 2
33 117 2
56 117 2
31 118 2
32 118 2
33 118 2
31 119 2
32 119 2
56 119 2
31 120 2
32 120 2
31 121 2
32 121 2
40 121 2
31 122 2
32 122 2
39 122 2
40 122 2
50 122 2
51 122 2
30 123 2
31 123 2
32 123 2
36 123 2
40 123 2
41 123 2
50 123 2
51 123 2
30 124 2
40 124 2
41 124 2
42 124 2
50 124 2
51 124 2
30 125 2
31 125 2
34 125 2
35 125 2
36 125 2
42 125 2
43 125 2
51 125 2
31 126 2
34 126 2
35 126 2
36 126 2
37 126 2
38 126 2
39 126 2
42 126 2
43 126 2
44 126 2
51 126 2
52 126 2
35 127 2
36 127 2
37 127 2
38 127 2
39 127 2
40 127 2
41 127 2
44 127 2
45 127 2
51 127 2
52 127 2
36 128 2
37 128 2
38 128 2
39 128 2
40 128 2
41 128 2
44 128 2
45 128 2
46 128 2
51 128 2
52 128 2
59 128 2
36 129 2
37 129 2
38 129 2
39 129 2
40 129 2
41 129 2
44 129 2
45 129 2
46 129 2
52 129 2
59 129 2
60 129 2
68 129 2
37 130 2
38 130 2
39 130 2
40 130 2
41 130 2
42 130 2
45 130 2
46 130 2
47 130 2
52 130 2
60 130 2
68 130 2
38 131 2
39 131 2
40 131 2
41 131 2
42 131 2
43 131 2
45 131 2
46 131 2
47 131 2
52 131 2
53 131 2
60 131 2
38 132 2
39 132 2
40 132 2
41 132 2
42 132 2
43 132 2
47 132 2
48 132 2
52 132 2
53 132 2
60 132 2
61 132 2
40 133 2
41 133 2
42 133 2
43 133 2
44 133 2
45 133 2
47 133 2
48 133 2
49 133 2
53 133 2
60 133 2
61 133 2
23 134 2
41 134 2
42 134 2
43 134 2
44 134 2
48 134 2
49 134 2
54 134 2
61 134 2
42 135 2
43 135 2
44 135 2
45 135 2
48 135 2
49 135 2
50 135 2
54 135 2
61 135 2
62 135 2
43 136 2
44 136 2
45 136 2
46 136 2
49 136 2
50 136 2
51 136 2
54 136 2
61 136 2
62 136 2
44 137 2
45 137 2
46 137 2
49 137 2
50 137 2
51 137 2
54 137 2
62 137 2
63 137 2
19 138 2
44 138 2
45 138 2
46 138 2
47 138 2
49 138 2
50 138 2
51 138 2
62 138 2
63 138 2
19 139 2
20 139 2
44 139 2
45 139 2
46 139 2
47 139 2
50 139 2
51 139 2
52 139 2
62 139 2
63 139 2
19 140 2
20 140 2
45 140 2
46 140 2
47 140 2
48 140 2
50 140 2
51 140 2
52 140 2
53 140 2
63 140 2
19 141 2
20 141 2
45 141 2
46 141 2
47 141 2
48 141 2
51 141 2
52 141 2
53 141 2
63 141 2
19 142 2
20 142 2
46 142 2
47 142 2
48 142 2
51 142 2
52 142 2
53 142 2
64 142 2
19 143 2
47 143 2
48 143 2
49 143 2
52 143 2
53 143 2
63 143 2
64 143 2
19 144 2
48 144 2
49 144 2
52 144 2
53 144 2
54 144 2
19 145 2
20 145 2
48 145 2
49 145 2
52 145 2
53 145 2
54 145 2
64 145 2
19 146 2
22 146 2
48 146 2
49 146 2
50 146 2
52 146 2
53 146 2
54 146 2
19 147 2
22 147 2
49 147 2
50 147 2
52 147 2
53 147 2
54 147 2
55 147 2
64 147 2
20 148 2
22 148 2
49 148 2
50 148 2
53 148 2
54 148 2
55 148 2
56 148 2
64 148 2
21 149 2
22 149 2
49 149 2
50 149 2
53 149 2
54 149 2
55 149 2
56 149 2
64 149 2
65 149 2
21 150 2
22 150 2
50 150 2
53 150 2
54 150 2
55 150 2
56 150 2
20 151 2
22 151 2
23 151 2
53 151 2
54 151 2
55 151 2
56 151 2
65 151 2
23 152 2
53 152 2
54 152 2
55 152 2
56 152 2
22 153 2
23 153 2
54 153 2
55 153 2
56 153 2
57 153 2
63 153 2
22 154 2
23 154 2
55 154 2
56 154 2
57 154 2
63 154 2
23 155 2
55 155 2
56 155 2
57 155 2
22 156 2
55 156 2
56 156 2
57 156 2
21 157 2
22 157 2
23 157 2
24 157 2
55 157 2
56 157 2
57 157 2
58 157 2
22 158 2
23 158 2
24 158 2
55 158 2
56 158 2
57 158 2
58 158 2
22 159 2
23 159 2
24 159 2
56 159 2
57 159 2
58 159 2
22 160 2
23 160 2
55 160 2
56 160 2
57 160 2
58 160 2
22 161 2
23 161 2
55 161 2
56 161 2
57 161 2
58 161 2
23 162 2
24 162 2
25 162 2
56 162 2
57 162 2
58 162 2
59 162 2
63 162 2
23 163 2
25 163 2
56 163 2
57 163 2
58 163 2
62 163 2
63 163 2
25 164 2
56 164 2
57 164 2
58 164 2
62 164 2
63 164 2
25 165 2
55 165 2
56 165 2
57 165 2
58 165 2
62 165 2
63 165 2
27 166 2
55 166 2
56 166 2
58 166 2
62 166 2
63 166 2
27 167 2
28 167 2
55 167 2
56 167 2
57 167 2
58 167 2
60 167 2
62 167 2
24 168 2
55 168 2
56 168 2
57 168 2
61 168 2
27 169 2
55 169 2
57 169 2
63 169 2
25 170 2
27 170 2
57 170 2
25 171 2
27 171 2
57 171 2
25 172 2
27 172 2
25 173 2
29 173 2
25 174 2
56 174 2
25 175 2
56 175 2
25 176 2
25 177 2
26 177 2
26 178 2
29 179 2
25 180 2
28 181 2
29 182 2
27 184 2
28 187 2
28 188 2
28 189 2
29 194 2
29 195 2
30 196 2
17 197 2
19 197 2
30 197 2
17 198 2
30 198 2
17 199 2
18 199 2
30 199 2
17 200 2
18 200 2
30 200 2
31 200 2
17 201 2
18 201 2
30 201 2
32 201 2
17 202 2
18 202 2
19 202 2
17 203 2
18 203 2
17 204 2
18 204 2
17 205 2
18 205 2
19 205 2
17 206 2
18 206 2
19 206 2
20 206 2
30 206 2
17 207 2
18 207 2
19 207 2
20 207 2
17 208 2
18 208 2
19 208 2
20 208 2
21 208 2
31 208 2
18 209 2
19 209 2
20 209 2
21 209 2
19 210 2
20 210 2
21 210 2
31 210 2
19 211 2
20 211 2
21 211 2
22 211 2
19 212 2
20 212 2
21 212 2
22 212 2
32 212 2
20 213 2
21 213 2
22 213 2
23 213 2
20 214 2
21 214 2
22 214 2
31 214 2
20 215 2
21 215 2
22 215 2
20 216 2
21 216 2
22 216 2
20 217 2
21 217 2
22 217 2
20 218 2
21 218 2
22 218 2
20 219 2
21 219 2
22 219 2
23 219 2
33 219 2
20 220 2
21 220 2
22 220 2
20 221 2
21 221 2
22 221 2
30 221 2
20 222 2
21 222 2
30 222 2
20 223 2
30 223 2
31 223 2
32 223 2
20 224 2
30 224 2
31 224 2
32 224 2
33 224 2
19 225 2
20 225 2
30 225 2
31 225 2
32 225 2
33 225 2
19 226 2
20 226 2
30 226 2
31 226 2
33 226 2
19 227 2
20 227 2
31 227 2
32 227 2
33 227 2
19 228 2
20 228 2
31 228 2
32 228 2
33 228 2
19 229 2
20 229 2
31 229 2
32 229 2
33 229 2
19 230 2
20 230 2
31 230 2
32 230 2
19 231 2
31 231 2
32 231 2
33 231 2
19 232 2
20 232 2
31 232 2
32 232 2
19 233 2
20 233 2
31 233 2
32 233 2
34 233 2
19 234 2
20 234 2
32 234 2
34 234 2
19 235 2
20 235 2
32 235 2
19 236 2
32 236 2
19 237 2
20 237 2
32 237 2
33 237 2
20 238 2
32 238 2
19 239 2
20 239 2
33 239 2
33 240 2
33 241 2
34 241 2
18 242 2
33 242 2
18 243 2
33 243 2
17 244 2
33 244 2
39 244 2
17 245 2
33 245 2
16 246 2
17 246 2
33 246 2
16 247 2
34 247 2
16 248 2
34 248 2
16 249 2
33 249 2
34 249 2
5 250 2
7 250 2
16 250 2
34 250 2
6 251 2
33 251 2
34 251 2
6 252 2
7 252 2
8 252 2
34 252 2
7 253 2
8 253 2
15 253 2
34 253 2
8 254 2
9 254 2
34 254 2
9 255 2
9 256 2
10 256 2
9 257 2
10 257 2
42 74 3
47 74 3
49 74 3
37 75 3
38 75 3
39 75 3
40 75 3
42 75 3
43 75 3
46 75 3
47 75 3
48 75 3
49 75 3
50 75 3
34 76 3
37 76 3
38 76 3
39 76 3
40 76 3
41 76 3
42 76 3
43 76 3
44 76 3
45 76 3
46 76 3
47 76 3
48 76 3
49 76 3
50 76 3
51 76 3
43 77 3
45 77 3
47 77 3
48 77 3
49 77 3
50 77 3
51 77 3
52 77 3
49 78 3
50 78 3
51 78 3
52 78 3
53 78 3
54 78 3
51 79 3
52 79 3
53 79 3
54 79 3
55 79 3
53 80 3
54 80 3
55 80 3
56 80 3
55 81 3
56 81 3
57 81 3
55 82 3
56 82 3
57 82 3
58 82 3
56 83 3
57 83 3
58 83 3
59 83 3
57 84 3
58 84 3
59 84 3
60 84 3
58 85 3
59 85 3
60 85 3
59 86 3
60 86 3
61 86 3
59 87 3
60 87 3
61 87 3
60 88 3
61 88 3
62 88 3
60 89 3
61 89 3
62 89 3
61 90 3
62 90 3
63 90 3
61 91 3
62 91 3
63 91 3
61 92 3
62 92 3
63 92 3
61 93 3
62 93 3
63 93 3
62 94 3
63 94 3
64 94 3
62 95 3
63 95 3
64 95 3
63 96 3
64 96 3
63 97 3
64 97 3
65 97 3
63 98 3
64 98 3
65 98 3
63 99 3
64 99 3
65 99 3
66 99 3
67 99 3
64 100 3
65 100 3
66 100 3
64 101 3
65 101 3
66 101 3
64 102 3
65 102 3
66 102 3
64 103 3
65 103 3
66 103 3
67 103 3
64 104 3
65 104 3
66 104 3
67 104 3
65 105 3
66 105 3
67 105 3
65 106 3
66 106 3
67 106 3
65 107 3
66 107 3
67 107 3
68 107 3
65 108 3
66 108 3
67 108 3
66 109 3
67 109 3
66 110 3
67 110 3
68 110 3
69 110 3
66 111 3
67 111 3
69 111 3
70 111 3
66 112 3
67 112 3
68 112 3
70 112 3
67 113 3
68 113 3
67 114 3
68 114 3
68 115 3
69 115 3
68 116 3
69 116 3
70 116 3
69 117 3
70 117 3
70 118 3
72 118 3
64 119 3
69 119 3
70 119 3
71 119 3
72 119 3
71 120 3
72 120 3
72 121 3
73 121 3
71 122 3
72 122 3
72 123 3
72 124 3
73 124 3
72 125 3
73 125 3
73 126 3
74 126 3
73 127 3
74 127 3
75 128 3
73 129 3
75 129 3
74 130 3
75 130 3
76 131 3
76 132 3
76 133 3
77 133 3
76 134 3
77 134 3
77 135 3
77 136 3
78 137 3
78 138 3
78 139 3
78 140 3
79 140 3
79 141 3
79 143 3
80 144 3
79 145 3
95 145 3
78 146 3
90 146 3
95 146 3
96 146 3
78 147 3
79 147 3
80 147 3
96 147 3
80 148 3
96 148 3
97 148 3
80 149 3
97 149 3
98 149 3
80 150 3
98 150 3
99 151 3
99 152 3
99 153 3
100 153 3
100 154 3
101 155 3
79 156 3
79 157 3
59 165 3
60 165 3
58 166 3
59 166 3
54 167 3
58 167 3
59 167 3
60 167 3
53 168 3
58 168 3
59 168 3
60 168 3
65 168 3
53 169 3
54 169 3
57 169 3
58 169 3
59 169 3
60 169 3
65 169 3
66 169 3
68 169 3
57 170 3
58 170 3
59 170 3
60 170 3
65 170 3
68 170 3
56 171 3
57 171 3
58 171 3
59 171 3
56 172 3
57 172 3
58 172 3
59 172 3
72 172 3
55 173 3
56 173 3
57 173 3
58 173 3
59 173 3
60 173 3
56 174 3
57 174 3
58 174 3
59 174 3
60 174 3
61 174 3
65 174 3
66 174 3
72 174 3
73 174 3
56 175 3
57 175 3
58 175 3
59 175 3
60 175 3
61 175 3
62 175 3
63 175 3
65 175 3
66 175 3
72 175 3
73 175 3
57 176 3
58 176 3
59 176 3
60 176 3
61 176 3
62 176 3
63 176 3
72 176 3
73 176 3
57 177 3
58 177 3
60 177 3
61 177 3
62 177 3
63 177 3
64 177 3
65 177 3
66 177 3
71 177 3
72 177 3
73 177 3
58 178 3
63 178 3
64 178 3
65 178 3
66 178 3
71 178 3
72 178 3
73 178 3
58 179 3
59 179 3
60 179 3
62 179 3
63 179 3
65 179 3
66 179 3
70 179 3
71 179 3
72 179 3
73 179 3
59 180 3
63 180 3
66 180 3
70 180 3
71 180 3
72 180 3
73 180 3
60 181 3
61 181 3
62 181 3
65 181 3
71 181 3
72 181 3
73 181 3
60 182 3
61 182 3
62 182 3
63 182 3
64 182 3
71 182 3
72 182 3
73 182 3
61 183 3
71 183 3
72 183 3
73 183 3
71 184 3
72 184 3
73 184 3
71 185 3
72 185 3
73 185 3
71 186 3
72 186 3
73 186 3
71 187 3
72 187 3
73 187 3
71 188 3
72 188 3
73 188 3
70 189 3
71 189 3
72 189 3
73 189 3
70 190 3
71 190 3
72 190 3
73 190 3
70 191 3
71 191 3
72 191 3
70 192 3
71 192 3
72 192 3
70 193 3
71 193 3
72 193 3
70 194 3
71 194 3
72 194 3
70 195 3
71 195 3
72 195 3
70 196 3
71 196 3
72 196 3
70 197 3
71 197 3
72 197 3
70 198 3
71 198 3
72 198 3
71 199 3
68 200 3
69 200 3
68 201 3
64 202 3
65 202 3
66 202 3
64 203 3
65 203 3
66 203 3
67 203 3
64 204 3
65 204 3
66 204 3
67 204 3
68 204 3
66 205 3
67 205 3
68 205 3
66 206 3
67 206 3
68 206 3
69 206 3
68 207 3
69 207 3
70 207 3
73 207 3
75 207 3
69 208 3
70 208 3
72 208 3
73 208 3
74 208 3
75 208 3
76 208 3
77 209 3
54 210 3
54 211 3
54 212 3
54 213 3
71 213 3
72 213 3
75 213 3
76 213 3
54 214 3
72 214 3
73 214 3
74 214 3
74 215 3
54 217 3
55 217 3
54 219 3
55 219 3
54 220 3
57 220 3
54 221 3
55 221 3
76 221 3
79 221 3
80 221 3
81 221 3
54 222 3
76 222 3
77 222 3
81 222 3
82 222 3
54 223 3
55 223 3
76 223 3
77 223 3
78 223 3
82 223 3
83 223 3
54 224 3
55 224 3
76 224 3
77 224 3
78 224 3
79 224 3
54 225 3
55 225 3
77 225 3
78 225 3
54 226 3
55 226 3
77 226 3
78 226 3
54 227 3
55 227 3
77 227 3
78 227 3
79 227 3
54 228 3
55 228 3
78 228 3
79 228 3
54 229 3
55 229 3
78 229 3
55 230 3
55 231 3
55 232 3
55 233 3
55 234 3
55 235 3
55 236 3
55 237 3
56 237 3
55 238 3
56 238 3
55 239 3
55 240 3
56 240 3
55 241 3
56 241 3
55 242 3
55 243 3
56 243 3
55 244 3
55 245 3
55 246 3
55 247 3
55 248 3
55 249 3
55 250 3
56 250 3
55 251 3
55 252 3
56 252 3
55 253 3
54 255 3
32 256 3
54 256 3
54 257 3
54 258 3
143 231 4
143 233 4
144 233 4
144 234 4
125 235 4
126 235 4
128 235 4
144 235 4
144 236 4
145 236 4
126 237 4
127 237 4
144 237 4
145 237 4
126 238 4
127 238 4
145 238 4
126 239 4
127 239 4
145 239 4
126 240 4
127 240 4
145 240 4
146 240 4
127 241 4
136 241 4
145 241 4
146 241 4
127 242 4
132 242 4
136 242 4
145 242 4
146 242 4
127 243 4
128 243 4
145 243 4
146 243 4
127 244 4
128 244 4
146 244 4
127 245 4
128 245 4
146 245 4
147 245 4
128 246 4
129 246 4
146 246 4
128 247 4
129 247 4
146 247 4
147 247 4
128 248 4
129 248 4
134 248 4
146 248 4
147 248 4
128 249 4
129 249 4
146 249 4
147 249 4
129 250 4
134 250 4
146 250 4
147 250 4
129 251 4
146 251 4
147 251 4
129 252 4
130 252 4
135 252 4
146 252 4
147 252 4
129 253 4
133 253 4
134 253 4
135 253 4
146 253 4
147 253 4
129 254 4
130 254 4
146 254 4
147 254 4
129 255 4
130 255 4
135 255 4
146 255 4
147 255 4
129 256 4
133 256 4
134 256 4
135 256 4
136 256 4
146 256 4
147 256 4
130 257 4
134 257 4
135 257 4
131 258 4
134 258 4
