277 13 0
325 13 0
175 14 0
188 14 0
190 14 0
198 14 0
201 14 0
191 15 0
228 15 0
301 15 0
216 18 0
217 18 0
191 19 0
204 20 0
153 21 0
179 21 0
204 21 0
166 22 0
204 22 0
140 23 0
166 23 0
178 23 0
140 24 0
141 24 0
153 24 0
166 24 0
178 24 0
128 25 0
140 25 0
141 25 0
154 25 0
128 26 0
166 26 0
154 28 0
332 40 0
246 43 0
247 43 0
257 44 0
258 44 0
268 44 0
269 44 0
270 44 0
319 44 0
253 45 0
255 45 0
256 45 0
259 45 0
260 45 0
261 45 0
269 45 0
270 45 0
271 45 0
275 45 0
282 45 0
283 45 0
252 46 0
253 46 0
254 46 0
256 46 0
257 46 0
260 46 0
261 46 0
262 46 0
269 46 0
270 46 0
271 46 0
277 46 0
278 46 0
279 46 0
252 47 0
253 47 0
254 47 0
255 47 0
257 47 0
258 47 0
259 47 0
263 47 0
264 47 0
270 47 0
271 47 0
276 47 0
277 47 0
278 47 0
279 47 0
280 47 0
284 47 0
253 48 0
258 48 0
259 48 0
260 48 0
261 48 0
262 48 0
264 48 0
265 48 0
266 48 0
270 48 0
271 48 0
279 48 0
280 48 0
281 48 0
259 49 0
260 49 0
261 49 0
263 49 0
265 49 0
266 49 0
270 49 0
271 49 0
306 49 0
248 50 0
260 50 0
261 50 0
262 50 0
264 50 0
266 50 0
267 50 0
268 50 0
269 50 0
270 50 0
271 50 0
277 50 0
278 50 0
279 50 0
280 50 0
281 50 0
341 50 0
253 51 0
260 51 0
261 51 0
262 51 0
263 51 0
265 51 0
266 51 0
269 51 0
270 51 0
271 51 0
278 51 0
279 51 0
280 51 0
281 51 0
283 51 0
321 51 0
341 51 0
253 52 0
260 52 0
261 52 0
262 52 0
263 52 0
265 52 0
266 52 0
267 52 0
268 52 0
269 52 0
270 52 0
271 52 0
279 52 0
319 52 0
259 53 0
260 53 0
261 53 0
262 53 0
263 53 0
266 53 0
267 53 0
268 53 0
269 53 0
270 53 0
271 53 0
319 53 0
259 54 0
260 54 0
261 54 0
267 54 0
268 54 0
269 54 0
270 54 0
271 54 0
272 54 0
319 54 0
258 55 0
259 55 0
260 55 0
261 55 0
264 55 0
265 55 0
266 55 0
267 55 0
268 55 0
269 55 0
270 55 0
271 55 0
272 55 0
319 55 0
244 56 0
259 56 0
260 56 0
261 56 0
265 56 0
266 56 0
267 56 0
268 56 0
269 56 0
270 56 0
271 56 0
319 56 0
243 57 0
245 57 0
266 57 0
267 57 0
268 57 0
244 58 0
331 62 0
258 63 0
259 63 0
260 63 0
261 63 0
262 63 0
263 63 0
276 63 0
258 64 0
259 64 0
260 64 0
261 64 0
262 64 0
263 64 0
275 64 0
277 64 0
310 64 0
258 65 0
259 65 0
260 65 0
261 65 0
262 65 0
263 65 0
264 65 0
275 65 0
276 65 0
258 66 0
259 66 0
260 66 0
275 66 0
276 66 0
311 66 0
257 67 0
258 67 0
259 67 0
278 67 0
311 67 0
257 68 0
258 68 0
273 68 0
274 68 0
275 68 0
276 68 0
278 68 0
311 68 0
332 68 0
258 69 0
268 69 0
269 69 0
274 69 0
275 69 0
276 69 0
277 69 0
283 69 0
258 70 0
268 70 0
269 70 0
274 70 0
275 70 0
276 70 0
277 70 0
285 70 0
268 71 0
269 71 0
275 71 0
276 71 0
284 71 0
285 71 0
264 72 0
265 72 0
266 72 0
275 72 0
276 72 0
284 72 0
288 72 0
289 72 0
323 72 0
262 73 0
263 73 0
264 73 0
265 73 0
268 73 0
312 73 0
323 73 0
324 73 0
274 74 0
275 74 0
275 75 0
27 83 1
34 83 1
27 84 1
28 84 1
30 84 1
34 84 1
30 85 1
35 85 1
36 85 1
37 85 1
38 85 1
37 86 1
38 86 1
39 86 1
40 86 1
41 86 1
16 87 1
17 87 1
38 87 1
39 87 1
40 87 1
41 87 1
42 87 1
43 87 1
12 88 1
13 88 1
15 88 1
40 88 1
41 88 1
42 88 1
43 88 1
9 89 1
10 89 1
12 89 1
14 89 1
41 89 1
42 89 1
43 89 1
44 89 1
9 90 1
10 90 1
11 90 1
12 90 1
43 90 1
44 90 1
45 90 1
46 90 1
8 91 1
9 91 1
10 91 1
11 91 1
12 91 1
44 91 1
45 91 1
46 91 1
7 92 1
8 92 1
9 92 1
10 92 1
11 92 1
44 92 1
45 92 1
46 92 1
47 92 1
7 93 1
8 93 1
9 93 1
10 93 1
45 93 1
46 93 1
47 93 1
6 94 1
7 94 1
8 94 1
9 94 1
10 94 1
46 94 1
47 94 1
48 94 1
5 95 1
6 95 1
7 95 1
8 95 1
9 95 1
47 95 1
48 95 1
49 95 1
5 96 1
6 96 1
7 96 1
8 96 1
9 96 1
47 96 1
48 96 1
49 96 1
50 96 1
4 97 1
5 97 1
6 97 1
7 97 1
8 97 1
9 97 1
47 97 1
48 97 1
49 97 1
50 97 1
5 98 1
6 98 1
7 98 1
8 98 1
48 98 1
49 98 1
50 98 1
51 98 1
5 99 1
6 99 1
7 99 1
8 99 1
9 99 1
48 99 1
49 99 1
50 99 1
51 99 1
5 100 1
6 100 1
7 100 1
8 100 1
9 100 1
48 100 1
49 100 1
50 100 1
51 100 1
5 101 1
6 101 1
7 101 1
8 101 1
49 101 1
50 101 1
51 101 1
5 102 1
6 102 1
7 102 1
8 102 1
9 102 1
49 102 1
50 102 1
51 102 1
52 102 1
6 103 1
7 103 1
8 103 1
9 103 1
10 103 1
49 103 1
50 103 1
51 103 1
52 103 1
7 104 1
8 104 1
9 104 1
10 104 1
13 104 1
50 104 1
51 104 1
52 104 1
8 105 1
9 105 1
10 105 1
11 105 1
13 105 1
14 105 1
50 105 1
51 105 1
52 105 1
9 106 1
10 106 1
11 106 1
12 106 1
13 106 1
14 106 1
50 106 1
51 106 1
52 106 1
10 107 1
11 107 1
12 107 1
13 107 1
14 107 1
15 107 1
50 107 1
51 107 1
52 107 1
53 107 1
9 108 1
11 108 1
12 108 1
13 108 1
14 108 1
15 108 1
51 108 1
52 108 1
53 108 1
12 109 1
13 109 1
14 109 1
15 109 1
51 109 1
52 109 1
53 109 1
13 110 1
14 110 1
15 110 1
51 110 1
52 110 1
53 110 1
13 111 1
14 111 1
15 111 1
18 111 1
52 111 1
53 111 1
13 112 1
14 112 1
15 112 1
16 112 1
18 112 1
52 112 1
53 112 1
54 112 1
13 113 1
14 113 1
15 113 1
16 113 1
52 113 1
53 113 1
54 113 1
14 114 1
15 114 1
17 114 1
37 114 1
53 114 1
54 114 1
14 115 1
15 115 1
16 115 1
17 115 1
52 115 1
53 115 1
54 115 1
55 115 1
14 116 1
15 116 1
16 116 1
17 116 1
35 116 1
38 116 1
52 116 1
53 116 1
54 116 1
55 116 1
56 116 1
14 117 1
15 117 1
16 117 1
17 117 1
37 117 1
38 117 1
53 117 1
54 117 1
55 117 1
56 117 1
15 118 1
16 118 1
17 118 1
38 118 1
53 118 1
54 118 1
55 118 1
56 118 1
14 119 1
15 119 1
16 119 1
18 119 1
19 119 1
38 119 1
53 119 1
54 119 1
55 119 1
56 119 1
57 119 1
14 120 1
15 120 1
16 120 1
18 120 1
19 120 1
38 120 1
53 120 1
54 120 1
55 120 1
56 120 1
57 120 1
15 121 1
16 121 1
19 121 1
38 121 1
54 121 1
55 121 1
56 121 1
57 121 1
15 122 1
19 122 1
21 122 1
38 122 1
54 122 1
55 122 1
15 123 1
21 123 1
38 123 1
39 123 1
54 123 1
55 123 1
56 123 1
14 124 1
15 124 1
22 124 1
39 124 1
55 124 1
56 124 1
57 124 1
14 125 1
15 125 1
21 125 1
22 125 1
55 125 1
56 125 1
57 125 1
14 126 1
21 126 1
22 126 1
56 126 1
57 126 1
13 127 1
14 127 1
22 127 1
56 127 1
57 127 1
13 128 1
14 128 1
22 128 1
56 128 1
57 128 1
58 128 1
13 129 1
14 129 1
22 129 1
24 129 1
33 129 1
57 129 1
58 129 1
59 129 1
13 130 1
14 130 1
24 130 1
33 130 1
34 130 1
57 130 1
58 130 1
59 130 1
13 131 1
15 131 1
24 131 1
25 131 1
33 131 1
34 131 1
57 131 1
58 131 1
59 131 1
60 131 1
13 132 1
15 132 1
16 132 1
25 132 1
26 132 1
27 132 1
34 132 1
58 132 1
59 132 1
60 132 1
14 133 1
18 133 1
20 133 1
26 133 1
27 133 1
34 133 1
58 133 1
59 133 1
60 133 1
14 134 1
19 134 1
20 134 1
21 134 1
22 134 1
26 134 1
27 134 1
28 134 1
34 134 1
35 134 1
58 134 1
59 134 1
61 134 1
20 135 1
21 135 1
22 135 1
23 135 1
26 135 1
28 135 1
29 135 1
34 135 1
35 135 1
53 135 1
59 135 1
62 135 1
21 136 1
22 136 1
23 136 1
26 136 1
27 136 1
28 136 1
29 136 1
30 136 1
35 136 1
43 136 1
59 136 1
60 136 1
63 136 1
22 137 1
23 137 1
24 137 1
27 137 1
29 137 1
30 137 1
31 137 1
32 137 1
35 137 1
42 137 1
43 137 1
60 137 1
61 137 1
63 137 1
23 138 1
24 138 1
25 138 1
27 138 1
29 138 1
30 138 1
31 138 1
35 138 1
43 138 1
60 138 1
62 138 1
8 139 1
24 139 1
25 139 1
27 139 1
28 139 1
30 139 1
31 139 1
35 139 1
36 139 1
43 139 1
60 139 1
61 139 1
62 139 1
7 140 1
24 140 1
25 140 1
26 140 1
30 140 1
31 140 1
32 140 1
36 140 1
43 140 1
61 140 1
63 140 1
25 141 1
26 141 1
31 141 1
32 141 1
36 141 1
43 141 1
44 141 1
61 141 1
63 141 1
64 141 1
65 141 1
26 142 1
27 142 1
31 142 1
32 142 1
33 142 1
36 142 1
43 142 1
44 142 1
62 142 1
63 142 1
64 142 1
26 143 1
27 143 1
28 143 1
32 143 1
33 143 1
37 143 1
44 143 1
63 143 1
64 143 1
27 144 1
32 144 1
33 144 1
34 144 1
43 144 1
44 144 1
45 144 1
64 144 1
65 144 1
2 145 1
27 145 1
28 145 1
32 145 1
33 145 1
34 145 1
38 145 1
45 145 1
64 145 1
65 145 1
66 145 1
2 146 1
27 146 1
28 146 1
33 146 1
34 146 1
35 146 1
39 146 1
45 146 1
66 146 1
67 146 1
28 147 1
29 147 1
33 147 1
34 147 1
35 147 1
45 147 1
46 147 1
64 147 1
66 147 1
67 147 1
28 148 1
29 148 1
30 148 1
34 148 1
35 148 1
36 148 1
45 148 1
46 148 1
66 148 1
67 148 1
29 149 1
30 149 1
34 149 1
35 149 1
36 149 1
45 149 1
46 149 1
66 149 1
67 149 1
29 150 1
30 150 1
34 150 1
35 150 1
36 150 1
45 150 1
46 150 1
65 150 1
30 151 1
31 151 1
35 151 1
36 151 1
45 151 1
46 151 1
66 151 1
67 151 1
68 151 1
1 152 1
2 152 1
31 152 1
32 152 1
35 152 1
36 152 1
37 152 1
45 152 1
46 152 1
47 152 1
68 152 1
1 153 1
2 153 1
31 153 1
32 153 1
35 153 1
36 153 1
37 153 1
47 153 1
68 153 1
69 153 1
1 154 1
2 154 1
31 154 1
32 154 1
35 154 1
36 154 1
37 154 1
38 154 1
47 154 1
69 154 1
70 154 1
1 155 1
2 155 1
32 155 1
35 155 1
36 155 1
37 155 1
38 155 1
47 155 1
48 155 1
69 155 1
70 155 1
84 155 1
2 156 1
35 156 1
36 156 1
37 156 1
38 156 1
47 156 1
48 156 1
69 156 1
84 156 1
85 156 1
2 157 1
35 157 1
36 157 1
37 157 1
38 157 1
48 157 1
85 157 1
86 157 1
2 158 1
3 158 1
35 158 1
36 158 1
37 158 1
38 158 1
39 158 1
46 158 1
85 158 1
86 158 1
2 159 1
3 159 1
35 159 1
36 159 1
37 159 1
38 159 1
39 159 1
86 159 1
87 159 1
2 160 1
3 160 1
37 160 1
38 160 1
39 160 1
87 160 1
88 160 1
2 161 1
3 161 1
37 161 1
38 161 1
39 161 1
47 161 1
87 161 1
88 161 1
2 162 1
3 162 1
37 162 1
38 162 1
39 162 1
88 162 1
89 162 1
2 163 1
3 163 1
37 163 1
38 163 1
39 163 1
40 163 1
88 163 1
89 163 1
90 163 1
3 164 1
37 164 1
38 164 1
39 164 1
40 164 1
74 164 1
89 164 1
90 164 1
91 164 1
3 165 1
37 165 1
38 165 1
39 165 1
40 165 1
68 165 1
90 165 1
3 166 1
4 166 1
37 166 1
38 166 1
39 166 1
40 166 1
52 166 1
90 166 1
91 166 1
3 167 1
4 167 1
37 167 1
38 167 1
39 167 1
40 167 1
44 167 1
45 167 1
51 167 1
52 167 1
69 167 1
91 167 1
92 167 1
4 168 1
37 168 1
38 168 1
39 168 1
45 168 1
52 168 1
70 168 1
91 168 1
92 168 1
3 169 1
4 169 1
37 169 1
38 169 1
39 169 1
45 169 1
46 169 1
52 169 1
76 169 1
92 169 1
93 169 1
4 170 1
5 170 1
37 170 1
38 170 1
39 170 1
44 170 1
45 170 1
92 170 1
93 170 1
4 171 1
5 171 1
36 171 1
37 171 1
38 171 1
39 171 1
40 171 1
45 171 1
49 171 1
50 171 1
93 171 1
94 171 1
4 172 1
5 172 1
36 172 1
37 172 1
39 172 1
40 172 1
45 172 1
46 172 1
50 172 1
93 172 1
94 172 1
4 173 1
5 173 1
36 173 1
37 173 1
39 173 1
40 173 1
45 173 1
46 173 1
49 173 1
94 173 1
5 174 1
6 174 1
35 174 1
37 174 1
38 174 1
39 174 1
40 174 1
46 174 1
47 174 1
94 174 1
95 174 1
5 175 1
6 175 1
34 175 1
38 175 1
39 175 1
40 175 1
45 175 1
46 175 1
47 175 1
95 175 1
96 175 1
5 176 1
6 176 1
35 176 1
38 176 1
39 176 1
45 176 1
46 176 1
47 176 1
96 176 1
6 177 1
7 177 1
37 177 1
38 177 1
39 177 1
45 177 1
46 177 1
47 177 1
59 177 1
96 177 1
97 177 1
6 178 1
37 178 1
38 178 1
45 178 1
46 178 1
47 178 1
48 178 1
53 178 1
59 178 1
97 178 1
6 179 1
7 179 1
14 179 1
37 179 1
38 179 1
39 179 1
45 179 1
46 179 1
47 179 1
48 179 1
53 179 1
97 179 1
6 180 1
7 180 1
38 180 1
39 180 1
45 180 1
46 180 1
47 180 1
48 180 1
59 180 1
60 180 1
98 180 1
6 181 1
7 181 1
38 181 1
39 181 1
43 181 1
45 181 1
46 181 1
47 181 1
48 181 1
53 181 1
54 181 1
98 181 1
99 181 1
6 182 1
7 182 1
37 182 1
38 182 1
43 182 1
44 182 1
45 182 1
46 182 1
47 182 1
48 182 1
54 182 1
59 182 1
60 182 1
99 182 1
6 183 1
7 183 1
37 183 1
38 183 1
44 183 1
45 183 1
46 183 1
47 183 1
48 183 1
49 183 1
59 183 1
60 183 1
99 183 1
100 183 1
6 184 1
7 184 1
36 184 1
37 184 1
44 184 1
45 184 1
46 184 1
47 184 1
48 184 1
49 184 1
59 184 1
60 184 1
99 184 1
100 184 1
6 185 1
43 185 1
44 185 1
45 185 1
46 185 1
47 185 1
48 185 1
49 185 1
50 185 1
59 185 1
60 185 1
100 185 1
101 185 1
6 186 1
7 186 1
44 186 1
45 186 1
46 186 1
47 186 1
48 186 1
49 186 1
50 186 1
59 186 1
60 186 1
61 186 1
100 186 1
101 186 1
6 187 1
7 187 1
46 187 1
47 187 1
48 187 1
49 187 1
50 187 1
53 187 1
60 187 1
61 187 1
100 187 1
101 187 1
102 187 1
7 188 1
47 188 1
48 188 1
51 188 1
52 188 1
54 188 1
59 188 1
60 188 1
61 188 1
100 188 1
101 188 1
102 188 1
7 189 1
8 189 1
9 189 1
48 189 1
49 189 1
51 189 1
52 189 1
53 189 1
54 189 1
59 189 1
60 189 1
61 189 1
101 189 1
102 189 1
7 190 1
8 190 1
49 190 1
51 190 1
53 190 1
54 190 1
59 190 1
60 190 1
61 190 1
101 190 1
102 190 1
49 191 1
51 191 1
53 191 1
59 191 1
60 191 1
61 191 1
101 191 1
102 191 1
7 192 1
8 192 1
9 192 1
49 192 1
50 192 1
51 192 1
52 192 1
59 192 1
60 192 1
61 192 1
101 192 1
7 193 1
8 193 1
9 193 1
59 193 1
60 193 1
61 193 1
8 194 1
9 194 1
59 194 1
60 194 1
61 194 1
8 195 1
9 195 1
59 195 1
60 195 1
61 195 1
8 196 1
9 196 1
59 196 1
60 196 1
61 196 1
8 197 1
9 197 1
59 197 1
60 197 1
61 197 1
9 198 1
58 198 1
59 198 1
60 198 1
10 199 1
58 199 1
59 199 1
60 199 1
10 200 1
13 200 1
58 200 1
59 200 1
60 200 1
58 201 1
59 201 1
58 202 1
59 202 1
11 203 1
58 203 1
59 203 1
58 204 1
59 204 1
58 205 1
59 205 1
11 206 1
57 206 1
58 206 1
59 206 1
57 207 1
58 207 1
59 207 1
58 208 1
59 208 1
58 209 1
59 209 1
57 210 1
58 210 1
57 211 1
58 211 1
52 212 1
53 212 1
55 212 1
56 212 1
11 213 1
52 213 1
53 213 1
56 213 1
52 214 1
53 214 1
54 214 1
61 214 1
63 214 1
52 215 1
53 215 1
54 215 1
49 216 1
51 216 1
53 216 1
54 216 1
55 216 1
53 217 1
54 217 1
55 217 1
14 218 1
40 218 1
41 218 1
54 218 1
55 218 1
56 218 1
40 219 1
41 219 1
42 219 1
53 219 1
54 219 1
55 219 1
3 220 1
14 220 1
39 220 1
40 220 1
5 221 1
14 221 1
39 221 1
40 221 1
14 222 1
38 222 1
39 222 1
40 222 1
65 222 1
67 222 1
4 223 1
14 223 1
39 223 1
40 223 1
60 223 1
64 223 1
65 223 1
67 223 1
3 224 1
4 224 1
60 224 1
61 224 1
65 224 1
14 225 1
39 225 1
40 225 1
60 225 1
61 225 1
14 226 1
39 226 1
40 226 1
53 226 1
61 226 1
62 226 1
66 226 1
14 227 1
15 227 1
39 227 1
40 227 1
13 228 1
15 228 1
40 228 1
12 229 1
13 229 1
14 229 1
15 229 1
40 229 1
41 229 1
12 230 1
13 230 1
14 230 1
15 230 1
40 230 1
41 230 1
63 230 1
67 230 1
68 230 1
11 231 1
12 231 1
13 231 1
14 231 1
15 231 1
39 231 1
40 231 1
41 231 1
62 231 1
63 231 1
64 231 1
67 231 1
70 231 1
12 232 1
13 232 1
14 232 1
15 232 1
39 232 1
40 232 1
41 232 1
62 232 1
63 232 1
64 232 1
70 232 1
71 232 1
72 232 1
12 233 1
13 233 1
14 233 1
15 233 1
40 233 1
42 233 1
62 233 1
63 233 1
64 233 1
72 233 1
13 234 1
14 234 1
40 234 1
42 234 1
63 234 1
64 234 1
65 234 1
66 234 1
73 234 1
12 235 1
13 235 1
14 235 1
15 235 1
17 235 1
40 235 1
63 235 1
64 235 1
65 235 1
66 235 1
14 236 1
15 236 1
16 236 1
17 236 1
40 236 1
41 236 1
63 236 1
64 236 1
65 236 1
66 236 1
13 237 1
14 237 1
15 237 1
16 237 1
17 237 1
39 237 1
40 237 1
41 237 1
64 237 1
65 237 1
66 237 1
14 238 1
15 238 1
16 238 1
17 238 1
40 238 1
41 238 1
64 238 1
65 238 1
66 238 1
67 238 1
3 239 1
14 239 1
15 239 1
16 239 1
41 239 1
42 239 1
64 239 1
65 239 1
66 239 1
13 240 1
14 240 1
15 240 1
16 240 1
41 240 1
65 240 1
66 240 1
3 241 1
14 241 1
15 241 1
41 241 1
42 241 1
65 241 1
66 241 1
13 242 1
14 242 1
15 242 1
17 242 1
40 242 1
41 242 1
65 242 1
66 242 1
14 243 1
15 243 1
18 243 1
40 243 1
41 243 1
65 243 1
66 243 1
15 244 1
16 244 1
20 244 1
40 244 1
41 244 1
42 244 1
65 244 1
14 245 1
15 245 1
16 245 1
40 245 1
41 245 1
42 245 1
14 246 1
16 246 1
17 246 1
40 246 1
41 246 1
42 246 1
15 247 1
16 247 1
17 247 1
19 247 1
41 247 1
42 247 1
15 248 1
16 248 1
41 248 1
42 248 1
15 249 1
16 249 1
17 249 1
41 249 1
42 249 1
15 250 1
16 250 1
17 250 1
41 250 1
42 250 1
16 251 1
40 251 1
41 251 1
42 251 1
15 252 1
16 252 1
22 252 1
40 252 1
41 252 1
42 252 1
16 253 1
17 253 1
24 253 1
41 253 1
42 253 1
16 254 1
17 254 1
19 254 1
41 254 1
42 254 1
16 255 1
17 255 1
18 255 1
40 255 1
41 255 1
42 255 1
16 256 1
17 256 1
40 256 1
41 256 1
42 256 1
16 257 1
18 257 1
41 257 1
42 257 1
132 95 2
135 95 2
127 96 2
131 96 2
132 96 2
133 96 2
127 97 2
128 97 2
129 97 2
130 97 2
131 97 2
132 97 2
133 97 2
148 97 2
149 97 2
126 98 2
127 98 2
128 98 2
129 98 2
130 98 2
131 98 2
132 98 2
133 98 2
149 98 2
150 98 2
126 99 2
127 99 2
128 99 2
129 99 2
133 99 2
150 99 2
151 99 2
125 100 2
126 100 2
127 100 2
128 100 2
129 100 2
150 100 2
151 100 2
124 101 2
125 101 2
126 101 2
127 101 2
128 101 2
137 101 2
138 101 2
139 101 2
151 101 2
152 101 2
124 102 2
125 102 2
126 102 2
127 102 2
128 102 2
136 102 2
137 102 2
138 102 2
140 102 2
142 102 2
152 102 2
124 103 2
125 103 2
126 103 2
127 103 2
133 103 2
134 103 2
135 103 2
136 103 2
137 103 2
138 103 2
140 103 2
142 103 2
143 103 2
144 103 2
152 103 2
124 104 2
125 104 2
126 104 2
127 104 2
130 104 2
131 104 2
132 104 2
133 104 2
134 104 2
135 104 2
136 104 2
137 104 2
138 104 2
139 104 2
140 104 2
141 104 2
144 104 2
145 104 2
146 104 2
152 104 2
153 104 2
124 105 2
125 105 2
126 105 2
127 105 2
128 105 2
129 105 2
130 105 2
131 105 2
132 105 2
133 105 2
134 105 2
135 105 2
136 105 2
137 105 2
138 105 2
139 105 2
141 105 2
143 105 2
144 105 2
145 105 2
146 105 2
147 105 2
150 105 2
153 105 2
124 106 2
125 106 2
126 106 2
127 106 2
128 106 2
129 106 2
130 106 2
131 106 2
132 106 2
133 106 2
134 106 2
135 106 2
141 106 2
142 106 2
143 106 2
144 106 2
145 106 2
146 106 2
147 106 2
152 106 2
153 106 2
124 107 2
125 107 2
126 107 2
127 107 2
128 107 2
129 107 2
130 107 2
131 107 2
132 107 2
133 107 2
134 107 2
141 107 2
142 107 2
143 107 2
144 107 2
145 107 2
151 107 2
124 108 2
125 108 2
126 108 2
127 108 2
128 108 2
129 108 2
131 108 2
132 108 2
133 108 2
139 108 2
141 108 2
142 108 2
143 108 2
144 108 2
145 108 2
146 108 2
152 108 2
153 108 2
124 109 2
125 109 2
126 109 2
127 109 2
128 109 2
141 109 2
144 109 2
145 109 2
146 109 2
147 109 2
148 109 2
149 109 2
151 109 2
152 109 2
153 109 2
127 110 2
142 110 2
144 110 2
147 110 2
149 110 2
152 110 2
145 111 2
147 111 2
148 111 2
149 111 2
150 111 2
152 111 2
145 112 2
147 112 2
148 112 2
150 112 2
151 112 2
152 112 2
153 112 2
145 113 2
146 113 2
148 113 2
150 113 2
151 113 2
152 113 2
153 113 2
138 114 2
145 114 2
146 114 2
147 114 2
148 114 2
151 114 2
152 114 2
153 114 2
154 114 2
145 115 2
146 115 2
147 115 2
152 115 2
153 115 2
154 115 2
155 115 2
112 116 2
144 116 2
145 116 2
146 116 2
147 116 2
152 116 2
153 116 2
154 116 2
155 116 2
156 116 2
112 117 2
146 117 2
147 117 2
151 117 2
152 117 2
153 117 2
154 117 2
155 117 2
156 117 2
112 118 2
147 118 2
153 118 2
154 118 2
155 118 2
156 118 2
157 118 2
106 119 2
109 119 2
152 119 2
153 119 2
154 119 2
155 119 2
156 119 2
157 119 2
105 120 2
106 120 2
108 120 2
145 120 2
146 120 2
151 120 2
152 120 2
153 120 2
154 120 2
155 120 2
156 120 2
105 121 2
133 121 2
134 121 2
135 121 2
146 121 2
105 122 2
134 122 2
144 122 2
145 122 2
146 122 2
105 123 2
135 123 2
136 123 2
105 124 2
136 124 2
137 124 2
138 124 2
144 124 2
104 125 2
105 125 2
113 125 2
136 125 2
137 125 2
138 125 2
139 125 2
104 126 2
105 126 2
110 126 2
112 126 2
113 126 2
135 126 2
136 126 2
137 126 2
104 127 2
105 127 2
112 127 2
136 127 2
137 127 2
104 128 2
105 128 2
110 128 2
111 128 2
136 128 2
137 128 2
138 128 2
104 129 2
105 129 2
109 129 2
110 129 2
114 129 2
136 129 2
137 129 2
138 129 2
104 130 2
105 130 2
108 130 2
109 130 2
110 130 2
116 130 2
135 130 2
136 130 2
137 130 2
138 130 2
105 131 2
108 131 2
109 131 2
110 131 2
114 131 2
115 131 2
116 131 2
136 131 2
104 132 2
105 132 2
106 132 2
107 132 2
108 132 2
109 132 2
114 132 2
115 132 2
135 132 2
104 133 2
105 133 2
106 133 2
107 133 2
108 133 2
109 133 2
113 133 2
115 133 2
136 133 2
105 134 2
106 134 2
107 134 2
108 134 2
113 134 2
114 134 2
135 134 2
105 135 2
106 135 2
108 135 2
114 135 2
115 135 2
135 135 2
106 136 2
114 136 2
115 136 2
135 136 2
105 137 2
106 137 2
113 137 2
114 137 2
115 137 2
135 137 2
106 138 2
113 138 2
114 138 2
115 138 2
106 139 2
113 139 2
114 139 2
106 140 2
113 140 2
114 140 2
106 141 2
113 141 2
114 141 2
136 141 2
105 142 2
106 142 2
113 142 2
114 142 2
105 143 2
114 143 2
115 143 2
116 143 2
105 144 2
114 144 2
115 144 2
116 144 2
105 145 2
120 145 2
104 146 2
105 146 2
106 146 2
120 146 2
104 147 2
105 147 2
106 147 2
120 147 2
104 148 2
105 148 2
118 148 2
119 148 2
120 148 2
121 148 2
122 148 2
104 149 2
105 149 2
118 149 2
119 149 2
120 149 2
121 149 2
104 150 2
105 150 2
115 150 2
117 150 2
118 150 2
119 150 2
120 150 2
121 150 2
139 150 2
140 150 2
104 151 2
105 151 2
115 151 2
116 151 2
117 151 2
118 151 2
119 151 2
120 151 2
104 152 2
105 152 2
115 152 2
116 152 2
117 152 2
119 152 2
120 152 2
104 153 2
105 153 2
115 153 2
120 153 2
121 153 2
137 153 2
138 153 2
104 154 2
105 154 2
115 154 2
116 154 2
121 154 2
137 154 2
138 154 2
104 155 2
105 155 2
115 155 2
116 155 2
117 155 2
103 156 2
104 156 2
105 156 2
115 156 2
116 156 2
117 156 2
118 156 2
131 156 2
104 157 2
105 157 2
116 157 2
117 157 2
131 157 2
103 158 2
104 158 2
105 158 2
103 159 2
104 159 2
119 159 2
125 159 2
103 160 2
104 160 2
105 160 2
116 160 2
117 160 2
118 160 2
126 160 2
103 161 2
104 161 2
116 161 2
118 161 2
119 161 2
103 162 2
104 162 2
116 162 2
117 162 2
118 162 2
103 163 2
104 163 2
105 163 2
116 163 2
117 163 2
127 163 2
103 164 2
104 164 2
105 164 2
116 164 2
117 164 2
118 164 2
103 165 2
104 165 2
117 165 2
118 165 2
119 165 2
134 165 2
103 166 2
104 166 2
116 166 2
118 166 2
119 166 2
134 166 2
135 166 2
103 167 2
104 167 2
105 167 2
115 167 2
117 167 2
118 167 2
119 167 2
134 167 2
135 167 2
103 168 2
104 168 2
105 168 2
117 168 2
118 168 2
134 168 2
135 168 2
104 169 2
105 169 2
118 169 2
119 169 2
134 169 2
135 169 2
136 169 2
104 170 2
105 170 2
119 170 2
127 170 2
135 170 2
136 170 2
104 171 2
105 171 2
118 171 2
119 171 2
120 171 2
104 172 2
105 172 2
118 172 2
119 172 2
120 172 2
121 172 2
136 172 2
104 173 2
105 173 2
118 173 2
122 173 2
123 173 2
135 173 2
104 174 2
105 174 2
118 174 2
119 174 2
123 174 2
136 174 2
104 175 2
105 175 2
106 175 2
118 175 2
119 175 2
120 175 2
136 175 2
106 176 2
118 176 2
119 176 2
120 176 2
121 176 2
122 176 2
106 177 2
107 177 2
120 177 2
121 177 2
122 177 2
106 178 2
107 178 2
120 178 2
121 178 2
122 178 2
143 178 2
144 178 2
106 179 2
107 179 2
121 179 2
122 179 2
143 179 2
106 180 2
107 180 2
120 180 2
143 180 2
106 181 2
107 181 2
120 181 2
136 181 2
107 182 2
120 182 2
121 182 2
126 182 2
136 182 2
107 183 2
120 183 2
121 183 2
122 183 2
123 183 2
136 183 2
107 184 2
121 184 2
122 184 2
123 184 2
106 185 2
107 185 2
122 185 2
123 185 2
124 185 2
144 185 2
106 186 2
107 186 2
122 186 2
123 186 2
125 186 2
126 186 2
144 186 2
105 187 2
106 187 2
122 187 2
123 187 2
124 187 2
144 187 2
106 188 2
122 188 2
123 188 2
124 188 2
125 188 2
106 189 2
107 189 2
123 189 2
124 189 2
125 189 2
145 189 2
106 190 2
107 190 2
123 190 2
124 190 2
125 190 2
144 190 2
145 190 2
106 191 2
107 191 2
124 191 2
125 191 2
126 191 2
144 191 2
145 191 2
106 192 2
107 192 2
124 192 2
125 192 2
126 192 2
144 192 2
145 192 2
106 193 2
107 193 2
124 193 2
125 193 2
126 193 2
144 193 2
145 193 2
106 194 2
107 194 2
125 194 2
126 194 2
145 194 2
106 195 2
107 195 2
125 195 2
126 195 2
127 195 2
145 195 2
106 196 2
107 196 2
125 196 2
126 196 2
127 196 2
145 196 2
146 196 2
106 197 2
107 197 2
126 197 2
127 197 2
145 197 2
146 197 2
107 198 2
126 198 2
127 198 2
128 198 2
146 198 2
106 199 2
107 199 2
108 199 2
126 199 2
127 199 2
128 199 2
146 199 2
147 199 2
107 200 2
108 200 2
126 200 2
127 200 2
128 200 2
146 200 2
147 200 2
108 201 2
126 201 2
127 201 2
146 201 2
147 201 2
108 202 2
126 202 2
127 202 2
147 202 2
148 202 2
108 203 2
126 203 2
127 203 2
148 203 2
108 204 2
126 204 2
148 204 2
108 205 2
126 205 2
148 205 2
108 206 2
109 206 2
147 206 2
148 206 2
109 207 2
148 207 2
149 207 2
109 208 2
133 208 2
148 208 2
149 208 2
148 209 2
149 209 2
111 210 2
133 210 2
134 210 2
148 210 2
149 210 2
134 211 2
149 211 2
135 212 2
149 212 2
150 212 2
112 213 2
134 213 2
149 213 2
150 213 2
150 214 2
111 215 2
111 216 2
130 216 2
150 216 2
111 217 2
150 217 2
130 218 2
151 218 2
111 219 2
134 219 2
151 219 2
111 220 2
152 220 2
111 221 2
152 221 2
111 222 2
152 222 2
153 222 2
111 223 2
153 223 2
111 224 2
153 224 2
154 224 2
111 225 2
154 225 2
154 226 2
155 226 2
154 227 2
155 227 2
110 228 2
155 228 2
110 229 2
155 229 2
156 229 2
109 230 2
110 230 2
156 230 2
109 231 2
110 231 2
156 231 2
157 231 2
109 232 2
110 232 2
157 232 2
109 233 2
158 233 2
109 234 2
158 234 2
159 234 2
108 235 2
109 235 2
133 235 2
136 235 2
158 235 2
159 235 2
108 236 2
134 236 2
159 236 2
137 237 2
138 237 2
158 237 2
159 237 2
108 238 2
138 238 2
158 238 2
159 238 2
107 239 2
147 239 2
157 239 2
158 239 2
159 239 2
107 240 2
132 240 2
139 240 2
142 240 2
158 240 2
159 240 2
139 241 2
142 241 2
158 241 2
159 241 2
131 242 2
139 242 2
140 242 2
159 242 2
160 242 2
131 243 2
140 243 2
147 243 2
159 243 2
160 243 2
131 244 2
140 244 2
141 244 2
147 244 2
148 244 2
160 244 2
106 245 2
130 245 2
141 245 2
158 245 2
160 245 2
130 246 2
141 246 2
142 246 2
105 247 2
129 247 2
142 247 2
145 247 2
104 248 2
129 248 2
142 248 2
143 248 2
129 249 2
144 249 2
128 250 2
144 250 2
164 250 2
165 250 2
128 251 2
144 251 2
165 251 2
128 252 2
145 252 2
165 252 2
127 253 2
145 253 2
146 253 2
155 253 2
165 253 2
166 253 2
126 254 2
127 254 2
146 254 2
155 254 2
166 254 2
125 255 2
146 255 2
147 255 2
154 255 2
167 255 2
125 256 2
147 256 2
167 256 2
168 256 2
123 257 2
124 257 2
147 257 2
148 257 2
156 257 2
168 257 2
158 258 2
159 258 2
168 258 2
169 258 2
