172 13 0
176 13 0
178 13 0
179 13 0
186 13 0
187 13 0
191 13 0
192 13 0
199 13 0
201 13 0
202 13 0
203 13 0
207 13 0
208 13 0
209 13 0
211 13 0
213 13 0
214 13 0
215 13 0
216 13 0
223 13 0
226 13 0
227 13 0
156 14 0
157 14 0
158 14 0
160 14 0
161 14 0
163 14 0
164 14 0
169 14 0
170 14 0
172 14 0
173 14 0
174 14 0
175 14 0
176 14 0
177 14 0
178 14 0
186 14 0
187 14 0
189 14 0
191 14 0
192 14 0
194 14 0
195 14 0
196 14 0
197 14 0
198 14 0
199 14 0
200 14 0
265 14 0
273 14 0
274 14 0
111 15 0
145 15 0
146 15 0
159 15 0
160 15 0
178 15 0
179 15 0
191 15 0
201 15 0
202 15 0
203 15 0
204 15 0
213 15 0
214 15 0
215 15 0
216 15 0
217 15 0
225 15 0
227 15 0
228 15 0
267 15 0
76 16 0
157 16 0
250 22 0
142 24 0
151 24 0
153 24 0
164 24 0
165 24 0
175 24 0
176 24 0
142 25 0
152 25 0
21 26 0
58 26 0
98 26 0
111 26 0
112 26 0
124 26 0
136 26 0
167 26 0
76 27 0
89 27 0
100 27 0
116 27 0
129 27 0
142 27 0
276 27 0
21 28 0
34 28 0
49 28 0
194 28 0
168 29 0
20 31 0
235 40 0
235 41 0
236 41 0
298 43 0
334 43 0
246 44 0
247 44 0
248 44 0
249 44 0
250 44 0
276 45 0
332 45 0
258 46 0
259 46 0
260 46 0
261 46 0
262 46 0
263 46 0
264 46 0
271 46 0
272 46 0
273 46 0
274 46 0
275 46 0
276 46 0
296 46 0
256 47 0
257 47 0
258 47 0
259 47 0
263 47 0
264 47 0
265 47 0
267 47 0
268 47 0
270 47 0
271 47 0
272 47 0
281 47 0
282 47 0
286 47 0
254 48 0
255 48 0
256 48 0
259 48 0
260 48 0
261 48 0
263 48 0
264 48 0
271 48 0
272 48 0
281 48 0
282 48 0
286 48 0
287 48 0
255 49 0
259 49 0
260 49 0
262 49 0
264 49 0
267 49 0
268 49 0
269 49 0
272 49 0
250 50 0
259 50 0
260 50 0
261 50 0
262 50 0
264 50 0
265 50 0
266 50 0
267 50 0
268 50 0
269 50 0
272 50 0
273 50 0
281 50 0
282 50 0
297 50 0
260 51 0
261 51 0
262 51 0
263 51 0
264 51 0
268 51 0
272 51 0
273 51 0
297 51 0
254 52 0
255 52 0
263 52 0
264 52 0
265 52 0
267 52 0
268 52 0
269 52 0
272 52 0
273 52 0
280 52 0
281 52 0
282 52 0
283 52 0
285 52 0
286 52 0
287 52 0
288 52 0
249 53 0
263 53 0
264 53 0
265 53 0
267 53 0
268 53 0
269 53 0
271 53 0
272 53 0
279 53 0
280 53 0
281 53 0
282 53 0
283 53 0
288 53 0
261 54 0
262 54 0
267 54 0
268 54 0
269 54 0
270 54 0
271 54 0
272 54 0
273 54 0
335 54 0
260 55 0
261 55 0
262 55 0
263 55 0
267 55 0
268 55 0
269 55 0
270 55 0
271 55 0
272 55 0
273 55 0
298 55 0
299 55 0
300 55 0
320 55 0
322 55 0
323 55 0
333 55 0
335 55 0
260 56 0
262 56 0
268 56 0
270 56 0
271 56 0
272 56 0
273 56 0
285 56 0
320 56 0
322 56 0
246 57 0
247 57 0
248 57 0
249 57 0
250 57 0
251 57 0
252 57 0
253 57 0
260 57 0
261 57 0
266 57 0
267 57 0
268 57 0
269 57 0
270 57 0
271 57 0
272 57 0
273 57 0
284 57 0
285 57 0
245 58 0
246 58 0
247 58 0
248 58 0
249 58 0
250 58 0
253 58 0
260 58 0
261 58 0
266 58 0
267 58 0
268 58 0
269 58 0
270 58 0
271 58 0
245 59 0
324 62 0
288 63 0
313 63 0
324 63 0
334 63 0
262 64 0
263 64 0
264 64 0
265 64 0
278 64 0
288 64 0
311 64 0
312 64 0
322 64 0
324 64 0
334 64 0
259 65 0
260 65 0
261 65 0
262 65 0
263 65 0
264 65 0
265 65 0
270 65 0
271 65 0
277 65 0
311 65 0
322 65 0
260 66 0
261 66 0
262 66 0
263 66 0
264 66 0
265 66 0
272 66 0
277 66 0
279 66 0
260 67 0
261 67 0
265 67 0
272 67 0
277 67 0
273 68 0
277 68 0
289 68 0
273 69 0
312 69 0
259 70 0
271 70 0
272 70 0
274 70 0
275 70 0
278 70 0
312 70 0
271 71 0
272 71 0
274 71 0
275 71 0
285 71 0
273 72 0
275 72 0
281 72 0
285 72 0
339 72 0
260 73 0
273 73 0
277 73 0
282 73 0
283 73 0
284 73 0
285 73 0
287 73 0
288 73 0
289 73 0
324 73 0
261 74 0
262 74 0
263 74 0
264 74 0
265 74 0
266 74 0
267 74 0
268 74 0
271 74 0
272 74 0
273 74 0
278 74 0
279 74 0
313 74 0
324 74 0
325 74 0
326 74 0
262 75 0
263 75 0
264 75 0
265 75 0
311 75 0
312 75 0
313 75 0
324 75 0
275 76 0
281 76 0
282 76 0
286 76 0
302 76 0
261 77 0
262 77 0
263 77 0
264 77 0
265 77 0
266 77 0
19 86 1
24 86 1
19 87 1
20 87 1
21 87 1
23 87 1
24 87 1
25 87 1
26 87 1
22 88 1
24 88 1
25 88 1
26 88 1
27 88 1
28 88 1
29 88 1
25 89 1
26 89 1
27 89 1
28 89 1
29 89 1
30 89 1
27 90 1
28 90 1
29 90 1
30 90 1
31 90 1
32 90 1
29 91 1
30 91 1
31 91 1
32 91 1
33 91 1
30 92 1
31 92 1
32 92 1
33 92 1
34 92 1
35 92 1
31 93 1
32 93 1
33 93 1
34 93 1
35 93 1
33 94 1
34 94 1
35 94 1
34 95 1
35 95 1
36 95 1
34 96 1
35 96 1
36 96 1
37 96 1
35 97 1
36 97 1
37 97 1
38 97 1
35 98 1
36 98 1
37 98 1
36 99 1
37 99 1
38 99 1
36 100 1
37 100 1
38 100 1
37 101 1
38 101 1
39 101 1
37 102 1
38 102 1
39 102 1
40 102 1
37 103 1
38 103 1
39 103 1
40 103 1
38 104 1
39 104 1
40 104 1
38 105 1
39 105 1
40 105 1
41 105 1
38 106 1
39 106 1
44 106 1
38 107 1
39 107 1
40 107 1
39 108 1
40 108 1
41 108 1
39 109 1
40 109 1
39 110 1
41 110 1
39 111 1
40 111 1
41 111 1
40 112 1
40 113 1
39 114 1
40 114 1
41 114 1
40 115 1
41 115 1
40 116 1
41 116 1
21 117 1
40 117 1
41 117 1
42 117 1
40 118 1
41 118 1
42 118 1
43 118 1
24 119 1
40 119 1
41 119 1
42 119 1
43 119 1
24 120 1
40 120 1
41 120 1
42 120 1
43 120 1
24 121 1
41 121 1
42 121 1
43 121 1
24 122 1
41 122 1
42 122 1
43 122 1
44 122 1
24 123 1
25 123 1
41 123 1
42 123 1
43 123 1
44 123 1
25 124 1
41 124 1
42 124 1
43 124 1
44 124 1
24 125 1
41 125 1
42 125 1
43 125 1
44 125 1
45 125 1
41 126 1
42 126 1
43 126 1
44 126 1
25 127 1
41 127 1
42 127 1
43 127 1
44 127 1
42 128 1
43 128 1
44 128 1
46 128 1
42 129 1
43 129 1
44 129 1
42 130 1
43 130 1
44 130 1
43 131 1
44 131 1
47 131 1
48 131 1
43 132 1
44 132 1
48 132 1
20 133 1
43 133 1
44 133 1
45 133 1
20 134 1
43 134 1
44 134 1
45 134 1
47 134 1
12 135 1
20 135 1
44 135 1
45 135 1
47 135 1
50 135 1
7 136 1
12 136 1
13 136 1
14 136 1
15 136 1
20 136 1
21 136 1
43 136 1
44 136 1
45 136 1
46 136 1
47 136 1
6 137 1
7 137 1
8 137 1
11 137 1
12 137 1
13 137 1
14 137 1
15 137 1
20 137 1
21 137 1
38 137 1
44 137 1
45 137 1
46 137 1
47 137 1
5 138 1
6 138 1
7 138 1
8 138 1
12 138 1
13 138 1
14 138 1
15 138 1
20 138 1
21 138 1
38 138 1
45 138 1
46 138 1
47 138 1
49 138 1
5 139 1
6 139 1
7 139 1
8 139 1
9 139 1
10 139 1
11 139 1
12 139 1
13 139 1
14 139 1
15 139 1
16 139 1
19 139 1
20 139 1
21 139 1
45 139 1
46 139 1
47 139 1
6 140 1
7 140 1
8 140 1
9 140 1
10 140 1
12 140 1
13 140 1
14 140 1
15 140 1
16 140 1
17 140 1
18 140 1
19 140 1
20 140 1
28 140 1
45 140 1
46 140 1
47 140 1
49 140 1
6 141 1
7 141 1
8 141 1
9 141 1
10 141 1
12 141 1
13 141 1
14 141 1
15 141 1
16 141 1
18 141 1
20 141 1
21 141 1
22 141 1
45 141 1
46 141 1
47 141 1
48 141 1
49 141 1
7 142 1
8 142 1
9 142 1
10 142 1
11 142 1
13 142 1
14 142 1
15 142 1
16 142 1
17 142 1
18 142 1
19 142 1
20 142 1
21 142 1
46 142 1
47 142 1
48 142 1
49 142 1
52 142 1
7 143 1
8 143 1
9 143 1
10 143 1
11 143 1
12 143 1
13 143 1
14 143 1
15 143 1
16 143 1
17 143 1
18 143 1
21 143 1
22 143 1
46 143 1
47 143 1
48 143 1
49 143 1
8 144 1
9 144 1
10 144 1
11 144 1
12 144 1
14 144 1
15 144 1
16 144 1
17 144 1
18 144 1
20 144 1
21 144 1
22 144 1
29 144 1
46 144 1
47 144 1
48 144 1
49 144 1
50 144 1
8 145 1
10 145 1
11 145 1
12 145 1
15 145 1
16 145 1
17 145 1
18 145 1
20 145 1
21 145 1
29 145 1
47 145 1
49 145 1
50 145 1
10 146 1
11 146 1
12 146 1
13 146 1
16 146 1
17 146 1
18 146 1
20 146 1
21 146 1
29 146 1
30 146 1
48 146 1
49 146 1
50 146 1
52 146 1
11 147 1
12 147 1
13 147 1
16 147 1
17 147 1
18 147 1
19 147 1
20 147 1
21 147 1
29 147 1
30 147 1
47 147 1
48 147 1
49 147 1
50 147 1
51 147 1
52 147 1
11 148 1
12 148 1
13 148 1
14 148 1
16 148 1
17 148 1
18 148 1
19 148 1
20 148 1
29 148 1
30 148 1
47 148 1
48 148 1
49 148 1
50 148 1
51 148 1
11 149 1
12 149 1
13 149 1
14 149 1
16 149 1
17 149 1
18 149 1
19 149 1
20 149 1
29 149 1
30 149 1
48 149 1
49 149 1
50 149 1
51 149 1
11 150 1
12 150 1
13 150 1
14 150 1
15 150 1
16 150 1
17 150 1
18 150 1
19 150 1
20 150 1
21 150 1
29 150 1
30 150 1
49 150 1
50 150 1
51 150 1
52 150 1
11 151 1
12 151 1
13 151 1
14 151 1
15 151 1
17 151 1
18 151 1
19 151 1
20 151 1
21 151 1
29 151 1
30 151 1
50 151 1
51 151 1
52 151 1
53 151 1
13 152 1
14 152 1
15 152 1
16 152 1
17 152 1
18 152 1
19 152 1
20 152 1
21 152 1
30 152 1
31 152 1
50 152 1
51 152 1
52 152 1
53 152 1
14 153 1
16 153 1
17 153 1
18 153 1
19 153 1
20 153 1
21 153 1
22 153 1
23 153 1
29 153 1
30 153 1
31 153 1
50 153 1
51 153 1
52 153 1
53 153 1
17 154 1
18 154 1
19 154 1
20 154 1
21 154 1
22 154 1
31 154 1
51 154 1
52 154 1
53 154 1
54 154 1
16 155 1
17 155 1
18 155 1
19 155 1
20 155 1
21 155 1
22 155 1
23 155 1
29 155 1
52 155 1
54 155 1
55 155 1
18 156 1
19 156 1
20 156 1
21 156 1
22 156 1
25 156 1
32 156 1
52 156 1
53 156 1
55 156 1
17 157 1
18 157 1
19 157 1
20 157 1
21 157 1
22 157 1
23 157 1
24 157 1
30 157 1
32 157 1
53 157 1
54 157 1
55 157 1
56 157 1
71 157 1
17 158 1
18 158 1
19 158 1
20 158 1
21 158 1
22 158 1
23 158 1
31 158 1
33 158 1
55 158 1
56 158 1
72 158 1
18 159 1
19 159 1
20 159 1
21 159 1
22 159 1
23 159 1
24 159 1
33 159 1
54 159 1
56 159 1
57 159 1
73 159 1
18 160 1
19 160 1
20 160 1
21 160 1
22 160 1
23 160 1
24 160 1
30 160 1
32 160 1
33 160 1
54 160 1
58 160 1
73 160 1
74 160 1
17 161 1
18 161 1
19 161 1
20 161 1
21 161 1
22 161 1
23 161 1
24 161 1
32 161 1
55 161 1
73 161 1
74 161 1
75 161 1
18 162 1
19 162 1
20 162 1
21 162 1
22 162 1
23 162 1
24 162 1
32 162 1
34 162 1
55 162 1
56 162 1
73 162 1
74 162 1
75 162 1
19 163 1
20 163 1
21 163 1
22 163 1
23 163 1
24 163 1
25 163 1
31 163 1
55 163 1
74 163 1
75 163 1
20 164 1
21 164 1
22 164 1
23 164 1
24 164 1
25 164 1
55 164 1
75 164 1
77 164 1
20 165 1
21 165 1
22 165 1
23 165 1
24 165 1
25 165 1
30 165 1
75 165 1
76 165 1
20 166 1
21 166 1
22 166 1
23 166 1
24 166 1
76 166 1
20 167 1
21 167 1
22 167 1
23 167 1
24 167 1
30 167 1
31 167 1
76 167 1
77 167 1
78 167 1
20 168 1
21 168 1
22 168 1
23 168 1
24 168 1
30 168 1
33 168 1
77 168 1
78 168 1
20 169 1
21 169 1
22 169 1
23 169 1
24 169 1
30 169 1
31 169 1
37 169 1
56 169 1
77 169 1
78 169 1
20 170 1
21 170 1
22 170 1
23 170 1
24 170 1
29 170 1
30 170 1
33 170 1
34 170 1
35 170 1
37 170 1
78 170 1
79 170 1
21 171 1
22 171 1
23 171 1
24 171 1
29 171 1
30 171 1
33 171 1
34 171 1
35 171 1
78 171 1
79 171 1
80 171 1
20 172 1
21 172 1
22 172 1
23 172 1
29 172 1
30 172 1
31 172 1
35 172 1
79 172 1
80 172 1
20 173 1
21 173 1
22 173 1
25 173 1
29 173 1
30 173 1
31 173 1
32 173 1
79 173 1
80 173 1
20 174 1
21 174 1
22 174 1
24 174 1
29 174 1
30 174 1
31 174 1
32 174 1
80 174 1
81 174 1
19 175 1
20 175 1
21 175 1
22 175 1
23 175 1
24 175 1
30 175 1
31 175 1
32 175 1
33 175 1
80 175 1
81 175 1
19 176 1
20 176 1
21 176 1
22 176 1
23 176 1
29 176 1
30 176 1
31 176 1
32 176 1
33 176 1
80 176 1
81 176 1
82 176 1
19 177 1
20 177 1
22 177 1
23 177 1
29 177 1
30 177 1
31 177 1
32 177 1
33 177 1
34 177 1
45 177 1
81 177 1
82 177 1
83 177 1
19 178 1
20 178 1
21 178 1
22 178 1
23 178 1
29 178 1
30 178 1
31 178 1
32 178 1
33 178 1
43 178 1
45 178 1
81 178 1
82 178 1
84 178 1
20 179 1
21 179 1
22 179 1
23 179 1
29 179 1
30 179 1
31 179 1
32 179 1
33 179 1
45 179 1
82 179 1
83 179 1
84 179 1
20 180 1
21 180 1
22 180 1
23 180 1
29 180 1
30 180 1
31 180 1
32 180 1
33 180 1
44 180 1
45 180 1
82 180 1
83 180 1
84 180 1
20 181 1
21 181 1
22 181 1
23 181 1
29 181 1
30 181 1
31 181 1
32 181 1
33 181 1
44 181 1
45 181 1
82 181 1
83 181 1
20 182 1
21 182 1
22 182 1
23 182 1
28 182 1
29 182 1
30 182 1
31 182 1
32 182 1
33 182 1
44 182 1
45 182 1
83 182 1
85 182 1
19 183 1
20 183 1
21 183 1
22 183 1
29 183 1
30 183 1
31 183 1
32 183 1
33 183 1
44 183 1
45 183 1
49 183 1
65 183 1
83 183 1
85 183 1
19 184 1
20 184 1
21 184 1
28 184 1
29 184 1
30 184 1
31 184 1
32 184 1
33 184 1
44 184 1
45 184 1
85 184 1
20 185 1
21 185 1
28 185 1
29 185 1
30 185 1
31 185 1
32 185 1
33 185 1
38 185 1
44 185 1
45 185 1
85 185 1
86 185 1
87 185 1
27 186 1
28 186 1
29 186 1
30 186 1
31 186 1
32 186 1
33 186 1
37 186 1
45 186 1
46 186 1
85 186 1
86 186 1
87 186 1
27 187 1
28 187 1
29 187 1
30 187 1
31 187 1
32 187 1
42 187 1
43 187 1
44 187 1
45 187 1
46 187 1
86 187 1
87 187 1
27 188 1
28 188 1
29 188 1
30 188 1
31 188 1
32 188 1
33 188 1
34 188 1
43 188 1
44 188 1
45 188 1
46 188 1
86 188 1
87 188 1
27 189 1
28 189 1
29 189 1
30 189 1
31 189 1
32 189 1
34 189 1
35 189 1
38 189 1
42 189 1
43 189 1
44 189 1
45 189 1
46 189 1
47 189 1
86 189 1
87 189 1
88 189 1
28 190 1
29 190 1
30 190 1
31 190 1
32 190 1
33 190 1
36 190 1
39 190 1
45 190 1
46 190 1
87 190 1
88 190 1
28 191 1
29 191 1
30 191 1
31 191 1
32 191 1
33 191 1
34 191 1
35 191 1
36 191 1
39 191 1
42 191 1
43 191 1
45 191 1
46 191 1
87 191 1
88 191 1
89 191 1
29 192 1
30 192 1
31 192 1
32 192 1
33 192 1
34 192 1
35 192 1
38 192 1
39 192 1
43 192 1
45 192 1
46 192 1
87 192 1
88 192 1
89 192 1
90 192 1
29 193 1
32 193 1
33 193 1
34 193 1
35 193 1
36 193 1
38 193 1
39 193 1
44 193 1
45 193 1
46 193 1
47 193 1
87 193 1
88 193 1
89 193 1
34 194 1
35 194 1
37 194 1
38 194 1
41 194 1
44 194 1
45 194 1
46 194 1
47 194 1
87 194 1
88 194 1
89 194 1
36 195 1
37 195 1
38 195 1
41 195 1
44 195 1
45 195 1
46 195 1
87 195 1
88 195 1
89 195 1
36 196 1
37 196 1
40 196 1
41 196 1
44 196 1
45 196 1
46 196 1
47 196 1
87 196 1
88 196 1
89 196 1
44 197 1
45 197 1
46 197 1
88 197 1
89 197 1
44 198 1
45 198 1
46 198 1
88 198 1
89 198 1
43 199 1
44 199 1
45 199 1
46 199 1
88 199 1
43 200 1
44 200 1
45 200 1
46 200 1
83 200 1
43 201 1
44 201 1
45 201 1
66 201 1
43 202 1
44 202 1
45 202 1
43 203 1
44 203 1
45 203 1
83 203 1
42 204 1
43 204 1
44 204 1
61 204 1
42 205 1
43 205 1
44 205 1
60 205 1
42 206 1
43 206 1
44 206 1
41 207 1
42 207 1
43 207 1
44 207 1
41 208 1
42 208 1
43 208 1
55 208 1
70 208 1
71 208 1
41 209 1
42 209 1
43 209 1
44 209 1
41 210 1
42 210 1
43 210 1
54 210 1
70 210 1
40 211 1
41 211 1
42 211 1
43 211 1
44 211 1
47 211 1
69 211 1
40 212 1
41 212 1
42 212 1
43 212 1
44 212 1
48 212 1
40 213 1
41 213 1
42 213 1
43 213 1
45 213 1
49 213 1
40 214 1
41 214 1
42 214 1
40 215 1
41 215 1
42 215 1
63 215 1
37 216 1
38 216 1
39 216 1
40 216 1
41 216 1
42 216 1
37 217 1
38 217 1
39 217 1
40 217 1
33 218 1
37 218 1
38 218 1
39 218 1
36 219 1
37 219 1
38 219 1
39 219 1
40 219 1
38 220 1
39 220 1
40 220 1
38 221 1
41 221 1
38 222 1
40 222 1
41 222 1
40 223 1
41 223 1
140 98 2
143 98 2
136 99 2
137 99 2
138 99 2
139 99 2
140 99 2
141 99 2
142 99 2
143 99 2
135 100 2
136 100 2
137 100 2
138 100 2
139 100 2
140 100 2
141 100 2
142 100 2
143 100 2
136 101 2
137 101 2
138 101 2
139 101 2
140 101 2
141 101 2
142 101 2
158 101 2
159 101 2
135 102 2
136 102 2
137 102 2
138 102 2
139 102 2
141 102 2
157 102 2
159 102 2
160 102 2
134 103 2
135 103 2
136 103 2
137 103 2
159 103 2
160 103 2
161 103 2
134 104 2
135 104 2
136 104 2
159 104 2
160 104 2
161 104 2
133 105 2
134 105 2
135 105 2
136 105 2
145 105 2
146 105 2
147 105 2
160 105 2
161 105 2
133 106 2
134 106 2
135 106 2
136 106 2
141 106 2
142 106 2
143 106 2
144 106 2
145 106 2
146 106 2
147 106 2
153 106 2
160 106 2
161 106 2
133 107 2
134 107 2
135 107 2
137 107 2
140 107 2
141 107 2
142 107 2
143 107 2
144 107 2
145 107 2
146 107 2
147 107 2
149 107 2
150 107 2
152 107 2
153 107 2
154 107 2
160 107 2
161 107 2
162 107 2
133 108 2
134 108 2
135 108 2
136 108 2
137 108 2
138 108 2
140 108 2
141 108 2
142 108 2
143 108 2
144 108 2
145 108 2
146 108 2
147 108 2
148 108 2
150 108 2
152 108 2
153 108 2
154 108 2
160 108 2
161 108 2
162 108 2
133 109 2
134 109 2
135 109 2
136 109 2
137 109 2
138 109 2
139 109 2
140 109 2
141 109 2
142 109 2
143 109 2
144 109 2
145 109 2
146 109 2
150 109 2
151 109 2
152 109 2
153 109 2
154 109 2
155 109 2
160 109 2
161 109 2
162 109 2
133 110 2
134 110 2
135 110 2
136 110 2
137 110 2
138 110 2
139 110 2
140 110 2
141 110 2
142 110 2
143 110 2
144 110 2
150 110 2
152 110 2
153 110 2
154 110 2
155 110 2
160 110 2
161 110 2
133 111 2
134 111 2
135 111 2
136 111 2
137 111 2
139 111 2
140 111 2
141 111 2
150 111 2
151 111 2
152 111 2
153 111 2
154 111 2
155 111 2
160 111 2
161 111 2
133 112 2
135 112 2
136 112 2
137 112 2
139 112 2
140 112 2
150 112 2
151 112 2
152 112 2
153 112 2
155 112 2
156 112 2
157 112 2
158 112 2
160 112 2
161 112 2
135 113 2
136 113 2
139 113 2
152 113 2
155 113 2
156 113 2
157 113 2
158 113 2
159 113 2
160 113 2
161 113 2
135 114 2
151 114 2
153 114 2
154 114 2
156 114 2
157 114 2
158 114 2
159 114 2
160 114 2
161 114 2
162 114 2
154 115 2
155 115 2
156 115 2
157 115 2
159 115 2
160 115 2
161 115 2
162 115 2
126 116 2
133 116 2
154 116 2
155 116 2
156 116 2
157 116 2
158 116 2
159 116 2
160 116 2
161 116 2
162 116 2
163 116 2
126 117 2
154 117 2
155 117 2
156 117 2
157 117 2
159 117 2
160 117 2
161 117 2
162 117 2
163 117 2
164 117 2
154 118 2
155 118 2
156 118 2
159 118 2
160 118 2
161 118 2
162 118 2
163 118 2
164 118 2
125 119 2
154 119 2
155 119 2
156 119 2
160 119 2
161 119 2
162 119 2
163 119 2
164 119 2
165 119 2
121 120 2
154 120 2
155 120 2
156 120 2
159 120 2
161 120 2
162 120 2
163 120 2
164 120 2
165 120 2
116 121 2
123 121 2
124 121 2
155 121 2
160 121 2
161 121 2
162 121 2
163 121 2
164 121 2
165 121 2
116 122 2
120 122 2
122 122 2
158 122 2
159 122 2
160 122 2
161 122 2
162 122 2
163 122 2
164 122 2
115 123 2
117 123 2
118 123 2
152 123 2
158 123 2
159 123 2
160 123 2
161 123 2
162 123 2
163 123 2
114 124 2
115 124 2
116 124 2
117 124 2
144 124 2
153 124 2
159 124 2
160 124 2
161 124 2
114 125 2
115 125 2
116 125 2
144 125 2
145 125 2
152 125 2
114 126 2
115 126 2
123 126 2
145 126 2
146 126 2
152 126 2
114 127 2
115 127 2
122 127 2
123 127 2
145 127 2
146 127 2
147 127 2
148 127 2
114 128 2
115 128 2
122 128 2
123 128 2
146 128 2
147 128 2
148 128 2
149 128 2
114 129 2
115 129 2
123 129 2
146 129 2
147 129 2
113 130 2
114 130 2
146 130 2
147 130 2
113 131 2
114 131 2
119 131 2
120 131 2
133 131 2
134 131 2
146 131 2
147 131 2
113 132 2
114 132 2
115 132 2
118 132 2
119 132 2
125 132 2
126 132 2
146 132 2
147 132 2
113 133 2
114 133 2
115 133 2
118 133 2
119 133 2
120 133 2
124 133 2
146 133 2
113 134 2
114 134 2
115 134 2
118 134 2
119 134 2
120 134 2
146 134 2
113 135 2
114 135 2
115 135 2
117 135 2
118 135 2
119 135 2
114 136 2
115 136 2
117 136 2
118 136 2
124 136 2
125 136 2
146 136 2
114 137 2
115 137 2
117 137 2
118 137 2
124 137 2
125 137 2
114 138 2
115 138 2
116 138 2
117 138 2
124 138 2
125 138 2
147 138 2
114 139 2
115 139 2
116 139 2
117 139 2
124 139 2
125 139 2
131 139 2
133 139 2
134 139 2
116 140 2
124 140 2
125 140 2
148 140 2
116 141 2
117 141 2
124 141 2
125 141 2
148 141 2
115 142 2
116 142 2
117 142 2
124 142 2
125 142 2
148 142 2
115 143 2
116 143 2
124 143 2
125 143 2
149 143 2
115 144 2
116 144 2
123 144 2
124 144 2
125 144 2
148 144 2
149 144 2
115 145 2
116 145 2
123 145 2
124 145 2
125 145 2
149 145 2
115 146 2
116 146 2
124 146 2
125 146 2
126 146 2
149 146 2
150 146 2
114 147 2
115 147 2
116 147 2
124 147 2
114 148 2
115 148 2
116 148 2
114 149 2
115 149 2
116 149 2
146 149 2
115 150 2
116 150 2
129 150 2
130 150 2
131 150 2
150 150 2
151 150 2
115 151 2
116 151 2
129 151 2
130 151 2
131 151 2
115 152 2
116 152 2
125 152 2
126 152 2
127 152 2
129 152 2
130 152 2
131 152 2
149 152 2
150 152 2
151 152 2
115 153 2
116 153 2
125 153 2
126 153 2
127 153 2
129 153 2
130 153 2
131 153 2
151 153 2
114 154 2
115 154 2
125 154 2
126 154 2
127 154 2
129 154 2
130 154 2
131 154 2
151 154 2
114 155 2
115 155 2
125 155 2
126 155 2
127 155 2
129 155 2
130 155 2
142 155 2
148 155 2
114 156 2
115 156 2
126 156 2
127 156 2
128 156 2
114 157 2
115 157 2
126 157 2
127 157 2
114 158 2
115 158 2
126 158 2
127 158 2
128 158 2
114 159 2
115 159 2
126 159 2
127 159 2
128 159 2
114 160 2
127 160 2
128 160 2
142 160 2
112 161 2
114 161 2
115 161 2
127 161 2
128 161 2
129 161 2
142 161 2
114 162 2
115 162 2
127 162 2
128 162 2
129 162 2
131 162 2
137 162 2
113 163 2
114 163 2
115 163 2
127 163 2
128 163 2
129 163 2
137 163 2
113 164 2
114 164 2
115 164 2
126 164 2
127 164 2
128 164 2
137 164 2
114 165 2
115 165 2
126 165 2
127 165 2
128 165 2
113 166 2
114 166 2
115 166 2
126 166 2
127 166 2
128 166 2
114 167 2
115 167 2
126 167 2
127 167 2
128 167 2
144 167 2
114 168 2
125 168 2
126 168 2
127 168 2
128 168 2
129 168 2
144 168 2
114 169 2
125 169 2
126 169 2
127 169 2
128 169 2
129 169 2
144 169 2
145 169 2
113 170 2
114 170 2
126 170 2
128 170 2
129 170 2
144 170 2
145 170 2
114 171 2
126 171 2
128 171 2
129 171 2
144 171 2
145 171 2
114 172 2
115 172 2
126 172 2
127 172 2
129 172 2
130 172 2
145 172 2
114 173 2
115 173 2
129 173 2
130 173 2
145 173 2
113 174 2
114 174 2
115 174 2
127 174 2
130 174 2
131 174 2
133 174 2
145 174 2
114 175 2
115 175 2
127 175 2
128 175 2
129 175 2
130 175 2
131 175 2
145 175 2
115 176 2
127 176 2
128 176 2
129 176 2
130 176 2
134 176 2
145 176 2
146 176 2
115 177 2
128 177 2
129 177 2
130 177 2
145 177 2
146 177 2
115 178 2
116 178 2
128 178 2
129 178 2
130 178 2
131 178 2
132 178 2
146 178 2
114 179 2
115 179 2
116 179 2
129 179 2
130 179 2
131 179 2
132 179 2
146 179 2
115 180 2
116 180 2
129 180 2
130 180 2
132 180 2
146 180 2
114 181 2
116 181 2
128 181 2
129 181 2
132 181 2
146 181 2
116 182 2
117 182 2
129 182 2
146 182 2
147 182 2
115 183 2
116 183 2
117 183 2
129 183 2
130 183 2
131 183 2
145 183 2
146 183 2
116 184 2
117 184 2
130 184 2
131 184 2
132 184 2
145 184 2
146 184 2
149 184 2
116 185 2
117 185 2
130 185 2
131 185 2
132 185 2
133 185 2
145 185 2
146 185 2
115 186 2
116 186 2
117 186 2
131 186 2
132 186 2
133 186 2
146 186 2
116 187 2
117 187 2
131 187 2
132 187 2
133 187 2
153 187 2
116 188 2
117 188 2
132 188 2
133 188 2
134 188 2
135 188 2
136 188 2
153 188 2
115 189 2
116 189 2
117 189 2
132 189 2
133 189 2
134 189 2
135 189 2
153 189 2
115 190 2
116 190 2
132 190 2
133 190 2
134 190 2
136 190 2
116 191 2
132 191 2
133 191 2
134 191 2
116 192 2
133 192 2
134 192 2
135 192 2
116 193 2
117 193 2
133 193 2
134 193 2
135 193 2
154 193 2
116 194 2
117 194 2
134 194 2
135 194 2
153 194 2
154 194 2
117 195 2
134 195 2
135 195 2
153 195 2
154 195 2
117 196 2
134 196 2
135 196 2
136 196 2
153 196 2
154 196 2
155 196 2
116 197 2
117 197 2
135 197 2
136 197 2
153 197 2
154 197 2
155 197 2
116 198 2
117 198 2
135 198 2
136 198 2
154 198 2
155 198 2
116 199 2
117 199 2
135 199 2
136 199 2
137 199 2
154 199 2
155 199 2
156 199 2
117 200 2
118 200 2
135 200 2
136 200 2
137 200 2
154 200 2
155 200 2
156 200 2
117 201 2
136 201 2
137 201 2
155 201 2
156 201 2
117 202 2
135 202 2
136 202 2
137 202 2
155 202 2
156 202 2
118 203 2
135 203 2
136 203 2
137 203 2
155 203 2
156 203 2
118 204 2
135 204 2
136 204 2
137 204 2
155 204 2
156 204 2
118 205 2
135 205 2
136 205 2
156 205 2
118 206 2
135 206 2
136 206 2
156 206 2
157 206 2
118 207 2
119 207 2
135 207 2
136 207 2
156 207 2
157 207 2
158 207 2
118 208 2
119 208 2
142 208 2
156 208 2
157 208 2
158 208 2
118 209 2
119 209 2
141 209 2
142 209 2
156 209 2
157 209 2
158 209 2
119 210 2
142 210 2
157 210 2
158 210 2
119 211 2
120 211 2
142 211 2
157 211 2
158 211 2
159 211 2
120 212 2
142 212 2
143 212 2
158 212 2
159 212 2
121 213 2
144 213 2
158 213 2
159 213 2
121 214 2
158 214 2
159 214 2
121 215 2
158 215 2
159 215 2
160 215 2
121 216 2
143 216 2
159 216 2
160 216 2
161 216 2
136 217 2
143 217 2
159 217 2
160 217 2
161 217 2
143 218 2
159 218 2
160 218 2
161 218 2
144 219 2
160 219 2
161 219 2
162 219 2
160 220 2
161 220 2
162 220 2
121 221 2
161 221 2
162 221 2
121 222 2
161 222 2
162 222 2
162 223 2
163 223 2
162 224 2
163 224 2
163 225 2
119 226 2
120 226 2
163 226 2
164 226 2
120 227 2
149 227 2
164 227 2
164 228 2
165 228 2
164 229 2
165 229 2
165 230 2
165 231 2
166 231 2
165 232 2
166 232 2
166 233 2
142 234 2
143 234 2
144 234 2
166 234 2
167 234 2
142 235 2
145 235 2
147 235 2
166 235 2
167 235 2
142 236 2
145 236 2
146 236 2
147 236 2
166 236 2
168 236 2
141 237 2
142 237 2
146 237 2
168 237 2
142 238 2
146 238 2
168 238 2
169 238 2
140 239 2
141 239 2
147 239 2
168 239 2
169 239 2
140 240 2
141 240 2
147 240 2
152 240 2
168 240 2
169 240 2
140 241 2
148 241 2
155 241 2
168 241 2
169 241 2
139 242 2
148 242 2
151 242 2
168 242 2
169 242 2
138 243 2
139 243 2
148 243 2
149 243 2
168 243 2
169 243 2
139 244 2
148 244 2
149 244 2
157 244 2
168 244 2
169 244 2
138 245 2
149 245 2
150 245 2
157 245 2
167 245 2
168 245 2
169 245 2
138 246 2
150 246 2
157 246 2
158 246 2
168 246 2
169 246 2
137 247 2
150 247 2
157 247 2
168 247 2
137 248 2
151 248 2
157 248 2
168 248 2
112 249 2
136 249 2
137 249 2
151 249 2
156 249 2
168 249 2
111 250 2
112 250 2
136 250 2
151 250 2
152 250 2
163 250 2
136 251 2
153 251 2
135 252 2
153 252 2
135 253 2
154 253 2
109 254 2
134 254 2
135 254 2
154 254 2
133 255 2
134 255 2
154 255 2
155 255 2
133 256 2
134 256 2
155 256 2
133 257 2
156 258 2
10 75 3
8 76 3
7 77 3
8 77 3
6 78 3
7 78 3
8 78 3
5 79 3
6 79 3
7 79 3
8 79 3
4 80 3
5 80 3
6 80 3
3 81 3
4 81 3
5 81 3
6 81 3
3 82 3
4 82 3
5 82 3
6 82 3
2 83 3
3 83 3
4 83 3
5 83 3
2 84 3
3 84 3
4 84 3
5 84 3
2 85 3
3 85 3
4 85 3
1 86 3
2 86 3
3 86 3
1 87 3
2 87 3
3 87 3
4 87 3
2 88 3
3 88 3
2 89 3
2 90 3
2 91 3
3 91 3
3 92 3
6 93 3
8 93 3
6 94 3
9 94 3
6 95 3
7 95 3
8 95 3
9 95 3
5 96 3
7 96 3
8 96 3
9 96 3
10 96 3
5 97 3
7 97 3
9 97 3
4 98 3
6 98 3
7 98 3
9 98 3
4 99 3
6 99 3
7 99 3
8 99 3
3 100 3
8 100 3
9 100 3
4 101 3
5 101 3
6 101 3
7 101 3
9 101 3
3 102 3
7 102 3
9 102 3
10 102 3
3 103 3
6 103 3
9 103 3
10 103 3
3 104 3
4 104 3
7 104 3
8 104 3
9 104 3
5 105 3
8 105 3
9 105 3
8 106 3
9 106 3
4 107 3
7 107 3
7 108 3
8 108 3
9 108 3
10 108 3
11 108 3
3 109 3
6 109 3
7 109 3
9 109 3
12 109 3
8 110 3
9 110 3
6 111 3
8 111 3
9 111 3
10 111 3
11 111 3
5 112 3
6 112 3
7 112 3
8 112 3
11 112 3
12 112 3
7 113 3
8 113 3
11 113 3
6 114 3
7 114 3
6 115 3
7 115 3
8 115 3
9 115 3
11 115 3
4 116 3
6 116 3
7 116 3
8 116 3
11 116 3
6 117 3
8 117 3
11 117 3
5 118 3
6 118 3
7 118 3
8 118 3
10 118 3
11 118 3
4 119 3
5 119 3
6 119 3
7 119 3
4 120 3
6 120 3
4 121 3
6 121 3
9 121 3
6 122 3
9 122 3
10 122 3
2 123 3
3 123 3
5 123 3
6 123 3
3 125 3
7 125 3
49 198 3
44 204 3
45 204 3
46 207 3
25 213 3
24 214 3
25 214 3
26 214 3
25 215 3
24 216 3
25 216 3
25 217 3
26 217 3
25 218 3
26 218 3
24 219 3
25 219 3
26 219 3
24 220 3
25 220 3
24 221 3
25 221 3
26 221 3
24 222 3
25 222 3
26 222 3
27 222 3
24 223 3
25 223 3
26 223 3
27 223 3
25 224 3
26 224 3
24 225 3
25 225 3
26 225 3
25 226 3
26 226 3
24 227 3
25 227 3
26 227 3
25 228 3
26 228 3
25 229 3
26 229 3
24 230 3
25 230 3
26 230 3
24 231 3
25 231 3
26 231 3
25 232 3
26 232 3
24 233 3
25 233 3
26 233 3
24 234 3
25 234 3
26 234 3
27 234 3
25 235 3
26 235 3
24 236 3
25 236 3
26 236 3
1 237 3
25 237 3
26 237 3
27 237 3
24 238 3
25 238 3
26 238 3
27 238 3
25 239 3
26 239 3
27 239 3
24 240 3
25 240 3
26 240 3
24 241 3
25 241 3
26 241 3
25 242 3
26 242 3
2 243 3
25 243 3
26 243 3
27 243 3
1 244 3
2 244 3
25 244 3
26 244 3
1 245 3
2 245 3
25 245 3
26 245 3
27 245 3
1 246 3
2 246 3
24 246 3
25 246 3
26 246 3
1 247 3
2 247 3
24 247 3
25 247 3
26 247 3
27 247 3
1 248 3
2 248 3
11 248 3
24 248 3
25 248 3
26 248 3
27 248 3
2 249 3
24 249 3
25 249 3
26 249 3
1 250 3
2 250 3
25 250 3
26 250 3
1 251 3
2 251 3
3 251 3
25 251 3
26 251 3
27 251 3
1 252 3
2 252 3
3 252 3
24 252 3
25 252 3
26 252 3
27 252 3
2 253 3
24 253 3
25 253 3
26 253 3
27 253 3
1 254 3
2 254 3
3 254 3
24 254 3
25 254 3
26 254 3
27 254 3
1 255 3
2 255 3
3 255 3
24 255 3
25 255 3
26 255 3
27 255 3
38 255 3
2 256 3
3 256 3
25 256 3
26 256 3
27 256 3
37 256 3
2 257 3
3 257 3
25 257 3
26 257 3
25 258 3
26 258 3
54 209 4
54 212 4
54 213 4
55 213 4
54 214 4
55 214 4
54 215 4
45 217 4
50 217 4
54 217 4
45 218 4
49 218 4
50 218 4
54 218 4
48 219 4
54 219 4
46 220 4
47 220 4
48 220 4
50 220 4
53 220 4
46 221 4
47 221 4
48 221 4
53 221 4
46 222 4
47 222 4
48 222 4
53 222 4
61 222 4
46 223 4
47 223 4
48 223 4
53 223 4
60 223 4
61 223 4
46 224 4
47 224 4
48 224 4
53 224 4
60 224 4
61 224 4
45 225 4
46 225 4
47 225 4
48 225 4
59 225 4
60 225 4
46 226 4
47 226 4
48 226 4
49 226 4
59 226 4
60 226 4
46 227 4
47 227 4
48 227 4
59 227 4
60 227 4
46 228 4
47 228 4
48 228 4
49 228 4
59 228 4
60 228 4
46 229 4
47 229 4
48 229 4
49 229 4
58 229 4
59 229 4
46 230 4
47 230 4
48 230 4
49 230 4
50 230 4
57 230 4
58 230 4
59 230 4
47 231 4
48 231 4
49 231 4
50 231 4
57 231 4
58 231 4
59 231 4
47 232 4
48 232 4
49 232 4
50 232 4
51 232 4
57 232 4
58 232 4
59 232 4
47 233 4
48 233 4
49 233 4
50 233 4
51 233 4
57 233 4
58 233 4
59 233 4
48 234 4
49 234 4
50 234 4
51 234 4
56 234 4
57 234 4
58 234 4
48 235 4
49 235 4
50 235 4
51 235 4
56 235 4
57 235 4
58 235 4
48 236 4
49 236 4
50 236 4
51 236 4
55 236 4
56 236 4
57 236 4
48 237 4
49 237 4
50 237 4
51 237 4
52 237 4
55 237 4
56 237 4
49 238 4
50 238 4
51 238 4
52 238 4
54 238 4
55 238 4
56 238 4
49 239 4
50 239 4
51 239 4
52 239 4
55 239 4
49 240 4
50 240 4
51 240 4
52 240 4
55 240 4
50 241 4
51 241 4
52 241 4
50 242 4
51 242 4
52 242 4
53 242 4
50 243 4
51 243 4
52 243 4
53 243 4
51 244 4
52 244 4
53 244 4
52 245 4
53 245 4
54 245 4
53 246 4
54 246 4
54 247 4
55 247 4
55 248 4
55 249 4
56 249 4
55 250 4
56 250 4
56 251 4
57 251 4
57 252 4
57 253 4
58 253 4
57 254 4
58 254 4
59 254 4
58 255 4
59 255 4
58 256 4
59 256 4
