339 16 0
318 19 0
177 20 0
295 22 0
283 25 0
330 25 0
271 26 0
283 26 0
247 27 0
272 27 0
247 28 0
247 29 0
296 48 0
259 49 0
260 49 0
261 49 0
274 49 0
275 49 0
276 49 0
257 50 0
258 50 0
259 50 0
260 50 0
263 50 0
264 50 0
271 50 0
274 50 0
277 50 0
256 51 0
257 51 0
258 51 0
259 51 0
260 51 0
261 51 0
262 51 0
263 51 0
264 51 0
271 51 0
272 51 0
280 51 0
281 51 0
282 51 0
259 52 0
260 52 0
261 52 0
262 52 0
263 52 0
266 52 0
270 52 0
272 52 0
278 52 0
280 52 0
281 52 0
282 52 0
259 53 0
260 53 0
262 53 0
263 53 0
264 53 0
267 53 0
268 53 0
269 53 0
270 53 0
272 53 0
277 53 0
278 53 0
281 53 0
282 53 0
285 53 0
286 53 0
258 54 0
259 54 0
260 54 0
263 54 0
264 54 0
266 54 0
267 54 0
268 54 0
272 54 0
273 54 0
277 54 0
278 54 0
259 55 0
260 55 0
263 55 0
264 55 0
266 55 0
267 55 0
268 55 0
272 55 0
277 55 0
278 55 0
280 55 0
263 56 0
264 56 0
265 56 0
267 56 0
268 56 0
277 56 0
278 56 0
279 56 0
280 56 0
281 56 0
282 56 0
283 56 0
263 57 0
264 57 0
267 57 0
268 57 0
277 57 0
278 57 0
279 57 0
280 57 0
281 57 0
282 57 0
283 57 0
264 58 0
265 58 0
267 58 0
268 58 0
270 58 0
282 58 0
312 58 0
323 58 0
264 59 0
265 59 0
267 59 0
268 59 0
269 59 0
282 59 0
324 59 0
264 60 0
265 60 0
266 60 0
267 60 0
268 60 0
269 60 0
282 60 0
283 60 0
284 60 0
285 60 0
296 60 0
324 60 0
247 61 0
248 61 0
264 61 0
265 61 0
266 61 0
267 61 0
268 61 0
269 61 0
270 61 0
271 61 0
283 61 0
313 61 0
248 62 0
249 62 0
250 62 0
264 62 0
265 62 0
266 62 0
267 62 0
268 62 0
269 62 0
270 62 0
283 62 0
311 67 0
322 67 0
260 68 0
261 68 0
262 68 0
271 68 0
278 68 0
311 68 0
259 69 0
261 69 0
262 69 0
263 69 0
264 69 0
265 69 0
279 69 0
311 69 0
261 70 0
262 70 0
263 70 0
264 70 0
265 70 0
272 70 0
279 70 0
261 71 0
262 71 0
263 71 0
264 71 0
272 71 0
279 71 0
336 71 0
271 72 0
272 72 0
273 72 0
279 72 0
336 72 0
272 73 0
273 73 0
278 73 0
279 73 0
280 73 0
312 73 0
272 74 0
273 74 0
274 74 0
278 74 0
279 74 0
280 74 0
271 75 0
272 75 0
273 75 0
274 75 0
278 75 0
279 75 0
337 75 0
268 76 0
271 76 0
272 76 0
273 76 0
277 76 0
278 76 0
337 76 0
260 77 0
268 77 0
271 77 0
272 77 0
273 77 0
279 77 0
280 77 0
301 77 0
321 77 0
337 77 0
260 78 0
261 78 0
262 78 0
263 78 0
267 78 0
268 78 0
301 78 0
302 78 0
324 78 0
260 79 0
261 79 0
262 79 0
263 79 0
275 79 0
314 79 0
262 80 0
263 80 0
302 80 0
314 80 0
29 197 1
30 197 1
28 198 1
29 198 1
30 198 1
28 199 1
29 199 1
30 199 1
28 200 1
29 200 1
30 200 1
28 201 1
29 201 1
30 201 1
27 202 1
28 202 1
29 202 1
30 202 1
27 203 1
28 203 1
29 203 1
26 204 1
27 204 1
28 204 1
29 204 1
26 205 1
27 205 1
28 205 1
29 205 1
44 205 1
61 205 1
26 206 1
27 206 1
28 206 1
42 206 1
26 207 1
27 207 1
28 207 1
25 208 1
26 208 1
27 208 1
58 208 1
25 209 1
26 209 1
27 209 1
38 209 1
39 209 1
25 210 1
26 210 1
27 210 1
57 210 1
25 211 1
26 211 1
27 211 1
25 212 1
26 212 1
27 212 1
34 212 1
53 212 1
54 212 1
25 213 1
26 213 1
27 213 1
52 213 1
24 214 1
25 214 1
26 214 1
27 214 1
31 214 1
52 214 1
24 215 1
25 215 1
26 215 1
27 215 1
21 216 1
22 216 1
23 216 1
24 216 1
25 216 1
26 216 1
27 216 1
48 216 1
22 217 1
23 217 1
24 217 1
25 217 1
47 217 1
48 217 1
17 218 1
18 218 1
19 218 1
20 218 1
21 218 1
22 218 1
23 218 1
24 218 1
19 219 1
21 219 1
22 219 1
23 219 1
24 219 1
43 219 1
45 219 1
14 220 1
18 220 1
19 220 1
20 220 1
21 220 1
22 220 1
23 220 1
43 220 1
20 221 1
21 221 1
22 221 1
23 221 1
24 221 1
41 221 1
42 221 1
13 222 1
14 222 1
22 222 1
23 222 1
24 222 1
28 222 1
40 222 1
41 222 1
42 222 1
22 223 1
23 223 1
24 223 1
25 223 1
26 223 1
35 223 1
38 223 1
40 223 1
41 223 1
42 223 1
7 224 1
8 224 1
9 224 1
22 224 1
25 224 1
26 224 1
40 224 1
41 224 1
42 224 1
25 225 1
27 225 1
39 225 1
40 225 1
41 225 1
42 225 1
4 226 1
14 226 1
32 226 1
33 226 1
34 226 1
39 226 1
40 226 1
41 226 1
42 226 1
14 227 1
39 227 1
40 227 1
41 227 1
42 227 1
1 228 1
15 228 1
30 228 1
31 228 1
32 228 1
39 228 1
40 228 1
41 228 1
42 228 1
30 229 1
31 229 1
39 229 1
40 229 1
41 229 1
42 229 1
29 230 1
30 230 1
31 230 1
32 230 1
39 230 1
40 230 1
41 230 1
50 230 1
30 231 1
31 231 1
35 231 1
36 231 1
37 231 1
39 231 1
40 231 1
41 231 1
30 232 1
31 232 1
32 232 1
35 232 1
36 232 1
37 232 1
38 232 1
39 232 1
40 232 1
31 233 1
32 233 1
34 233 1
35 233 1
36 233 1
37 233 1
38 233 1
49 233 1
30 234 1
31 234 1
34 234 1
35 234 1
36 234 1
37 234 1
44 234 1
49 234 1
31 235 1
33 235 1
34 235 1
35 235 1
36 235 1
37 235 1
44 235 1
48 235 1
49 235 1
50 235 1
2 236 1
7 236 1
33 236 1
34 236 1
35 236 1
36 236 1
37 236 1
47 236 1
48 236 1
49 236 1
2 237 1
33 237 1
34 237 1
35 237 1
36 237 1
47 237 1
48 237 1
49 237 1
32 238 1
33 238 1
34 238 1
35 238 1
36 238 1
37 238 1
47 238 1
48 238 1
49 238 1
32 239 1
33 239 1
34 239 1
35 239 1
36 239 1
46 239 1
47 239 1
48 239 1
1 240 1
32 240 1
33 240 1
34 240 1
35 240 1
46 240 1
47 240 1
31 241 1
32 241 1
33 241 1
34 241 1
46 241 1
47 241 1
48 241 1
31 242 1
32 242 1
33 242 1
34 242 1
46 242 1
47 242 1
50 242 1
31 243 1
32 243 1
33 243 1
34 243 1
46 243 1
47 243 1
31 244 1
32 244 1
33 244 1
34 244 1
44 244 1
45 244 1
46 244 1
47 244 1
31 245 1
32 245 1
33 245 1
34 245 1
44 245 1
45 245 1
46 245 1
49 245 1
50 245 1
31 246 1
32 246 1
33 246 1
34 246 1
44 246 1
45 246 1
46 246 1
49 246 1
31 247 1
32 247 1
33 247 1
34 247 1
35 247 1
43 247 1
44 247 1
45 247 1
46 247 1
47 247 1
48 247 1
49 247 1
1 248 1
2 248 1
31 248 1
32 248 1
33 248 1
34 248 1
35 248 1
44 248 1
45 248 1
31 249 1
32 249 1
33 249 1
34 249 1
35 249 1
36 249 1
43 249 1
32 250 1
33 250 1
34 250 1
35 250 1
43 250 1
44 250 1
46 250 1
32 251 1
33 251 1
34 251 1
35 251 1
36 251 1
32 252 1
33 252 1
34 252 1
35 252 1
36 252 1
43 252 1
22 253 1
32 253 1
33 253 1
34 253 1
35 253 1
36 253 1
45 253 1
32 254 1
33 254 1
34 254 1
35 254 1
36 254 1
1 255 1
33 255 1
34 255 1
35 255 1
36 255 1
42 255 1
2 256 1
33 256 1
34 256 1
35 256 1
36 256 1
44 256 1
2 257 1
33 257 1
34 257 1
35 257 1
36 257 1
41 257 1
33 258 1
34 258 1
35 258 1
36 258 1
41 258 1
42 258 1
153 99 2
151 100 2
152 100 2
148 101 2
149 101 2
150 101 2
144 102 2
146 102 2
147 102 2
148 102 2
162 102 2
163 102 2
143 103 2
144 103 2
145 103 2
146 103 2
147 103 2
148 103 2
163 103 2
142 104 2
143 104 2
144 104 2
147 104 2
142 105 2
143 105 2
141 106 2
142 106 2
143 106 2
152 106 2
153 106 2
141 107 2
142 107 2
143 107 2
152 107 2
153 107 2
154 107 2
155 107 2
156 107 2
167 107 2
140 108 2
141 108 2
142 108 2
153 108 2
154 108 2
155 108 2
156 108 2
157 108 2
165 108 2
139 109 2
140 109 2
141 109 2
142 109 2
149 109 2
150 109 2
151 109 2
152 109 2
153 109 2
154 109 2
155 109 2
156 109 2
157 109 2
158 109 2
159 109 2
160 109 2
166 109 2
140 110 2
141 110 2
142 110 2
144 110 2
148 110 2
149 110 2
150 110 2
151 110 2
152 110 2
155 110 2
156 110 2
157 110 2
158 110 2
159 110 2
160 110 2
161 110 2
166 110 2
167 110 2
168 110 2
139 111 2
140 111 2
141 111 2
142 111 2
143 111 2
144 111 2
146 111 2
147 111 2
148 111 2
149 111 2
150 111 2
157 111 2
158 111 2
159 111 2
160 111 2
161 111 2
166 111 2
167 111 2
168 111 2
139 112 2
140 112 2
141 112 2
142 112 2
143 112 2
144 112 2
145 112 2
146 112 2
147 112 2
148 112 2
157 112 2
158 112 2
159 112 2
160 112 2
161 112 2
166 112 2
168 112 2
139 113 2
140 113 2
141 113 2
142 113 2
143 113 2
146 113 2
147 113 2
155 113 2
156 113 2
157 113 2
158 113 2
159 113 2
160 113 2
166 113 2
168 113 2
139 114 2
140 114 2
141 114 2
142 114 2
143 114 2
153 114 2
154 114 2
156 114 2
158 114 2
159 114 2
162 114 2
165 114 2
166 114 2
167 114 2
154 115 2
158 115 2
162 115 2
163 115 2
164 115 2
165 115 2
166 115 2
168 115 2
157 116 2
158 116 2
162 116 2
163 116 2
164 116 2
165 116 2
166 116 2
167 116 2
160 117 2
161 117 2
162 117 2
163 117 2
164 117 2
165 117 2
166 117 2
167 117 2
160 118 2
161 118 2
162 118 2
163 118 2
164 118 2
165 118 2
166 118 2
167 118 2
134 119 2
135 119 2
161 119 2
162 119 2
163 119 2
164 119 2
165 119 2
166 119 2
167 119 2
168 119 2
133 120 2
161 120 2
162 120 2
163 120 2
167 120 2
168 120 2
169 120 2
132 121 2
133 121 2
161 121 2
162 121 2
168 121 2
169 121 2
170 121 2
130 122 2
131 122 2
132 122 2
160 122 2
161 122 2
162 122 2
169 122 2
170 122 2
171 122 2
172 122 2
126 123 2
127 123 2
128 123 2
162 123 2
169 123 2
170 123 2
171 123 2
172 123 2
125 124 2
126 124 2
162 124 2
167 124 2
168 124 2
169 124 2
170 124 2
124 125 2
125 125 2
166 125 2
167 125 2
123 126 2
149 126 2
160 126 2
161 126 2
122 127 2
123 127 2
160 127 2
161 127 2
122 128 2
123 128 2
131 128 2
152 128 2
159 128 2
121 129 2
122 129 2
131 129 2
152 129 2
153 129 2
154 129 2
121 130 2
122 130 2
153 130 2
154 130 2
155 130 2
121 131 2
122 131 2
128 131 2
153 131 2
154 131 2
120 132 2
121 132 2
122 132 2
133 132 2
135 132 2
153 132 2
154 132 2
120 133 2
121 133 2
122 133 2
127 133 2
153 133 2
154 133 2
120 134 2
121 134 2
122 134 2
127 134 2
128 134 2
141 134 2
153 134 2
154 134 2
120 135 2
121 135 2
122 135 2
126 135 2
127 135 2
134 135 2
120 136 2
121 136 2
122 136 2
126 136 2
127 136 2
133 136 2
120 137 2
121 137 2
122 137 2
125 137 2
126 137 2
120 138 2
121 138 2
122 138 2
125 138 2
126 138 2
132 138 2
154 138 2
121 139 2
122 139 2
123 139 2
124 139 2
125 139 2
140 139 2
141 139 2
142 139 2
121 140 2
122 140 2
123 140 2
124 140 2
132 140 2
133 140 2
141 140 2
121 141 2
122 141 2
132 141 2
140 141 2
141 141 2
124 142 2
132 142 2
133 142 2
140 142 2
123 143 2
124 143 2
132 143 2
133 143 2
139 143 2
140 143 2
123 144 2
124 144 2
132 144 2
133 144 2
123 145 2
124 145 2
132 145 2
133 145 2
123 146 2
124 146 2
132 146 2
133 146 2
123 147 2
124 147 2
132 147 2
133 147 2
123 148 2
124 148 2
132 148 2
133 148 2
134 148 2
123 149 2
124 149 2
132 149 2
133 149 2
123 150 2
124 150 2
122 151 2
123 151 2
124 151 2
140 151 2
122 152 2
123 152 2
124 152 2
139 152 2
122 153 2
123 153 2
124 153 2
139 153 2
123 154 2
134 154 2
135 154 2
138 154 2
139 154 2
122 155 2
123 155 2
134 155 2
135 155 2
137 155 2
138 155 2
122 156 2
123 156 2
135 156 2
137 156 2
138 156 2
123 157 2
124 157 2
135 157 2
136 157 2
151 157 2
123 158 2
124 158 2
135 158 2
136 158 2
123 159 2
135 159 2
136 159 2
149 159 2
122 160 2
123 160 2
135 160 2
136 160 2
122 161 2
123 161 2
134 161 2
135 161 2
150 161 2
122 162 2
123 162 2
134 162 2
135 162 2
138 162 2
150 162 2
122 163 2
123 163 2
137 163 2
138 163 2
150 163 2
152 163 2
122 164 2
123 164 2
137 164 2
145 164 2
122 165 2
123 165 2
136 165 2
145 165 2
122 166 2
123 166 2
135 166 2
136 166 2
145 166 2
122 167 2
123 167 2
135 167 2
136 167 2
122 168 2
134 168 2
135 168 2
136 168 2
147 168 2
122 169 2
134 169 2
135 169 2
136 169 2
137 169 2
152 169 2
121 170 2
122 170 2
123 170 2
133 170 2
134 170 2
136 170 2
137 170 2
152 170 2
153 170 2
121 171 2
122 171 2
137 171 2
138 171 2
152 171 2
153 171 2
121 172 2
122 172 2
123 172 2
135 172 2
137 172 2
152 172 2
153 172 2
122 173 2
123 173 2
137 173 2
138 173 2
152 173 2
153 173 2
122 174 2
123 174 2
137 174 2
138 174 2
139 174 2
153 174 2
122 175 2
123 175 2
135 175 2
138 175 2
139 175 2
153 175 2
122 176 2
123 176 2
138 176 2
139 176 2
153 176 2
123 177 2
137 177 2
138 177 2
141 177 2
142 177 2
154 177 2
123 178 2
124 178 2
137 178 2
138 178 2
141 178 2
154 178 2
123 179 2
124 179 2
137 179 2
138 179 2
139 179 2
154 179 2
123 180 2
124 180 2
136 180 2
137 180 2
140 180 2
154 180 2
162 180 2
124 181 2
136 181 2
137 181 2
138 181 2
140 181 2
154 181 2
162 181 2
124 182 2
138 182 2
139 182 2
140 182 2
154 182 2
123 183 2
124 183 2
137 183 2
154 183 2
124 184 2
125 184 2
137 184 2
138 184 2
154 184 2
123 185 2
124 185 2
125 185 2
138 185 2
139 185 2
143 185 2
154 185 2
163 185 2
124 186 2
125 186 2
139 186 2
140 186 2
153 186 2
154 186 2
124 187 2
125 187 2
139 187 2
140 187 2
141 187 2
154 187 2
125 188 2
139 188 2
140 188 2
141 188 2
142 188 2
124 189 2
125 189 2
140 189 2
141 189 2
142 189 2
124 190 2
125 190 2
140 190 2
141 190 2
143 190 2
144 190 2
124 191 2
140 191 2
141 191 2
142 191 2
124 192 2
141 192 2
142 192 2
124 193 2
125 193 2
141 193 2
142 193 2
143 193 2
124 194 2
125 194 2
141 194 2
142 194 2
143 194 2
125 195 2
142 195 2
143 195 2
156 195 2
125 196 2
142 196 2
143 196 2
162 196 2
163 196 2
125 197 2
142 197 2
143 197 2
144 197 2
162 197 2
163 197 2
124 198 2
125 198 2
143 198 2
144 198 2
162 198 2
163 198 2
125 199 2
143 199 2
144 199 2
162 199 2
163 199 2
164 199 2
124 200 2
125 200 2
126 200 2
143 200 2
144 200 2
145 200 2
163 200 2
164 200 2
125 201 2
126 201 2
144 201 2
145 201 2
163 201 2
164 201 2
125 202 2
126 202 2
144 202 2
145 202 2
164 202 2
165 202 2
126 203 2
144 203 2
145 203 2
164 203 2
165 203 2
126 204 2
144 204 2
145 204 2
164 204 2
165 204 2
126 205 2
144 205 2
145 205 2
164 205 2
165 205 2
126 206 2
144 206 2
145 206 2
163 206 2
143 207 2
144 207 2
166 207 2
127 208 2
143 208 2
144 208 2
165 208 2
166 208 2
127 209 2
144 209 2
166 209 2
127 210 2
128 210 2
144 210 2
166 210 2
167 210 2
127 211 2
128 211 2
166 211 2
167 211 2
128 212 2
151 212 2
166 212 2
167 212 2
128 213 2
129 213 2
142 213 2
149 213 2
167 213 2
129 214 2
142 214 2
167 214 2
168 214 2
130 215 2
151 215 2
152 215 2
166 215 2
168 215 2
130 216 2
152 216 2
168 216 2
169 216 2
168 217 2
169 217 2
131 218 2
168 218 2
131 219 2
169 219 2
147 220 2
169 220 2
170 220 2
169 221 2
170 221 2
148 222 2
169 222 2
170 222 2
170 223 2
170 224 2
171 224 2
171 225 2
128 226 2
171 226 2
171 227 2
172 227 2
172 228 2
128 229 2
172 229 2
128 230 2
132 230 2
172 230 2
173 230 2
173 231 2
173 232 2
173 233 2
127 234 2
156 234 2
157 234 2
173 234 2
127 235 2
158 235 2
173 235 2
174 235 2
160 236 2
174 236 2
160 237 2
149 239 2
154 239 2
126 240 2
151 240 2
155 240 2
159 240 2
160 240 2
176 240 2
151 241 2
156 241 2
127 242 2
130 242 2
150 242 2
151 242 2
156 242 2
159 242 2
156 243 2
159 243 2
146 244 2
147 244 2
156 244 2
125 245 2
126 245 2
147 245 2
148 245 2
156 245 2
157 245 2
164 245 2
175 245 2
157 246 2
175 246 2
176 246 2
146 247 2
157 247 2
176 247 2
146 248 2
158 248 2
176 248 2
145 249 2
158 249 2
176 249 2
120 250 2
123 250 2
125 250 2
146 250 2
158 250 2
159 250 2
161 250 2
126 251 2
159 251 2
144 252 2
119 253 2
143 253 2
144 254 2
142 255 2
143 255 2
142 256 2
143 256 2
117 257 2
142 257 2
143 257 2
8 121 3
7 122 3
11 122 3
12 122 3
7 127 3
7 128 3
11 128 3
7 129 3
7 130 3
5 138 3
5 139 3
32 139 3
4 140 3
12 140 3
5 141 3
6 141 3
12 141 3
33 141 3
5 142 3
6 142 3
33 142 3
34 142 3
5 143 3
6 143 3
34 143 3
5 144 3
6 144 3
33 144 3
34 144 3
1 145 3
5 145 3
6 145 3
33 145 3
34 145 3
5 146 3
6 146 3
33 146 3
34 146 3
35 146 3
3 147 3
5 147 3
6 147 3
34 147 3
35 147 3
1 148 3
5 148 3
6 148 3
34 148 3
35 148 3
1 149 3
2 149 3
3 149 3
4 149 3
5 149 3
6 149 3
34 149 3
35 149 3
36 149 3
1 150 3
2 150 3
3 150 3
5 150 3
6 150 3
35 150 3
36 150 3
1 151 3
2 151 3
3 151 3
4 151 3
5 151 3
6 151 3
14 151 3
35 151 3
36 151 3
1 152 3
2 152 3
3 152 3
4 152 3
6 152 3
35 152 3
36 152 3
2 153 3
3 153 3
4 153 3
35 153 3
36 153 3
37 153 3
39 153 3
40 153 3
41 153 3
2 154 3
3 154 3
4 154 3
6 154 3
36 154 3
37 154 3
38 154 3
39 154 3
2 155 3
3 155 3
4 155 3
5 155 3
36 155 3
37 155 3
38 155 3
2 156 3
3 156 3
4 156 3
5 156 3
8 156 3
36 156 3
37 156 3
38 156 3
39 156 3
2 157 3
3 157 3
4 157 3
5 157 3
6 157 3
37 157 3
38 157 3
39 157 3
3 158 3
4 158 3
5 158 3
6 158 3
7 158 3
15 158 3
37 158 3
38 158 3
39 158 3
3 159 3
4 159 3
5 159 3
6 159 3
7 159 3
8 159 3
15 159 3
38 159 3
39 159 3
3 160 3
4 160 3
5 160 3
6 160 3
7 160 3
8 160 3
38 160 3
39 160 3
40 160 3
44 160 3
3 161 3
4 161 3
5 161 3
6 161 3
8 161 3
9 161 3
38 161 3
39 161 3
40 161 3
41 161 3
44 161 3
3 162 3
4 162 3
5 162 3
6 162 3
7 162 3
8 162 3
40 162 3
41 162 3
3 163 3
4 163 3
5 163 3
6 163 3
7 163 3
8 163 3
9 163 3
16 163 3
40 163 3
41 163 3
42 163 3
3 164 3
4 164 3
5 164 3
6 164 3
7 164 3
8 164 3
9 164 3
40 164 3
41 164 3
42 164 3
43 164 3
3 165 3
4 165 3
5 165 3
6 165 3
7 165 3
8 165 3
41 165 3
42 165 3
43 165 3
4 166 3
5 166 3
6 166 3
7 166 3
8 166 3
14 166 3
15 166 3
16 166 3
39 166 3
41 166 3
42 166 3
43 166 3
49 166 3
4 167 3
5 167 3
6 167 3
7 167 3
8 167 3
14 167 3
15 167 3
5 168 3
6 168 3
7 168 3
8 168 3
9 168 3
14 168 3
15 168 3
5 169 3
6 169 3
7 169 3
8 169 3
9 169 3
14 169 3
15 169 3
5 170 3
6 170 3
7 170 3
8 170 3
14 170 3
15 170 3
5 171 3
6 171 3
7 171 3
8 171 3
9 171 3
14 171 3
15 171 3
24 171 3
5 172 3
6 172 3
7 172 3
8 172 3
9 172 3
15 172 3
19 172 3
5 173 3
6 173 3
7 173 3
8 173 3
14 173 3
15 173 3
18 173 3
24 173 3
25 173 3
5 174 3
6 174 3
7 174 3
14 174 3
15 174 3
24 174 3
25 174 3
5 175 3
6 175 3
7 175 3
14 175 3
15 175 3
16 175 3
24 175 3
25 175 3
26 175 3
5 176 3
6 176 3
7 176 3
14 176 3
15 176 3
16 176 3
25 176 3
26 176 3
5 177 3
6 177 3
7 177 3
14 177 3
15 177 3
16 177 3
17 177 3
25 177 3
26 177 3
4 178 3
5 178 3
6 178 3
7 178 3
14 178 3
15 178 3
16 178 3
17 178 3
4 179 3
5 179 3
6 179 3
13 179 3
14 179 3
15 179 3
16 179 3
17 179 3
4 180 3
5 180 3
6 180 3
13 180 3
14 180 3
15 180 3
16 180 3
26 180 3
4 181 3
5 181 3
6 181 3
13 181 3
14 181 3
15 181 3
16 181 3
30 181 3
4 182 3
5 182 3
6 182 3
13 182 3
14 182 3
15 182 3
16 182 3
29 182 3
30 182 3
4 183 3
5 183 3
6 183 3
13 183 3
14 183 3
15 183 3
16 183 3
29 183 3
30 183 3
4 184 3
5 184 3
6 184 3
13 184 3
14 184 3
15 184 3
16 184 3
29 184 3
30 184 3
4 185 3
5 185 3
6 185 3
13 185 3
14 185 3
15 185 3
16 185 3
17 185 3
23 185 3
30 185 3
5 186 3
6 186 3
13 186 3
14 186 3
15 186 3
16 186 3
29 186 3
30 186 3
3 187 3
4 187 3
5 187 3
6 187 3
12 187 3
13 187 3
14 187 3
15 187 3
16 187 3
28 187 3
29 187 3
33 187 3
4 188 3
12 188 3
13 188 3
14 188 3
15 188 3
27 188 3
28 188 3
34 188 3
4 189 3
12 189 3
13 189 3
14 189 3
15 189 3
28 189 3
29 189 3
30 189 3
33 189 3
12 190 3
13 190 3
14 190 3
15 190 3
27 190 3
28 190 3
30 190 3
32 190 3
33 190 3
11 191 3
12 191 3
13 191 3
14 191 3
27 191 3
28 191 3
31 191 3
32 191 3
33 191 3
11 192 3
12 192 3
13 192 3
14 192 3
27 192 3
28 192 3
29 192 3
30 192 3
31 192 3
32 192 3
33 192 3
34 192 3
11 193 3
12 193 3
13 193 3
14 193 3
17 193 3
27 193 3
28 193 3
29 193 3
30 193 3
33 193 3
34 193 3
11 194 3
12 194 3
13 194 3
14 194 3
15 194 3
16 194 3
27 194 3
28 194 3
29 194 3
30 194 3
33 194 3
11 195 3
12 195 3
14 195 3
15 195 3
16 195 3
17 195 3
18 195 3
27 195 3
28 195 3
29 195 3
30 195 3
31 195 3
33 195 3
11 196 3
15 196 3
16 196 3
17 196 3
18 196 3
25 196 3
26 196 3
27 196 3
29 196 3
30 196 3
31 196 3
32 196 3
33 196 3
13 197 3
16 197 3
17 197 3
22 197 3
24 197 3
25 197 3
26 197 3
28 197 3
29 197 3
30 197 3
31 197 3
32 197 3
16 198 3
22 198 3
24 198 3
25 198 3
26 198 3
27 198 3
28 198 3
29 198 3
30 198 3
31 198 3
32 198 3
18 199 3
22 199 3
23 199 3
24 199 3
25 199 3
26 199 3
30 199 3
31 199 3
32 199 3
33 199 3
22 200 3
23 200 3
29 200 3
30 200 3
31 200 3
32 200 3
22 201 3
23 201 3
30 201 3
31 201 3
32 201 3
30 202 3
31 202 3
32 202 3
30 203 3
31 203 3
4 89 4
5 89 4
9 89 4
10 89 4
5 90 4
9 90 4
10 90 4
11 90 4
12 90 4
13 90 4
14 90 4
10 91 4
11 91 4
12 91 4
13 91 4
14 91 4
15 91 4
13 92 4
14 92 4
15 92 4
14 93 4
15 93 4
16 93 4
17 93 4
15 94 4
16 94 4
17 94 4
18 94 4
17 95 4
18 95 4
19 95 4
20 95 4
17 96 4
18 96 4
19 96 4
20 96 4
18 97 4
19 97 4
20 97 4
21 97 4
22 97 4
19 98 4
20 98 4
21 98 4
22 98 4
23 98 4
20 99 4
21 99 4
22 99 4
23 99 4
20 100 4
21 100 4
22 100 4
23 100 4
21 101 4
22 101 4
23 101 4
24 101 4
21 102 4
22 102 4
23 102 4
24 102 4
22 103 4
23 103 4
24 103 4
22 104 4
23 104 4
24 104 4
25 105 4
27 105 4
28 106 4
29 106 4
30 106 4
24 107 4
25 107 4
30 107 4
32 107 4
24 108 4
25 108 4
38 108 4
25 109 4
26 109 4
34 109 4
26 110 4
27 110 4
34 110 4
35 111 4
37 112 4
24 113 4
37 113 4
24 114 4
25 114 4
24 115 4
25 115 4
26 115 4
25 116 4
35 116 4
36 116 4
24 117 4
25 117 4
37 117 4
24 118 4
25 118 4
26 118 4
24 119 4
25 119 4
26 119 4
24 120 4
25 120 4
26 120 4
27 120 4
24 121 4
25 121 4
26 121 4
27 121 4
24 122 4
25 122 4
26 122 4
27 122 4
28 122 4
24 123 4
25 123 4
26 123 4
27 123 4
28 123 4
29 123 4
24 124 4
25 124 4
26 124 4
27 124 4
28 124 4
29 124 4
24 125 4
25 125 4
26 125 4
27 125 4
24 126 4
25 126 4
26 126 4
27 126 4
24 127 4
25 127 4
26 127 4
27 127 4
28 127 4
24 128 4
25 128 4
26 128 4
27 128 4
28 128 4
31 128 4
25 129 4
26 129 4
27 129 4
25 130 4
26 130 4
27 130 4
25 131 4
26 131 4
27 131 4
29 131 4
25 132 4
26 132 4
27 132 4
29 132 4
25 133 4
26 133 4
27 133 4
28 133 4
25 134 4
26 134 4
27 134 4
28 134 4
25 135 4
26 135 4
27 135 4
28 135 4
29 135 4
34 135 4
26 136 4
27 136 4
28 136 4
31 136 4
26 137 4
27 137 4
28 137 4
31 137 4
27 138 4
28 138 4
29 138 4
30 138 4
27 139 4
28 139 4
29 139 4
30 139 4
31 139 4
28 140 4
29 140 4
31 140 4
28 141 4
29 141 4
31 141 4
32 141 4
33 141 4
29 142 4
30 142 4
33 142 4
30 143 4
31 143 4
30 144 4
31 144 4
30 145 4
31 145 4
31 146 4
31 147 4
34 147 4
31 148 4
34 148 4
32 149 4
33 149 4
33 150 4
58 162 4
58 163 4
59 163 4
59 164 4
59 165 4
60 165 4
60 166 4
60 167 4
61 167 4
61 168 4
61 169 4
62 169 4
61 170 4
62 170 4
62 171 4
62 172 4
63 172 4
63 173 4
64 173 4
63 174 4
64 174 4
63 175 4
64 175 4
65 175 4
64 176 4
65 176 4
66 176 4
67 176 4
65 177 4
66 177 4
67 177 4
68 177 4
65 178 4
66 178 4
65 179 4
66 179 4
65 180 4
66 180 4
66 181 4
67 181 4
66 182 4
67 182 4
66 183 4
67 183 4
68 183 4
69 183 4
67 184 4
68 184 4
69 184 4
67 185 4
68 185 4
69 185 4
70 185 4
68 186 4
69 186 4
70 186 4
68 187 4
69 187 4
70 187 4
71 187 4
68 188 4
69 188 4
70 188 4
71 188 4
69 189 4
70 189 4
71 189 4
69 190 4
70 190 4
71 190 4
72 190 4
70 191 4
71 191 4
72 191 4
70 192 4
71 192 4
72 192 4
70 193 4
71 193 4
72 193 4
71 194 4
72 194 4
72 195 4
73 195 4
72 196 4
73 196 4
72 197 4
73 197 4
72 198 4
73 198 4
55 199 4
72 199 4
73 199 4
74 199 4
54 200 4
71 200 4
72 200 4
73 200 4
50 201 4
51 201 4
52 201 4
70 201 4
71 201 4
72 201 4
50 202 4
69 202 4
70 202 4
71 202 4
48 203 4
49 203 4
67 203 4
68 203 4
69 203 4
46 204 4
67 204 4
68 204 4
69 204 4
65 205 4
66 205 4
64 206 4
65 206 4
66 206 4
62 207 4
63 207 4
61 208 4
62 208 4
59 209 4
60 209 4
61 209 4
57 210 4
58 210 4
60 210 4
57 211 4
58 211 4
56 212 4
57 212 4
