18 2 0
46 2 0
135 5 0
135 6 0
174 6 0
95 7 0
127 7 0
148 7 0
161 7 0
187 7 0
109 8 0
122 8 0
161 8 0
174 8 0
199 8 0
211 8 0
223 8 0
227 8 0
81 9 0
127 9 0
135 9 0
166 9 0
174 9 0
239 9 0
95 10 0
122 10 0
135 10 0
161 10 0
166 10 0
179 10 0
186 10 0
187 10 0
191 10 0
221 10 0
239 10 0
66 11 0
95 11 0
109 11 0
135 11 0
140 11 0
149 11 0
153 11 0
166 11 0
174 11 0
179 11 0
187 11 0
191 11 0
262 11 0
95 12 0
100 12 0
109 12 0
122 12 0
136 12 0
153 12 0
162 12 0
166 12 0
173 12 0
179 12 0
187 12 0
191 12 0
227 12 0
235 12 0
239 12 0
262 12 0
270 12 0
95 13 0
109 13 0
122 13 0
136 13 0
149 13 0
153 13 0
162 13 0
166 13 0
167 13 0
175 13 0
179 13 0
187 13 0
191 13 0
203 13 0
215 13 0
224 13 0
227 13 0
228 13 0
235 13 0
239 13 0
262 13 0
270 13 0
280 13 0
284 13 0
306 13 0
327 13 0
109 14 0
135 14 0
136 14 0
149 14 0
162 14 0
175 14 0
179 14 0
187 14 0
191 14 0
204 14 0
212 14 0
215 14 0
216 14 0
224 14 0
228 14 0
235 14 0
239 14 0
262 14 0
270 14 0
273 14 0
280 14 0
284 14 0
123 15 0
135 15 0
136 15 0
140 15 0
162 15 0
200 15 0
204 15 0
216 15 0
224 15 0
228 15 0
235 15 0
239 15 0
247 15 0
270 15 0
123 16 0
136 16 0
175 16 0
187 16 0
192 16 0
216 16 0
224 16 0
228 16 0
247 16 0
251 16 0
274 16 0
280 16 0
162 17 0
175 17 0
196 17 0
216 17 0
224 17 0
228 17 0
239 17 0
247 17 0
251 17 0
274 17 0
149 18 0
161 18 0
212 18 0
228 18 0
247 18 0
251 18 0
270 18 0
162 19 0
224 19 0
228 19 0
251 19 0
270 19 0
224 20 0
236 20 0
251 20 0
259 20 0
270 20 0
281 20 0
169 21 0
224 21 0
251 21 0
259 21 0
123 22 0
224 22 0
236 22 0
240 22 0
123 23 0
149 23 0
188 23 0
192 23 0
212 23 0
224 23 0
240 23 0
248 23 0
251 23 0
123 24 0
188 24 0
236 24 0
240 24 0
248 24 0
274 24 0
136 25 0
149 25 0
188 25 0
248 25 0
263 25 0
296 25 0
188 26 0
225 26 0
248 26 0
285 26 0
293 26 0
136 27 0
201 27 0
213 27 0
225 27 0
240 27 0
248 27 0
271 27 0
181 28 0
213 28 0
248 28 0
271 28 0
282 28 0
248 29 0
263 29 0
282 29 0
213 30 0
225 30 0
260 30 0
282 30 0
213 31 0
225 31 0
252 31 0
260 31 0
315 31 0
201 32 0
202 32 0
203 32 0
204 32 0
237 32 0
249 32 0
260 32 0
201 33 0
237 33 0
249 33 0
272 33 0
275 33 0
249 34 0
272 34 0
189 35 0
264 35 0
272 35 0
282 35 0
189 36 0
237 36 0
241 36 0
272 36 0
283 36 0
237 37 0
241 37 0
261 37 0
266 37 0
272 37 0
294 37 0
300 37 0
315 37 0
251 38 0
273 38 0
304 38 0
305 38 0
315 38 0
316 38 0
208 39 0
239 39 0
272 39 0
273 39 0
305 39 0
321 39 0
333 39 0
208 40 0
238 40 0
272 40 0
276 40 0
308 40 0
309 40 0
321 40 0
229 41 0
230 41 0
239 41 0
242 41 0
253 41 0
272 41 0
276 41 0
303 41 0
305 41 0
309 41 0
321 41 0
335 41 0
209 42 0
228 42 0
229 42 0
230 42 0
231 42 0
232 42 0
235 42 0
239 42 0
244 42 0
245 42 0
249 42 0
251 42 0
253 42 0
254 42 0
272 42 0
273 42 0
276 42 0
277 42 0
305 42 0
309 42 0
316 42 0
317 42 0
321 42 0
328 42 0
335 42 0
336 42 0
337 42 0
208 43 0
230 43 0
234 43 0
239 43 0
240 43 0
244 43 0
245 43 0
246 43 0
247 43 0
249 43 0
251 43 0
253 43 0
254 43 0
273 43 0
277 43 0
305 43 0
309 43 0
336 43 0
340 43 0
341 43 0
209 44 0
226 44 0
227 44 0
229 44 0
230 44 0
239 44 0
240 44 0
244 44 0
245 44 0
247 44 0
251 44 0
273 44 0
277 44 0
305 44 0
309 44 0
330 44 0
340 44 0
341 44 0
226 45 0
227 45 0
229 45 0
232 45 0
234 45 0
238 45 0
244 45 0
245 45 0
273 45 0
277 45 0
305 45 0
306 45 0
309 45 0
328 45 0
330 45 0
334 45 0
340 45 0
341 45 0
221 46 0
230 46 0
231 46 0
232 46 0
237 46 0
238 46 0
245 46 0
249 46 0
251 46 0
252 46 0
253 46 0
254 46 0
273 46 0
277 46 0
305 46 0
306 46 0
309 46 0
334 46 0
335 46 0
341 46 0
208 47 0
221 47 0
229 47 0
230 47 0
231 47 0
232 47 0
238 47 0
240 47 0
249 47 0
251 47 0
252 47 0
254 47 0
255 47 0
273 47 0
277 47 0
306 47 0
309 47 0
322 47 0
335 47 0
341 47 0
342 47 0
208 48 0
229 48 0
231 48 0
232 48 0
234 48 0
239 48 0
240 48 0
249 48 0
251 48 0
252 48 0
255 48 0
273 48 0
277 48 0
285 48 0
306 48 0
309 48 0
328 48 0
329 48 0
335 48 0
341 48 0
342 48 0
206 49 0
228 49 0
229 49 0
231 49 0
232 49 0
239 49 0
240 49 0
249 49 0
250 49 0
251 49 0
252 49 0
254 49 0
273 49 0
277 49 0
306 49 0
310 49 0
329 49 0
335 49 0
336 49 0
341 49 0
342 49 0
189 50 0
190 50 0
206 50 0
228 50 0
232 50 0
233 50 0
249 50 0
250 50 0
251 50 0
254 50 0
255 50 0
265 50 0
266 50 0
273 50 0
277 50 0
306 50 0
310 50 0
331 50 0
332 50 0
335 50 0
342 50 0
343 50 0
190 51 0
206 51 0
214 51 0
227 51 0
255 51 0
262 51 0
265 51 0
273 51 0
277 51 0
284 51 0
288 51 0
299 51 0
310 51 0
342 51 0
343 51 0
190 52 0
214 52 0
227 52 0
255 52 0
262 52 0
277 52 0
284 52 0
288 52 0
299 52 0
310 52 0
343 52 0
190 53 0
220 53 0
227 53 0
228 53 0
254 53 0
255 53 0
262 53 0
266 53 0
274 53 0
277 53 0
284 53 0
288 53 0
299 53 0
310 53 0
227 54 0
228 54 0
255 54 0
273 54 0
284 54 0
299 54 0
342 54 0
196 55 0
207 55 0
215 55 0
220 55 0
227 55 0
228 55 0
255 55 0
262 55 0
273 55 0
274 55 0
284 55 0
342 55 0
196 56 0
203 56 0
215 56 0
220 56 0
227 56 0
228 56 0
229 56 0
255 56 0
262 56 0
274 56 0
285 56 0
296 56 0
326 56 0
196 57 0
203 57 0
220 57 0
229 57 0
230 57 0
231 57 0
232 57 0
237 57 0
244 57 0
245 57 0
262 57 0
274 57 0
285 57 0
296 57 0
307 57 0
314 57 0
325 57 0
326 57 0
332 57 0
333 57 0
334 57 0
335 57 0
336 57 0
339 57 0
207 58 0
215 58 0
232 58 0
236 58 0
237 58 0
238 58 0
243 58 0
244 58 0
245 58 0
253 58 0
262 58 0
297 58 0
307 58 0
314 58 0
315 58 0
325 58 0
326 58 0
336 58 0
339 58 0
340 58 0
342 58 0
343 58 0
236 59 0
238 59 0
239 59 0
243 59 0
245 59 0
253 59 0
255 59 0
307 59 0
315 59 0
326 59 0
331 59 0
332 59 0
339 59 0
340 59 0
342 59 0
343 59 0
207 60 0
215 60 0
227 60 0
228 60 0
235 60 0
236 60 0
238 60 0
239 60 0
243 60 0
245 60 0
246 60 0
252 60 0
253 60 0
274 60 0
278 60 0
285 60 0
288 60 0
289 60 0
296 60 0
307 60 0
309 60 0
315 60 0
326 60 0
332 60 0
334 60 0
339 60 0
343 60 0
215 61 0
221 61 0
227 61 0
228 61 0
229 61 0
235 61 0
236 61 0
238 61 0
239 61 0
240 61 0
242 61 0
243 61 0
245 61 0
246 61 0
252 61 0
253 61 0
274 61 0
278 61 0
285 61 0
289 61 0
296 61 0
299 61 0
307 61 0
309 61 0
315 61 0
321 61 0
326 61 0
332 61 0
334 61 0
337 61 0
339 61 0
340 61 0
343 61 0
228 62 0
235 62 0
236 62 0
239 62 0
240 62 0
242 62 0
245 62 0
246 62 0
252 62 0
253 62 0
254 62 0
255 62 0
266 62 0
274 62 0
275 62 0
285 62 0
289 62 0
296 62 0
299 62 0
307 62 0
309 62 0
326 62 0
327 62 0
332 62 0
333 62 0
334 62 0
340 62 0
228 63 0
229 63 0
235 63 0
236 63 0
238 63 0
239 63 0
240 63 0
241 63 0
242 63 0
243 63 0
244 63 0
246 63 0
251 63 0
252 63 0
253 63 0
254 63 0
255 63 0
256 63 0
257 63 0
266 63 0
285 63 0
289 63 0
290 63 0
296 63 0
299 63 0
307 63 0
315 63 0
327 63 0
332 63 0
334 63 0
337 63 0
228 64 0
235 64 0
237 64 0
238 64 0
239 64 0
240 64 0
241 64 0
243 64 0
244 64 0
245 64 0
246 64 0
247 64 0
251 64 0
253 64 0
255 64 0
256 64 0
258 64 0
266 64 0
285 64 0
289 64 0
296 64 0
299 64 0
307 64 0
316 64 0
327 64 0
332 64 0
334 64 0
337 64 0
342 64 0
343 64 0
222 65 0
226 65 0
227 65 0
228 65 0
229 65 0
235 65 0
237 65 0
238 65 0
239 65 0
242 65 0
243 65 0
244 65 0
245 65 0
246 65 0
247 65 0
251 65 0
266 65 0
275 65 0
285 65 0
289 65 0
290 65 0
295 65 0
296 65 0
299 65 0
307 65 0
317 65 0
320 65 0
321 65 0
327 65 0
332 65 0
334 65 0
339 65 0
340 65 0
343 65 0
222 66 0
227 66 0
228 66 0
235 66 0
237 66 0
239 66 0
242 66 0
243 66 0
245 66 0
246 66 0
247 66 0
250 66 0
251 66 0
255 66 0
256 66 0
259 66 0
266 66 0
275 66 0
279 66 0
285 66 0
286 66 0
296 66 0
299 66 0
307 66 0
317 66 0
321 66 0
328 66 0
332 66 0
340 66 0
343 66 0
227 67 0
228 67 0
229 67 0
230 67 0
233 67 0
235 67 0
236 67 0
237 67 0
239 67 0
240 67 0
241 67 0
242 67 0
245 67 0
247 67 0
250 67 0
252 67 0
256 67 0
257 67 0
260 67 0
263 67 0
266 67 0
275 67 0
285 67 0
286 67 0
296 67 0
327 67 0
328 67 0
335 67 0
340 67 0
228 68 0
230 68 0
233 68 0
236 68 0
237 68 0
240 68 0
241 68 0
242 68 0
247 68 0
248 68 0
252 68 0
266 68 0
296 68 0
310 68 0
328 68 0
335 68 0
340 68 0
221 69 0
242 69 0
252 69 0
266 69 0
267 69 0
301 69 0
221 70 0
244 70 0
252 70 0
267 70 0
279 70 0
240 71 0
267 71 0
268 71 0
275 71 0
279 71 0
285 71 0
286 71 0
297 71 0
308 71 0
204 72 0
244 72 0
275 72 0
278 72 0
286 72 0
301 72 0
204 73 0
206 73 0
208 73 0
228 73 0
240 73 0
252 73 0
256 73 0
264 73 0
275 73 0
279 73 0
286 73 0
204 74 0
205 74 0
206 74 0
240 74 0
252 74 0
256 74 0
286 74 0
228 75 0
252 75 0
264 75 0
286 75 0
298 75 0
240 76 0
264 76 0
240 77 0
264 77 0
275 77 0
286 77 0
301 77 0
220 78 0
233 78 0
240 78 0
264 78 0
286 78 0
298 78 0
309 78 0
229 79 0
233 79 0
240 79 0
241 79 0
253 79 0
256 79 0
264 79 0
276 79 0
286 79 0
287 79 0
290 79 0
298 79 0
229 80 0
233 80 0
240 80 0
241 80 0
245 80 0
253 80 0
256 80 0
264 80 0
276 80 0
279 80 0
287 80 0
298 80 0
209 81 0
229 81 0
240 81 0
241 81 0
245 81 0
253 81 0
256 81 0
264 81 0
268 81 0
276 81 0
287 81 0
290 81 0
298 81 0
233 82 0
241 82 0
245 82 0
253 82 0
264 82 0
268 82 0
276 82 0
287 82 0
290 82 0
241 83 0
253 83 0
264 83 0
268 83 0
276 83 0
287 83 0
290 83 0
298 83 0
205 84 0
241 84 0
245 84 0
253 84 0
268 84 0
287 84 0
298 84 0
205 85 0
241 85 0
253 85 0
265 85 0
268 85 0
280 85 0
287 85 0
320 85 0
205 86 0
229 86 0
241 86 0
253 86 0
265 86 0
276 86 0
280 86 0
287 86 0
299 86 0
302 86 0
320 86 0
208 87 0
241 87 0
253 87 0
265 87 0
287 87 0
299 87 0
205 88 0
241 88 0
245 88 0
265 88 0
276 88 0
280 88 0
287 88 0
299 88 0
302 88 0
320 88 0
205 89 0
217 89 0
265 89 0
276 89 0
280 89 0
287 89 0
288 89 0
299 89 0
302 89 0
217 90 0
230 90 0
233 90 0
253 90 0
254 90 0
265 90 0
287 90 0
288 90 0
299 90 0
302 90 0
324 90 0
230 91 0
265 91 0
277 91 0
280 91 0
288 91 0
299 91 0
230 92 0
234 92 0
254 92 0
277 92 0
280 92 0
288 92 0
299 92 0
310 92 0
230 93 0
242 93 0
253 93 0
254 93 0
277 93 0
288 93 0
299 93 0
230 94 0
242 94 0
254 94 0
277 94 0
288 94 0
230 95 0
234 95 0
257 95 0
265 95 0
266 95 0
277 95 0
288 95 0
299 95 0
230 96 0
254 96 0
257 96 0
265 96 0
266 96 0
277 96 0
288 96 0
230 97 0
234 97 0
257 97 0
265 97 0
266 97 0
269 97 0
281 97 0
288 97 0
300 97 0
230 98 0
234 98 0
266 98 0
281 98 0
288 98 0
300 98 0
254 99 0
266 99 0
269 99 0
288 99 0
292 99 0
222 100 0
257 100 0
266 100 0
278 100 0
281 100 0
288 100 0
266 101 0
278 101 0
288 101 0
289 101 0
292 101 0
300 101 0
247 102 0
278 102 0
289 102 0
247 103 0
289 103 0
242 104 0
270 104 0
278 104 0
266 105 0
278 105 0
278 106 0
289 106 0
289 107 0
278 108 0
289 108 0
278 109 0
282 109 0
267 110 0
278 110 0
279 113 0
282 113 0
236 114 0
271 114 0
279 114 0
271 115 0
279 115 0
279 116 0
290 116 0
279 117 0
290 117 0
268 120 0
271 120 0
279 120 0
271 123 0
294 123 0
291 126 0
272 127 0
280 127 0
280 128 0
245 130 0
280 130 0
272 131 0
280 131 0
269 132 0
269 133 0
284 133 0
272 138 0
273 143 0
282 147 0
274 153 0
271 155 0
177 45 1
151 46 1
177 46 1
177 47 1
138 50 1
165 51 1
138 52 1
152 56 1
170 58 1
152 59 1
178 60 1
152 62 1
178 62 1
178 63 1
152 64 1
178 64 1
152 65 1
171 65 1
126 66 1
139 66 1
166 66 1
172 66 1
126 67 1
146 67 1
166 67 1
172 67 1
166 68 1
126 69 1
152 69 1
165 69 1
166 69 1
160 70 1
166 70 1
132 71 1
166 71 1
126 72 1
153 72 1
171 72 1
173 72 1
153 73 1
172 73 1
173 73 1
139 74 1
153 74 1
172 74 1
126 75 1
127 75 1
139 75 1
153 75 1
159 75 1
147 77 1
173 77 1
153 78 1
172 78 1
153 79 1
179 79 1
140 80 1
153 80 1
179 80 1
140 81 1
160 81 1
161 81 1
179 81 1
140 82 1
153 82 1
179 82 1
140 83 1
147 83 1
148 83 1
153 83 1
154 83 1
179 83 1
127 84 1
153 84 1
174 84 1
179 84 1
192 84 1
127 85 1
179 85 1
134 86 1
140 86 1
154 86 1
161 86 1
179 86 1
127 87 1
154 87 1
153 88 1
167 88 1
174 88 1
185 88 1
153 89 1
167 89 1
192 89 1
127 90 1
135 90 1
153 90 1
154 90 1
165 90 1
167 90 1
192 90 1
153 91 1
154 91 1
167 91 1
180 91 1
127 92 1
128 92 1
135 92 1
167 92 1
180 92 1
185 92 1
167 93 1
180 93 1
140 94 1
141 94 1
167 94 1
180 94 1
127 95 1
167 95 1
180 95 1
185 95 1
127 96 1
140 96 1
180 96 1
186 96 1
141 97 1
167 97 1
180 97 1
186 97 1
140 98 1
141 98 1
180 98 1
140 99 1
141 99 1
154 99 1
178 99 1
180 99 1
154 100 1
180 100 1
193 100 1
127 101 1
128 101 1
180 101 1
128 102 1
141 102 1
154 102 1
162 102 1
180 102 1
186 102 1
141 103 1
178 103 1
186 103 1
127 104 1
128 104 1
141 104 1
154 104 1
127 105 1
128 105 1
141 105 1
154 105 1
155 105 1
174 105 1
128 106 1
141 106 1
155 106 1
168 106 1
174 106 1
128 107 1
154 107 1
166 107 1
168 107 1
154 108 1
168 108 1
173 108 1
136 109 1
154 109 1
155 109 1
162 109 1
168 109 1
154 110 1
155 110 1
162 110 1
168 110 1
174 110 1
181 110 1
186 110 1
187 110 1
194 110 1
141 111 1
154 111 1
155 111 1
168 111 1
181 111 1
194 111 1
141 112 1
142 112 1
154 112 1
155 112 1
181 112 1
154 113 1
155 113 1
162 113 1
181 113 1
186 113 1
187 113 1
194 113 1
141 114 1
154 114 1
155 114 1
162 114 1
181 114 1
194 114 1
136 115 1
141 115 1
142 115 1
154 115 1
162 115 1
174 115 1
181 115 1
199 115 1
123 116 1
142 116 1
181 116 1
194 116 1
207 116 1
142 117 1
175 117 1
194 117 1
128 118 1
129 118 1
142 118 1
187 118 1
128 119 1
129 119 1
142 119 1
188 119 1
128 120 1
142 120 1
150 120 1
174 120 1
175 120 1
199 120 1
128 121 1
129 121 1
149 121 1
174 121 1
175 121 1
179 121 1
155 122 1
163 122 1
188 122 1
150 123 1
161 123 1
163 123 1
175 123 1
187 123 1
156 124 1
163 124 1
175 124 1
182 124 1
188 124 1
142 125 1
156 125 1
163 125 1
169 125 1
175 125 1
176 125 1
182 125 1
123 126 1
129 126 1
137 126 1
142 126 1
156 126 1
162 126 1
163 126 1
169 126 1
182 126 1
188 126 1
195 126 1
129 127 1
156 127 1
162 127 1
163 127 1
169 127 1
182 127 1
195 127 1
156 128 1
169 128 1
182 128 1
188 128 1
195 128 1
200 128 1
142 129 1
155 129 1
156 129 1
169 129 1
182 129 1
188 129 1
195 129 1
201 129 1
129 130 1
156 130 1
169 130 1
180 130 1
182 130 1
195 130 1
200 130 1
143 131 1
150 131 1
155 131 1
156 131 1
169 131 1
200 131 1
143 132 1
150 132 1
156 132 1
169 132 1
175 132 1
200 132 1
136 133 1
137 133 1
142 133 1
143 133 1
155 133 1
175 133 1
200 133 1
142 134 1
143 134 1
150 134 1
155 134 1
163 134 1
169 134 1
188 134 1
195 134 1
143 135 1
150 135 1
156 135 1
163 135 1
169 135 1
188 135 1
129 136 1
143 136 1
163 136 1
175 136 1
129 137 1
195 137 1
196 137 1
129 138 1
143 138 1
151 138 1
155 138 1
163 138 1
196 138 1
143 139 1
176 139 1
196 139 1
201 139 1
143 140 1
150 140 1
155 140 1
168 140 1
175 140 1
176 140 1
189 140 1
196 140 1
143 141 1
156 141 1
168 141 1
170 141 1
175 141 1
176 141 1
189 141 1
196 141 1
170 142 1
176 142 1
183 142 1
196 142 1
124 143 1
143 143 1
164 143 1
168 143 1
170 143 1
183 143 1
196 143 1
138 144 1
151 144 1
170 144 1
183 144 1
189 144 1
193 144 1
196 144 1
138 145 1
143 145 1
151 145 1
157 145 1
170 145 1
175 145 1
176 145 1
183 145 1
190 145 1
196 145 1
151 146 1
157 146 1
170 146 1
183 146 1
190 146 1
196 146 1
201 146 1
138 147 1
143 147 1
156 147 1
157 147 1
170 147 1
183 147 1
189 147 1
196 147 1
201 147 1
157 148 1
170 148 1
183 148 1
189 148 1
196 148 1
143 149 1
144 149 1
157 149 1
177 149 1
181 149 1
183 149 1
190 149 1
196 149 1
143 150 1
144 150 1
157 150 1
176 150 1
181 150 1
183 150 1
196 150 1
201 150 1
151 151 1
156 151 1
157 151 1
163 151 1
164 151 1
176 151 1
143 152 1
144 152 1
151 152 1
156 152 1
157 152 1
189 152 1
144 153 1
151 153 1
156 153 1
144 154 1
151 154 1
156 154 1
157 154 1
189 154 1
138 155 1
144 155 1
151 155 1
176 155 1
144 156 1
163 156 1
176 156 1
177 156 1
184 156 1
189 156 1
130 157 1
131 157 1
144 157 1
151 157 1
164 157 1
165 157 1
176 157 1
182 157 1
184 157 1
189 157 1
197 157 1
144 158 1
151 158 1
164 158 1
165 158 1
184 158 1
197 158 1
164 159 1
178 159 1
184 159 1
194 159 1
197 159 1
144 160 1
151 160 1
152 160 1
184 160 1
197 160 1
152 161 1
158 161 1
169 161 1
171 161 1
178 161 1
184 161 1
197 161 1
202 161 1
144 162 1
152 162 1
158 162 1
164 162 1
171 162 1
177 162 1
178 162 1
184 162 1
197 162 1
202 162 1
158 163 1
164 163 1
169 163 1
171 163 1
178 163 1
184 163 1
158 164 1
163 164 1
171 164 1
178 164 1
184 164 1
191 164 1
194 164 1
144 165 1
158 165 1
171 165 1
178 165 1
191 165 1
194 165 1
202 165 1
139 166 1
144 166 1
158 166 1
165 166 1
171 166 1
194 166 1
202 166 1
152 167 1
158 167 1
164 167 1
171 167 1
178 167 1
182 167 1
184 167 1
152 168 1
158 168 1
177 168 1
178 168 1
157 169 1
158 169 1
171 169 1
178 169 1
158 170 1
171 170 1
190 171 1
191 171 1
198 171 1
145 172 1
177 172 1
190 172 1
191 172 1
198 172 1
199 172 1
145 173 1
152 173 1
170 173 1
190 173 1
191 173 1
198 173 1
145 174 1
190 174 1
191 174 1
198 174 1
145 175 1
157 175 1
166 175 1
170 175 1
172 175 1
185 175 1
145 176 1
157 176 1
158 176 1
166 176 1
170 176 1
172 176 1
177 176 1
185 176 1
198 176 1
145 177 1
172 177 1
177 177 1
185 177 1
195 177 1
145 178 1
172 178 1
179 178 1
183 178 1
185 178 1
190 178 1
172 179 1
185 179 1
191 179 1
195 179 1
158 180 1
166 180 1
172 180 1
185 180 1
192 180 1
195 180 1
131 181 1
132 181 1
140 181 1
153 181 1
159 181 1
166 181 1
172 181 1
185 181 1
190 181 1
198 181 1
140 182 1
159 182 1
172 182 1
177 182 1
183 182 1
185 182 1
192 182 1
198 182 1
158 183 1
159 183 1
165 183 1
172 183 1
192 183 1
195 183 1
198 183 1
145 184 1
153 184 1
159 184 1
179 184 1
192 184 1
159 185 1
165 185 1
179 185 1
183 185 1
192 185 1
159 186 1
183 186 1
145 187 1
159 187 1
165 187 1
179 187 1
159 188 1
165 188 1
179 188 1
186 188 1
146 189 1
186 189 1
166 190 1
171 190 1
184 190 1
186 190 1
146 191 1
165 191 1
178 191 1
179 191 1
186 191 1
192 191 1
199 191 1
153 192 1
178 192 1
179 192 1
186 192 1
199 192 1
171 193 1
173 193 1
186 193 1
199 193 1
146 194 1
171 194 1
173 194 1
179 194 1
186 194 1
196 194 1
146 195 1
153 195 1
173 195 1
179 195 1
196 195 1
199 195 1
146 196 1
153 196 1
160 196 1
173 196 1
186 196 1
196 196 1
159 197 1
160 197 1
173 197 1
180 197 1
154 198 1
160 198 1
166 198 1
154 199 1
160 199 1
167 199 1
173 199 1
184 199 1
192 199 1
159 200 1
160 200 1
180 200 1
184 200 1
160 201 1
173 201 1
184 201 1
186 201 1
153 202 1
167 202 1
173 202 1
180 202 1
184 202 1
173 203 1
172 204 1
180 204 1
172 205 1
180 205 1
200 205 1
132 206 1
174 206 1
193 206 1
132 207 1
146 207 1
174 207 1
180 207 1
187 207 1
200 207 1
174 208 1
180 208 1
146 209 1
147 209 1
174 209 1
180 209 1
187 209 1
201 209 1
174 210 1
180 210 1
187 210 1
174 211 1
180 211 1
187 211 1
160 212 1
174 212 1
185 212 1
187 212 1
174 213 1
187 213 1
168 214 1
174 214 1
147 215 1
174 215 1
181 215 1
161 216 1
174 216 1
180 216 1
181 216 1
161 217 1
167 217 1
168 217 1
180 217 1
181 217 1
147 218 1
160 218 1
161 218 1
160 219 1
161 219 1
161 220 1
161 221 1
133 222 1
161 222 1
185 222 1
133 223 1
147 223 1
188 223 1
133 224 1
188 224 1
167 225 1
181 225 1
186 225 1
188 225 1
189 225 1
175 226 1
180 226 1
181 226 1
188 226 1
162 227 1
175 227 1
173 228 1
175 228 1
188 228 1
162 229 1
161 230 1
162 230 1
175 230 1
181 231 1
199 231 1
175 232 1
175 233 1
147 234 1
148 234 1
162 234 1
175 234 1
134 235 1
186 235 1
134 236 1
147 236 1
148 236 1
182 236 1
148 237 1
134 238 1
169 238 1
182 240 1
162 241 1
176 244 1
176 245 1
176 246 1
141 247 1
170 247 1
176 247 1
149 248 1
176 248 1
148 249 1
176 249 1
134 251 1
135 251 1
135 253 1
183 254 1
135 255 1
163 255 1
155 256 1
44 75 2
47 76 2
48 77 2
49 77 2
49 78 2
50 78 2
51 79 2
20 80 2
51 80 2
52 80 2
20 81 2
52 81 2
53 81 2
20 82 2
21 82 2
52 82 2
53 82 2
20 83 2
21 83 2
22 83 2
30 83 2
53 83 2
54 83 2
20 84 2
21 84 2
33 84 2
34 84 2
35 84 2
53 84 2
54 84 2
19 85 2
20 85 2
21 85 2
36 85 2
38 85 2
53 85 2
54 85 2
19 86 2
20 86 2
28 86 2
29 86 2
30 86 2
33 86 2
34 86 2
38 86 2
39 86 2
40 86 2
41 86 2
53 86 2
54 86 2
18 87 2
19 87 2
20 87 2
27 87 2
28 87 2
29 87 2
30 87 2
32 87 2
33 87 2
34 87 2
35 87 2
38 87 2
39 87 2
40 87 2
53 87 2
54 87 2
19 88 2
20 88 2
26 88 2
27 88 2
28 88 2
29 88 2
33 88 2
35 88 2
36 88 2
38 88 2
39 88 2
40 88 2
53 88 2
19 89 2
20 89 2
25 89 2
26 89 2
27 89 2
28 89 2
35 89 2
36 89 2
39 89 2
40 89 2
53 89 2
54 89 2
19 90 2
20 90 2
24 90 2
25 90 2
26 90 2
27 90 2
36 90 2
39 90 2
40 90 2
44 90 2
47 90 2
54 90 2
20 91 2
22 91 2
24 91 2
25 91 2
26 91 2
44 91 2
45 91 2
47 91 2
54 91 2
55 91 2
18 92 2
20 92 2
22 92 2
23 92 2
24 92 2
25 92 2
45 92 2
48 92 2
49 92 2
56 92 2
20 93 2
21 93 2
22 93 2
24 93 2
38 93 2
45 93 2
50 93 2
51 93 2
20 94 2
21 94 2
22 94 2
44 94 2
45 94 2
51 94 2
52 94 2
20 95 2
21 95 2
44 95 2
46 95 2
47 95 2
54 95 2
59 95 2
20 96 2
21 96 2
45 96 2
51 96 2
52 96 2
61 96 2
18 97 2
19 97 2
20 97 2
51 97 2
52 97 2
53 97 2
59 97 2
18 98 2
19 98 2
20 98 2
18 99 2
19 99 2
18 100 2
13 101 2
11 102 2
12 102 2
10 103 2
11 103 2
10 104 2
11 104 2
44 104 2
35 108 2
40 108 2
32 110 2
35 110 2
36 110 2
37 110 2
38 110 2
32 111 2
35 111 2
38 111 2
35 112 2
38 112 2
39 112 2
16 113 2
35 113 2
39 113 2
40 113 2
40 114 2
31 115 2
40 115 2
33 116 2
35 117 2
41 118 2
40 119 2
41 119 2
40 120 2
38 121 2
38 122 2
38 123 2
39 123 2
38 124 2
39 124 2
39 125 2
39 126 2
40 126 2
39 127 2
25 130 2
24 131 2
25 131 2
24 132 2
25 132 2
24 133 2
25 133 2
24 134 2
27 142 2
28 142 2
28 143 2
29 143 2
30 144 2
22 148 2
25 149 2
9 154 2
41 157 2
42 161 2
42 162 2
27 163 2
28 165 2
16 181 2
17 181 2
16 182 2
20 187 2
21 187 2
21 188 2
22 188 2
21 189 2
22 189 2
23 189 2
22 190 2
23 190 2
24 190 2
24 191 2
25 192 2
25 193 2
26 193 2
1 194 2
2 194 2
26 194 2
2 195 2
2 196 2
3 196 2
2 197 2
3 197 2
2 198 2
3 198 2
4 198 2
3 199 2
4 199 2
4 200 2
5 200 2
4 201 2
5 201 2
6 201 2
5 202 2
6 202 2
6 203 2
6 204 2
7 205 2
8 206 2
8 207 2
9 207 2
10 208 2
10 209 2
11 210 2
11 211 2
11 212 2
12 212 2
12 213 2
52 213 2
12 214 2
52 214 2
13 215 2
52 215 2
13 216 2
52 216 2
14 217 2
52 217 2
15 218 2
51 218 2
52 218 2
15 219 2
52 219 2
15 220 2
52 220 2
16 221 2
52 221 2
52 222 2
52 223 2
51 224 2
52 224 2
51 225 2
52 225 2
51 226 2
52 226 2
52 227 2
13 228 2
51 228 2
52 228 2
51 229 2
52 229 2
52 230 2
52 231 2
53 232 2
13 233 2
53 233 2
53 234 2
52 235 2
11 236 2
52 242 2
52 243 2
78 63 3
79 63 3
96 63 3
77 64 3
78 64 3
98 64 3
99 64 3
100 64 3
74 65 3
75 65 3
100 65 3
101 65 3
102 65 3
73 66 3
74 66 3
102 66 3
103 66 3
72 67 3
73 67 3
103 67 3
104 67 3
71 68 3
72 68 3
103 68 3
104 68 3
105 68 3
69 69 3
70 69 3
71 69 3
104 69 3
105 69 3
69 70 3
70 70 3
105 70 3
106 70 3
69 71 3
70 71 3
106 71 3
107 71 3
69 72 3
70 72 3
106 72 3
107 72 3
70 73 3
71 73 3
107 73 3
108 73 3
70 74 3
71 74 3
107 74 3
108 74 3
109 74 3
69 75 3
70 75 3
71 75 3
108 75 3
109 75 3
69 76 3
70 76 3
71 76 3
72 76 3
108 76 3
109 76 3
71 77 3
72 77 3
73 77 3
108 77 3
109 77 3
110 77 3
68 78 3
73 78 3
74 78 3
109 78 3
110 78 3
68 79 3
74 79 3
75 79 3
76 79 3
109 79 3
110 79 3
68 80 3
75 80 3
76 80 3
77 80 3
79 80 3
81 80 3
109 80 3
110 80 3
68 81 3
75 81 3
109 81 3
110 81 3
67 82 3
68 82 3
109 82 3
110 82 3
111 82 3
110 83 3
111 83 3
110 84 3
111 84 3
110 85 3
111 85 3
80 86 3
81 86 3
110 86 3
111 86 3
80 87 3
81 87 3
83 87 3
110 87 3
111 87 3
81 88 3
82 88 3
110 88 3
111 88 3
81 89 3
82 89 3
110 89 3
111 89 3
112 89 3
81 90 3
111 90 3
112 90 3
80 91 3
81 91 3
93 91 3
111 91 3
112 91 3
80 92 3
82 92 3
111 92 3
112 92 3
111 93 3
112 93 3
113 93 3
80 94 3
111 94 3
112 94 3
115 94 3
82 95 3
83 95 3
111 95 3
112 95 3
82 96 3
111 96 3
112 96 3
113 96 3
81 97 3
111 97 3
112 97 3
113 97 3
78 98 3
80 98 3
81 98 3
112 98 3
113 98 3
78 99 3
79 99 3
80 99 3
113 99 3
114 99 3
77 100 3
78 100 3
79 100 3
100 100 3
113 100 3
114 100 3
77 101 3
78 101 3
113 101 3
114 101 3
77 102 3
78 102 3
113 102 3
114 102 3
77 103 3
113 103 3
114 103 3
77 104 3
115 104 3
77 105 3
114 105 3
115 105 3
116 105 3
76 106 3
77 106 3
86 106 3
114 106 3
115 106 3
116 106 3
76 107 3
77 107 3
78 107 3
114 107 3
115 107 3
116 107 3
77 108 3
78 108 3
116 108 3
77 109 3
78 109 3
85 109 3
115 109 3
116 109 3
78 110 3
83 110 3
89 110 3
116 110 3
78 111 3
81 111 3
82 111 3
83 111 3
89 111 3
90 111 3
91 111 3
104 111 3
116 111 3
78 112 3
80 112 3
82 112 3
90 112 3
91 112 3
92 112 3
104 112 3
116 112 3
117 112 3
77 113 3
78 113 3
80 113 3
91 113 3
92 113 3
93 113 3
112 113 3
117 113 3
77 114 3
80 114 3
92 114 3
93 114 3
104 114 3
117 114 3
92 115 3
93 115 3
94 115 3
117 115 3
93 116 3
94 116 3
97 116 3
117 116 3
118 116 3
94 117 3
95 117 3
97 117 3
114 117 3
117 117 3
118 117 3
95 118 3
97 118 3
117 118 3
118 118 3
95 119 3
96 119 3
98 119 3
117 119 3
118 119 3
95 120 3
96 120 3
97 120 3
98 120 3
118 120 3
119 120 3
96 121 3
97 121 3
98 121 3
119 121 3
96 122 3
97 122 3
98 122 3
115 122 3
119 122 3
96 123 3
97 123 3
98 123 3
99 123 3
107 123 3
115 123 3
120 123 3
97 124 3
98 124 3
99 124 3
115 124 3
120 124 3
97 125 3
98 125 3
99 125 3
116 125 3
98 126 3
99 126 3
100 126 3
116 126 3
98 127 3
99 127 3
116 127 3
98 128 3
99 128 3
100 128 3
117 128 3
121 128 3
98 129 3
99 129 3
100 129 3
117 129 3
118 129 3
124 129 3
99 130 3
100 130 3
106 130 3
117 130 3
118 130 3
99 131 3
100 131 3
117 131 3
118 131 3
98 132 3
99 132 3
100 132 3
103 132 3
118 132 3
124 132 3
99 133 3
100 133 3
101 133 3
118 133 3
99 134 3
100 134 3
101 134 3
118 134 3
119 134 3
100 135 3
101 135 3
102 135 3
118 135 3
119 135 3
100 136 3
101 136 3
102 136 3
119 136 3
100 137 3
101 137 3
102 137 3
120 137 3
100 138 3
101 138 3
102 138 3
100 139 3
101 139 3
102 139 3
103 139 3
100 140 3
101 140 3
102 140 3
103 140 3
100 141 3
101 141 3
102 141 3
103 141 3
100 142 3
101 142 3
102 142 3
103 142 3
100 143 3
101 143 3
102 143 3
103 143 3
101 144 3
102 144 3
103 144 3
101 145 3
102 145 3
103 145 3
100 146 3
101 146 3
102 146 3
100 147 3
101 147 3
102 147 3
103 147 3
100 148 3
101 148 3
102 148 3
100 149 3
101 149 3
102 149 3
100 150 3
101 150 3
102 150 3
105 150 3
100 151 3
101 151 3
102 151 3
105 151 3
100 152 3
101 152 3
102 152 3
105 152 3
100 153 3
101 153 3
102 153 3
104 153 3
100 154 3
101 154 3
102 154 3
104 154 3
105 154 3
100 155 3
101 155 3
102 155 3
104 155 3
105 155 3
99 156 3
100 156 3
102 156 3
104 156 3
99 157 3
104 157 3
99 158 3
102 158 3
103 158 3
104 158 3
101 159 3
102 159 3
103 159 3
104 159 3
101 160 3
103 160 3
101 161 3
102 161 3
103 161 3
100 162 3
103 162 3
100 163 3
101 163 3
110 163 3
116 163 3
105 164 3
106 164 3
108 166 3
109 166 3
110 166 3
107 167 3
108 167 3
109 167 3
110 167 3
107 168 3
108 168 3
109 168 3
110 168 3
108 169 3
109 169 3
108 170 3
109 170 3
110 170 3
108 171 3
109 171 3
110 171 3
109 172 3
110 172 3
111 172 3
79 173 3
110 173 3
111 173 3
80 174 3
110 174 3
111 174 3
110 175 3
111 175 3
110 176 3
111 176 3
110 177 3
111 177 3
110 178 3
111 178 3
110 179 3
111 179 3
110 180 3
111 180 3
124 180 3
110 181 3
111 181 3
123 181 3
110 182 3
109 183 3
110 183 3
110 184 3
110 185 3
132 185 3
110 186 3
130 186 3
131 186 3
110 187 3
111 187 3
129 187 3
110 188 3
111 188 3
127 188 3
128 188 3
110 189 3
111 189 3
126 189 3
127 189 3
110 190 3
111 190 3
126 190 3
110 191 3
111 191 3
110 192 3
111 192 3
123 192 3
110 193 3
111 193 3
122 193 3
109 194 3
110 194 3
120 194 3
109 195 3
110 195 3
119 195 3
108 196 3
109 196 3
106 197 3
107 197 3
108 197 3
105 198 3
108 198 3
113 199 3
97 201 3
94 202 3
117 207 3
118 207 3
120 207 3
111 208 3
117 208 3
118 208 3
123 208 3
111 209 3
116 209 3
117 209 3
118 209 3
128 209 3
117 210 3
128 210 3
116 211 3
117 211 3
124 211 3
128 211 3
86 212 3
116 212 3
117 212 3
120 212 3
121 212 3
122 212 3
123 212 3
128 212 3
117 213 3
122 213 3
123 213 3
127 213 3
116 214 3
123 214 3
127 214 3
128 214 3
116 215 3
123 215 3
124 215 3
127 215 3
116 216 3
121 216 3
123 216 3
124 216 3
127 216 3
116 217 3
121 217 3
123 217 3
124 217 3
121 218 3
123 218 3
124 218 3
121 219 3
123 219 3
124 219 3
120 220 3
124 220 3
127 222 3
116 223 3
115 226 3
121 226 3
115 227 3
115 228 3
115 229 3
115 231 3
114 235 3
115 235 3
114 236 3
114 237 3
114 238 3
113 239 3
115 249 3
