287 15 0
239 18 0
263 19 0
239 20 0
255 20 0
300 20 0
243 21 0
219 22 0
276 22 0
268 23 0
287 23 0
103 24 0
177 24 0
190 24 0
194 24 0
228 24 0
264 24 0
276 24 0
311 24 0
327 24 0
335 24 0
151 25 0
256 25 0
264 25 0
335 25 0
130 26 0
177 26 0
203 26 0
207 26 0
212 26 0
240 26 0
252 26 0
42 27 0
152 27 0
181 27 0
190 27 0
207 27 0
227 27 0
228 27 0
232 27 0
240 27 0
252 27 0
264 27 0
312 27 0
139 28 0
215 28 0
252 28 0
139 29 0
152 29 0
164 29 0
165 29 0
215 29 0
216 29 0
268 29 0
301 29 0
312 29 0
336 29 0
68 30 0
126 30 0
139 30 0
152 30 0
164 30 0
165 30 0
169 30 0
228 30 0
240 30 0
244 30 0
256 30 0
289 30 0
305 30 0
99 31 0
126 31 0
177 31 0
191 31 0
220 31 0
244 31 0
257 31 0
269 31 0
289 31 0
292 31 0
293 31 0
324 31 0
178 32 0
191 32 0
203 32 0
253 32 0
257 32 0
264 32 0
16 33 0
113 33 0
152 33 0
153 33 0
178 33 0
191 33 0
277 33 0
313 33 0
165 34 0
191 34 0
216 34 0
228 34 0
265 34 0
325 34 0
140 35 0
152 35 0
153 35 0
165 35 0
178 35 0
216 35 0
229 35 0
253 35 0
278 35 0
153 36 0
178 36 0
216 36 0
153 37 0
165 37 0
216 37 0
290 37 0
302 37 0
139 38 0
140 38 0
153 38 0
202 38 0
216 38 0
253 38 0
140 39 0
153 39 0
278 39 0
306 39 0
326 39 0
127 40 0
153 40 0
196 40 0
153 41 0
166 41 0
192 41 0
266 41 0
153 42 0
166 42 0
254 42 0
303 42 0
153 43 0
179 43 0
192 43 0
266 43 0
192 44 0
204 44 0
217 44 0
254 44 0
266 44 0
303 44 0
217 45 0
174 46 0
255 46 0
154 49 0
205 49 0
260 49 0
303 49 0
304 49 0
193 50 0
205 50 0
267 50 0
269 50 0
304 50 0
339 50 0
205 51 0
218 51 0
269 51 0
292 51 0
339 51 0
154 52 0
205 52 0
218 52 0
259 52 0
263 52 0
267 52 0
292 52 0
308 52 0
167 53 0
205 53 0
231 53 0
259 53 0
275 53 0
339 53 0
340 53 0
258 54 0
259 54 0
268 54 0
269 54 0
275 54 0
284 54 0
180 55 0
258 55 0
268 55 0
269 55 0
305 55 0
167 56 0
180 56 0
210 56 0
269 56 0
282 56 0
167 57 0
247 57 0
253 57 0
258 57 0
259 57 0
261 57 0
269 57 0
154 58 0
231 58 0
270 58 0
285 58 0
308 58 0
309 58 0
180 59 0
206 59 0
253 59 0
266 59 0
309 59 0
180 60 0
206 60 0
211 60 0
218 60 0
219 60 0
251 60 0
258 60 0
261 60 0
262 60 0
269 60 0
341 60 0
193 61 0
194 61 0
206 61 0
211 61 0
254 61 0
276 61 0
305 61 0
340 61 0
206 62 0
270 62 0
283 62 0
305 62 0
174 63 0
186 63 0
259 63 0
260 63 0
270 63 0
283 63 0
293 63 0
309 63 0
310 63 0
155 64 0
232 64 0
258 64 0
259 64 0
265 64 0
266 64 0
297 64 0
306 64 0
331 64 0
341 64 0
168 65 0
232 65 0
265 65 0
266 65 0
297 65 0
310 65 0
333 65 0
168 66 0
181 66 0
230 66 0
265 66 0
266 66 0
268 66 0
269 66 0
318 66 0
341 66 0
155 67 0
207 67 0
219 67 0
220 67 0
228 67 0
258 67 0
265 67 0
266 67 0
294 67 0
318 67 0
155 68 0
167 68 0
168 68 0
181 68 0
207 68 0
219 68 0
228 68 0
256 68 0
259 68 0
269 68 0
283 68 0
294 68 0
318 68 0
181 69 0
207 69 0
265 69 0
267 69 0
307 69 0
342 69 0
194 70 0
195 70 0
256 70 0
267 70 0
276 70 0
307 70 0
155 71 0
156 71 0
194 71 0
195 71 0
207 71 0
212 71 0
267 71 0
269 71 0
283 71 0
284 71 0
307 71 0
243 72 0
267 72 0
307 72 0
180 73 0
194 73 0
233 73 0
257 73 0
298 73 0
156 74 0
220 74 0
256 74 0
266 74 0
273 74 0
283 74 0
257 75 0
295 75 0
220 76 0
237 76 0
257 76 0
295 76 0
331 76 0
156 77 0
182 77 0
207 77 0
208 77 0
213 77 0
220 77 0
257 77 0
274 77 0
323 77 0
331 77 0
156 78 0
182 78 0
208 78 0
213 78 0
220 78 0
234 78 0
273 78 0
274 78 0
311 78 0
176 79 0
182 79 0
257 79 0
283 79 0
284 79 0
308 79 0
169 80 0
182 80 0
234 80 0
284 80 0
308 80 0
320 80 0
335 80 0
169 81 0
221 81 0
234 81 0
284 81 0
287 81 0
296 81 0
299 81 0
195 82 0
196 82 0
221 82 0
259 82 0
332 82 0
143 83 0
169 83 0
195 83 0
221 83 0
275 83 0
332 83 0
181 84 0
221 84 0
181 85 0
209 85 0
271 85 0
309 85 0
332 85 0
157 86 0
177 86 0
208 86 0
209 86 0
263 86 0
309 86 0
332 86 0
157 87 0
235 87 0
251 87 0
276 87 0
169 88 0
183 88 0
189 88 0
260 88 0
309 88 0
320 88 0
321 88 0
333 88 0
169 89 0
170 89 0
178 89 0
183 89 0
214 89 0
284 89 0
288 89 0
157 90 0
170 90 0
183 90 0
196 90 0
222 90 0
276 90 0
284 90 0
297 90 0
321 90 0
333 90 0
157 91 0
183 91 0
196 91 0
260 91 0
297 91 0
157 92 0
170 92 0
183 92 0
196 92 0
313 92 0
334 92 0
170 93 0
264 93 0
272 93 0
289 93 0
157 94 0
182 94 0
209 94 0
210 94 0
222 94 0
235 94 0
236 94 0
272 94 0
277 94 0
337 94 0
157 95 0
209 95 0
210 95 0
227 95 0
235 95 0
236 95 0
239 95 0
285 95 0
297 95 0
298 95 0
337 95 0
164 96 0
170 96 0
310 96 0
326 96 0
170 97 0
261 97 0
298 97 0
326 97 0
178 98 0
184 98 0
209 98 0
223 98 0
273 98 0
158 99 0
184 99 0
223 99 0
261 99 0
273 99 0
310 99 0
311 99 0
334 99 0
170 100 0
184 100 0
197 100 0
261 100 0
273 100 0
290 100 0
158 101 0
184 101 0
197 101 0
223 101 0
265 101 0
273 101 0
286 101 0
171 102 0
197 102 0
273 102 0
323 102 0
339 102 0
158 103 0
171 103 0
184 103 0
262 103 0
273 103 0
158 104 0
171 104 0
190 104 0
210 104 0
211 104 0
228 104 0
286 104 0
323 104 0
166 105 0
171 105 0
210 105 0
265 105 0
299 105 0
327 105 0
171 106 0
216 106 0
262 106 0
266 106 0
336 106 0
210 107 0
224 107 0
262 107 0
274 107 0
312 107 0
179 108 0
312 108 0
324 108 0
274 109 0
287 109 0
300 109 0
324 109 0
171 110 0
183 110 0
198 110 0
274 110 0
287 110 0
300 110 0
324 110 0
185 111 0
198 111 0
224 111 0
229 111 0
237 111 0
238 111 0
274 111 0
185 112 0
229 112 0
237 112 0
159 113 0
185 113 0
204 113 0
211 113 0
229 113 0
303 113 0
304 113 0
172 114 0
211 114 0
250 114 0
337 114 0
172 115 0
185 115 0
225 115 0
250 115 0
275 115 0
328 115 0
172 116 0
185 116 0
275 116 0
313 116 0
325 116 0
328 116 0
172 117 0
179 117 0
180 117 0
211 117 0
275 117 0
292 117 0
325 117 0
328 117 0
166 118 0
172 118 0
211 118 0
225 118 0
275 118 0
288 118 0
301 118 0
180 119 0
225 119 0
301 119 0
341 119 0
180 120 0
263 120 0
264 120 0
301 120 0
305 120 0
325 120 0
341 120 0
186 121 0
199 121 0
205 121 0
288 121 0
338 121 0
186 122 0
199 122 0
212 122 0
288 122 0
301 122 0
329 122 0
186 123 0
212 123 0
230 123 0
314 123 0
329 123 0
186 124 0
199 124 0
212 124 0
318 124 0
326 124 0
199 125 0
212 125 0
226 125 0
251 125 0
318 125 0
326 125 0
217 126 0
218 126 0
289 126 0
290 126 0
302 126 0
314 126 0
173 127 0
293 127 0
302 127 0
173 128 0
212 128 0
302 128 0
326 128 0
226 129 0
231 129 0
302 129 0
318 129 0
173 130 0
231 130 0
160 131 0
231 131 0
306 131 0
315 131 0
160 132 0
277 132 0
315 132 0
160 133 0
187 133 0
200 133 0
206 133 0
231 133 0
315 133 0
187 134 0
200 134 0
227 134 0
328 134 0
160 135 0
187 135 0
200 135 0
218 135 0
227 135 0
294 135 0
160 136 0
174 136 0
187 136 0
213 136 0
291 136 0
303 136 0
315 136 0
187 137 0
213 137 0
303 137 0
174 138 0
187 138 0
213 138 0
227 138 0
174 139 0
186 139 0
307 139 0
161 140 0
307 140 0
182 141 0
161 142 0
174 142 0
161 143 0
194 143 0
201 143 0
161 144 0
188 144 0
329 144 0
174 145 0
201 145 0
214 145 0
292 145 0
188 146 0
201 146 0
214 146 0
304 146 0
305 146 0
188 147 0
201 147 0
168 148 0
188 148 0
329 148 0
175 149 0
188 149 0
214 149 0
175 150 0
175 151 0
194 151 0
194 152 0
202 153 0
162 154 0
187 154 0
202 154 0
162 155 0
202 155 0
189 156 0
202 156 0
189 157 0
293 157 0
175 158 0
182 158 0
189 158 0
176 160 0
331 160 0
176 162 0
176 163 0
176 164 0
190 166 0
182 168 0
190 168 0
308 169 0
190 170 0
308 170 0
217 172 0
176 173 0
190 174 0
217 174 0
176 175 0
177 175 0
177 178 0
204 179 0
196 180 0
191 182 0
191 184 0
178 189 0
178 190 0
206 192 0
192 193 0
192 196 0
192 197 0
178 198 0
206 198 0
179 204 0
194 211 0
200 212 0
194 213 0
221 215 0
200 219 0
195 223 0
195 224 0
35 82 1
40 82 1
41 82 1
42 82 1
35 83 1
38 83 1
42 83 1
43 83 1
44 83 1
45 83 1
39 84 1
42 84 1
43 84 1
44 84 1
45 84 1
46 84 1
19 85 1
44 85 1
45 85 1
46 85 1
47 85 1
48 85 1
46 86 1
47 86 1
48 86 1
49 86 1
17 87 1
19 87 1
21 87 1
47 87 1
48 87 1
49 87 1
50 87 1
18 88 1
19 88 1
49 88 1
50 88 1
51 88 1
52 88 1
18 89 1
19 89 1
20 89 1
50 89 1
51 89 1
52 89 1
15 90 1
16 90 1
17 90 1
18 90 1
19 90 1
51 90 1
52 90 1
53 90 1
54 90 1
15 91 1
16 91 1
17 91 1
52 91 1
53 91 1
54 91 1
55 91 1
13 92 1
14 92 1
15 92 1
16 92 1
17 92 1
52 92 1
53 92 1
54 92 1
55 92 1
13 93 1
14 93 1
15 93 1
16 93 1
17 93 1
53 93 1
54 93 1
55 93 1
12 94 1
13 94 1
14 94 1
15 94 1
53 94 1
54 94 1
55 94 1
56 94 1
12 95 1
13 95 1
14 95 1
15 95 1
54 95 1
55 95 1
56 95 1
12 96 1
13 96 1
14 96 1
15 96 1
55 96 1
56 96 1
12 97 1
13 97 1
14 97 1
15 97 1
55 97 1
56 97 1
57 97 1
13 98 1
14 98 1
15 98 1
55 98 1
56 98 1
57 98 1
13 99 1
14 99 1
15 99 1
55 99 1
56 99 1
57 99 1
58 99 1
13 100 1
14 100 1
15 100 1
16 100 1
56 100 1
57 100 1
58 100 1
13 101 1
14 101 1
15 101 1
16 101 1
56 101 1
57 101 1
58 101 1
13 102 1
14 102 1
15 102 1
16 102 1
17 102 1
20 102 1
57 102 1
58 102 1
59 102 1
15 103 1
16 103 1
17 103 1
20 103 1
21 103 1
22 103 1
57 103 1
58 103 1
59 103 1
16 104 1
17 104 1
18 104 1
21 104 1
22 104 1
57 104 1
58 104 1
59 104 1
17 105 1
18 105 1
21 105 1
22 105 1
58 105 1
59 105 1
17 106 1
18 106 1
19 106 1
20 106 1
21 106 1
22 106 1
58 106 1
59 106 1
60 106 1
18 107 1
19 107 1
20 107 1
21 107 1
22 107 1
58 107 1
59 107 1
60 107 1
18 108 1
19 108 1
20 108 1
21 108 1
22 108 1
23 108 1
58 108 1
59 108 1
60 108 1
20 109 1
21 109 1
22 109 1
23 109 1
59 109 1
60 109 1
61 109 1
21 110 1
22 110 1
23 110 1
59 110 1
60 110 1
61 110 1
21 111 1
22 111 1
23 111 1
59 111 1
60 111 1
61 111 1
62 111 1
21 112 1
22 112 1
23 112 1
25 112 1
59 112 1
60 112 1
61 112 1
62 112 1
21 113 1
22 113 1
23 113 1
59 113 1
60 113 1
61 113 1
62 113 1
21 114 1
22 114 1
23 114 1
24 114 1
60 114 1
61 114 1
62 114 1
22 115 1
23 115 1
24 115 1
25 115 1
60 115 1
61 115 1
62 115 1
63 115 1
22 116 1
23 116 1
24 116 1
25 116 1
45 116 1
46 116 1
60 116 1
61 116 1
63 116 1
12 117 1
21 117 1
22 117 1
23 117 1
24 117 1
25 117 1
45 117 1
46 117 1
60 117 1
61 117 1
62 117 1
63 117 1
21 118 1
22 118 1
25 118 1
45 118 1
46 118 1
61 118 1
62 118 1
63 118 1
64 118 1
21 119 1
22 119 1
23 119 1
26 119 1
27 119 1
46 119 1
61 119 1
62 119 1
63 119 1
64 119 1
22 120 1
23 120 1
46 120 1
61 120 1
62 120 1
64 120 1
65 120 1
22 121 1
23 121 1
46 121 1
62 121 1
65 121 1
21 122 1
22 122 1
23 122 1
46 122 1
47 122 1
62 122 1
63 122 1
21 123 1
22 123 1
23 123 1
47 123 1
62 123 1
63 123 1
64 123 1
21 124 1
22 124 1
63 124 1
64 124 1
65 124 1
21 125 1
22 125 1
31 125 1
63 125 1
64 125 1
20 126 1
21 126 1
22 126 1
31 126 1
63 126 1
64 126 1
65 126 1
21 127 1
41 127 1
64 127 1
65 127 1
66 127 1
21 128 1
33 128 1
41 128 1
58 128 1
64 128 1
65 128 1
66 128 1
21 129 1
32 129 1
33 129 1
34 129 1
41 129 1
42 129 1
58 129 1
64 129 1
65 129 1
66 129 1
67 129 1
28 130 1
32 130 1
34 130 1
41 130 1
42 130 1
58 130 1
65 130 1
66 130 1
67 130 1
27 131 1
28 131 1
29 131 1
34 131 1
35 131 1
41 131 1
42 131 1
49 131 1
58 131 1
65 131 1
66 131 1
67 131 1
27 132 1
28 132 1
29 132 1
30 132 1
31 132 1
34 132 1
35 132 1
36 132 1
42 132 1
49 132 1
59 132 1
67 132 1
68 132 1
69 132 1
28 133 1
29 133 1
30 133 1
31 133 1
34 133 1
35 133 1
36 133 1
42 133 1
50 133 1
59 133 1
67 133 1
68 133 1
28 134 1
29 134 1
30 134 1
31 134 1
32 134 1
34 134 1
36 134 1
37 134 1
42 134 1
43 134 1
50 134 1
66 134 1
67 134 1
68 134 1
27 135 1
29 135 1
30 135 1
31 135 1
32 135 1
35 135 1
36 135 1
37 135 1
38 135 1
43 135 1
44 135 1
50 135 1
51 135 1
61 135 1
66 135 1
67 135 1
68 135 1
69 135 1
31 136 1
32 136 1
33 136 1
35 136 1
37 136 1
38 136 1
43 136 1
50 136 1
51 136 1
68 136 1
69 136 1
32 137 1
33 137 1
34 137 1
37 137 1
38 137 1
39 137 1
43 137 1
51 137 1
68 137 1
69 137 1
32 138 1
33 138 1
34 138 1
38 138 1
39 138 1
40 138 1
43 138 1
44 138 1
51 138 1
68 138 1
69 138 1
70 138 1
33 139 1
34 139 1
35 139 1
39 139 1
40 139 1
44 139 1
52 139 1
68 139 1
69 139 1
70 139 1
71 139 1
33 140 1
34 140 1
35 140 1
39 140 1
40 140 1
41 140 1
44 140 1
51 140 1
52 140 1
69 140 1
71 140 1
34 141 1
35 141 1
36 141 1
39 141 1
40 141 1
41 141 1
44 141 1
45 141 1
52 141 1
53 141 1
71 141 1
72 141 1
9 142 1
34 142 1
35 142 1
36 142 1
40 142 1
41 142 1
42 142 1
52 142 1
53 142 1
71 142 1
72 142 1
9 143 1
35 143 1
36 143 1
37 143 1
40 143 1
41 143 1
42 143 1
52 143 1
53 143 1
72 143 1
73 143 1
8 144 1
9 144 1
35 144 1
36 144 1
37 144 1
41 144 1
42 144 1
43 144 1
52 144 1
53 144 1
72 144 1
73 144 1
8 145 1
9 145 1
35 145 1
36 145 1
37 145 1
38 145 1
41 145 1
42 145 1
43 145 1
73 145 1
8 146 1
9 146 1
36 146 1
37 146 1
38 146 1
41 146 1
42 146 1
43 146 1
53 146 1
76 146 1
8 147 1
9 147 1
37 147 1
38 147 1
39 147 1
42 147 1
43 147 1
44 147 1
53 147 1
54 147 1
74 147 1
75 147 1
8 148 1
9 148 1
38 148 1
39 148 1
42 148 1
43 148 1
44 148 1
45 148 1
54 148 1
74 148 1
8 149 1
9 149 1
38 149 1
39 149 1
42 149 1
43 149 1
44 149 1
45 149 1
52 149 1
54 149 1
55 149 1
74 149 1
9 150 1
10 150 1
39 150 1
43 150 1
44 150 1
45 150 1
54 150 1
55 150 1
75 150 1
9 151 1
10 151 1
39 151 1
40 151 1
43 151 1
44 151 1
45 151 1
54 151 1
55 151 1
75 151 1
76 151 1
9 152 1
10 152 1
39 152 1
40 152 1
43 152 1
44 152 1
45 152 1
46 152 1
55 152 1
74 152 1
76 152 1
9 153 1
10 153 1
40 153 1
43 153 1
44 153 1
45 153 1
46 153 1
47 153 1
55 153 1
77 153 1
90 153 1
91 153 1
10 154 1
11 154 1
43 154 1
44 154 1
45 154 1
46 154 1
47 154 1
55 154 1
75 154 1
77 154 1
90 154 1
91 154 1
10 155 1
11 155 1
43 155 1
44 155 1
45 155 1
46 155 1
53 155 1
54 155 1
91 155 1
92 155 1
10 156 1
11 156 1
43 156 1
44 156 1
45 156 1
46 156 1
47 156 1
77 156 1
92 156 1
10 157 1
11 157 1
44 157 1
45 157 1
46 157 1
47 157 1
92 157 1
93 157 1
11 158 1
44 158 1
45 158 1
46 158 1
47 158 1
54 158 1
55 158 1
93 158 1
94 158 1
11 159 1
45 159 1
46 159 1
47 159 1
48 159 1
93 159 1
94 159 1
11 160 1
12 160 1
45 160 1
46 160 1
47 160 1
48 160 1
93 160 1
94 160 1
95 160 1
11 161 1
12 161 1
45 161 1
46 161 1
47 161 1
48 161 1
95 161 1
96 161 1
11 162 1
12 162 1
13 162 1
45 162 1
46 162 1
47 162 1
48 162 1
95 162 1
96 162 1
11 163 1
12 163 1
46 163 1
47 163 1
48 163 1
96 163 1
97 163 1
11 164 1
12 164 1
46 164 1
47 164 1
48 164 1
52 164 1
75 164 1
96 164 1
97 164 1
98 164 1
11 165 1
12 165 1
13 165 1
45 165 1
46 165 1
47 165 1
48 165 1
52 165 1
53 165 1
75 165 1
76 165 1
97 165 1
98 165 1
12 166 1
13 166 1
17 166 1
45 166 1
46 166 1
47 166 1
48 166 1
52 166 1
53 166 1
97 166 1
98 166 1
99 166 1
12 167 1
13 167 1
45 167 1
46 167 1
47 167 1
48 167 1
52 167 1
53 167 1
98 167 1
99 167 1
12 168 1
13 168 1
45 168 1
46 168 1
47 168 1
48 168 1
53 168 1
54 168 1
99 168 1
100 168 1
13 169 1
15 169 1
44 169 1
45 169 1
46 169 1
47 169 1
48 169 1
52 169 1
53 169 1
54 169 1
99 169 1
100 169 1
13 170 1
14 170 1
44 170 1
45 170 1
46 170 1
47 170 1
48 170 1
52 170 1
53 170 1
55 170 1
100 170 1
13 171 1
16 171 1
44 171 1
45 171 1
47 171 1
48 171 1
52 171 1
53 171 1
100 171 1
101 171 1
15 172 1
44 172 1
47 172 1
48 172 1
53 172 1
54 172 1
58 172 1
101 172 1
15 173 1
44 173 1
46 173 1
47 173 1
48 173 1
53 173 1
54 173 1
101 173 1
102 173 1
45 174 1
46 174 1
47 174 1
48 174 1
53 174 1
54 174 1
56 174 1
102 174 1
103 174 1
14 175 1
45 175 1
46 175 1
47 175 1
48 175 1
53 175 1
54 175 1
55 175 1
102 175 1
103 175 1
14 176 1
19 176 1
22 176 1
45 176 1
46 176 1
47 176 1
53 176 1
54 176 1
55 176 1
103 176 1
104 176 1
14 177 1
15 177 1
20 177 1
45 177 1
46 177 1
47 177 1
52 177 1
53 177 1
54 177 1
55 177 1
104 177 1
14 178 1
15 178 1
45 178 1
46 178 1
52 178 1
53 178 1
54 178 1
55 178 1
66 178 1
104 178 1
105 178 1
14 179 1
15 179 1
47 179 1
51 179 1
52 179 1
53 179 1
54 179 1
55 179 1
105 179 1
15 180 1
22 180 1
47 180 1
51 180 1
52 180 1
53 180 1
54 180 1
55 180 1
67 180 1
105 180 1
106 180 1
15 181 1
51 181 1
52 181 1
53 181 1
54 181 1
55 181 1
61 181 1
67 181 1
106 181 1
15 182 1
17 182 1
50 182 1
51 182 1
52 182 1
53 182 1
54 182 1
55 182 1
56 182 1
67 182 1
106 182 1
107 182 1
15 183 1
50 183 1
51 183 1
52 183 1
53 183 1
54 183 1
55 183 1
56 183 1
57 183 1
67 183 1
106 183 1
107 183 1
15 184 1
51 184 1
52 184 1
53 184 1
54 184 1
55 184 1
56 184 1
57 184 1
67 184 1
68 184 1
107 184 1
15 185 1
52 185 1
54 185 1
55 185 1
56 185 1
57 185 1
58 185 1
65 185 1
66 185 1
67 185 1
68 185 1
107 185 1
108 185 1
109 185 1
15 186 1
52 186 1
53 186 1
56 186 1
57 186 1
58 186 1
59 186 1
65 186 1
66 186 1
67 186 1
68 186 1
107 186 1
108 186 1
109 186 1
53 187 1
55 187 1
56 187 1
57 187 1
58 187 1
60 187 1
65 187 1
66 187 1
67 187 1
68 187 1
107 187 1
108 187 1
17 188 1
18 188 1
54 188 1
55 188 1
56 188 1
57 188 1
59 188 1
61 188 1
65 188 1
66 188 1
67 188 1
68 188 1
108 188 1
109 188 1
17 189 1
18 189 1
54 189 1
55 189 1
56 189 1
57 189 1
66 189 1
67 189 1
68 189 1
108 189 1
17 190 1
57 190 1
58 190 1
66 190 1
67 190 1
68 190 1
108 190 1
16 191 1
17 191 1
58 191 1
65 191 1
66 191 1
67 191 1
68 191 1
16 192 1
17 192 1
65 192 1
66 192 1
67 192 1
68 192 1
65 193 1
66 193 1
67 193 1
68 193 1
17 194 1
65 194 1
66 194 1
67 194 1
68 194 1
18 195 1
65 195 1
66 195 1
67 195 1
68 195 1
65 196 1
66 196 1
67 196 1
65 197 1
66 197 1
67 197 1
64 198 1
65 198 1
66 198 1
67 198 1
64 199 1
65 199 1
66 199 1
67 199 1
21 200 1
64 200 1
65 200 1
66 200 1
67 200 1
64 201 1
65 201 1
66 201 1
67 201 1
21 202 1
64 202 1
65 202 1
66 202 1
64 203 1
65 203 1
66 203 1
89 203 1
20 204 1
21 204 1
64 204 1
65 204 1
66 204 1
21 205 1
64 205 1
65 205 1
66 205 1
22 206 1
65 206 1
66 206 1
21 207 1
65 207 1
66 207 1
9 208 1
21 208 1
66 208 1
58 209 1
59 209 1
60 209 1
21 210 1
59 210 1
60 210 1
10 211 1
12 211 1
21 211 1
59 211 1
60 211 1
61 211 1
9 212 1
10 212 1
12 212 1
57 212 1
59 212 1
60 212 1
61 212 1
10 213 1
11 213 1
21 213 1
59 213 1
60 213 1
61 213 1
62 213 1
10 214 1
11 214 1
21 214 1
58 214 1
59 214 1
60 214 1
61 214 1
62 214 1
63 214 1
10 215 1
11 215 1
12 215 1
61 215 1
62 215 1
10 216 1
11 216 1
12 216 1
22 216 1
48 216 1
61 216 1
62 216 1
63 216 1
64 216 1
11 217 1
12 217 1
22 217 1
48 217 1
61 217 1
62 217 1
63 217 1
11 218 1
12 218 1
47 218 1
48 218 1
56 218 1
11 219 1
12 219 1
47 219 1
48 219 1
11 220 1
12 220 1
47 220 1
48 220 1
54 220 1
11 221 1
12 221 1
22 221 1
47 221 1
48 221 1
67 221 1
11 222 1
12 222 1
13 222 1
47 222 1
48 222 1
67 222 1
11 223 1
12 223 1
13 223 1
48 223 1
67 223 1
68 223 1
72 223 1
73 223 1
11 224 1
12 224 1
22 224 1
23 224 1
48 224 1
72 224 1
11 225 1
13 225 1
21 225 1
22 225 1
23 225 1
48 225 1
68 225 1
10 226 1
11 226 1
14 226 1
21 226 1
22 226 1
23 226 1
48 226 1
49 226 1
10 227 1
21 227 1
22 227 1
23 227 1
47 227 1
48 227 1
49 227 1
69 227 1
10 228 1
21 228 1
22 228 1
23 228 1
24 228 1
47 228 1
48 228 1
49 228 1
70 228 1
74 228 1
10 229 1
21 229 1
22 229 1
23 229 1
24 229 1
47 229 1
48 229 1
49 229 1
50 229 1
70 229 1
76 229 1
10 230 1
21 230 1
22 230 1
23 230 1
48 230 1
49 230 1
70 230 1
71 230 1
75 230 1
76 230 1
9 231 1
10 231 1
21 231 1
22 231 1
23 231 1
48 231 1
49 231 1
70 231 1
71 231 1
77 231 1
78 231 1
9 232 1
22 232 1
23 232 1
24 232 1
48 232 1
49 232 1
70 232 1
71 232 1
72 232 1
73 232 1
77 232 1
78 232 1
9 233 1
22 233 1
23 233 1
24 233 1
48 233 1
49 233 1
71 233 1
72 233 1
9 234 1
10 234 1
22 234 1
23 234 1
24 234 1
49 234 1
71 234 1
72 234 1
9 235 1
22 235 1
23 235 1
25 235 1
48 235 1
49 235 1
50 235 1
72 235 1
9 236 1
22 236 1
23 236 1
24 236 1
25 236 1
48 236 1
49 236 1
72 236 1
73 236 1
9 237 1
10 237 1
22 237 1
23 237 1
24 237 1
48 237 1
49 237 1
73 237 1
9 238 1
10 238 1
22 238 1
23 238 1
24 238 1
25 238 1
48 238 1
49 238 1
73 238 1
10 239 1
23 239 1
24 239 1
48 239 1
49 239 1
73 239 1
9 240 1
10 240 1
23 240 1
24 240 1
27 240 1
48 240 1
49 240 1
50 240 1
10 241 1
23 241 1
24 241 1
49 241 1
10 242 1
23 242 1
24 242 1
25 242 1
26 242 1
48 242 1
49 242 1
50 242 1
10 243 1
23 243 1
24 243 1
26 243 1
48 243 1
49 243 1
50 243 1
23 244 1
24 244 1
29 244 1
49 244 1
23 245 1
24 245 1
25 245 1
29 245 1
49 245 1
50 245 1
7 246 1
24 246 1
27 246 1
49 246 1
50 246 1
24 247 1
25 247 1
26 247 1
49 247 1
24 248 1
25 248 1
49 248 1
50 248 1
24 249 1
27 249 1
32 249 1
49 249 1
50 249 1
24 250 1
25 250 1
49 250 1
24 251 1
25 251 1
49 251 1
60 251 1
25 252 1
49 252 1
50 252 1
25 253 1
49 253 1
50 253 1
24 254 1
25 254 1
26 254 1
33 254 1
49 254 1
25 255 1
49 255 1
25 256 1
26 256 1
49 256 1
50 256 1
25 257 1
26 257 1
49 257 1
50 257 1
58 257 1
50 258 1
131 92 2
129 93 2
124 94 2
127 94 2
122 95 2
123 95 2
124 95 2
125 95 2
127 95 2
142 95 2
106 96 2
121 96 2
122 96 2
123 96 2
124 96 2
125 96 2
126 96 2
127 96 2
143 96 2
144 96 2
120 97 2
121 97 2
122 97 2
126 97 2
144 97 2
120 98 2
121 98 2
122 98 2
123 98 2
126 98 2
127 98 2
144 98 2
145 98 2
146 98 2
119 99 2
120 99 2
121 99 2
122 99 2
126 99 2
134 99 2
144 99 2
145 99 2
146 99 2
119 100 2
120 100 2
121 100 2
122 100 2
133 100 2
134 100 2
135 100 2
136 100 2
145 100 2
146 100 2
119 101 2
120 101 2
121 101 2
131 101 2
133 101 2
136 101 2
137 101 2
145 101 2
146 101 2
118 102 2
119 102 2
120 102 2
121 102 2
126 102 2
127 102 2
128 102 2
129 102 2
130 102 2
131 102 2
132 102 2
134 102 2
135 102 2
138 102 2
139 102 2
146 102 2
147 102 2
118 103 2
119 103 2
120 103 2
121 103 2
122 103 2
126 103 2
127 103 2
128 103 2
129 103 2
131 103 2
132 103 2
134 103 2
135 103 2
137 103 2
138 103 2
139 103 2
146 103 2
147 103 2
118 104 2
119 104 2
120 104 2
121 104 2
122 104 2
124 104 2
125 104 2
126 104 2
127 104 2
128 104 2
129 104 2
130 104 2
131 104 2
132 104 2
135 104 2
137 104 2
138 104 2
139 104 2
146 104 2
147 104 2
118 105 2
119 105 2
120 105 2
121 105 2
122 105 2
124 105 2
125 105 2
126 105 2
127 105 2
128 105 2
129 105 2
130 105 2
131 105 2
133 105 2
135 105 2
136 105 2
137 105 2
138 105 2
139 105 2
141 105 2
146 105 2
147 105 2
118 106 2
119 106 2
120 106 2
121 106 2
122 106 2
123 106 2
124 106 2
125 106 2
126 106 2
127 106 2
128 106 2
132 106 2
134 106 2
135 106 2
136 106 2
137 106 2
138 106 2
139 106 2
140 106 2
146 106 2
147 106 2
119 107 2
120 107 2
121 107 2
122 107 2
124 107 2
125 107 2
126 107 2
127 107 2
135 107 2
136 107 2
137 107 2
138 107 2
139 107 2
140 107 2
141 107 2
142 107 2
146 107 2
147 107 2
119 108 2
120 108 2
121 108 2
124 108 2
132 108 2
135 108 2
136 108 2
137 108 2
138 108 2
139 108 2
140 108 2
141 108 2
142 108 2
146 108 2
147 108 2
121 109 2
138 109 2
141 109 2
143 109 2
146 109 2
147 109 2
138 110 2
141 110 2
142 110 2
143 110 2
144 110 2
146 110 2
147 110 2
136 111 2
138 111 2
139 111 2
141 111 2
142 111 2
144 111 2
145 111 2
146 111 2
147 111 2
139 112 2
140 112 2
141 112 2
142 112 2
144 112 2
145 112 2
146 112 2
147 112 2
148 112 2
139 113 2
140 113 2
141 113 2
142 113 2
144 113 2
145 113 2
146 113 2
147 113 2
148 113 2
139 114 2
140 114 2
141 114 2
142 114 2
145 114 2
146 114 2
147 114 2
148 114 2
149 114 2
138 115 2
139 115 2
140 115 2
141 115 2
146 115 2
147 115 2
148 115 2
149 115 2
139 116 2
140 116 2
141 116 2
146 116 2
147 116 2
148 116 2
149 116 2
150 116 2
100 117 2
140 117 2
141 117 2
146 117 2
147 117 2
148 117 2
149 117 2
150 117 2
99 118 2
141 118 2
145 118 2
146 118 2
147 118 2
148 118 2
149 118 2
150 118 2
99 119 2
102 119 2
145 119 2
146 119 2
147 119 2
148 119 2
149 119 2
150 119 2
98 120 2
99 120 2
128 120 2
98 121 2
99 121 2
128 121 2
129 121 2
139 121 2
98 122 2
99 122 2
128 122 2
129 122 2
98 123 2
129 123 2
130 123 2
132 123 2
98 124 2
99 124 2
104 124 2
130 124 2
133 124 2
97 125 2
98 125 2
99 125 2
103 125 2
104 125 2
105 125 2
130 125 2
131 125 2
133 125 2
98 126 2
99 126 2
104 126 2
129 126 2
130 126 2
131 126 2
98 127 2
102 127 2
104 127 2
130 127 2
131 127 2
96 128 2
97 128 2
98 128 2
99 128 2
102 128 2
104 128 2
130 128 2
131 128 2
98 129 2
99 129 2
101 129 2
102 129 2
103 129 2
130 129 2
131 129 2
98 130 2
99 130 2
101 130 2
102 130 2
103 130 2
130 130 2
131 130 2
98 131 2
99 131 2
101 131 2
102 131 2
103 131 2
129 131 2
97 132 2
98 132 2
99 132 2
100 132 2
101 132 2
102 132 2
106 132 2
107 132 2
108 132 2
129 132 2
98 133 2
99 133 2
100 133 2
101 133 2
102 133 2
105 133 2
106 133 2
107 133 2
128 133 2
129 133 2
98 134 2
99 134 2
100 134 2
101 134 2
106 134 2
107 134 2
129 134 2
99 135 2
100 135 2
106 135 2
107 135 2
129 135 2
99 136 2
100 136 2
106 136 2
107 136 2
129 136 2
99 137 2
100 137 2
105 137 2
106 137 2
107 137 2
129 137 2
99 138 2
100 138 2
106 138 2
107 138 2
129 138 2
99 139 2
100 139 2
106 139 2
107 139 2
113 139 2
98 140 2
99 140 2
100 140 2
106 140 2
107 140 2
112 140 2
98 141 2
99 141 2
106 141 2
107 141 2
130 141 2
98 142 2
99 142 2
106 142 2
107 142 2
98 143 2
99 143 2
107 143 2
108 143 2
98 144 2
99 144 2
107 144 2
108 144 2
98 145 2
99 145 2
109 145 2
110 145 2
112 145 2
133 145 2
98 146 2
99 146 2
112 146 2
113 146 2
114 146 2
133 146 2
98 147 2
99 147 2
111 147 2
113 147 2
114 147 2
133 147 2
98 148 2
99 148 2
111 148 2
112 148 2
113 148 2
114 148 2
133 148 2
134 148 2
97 149 2
98 149 2
99 149 2
110 149 2
111 149 2
112 149 2
113 149 2
134 149 2
97 150 2
98 150 2
107 150 2
110 150 2
111 150 2
112 150 2
124 150 2
133 150 2
134 150 2
97 151 2
98 151 2
109 151 2
110 151 2
112 151 2
133 151 2
134 151 2
97 152 2
98 152 2
108 152 2
109 152 2
112 152 2
113 152 2
125 152 2
134 152 2
97 153 2
98 153 2
131 153 2
97 154 2
98 154 2
108 154 2
109 154 2
131 154 2
97 155 2
98 155 2
108 155 2
109 155 2
110 155 2
130 155 2
131 155 2
97 156 2
98 156 2
109 156 2
110 156 2
97 157 2
98 157 2
109 157 2
110 157 2
117 157 2
124 157 2
125 157 2
96 158 2
97 158 2
98 158 2
109 158 2
116 158 2
117 158 2
125 158 2
97 159 2
118 159 2
119 159 2
125 159 2
97 160 2
98 160 2
110 160 2
118 160 2
119 160 2
97 161 2
98 161 2
108 161 2
109 161 2
110 161 2
111 161 2
97 162 2
98 162 2
109 162 2
110 162 2
97 163 2
98 163 2
108 163 2
109 163 2
110 163 2
97 164 2
98 164 2
109 164 2
110 164 2
97 165 2
98 165 2
109 165 2
110 165 2
111 165 2
127 165 2
97 166 2
98 166 2
111 166 2
112 166 2
127 166 2
128 166 2
97 167 2
98 167 2
108 167 2
111 167 2
128 167 2
97 168 2
98 168 2
111 168 2
112 168 2
128 168 2
97 169 2
98 169 2
111 169 2
112 169 2
128 169 2
97 170 2
98 170 2
111 170 2
112 170 2
121 170 2
128 170 2
98 171 2
110 171 2
112 171 2
113 171 2
121 171 2
128 171 2
98 172 2
112 172 2
113 172 2
115 172 2
121 172 2
98 173 2
111 173 2
112 173 2
98 174 2
112 174 2
129 174 2
98 175 2
112 175 2
113 175 2
114 175 2
98 176 2
99 176 2
129 176 2
99 177 2
114 177 2
129 177 2
137 177 2
138 177 2
100 178 2
114 178 2
115 178 2
129 178 2
136 178 2
137 178 2
99 179 2
112 179 2
137 179 2
99 180 2
113 180 2
116 180 2
129 180 2
136 180 2
137 180 2
100 181 2
113 181 2
114 181 2
129 181 2
137 181 2
99 182 2
114 182 2
115 182 2
129 182 2
137 182 2
100 183 2
101 183 2
114 183 2
115 183 2
120 183 2
129 183 2
100 184 2
101 184 2
114 184 2
115 184 2
116 184 2
137 184 2
138 184 2
100 185 2
115 185 2
116 185 2
117 185 2
137 185 2
138 185 2
99 186 2
100 186 2
115 186 2
116 186 2
117 186 2
118 186 2
119 186 2
138 186 2
99 187 2
116 187 2
117 187 2
118 187 2
119 187 2
138 187 2
99 188 2
100 188 2
116 188 2
117 188 2
118 188 2
119 188 2
139 188 2
100 189 2
116 189 2
117 189 2
118 189 2
126 189 2
100 190 2
117 190 2
118 190 2
138 190 2
139 190 2
100 191 2
117 191 2
118 191 2
119 191 2
138 191 2
139 191 2
100 192 2
118 192 2
119 192 2
120 192 2
138 192 2
139 192 2
100 193 2
118 193 2
119 193 2
120 193 2
138 193 2
139 193 2
100 194 2
119 194 2
120 194 2
138 194 2
139 194 2
100 195 2
119 195 2
120 195 2
139 195 2
100 196 2
119 196 2
120 196 2
121 196 2
139 196 2
100 197 2
120 197 2
121 197 2
139 197 2
140 197 2
100 198 2
120 198 2
121 198 2
139 198 2
140 198 2
100 199 2
120 199 2
121 199 2
140 199 2
100 200 2
101 200 2
119 200 2
120 200 2
121 200 2
140 200 2
101 201 2
119 201 2
120 201 2
121 201 2
140 201 2
142 201 2
100 202 2
119 202 2
120 202 2
142 202 2
119 203 2
120 203 2
141 203 2
142 203 2
120 204 2
126 204 2
142 204 2
143 204 2
102 205 2
142 205 2
102 206 2
126 206 2
127 206 2
142 206 2
102 207 2
142 207 2
101 208 2
102 208 2
142 208 2
142 209 2
143 209 2
143 210 2
105 211 2
128 211 2
143 211 2
105 212 2
106 212 2
128 212 2
105 213 2
128 213 2
105 214 2
105 215 2
105 216 2
105 217 2
105 218 2
105 219 2
104 227 2
105 227 2
104 228 2
105 228 2
103 229 2
104 229 2
105 229 2
104 230 2
104 231 2
104 232 2
123 233 2
153 234 2
154 234 2
122 235 2
153 235 2
127 236 2
153 236 2
127 237 2
128 237 2
152 237 2
153 237 2
128 238 2
152 238 2
153 238 2
127 239 2
151 239 2
152 239 2
153 239 2
127 240 2
153 240 2
152 241 2
153 241 2
154 241 2
153 242 2
154 242 2
125 243 2
141 243 2
153 243 2
154 243 2
153 244 2
154 244 2
155 244 2
141 245 2
153 245 2
155 245 2
152 246 2
155 246 2
124 247 2
138 248 2
149 248 2
123 249 2
152 249 2
157 249 2
144 250 2
152 250 2
157 250 2
138 251 2
157 251 2
158 251 2
121 252 2
122 252 2
138 252 2
144 252 2
157 252 2
158 252 2
122 253 2
138 253 2
139 253 2
158 253 2
159 253 2
139 254 2
158 254 2
159 254 2
120 255 2
140 255 2
159 255 2
120 256 2
139 256 2
140 256 2
141 256 2
147 256 2
159 256 2
160 256 2
140 257 2
141 257 2
159 257 2
160 257 2
141 258 2
