126 6 0
37 7 0
139 7 0
170 7 0
178 7 0
190 7 0
227 7 0
85 8 0
152 8 0
165 8 0
190 8 0
202 8 0
239 8 0
262 8 0
23 9 0
26 9 0
85 9 0
99 9 0
126 9 0
152 9 0
153 9 0
165 9 0
170 9 0
195 9 0
219 9 0
227 9 0
250 9 0
262 9 0
266 9 0
284 9 0
295 9 0
26 10 0
41 10 0
70 10 0
85 10 0
126 10 0
139 10 0
144 10 0
152 10 0
166 10 0
176 10 0
201 10 0
207 10 0
215 10 0
227 10 0
231 10 0
243 10 0
259 10 0
11 11 0
41 11 0
46 11 0
56 11 0
70 11 0
85 11 0
99 11 0
104 11 0
113 11 0
126 11 0
131 11 0
139 11 0
144 11 0
152 11 0
153 11 0
157 11 0
165 11 0
166 11 0
170 11 0
176 11 0
178 11 0
182 11 0
207 11 0
215 11 0
219 11 0
227 11 0
239 11 0
243 11 0
321 11 0
10 12 0
56 12 0
70 12 0
85 12 0
99 12 0
113 12 0
126 12 0
139 12 0
144 12 0
152 12 0
153 12 0
164 12 0
165 12 0
166 12 0
170 12 0
178 12 0
182 12 0
183 12 0
195 12 0
203 12 0
215 12 0
219 12 0
227 12 0
231 12 0
239 12 0
243 12 0
251 12 0
254 12 0
255 12 0
266 12 0
288 12 0
85 13 0
99 13 0
139 13 0
152 13 0
153 13 0
165 13 0
166 13 0
170 13 0
178 13 0
183 13 0
191 13 0
195 13 0
207 13 0
215 13 0
219 13 0
223 13 0
231 13 0
239 13 0
243 13 0
251 13 0
255 13 0
274 13 0
23 14 0
52 14 0
92 14 0
126 14 0
139 14 0
152 14 0
153 14 0
165 14 0
166 14 0
178 14 0
191 14 0
215 14 0
219 14 0
231 14 0
239 14 0
243 14 0
251 14 0
255 14 0
274 14 0
278 14 0
296 14 0
37 15 0
139 15 0
152 15 0
153 15 0
166 15 0
170 15 0
178 15 0
191 15 0
203 15 0
215 15 0
239 15 0
243 15 0
251 15 0
274 15 0
113 16 0
153 16 0
166 16 0
170 16 0
178 16 0
191 16 0
203 16 0
215 16 0
228 16 0
239 16 0
251 16 0
274 16 0
127 17 0
152 17 0
166 17 0
215 17 0
216 17 0
220 17 0
228 17 0
240 17 0
243 17 0
127 18 0
166 18 0
208 18 0
228 18 0
232 18 0
278 18 0
318 18 0
127 19 0
152 19 0
228 19 0
255 19 0
278 19 0
196 20 0
228 20 0
232 20 0
263 20 0
278 20 0
300 20 0
311 20 0
220 21 0
228 21 0
232 21 0
252 21 0
255 21 0
263 21 0
322 21 0
140 22 0
228 22 0
252 22 0
263 22 0
267 22 0
140 23 0
172 23 0
179 23 0
228 23 0
240 23 0
267 23 0
297 23 0
308 23 0
127 24 0
153 24 0
166 24 0
204 24 0
240 24 0
267 24 0
275 24 0
286 24 0
289 24 0
297 24 0
308 24 0
127 25 0
153 25 0
204 25 0
252 25 0
275 25 0
289 25 0
127 26 0
140 26 0
153 26 0
252 26 0
275 26 0
286 26 0
289 26 0
127 27 0
240 27 0
252 27 0
267 27 0
286 27 0
140 28 0
240 28 0
252 28 0
264 28 0
286 28 0
140 29 0
217 29 0
229 29 0
264 29 0
140 30 0
217 30 0
140 31 0
141 31 0
253 31 0
264 31 0
276 31 0
205 32 0
206 32 0
207 32 0
241 32 0
276 32 0
279 32 0
141 33 0
253 33 0
276 33 0
279 33 0
287 33 0
179 34 0
186 34 0
192 34 0
241 34 0
253 34 0
276 34 0
287 34 0
180 35 0
241 35 0
245 35 0
276 35 0
141 36 0
240 36 0
241 36 0
245 36 0
276 36 0
280 36 0
219 37 0
221 37 0
241 37 0
245 37 0
255 37 0
276 37 0
277 37 0
280 37 0
313 37 0
320 37 0
212 38 0
243 38 0
246 38 0
277 38 0
309 38 0
313 38 0
338 38 0
210 39 0
234 39 0
241 39 0
277 39 0
280 39 0
281 39 0
309 39 0
310 39 0
212 40 0
241 40 0
276 40 0
277 40 0
280 40 0
281 40 0
310 40 0
313 40 0
314 40 0
341 40 0
232 41 0
234 41 0
243 41 0
244 41 0
255 41 0
276 41 0
277 41 0
281 41 0
309 41 0
310 41 0
313 41 0
314 41 0
321 41 0
332 41 0
341 41 0
193 42 0
206 42 0
222 42 0
232 42 0
233 42 0
236 42 0
237 42 0
243 42 0
244 42 0
253 42 0
255 42 0
257 42 0
258 42 0
277 42 0
281 42 0
289 42 0
310 42 0
314 42 0
326 42 0
193 43 0
226 43 0
230 43 0
232 43 0
233 43 0
234 43 0
243 43 0
244 43 0
248 43 0
249 43 0
253 43 0
255 43 0
257 43 0
258 43 0
277 43 0
281 43 0
310 43 0
314 43 0
226 44 0
230 44 0
231 44 0
233 44 0
234 44 0
235 44 0
243 44 0
244 44 0
248 44 0
249 44 0
277 44 0
281 44 0
310 44 0
314 44 0
326 44 0
206 45 0
225 45 0
230 45 0
233 45 0
234 45 0
236 45 0
242 45 0
243 45 0
248 45 0
249 45 0
277 45 0
281 45 0
310 45 0
314 45 0
326 45 0
327 45 0
340 45 0
212 46 0
225 46 0
230 46 0
232 46 0
233 46 0
234 46 0
235 46 0
236 46 0
242 46 0
248 46 0
250 46 0
253 46 0
255 46 0
256 46 0
258 46 0
277 46 0
281 46 0
310 46 0
314 46 0
327 46 0
331 46 0
340 46 0
193 47 0
206 47 0
233 47 0
234 47 0
235 47 0
236 47 0
238 47 0
242 47 0
244 47 0
253 47 0
254 47 0
255 47 0
256 47 0
258 47 0
277 47 0
281 47 0
289 47 0
290 47 0
301 47 0
310 47 0
314 47 0
327 47 0
340 47 0
232 48 0
233 48 0
236 48 0
237 48 0
238 48 0
243 48 0
244 48 0
253 48 0
254 48 0
255 48 0
256 48 0
258 48 0
259 48 0
277 48 0
281 48 0
282 48 0
310 48 0
340 48 0
193 49 0
211 49 0
232 49 0
233 49 0
235 49 0
236 49 0
242 49 0
243 49 0
244 49 0
253 49 0
254 49 0
255 49 0
256 49 0
258 49 0
259 49 0
266 49 0
277 49 0
281 49 0
310 49 0
315 49 0
218 50 0
231 50 0
232 50 0
242 50 0
243 50 0
255 50 0
258 50 0
266 50 0
281 50 0
289 50 0
300 50 0
303 50 0
304 50 0
314 50 0
315 50 0
210 51 0
231 51 0
232 51 0
258 51 0
259 51 0
266 51 0
270 51 0
278 51 0
281 51 0
282 51 0
288 51 0
289 51 0
300 51 0
311 51 0
322 51 0
329 51 0
231 52 0
232 52 0
258 52 0
259 52 0
270 52 0
278 52 0
288 52 0
289 52 0
300 52 0
311 52 0
322 52 0
329 52 0
219 53 0
231 53 0
232 53 0
258 53 0
259 53 0
266 53 0
270 53 0
289 53 0
300 53 0
330 53 0
231 54 0
232 54 0
258 54 0
259 54 0
266 54 0
270 54 0
289 54 0
330 54 0
219 55 0
224 55 0
231 55 0
232 55 0
258 55 0
259 55 0
266 55 0
270 55 0
278 55 0
282 55 0
289 55 0
300 55 0
330 55 0
219 56 0
224 56 0
231 56 0
232 56 0
258 56 0
259 56 0
270 56 0
289 56 0
311 56 0
330 56 0
241 57 0
242 57 0
249 57 0
257 57 0
258 57 0
301 57 0
303 57 0
311 57 0
330 57 0
339 57 0
211 58 0
219 58 0
224 58 0
236 58 0
240 58 0
241 58 0
242 58 0
247 58 0
248 58 0
249 58 0
257 58 0
270 58 0
303 58 0
311 58 0
312 58 0
320 58 0
330 58 0
207 59 0
211 59 0
219 59 0
231 59 0
232 59 0
233 59 0
236 59 0
240 59 0
242 59 0
243 59 0
247 59 0
249 59 0
250 59 0
256 59 0
257 59 0
269 59 0
270 59 0
279 59 0
289 59 0
300 59 0
303 59 0
320 59 0
325 59 0
337 59 0
338 59 0
339 59 0
219 60 0
225 60 0
231 60 0
232 60 0
233 60 0
240 60 0
242 60 0
243 60 0
246 60 0
247 60 0
249 60 0
250 60 0
256 60 0
257 60 0
270 60 0
279 60 0
289 60 0
300 60 0
301 60 0
314 60 0
320 60 0
321 60 0
325 60 0
326 60 0
331 60 0
337 60 0
339 60 0
231 61 0
232 61 0
233 61 0
240 61 0
243 61 0
244 61 0
246 61 0
247 61 0
249 61 0
250 61 0
256 61 0
257 61 0
260 61 0
267 61 0
279 61 0
290 61 0
293 61 0
300 61 0
301 61 0
314 61 0
331 61 0
337 61 0
339 61 0
342 61 0
343 61 0
219 62 0
231 62 0
232 62 0
233 62 0
239 62 0
240 62 0
243 62 0
244 62 0
246 62 0
247 62 0
249 62 0
250 62 0
256 62 0
257 62 0
258 62 0
259 62 0
260 62 0
290 62 0
293 62 0
300 62 0
301 62 0
312 62 0
314 62 0
320 62 0
331 62 0
337 62 0
339 62 0
343 62 0
219 63 0
231 63 0
232 63 0
233 63 0
239 63 0
240 63 0
242 63 0
243 63 0
244 63 0
245 63 0
246 63 0
248 63 0
249 63 0
250 63 0
251 63 0
255 63 0
256 63 0
257 63 0
258 63 0
259 63 0
260 63 0
262 63 0
289 63 0
290 63 0
295 63 0
300 63 0
301 63 0
304 63 0
312 63 0
314 63 0
321 63 0
326 63 0
331 63 0
332 63 0
337 63 0
339 63 0
343 63 0
225 64 0
232 64 0
233 64 0
239 64 0
241 64 0
242 64 0
243 64 0
244 64 0
245 64 0
246 64 0
247 64 0
248 64 0
249 64 0
250 64 0
251 64 0
255 64 0
257 64 0
259 64 0
267 64 0
279 64 0
290 64 0
293 64 0
300 64 0
301 64 0
304 64 0
312 64 0
314 64 0
322 64 0
326 64 0
332 64 0
337 64 0
339 64 0
340 64 0
343 64 0
231 65 0
232 65 0
233 65 0
239 65 0
241 65 0
242 65 0
243 65 0
246 65 0
247 65 0
248 65 0
249 65 0
250 65 0
251 65 0
254 65 0
255 65 0
270 65 0
279 65 0
283 65 0
288 65 0
290 65 0
293 65 0
294 65 0
301 65 0
304 65 0
312 65 0
314 65 0
322 65 0
326 65 0
332 65 0
337 65 0
339 65 0
340 65 0
226 66 0
230 66 0
232 66 0
233 66 0
239 66 0
241 66 0
243 66 0
244 66 0
246 66 0
247 66 0
249 66 0
251 66 0
254 66 0
255 66 0
256 66 0
270 66 0
279 66 0
282 66 0
283 66 0
290 66 0
300 66 0
301 66 0
314 66 0
326 66 0
332 66 0
340 66 0
220 67 0
226 67 0
232 67 0
233 67 0
239 67 0
241 67 0
244 67 0
246 67 0
247 67 0
249 67 0
250 67 0
251 67 0
252 67 0
254 67 0
255 67 0
256 67 0
260 67 0
261 67 0
300 67 0
301 67 0
314 67 0
225 68 0
236 68 0
241 68 0
246 68 0
249 68 0
256 68 0
260 68 0
271 68 0
301 68 0
256 69 0
260 69 0
267 69 0
271 69 0
290 69 0
225 70 0
232 70 0
244 70 0
256 70 0
267 70 0
290 70 0
305 70 0
316 70 0
208 71 0
232 71 0
256 71 0
268 71 0
283 71 0
290 71 0
291 71 0
302 71 0
305 71 0
313 71 0
324 71 0
208 72 0
232 72 0
268 72 0
290 72 0
291 72 0
302 72 0
208 73 0
220 73 0
260 73 0
268 73 0
291 73 0
209 74 0
211 74 0
260 74 0
272 74 0
291 74 0
313 74 0
24 75 0
268 75 0
280 75 0
283 75 0
291 75 0
294 75 0
302 75 0
24 76 0
257 76 0
268 76 0
280 76 0
291 76 0
294 76 0
302 76 0
42 77 0
244 77 0
257 77 0
260 77 0
268 77 0
272 77 0
280 77 0
291 77 0
295 77 0
306 77 0
32 78 0
42 78 0
233 78 0
257 78 0
272 78 0
280 78 0
284 78 0
291 78 0
303 78 0
313 78 0
314 78 0
317 78 0
324 78 0
225 79 0
233 79 0
237 79 0
257 79 0
272 79 0
280 79 0
284 79 0
291 79 0
303 79 0
324 79 0
221 80 0
233 80 0
237 80 0
245 80 0
249 80 0
257 80 0
269 80 0
272 80 0
280 80 0
284 80 0
291 80 0
295 80 0
303 80 0
306 80 0
39 81 0
233 81 0
245 81 0
257 81 0
261 81 0
269 81 0
280 81 0
284 81 0
291 81 0
295 81 0
303 81 0
314 81 0
35 82 0
233 82 0
238 82 0
245 82 0
249 82 0
257 82 0
261 82 0
269 82 0
272 82 0
284 82 0
291 82 0
292 82 0
303 82 0
325 82 0
35 83 0
209 83 0
221 83 0
233 83 0
238 83 0
245 83 0
249 83 0
257 83 0
261 83 0
269 83 0
272 83 0
284 83 0
291 83 0
292 83 0
303 83 0
325 83 0
336 83 0
34 84 0
35 84 0
36 84 0
47 84 0
209 84 0
221 84 0
233 84 0
238 84 0
245 84 0
249 84 0
257 84 0
261 84 0
269 84 0
284 84 0
291 84 0
292 84 0
303 84 0
325 84 0
33 85 0
34 85 0
36 85 0
37 85 0
38 85 0
49 85 0
50 85 0
52 85 0
209 85 0
221 85 0
233 85 0
245 85 0
261 85 0
269 85 0
281 85 0
284 85 0
292 85 0
303 85 0
325 85 0
2 86 0
3 86 0
33 86 0
34 86 0
36 86 0
37 86 0
55 86 0
56 86 0
209 86 0
221 86 0
245 86 0
261 86 0
269 86 0
281 86 0
284 86 0
292 86 0
303 86 0
33 87 0
34 87 0
35 87 0
36 87 0
37 87 0
43 87 0
44 87 0
45 87 0
46 87 0
47 87 0
48 87 0
53 87 0
54 87 0
55 87 0
209 87 0
221 87 0
234 87 0
257 87 0
258 87 0
261 87 0
269 87 0
281 87 0
292 87 0
295 87 0
325 87 0
33 88 0
34 88 0
35 88 0
36 88 0
37 88 0
40 88 0
41 88 0
42 88 0
43 88 0
44 88 0
45 88 0
46 88 0
47 88 0
48 88 0
49 88 0
50 88 0
52 88 0
53 88 0
54 88 0
55 88 0
249 88 0
257 88 0
258 88 0
269 88 0
273 88 0
281 88 0
292 88 0
295 88 0
33 89 0
34 89 0
35 89 0
36 89 0
37 89 0
40 89 0
41 89 0
42 89 0
43 89 0
44 89 0
45 89 0
46 89 0
47 89 0
48 89 0
49 89 0
50 89 0
51 89 0
52 89 0
53 89 0
234 89 0
237 89 0
246 89 0
250 89 0
258 89 0
269 89 0
270 89 0
273 89 0
281 89 0
292 89 0
304 89 0
33 90 0
34 90 0
35 90 0
36 90 0
37 90 0
38 90 0
39 90 0
40 90 0
41 90 0
42 90 0
43 90 0
44 90 0
45 90 0
51 90 0
53 90 0
54 90 0
234 90 0
237 90 0
245 90 0
246 90 0
250 90 0
258 90 0
270 90 0
281 90 0
292 90 0
304 90 0
307 90 0
33 91 0
34 91 0
35 91 0
36 91 0
37 91 0
38 91 0
39 91 0
40 91 0
41 91 0
42 91 0
43 91 0
44 91 0
45 91 0
234 91 0
246 91 0
258 91 0
269 91 0
270 91 0
273 91 0
281 91 0
285 91 0
304 91 0
24 92 0
33 92 0
36 92 0
37 92 0
38 92 0
39 92 0
40 92 0
41 92 0
42 92 0
43 92 0
44 92 0
234 92 0
238 92 0
246 92 0
270 92 0
273 92 0
285 92 0
304 92 0
33 93 0
37 93 0
38 93 0
41 93 0
210 93 0
234 93 0
238 93 0
246 93 0
258 93 0
270 93 0
281 93 0
285 93 0
304 93 0
307 93 0
210 94 0
222 94 0
238 94 0
246 94 0
258 94 0
270 94 0
293 94 0
296 94 0
304 94 0
337 94 0
234 95 0
246 95 0
258 95 0
270 95 0
282 95 0
293 95 0
326 95 0
210 96 0
234 96 0
238 96 0
246 96 0
258 96 0
270 96 0
282 96 0
293 96 0
210 97 0
234 97 0
238 97 0
270 97 0
282 97 0
293 97 0
304 97 0
12 98 0
234 98 0
235 98 0
246 98 0
259 98 0
270 98 0
282 98 0
293 98 0
305 98 0
226 99 0
258 99 0
259 99 0
270 99 0
274 99 0
282 99 0
293 99 0
297 99 0
305 99 0
23 100 0
24 100 0
210 100 0
246 100 0
270 100 0
286 100 0
293 100 0
297 100 0
305 100 0
210 101 0
238 101 0
247 101 0
259 101 0
271 101 0
274 101 0
286 101 0
293 101 0
16 102 0
22 102 0
210 102 0
235 102 0
247 102 0
259 102 0
286 102 0
305 102 0
247 103 0
259 103 0
271 103 0
274 103 0
294 103 0
305 103 0
316 103 0
247 104 0
271 104 0
294 104 0
18 105 0
19 105 0
20 105 0
271 105 0
274 105 0
294 105 0
296 105 0
18 106 0
19 106 0
283 106 0
286 106 0
294 106 0
271 107 0
286 107 0
294 107 0
271 108 0
283 108 0
294 108 0
17 109 0
247 109 0
271 109 0
275 109 0
283 109 0
294 109 0
50 110 0
51 110 0
260 110 0
275 110 0
283 110 0
51 111 0
52 111 0
53 111 0
247 111 0
275 111 0
283 111 0
294 111 0
52 112 0
53 112 0
54 112 0
250 112 0
272 112 0
275 112 0
283 112 0
294 112 0
52 113 0
53 113 0
54 113 0
272 113 0
295 113 0
47 114 0
53 114 0
54 114 0
55 114 0
260 114 0
272 114 0
295 114 0
48 115 0
260 115 0
272 115 0
275 115 0
260 116 0
275 116 0
54 117 0
260 117 0
272 117 0
284 117 0
295 117 0
260 118 0
272 118 0
54 119 0
272 119 0
272 120 0
273 120 0
284 120 0
260 121 0
261 121 0
272 121 0
276 121 0
284 121 0
299 121 0
260 122 0
276 122 0
329 122 0
273 123 0
296 123 0
329 123 0
287 124 0
296 124 0
276 126 0
276 127 0
296 127 0
273 128 0
296 128 0
273 129 0
285 129 0
296 129 0
43 130 0
273 130 0
285 130 0
296 130 0
273 131 0
274 131 0
289 131 0
274 132 0
277 132 0
285 132 0
274 133 0
277 133 0
285 133 0
274 135 0
274 136 0
274 137 0
277 137 0
297 138 0
250 140 0
286 140 0
286 143 0
275 144 0
298 145 0
275 147 0
287 148 0
287 149 0
298 149 0
299 153 0
276 159 0
276 160 0
22 201 0
22 202 0
23 204 0
23 205 0
24 206 0
24 207 0
25 207 0
25 208 0
25 209 0
13 228 0
21 229 0
20 230 0
13 231 0
12 232 0
13 233 0
13 236 0
12 237 0
9 243 0
8 246 0
29 248 0
27 250 0
7 252 0
7 253 0
6 255 0
155 38 1
181 50 1
169 52 1
169 53 1
169 55 1
155 61 1
175 62 1
182 62 1
182 63 1
156 64 1
182 64 1
143 65 1
156 65 1
157 65 1
182 65 1
143 66 1
156 66 1
150 67 1
156 67 1
170 67 1
176 67 1
143 68 1
170 68 1
170 69 1
175 69 1
170 70 1
170 71 1
170 72 1
176 74 1
176 75 1
177 76 1
144 78 1
157 78 1
183 78 1
130 79 1
131 79 1
157 79 1
158 79 1
177 79 1
183 79 1
131 80 1
157 80 1
177 80 1
176 81 1
183 81 1
157 82 1
158 82 1
183 82 1
144 83 1
158 83 1
183 83 1
131 84 1
157 84 1
158 84 1
183 84 1
131 85 1
131 86 1
137 86 1
158 86 1
164 86 1
178 86 1
183 86 1
144 87 1
164 87 1
171 87 1
178 87 1
131 88 1
144 88 1
152 88 1
157 88 1
158 88 1
170 88 1
171 88 1
196 88 1
131 89 1
144 89 1
145 89 1
152 89 1
171 89 1
144 90 1
145 90 1
157 90 1
158 90 1
171 90 1
178 90 1
184 90 1
144 91 1
145 91 1
171 91 1
184 91 1
144 92 1
145 92 1
171 92 1
184 92 1
144 93 1
145 93 1
171 93 1
132 94 1
171 94 1
145 95 1
157 95 1
184 95 1
145 96 1
178 96 1
184 96 1
189 96 1
197 96 1
145 97 1
153 97 1
182 97 1
184 97 1
145 98 1
158 98 1
182 98 1
184 98 1
139 99 1
158 99 1
159 99 1
166 99 1
184 99 1
206 99 1
132 100 1
153 100 1
158 100 1
159 100 1
165 100 1
166 100 1
145 101 1
158 101 1
159 101 1
165 101 1
172 101 1
190 101 1
145 102 1
158 102 1
165 102 1
172 102 1
191 102 1
197 102 1
145 103 1
153 103 1
165 103 1
172 103 1
132 104 1
159 104 1
172 104 1
178 104 1
179 104 1
132 105 1
145 105 1
146 105 1
158 105 1
159 105 1
172 105 1
179 105 1
185 105 1
197 105 1
198 105 1
132 106 1
145 106 1
146 106 1
158 106 1
159 106 1
165 106 1
185 106 1
190 106 1
197 106 1
198 106 1
145 107 1
185 107 1
126 108 1
127 108 1
145 108 1
146 108 1
159 108 1
185 108 1
145 109 1
146 109 1
154 109 1
159 109 1
164 109 1
185 109 1
198 109 1
133 110 1
146 110 1
153 110 1
159 110 1
185 110 1
190 110 1
191 110 1
198 110 1
146 111 1
159 111 1
185 111 1
192 111 1
198 111 1
118 112 1
179 112 1
185 112 1
146 113 1
185 113 1
198 113 1
132 114 1
133 114 1
146 114 1
185 114 1
198 114 1
132 115 1
133 115 1
146 115 1
154 115 1
178 115 1
185 115 1
133 116 1
160 116 1
179 116 1
192 116 1
198 116 1
153 117 1
159 117 1
160 117 1
167 117 1
179 117 1
186 117 1
192 117 1
198 117 1
203 117 1
159 118 1
160 118 1
178 118 1
183 118 1
186 118 1
192 118 1
198 118 1
133 119 1
146 119 1
160 119 1
180 119 1
184 119 1
186 119 1
192 119 1
133 120 1
146 120 1
160 120 1
173 120 1
180 120 1
186 120 1
119 121 1
154 121 1
160 121 1
165 121 1
171 121 1
173 121 1
180 121 1
186 121 1
199 121 1
160 122 1
173 122 1
186 122 1
199 122 1
146 123 1
160 123 1
173 123 1
186 123 1
199 123 1
146 124 1
147 124 1
160 124 1
173 124 1
180 124 1
186 124 1
191 124 1
199 124 1
133 125 1
146 125 1
147 125 1
154 125 1
159 125 1
160 125 1
166 125 1
173 125 1
180 125 1
184 125 1
186 125 1
204 125 1
147 126 1
160 126 1
173 126 1
180 126 1
186 126 1
133 127 1
134 127 1
146 127 1
147 127 1
155 127 1
166 127 1
180 127 1
184 127 1
196 127 1
133 128 1
134 128 1
147 128 1
159 128 1
180 128 1
191 128 1
147 129 1
166 129 1
186 129 1
191 129 1
204 129 1
147 130 1
180 130 1
199 130 1
204 130 1
147 131 1
155 131 1
166 131 1
184 131 1
199 131 1
204 131 1
147 132 1
167 132 1
168 132 1
200 132 1
147 133 1
154 133 1
174 133 1
180 133 1
199 133 1
200 133 1
134 134 1
147 134 1
174 134 1
180 134 1
199 134 1
200 134 1
147 135 1
155 135 1
174 135 1
187 135 1
192 135 1
128 136 1
161 136 1
168 136 1
174 136 1
180 136 1
181 136 1
187 136 1
194 136 1
200 136 1
134 137 1
155 137 1
160 137 1
161 137 1
174 137 1
179 137 1
181 137 1
187 137 1
134 138 1
148 138 1
155 138 1
160 138 1
161 138 1
172 138 1
174 138 1
181 138 1
187 138 1
200 138 1
120 139 1
134 139 1
155 139 1
161 139 1
167 139 1
172 139 1
174 139 1
181 139 1
185 139 1
187 139 1
200 139 1
148 140 1
155 140 1
161 140 1
167 140 1
174 140 1
187 140 1
192 140 1
194 140 1
200 140 1
134 141 1
148 141 1
161 141 1
167 141 1
187 141 1
194 141 1
200 141 1
148 142 1
156 142 1
161 142 1
180 142 1
181 142 1
197 142 1
200 142 1
120 143 1
148 143 1
160 143 1
161 143 1
187 143 1
192 143 1
200 143 1
134 144 1
148 144 1
161 144 1
185 144 1
194 144 1
200 144 1
134 145 1
135 145 1
148 145 1
185 145 1
129 146 1
148 146 1
148 147 1
160 147 1
186 147 1
188 147 1
148 148 1
182 148 1
188 148 1
194 148 1
148 149 1
181 149 1
188 149 1
201 149 1
162 150 1
169 150 1
181 150 1
182 150 1
188 150 1
201 150 1
134 151 1
135 151 1
162 151 1
175 151 1
182 151 1
186 151 1
188 151 1
201 151 1
142 152 1
162 152 1
169 152 1
173 152 1
175 152 1
182 152 1
188 152 1
194 152 1
162 153 1
168 153 1
173 153 1
175 153 1
188 153 1
201 153 1
206 153 1
162 154 1
167 154 1
168 154 1
169 154 1
173 154 1
175 154 1
188 154 1
201 154 1
121 155 1
148 155 1
162 155 1
169 155 1
175 155 1
182 155 1
195 155 1
201 155 1
121 156 1
135 156 1
143 156 1
156 156 1
162 156 1
167 156 1
175 156 1
182 156 1
186 156 1
188 156 1
201 156 1
155 157 1
162 157 1
167 157 1
182 157 1
186 157 1
188 157 1
206 157 1
135 158 1
161 158 1
162 158 1
167 158 1
168 158 1
175 158 1
186 158 1
195 158 1
206 158 1
121 159 1
143 159 1
186 159 1
195 159 1
149 160 1
162 160 1
195 160 1
149 161 1
156 161 1
169 161 1
174 161 1
182 161 1
206 161 1
121 162 1
149 162 1
155 162 1
174 162 1
202 162 1
135 163 1
149 163 1
202 163 1
149 164 1
174 164 1
176 164 1
182 164 1
189 164 1
195 164 1
202 164 1
143 165 1
149 165 1
170 165 1
174 165 1
176 165 1
182 165 1
189 165 1
144 166 1
149 166 1
157 166 1
170 166 1
176 166 1
189 166 1
202 166 1
143 167 1
149 167 1
155 167 1
170 167 1
176 167 1
181 167 1
189 167 1
136 168 1
149 168 1
157 168 1
174 168 1
176 168 1
189 168 1
195 168 1
144 169 1
149 169 1
163 169 1
176 169 1
183 169 1
189 169 1
196 169 1
199 169 1
142 170 1
143 170 1
156 170 1
163 170 1
169 170 1
170 170 1
183 170 1
189 170 1
196 170 1
199 170 1
202 170 1
143 171 1
163 171 1
170 171 1
183 171 1
189 171 1
196 171 1
199 171 1
202 171 1
163 172 1
183 172 1
199 172 1
207 172 1
143 173 1
163 173 1
183 173 1
189 173 1
202 173 1
156 174 1
162 174 1
163 174 1
183 174 1
202 174 1
150 175 1
162 175 1
163 175 1
169 175 1
176 175 1
182 175 1
183 175 1
187 175 1
196 175 1
150 176 1
162 176 1
163 176 1
170 176 1
187 176 1
150 177 1
162 177 1
163 177 1
187 177 1
190 177 1
150 178 1
162 178 1
175 178 1
182 178 1
183 178 1
187 178 1
190 178 1
149 179 1
150 179 1
162 179 1
169 179 1
190 179 1
196 179 1
150 180 1
169 180 1
175 180 1
183 180 1
190 180 1
203 180 1
150 181 1
175 181 1
177 181 1
190 181 1
203 181 1
150 182 1
164 182 1
175 182 1
177 182 1
190 182 1
143 183 1
164 183 1
175 183 1
177 183 1
183 183 1
190 183 1
137 184 1
164 184 1
176 184 1
177 184 1
182 184 1
184 184 1
190 184 1
196 184 1
164 185 1
177 185 1
184 185 1
196 185 1
200 185 1
164 186 1
177 186 1
190 186 1
164 187 1
170 187 1
177 187 1
183 187 1
184 187 1
164 188 1
171 188 1
177 188 1
164 189 1
171 189 1
177 189 1
184 189 1
190 189 1
197 189 1
164 190 1
184 190 1
190 190 1
157 191 1
163 191 1
188 191 1
157 192 1
158 192 1
176 192 1
184 192 1
189 192 1
197 192 1
151 193 1
158 193 1
163 193 1
176 193 1
189 193 1
190 193 1
204 193 1
144 194 1
151 194 1
170 194 1
176 194 1
178 194 1
204 194 1
150 195 1
151 195 1
170 195 1
176 195 1
178 195 1
191 195 1
150 196 1
151 196 1
176 196 1
178 196 1
184 196 1
191 196 1
197 196 1
151 197 1
178 197 1
184 197 1
191 197 1
151 198 1
158 198 1
159 198 1
178 198 1
191 198 1
197 198 1
137 199 1
172 199 1
178 199 1
191 199 1
201 199 1
165 200 1
178 200 1
191 200 1
201 200 1
137 201 1
164 201 1
165 201 1
171 201 1
178 201 1
191 201 1
197 201 1
198 201 1
137 202 1
164 202 1
165 202 1
185 202 1
191 202 1
164 203 1
165 203 1
172 203 1
185 203 1
198 203 1
201 203 1
165 204 1
172 204 1
178 204 1
185 204 1
189 204 1
198 204 1
151 205 1
152 205 1
165 205 1
178 205 1
189 205 1
198 205 1
151 206 1
152 206 1
189 206 1
151 207 1
152 207 1
151 208 1
152 208 1
164 208 1
151 209 1
152 209 1
189 209 1
198 209 1
151 210 1
152 210 1
177 210 1
205 210 1
138 211 1
192 211 1
138 212 1
177 212 1
192 212 1
166 213 1
179 213 1
185 213 1
166 214 1
179 214 1
185 214 1
192 214 1
193 214 1
166 215 1
179 215 1
186 215 1
192 215 1
199 215 1
166 216 1
173 216 1
179 216 1
186 216 1
166 217 1
179 217 1
186 217 1
192 217 1
203 217 1
166 218 1
179 218 1
185 218 1
186 218 1
190 218 1
166 219 1
179 219 1
166 220 1
172 221 1
172 222 1
179 222 1
152 223 1
179 223 1
178 224 1
179 224 1
180 224 1
186 224 1
152 225 1
178 225 1
186 225 1
180 226 1
178 227 1
180 227 1
180 228 1
191 228 1
180 229 1
167 230 1
174 230 1
180 230 1
166 231 1
167 231 1
172 231 1
180 231 1
193 231 1
167 232 1
180 232 1
180 233 1
166 234 1
180 234 1
204 234 1
139 235 1
167 235 1
139 236 1
139 237 1
153 237 1
191 237 1
194 237 1
139 238 1
140 238 1
153 238 1
204 238 1
187 239 1
140 240 1
168 243 1
195 244 1
195 245 1
168 246 1
187 246 1
188 246 1
168 247 1
140 249 1
175 249 1
174 250 1
181 250 1
154 251 1
181 254 1
86 63 2
87 63 2
90 63 2
91 63 2
90 64 2
91 64 2
92 64 2
93 64 2
94 64 2
92 65 2
93 65 2
94 65 2
95 65 2
95 66 2
96 66 2
97 66 2
69 67 2
96 67 2
97 67 2
98 67 2
68 68 2
97 68 2
98 68 2
99 68 2
67 69 2
68 69 2
98 69 2
99 69 2
100 69 2
67 70 2
99 70 2
100 70 2
64 71 2
65 71 2
100 71 2
101 71 2
64 72 2
65 72 2
66 72 2
100 72 2
101 72 2
64 73 2
65 73 2
66 73 2
101 73 2
102 73 2
64 74 2
65 74 2
66 74 2
101 74 2
102 74 2
103 74 2
64 75 2
65 75 2
66 75 2
102 75 2
103 75 2
64 76 2
65 76 2
66 76 2
103 76 2
104 76 2
65 77 2
66 77 2
67 77 2
103 77 2
104 77 2
66 78 2
67 78 2
68 78 2
103 78 2
104 78 2
105 78 2
67 79 2
68 79 2
69 79 2
104 79 2
105 79 2
69 80 2
70 80 2
71 80 2
76 80 2
104 80 2
105 80 2
70 81 2
71 81 2
76 81 2
104 81 2
105 81 2
72 82 2
73 82 2
77 82 2
104 82 2
105 82 2
62 83 2
72 83 2
73 83 2
77 83 2
105 83 2
77 84 2
105 84 2
74 85 2
77 85 2
105 85 2
106 85 2
107 85 2
74 86 2
75 86 2
76 86 2
77 86 2
105 86 2
106 86 2
75 87 2
76 87 2
105 87 2
106 87 2
75 88 2
76 88 2
77 88 2
105 88 2
106 88 2
107 88 2
76 89 2
77 89 2
82 89 2
105 89 2
106 89 2
75 90 2
76 90 2
106 90 2
107 90 2
75 91 2
76 91 2
106 91 2
107 91 2
75 92 2
76 92 2
106 92 2
107 92 2
77 93 2
106 93 2
107 93 2
77 94 2
106 94 2
107 94 2
76 95 2
106 95 2
107 95 2
76 96 2
77 96 2
106 96 2
107 96 2
76 97 2
107 97 2
108 97 2
75 98 2
76 98 2
107 98 2
108 98 2
75 99 2
108 99 2
73 100 2
74 100 2
75 100 2
108 100 2
73 101 2
74 101 2
107 101 2
108 101 2
73 102 2
107 102 2
108 102 2
109 102 2
72 103 2
73 103 2
107 103 2
108 103 2
109 103 2
73 104 2
107 104 2
108 104 2
109 104 2
73 105 2
108 105 2
109 105 2
72 106 2
108 106 2
109 106 2
69 107 2
72 107 2
108 107 2
109 107 2
71 108 2
72 108 2
108 108 2
109 108 2
71 109 2
72 109 2
73 109 2
86 109 2
108 109 2
110 109 2
72 110 2
73 110 2
78 110 2
83 110 2
109 110 2
110 110 2
83 111 2
84 111 2
87 111 2
109 111 2
110 111 2
73 112 2
76 112 2
83 112 2
84 112 2
85 112 2
86 112 2
108 112 2
110 112 2
74 113 2
84 113 2
85 113 2
86 113 2
87 113 2
90 113 2
110 113 2
71 114 2
85 114 2
86 114 2
87 114 2
90 114 2
97 114 2
110 114 2
112 114 2
87 115 2
88 115 2
91 115 2
98 115 2
88 116 2
91 116 2
109 116 2
111 116 2
73 117 2
88 117 2
89 117 2
91 117 2
98 117 2
110 117 2
111 117 2
112 117 2
89 118 2
92 118 2
110 118 2
111 118 2
112 118 2
89 119 2
90 119 2
92 119 2
110 119 2
111 119 2
112 119 2
70 120 2
89 120 2
90 120 2
92 120 2
110 120 2
112 120 2
90 121 2
110 121 2
111 121 2
112 121 2
71 122 2
90 122 2
92 122 2
93 122 2
99 122 2
111 122 2
118 122 2
91 123 2
93 123 2
110 123 2
111 123 2
91 124 2
93 124 2
99 124 2
111 124 2
112 124 2
91 125 2
92 125 2
93 125 2
99 125 2
112 125 2
92 126 2
93 126 2
94 126 2
112 126 2
113 126 2
91 127 2
92 127 2
93 127 2
94 127 2
113 127 2
92 128 2
93 128 2
94 128 2
110 128 2
113 128 2
114 128 2
93 129 2
94 129 2
114 129 2
93 130 2
94 130 2
111 130 2
93 131 2
94 131 2
97 131 2
111 131 2
113 131 2
115 131 2
92 132 2
93 132 2
94 132 2
111 132 2
115 132 2
116 132 2
93 133 2
94 133 2
95 133 2
111 133 2
116 133 2
93 134 2
94 134 2
95 134 2
111 134 2
112 134 2
116 134 2
93 135 2
94 135 2
95 135 2
112 135 2
93 136 2
94 136 2
95 136 2
112 136 2
94 137 2
95 137 2
112 137 2
113 137 2
94 138 2
95 138 2
113 138 2
94 139 2
95 139 2
96 139 2
113 139 2
128 139 2
94 140 2
95 140 2
96 140 2
128 140 2
129 140 2
94 141 2
95 141 2
96 141 2
129 141 2
93 142 2
94 142 2
95 142 2
130 142 2
93 143 2
94 143 2
95 143 2
130 143 2
131 143 2
93 144 2
94 144 2
95 144 2
131 144 2
93 145 2
94 145 2
95 145 2
131 145 2
132 145 2
93 146 2
94 146 2
95 146 2
132 146 2
93 147 2
94 147 2
133 147 2
93 148 2
94 148 2
95 148 2
133 148 2
92 149 2
93 149 2
94 149 2
97 149 2
134 149 2
92 150 2
93 150 2
94 150 2
134 150 2
92 151 2
93 151 2
94 151 2
96 151 2
98 151 2
135 151 2
92 152 2
93 152 2
94 152 2
136 152 2
91 153 2
92 153 2
93 153 2
94 153 2
95 153 2
97 153 2
136 153 2
91 154 2
92 154 2
94 154 2
96 154 2
91 155 2
94 155 2
96 155 2
97 155 2
91 156 2
95 156 2
96 156 2
90 157 2
94 157 2
95 157 2
96 157 2
93 158 2
94 158 2
95 158 2
96 158 2
81 159 2
92 159 2
93 159 2
94 159 2
95 159 2
96 159 2
92 160 2
93 160 2
94 160 2
95 160 2
92 161 2
93 161 2
94 161 2
96 161 2
93 162 2
94 162 2
96 162 2
104 162 2
105 162 2
93 163 2
105 163 2
93 164 2
96 164 2
104 164 2
96 165 2
97 165 2
100 166 2
101 166 2
100 167 2
101 167 2
102 167 2
99 168 2
100 168 2
101 168 2
105 168 2
100 169 2
101 169 2
105 169 2
100 170 2
101 170 2
104 170 2
105 170 2
100 171 2
104 171 2
105 171 2
101 172 2
104 172 2
105 172 2
104 173 2
105 173 2
104 174 2
105 174 2
104 175 2
105 175 2
104 176 2
105 176 2
104 177 2
105 177 2
104 178 2
105 178 2
104 179 2
105 179 2
104 180 2
105 180 2
104 181 2
105 181 2
104 182 2
105 182 2
104 183 2
105 183 2
104 184 2
105 184 2
104 185 2
105 185 2
104 186 2
105 186 2
104 187 2
105 187 2
104 188 2
105 188 2
104 189 2
104 190 2
105 190 2
104 191 2
105 191 2
104 192 2
105 192 2
104 193 2
103 194 2
104 194 2
102 195 2
103 195 2
104 195 2
101 196 2
102 196 2
103 196 2
102 197 2
103 197 2
97 199 2
93 200 2
84 203 2
62 206 2
112 207 2
113 207 2
123 207 2
62 208 2
111 208 2
112 208 2
123 208 2
124 208 2
62 209 2
111 209 2
112 209 2
123 209 2
124 209 2
107 210 2
111 210 2
112 210 2
123 210 2
124 210 2
111 211 2
112 211 2
123 211 2
63 212 2
64 212 2
111 212 2
112 212 2
123 212 2
111 213 2
112 213 2
123 213 2
111 214 2
112 214 2
123 214 2
111 215 2
122 215 2
123 215 2
111 216 2
112 216 2
122 216 2
123 216 2
111 217 2
122 217 2
123 217 2
111 218 2
122 218 2
123 218 2
111 219 2
122 219 2
123 219 2
110 220 2
111 220 2
122 220 2
110 221 2
111 221 2
122 221 2
110 222 2
111 222 2
122 222 2
111 223 2
122 223 2
111 224 2
121 224 2
122 224 2
110 225 2
111 225 2
121 225 2
122 225 2
110 226 2
111 226 2
112 226 2
121 226 2
110 227 2
111 227 2
121 227 2
110 228 2
121 228 2
110 229 2
121 229 2
109 230 2
110 230 2
121 230 2
109 231 2
110 231 2
121 231 2
109 232 2
110 232 2
106 236 2
