120 5 0
179 6 0
196 6 0
202 6 0
94 9 0
135 9 0
179 9 0
203 9 0
235 9 0
247 9 0
270 9 0
282 9 0
304 9 0
94 10 0
147 10 0
173 10 0
186 10 0
223 10 0
247 10 0
259 10 0
282 10 0
315 10 0
20 11 0
147 11 0
160 11 0
173 11 0
179 11 0
198 11 0
211 11 0
223 11 0
227 11 0
235 11 0
239 11 0
247 11 0
282 11 0
286 11 0
304 11 0
7 12 0
80 12 0
121 12 0
134 12 0
147 12 0
160 12 0
173 12 0
174 12 0
179 12 0
186 12 0
198 12 0
211 12 0
223 12 0
227 12 0
235 12 0
239 12 0
247 12 0
251 12 0
270 12 0
282 12 0
297 12 0
7 13 0
8 13 0
94 13 0
108 13 0
121 13 0
126 13 0
135 13 0
147 13 0
148 13 0
152 13 0
160 13 0
161 13 0
173 13 0
174 13 0
178 13 0
186 13 0
191 13 0
199 13 0
203 13 0
209 13 0
211 13 0
215 13 0
223 13 0
227 13 0
235 13 0
239 13 0
247 13 0
251 13 0
259 13 0
271 13 0
286 13 0
293 13 0
316 13 0
7 14 0
8 14 0
12 14 0
23 14 0
37 14 0
65 14 0
80 14 0
94 14 0
108 14 0
121 14 0
134 14 0
135 14 0
147 14 0
148 14 0
160 14 0
172 14 0
173 14 0
186 14 0
198 14 0
199 14 0
202 14 0
203 14 0
209 14 0
211 14 0
215 14 0
223 14 0
227 14 0
235 14 0
239 14 0
247 14 0
251 14 0
263 14 0
293 14 0
297 14 0
316 14 0
7 15 0
8 15 0
22 15 0
23 15 0
27 15 0
37 15 0
65 15 0
66 15 0
80 15 0
94 15 0
108 15 0
121 15 0
134 15 0
135 15 0
139 15 0
147 15 0
148 15 0
160 15 0
172 15 0
173 15 0
185 15 0
186 15 0
190 15 0
202 15 0
203 15 0
211 15 0
215 15 0
223 15 0
235 15 0
239 15 0
247 15 0
251 15 0
259 15 0
263 15 0
305 15 0
316 15 0
7 16 0
8 16 0
27 16 0
37 16 0
51 16 0
65 16 0
66 16 0
75 16 0
80 16 0
94 16 0
108 16 0
121 16 0
122 16 0
134 16 0
135 16 0
139 16 0
147 16 0
160 16 0
173 16 0
174 16 0
178 16 0
186 16 0
199 16 0
208 16 0
211 16 0
215 16 0
223 16 0
227 16 0
232 16 0
236 16 0
239 16 0
247 16 0
251 16 0
259 16 0
263 16 0
271 16 0
7 17 0
20 17 0
22 17 0
37 17 0
65 17 0
66 17 0
80 17 0
94 17 0
108 17 0
121 17 0
122 17 0
134 17 0
135 17 0
147 17 0
160 17 0
161 17 0
173 17 0
174 17 0
186 17 0
197 17 0
199 17 0
211 17 0
215 17 0
223 17 0
236 17 0
247 17 0
251 17 0
263 17 0
271 17 0
7 18 0
20 18 0
22 18 0
37 18 0
61 18 0
75 18 0
94 18 0
101 18 0
108 18 0
121 18 0
122 18 0
135 18 0
148 18 0
160 18 0
161 18 0
173 18 0
174 18 0
186 18 0
198 18 0
199 18 0
223 18 0
236 18 0
240 18 0
251 18 0
263 18 0
271 18 0
283 18 0
294 18 0
48 19 0
66 19 0
121 19 0
135 19 0
148 19 0
161 19 0
173 19 0
174 19 0
199 19 0
236 19 0
240 19 0
247 19 0
271 19 0
283 19 0
294 19 0
48 20 0
62 20 0
75 20 0
121 20 0
135 20 0
148 20 0
160 20 0
161 20 0
174 20 0
199 20 0
240 20 0
260 20 0
283 20 0
294 20 0
331 20 0
6 21 0
20 21 0
61 21 0
74 21 0
135 21 0
147 21 0
148 21 0
160 21 0
161 21 0
174 21 0
199 21 0
224 21 0
236 21 0
248 21 0
252 21 0
259 21 0
260 21 0
283 21 0
294 21 0
6 22 0
34 22 0
61 22 0
135 22 0
160 22 0
161 22 0
173 22 0
174 22 0
187 22 0
199 22 0
224 22 0
236 22 0
240 22 0
248 22 0
260 22 0
283 22 0
294 22 0
306 22 0
34 23 0
135 23 0
160 23 0
187 23 0
192 23 0
199 23 0
224 23 0
228 23 0
236 23 0
240 23 0
248 23 0
260 23 0
287 23 0
294 23 0
298 23 0
34 24 0
61 24 0
185 24 0
224 24 0
228 24 0
236 24 0
240 24 0
248 24 0
260 24 0
272 24 0
294 24 0
6 25 0
87 25 0
161 25 0
212 25 0
236 25 0
240 25 0
248 25 0
260 25 0
272 25 0
224 26 0
240 26 0
248 26 0
294 26 0
248 27 0
272 27 0
284 27 0
295 27 0
237 28 0
260 28 0
272 28 0
284 28 0
295 28 0
199 29 0
200 29 0
284 29 0
295 29 0
248 30 0
264 30 0
33 31 0
200 32 0
273 33 0
276 33 0
5 34 0
253 34 0
310 34 0
213 35 0
249 35 0
237 36 0
249 36 0
261 36 0
285 36 0
307 36 0
254 37 0
277 37 0
285 37 0
289 37 0
323 37 0
249 38 0
263 38 0
265 38 0
285 38 0
286 38 0
289 38 0
319 38 0
229 39 0
285 39 0
286 39 0
289 39 0
319 39 0
323 39 0
343 39 0
219 40 0
220 40 0
250 40 0
251 40 0
285 40 0
286 40 0
289 40 0
290 40 0
319 40 0
323 40 0
220 41 0
264 41 0
285 41 0
290 41 0
299 41 0
319 41 0
323 41 0
336 41 0
220 42 0
241 42 0
244 42 0
251 42 0
252 42 0
259 42 0
264 42 0
285 42 0
290 42 0
298 42 0
299 42 0
319 42 0
323 42 0
336 42 0
201 43 0
230 43 0
238 43 0
241 43 0
242 43 0
251 43 0
252 43 0
257 43 0
259 43 0
261 43 0
263 43 0
264 43 0
266 43 0
285 43 0
286 43 0
290 43 0
319 43 0
320 43 0
323 43 0
336 43 0
214 44 0
238 44 0
240 44 0
241 44 0
242 44 0
243 44 0
244 44 0
246 44 0
248 44 0
251 44 0
252 44 0
257 44 0
259 44 0
261 44 0
263 44 0
264 44 0
266 44 0
268 44 0
285 44 0
286 44 0
290 44 0
291 44 0
319 44 0
320 44 0
323 44 0
324 44 0
336 44 0
237 45 0
238 45 0
241 45 0
242 45 0
251 45 0
252 45 0
257 45 0
264 45 0
265 45 0
266 45 0
268 45 0
286 45 0
290 45 0
291 45 0
319 45 0
320 45 0
324 45 0
336 45 0
342 45 0
343 45 0
220 46 0
234 46 0
238 46 0
241 46 0
242 46 0
243 46 0
246 46 0
250 46 0
251 46 0
252 46 0
257 46 0
259 46 0
260 46 0
264 46 0
265 46 0
286 46 0
290 46 0
320 46 0
336 46 0
337 46 0
238 47 0
240 47 0
241 47 0
242 47 0
244 47 0
250 47 0
251 47 0
257 47 0
262 47 0
264 47 0
286 47 0
290 47 0
298 47 0
320 47 0
324 47 0
336 47 0
337 47 0
341 47 0
233 48 0
238 48 0
240 48 0
241 48 0
242 48 0
243 48 0
244 48 0
246 48 0
247 48 0
248 48 0
250 48 0
251 48 0
259 48 0
262 48 0
264 48 0
265 48 0
266 48 0
286 48 0
290 48 0
299 48 0
310 48 0
320 48 0
324 48 0
219 49 0
238 49 0
240 49 0
241 49 0
242 49 0
244 49 0
250 49 0
251 49 0
252 49 0
262 49 0
264 49 0
266 49 0
286 49 0
290 49 0
320 49 0
324 49 0
201 50 0
227 50 0
229 50 0
233 50 0
240 50 0
241 50 0
244 50 0
246 50 0
247 50 0
250 50 0
251 50 0
252 50 0
262 50 0
264 50 0
266 50 0
286 50 0
290 50 0
298 50 0
320 50 0
324 50 0
331 50 0
338 50 0
201 51 0
202 51 0
207 51 0
218 51 0
227 51 0
239 51 0
240 51 0
241 51 0
244 51 0
252 51 0
262 51 0
264 51 0
265 51 0
266 51 0
267 51 0
286 51 0
290 51 0
298 51 0
338 51 0
202 52 0
207 52 0
218 52 0
227 52 0
239 52 0
240 52 0
248 52 0
249 52 0
250 52 0
251 52 0
266 52 0
267 52 0
275 52 0
297 52 0
298 52 0
313 52 0
338 52 0
215 53 0
218 53 0
227 53 0
231 53 0
239 53 0
240 53 0
266 53 0
267 53 0
275 53 0
287 53 0
298 53 0
309 53 0
338 53 0
339 53 0
218 54 0
227 54 0
231 54 0
239 54 0
240 54 0
266 54 0
267 54 0
275 54 0
287 54 0
298 54 0
321 54 0
339 54 0
218 55 0
227 55 0
234 55 0
239 55 0
240 55 0
266 55 0
267 55 0
275 55 0
279 55 0
287 55 0
298 55 0
339 55 0
215 56 0
219 56 0
227 56 0
239 56 0
240 56 0
267 56 0
275 56 0
279 56 0
298 56 0
310 56 0
321 56 0
325 56 0
339 56 0
208 57 0
215 57 0
227 57 0
239 57 0
240 57 0
266 57 0
267 57 0
275 57 0
279 57 0
313 57 0
336 57 0
339 57 0
340 57 0
227 58 0
232 58 0
239 58 0
240 58 0
245 58 0
249 58 0
250 58 0
256 58 0
266 58 0
275 58 0
278 58 0
279 58 0
321 58 0
340 58 0
227 59 0
240 59 0
241 59 0
245 59 0
249 59 0
250 59 0
256 59 0
257 59 0
258 59 0
266 59 0
275 59 0
278 59 0
279 59 0
288 59 0
313 59 0
321 59 0
340 59 0
211 60 0
227 60 0
233 60 0
240 60 0
241 60 0
242 60 0
244 60 0
245 60 0
248 60 0
249 60 0
250 60 0
251 60 0
255 60 0
256 60 0
257 60 0
258 60 0
265 60 0
266 60 0
279 60 0
288 60 0
298 60 0
299 60 0
310 60 0
313 60 0
321 60 0
330 60 0
336 60 0
340 60 0
227 61 0
228 61 0
240 61 0
241 61 0
248 61 0
249 61 0
250 61 0
251 61 0
255 61 0
256 61 0
257 61 0
258 61 0
265 61 0
266 61 0
279 61 0
288 61 0
297 61 0
299 61 0
302 61 0
309 61 0
310 61 0
340 61 0
231 62 0
239 62 0
240 62 0
241 62 0
248 62 0
249 62 0
251 62 0
252 62 0
254 62 0
255 62 0
256 62 0
258 62 0
265 62 0
266 62 0
268 62 0
276 62 0
279 62 0
288 62 0
299 62 0
309 62 0
310 62 0
330 62 0
334 62 0
339 62 0
340 62 0
227 63 0
228 63 0
231 63 0
232 63 0
239 63 0
240 63 0
241 63 0
248 63 0
249 63 0
251 63 0
252 63 0
254 63 0
255 63 0
258 63 0
259 63 0
264 63 0
265 63 0
266 63 0
267 63 0
279 63 0
291 63 0
299 63 0
310 63 0
340 63 0
238 64 0
240 64 0
241 64 0
248 64 0
251 64 0
252 64 0
254 64 0
255 64 0
258 64 0
259 64 0
264 64 0
265 64 0
266 64 0
267 64 0
268 64 0
276 64 0
279 64 0
299 64 0
303 64 0
310 64 0
322 64 0
336 64 0
340 64 0
341 64 0
227 65 0
228 65 0
238 65 0
240 65 0
241 65 0
248 65 0
250 65 0
251 65 0
252 65 0
253 65 0
254 65 0
255 65 0
256 65 0
257 65 0
258 65 0
259 65 0
264 65 0
265 65 0
266 65 0
267 65 0
268 65 0
276 65 0
279 65 0
288 65 0
289 65 0
299 65 0
310 65 0
322 65 0
332 65 0
228 66 0
234 66 0
240 66 0
241 66 0
248 66 0
250 66 0
251 66 0
252 66 0
253 66 0
254 66 0
255 66 0
256 66 0
257 66 0
258 66 0
259 66 0
260 66 0
263 66 0
264 66 0
265 66 0
266 66 0
279 66 0
288 66 0
289 66 0
292 66 0
299 66 0
310 66 0
322 66 0
324 66 0
332 66 0
209 67 0
228 67 0
232 67 0
234 67 0
240 67 0
241 67 0
247 67 0
248 67 0
249 67 0
250 67 0
251 67 0
252 67 0
254 67 0
255 67 0
256 67 0
257 67 0
258 67 0
259 67 0
260 67 0
263 67 0
264 67 0
265 67 0
276 67 0
279 67 0
292 67 0
310 67 0
322 67 0
228 68 0
234 68 0
240 68 0
241 68 0
244 68 0
245 68 0
247 68 0
248 68 0
249 68 0
250 68 0
251 68 0
252 68 0
254 68 0
255 68 0
257 68 0
258 68 0
260 68 0
263 68 0
264 68 0
265 68 0
266 68 0
276 68 0
279 68 0
310 68 0
311 68 0
315 68 0
241 69 0
248 69 0
250 69 0
252 69 0
254 69 0
255 69 0
257 69 0
258 69 0
263 69 0
265 69 0
268 69 0
289 69 0
310 69 0
311 69 0
321 69 0
232 70 0
241 70 0
243 70 0
244 70 0
252 70 0
253 70 0
255 70 0
257 70 0
264 70 0
265 70 0
300 70 0
228 71 0
252 71 0
264 71 0
265 71 0
289 71 0
300 71 0
312 71 0
228 72 0
240 72 0
252 72 0
253 72 0
265 72 0
289 72 0
300 72 0
312 72 0
241 73 0
253 73 0
265 73 0
277 73 0
289 73 0
300 73 0
312 73 0
217 74 0
241 74 0
265 74 0
269 74 0
277 74 0
289 74 0
300 74 0
241 75 0
269 75 0
289 75 0
300 75 0
233 76 0
241 76 0
245 76 0
253 76 0
269 76 0
277 76 0
289 76 0
293 76 0
300 76 0
334 76 0
233 77 0
253 77 0
266 77 0
277 77 0
281 77 0
289 77 0
293 77 0
300 77 0
301 77 0
334 77 0
229 78 0
241 78 0
253 78 0
266 78 0
277 78 0
281 78 0
289 78 0
293 78 0
300 78 0
301 78 0
312 78 0
217 79 0
229 79 0
233 79 0
246 79 0
253 79 0
257 79 0
265 79 0
266 79 0
281 79 0
289 79 0
293 79 0
300 79 0
301 79 0
315 79 0
217 80 0
229 80 0
233 80 0
241 80 0
253 80 0
257 80 0
265 80 0
266 80 0
277 80 0
278 80 0
281 80 0
289 80 0
293 80 0
300 80 0
312 80 0
217 81 0
229 81 0
242 81 0
253 81 0
257 81 0
266 81 0
278 81 0
281 81 0
289 81 0
301 81 0
312 81 0
217 82 0
233 82 0
242 82 0
246 82 0
253 82 0
254 82 0
266 82 0
281 82 0
290 82 0
301 82 0
313 82 0
242 83 0
246 83 0
253 83 0
254 83 0
266 83 0
278 83 0
290 83 0
301 83 0
313 83 0
229 84 0
242 84 0
253 84 0
254 84 0
258 84 0
266 84 0
270 84 0
278 84 0
290 84 0
301 84 0
305 84 0
222 85 0
230 85 0
242 85 0
246 85 0
253 85 0
254 85 0
258 85 0
266 85 0
278 85 0
290 85 0
301 85 0
313 85 0
230 86 0
242 86 0
254 86 0
266 86 0
270 86 0
278 86 0
290 86 0
301 86 0
305 86 0
313 86 0
316 86 0
324 86 0
336 86 0
230 87 0
242 87 0
246 87 0
254 87 0
266 87 0
270 87 0
290 87 0
301 87 0
313 87 0
316 87 0
336 87 0
230 88 0
242 88 0
246 88 0
254 88 0
266 88 0
267 88 0
282 88 0
290 88 0
294 88 0
302 88 0
313 88 0
336 88 0
230 89 0
242 89 0
254 89 0
258 89 0
266 89 0
267 89 0
282 89 0
302 89 0
313 89 0
230 90 0
242 90 0
243 90 0
254 90 0
267 90 0
270 90 0
278 90 0
279 90 0
282 90 0
290 90 0
302 90 0
230 91 0
242 91 0
243 91 0
254 91 0
255 91 0
279 91 0
302 91 0
314 91 0
234 92 0
242 92 0
243 92 0
254 92 0
255 92 0
267 92 0
279 92 0
282 92 0
291 92 0
294 92 0
302 92 0
314 92 0
243 93 0
254 93 0
255 93 0
267 93 0
270 93 0
279 93 0
282 93 0
291 93 0
294 93 0
302 93 0
314 93 0
243 94 0
267 94 0
279 94 0
283 94 0
291 94 0
302 94 0
314 94 0
267 95 0
271 95 0
279 95 0
291 95 0
302 95 0
314 95 0
267 96 0
279 96 0
291 96 0
306 96 0
314 96 0
271 97 0
279 97 0
291 97 0
295 97 0
303 97 0
314 97 0
243 98 0
268 98 0
283 98 0
295 98 0
303 98 0
243 99 0
283 99 0
303 99 0
315 99 0
337 99 0
243 100 0
255 100 0
280 100 0
303 100 0
255 101 0
280 101 0
295 101 0
340 101 0
292 102 0
303 102 0
280 103 0
315 103 0
280 104 0
296 104 0
303 104 0
268 105 0
280 105 0
292 105 0
296 105 0
304 105 0
280 106 0
292 106 0
296 106 0
304 106 0
256 107 0
304 107 0
281 108 0
292 108 0
281 109 0
296 109 0
304 109 0
269 110 0
281 110 0
293 110 0
304 110 0
281 111 0
293 111 0
304 111 0
339 111 0
269 112 0
281 112 0
293 112 0
304 112 0
293 113 0
304 113 0
305 113 0
293 114 0
257 115 0
269 115 0
281 115 0
293 115 0
305 115 0
269 116 0
293 116 0
339 117 0
282 118 0
282 119 0
282 120 0
262 121 0
294 121 0
257 122 0
294 123 0
329 123 0
282 124 0
282 125 0
286 125 0
294 125 0
282 126 0
298 126 0
258 127 0
283 128 0
258 130 0
283 130 0
283 131 0
295 132 0
306 132 0
286 133 0
295 133 0
284 136 0
284 137 0
260 148 0
285 149 0
297 151 0
297 152 0
341 222 0
49 226 0
26 229 0
27 230 0
27 231 0
47 231 0
25 232 0
26 232 0
27 232 0
47 232 0
25 233 0
26 233 0
46 233 0
25 234 0
26 234 0
46 234 0
24 235 0
25 235 0
24 236 0
25 236 0
24 237 0
25 237 0
45 237 0
24 238 0
25 238 0
44 238 0
45 238 0
19 239 0
23 239 0
24 239 0
44 239 0
45 239 0
19 240 0
23 240 0
24 240 0
44 240 0
45 240 0
23 241 0
24 241 0
44 241 0
22 242 0
23 242 0
42 242 0
43 242 0
44 242 0
19 243 0
22 243 0
43 243 0
44 243 0
19 244 0
22 244 0
23 244 0
42 244 0
43 244 0
19 245 0
42 245 0
43 245 0
19 246 0
22 246 0
42 246 0
18 247 0
41 247 0
42 247 0
19 248 0
22 248 0
40 248 0
41 248 0
42 248 0
39 249 0
40 249 0
18 250 0
21 250 0
39 250 0
40 250 0
39 251 0
38 252 0
39 252 0
18 253 0
38 253 0
17 254 0
36 254 0
37 254 0
38 254 0
17 255 0
36 255 0
17 256 0
18 256 0
36 256 0
17 257 0
137 36 1
176 38 1
176 39 1
137 45 1
163 45 1
164 45 1
150 50 1
138 51 1
150 51 1
138 52 1
177 54 1
151 56 1
151 57 1
177 57 1
151 59 1
177 59 1
150 60 1
151 60 1
177 60 1
159 61 1
164 61 1
177 61 1
151 62 1
164 62 1
190 63 1
191 63 1
164 64 1
165 64 1
190 64 1
164 65 1
165 65 1
190 65 1
191 65 1
151 66 1
190 66 1
191 66 1
151 67 1
164 67 1
176 67 1
178 67 1
183 67 1
188 67 1
139 68 1
176 68 1
178 68 1
178 69 1
178 70 1
190 70 1
139 71 1
152 71 1
178 71 1
139 72 1
145 72 1
178 72 1
185 72 1
139 73 1
152 73 1
152 74 1
166 74 1
166 75 1
152 76 1
166 76 1
185 76 1
191 76 1
152 77 1
165 77 1
166 77 1
178 77 1
185 77 1
191 77 1
139 78 1
165 78 1
166 78 1
185 78 1
139 79 1
152 79 1
165 79 1
166 79 1
191 79 1
152 80 1
191 80 1
192 80 1
152 81 1
153 81 1
165 81 1
166 81 1
161 82 1
165 82 1
166 82 1
172 82 1
179 82 1
152 83 1
153 83 1
165 83 1
179 83 1
153 84 1
159 84 1
165 84 1
172 84 1
179 84 1
153 85 1
165 85 1
177 85 1
179 85 1
192 85 1
153 86 1
165 86 1
172 86 1
179 86 1
186 86 1
192 86 1
205 86 1
140 87 1
153 87 1
179 87 1
192 87 1
153 88 1
165 88 1
166 88 1
179 88 1
153 89 1
173 89 1
179 89 1
192 89 1
198 89 1
153 90 1
173 90 1
179 90 1
192 90 1
205 90 1
153 91 1
172 91 1
174 91 1
186 91 1
192 91 1
140 92 1
153 92 1
161 92 1
167 92 1
174 92 1
185 92 1
186 92 1
192 92 1
140 93 1
141 93 1
167 93 1
172 93 1
173 93 1
186 93 1
192 93 1
153 94 1
167 94 1
180 94 1
199 94 1
153 95 1
154 95 1
166 95 1
167 95 1
173 95 1
180 95 1
186 95 1
192 95 1
193 95 1
199 95 1
141 96 1
153 96 1
154 96 1
166 96 1
167 96 1
173 96 1
180 96 1
186 96 1
127 97 1
141 97 1
153 97 1
154 97 1
166 97 1
167 97 1
180 97 1
205 97 1
141 98 1
166 98 1
167 98 1
178 98 1
180 98 1
193 98 1
166 99 1
180 99 1
166 100 1
167 100 1
180 100 1
206 100 1
141 101 1
153 101 1
154 101 1
178 101 1
180 101 1
193 101 1
206 101 1
141 102 1
154 102 1
166 102 1
193 102 1
141 103 1
154 103 1
180 103 1
193 103 1
206 103 1
141 104 1
154 104 1
174 104 1
193 104 1
206 104 1
127 105 1
141 105 1
154 105 1
174 105 1
193 105 1
206 105 1
167 106 1
168 106 1
193 106 1
206 106 1
168 107 1
174 107 1
193 107 1
206 107 1
161 108 1
168 108 1
175 108 1
193 108 1
203 108 1
141 109 1
148 109 1
168 109 1
181 109 1
188 109 1
193 109 1
194 109 1
200 109 1
206 109 1
167 110 1
168 110 1
181 110 1
194 110 1
206 110 1
207 110 1
161 111 1
168 111 1
181 111 1
188 111 1
194 111 1
155 112 1
167 112 1
168 112 1
174 112 1
181 112 1
194 112 1
141 113 1
154 113 1
155 113 1
167 113 1
168 113 1
179 113 1
181 113 1
194 113 1
207 113 1
155 114 1
167 114 1
168 114 1
174 114 1
181 114 1
194 114 1
207 114 1
142 115 1
148 115 1
149 115 1
155 115 1
162 115 1
167 115 1
181 115 1
188 115 1
194 115 1
128 116 1
141 116 1
142 116 1
149 116 1
155 116 1
162 116 1
174 116 1
181 116 1
194 116 1
155 117 1
181 117 1
194 117 1
142 118 1
155 118 1
168 118 1
187 118 1
192 118 1
194 118 1
207 118 1
142 119 1
168 119 1
176 119 1
187 119 1
188 119 1
194 119 1
201 119 1
212 119 1
142 120 1
155 120 1
167 120 1
168 120 1
176 120 1
194 120 1
155 121 1
162 121 1
199 121 1
142 122 1
149 122 1
155 122 1
162 122 1
168 122 1
175 122 1
182 122 1
212 122 1
142 123 1
155 123 1
161 123 1
169 123 1
176 123 1
182 123 1
201 123 1
208 123 1
142 124 1
149 124 1
155 124 1
169 124 1
175 124 1
182 124 1
195 124 1
208 124 1
129 125 1
142 125 1
168 125 1
169 125 1
182 125 1
195 125 1
208 125 1
156 126 1
162 126 1
169 126 1
180 126 1
182 126 1
189 126 1
195 126 1
208 126 1
156 127 1
169 127 1
175 127 1
180 127 1
182 127 1
189 127 1
195 127 1
200 127 1
208 127 1
155 128 1
156 128 1
162 128 1
169 128 1
182 128 1
189 128 1
195 128 1
142 129 1
155 129 1
156 129 1
169 129 1
195 129 1
208 129 1
156 130 1
169 130 1
175 130 1
188 130 1
195 130 1
208 130 1
156 131 1
164 131 1
169 131 1
188 131 1
208 131 1
143 132 1
156 132 1
169 132 1
175 132 1
188 132 1
189 132 1
195 132 1
129 133 1
156 133 1
176 133 1
188 133 1
195 133 1
208 133 1
209 133 1
143 134 1
150 134 1
156 134 1
163 134 1
164 134 1
189 134 1
190 134 1
208 134 1
142 135 1
143 135 1
156 135 1
176 135 1
177 135 1
196 135 1
208 135 1
143 136 1
170 136 1
175 136 1
188 136 1
190 136 1
196 136 1
129 137 1
156 137 1
170 137 1
177 137 1
190 137 1
196 137 1
213 137 1
156 138 1
170 138 1
175 138 1
183 138 1
196 138 1
202 138 1
170 139 1
181 139 1
183 139 1
196 139 1
202 139 1
143 140 1
170 140 1
183 140 1
189 140 1
190 140 1
196 140 1
202 140 1
143 141 1
170 141 1
183 141 1
196 141 1
157 142 1
169 142 1
170 142 1
183 142 1
196 142 1
143 143 1
144 143 1
150 143 1
157 143 1
170 143 1
183 143 1
196 143 1
143 144 1
150 144 1
157 144 1
169 144 1
170 144 1
183 144 1
196 144 1
203 144 1
144 145 1
156 145 1
157 145 1
164 145 1
176 145 1
194 145 1
196 145 1
203 145 1
144 146 1
151 146 1
157 146 1
169 146 1
190 146 1
194 146 1
203 146 1
130 147 1
157 147 1
169 147 1
177 147 1
189 147 1
190 147 1
194 147 1
203 147 1
144 148 1
157 148 1
169 148 1
194 148 1
203 148 1
144 149 1
157 149 1
184 149 1
189 149 1
203 149 1
210 149 1
144 150 1
152 150 1
157 150 1
163 150 1
165 150 1
176 150 1
184 150 1
144 151 1
157 151 1
165 151 1
184 151 1
190 151 1
197 151 1
144 152 1
157 152 1
165 152 1
171 152 1
184 152 1
190 152 1
197 152 1
210 152 1
144 153 1
151 153 1
164 153 1
165 153 1
170 153 1
171 153 1
182 153 1
184 153 1
197 153 1
144 154 1
165 154 1
171 154 1
177 154 1
178 154 1
184 154 1
190 154 1
197 154 1
165 155 1
170 155 1
171 155 1
178 155 1
184 155 1
190 155 1
191 155 1
197 155 1
204 155 1
210 155 1
138 156 1
157 156 1
158 156 1
165 156 1
170 156 1
171 156 1
177 156 1
184 156 1
190 156 1
197 156 1
204 156 1
158 157 1
170 157 1
171 157 1
197 157 1
204 157 1
158 158 1
171 158 1
204 158 1
207 158 1
157 159 1
158 159 1
170 159 1
171 159 1
184 159 1
195 159 1
207 159 1
210 159 1
158 160 1
170 160 1
171 160 1
195 160 1
145 161 1
158 161 1
170 161 1
171 161 1
195 161 1
145 162 1
158 162 1
170 162 1
177 162 1
195 162 1
198 162 1
158 163 1
198 163 1
145 164 1
158 164 1
185 164 1
191 164 1
198 164 1
145 165 1
158 165 1
172 165 1
178 165 1
185 165 1
191 165 1
198 165 1
130 166 1
145 166 1
172 166 1
178 166 1
179 166 1
185 166 1
198 166 1
145 167 1
165 167 1
172 167 1
177 167 1
185 167 1
198 167 1
144 168 1
145 168 1
172 168 1
178 168 1
185 168 1
198 168 1
144 169 1
145 169 1
158 169 1
172 169 1
178 169 1
185 169 1
192 169 1
198 169 1
166 170 1
172 170 1
185 170 1
191 170 1
192 170 1
198 170 1
205 170 1
208 170 1
158 171 1
159 171 1
166 171 1
172 171 1
178 171 1
185 171 1
192 171 1
208 171 1
132 172 1
158 172 1
166 172 1
179 172 1
185 172 1
198 172 1
132 173 1
159 173 1
166 173 1
171 173 1
178 173 1
205 173 1
171 174 1
178 174 1
205 174 1
146 175 1
191 175 1
196 175 1
146 176 1
159 176 1
186 176 1
212 176 1
146 177 1
159 177 1
167 177 1
171 177 1
186 177 1
212 177 1
131 178 1
146 178 1
159 178 1
171 178 1
186 178 1
199 178 1
145 179 1
146 179 1
159 179 1
180 179 1
186 179 1
145 180 1
146 180 1
159 180 1
179 180 1
180 180 1
186 180 1
192 180 1
146 181 1
159 181 1
186 181 1
191 181 1
192 181 1
199 181 1
145 182 1
146 182 1
173 182 1
186 182 1
199 182 1
173 183 1
186 183 1
191 183 1
199 183 1
206 183 1
212 183 1
160 184 1
167 184 1
173 184 1
179 184 1
186 184 1
193 184 1
199 184 1
209 184 1
153 185 1
160 185 1
167 185 1
172 185 1
173 185 1
179 185 1
192 185 1
193 185 1
197 185 1
199 185 1
206 185 1
209 185 1
210 185 1
160 186 1
173 186 1
192 186 1
193 186 1
209 186 1
160 187 1
173 187 1
179 187 1
180 187 1
197 187 1
199 187 1
206 187 1
209 187 1
160 188 1
173 188 1
179 188 1
197 188 1
160 189 1
172 189 1
192 189 1
200 189 1
160 190 1
167 190 1
193 190 1
200 190 1
207 190 1
147 191 1
179 191 1
200 191 1
147 192 1
174 192 1
179 192 1
187 192 1
200 192 1
206 192 1
147 193 1
187 193 1
192 193 1
200 193 1
146 194 1
147 194 1
160 194 1
187 194 1
214 194 1
132 195 1
174 195 1
187 195 1
146 196 1
174 196 1
179 196 1
187 196 1
146 197 1
174 197 1
187 197 1
210 197 1
174 198 1
179 198 1
185 198 1
187 198 1
174 199 1
187 199 1
194 199 1
161 200 1
174 200 1
180 200 1
187 200 1
207 200 1
174 201 1
194 201 1
160 202 1
161 202 1
161 203 1
187 203 1
188 203 1
207 203 1
208 203 1
147 204 1
148 204 1
161 204 1
187 204 1
188 204 1
211 204 1
147 205 1
148 205 1
161 205 1
182 205 1
188 205 1
188 206 1
193 206 1
147 207 1
188 207 1
147 208 1
188 208 1
194 208 1
175 209 1
186 209 1
188 209 1
193 209 1
194 209 1
175 210 1
182 210 1
201 210 1
202 210 1
175 211 1
201 211 1
175 212 1
188 212 1
175 213 1
208 213 1
174 214 1
175 214 1
181 214 1
182 214 1
188 214 1
208 214 1
162 215 1
175 215 1
202 215 1
161 216 1
162 216 1
181 216 1
182 216 1
188 216 1
161 217 1
162 217 1
175 217 1
202 217 1
174 218 1
189 218 1
202 218 1
212 219 1
176 220 1
181 220 1
209 220 1
212 220 1
148 221 1
208 221 1
209 221 1
148 222 1
176 222 1
176 223 1
189 223 1
203 223 1
176 224 1
189 224 1
176 225 1
203 225 1
176 226 1
189 226 1
200 226 1
135 228 1
189 228 1
196 228 1
189 230 1
190 230 1
149 231 1
203 231 1
195 232 1
201 232 1
213 232 1
149 234 1
197 234 1
210 234 1
190 235 1
210 235 1
177 236 1
190 236 1
191 236 1
196 236 1
197 236 1
177 237 1
190 237 1
196 237 1
177 238 1
210 238 1
177 239 1
177 240 1
177 241 1
190 241 1
202 241 1
163 242 1
164 242 1
204 242 1
191 243 1
163 247 1
150 248 1
178 248 1
178 249 1
202 249 1
178 250 1
178 251 1
205 253 1
75 65 2
76 65 2
80 65 2
82 65 2
82 66 2
83 66 2
84 66 2
83 67 2
84 67 2
85 67 2
86 67 2
85 68 2
86 68 2
87 68 2
88 68 2
86 69 2
87 69 2
88 69 2
88 70 2
89 70 2
90 70 2
57 71 2
58 71 2
89 71 2
90 71 2
56 72 2
57 72 2
89 72 2
90 72 2
91 72 2
56 73 2
90 73 2
91 73 2
54 74 2
55 74 2
56 74 2
91 74 2
92 74 2
54 75 2
55 75 2
56 75 2
92 75 2
93 75 2
54 76 2
55 76 2
56 76 2
92 76 2
93 76 2
54 77 2
55 77 2
56 77 2
93 77 2
94 77 2
54 78 2
55 78 2
56 78 2
93 78 2
94 78 2
54 79 2
55 79 2
56 79 2
57 79 2
94 79 2
95 79 2
54 80 2
55 80 2
56 80 2
57 80 2
58 80 2
94 80 2
95 80 2
56 81 2
57 81 2
58 81 2
94 81 2
95 81 2
58 82 2
59 82 2
60 82 2
63 82 2
64 82 2
65 82 2
94 82 2
95 82 2
59 83 2
60 83 2
61 83 2
95 83 2
60 84 2
61 84 2
95 84 2
62 85 2
63 85 2
95 85 2
63 86 2
64 86 2
66 86 2
95 86 2
63 87 2
64 87 2
65 87 2
66 87 2
95 87 2
64 88 2
65 88 2
66 88 2
71 88 2
95 88 2
96 88 2
65 89 2
66 89 2
95 89 2
96 89 2
65 90 2
66 90 2
95 90 2
96 90 2
65 91 2
66 91 2
96 91 2
65 92 2
66 92 2
96 92 2
65 93 2
66 93 2
96 93 2
65 94 2
66 94 2
96 94 2
65 95 2
66 95 2
67 95 2
95 95 2
96 95 2
67 96 2
96 96 2
95 97 2
96 97 2
97 97 2
98 97 2
95 98 2
100 98 2
97 99 2
95 100 2
63 101 2
63 102 2
64 102 2
63 103 2
64 103 2
98 103 2
34 104 2
63 104 2
97 104 2
99 104 2
63 105 2
97 105 2
98 105 2
102 105 2
110 105 2
29 106 2
63 106 2
98 106 2
106 106 2
29 107 2
30 107 2
98 107 2
97 108 2
98 108 2
99 108 2
62 109 2
98 109 2
72 110 2
77 110 2
98 110 2
100 110 2
71 111 2
72 111 2
73 111 2
98 111 2
71 112 2
72 112 2
73 112 2
74 112 2
75 112 2
78 112 2
98 112 2
100 112 2
73 113 2
74 113 2
75 113 2
79 113 2
98 113 2
74 114 2
75 114 2
76 114 2
79 114 2
98 114 2
99 114 2
75 115 2
76 115 2
77 115 2
80 115 2
85 115 2
99 115 2
76 116 2
77 116 2
79 116 2
80 116 2
98 116 2
99 116 2
75 117 2
77 117 2
78 117 2
79 117 2
80 117 2
81 117 2
98 117 2
99 117 2
77 118 2
78 118 2
81 118 2
99 118 2
100 118 2
76 119 2
78 119 2
81 119 2
82 119 2
99 119 2
100 119 2
57 120 2
78 120 2
82 120 2
99 120 2
100 120 2
56 121 2
79 121 2
82 121 2
83 121 2
99 121 2
78 122 2
79 122 2
82 122 2
99 122 2
100 122 2
79 123 2
80 123 2
82 123 2
83 123 2
99 123 2
100 123 2
80 124 2
82 124 2
83 124 2
99 124 2
100 124 2
80 125 2
83 125 2
84 125 2
99 125 2
100 125 2
54 126 2
80 126 2
81 126 2
83 126 2
84 126 2
100 126 2
83 127 2
84 127 2
100 127 2
81 128 2
83 128 2
84 128 2
100 128 2
53 129 2
83 129 2
84 129 2
100 129 2
53 130 2
83 130 2
84 130 2
100 130 2
101 130 2
53 131 2
83 131 2
84 131 2
100 131 2
101 131 2
82 132 2
83 132 2
84 132 2
101 132 2
82 133 2
83 133 2
84 133 2
82 134 2
83 134 2
84 134 2
83 135 2
84 135 2
101 135 2
84 136 2
85 136 2
101 136 2
84 137 2
85 137 2
101 137 2
84 138 2
85 138 2
102 138 2
120 138 2
84 139 2
85 139 2
102 139 2
121 139 2
83 140 2
84 140 2
85 140 2
103 140 2
83 141 2
84 141 2
85 141 2
122 141 2
83 142 2
84 142 2
85 142 2
123 142 2
83 143 2
84 143 2
123 143 2
83 144 2
84 144 2
124 144 2
83 145 2
84 145 2
124 145 2
83 146 2
125 146 2
82 147 2
83 147 2
125 147 2
82 148 2
126 148 2
126 149 2
127 149 2
81 150 2
127 150 2
81 151 2
127 151 2
128 152 2
128 153 2
81 154 2
129 154 2
80 155 2
83 155 2
129 155 2
130 155 2
80 156 2
130 156 2
80 157 2
130 157 2
79 158 2
80 158 2
90 158 2
91 158 2
131 158 2
90 159 2
92 159 2
131 159 2
91 160 2
92 160 2
132 160 2
79 161 2
91 161 2
83 162 2
85 162 2
87 162 2
82 163 2
83 163 2
87 163 2
90 163 2
82 164 2
87 164 2
90 164 2
48 165 2
82 165 2
88 166 2
46 167 2
87 167 2
88 167 2
87 168 2
88 168 2
88 169 2
87 170 2
95 170 2
96 170 2
95 171 2
94 172 2
95 172 2
94 173 2
95 173 2
96 173 2
95 174 2
96 174 2
95 175 2
96 175 2
94 176 2
95 176 2
94 177 2
95 177 2
94 178 2
95 178 2
94 179 2
94 180 2
93 181 2
94 181 2
93 182 2
94 182 2
93 183 2
93 184 2
93 185 2
92 186 2
93 186 2
92 187 2
93 187 2
92 188 2
93 188 2
92 189 2
93 189 2
92 190 2
93 190 2
92 191 2
93 191 2
92 192 2
93 192 2
8 193 2
92 193 2
93 193 2
8 194 2
91 194 2
92 194 2
93 194 2
16 195 2
17 195 2
91 195 2
92 195 2
93 195 2
7 196 2
16 196 2
90 196 2
93 196 2
7 197 2
16 197 2
88 197 2
89 197 2
93 197 2
6 198 2
16 198 2
17 198 2
94 198 2
95 198 2
6 199 2
16 199 2
17 199 2
94 199 2
96 199 2
6 200 2
16 200 2
17 200 2
6 201 2
16 201 2
6 202 2
17 202 2
16 204 2
98 204 2
15 205 2
98 205 2
98 206 2
99 208 2
101 209 2
112 209 2
113 209 2
100 210 2
101 210 2
108 210 2
113 210 2
101 211 2
112 211 2
113 211 2
100 212 2
101 212 2
112 212 2
113 212 2
100 213 2
101 213 2
112 213 2
113 213 2
100 214 2
101 214 2
112 214 2
113 214 2
100 215 2
101 215 2
112 215 2
113 215 2
100 216 2
101 216 2
112 216 2
113 216 2
100 217 2
101 217 2
112 217 2
100 218 2
101 218 2
111 218 2
112 218 2
101 219 2
111 219 2
112 219 2
100 220 2
101 220 2
111 220 2
112 220 2
101 221 2
111 221 2
112 221 2
100 222 2
101 222 2
111 222 2
100 223 2
110 223 2
111 223 2
100 224 2
101 224 2
110 224 2
111 224 2
100 225 2
101 225 2
110 225 2
100 226 2
101 226 2
110 226 2
100 227 2
109 227 2
110 227 2
100 228 2
101 228 2
109 228 2
110 228 2
99 229 2
100 229 2
109 229 2
110 229 2
99 230 2
100 230 2
108 230 2
109 230 2
99 231 2
100 231 2
108 231 2
109 231 2
99 232 2
108 232 2
109 232 2
99 233 2
108 233 2
109 233 2
99 234 2
100 234 2
108 234 2
104 235 2
105 235 2
99 239 2
