266 13 0
270 13 0
290 13 0
218 15 0
206 16 0
259 16 0
247 17 0
219 18 0
143 19 0
223 19 0
267 19 0
283 19 0
219 20 0
223 20 0
224 20 0
231 20 0
255 20 0
173 21 0
244 21 0
279 21 0
317 21 0
156 22 0
194 22 0
231 22 0
247 22 0
260 22 0
291 22 0
156 23 0
194 23 0
207 23 0
236 23 0
248 23 0
260 23 0
271 23 0
272 23 0
143 24 0
187 24 0
207 24 0
235 24 0
248 24 0
295 24 0
302 24 0
117 25 0
160 25 0
186 25 0
207 25 0
211 25 0
212 25 0
268 25 0
280 25 0
283 25 0
303 25 0
135 26 0
143 26 0
144 26 0
220 26 0
232 26 0
256 26 0
268 26 0
280 26 0
284 26 0
292 26 0
143 27 0
169 27 0
175 27 0
182 27 0
195 27 0
199 27 0
200 27 0
212 27 0
220 27 0
232 27 0
244 27 0
256 27 0
280 27 0
326 27 0
144 28 0
156 28 0
182 28 0
188 28 0
195 28 0
220 28 0
224 28 0
225 28 0
268 28 0
269 28 0
296 28 0
315 28 0
156 29 0
157 29 0
174 29 0
195 29 0
213 29 0
237 29 0
248 29 0
268 29 0
269 29 0
296 29 0
315 29 0
144 30 0
156 30 0
193 30 0
208 30 0
220 30 0
245 30 0
269 30 0
280 30 0
281 30 0
292 30 0
303 30 0
304 30 0
319 30 0
327 30 0
338 30 0
144 31 0
157 31 0
170 31 0
208 31 0
256 31 0
281 31 0
304 31 0
118 32 0
131 32 0
208 32 0
249 32 0
257 32 0
261 32 0
144 33 0
157 33 0
208 33 0
245 33 0
249 33 0
257 33 0
261 33 0
304 33 0
221 34 0
245 34 0
233 35 0
257 35 0
269 35 0
293 35 0
316 35 0
319 35 0
145 36 0
170 36 0
175 36 0
182 36 0
183 36 0
233 36 0
257 36 0
293 36 0
316 36 0
183 37 0
196 37 0
257 37 0
281 37 0
196 38 0
249 38 0
250 38 0
285 38 0
293 38 0
316 38 0
339 38 0
196 39 0
270 39 0
297 39 0
316 39 0
158 40 0
209 40 0
233 40 0
234 40 0
294 40 0
297 40 0
209 41 0
246 41 0
257 41 0
294 41 0
305 41 0
332 41 0
258 42 0
282 42 0
298 42 0
328 42 0
222 43 0
258 43 0
270 43 0
272 43 0
294 43 0
328 43 0
294 44 0
298 44 0
318 44 0
319 44 0
197 45 0
272 45 0
294 45 0
247 46 0
251 46 0
260 46 0
222 47 0
258 47 0
274 47 0
333 47 0
222 48 0
245 48 0
329 48 0
209 49 0
210 49 0
247 49 0
251 49 0
259 49 0
270 49 0
295 49 0
298 49 0
299 49 0
320 49 0
209 50 0
245 50 0
253 50 0
259 50 0
266 50 0
270 50 0
294 50 0
295 50 0
329 50 0
334 50 0
215 51 0
245 51 0
258 51 0
261 51 0
273 51 0
287 51 0
295 51 0
333 51 0
246 52 0
249 52 0
259 52 0
270 52 0
272 52 0
273 52 0
306 52 0
245 53 0
253 53 0
273 53 0
283 53 0
334 53 0
226 54 0
246 54 0
247 54 0
252 54 0
253 54 0
259 54 0
260 54 0
276 54 0
295 54 0
330 54 0
334 54 0
246 55 0
255 55 0
261 55 0
267 55 0
271 55 0
295 55 0
296 55 0
299 55 0
300 55 0
334 55 0
204 56 0
221 56 0
223 56 0
228 56 0
235 56 0
246 56 0
249 56 0
261 56 0
271 56 0
272 56 0
273 56 0
295 56 0
296 56 0
300 56 0
330 56 0
342 56 0
210 57 0
219 57 0
223 57 0
246 57 0
247 57 0
251 57 0
261 57 0
288 57 0
296 57 0
307 57 0
210 58 0
216 58 0
251 58 0
267 58 0
271 58 0
274 58 0
296 58 0
330 58 0
331 58 0
335 58 0
210 59 0
242 59 0
262 59 0
269 59 0
274 59 0
307 59 0
311 59 0
331 59 0
242 60 0
243 60 0
251 60 0
274 60 0
284 60 0
286 60 0
300 60 0
319 60 0
227 61 0
238 61 0
246 61 0
247 61 0
248 61 0
253 61 0
262 61 0
274 61 0
284 61 0
296 61 0
300 61 0
301 61 0
224 62 0
227 62 0
247 62 0
248 62 0
256 62 0
259 62 0
277 62 0
296 62 0
300 62 0
331 62 0
224 63 0
235 63 0
236 63 0
248 63 0
253 63 0
259 63 0
260 63 0
297 63 0
211 64 0
220 64 0
222 64 0
223 64 0
224 64 0
256 64 0
259 64 0
260 64 0
261 64 0
262 64 0
275 64 0
276 64 0
297 64 0
308 64 0
343 64 0
211 65 0
216 65 0
228 65 0
240 65 0
261 65 0
267 65 0
272 65 0
274 65 0
275 65 0
285 65 0
297 65 0
301 65 0
312 65 0
211 66 0
217 66 0
228 66 0
248 66 0
249 66 0
259 66 0
260 66 0
261 66 0
267 66 0
274 66 0
275 66 0
289 66 0
297 66 0
301 66 0
312 66 0
323 66 0
331 66 0
341 66 0
217 67 0
228 67 0
241 67 0
248 67 0
249 67 0
256 67 0
257 67 0
258 67 0
260 67 0
263 67 0
267 67 0
275 67 0
284 67 0
285 67 0
320 67 0
236 68 0
237 68 0
248 68 0
249 68 0
255 68 0
257 68 0
261 68 0
267 68 0
275 68 0
285 68 0
288 68 0
320 68 0
332 68 0
334 68 0
236 69 0
248 69 0
258 69 0
259 69 0
260 69 0
267 69 0
268 69 0
273 69 0
274 69 0
275 69 0
278 69 0
288 69 0
309 69 0
322 69 0
334 69 0
221 70 0
249 70 0
250 70 0
257 70 0
258 70 0
260 70 0
261 70 0
267 70 0
268 70 0
278 70 0
309 70 0
325 70 0
217 71 0
225 71 0
249 71 0
250 71 0
260 71 0
268 71 0
273 71 0
302 71 0
324 71 0
217 72 0
224 72 0
225 72 0
229 72 0
249 72 0
258 72 0
265 72 0
266 72 0
268 72 0
302 72 0
309 72 0
312 72 0
324 72 0
229 73 0
249 73 0
250 73 0
261 73 0
265 73 0
268 73 0
286 73 0
289 73 0
298 73 0
301 73 0
302 73 0
320 73 0
333 73 0
336 73 0
212 74 0
236 74 0
237 74 0
249 74 0
258 74 0
259 74 0
264 74 0
265 74 0
289 74 0
290 74 0
309 74 0
310 74 0
314 74 0
321 74 0
333 74 0
336 74 0
237 75 0
249 75 0
250 75 0
262 75 0
264 75 0
290 75 0
298 75 0
309 75 0
310 75 0
324 75 0
325 75 0
218 76 0
237 76 0
249 76 0
261 76 0
262 76 0
268 76 0
278 76 0
310 76 0
336 76 0
237 77 0
259 77 0
274 77 0
278 77 0
286 77 0
310 77 0
313 77 0
225 78 0
226 78 0
237 78 0
242 78 0
274 78 0
286 78 0
310 78 0
322 78 0
333 78 0
259 79 0
321 79 0
250 80 0
251 80 0
265 80 0
266 80 0
269 80 0
274 80 0
277 80 0
290 80 0
299 80 0
302 80 0
303 80 0
321 80 0
213 81 0
225 81 0
241 81 0
250 81 0
251 81 0
265 81 0
266 81 0
267 81 0
298 81 0
299 81 0
303 81 0
310 81 0
321 81 0
326 81 0
238 82 0
250 82 0
251 82 0
262 82 0
263 82 0
279 82 0
302 82 0
303 82 0
310 82 0
238 83 0
255 83 0
262 83 0
279 83 0
314 83 0
322 83 0
323 83 0
238 84 0
267 84 0
275 84 0
276 84 0
279 84 0
290 84 0
291 84 0
310 84 0
311 84 0
314 84 0
322 84 0
323 84 0
334 84 0
262 85 0
267 85 0
275 85 0
287 85 0
291 85 0
310 85 0
314 85 0
251 86 0
262 86 0
275 86 0
278 86 0
287 86 0
291 86 0
322 86 0
323 86 0
226 87 0
251 87 0
255 87 0
275 87 0
338 87 0
251 88 0
255 88 0
256 88 0
267 88 0
299 88 0
303 88 0
304 88 0
251 89 0
275 89 0
299 89 0
300 89 0
303 89 0
304 89 0
311 89 0
312 89 0
251 90 0
255 90 0
263 90 0
264 90 0
276 90 0
300 90 0
311 90 0
312 90 0
326 90 0
327 90 0
335 90 0
230 91 0
231 91 0
239 91 0
263 91 0
264 91 0
268 91 0
276 91 0
280 91 0
288 91 0
315 91 0
323 91 0
324 91 0
327 91 0
239 92 0
263 92 0
268 92 0
276 92 0
280 92 0
288 92 0
289 92 0
315 92 0
324 92 0
327 92 0
227 93 0
228 93 0
263 93 0
268 93 0
276 93 0
288 93 0
291 93 0
292 93 0
335 93 0
227 94 0
244 94 0
323 94 0
339 94 0
227 95 0
244 95 0
252 95 0
256 95 0
300 95 0
301 95 0
324 95 0
339 95 0
227 96 0
252 96 0
256 96 0
300 96 0
301 96 0
304 96 0
312 96 0
327 96 0
240 97 0
252 97 0
264 97 0
304 97 0
312 97 0
316 97 0
324 97 0
325 97 0
240 98 0
264 98 0
269 98 0
277 98 0
280 98 0
293 98 0
300 98 0
312 98 0
316 98 0
324 98 0
325 98 0
336 98 0
264 99 0
277 99 0
280 99 0
289 99 0
292 99 0
293 99 0
312 99 0
325 99 0
240 100 0
264 100 0
277 100 0
289 100 0
293 100 0
324 100 0
240 101 0
277 101 0
289 101 0
228 102 0
253 102 0
228 103 0
253 103 0
257 103 0
301 103 0
302 103 0
305 103 0
313 103 0
340 103 0
253 104 0
301 104 0
302 104 0
305 104 0
313 104 0
314 104 0
253 105 0
265 105 0
290 105 0
305 105 0
313 105 0
325 105 0
326 105 0
329 105 0
256 106 0
265 106 0
278 106 0
290 106 0
294 106 0
305 106 0
313 106 0
325 106 0
326 106 0
329 106 0
241 107 0
257 107 0
265 107 0
270 107 0
278 107 0
317 107 0
257 108 0
290 108 0
294 108 0
325 108 0
326 108 0
265 109 0
278 109 0
290 109 0
302 109 0
303 109 0
325 109 0
326 109 0
254 110 0
268 110 0
302 110 0
303 110 0
229 111 0
254 111 0
290 111 0
302 111 0
303 111 0
314 111 0
330 111 0
341 111 0
229 112 0
254 112 0
266 112 0
314 112 0
327 112 0
266 113 0
271 113 0
302 113 0
306 113 0
314 113 0
338 113 0
242 114 0
266 114 0
271 114 0
279 114 0
282 114 0
291 114 0
295 114 0
306 114 0
314 114 0
327 114 0
338 114 0
229 115 0
266 115 0
279 115 0
291 115 0
306 115 0
314 115 0
327 115 0
266 116 0
279 116 0
291 116 0
318 116 0
291 117 0
295 118 0
315 118 0
230 119 0
255 119 0
303 119 0
304 119 0
307 119 0
308 119 0
315 119 0
316 119 0
307 120 0
315 120 0
267 121 0
292 121 0
315 121 0
318 121 0
280 122 0
292 122 0
315 122 0
280 123 0
292 123 0
267 124 0
280 124 0
292 124 0
267 125 0
280 125 0
292 125 0
296 125 0
280 126 0
292 126 0
296 126 0
304 126 0
305 126 0
280 127 0
305 127 0
344 127 0
280 129 0
341 130 0
268 131 0
293 131 0
293 132 0
296 132 0
293 133 0
297 134 0
306 135 0
318 135 0
318 137 0
294 139 0
294 140 0
306 140 0
282 141 0
294 141 0
298 142 0
310 144 0
307 145 0
294 146 0
307 147 0
275 149 0
81 18 1
82 18 1
62 64 1
63 64 1
66 64 1
67 64 1
66 65 1
67 65 1
69 65 1
70 65 1
71 65 1
72 65 1
70 66 1
71 66 1
72 66 1
73 66 1
74 66 1
73 67 1
74 67 1
75 67 1
74 68 1
75 68 1
76 68 1
77 68 1
48 69 1
49 69 1
75 69 1
76 69 1
77 69 1
78 69 1
46 70 1
47 70 1
48 70 1
49 70 1
76 70 1
77 70 1
78 70 1
79 70 1
45 71 1
46 71 1
47 71 1
48 71 1
77 71 1
78 71 1
79 71 1
80 71 1
45 72 1
46 72 1
47 72 1
78 72 1
79 72 1
80 72 1
44 73 1
45 73 1
46 73 1
79 73 1
80 73 1
81 73 1
82 73 1
42 74 1
43 74 1
44 74 1
45 74 1
80 74 1
81 74 1
82 74 1
42 75 1
43 75 1
44 75 1
81 75 1
82 75 1
42 76 1
43 76 1
44 76 1
81 76 1
82 76 1
83 76 1
41 77 1
42 77 1
43 77 1
44 77 1
82 77 1
83 77 1
42 78 1
43 78 1
82 78 1
83 78 1
42 79 1
43 79 1
44 79 1
83 79 1
84 79 1
42 80 1
43 80 1
44 80 1
83 80 1
84 80 1
42 81 1
43 81 1
44 81 1
45 81 1
83 81 1
84 81 1
85 81 1
42 82 1
43 82 1
44 82 1
45 82 1
46 82 1
84 82 1
85 82 1
43 83 1
44 83 1
45 83 1
46 83 1
47 83 1
84 83 1
85 83 1
44 84 1
45 84 1
46 84 1
47 84 1
48 84 1
52 84 1
53 84 1
84 84 1
85 84 1
46 85 1
47 85 1
48 85 1
49 85 1
53 85 1
54 85 1
84 85 1
85 85 1
86 85 1
47 86 1
48 86 1
49 86 1
50 86 1
53 86 1
54 86 1
84 86 1
85 86 1
86 86 1
48 87 1
49 87 1
50 87 1
51 87 1
53 87 1
54 87 1
85 87 1
86 87 1
21 88 1
50 88 1
51 88 1
53 88 1
54 88 1
59 88 1
85 88 1
86 88 1
51 89 1
52 89 1
53 89 1
54 89 1
55 89 1
58 89 1
85 89 1
86 89 1
17 90 1
51 90 1
52 90 1
53 90 1
58 90 1
85 90 1
86 90 1
87 90 1
15 91 1
52 91 1
53 91 1
54 91 1
55 91 1
58 91 1
85 91 1
86 91 1
52 92 1
53 92 1
54 92 1
65 92 1
86 92 1
52 93 1
53 93 1
54 93 1
86 93 1
87 93 1
52 94 1
53 94 1
54 94 1
86 94 1
87 94 1
53 95 1
54 95 1
55 95 1
58 95 1
86 95 1
87 95 1
53 96 1
54 96 1
55 96 1
61 96 1
86 96 1
87 96 1
53 97 1
54 97 1
58 97 1
86 97 1
87 97 1
53 98 1
54 98 1
86 98 1
87 98 1
88 98 1
54 99 1
86 99 1
87 99 1
88 99 1
52 100 1
53 100 1
54 100 1
86 100 1
87 100 1
88 100 1
52 101 1
53 101 1
54 101 1
86 101 1
87 101 1
88 101 1
52 102 1
53 102 1
54 102 1
87 102 1
88 102 1
52 103 1
53 103 1
87 103 1
52 104 1
53 104 1
63 104 1
87 104 1
88 104 1
52 105 1
53 105 1
85 105 1
87 105 1
52 106 1
53 106 1
64 106 1
85 106 1
88 106 1
89 106 1
31 107 1
52 107 1
53 107 1
85 107 1
88 107 1
51 108 1
52 108 1
49 109 1
50 109 1
51 109 1
52 109 1
63 109 1
85 109 1
50 110 1
51 110 1
52 110 1
57 110 1
58 110 1
64 110 1
65 110 1
73 110 1
89 110 1
51 111 1
52 111 1
56 111 1
57 111 1
60 111 1
64 111 1
65 111 1
66 111 1
74 111 1
52 112 1
58 112 1
59 112 1
60 112 1
61 112 1
62 112 1
65 112 1
66 112 1
67 112 1
74 112 1
85 112 1
89 112 1
59 113 1
60 113 1
61 113 1
62 113 1
63 113 1
66 113 1
67 113 1
74 113 1
85 113 1
86 113 1
89 113 1
60 114 1
61 114 1
62 114 1
63 114 1
67 114 1
68 114 1
74 114 1
61 115 1
62 115 1
63 115 1
64 115 1
67 115 1
68 115 1
69 115 1
74 115 1
90 115 1
62 116 1
63 116 1
64 116 1
65 116 1
67 116 1
68 116 1
69 116 1
70 116 1
90 116 1
63 117 1
64 117 1
65 117 1
66 117 1
68 117 1
69 117 1
70 117 1
75 117 1
90 117 1
64 118 1
65 118 1
66 118 1
69 118 1
70 118 1
71 118 1
81 118 1
90 118 1
64 119 1
65 119 1
66 119 1
70 119 1
71 119 1
90 119 1
64 120 1
65 120 1
66 120 1
67 120 1
70 120 1
71 120 1
72 120 1
91 120 1
65 121 1
66 121 1
67 121 1
71 121 1
72 121 1
76 121 1
91 121 1
43 122 1
65 122 1
66 122 1
67 122 1
71 122 1
72 122 1
66 123 1
67 123 1
68 123 1
71 123 1
72 123 1
73 123 1
67 124 1
68 124 1
69 124 1
72 124 1
73 124 1
43 125 1
67 125 1
68 125 1
69 125 1
72 125 1
73 125 1
74 125 1
92 125 1
41 126 1
68 126 1
69 126 1
72 126 1
73 126 1
74 126 1
42 127 1
43 127 1
68 127 1
69 127 1
70 127 1
72 127 1
73 127 1
74 127 1
69 128 1
70 128 1
73 128 1
74 128 1
70 129 1
73 129 1
74 129 1
81 129 1
70 130 1
71 130 1
73 130 1
74 130 1
75 130 1
81 130 1
42 131 1
70 131 1
71 131 1
72 131 1
73 131 1
74 131 1
75 131 1
94 131 1
42 132 1
71 132 1
73 132 1
74 132 1
75 132 1
71 133 1
73 133 1
74 133 1
75 133 1
72 134 1
73 134 1
74 134 1
75 134 1
81 134 1
72 135 1
73 135 1
74 135 1
75 135 1
81 135 1
43 136 1
74 136 1
75 136 1
76 136 1
81 136 1
73 137 1
74 137 1
75 137 1
76 137 1
74 138 1
75 138 1
76 138 1
96 138 1
74 139 1
75 139 1
76 139 1
114 139 1
44 140 1
74 140 1
75 140 1
76 140 1
45 141 1
74 141 1
75 141 1
76 141 1
81 141 1
114 141 1
74 142 1
75 142 1
76 142 1
115 142 1
116 142 1
42 143 1
74 143 1
75 143 1
76 143 1
116 143 1
42 144 1
46 144 1
74 144 1
75 144 1
76 144 1
117 144 1
42 145 1
74 145 1
75 145 1
117 145 1
42 146 1
73 146 1
74 146 1
75 146 1
117 146 1
42 147 1
73 147 1
74 147 1
118 147 1
119 147 1
74 148 1
75 148 1
119 148 1
120 148 1
72 149 1
73 149 1
74 149 1
119 149 1
120 149 1
72 150 1
78 150 1
120 150 1
121 150 1
78 151 1
120 151 1
121 151 1
36 152 1
71 152 1
72 152 1
73 152 1
121 152 1
122 152 1
36 153 1
46 153 1
71 153 1
73 153 1
77 153 1
81 153 1
122 153 1
37 154 1
42 154 1
72 154 1
76 154 1
81 154 1
122 154 1
123 154 1
42 155 1
72 155 1
123 155 1
37 156 1
42 156 1
73 156 1
123 156 1
124 156 1
37 157 1
44 157 1
69 157 1
71 157 1
73 157 1
123 157 1
124 157 1
74 158 1
83 158 1
123 158 1
124 158 1
125 158 1
37 159 1
71 159 1
74 159 1
83 159 1
124 159 1
125 159 1
37 160 1
69 160 1
76 160 1
125 160 1
126 160 1
37 161 1
72 161 1
75 161 1
76 161 1
82 161 1
126 161 1
75 162 1
82 162 1
83 162 1
126 162 1
127 162 1
76 163 1
81 163 1
82 163 1
83 163 1
127 163 1
79 164 1
83 164 1
84 164 1
127 164 1
128 164 1
79 165 1
80 165 1
84 165 1
128 165 1
38 166 1
79 166 1
81 166 1
84 166 1
128 166 1
129 166 1
79 167 1
81 167 1
89 167 1
128 167 1
129 167 1
79 168 1
81 168 1
83 168 1
129 168 1
37 169 1
79 169 1
81 169 1
83 169 1
88 169 1
89 169 1
129 169 1
130 169 1
38 170 1
78 170 1
79 170 1
81 170 1
82 170 1
88 170 1
89 170 1
129 170 1
130 170 1
38 171 1
78 171 1
80 171 1
81 171 1
84 171 1
88 171 1
89 171 1
130 171 1
88 172 1
89 172 1
130 172 1
131 172 1
88 173 1
130 173 1
131 173 1
88 174 1
129 174 1
130 174 1
87 175 1
88 175 1
129 175 1
87 176 1
88 176 1
87 177 1
88 177 1
87 178 1
88 178 1
125 178 1
87 179 1
86 180 1
87 180 1
37 181 1
86 181 1
86 182 1
85 183 1
86 183 1
85 184 1
86 184 1
117 184 1
85 185 1
86 185 1
85 186 1
85 187 1
85 188 1
37 189 1
84 189 1
85 189 1
37 190 1
84 190 1
37 191 1
38 191 1
83 191 1
84 191 1
85 191 1
38 192 1
39 192 1
83 192 1
84 192 1
85 192 1
39 193 1
82 193 1
83 193 1
84 193 1
82 194 1
83 194 1
84 194 1
85 194 1
84 195 1
85 195 1
84 196 1
85 196 1
85 197 1
86 197 1
86 198 1
87 198 1
88 198 1
89 198 1
87 199 1
94 199 1
95 199 1
94 200 1
95 200 1
94 201 1
95 201 1
94 202 1
95 202 1
90 203 1
94 203 1
95 203 1
90 204 1
94 204 1
95 204 1
90 205 1
91 205 1
94 205 1
95 205 1
96 205 1
90 206 1
91 206 1
94 206 1
95 206 1
91 207 1
94 207 1
95 207 1
94 208 1
95 208 1
94 209 1
95 209 1
96 209 1
95 210 1
102 210 1
93 211 1
97 211 1
98 211 1
99 211 1
100 211 1
101 211 1
93 212 1
94 212 1
100 212 1
101 212 1
102 212 1
93 213 1
94 213 1
102 213 1
93 214 1
94 214 1
102 214 1
7 215 1
93 215 1
94 215 1
93 216 1
94 216 1
95 216 1
94 217 1
94 218 1
94 219 1
94 220 1
94 221 1
99 221 1
100 221 1
94 222 1
98 222 1
99 222 1
100 222 1
94 223 1
99 223 1
94 224 1
98 224 1
99 224 1
94 225 1
97 225 1
98 225 1
99 225 1
94 226 1
94 227 1
9 232 1
10 232 1
92 232 1
91 234 1
171 49 2
171 50 2
145 53 2
171 53 2
177 54 2
170 55 2
184 55 2
170 56 2
184 56 2
184 57 2
158 58 2
158 59 2
146 60 2
178 60 2
146 61 2
172 61 2
178 61 2
172 62 2
158 63 2
159 63 2
172 63 2
146 64 2
158 64 2
159 64 2
172 64 2
146 65 2
172 65 2
146 66 2
203 66 2
141 67 2
146 67 2
172 67 2
146 68 2
153 68 2
171 68 2
172 68 2
198 68 2
152 69 2
171 69 2
172 69 2
185 69 2
133 70 2
146 70 2
171 70 2
185 70 2
198 70 2
146 71 2
159 71 2
185 71 2
186 71 2
146 72 2
159 72 2
185 72 2
198 73 2
199 73 2
159 75 2
160 75 2
173 75 2
185 75 2
146 76 2
147 76 2
159 76 2
160 76 2
173 76 2
180 76 2
199 76 2
146 77 2
147 77 2
160 77 2
173 77 2
199 77 2
160 78 2
172 78 2
173 78 2
186 78 2
160 79 2
173 79 2
186 79 2
147 80 2
186 80 2
199 80 2
147 81 2
168 81 2
173 81 2
199 81 2
147 82 2
168 82 2
173 82 2
193 82 2
147 83 2
168 83 2
193 83 2
199 83 2
205 83 2
147 84 2
186 84 2
192 84 2
199 84 2
180 85 2
147 87 2
148 87 2
174 87 2
180 87 2
160 88 2
168 88 2
174 88 2
199 88 2
200 88 2
160 89 2
161 89 2
173 89 2
174 89 2
160 90 2
161 90 2
174 90 2
187 90 2
213 90 2
148 91 2
161 91 2
174 91 2
187 91 2
200 91 2
155 92 2
161 92 2
169 92 2
174 92 2
180 92 2
187 92 2
200 92 2
155 93 2
161 93 2
173 93 2
174 93 2
187 93 2
200 93 2
143 94 2
161 94 2
169 94 2
173 94 2
179 94 2
187 94 2
148 95 2
161 95 2
173 95 2
187 95 2
200 95 2
148 96 2
173 96 2
187 96 2
200 96 2
148 97 2
200 97 2
188 98 2
173 99 2
188 99 2
200 99 2
149 100 2
175 100 2
188 100 2
149 101 2
161 101 2
162 101 2
175 101 2
188 101 2
161 102 2
162 102 2
175 102 2
181 102 2
188 102 2
201 102 2
162 103 2
174 103 2
175 103 2
181 103 2
188 103 2
201 103 2
207 103 2
149 104 2
156 104 2
162 104 2
174 104 2
175 104 2
188 104 2
195 104 2
198 104 2
201 104 2
149 105 2
162 105 2
186 105 2
195 105 2
201 105 2
135 106 2
162 106 2
174 106 2
175 106 2
188 106 2
201 106 2
214 106 2
162 107 2
175 107 2
188 107 2
195 107 2
201 107 2
214 107 2
156 108 2
201 108 2
214 108 2
182 109 2
201 109 2
162 110 2
182 110 2
214 110 2
215 110 2
149 111 2
162 111 2
175 111 2
176 111 2
182 111 2
201 111 2
202 111 2
149 112 2
150 112 2
176 112 2
189 112 2
195 112 2
136 113 2
149 113 2
150 113 2
176 113 2
182 113 2
195 113 2
202 113 2
150 114 2
176 114 2
183 114 2
189 114 2
202 114 2
150 115 2
176 115 2
182 115 2
189 115 2
202 115 2
150 116 2
162 116 2
163 116 2
175 116 2
176 116 2
182 116 2
189 116 2
195 116 2
202 116 2
150 117 2
162 117 2
163 117 2
175 117 2
176 117 2
189 117 2
202 117 2
215 117 2
150 118 2
162 118 2
163 118 2
169 118 2
175 118 2
189 118 2
202 118 2
150 119 2
157 119 2
163 119 2
175 119 2
176 119 2
189 119 2
150 120 2
155 120 2
163 120 2
171 120 2
176 120 2
189 120 2
195 120 2
150 121 2
157 121 2
183 121 2
200 121 2
150 122 2
163 122 2
171 122 2
175 122 2
195 122 2
216 122 2
150 123 2
171 123 2
183 123 2
190 123 2
195 123 2
207 123 2
208 123 2
209 123 2
158 124 2
163 124 2
190 124 2
196 124 2
216 124 2
150 125 2
177 125 2
190 125 2
150 126 2
163 126 2
177 126 2
188 126 2
190 126 2
197 126 2
163 127 2
171 127 2
177 127 2
188 127 2
190 127 2
196 127 2
163 128 2
164 128 2
177 128 2
190 128 2
196 128 2
203 128 2
164 129 2
176 129 2
177 129 2
190 129 2
197 129 2
203 129 2
216 129 2
163 130 2
164 130 2
170 130 2
172 130 2
177 130 2
197 130 2
203 130 2
151 131 2
164 131 2
177 131 2
203 131 2
151 132 2
164 132 2
183 132 2
151 133 2
164 133 2
184 133 2
137 134 2
151 134 2
159 134 2
164 134 2
197 134 2
204 134 2
151 135 2
178 135 2
184 135 2
191 135 2
204 135 2
213 135 2
151 136 2
172 136 2
178 136 2
191 136 2
198 136 2
204 136 2
138 137 2
158 137 2
164 137 2
172 137 2
178 137 2
183 137 2
191 137 2
197 137 2
204 137 2
138 138 2
178 138 2
191 138 2
204 138 2
178 139 2
191 139 2
204 139 2
138 140 2
159 140 2
178 140 2
185 140 2
189 140 2
204 140 2
138 141 2
159 141 2
178 141 2
184 141 2
191 141 2
204 141 2
165 142 2
204 142 2
211 142 2
138 143 2
151 143 2
152 143 2
165 143 2
204 143 2
211 143 2
214 143 2
152 144 2
165 144 2
177 144 2
152 145 2
165 145 2
184 145 2
185 145 2
191 145 2
202 145 2
152 146 2
165 146 2
192 146 2
152 147 2
165 147 2
192 147 2
205 147 2
160 148 2
165 148 2
185 148 2
192 148 2
152 149 2
160 149 2
179 149 2
185 149 2
192 149 2
152 150 2
159 150 2
179 150 2
185 150 2
190 150 2
192 150 2
147 151 2
152 151 2
179 151 2
186 151 2
192 151 2
205 151 2
210 151 2
152 152 2
179 152 2
186 152 2
192 152 2
198 152 2
205 152 2
165 153 2
166 153 2
179 153 2
199 153 2
205 153 2
210 153 2
139 154 2
152 154 2
165 154 2
166 154 2
172 154 2
179 154 2
205 154 2
165 155 2
166 155 2
179 155 2
185 155 2
165 156 2
166 156 2
172 156 2
178 156 2
205 156 2
215 156 2
166 157 2
178 157 2
206 157 2
215 157 2
153 158 2
174 158 2
178 158 2
185 158 2
203 158 2
138 159 2
139 159 2
148 159 2
153 159 2
174 159 2
193 159 2
203 159 2
206 159 2
138 160 2
139 160 2
153 160 2
161 160 2
179 160 2
180 160 2
186 160 2
193 160 2
166 161 2
172 161 2
180 161 2
193 161 2
206 161 2
166 162 2
173 162 2
180 162 2
193 162 2
200 162 2
206 162 2
207 162 2
153 163 2
161 163 2
180 163 2
193 163 2
200 163 2
206 163 2
148 164 2
166 164 2
180 164 2
186 164 2
193 164 2
200 164 2
166 165 2
174 165 2
180 165 2
186 165 2
187 165 2
191 165 2
193 165 2
153 166 2
186 166 2
199 166 2
161 167 2
166 167 2
167 167 2
173 167 2
199 167 2
139 168 2
140 168 2
153 168 2
166 168 2
167 168 2
179 168 2
186 168 2
139 169 2
140 169 2
167 169 2
173 169 2
179 169 2
180 169 2
199 169 2
213 169 2
214 169 2
140 170 2
154 170 2
167 170 2
186 170 2
194 170 2
204 170 2
213 170 2
126 171 2
167 171 2
188 171 2
194 171 2
199 171 2
126 172 2
154 172 2
167 172 2
194 172 2
154 173 2
167 173 2
187 173 2
194 173 2
199 173 2
139 174 2
154 174 2
181 174 2
192 174 2
194 174 2
174 175 2
175 175 2
181 175 2
187 175 2
194 175 2
207 175 2
208 175 2
175 176 2
181 176 2
187 176 2
188 176 2
201 176 2
207 176 2
208 176 2
168 177 2
174 177 2
181 177 2
188 177 2
194 177 2
201 177 2
207 177 2
168 178 2
181 178 2
207 178 2
218 178 2
167 179 2
168 179 2
201 179 2
218 179 2
167 180 2
168 180 2
174 180 2
187 180 2
188 180 2
215 180 2
161 181 2
168 181 2
180 181 2
181 181 2
187 181 2
188 181 2
168 182 2
187 182 2
140 183 2
141 183 2
168 183 2
180 183 2
195 183 2
140 184 2
141 184 2
182 184 2
195 184 2
218 184 2
134 185 2
140 185 2
141 185 2
155 185 2
182 185 2
195 185 2
127 186 2
182 186 2
195 186 2
182 187 2
193 187 2
209 187 2
168 188 2
182 188 2
195 188 2
208 188 2
209 188 2
182 189 2
187 189 2
195 189 2
208 189 2
182 190 2
195 190 2
209 190 2
181 191 2
188 191 2
169 192 2
219 192 2
176 193 2
181 193 2
188 193 2
202 193 2
219 193 2
141 194 2
196 194 2
209 194 2
219 194 2
141 195 2
181 195 2
196 195 2
216 195 2
169 196 2
181 196 2
196 196 2
216 196 2
181 197 2
196 197 2
216 197 2
216 198 2
175 199 2
183 199 2
188 199 2
190 199 2
194 199 2
196 199 2
216 199 2
183 200 2
190 200 2
183 201 2
203 201 2
209 201 2
210 201 2
216 201 2
183 202 2
189 202 2
203 202 2
210 202 2
183 203 2
189 203 2
203 203 2
210 203 2
170 204 2
182 204 2
183 204 2
189 204 2
215 204 2
170 205 2
204 205 2
169 206 2
170 206 2
176 206 2
210 206 2
182 207 2
217 207 2
182 208 2
176 210 2
184 210 2
184 211 2
197 211 2
198 211 2
184 212 2
197 212 2
198 212 2
211 212 2
184 213 2
211 213 2
178 214 2
184 214 2
197 214 2
198 214 2
211 214 2
211 215 2
170 217 2
205 217 2
211 217 2
170 218 2
171 218 2
183 218 2
171 219 2
198 221 2
198 223 2
199 223 2
198 224 2
199 224 2
185 226 2
185 227 2
185 228 2
199 228 2
179 229 2
185 230 2
205 230 2
172 231 2
212 231 2
191 232 2
199 232 2
212 232 2
199 233 2
184 234 2
199 234 2
213 238 2
205 240 2
205 242 2
220 242 2
159 243 2
200 244 2
200 245 2
200 246 2
193 248 2
193 249 2
200 249 2
92 83 3
90 84 3
91 84 3
86 85 3
88 85 3
104 85 3
106 85 3
86 86 3
107 86 3
83 87 3
84 87 3
85 87 3
86 87 3
87 87 3
105 87 3
107 87 3
108 87 3
83 88 3
84 88 3
85 88 3
86 88 3
87 88 3
88 88 3
104 88 3
106 88 3
108 88 3
82 89 3
83 89 3
84 89 3
86 89 3
87 89 3
107 89 3
110 89 3
81 90 3
82 90 3
83 90 3
84 90 3
94 90 3
107 90 3
109 90 3
110 90 3
111 90 3
80 91 3
81 91 3
82 91 3
83 91 3
94 91 3
96 91 3
97 91 3
109 91 3
110 91 3
80 92 3
81 92 3
82 92 3
97 92 3
98 92 3
99 92 3
109 92 3
110 92 3
111 92 3
112 92 3
80 93 3
81 93 3
82 93 3
89 93 3
90 93 3
92 93 3
93 93 3
94 93 3
96 93 3
99 93 3
100 93 3
101 93 3
102 93 3
109 93 3
110 93 3
111 93 3
112 93 3
79 94 3
80 94 3
81 94 3
82 94 3
89 94 3
90 94 3
91 94 3
92 94 3
93 94 3
95 94 3
96 94 3
97 94 3
101 94 3
102 94 3
103 94 3
104 94 3
110 94 3
111 94 3
112 94 3
80 95 3
81 95 3
82 95 3
83 95 3
84 95 3
87 95 3
88 95 3
89 95 3
90 95 3
91 95 3
92 95 3
95 95 3
96 95 3
97 95 3
98 95 3
100 95 3
101 95 3
102 95 3
103 95 3
110 95 3
111 95 3
112 95 3
79 96 3
80 96 3
81 96 3
82 96 3
83 96 3
84 96 3
87 96 3
88 96 3
89 96 3
97 96 3
98 96 3
99 96 3
100 96 3
101 96 3
102 96 3
109 96 3
110 96 3
111 96 3
79 97 3
80 97 3
81 97 3
82 97 3
83 97 3
84 97 3
85 97 3
86 97 3
87 97 3
88 97 3
97 97 3
98 97 3
99 97 3
100 97 3
101 97 3
109 97 3
110 97 3
111 97 3
80 98 3
81 98 3
82 98 3
85 98 3
86 98 3
87 98 3
96 98 3
97 98 3
98 98 3
99 98 3
100 98 3
109 98 3
110 98 3
111 98 3
81 99 3
82 99 3
96 99 3
98 99 3
99 99 3
104 99 3
105 99 3
109 99 3
110 99 3
111 99 3
102 100 3
104 100 3
105 100 3
109 100 3
110 100 3
111 100 3
102 101 3
104 101 3
105 101 3
106 101 3
107 101 3
108 101 3
109 101 3
110 101 3
111 101 3
104 102 3
105 102 3
106 102 3
107 102 3
108 102 3
109 102 3
111 102 3
112 102 3
101 103 3
103 103 3
104 103 3
105 103 3
106 103 3
107 103 3
108 103 3
109 103 3
110 103 3
111 103 3
112 103 3
113 103 3
101 104 3
102 104 3
103 104 3
104 104 3
105 104 3
106 104 3
108 104 3
109 104 3
110 104 3
111 104 3
112 104 3
113 104 3
114 104 3
101 105 3
103 105 3
104 105 3
108 105 3
109 105 3
110 105 3
111 105 3
112 105 3
113 105 3
114 105 3
115 105 3
101 106 3
103 106 3
108 106 3
109 106 3
111 106 3
112 106 3
114 106 3
115 106 3
116 106 3
108 107 3
109 107 3
111 107 3
112 107 3
113 107 3
114 107 3
115 107 3
116 107 3
111 108 3
112 108 3
113 108 3
114 108 3
115 108 3
111 109 3
112 109 3
113 109 3
114 109 3
110 110 3
111 110 3
112 110 3
104 111 3
102 112 3
103 112 3
90 113 3
92 113 3
101 113 3
90 114 3
96 115 3
99 115 3
100 115 3
91 116 3
92 116 3
96 116 3
98 116 3
90 117 3
91 117 3
92 117 3
93 117 3
91 118 3
92 118 3
93 118 3
90 119 3
92 119 3
93 119 3
94 119 3
91 120 3
92 120 3
93 120 3
94 120 3
93 121 3
94 121 3
93 122 3
94 122 3
92 123 3
93 123 3
94 123 3
92 124 3
94 125 3
94 127 3
95 127 3
97 130 3
105 190 3
105 191 3
106 191 3
109 191 3
105 192 3
104 193 3
108 194 3
109 194 3
110 194 3
107 195 3
108 195 3
107 196 3
108 196 3
110 197 3
109 198 3
110 198 3
109 199 3
110 199 3
109 200 3
110 200 3
109 201 3
110 201 3
111 201 3
109 202 3
111 202 3
112 202 3
112 203 3
108 204 3
112 204 3
113 204 3
113 205 3
112 206 3
113 206 3
114 206 3
113 207 3
114 207 3
112 208 3
113 208 3
112 209 3
113 209 3
114 209 3
114 210 3
115 210 3
113 211 3
114 211 3
115 211 3
114 212 3
115 212 3
116 212 3
114 213 3
115 213 3
116 213 3
117 213 3
115 214 3
116 214 3
115 215 3
116 215 3
117 215 3
116 216 3
117 216 3
117 217 3
117 218 3
117 219 3
118 219 3
117 220 3
118 220 3
119 220 3
118 221 3
119 221 3
118 222 3
119 222 3
118 223 3
119 223 3
118 224 3
119 224 3
118 225 3
119 225 3
118 226 3
119 226 3
104 227 3
118 227 3
106 228 3
107 228 3
117 228 3
118 228 3
108 229 3
116 229 3
117 229 3
110 230 3
111 230 3
116 230 3
117 230 3
114 231 3
115 231 3
116 231 3
104 232 3
112 232 3
113 232 3
114 232 3
115 232 3
116 232 3
105 233 3
114 233 3
115 233 3
107 234 3
113 234 3
114 234 3
100 235 3
113 235 3
114 235 3
106 236 3
112 236 3
113 236 3
112 237 3
113 237 3
111 238 3
112 238 3
111 239 3
110 240 3
111 240 3
109 241 3
110 241 3
109 242 3
110 242 3
111 242 3
109 243 3
110 243 3
107 244 3
109 244 3
107 245 3
108 245 3
109 245 3
108 246 3
109 246 3
106 247 3
107 247 3
108 247 3
107 248 3
108 248 3
105 249 3
106 249 3
107 249 3
105 250 3
106 250 3
107 250 3
105 251 3
106 251 3
107 251 3
104 252 3
105 252 3
106 252 3
104 253 3
105 253 3
103 254 3
104 254 3
105 254 3
102 255 3
103 255 3
104 255 3
105 255 3
99 256 3
102 256 3
103 256 3
99 257 3
103 257 3
