53 66 0
59 66 0
52 67 0
55 67 0
56 67 0
57 67 0
58 67 0
59 67 0
60 67 0
61 67 0
62 67 0
63 67 0
53 68 0
54 68 0
55 68 0
56 68 0
57 68 0
58 68 0
59 68 0
60 68 0
61 68 0
62 68 0
63 68 0
64 68 0
65 68 0
66 68 0
60 69 0
62 69 0
63 69 0
64 69 0
65 69 0
66 69 0
67 69 0
68 69 0
65 70 0
66 70 0
67 70 0
68 70 0
69 70 0
70 70 0
41 71 0
66 71 0
67 71 0
68 71 0
69 71 0
70 71 0
71 71 0
42 72 0
68 72 0
69 72 0
70 72 0
71 72 0
72 72 0
38 73 0
39 73 0
69 73 0
70 73 0
71 73 0
72 73 0
73 73 0
37 74 0
38 74 0
39 74 0
71 74 0
72 74 0
73 74 0
74 74 0
38 75 0
39 75 0
72 75 0
73 75 0
74 75 0
35 76 0
36 76 0
37 76 0
39 76 0
73 76 0
74 76 0
75 76 0
35 77 0
36 77 0
37 77 0
38 77 0
73 77 0
74 77 0
75 77 0
35 78 0
36 78 0
37 78 0
38 78 0
74 78 0
75 78 0
76 78 0
34 79 0
35 79 0
36 79 0
37 79 0
75 79 0
76 79 0
77 79 0
34 80 0
35 80 0
36 80 0
37 80 0
75 80 0
76 80 0
77 80 0
34 81 0
35 81 0
36 81 0
76 81 0
77 81 0
78 81 0
35 82 0
36 82 0
37 82 0
76 82 0
77 82 0
78 82 0
35 83 0
36 83 0
37 83 0
76 83 0
77 83 0
78 83 0
35 84 0
36 84 0
37 84 0
38 84 0
39 84 0
77 84 0
78 84 0
35 85 0
36 85 0
37 85 0
38 85 0
77 85 0
78 85 0
79 85 0
35 86 0
36 86 0
37 86 0
38 86 0
39 86 0
40 86 0
77 86 0
78 86 0
79 86 0
35 87 0
36 87 0
37 87 0
38 87 0
39 87 0
40 87 0
41 87 0
44 87 0
45 87 0
78 87 0
79 87 0
38 88 0
39 88 0
40 88 0
41 88 0
42 88 0
44 88 0
45 88 0
46 88 0
47 88 0
78 88 0
79 88 0
35 89 0
39 89 0
40 89 0
41 89 0
42 89 0
45 89 0
46 89 0
47 89 0
78 89 0
79 89 0
80 89 0
40 90 0
41 90 0
42 90 0
43 90 0
44 90 0
45 90 0
46 90 0
47 90 0
79 90 0
80 90 0
81 90 0
34 91 0
35 91 0
42 91 0
43 91 0
44 91 0
45 91 0
47 91 0
48 91 0
79 91 0
80 91 0
81 91 0
34 92 0
35 92 0
41 92 0
42 92 0
43 92 0
44 92 0
45 92 0
46 92 0
47 92 0
48 92 0
49 92 0
79 92 0
80 92 0
81 92 0
34 93 0
35 93 0
44 93 0
45 93 0
46 93 0
47 93 0
50 93 0
79 93 0
80 93 0
81 93 0
34 94 0
35 94 0
44 94 0
45 94 0
46 94 0
47 94 0
50 94 0
51 94 0
57 94 0
80 94 0
81 94 0
34 95 0
35 95 0
45 95 0
46 95 0
47 95 0
48 95 0
51 95 0
57 95 0
80 95 0
81 95 0
34 96 0
35 96 0
45 96 0
46 96 0
47 96 0
48 96 0
57 96 0
80 96 0
81 96 0
34 97 0
35 97 0
45 97 0
46 97 0
47 97 0
48 97 0
51 97 0
80 97 0
81 97 0
82 97 0
34 98 0
35 98 0
46 98 0
47 98 0
48 98 0
80 98 0
81 98 0
82 98 0
34 99 0
35 99 0
45 99 0
46 99 0
47 99 0
48 99 0
51 99 0
80 99 0
81 99 0
82 99 0
34 100 0
35 100 0
47 100 0
48 100 0
51 100 0
80 100 0
81 100 0
82 100 0
83 100 0
34 101 0
35 101 0
45 101 0
46 101 0
81 101 0
82 101 0
35 102 0
36 102 0
45 102 0
47 102 0
70 102 0
81 102 0
82 102 0
35 103 0
36 103 0
45 103 0
46 103 0
47 103 0
48 103 0
81 103 0
82 103 0
35 104 0
45 104 0
46 104 0
47 104 0
70 104 0
81 104 0
82 104 0
45 105 0
46 105 0
47 105 0
81 105 0
82 105 0
83 105 0
36 106 0
45 106 0
46 106 0
47 106 0
82 106 0
83 106 0
90 106 0
35 107 0
36 107 0
45 107 0
46 107 0
47 107 0
55 107 0
82 107 0
83 107 0
84 107 0
85 107 0
87 107 0
36 108 0
45 108 0
46 108 0
55 108 0
56 108 0
84 108 0
85 108 0
31 109 0
44 109 0
45 109 0
46 109 0
55 109 0
79 109 0
45 110 0
79 110 0
43 111 0
45 111 0
51 111 0
79 111 0
41 112 0
43 112 0
44 112 0
45 112 0
56 112 0
65 112 0
66 112 0
83 112 0
44 113 0
45 113 0
49 113 0
51 113 0
55 113 0
56 113 0
57 113 0
58 113 0
66 113 0
67 113 0
45 114 0
46 114 0
49 114 0
50 114 0
51 114 0
52 114 0
56 114 0
57 114 0
58 114 0
59 114 0
66 114 0
67 114 0
79 114 0
46 115 0
50 115 0
51 115 0
52 115 0
53 115 0
54 115 0
55 115 0
58 115 0
59 115 0
60 115 0
66 115 0
67 115 0
46 116 0
47 116 0
48 116 0
49 116 0
51 116 0
52 116 0
53 116 0
54 116 0
55 116 0
59 116 0
60 116 0
66 116 0
67 116 0
73 116 0
74 116 0
52 117 0
53 117 0
54 117 0
55 117 0
56 117 0
57 117 0
60 117 0
61 117 0
67 117 0
74 117 0
53 118 0
54 118 0
55 118 0
56 118 0
57 118 0
61 118 0
62 118 0
67 118 0
74 118 0
54 119 0
56 119 0
57 119 0
58 119 0
61 119 0
62 119 0
63 119 0
67 119 0
68 119 0
74 119 0
75 119 0
55 120 0
57 120 0
58 120 0
62 120 0
63 120 0
75 120 0
57 121 0
58 121 0
59 121 0
62 121 0
63 121 0
64 121 0
75 121 0
88 121 0
58 122 0
59 122 0
63 122 0
64 122 0
65 122 0
58 123 0
59 123 0
60 123 0
63 123 0
64 123 0
65 123 0
58 124 0
59 124 0
60 124 0
64 124 0
65 124 0
38 125 0
58 125 0
59 125 0
60 125 0
61 125 0
64 125 0
65 125 0
66 125 0
69 125 0
35 126 0
38 126 0
59 126 0
60 126 0
61 126 0
62 126 0
65 126 0
66 126 0
87 126 0
38 127 0
60 127 0
61 127 0
62 127 0
65 127 0
66 127 0
67 127 0
60 128 0
61 128 0
62 128 0
63 128 0
65 128 0
66 128 0
67 128 0
34 129 0
61 129 0
62 129 0
63 129 0
65 129 0
66 129 0
67 129 0
34 130 0
62 130 0
63 130 0
66 130 0
67 130 0
34 131 0
35 131 0
63 131 0
64 131 0
66 131 0
67 131 0
68 131 0
75 131 0
35 132 0
36 132 0
63 132 0
64 132 0
66 132 0
67 132 0
68 132 0
75 132 0
35 133 0
64 133 0
66 133 0
67 133 0
68 133 0
75 133 0
77 133 0
35 134 0
64 134 0
65 134 0
67 134 0
68 134 0
37 135 0
64 135 0
65 135 0
67 135 0
68 135 0
69 135 0
37 136 0
65 136 0
67 136 0
68 136 0
69 136 0
37 137 0
38 137 0
65 137 0
66 137 0
67 137 0
68 137 0
69 137 0
37 138 0
66 138 0
67 138 0
68 138 0
69 138 0
70 138 0
37 139 0
38 139 0
68 139 0
69 139 0
70 139 0
38 140 0
68 140 0
69 140 0
70 140 0
38 141 0
68 141 0
69 141 0
70 141 0
71 141 0
93 141 0
37 142 0
38 142 0
68 142 0
69 142 0
70 142 0
71 142 0
37 143 0
38 143 0
68 143 0
69 143 0
70 143 0
71 143 0
38 144 0
69 144 0
70 144 0
71 144 0
38 145 0
69 145 0
70 145 0
71 145 0
112 145 0
113 145 0
38 146 0
68 146 0
69 146 0
70 146 0
71 146 0
68 147 0
69 147 0
70 147 0
71 147 0
74 147 0
38 148 0
41 148 0
68 148 0
69 148 0
70 148 0
74 148 0
114 148 0
38 149 0
68 149 0
69 149 0
70 149 0
74 149 0
75 149 0
38 150 0
39 150 0
67 150 0
68 150 0
69 150 0
70 150 0
74 150 0
116 150 0
39 151 0
67 151 0
68 151 0
69 151 0
116 151 0
39 152 0
68 152 0
69 152 0
72 152 0
74 152 0
116 152 0
39 153 0
40 153 0
66 153 0
69 153 0
72 153 0
117 153 0
40 154 0
66 154 0
67 154 0
68 154 0
69 154 0
72 154 0
117 154 0
41 155 0
68 155 0
72 155 0
118 155 0
39 156 0
41 156 0
66 156 0
67 156 0
72 156 0
73 156 0
118 156 0
30 157 0
32 157 0
66 157 0
67 157 0
71 157 0
118 157 0
40 158 0
65 158 0
67 158 0
70 158 0
71 158 0
72 158 0
40 159 0
67 159 0
68 159 0
76 159 0
118 159 0
119 159 0
67 160 0
68 160 0
70 160 0
71 160 0
76 160 0
119 160 0
120 160 0
121 160 0
39 161 0
40 161 0
66 161 0
68 161 0
71 161 0
121 161 0
40 162 0
67 162 0
68 162 0
69 162 0
71 162 0
72 162 0
78 162 0
80 162 0
121 162 0
32 163 0
69 163 0
71 163 0
72 163 0
77 163 0
78 163 0
121 163 0
32 164 0
66 164 0
67 164 0
68 164 0
69 164 0
71 164 0
72 164 0
73 164 0
78 164 0
79 164 0
33 165 0
70 165 0
71 165 0
72 165 0
73 165 0
74 165 0
78 165 0
122 165 0
124 165 0
72 166 0
73 166 0
74 166 0
75 166 0
78 166 0
84 166 0
124 166 0
34 167 0
72 167 0
73 167 0
74 167 0
75 167 0
77 167 0
78 167 0
84 167 0
124 167 0
74 168 0
75 168 0
76 168 0
77 168 0
78 168 0
84 168 0
85 168 0
123 168 0
124 168 0
76 169 0
78 169 0
79 169 0
83 169 0
84 169 0
85 169 0
123 169 0
124 169 0
126 169 0
75 170 0
76 170 0
78 170 0
84 170 0
85 170 0
124 170 0
125 170 0
126 170 0
33 171 0
76 171 0
78 171 0
84 171 0
85 171 0
124 171 0
125 171 0
126 171 0
75 172 0
76 172 0
77 172 0
78 172 0
81 172 0
84 172 0
85 172 0
125 172 0
126 172 0
77 173 0
84 173 0
85 173 0
125 173 0
126 173 0
75 174 0
76 174 0
77 174 0
84 174 0
85 174 0
125 174 0
83 175 0
84 175 0
85 175 0
125 175 0
83 176 0
84 176 0
85 176 0
83 177 0
84 177 0
85 177 0
83 178 0
84 178 0
85 178 0
83 179 0
84 179 0
32 180 0
83 180 0
84 180 0
32 181 0
41 181 0
83 181 0
84 181 0
32 182 0
83 182 0
84 182 0
82 183 0
83 183 0
82 184 0
83 184 0
82 185 0
83 185 0
82 186 0
83 186 0
82 187 0
83 187 0
81 188 0
82 188 0
83 188 0
40 189 0
82 189 0
83 189 0
82 190 0
83 190 0
31 191 0
81 191 0
31 192 0
32 192 0
31 193 0
32 193 0
33 193 0
78 193 0
79 193 0
80 193 0
32 194 0
33 194 0
34 194 0
78 194 0
79 194 0
80 194 0
81 194 0
32 195 0
33 195 0
34 195 0
78 195 0
79 195 0
80 195 0
81 195 0
33 196 0
34 196 0
35 196 0
78 196 0
79 196 0
80 196 0
81 196 0
33 197 0
34 197 0
80 197 0
81 197 0
34 198 0
35 198 0
80 198 0
81 198 0
33 199 0
34 199 0
35 199 0
36 199 0
80 199 0
81 199 0
85 199 0
34 200 0
35 200 0
81 200 0
82 200 0
34 201 0
35 201 0
83 201 0
89 201 0
35 202 0
36 202 0
89 202 0
90 202 0
35 203 0
36 203 0
89 203 0
90 203 0
35 204 0
36 204 0
37 204 0
89 204 0
90 204 0
35 205 0
36 205 0
37 205 0
86 205 0
89 205 0
90 205 0
36 206 0
37 206 0
38 206 0
39 206 0
86 206 0
89 206 0
90 206 0
89 207 0
90 207 0
86 208 0
87 208 0
89 208 0
89 209 0
89 210 0
90 211 0
90 212 0
91 212 0
95 212 0
33 213 0
89 213 0
90 213 0
91 213 0
93 213 0
94 213 0
95 213 0
96 213 0
89 214 0
90 214 0
94 214 0
95 214 0
96 214 0
89 215 0
90 215 0
96 215 0
89 216 0
90 216 0
95 216 0
96 216 0
89 217 0
90 217 0
91 217 0
89 218 0
90 218 0
91 218 0
95 218 0
96 218 0
90 219 0
91 219 0
95 219 0
34 220 0
90 220 0
91 220 0
90 221 0
91 221 0
90 222 0
91 222 0
93 222 0
90 223 0
91 223 0
93 223 0
90 224 0
91 224 0
93 224 0
94 224 0
90 225 0
93 225 0
90 227 0
7 229 0
32 229 0
9 237 0
14 242 0
16 242 0
16 243 0
16 244 0
18 244 0
16 245 0
18 245 0
18 246 0
19 246 0
261 13 1
208 14 1
245 14 1
308 14 1
270 15 1
221 17 1
246 17 1
258 17 1
293 17 1
196 18 1
270 18 1
233 19 1
246 19 1
262 19 1
282 19 1
208 20 1
238 20 1
209 21 1
250 21 1
251 21 1
262 21 1
274 21 1
321 21 1
189 22 1
209 22 1
317 22 1
184 23 1
185 23 1
222 23 1
234 23 1
270 23 1
309 23 1
197 24 1
222 24 1
234 24 1
258 24 1
197 25 1
222 25 1
259 25 1
271 25 1
344 25 1
227 26 1
234 26 1
239 26 1
271 26 1
322 26 1
210 27 1
239 27 1
247 27 1
271 27 1
318 27 1
210 28 1
239 28 1
251 28 1
259 28 1
283 28 1
306 28 1
210 29 1
251 29 1
259 29 1
263 29 1
283 29 1
306 29 1
219 30 1
220 30 1
223 30 1
235 30 1
242 30 1
247 30 1
283 30 1
223 31 1
248 31 1
223 32 1
235 32 1
248 32 1
272 32 1
295 32 1
185 34 1
186 34 1
198 34 1
319 34 1
198 35 1
252 35 1
272 35 1
211 36 1
248 36 1
264 36 1
272 36 1
296 36 1
211 37 1
260 37 1
284 37 1
211 38 1
219 38 1
240 38 1
288 38 1
236 39 1
273 39 1
260 40 1
285 40 1
297 40 1
300 40 1
261 41 1
297 41 1
261 42 1
331 42 1
199 43 1
249 43 1
212 44 1
249 44 1
297 44 1
212 45 1
254 45 1
332 45 1
336 45 1
254 46 1
332 46 1
268 47 1
297 47 1
298 47 1
309 47 1
332 47 1
255 48 1
261 48 1
275 48 1
254 49 1
261 49 1
262 49 1
263 49 1
275 49 1
297 49 1
298 49 1
337 49 1
206 50 1
232 50 1
257 50 1
263 50 1
275 50 1
298 50 1
200 51 1
225 51 1
247 51 1
251 51 1
252 51 1
253 51 1
254 51 1
257 51 1
261 51 1
262 51 1
263 51 1
269 51 1
278 51 1
302 51 1
225 52 1
250 52 1
253 52 1
258 52 1
261 52 1
262 52 1
298 52 1
302 52 1
337 52 1
200 53 1
212 53 1
247 53 1
262 53 1
263 53 1
264 53 1
269 53 1
298 53 1
299 53 1
333 53 1
200 54 1
253 54 1
263 54 1
264 54 1
276 54 1
299 54 1
302 54 1
200 55 1
212 55 1
253 55 1
264 55 1
274 55 1
276 55 1
290 55 1
310 55 1
333 55 1
248 56 1
249 56 1
256 56 1
264 56 1
276 56 1
334 56 1
256 57 1
299 57 1
334 57 1
226 58 1
238 58 1
242 58 1
248 58 1
249 58 1
254 58 1
255 58 1
279 58 1
303 58 1
201 59 1
213 59 1
226 59 1
250 59 1
279 59 1
303 59 1
334 59 1
201 60 1
213 60 1
214 60 1
263 60 1
264 60 1
277 60 1
299 60 1
300 60 1
201 61 1
213 61 1
269 61 1
277 61 1
300 61 1
338 61 1
213 62 1
230 62 1
250 62 1
252 62 1
300 62 1
311 62 1
206 63 1
230 63 1
249 63 1
250 63 1
277 63 1
291 63 1
315 63 1
334 63 1
335 63 1
219 64 1
238 64 1
250 64 1
251 64 1
276 64 1
277 64 1
291 64 1
323 64 1
335 64 1
238 65 1
250 65 1
270 65 1
277 65 1
280 65 1
335 65 1
337 65 1
227 66 1
250 66 1
251 66 1
267 66 1
270 66 1
337 66 1
223 67 1
227 67 1
250 67 1
251 67 1
261 67 1
263 67 1
278 67 1
304 67 1
315 67 1
335 67 1
207 68 1
214 68 1
222 68 1
223 68 1
251 68 1
268 68 1
270 68 1
288 68 1
322 68 1
323 68 1
336 68 1
214 69 1
231 69 1
251 69 1
256 69 1
261 69 1
263 69 1
278 69 1
312 69 1
323 69 1
327 69 1
336 69 1
231 70 1
251 70 1
252 70 1
270 70 1
271 70 1
292 70 1
300 70 1
301 70 1
312 70 1
323 70 1
324 70 1
336 70 1
252 71 1
263 71 1
264 71 1
268 71 1
271 71 1
292 71 1
301 71 1
324 71 1
228 72 1
239 72 1
252 72 1
261 72 1
262 72 1
263 72 1
264 72 1
271 72 1
277 72 1
312 72 1
313 72 1
338 72 1
339 72 1
228 73 1
264 73 1
271 73 1
277 73 1
280 73 1
312 73 1
313 73 1
316 73 1
264 74 1
271 74 1
272 74 1
277 74 1
289 74 1
313 74 1
336 74 1
215 75 1
221 75 1
232 75 1
252 75 1
261 75 1
264 75 1
271 75 1
272 75 1
317 75 1
324 75 1
328 75 1
215 76 1
232 76 1
252 76 1
264 76 1
272 76 1
302 76 1
324 76 1
328 76 1
253 77 1
265 77 1
301 77 1
302 77 1
324 77 1
240 78 1
253 78 1
265 78 1
293 78 1
305 78 1
313 78 1
325 78 1
240 79 1
252 79 1
253 79 1
263 79 1
281 79 1
313 79 1
340 79 1
265 80 1
277 80 1
278 80 1
313 80 1
314 80 1
317 80 1
325 80 1
326 80 1
337 80 1
253 81 1
269 81 1
278 81 1
290 81 1
293 81 1
294 81 1
253 82 1
290 82 1
325 82 1
253 83 1
253 84 1
302 84 1
306 84 1
314 84 1
241 85 1
258 85 1
302 85 1
303 85 1
306 85 1
314 85 1
330 85 1
230 86 1
241 86 1
266 86 1
278 86 1
279 86 1
282 86 1
306 86 1
314 86 1
329 86 1
258 87 1
265 87 1
266 87 1
278 87 1
279 87 1
291 87 1
314 87 1
318 87 1
326 87 1
327 87 1
338 87 1
278 88 1
290 88 1
291 88 1
294 88 1
314 88 1
326 88 1
327 88 1
229 89 1
291 89 1
294 89 1
318 89 1
254 90 1
303 90 1
326 90 1
342 90 1
343 90 1
242 91 1
247 91 1
254 91 1
259 91 1
267 91 1
303 91 1
304 91 1
307 91 1
326 91 1
342 91 1
242 92 1
267 92 1
283 92 1
307 92 1
315 92 1
330 92 1
331 92 1
266 93 1
267 93 1
271 93 1
280 93 1
282 93 1
283 93 1
303 93 1
307 93 1
315 93 1
319 93 1
327 93 1
328 93 1
330 93 1
331 93 1
242 94 1
271 94 1
279 94 1
280 94 1
292 94 1
295 94 1
296 94 1
307 94 1
315 94 1
319 94 1
327 94 1
328 94 1
339 94 1
242 95 1
279 95 1
280 95 1
291 95 1
292 95 1
295 95 1
327 95 1
339 95 1
255 96 1
291 96 1
327 96 1
255 97 1
279 97 1
255 98 1
304 98 1
308 98 1
304 99 1
308 99 1
316 99 1
267 100 1
268 100 1
304 100 1
308 100 1
316 100 1
329 100 1
331 100 1
332 100 1
243 101 1
267 101 1
280 101 1
281 101 1
284 101 1
292 101 1
293 101 1
304 101 1
320 101 1
328 101 1
329 101 1
267 102 1
280 102 1
284 102 1
292 102 1
293 102 1
267 103 1
296 103 1
329 103 1
256 104 1
260 104 1
296 104 1
305 104 1
256 105 1
296 105 1
305 105 1
320 105 1
244 106 1
268 106 1
269 106 1
305 106 1
309 106 1
317 106 1
333 106 1
244 107 1
256 107 1
268 107 1
273 107 1
305 107 1
309 107 1
317 107 1
330 107 1
244 108 1
268 108 1
285 108 1
309 108 1
317 108 1
321 108 1
244 109 1
268 109 1
281 109 1
294 109 1
309 109 1
317 109 1
257 110 1
268 110 1
293 110 1
297 110 1
317 110 1
257 111 1
281 111 1
297 111 1
341 111 1
321 112 1
257 113 1
310 113 1
318 113 1
321 113 1
306 114 1
310 114 1
318 114 1
295 115 1
306 115 1
310 115 1
318 115 1
282 116 1
294 116 1
295 116 1
318 116 1
282 117 1
294 117 1
295 117 1
294 118 1
318 118 1
294 119 1
295 119 1
318 119 1
282 120 1
307 121 1
270 122 1
298 122 1
332 122 1
261 123 1
296 123 1
298 123 1
270 124 1
296 124 1
332 124 1
287 125 1
296 125 1
307 125 1
332 125 1
296 127 1
335 128 1
275 129 1
296 129 1
321 130 1
297 131 1
297 133 1
321 133 1
297 134 1
297 135 1
287 136 1
310 136 1
297 138 1
298 141 1
298 143 1
298 144 1
300 159 1
132 16 2
145 17 2
162 19 2
162 20 2
132 21 2
158 21 2
158 22 2
158 26 2
146 28 2
133 29 2
171 29 2
172 29 2
171 30 2
172 30 2
146 31 2
158 32 2
159 33 2
159 34 2
159 35 2
159 36 2
159 41 2
173 41 2
173 43 2
173 44 2
173 45 2
172 47 2
148 48 2
173 48 2
160 50 2
161 50 2
160 51 2
161 51 2
148 52 2
160 52 2
174 52 2
148 53 2
174 53 2
135 54 2
148 54 2
174 54 2
174 55 2
174 56 2
148 58 2
148 59 2
161 59 2
148 60 2
181 60 2
161 61 2
173 61 2
187 61 2
188 61 2
162 62 2
161 63 2
162 63 2
156 64 2
162 64 2
162 65 2
175 65 2
162 66 2
175 66 2
175 67 2
149 68 2
175 68 2
149 69 2
175 69 2
194 69 2
149 70 2
174 70 2
188 70 2
149 71 2
174 71 2
188 71 2
149 72 2
150 72 2
175 72 2
149 73 2
182 73 2
145 75 2
169 76 2
170 76 2
176 76 2
136 77 2
137 77 2
162 77 2
176 77 2
163 78 2
176 78 2
163 79 2
176 79 2
163 80 2
176 80 2
183 80 2
189 80 2
163 81 2
170 81 2
182 81 2
183 81 2
189 81 2
215 81 2
189 82 2
202 82 2
175 83 2
137 84 2
175 84 2
202 84 2
150 87 2
151 87 2
202 87 2
203 87 2
150 88 2
151 88 2
202 88 2
203 88 2
163 89 2
151 90 2
158 90 2
159 90 2
163 90 2
164 90 2
177 90 2
190 90 2
216 90 2
163 91 2
164 91 2
171 91 2
172 91 2
177 91 2
190 91 2
164 92 2
176 92 2
177 92 2
190 92 2
151 93 2
164 93 2
177 93 2
151 94 2
164 94 2
177 94 2
184 94 2
203 94 2
164 95 2
177 95 2
203 95 2
216 95 2
203 96 2
159 97 2
204 98 2
151 99 2
152 99 2
172 99 2
184 99 2
152 100 2
178 100 2
217 100 2
152 101 2
178 101 2
217 101 2
152 102 2
164 102 2
178 102 2
191 102 2
217 102 2
152 103 2
178 103 2
191 103 2
152 104 2
165 104 2
191 104 2
204 104 2
152 105 2
165 105 2
191 105 2
204 105 2
152 106 2
160 106 2
165 106 2
173 106 2
184 106 2
191 106 2
204 106 2
217 106 2
152 107 2
165 107 2
177 107 2
191 107 2
204 107 2
205 107 2
217 107 2
152 108 2
165 108 2
204 108 2
205 108 2
160 109 2
165 109 2
197 109 2
160 110 2
173 110 2
152 111 2
173 111 2
185 111 2
192 111 2
192 112 2
211 112 2
223 112 2
179 113 2
192 113 2
205 113 2
218 113 2
223 113 2
165 114 2
179 114 2
192 114 2
205 114 2
218 114 2
153 115 2
166 115 2
178 115 2
179 115 2
192 115 2
199 115 2
218 115 2
166 116 2
179 116 2
192 116 2
205 116 2
148 117 2
153 117 2
166 117 2
179 117 2
199 117 2
153 118 2
165 118 2
166 118 2
205 118 2
153 119 2
166 119 2
178 119 2
205 119 2
206 119 2
219 119 2
153 120 2
160 120 2
174 120 2
178 120 2
186 120 2
153 121 2
159 121 2
160 121 2
174 121 2
179 121 2
219 121 2
174 122 2
219 122 2
153 123 2
161 123 2
174 123 2
180 123 2
185 123 2
200 123 2
206 123 2
153 124 2
180 124 2
185 124 2
193 124 2
173 125 2
180 125 2
186 125 2
193 125 2
206 125 2
212 125 2
166 126 2
180 126 2
193 126 2
206 126 2
207 126 2
224 126 2
166 127 2
180 127 2
186 127 2
191 127 2
193 127 2
206 127 2
207 127 2
212 127 2
154 128 2
166 128 2
167 128 2
180 128 2
193 128 2
206 128 2
207 128 2
212 128 2
154 129 2
166 129 2
167 129 2
191 129 2
206 129 2
212 129 2
154 130 2
167 130 2
211 130 2
212 130 2
213 130 2
167 131 2
199 131 2
213 131 2
154 132 2
167 132 2
174 132 2
188 132 2
199 132 2
154 133 2
167 133 2
179 133 2
187 133 2
188 133 2
200 133 2
154 134 2
167 134 2
175 134 2
179 134 2
187 134 2
194 134 2
200 134 2
225 134 2
154 135 2
194 135 2
225 135 2
154 136 2
181 136 2
187 136 2
194 136 2
207 136 2
154 137 2
161 137 2
181 137 2
194 137 2
207 137 2
181 138 2
194 138 2
207 138 2
221 138 2
141 139 2
168 139 2
175 139 2
180 139 2
181 139 2
187 139 2
194 139 2
207 139 2
214 139 2
168 140 2
180 140 2
181 140 2
187 140 2
207 140 2
221 140 2
167 141 2
168 141 2
180 141 2
155 142 2
168 142 2
180 142 2
168 143 2
155 144 2
180 144 2
141 145 2
155 145 2
180 145 2
208 145 2
155 146 2
182 146 2
195 146 2
150 147 2
155 147 2
163 147 2
182 147 2
189 147 2
195 147 2
155 148 2
163 148 2
182 148 2
195 148 2
208 148 2
209 148 2
175 149 2
182 149 2
195 149 2
202 149 2
208 149 2
209 149 2
150 150 2
155 150 2
182 150 2
193 150 2
195 150 2
208 150 2
209 150 2
142 151 2
155 151 2
193 151 2
195 151 2
202 151 2
168 152 2
169 152 2
182 152 2
201 152 2
142 153 2
169 153 2
182 153 2
201 153 2
156 154 2
169 154 2
175 154 2
181 154 2
215 154 2
216 154 2
169 155 2
175 155 2
181 155 2
227 155 2
156 156 2
169 156 2
181 156 2
196 156 2
201 156 2
156 157 2
169 157 2
181 157 2
196 157 2
201 157 2
151 158 2
156 158 2
169 158 2
181 158 2
189 158 2
196 158 2
156 159 2
169 159 2
183 159 2
196 159 2
156 160 2
183 160 2
196 160 2
209 160 2
210 160 2
156 161 2
183 161 2
209 161 2
210 161 2
128 162 2
170 162 2
183 162 2
189 162 2
203 162 2
209 162 2
210 162 2
156 163 2
170 163 2
176 163 2
177 163 2
183 163 2
189 163 2
203 163 2
209 163 2
117 164 2
170 164 2
189 164 2
169 165 2
170 165 2
183 165 2
189 165 2
203 165 2
170 166 2
202 166 2
121 167 2
129 167 2
170 167 2
220 167 2
118 168 2
157 168 2
165 168 2
182 168 2
184 168 2
197 168 2
220 168 2
129 169 2
152 169 2
157 169 2
184 169 2
189 169 2
197 169 2
204 169 2
157 170 2
184 170 2
191 170 2
197 170 2
210 170 2
211 170 2
119 171 2
177 171 2
184 171 2
197 171 2
210 171 2
211 171 2
157 172 2
184 172 2
197 172 2
184 173 2
191 173 2
197 173 2
210 173 2
211 173 2
120 174 2
129 174 2
170 174 2
184 174 2
197 174 2
211 174 2
177 175 2
184 175 2
170 176 2
184 176 2
170 177 2
221 178 2
171 179 2
198 179 2
221 179 2
171 180 2
183 180 2
198 180 2
185 181 2
198 181 2
158 182 2
184 182 2
185 182 2
196 182 2
198 182 2
218 182 2
130 183 2
185 183 2
198 183 2
199 183 2
218 183 2
130 184 2
185 184 2
198 184 2
122 185 2
130 185 2
172 185 2
179 185 2
185 185 2
172 186 2
185 186 2
192 186 2
217 186 2
171 187 2
172 188 2
185 188 2
219 188 2
172 189 2
185 189 2
185 190 2
131 192 2
144 192 2
172 192 2
199 192 2
204 192 2
205 192 2
206 192 2
213 192 2
172 193 2
186 193 2
199 193 2
186 194 2
199 194 2
213 194 2
180 195 2
186 195 2
199 195 2
213 195 2
219 195 2
186 196 2
213 196 2
186 197 2
213 197 2
186 198 2
173 199 2
145 200 2
173 200 2
200 200 2
200 201 2
200 202 2
213 202 2
173 203 2
200 203 2
220 203 2
223 203 2
160 204 2
173 204 2
211 204 2
194 205 2
187 206 2
214 206 2
173 207 2
193 207 2
200 207 2
201 207 2
193 208 2
199 208 2
187 209 2
207 209 2
187 210 2
174 211 2
206 212 2
174 213 2
201 213 2
221 213 2
186 214 2
174 215 2
201 215 2
215 216 2
201 217 2
221 217 2
188 218 2
188 219 2
194 219 2
188 220 2
215 221 2
194 225 2
195 225 2
194 226 2
202 227 2
202 230 2
203 232 2
175 235 2
203 236 2
196 240 2
217 241 2
209 242 2
176 244 2
163 250 2
216 252 2
105 85 3
102 87 3
103 87 3
96 88 3
99 88 3
95 89 3
96 89 3
97 89 3
98 89 3
99 89 3
100 89 3
101 89 3
102 89 3
117 89 3
118 89 3
95 90 3
96 90 3
97 90 3
98 90 3
100 90 3
101 90 3
119 90 3
94 91 3
95 91 3
96 91 3
97 91 3
99 91 3
100 91 3
101 91 3
102 91 3
120 91 3
121 91 3
94 92 3
95 92 3
96 92 3
97 92 3
98 92 3
100 92 3
101 92 3
121 92 3
93 93 3
94 93 3
95 93 3
96 93 3
97 93 3
98 93 3
103 93 3
104 93 3
105 93 3
106 93 3
121 93 3
122 93 3
93 94 3
94 94 3
95 94 3
96 94 3
97 94 3
105 94 3
106 94 3
107 94 3
122 94 3
123 94 3
90 95 3
93 95 3
94 95 3
95 95 3
96 95 3
103 95 3
104 95 3
105 95 3
106 95 3
108 95 3
109 95 3
111 95 3
122 95 3
123 95 3
91 96 3
93 96 3
94 96 3
95 96 3
96 96 3
101 96 3
102 96 3
103 96 3
104 96 3
105 96 3
106 96 3
108 96 3
109 96 3
110 96 3
111 96 3
112 96 3
113 96 3
122 96 3
123 96 3
93 97 3
94 97 3
95 97 3
96 97 3
98 97 3
99 97 3
100 97 3
101 97 3
102 97 3
103 97 3
104 97 3
105 97 3
106 97 3
107 97 3
108 97 3
109 97 3
111 97 3
112 97 3
113 97 3
114 97 3
123 97 3
92 98 3
93 98 3
94 98 3
95 98 3
97 98 3
99 98 3
100 98 3
101 98 3
102 98 3
103 98 3
104 98 3
105 98 3
106 98 3
108 98 3
109 98 3
110 98 3
112 98 3
113 98 3
114 98 3
116 98 3
123 98 3
92 99 3
93 99 3
94 99 3
95 99 3
96 99 3
97 99 3
98 99 3
99 99 3
100 99 3
101 99 3
102 99 3
103 99 3
109 99 3
110 99 3
111 99 3
112 99 3
113 99 3
114 99 3
115 99 3
122 99 3
123 99 3
92 100 3
93 100 3
94 100 3
95 100 3
96 100 3
97 100 3
98 100 3
100 100 3
101 100 3
102 100 3
110 100 3
111 100 3
112 100 3
113 100 3
114 100 3
115 100 3
122 100 3
123 100 3
124 100 3
93 101 3
94 101 3
95 101 3
96 101 3
100 101 3
110 101 3
111 101 3
112 101 3
113 101 3
114 101 3
115 101 3
120 101 3
122 101 3
123 101 3
110 102 3
111 102 3
113 102 3
114 102 3
115 102 3
116 102 3
118 102 3
120 102 3
121 102 3
122 102 3
123 102 3
110 103 3
111 103 3
113 103 3
114 103 3
115 103 3
116 103 3
118 103 3
119 103 3
122 103 3
123 103 3
116 104 3
117 104 3
118 104 3
119 104 3
122 104 3
123 104 3
113 105 3
114 105 3
116 105 3
117 105 3
119 105 3
120 105 3
121 105 3
122 105 3
123 105 3
113 106 3
114 106 3
115 106 3
116 106 3
117 106 3
119 106 3
120 106 3
121 106 3
123 106 3
114 107 3
115 107 3
116 107 3
117 107 3
120 107 3
121 107 3
122 107 3
123 107 3
124 107 3
114 108 3
115 108 3
116 108 3
118 108 3
121 108 3
122 108 3
123 108 3
124 108 3
125 108 3
116 109 3
117 109 3
122 109 3
123 109 3
124 109 3
125 109 3
126 109 3
116 110 3
117 110 3
122 110 3
123 110 3
124 110 3
125 110 3
126 110 3
122 111 3
123 111 3
124 111 3
125 111 3
126 111 3
127 111 3
118 112 3
122 112 3
123 112 3
124 112 3
125 112 3
126 112 3
127 112 3
114 113 3
118 113 3
123 113 3
124 113 3
125 113 3
126 113 3
114 114 3
124 114 3
103 116 3
113 116 3
103 117 3
104 117 3
106 117 3
103 118 3
104 118 3
108 118 3
102 119 3
103 119 3
104 119 3
108 119 3
111 119 3
103 120 3
104 120 3
105 120 3
103 121 3
104 121 3
105 121 3
104 122 3
105 122 3
106 122 3
105 123 3
106 123 3
105 124 3
106 124 3
104 125 3
105 125 3
106 125 3
104 126 3
105 126 3
104 127 3
105 127 3
105 128 3
105 129 3
105 130 3
106 130 3
102 131 3
105 131 3
106 131 3
103 132 3
106 132 3
103 133 3
107 133 3
106 135 3
107 135 3
105 137 3
115 184 3
116 184 3
115 185 3
116 185 3
115 186 3
116 186 3
115 187 3
116 187 3
113 188 3
116 188 3
117 188 3
116 189 3
117 189 3
116 190 3
117 190 3
116 191 3
117 191 3
118 191 3
102 192 3
103 192 3
116 192 3
117 192 3
118 192 3
119 192 3
102 193 3
116 193 3
117 193 3
119 193 3
102 194 3
119 194 3
120 194 3
96 195 3
119 195 3
120 195 3
95 196 3
96 196 3
120 196 3
121 196 3
95 197 3
96 197 3
120 197 3
121 197 3
95 198 3
96 198 3
120 198 3
121 198 3
95 199 3
96 199 3
120 199 3
121 199 3
96 200 3
121 200 3
122 200 3
96 201 3
121 201 3
122 201 3
95 202 3
121 202 3
122 202 3
123 202 3
122 203 3
123 203 3
123 204 3
124 204 3
123 205 3
124 205 3
124 206 3
125 206 3
124 207 3
125 207 3
99 208 3
124 208 3
125 208 3
125 209 3
126 210 3
126 211 3
127 211 3
126 212 3
127 212 3
127 213 3
128 214 3
127 215 3
128 215 3
128 216 3
129 216 3
129 217 3
120 218 3
129 218 3
130 218 3
129 219 3
130 219 3
130 220 3
130 221 3
131 221 3
130 222 3
131 222 3
131 223 3
131 224 3
119 225 3
131 225 3
131 226 3
130 227 3
131 227 3
111 228 3
112 228 3
119 228 3
130 228 3
131 228 3
111 229 3
112 229 3
113 229 3
115 229 3
119 229 3
130 229 3
131 229 3
111 230 3
112 230 3
113 230 3
117 230 3
119 230 3
120 230 3
129 230 3
130 230 3
131 230 3
111 231 3
112 231 3
129 231 3
130 231 3
131 231 3
111 232 3
118 232 3
126 232 3
127 232 3
129 232 3
130 232 3
131 232 3
110 233 3
111 233 3
125 233 3
126 233 3
127 233 3
128 233 3
129 233 3
130 233 3
131 233 3
126 234 3
127 234 3
128 234 3
129 234 3
130 234 3
111 235 3
125 235 3
126 235 3
127 235 3
128 235 3
129 235 3
119 236 3
125 236 3
126 236 3
128 236 3
129 236 3
113 237 3
119 237 3
124 237 3
125 237 3
126 237 3
128 237 3
129 237 3
125 238 3
127 238 3
128 238 3
124 239 3
125 239 3
126 239 3
127 239 3
126 240 3
127 240 3
127 241 3
127 242 3
122 234 4
123 234 4
107 235 4
122 235 4
123 235 4
122 236 4
121 237 4
122 237 4
123 237 4
108 238 4
121 238 4
122 238 4
107 239 4
108 239 4
121 239 4
122 239 4
123 239 4
103 240 4
108 240 4
109 240 4
121 240 4
122 240 4
103 241 4
106 241 4
107 241 4
108 241 4
109 241 4
120 241 4
121 241 4
122 241 4
103 242 4
106 242 4
107 242 4
108 242 4
109 242 4
110 242 4
120 242 4
121 242 4
122 242 4
103 243 4
108 243 4
120 243 4
121 243 4
102 244 4
103 244 4
107 244 4
108 244 4
119 244 4
120 244 4
121 244 4
102 245 4
103 245 4
106 245 4
107 245 4
108 245 4
119 245 4
120 245 4
121 245 4
102 246 4
103 246 4
106 246 4
107 246 4
108 246 4
119 246 4
120 246 4
102 247 4
106 247 4
107 247 4
119 247 4
120 247 4
102 248 4
106 248 4
107 248 4
119 248 4
120 248 4
101 249 4
102 249 4
106 249 4
107 249 4
118 249 4
119 249 4
120 249 4
101 250 4
102 250 4
105 250 4
106 250 4
107 250 4
118 250 4
119 250 4
101 251 4
102 251 4
105 251 4
106 251 4
107 251 4
118 251 4
119 251 4
100 252 4
101 252 4
105 252 4
106 252 4
107 252 4
118 252 4
119 252 4
100 253 4
101 253 4
105 253 4
106 253 4
117 253 4
118 253 4
119 253 4
100 254 4
101 254 4
105 254 4
106 254 4
117 254 4
118 254 4
101 255 4
105 255 4
106 255 4
116 255 4
117 255 4
118 255 4
100 256 4
105 256 4
106 256 4
116 256 4
117 256 4
118 256 4
99 257 4
104 257 4
105 257 4
106 257 4
115 257 4
116 257 4
117 257 4
