229 18 0
198 21 0
211 21 0
212 21 0
273 21 0
188 23 0
261 23 0
286 23 0
211 24 0
286 24 0
321 24 0
174 25 0
175 25 0
175 26 0
188 26 0
200 26 0
200 27 0
274 27 0
310 27 0
162 28 0
174 28 0
234 28 0
238 28 0
262 28 0
205 29 0
238 29 0
250 29 0
262 29 0
274 29 0
275 29 0
162 30 0
213 30 0
238 30 0
275 30 0
310 30 0
162 31 0
213 31 0
188 32 0
189 32 0
198 32 0
226 32 0
267 32 0
175 33 0
176 33 0
188 33 0
189 33 0
193 33 0
218 33 0
238 33 0
242 33 0
255 33 0
262 33 0
326 33 0
176 34 0
189 34 0
201 34 0
202 34 0
238 34 0
251 34 0
255 34 0
275 34 0
287 34 0
322 34 0
162 35 0
176 35 0
214 35 0
226 35 0
263 35 0
287 35 0
162 36 0
163 36 0
176 36 0
163 37 0
279 37 0
163 38 0
176 38 0
227 38 0
251 38 0
279 38 0
214 39 0
239 39 0
263 39 0
163 40 0
211 40 0
231 40 0
311 40 0
151 41 0
163 41 0
164 41 0
176 41 0
227 41 0
276 41 0
151 42 0
163 42 0
189 42 0
190 42 0
163 43 0
176 43 0
202 43 0
176 44 0
177 44 0
190 44 0
202 44 0
177 45 0
202 45 0
177 46 0
292 46 0
151 47 0
177 47 0
327 47 0
151 48 0
177 48 0
301 48 0
203 49 0
301 49 0
336 50 0
190 51 0
191 51 0
196 51 0
216 51 0
190 52 0
191 52 0
203 52 0
152 53 0
164 53 0
190 53 0
191 53 0
203 53 0
152 54 0
164 54 0
165 54 0
178 54 0
314 54 0
341 54 0
165 55 0
178 55 0
235 55 0
327 55 0
152 56 0
178 56 0
178 57 0
201 57 0
302 57 0
303 57 0
326 57 0
337 57 0
178 58 0
152 59 0
303 59 0
342 59 0
152 60 0
303 60 0
173 61 0
204 61 0
217 61 0
303 61 0
316 61 0
152 62 0
165 62 0
191 62 0
192 62 0
204 62 0
339 62 0
191 63 0
192 63 0
204 63 0
153 64 0
191 64 0
192 64 0
303 64 0
152 65 0
153 65 0
209 65 0
307 65 0
308 65 0
338 65 0
166 66 0
223 66 0
304 66 0
315 66 0
339 66 0
342 66 0
166 67 0
153 68 0
174 68 0
179 68 0
217 68 0
234 68 0
153 69 0
166 69 0
179 69 0
185 69 0
205 69 0
317 69 0
344 69 0
148 70 0
179 70 0
205 70 0
292 70 0
306 70 0
316 70 0
319 70 0
179 71 0
185 71 0
205 71 0
308 71 0
153 72 0
192 72 0
193 72 0
205 72 0
153 73 0
308 74 0
328 74 0
340 74 0
154 75 0
199 75 0
309 75 0
231 76 0
154 77 0
166 77 0
180 77 0
231 77 0
328 77 0
166 78 0
167 78 0
180 78 0
206 78 0
211 78 0
235 78 0
309 78 0
321 78 0
333 78 0
161 79 0
180 79 0
205 79 0
206 79 0
211 79 0
218 79 0
141 80 0
167 80 0
297 80 0
317 80 0
341 80 0
141 81 0
341 81 0
167 82 0
193 82 0
293 82 0
306 82 0
154 83 0
167 83 0
193 83 0
219 83 0
322 83 0
186 84 0
193 84 0
306 84 0
175 85 0
318 85 0
329 85 0
330 85 0
175 86 0
179 86 0
206 86 0
207 86 0
219 86 0
155 87 0
207 87 0
219 87 0
307 87 0
155 88 0
181 88 0
232 88 0
233 88 0
307 88 0
318 88 0
155 89 0
162 89 0
168 89 0
181 89 0
262 89 0
150 90 0
167 90 0
168 90 0
181 90 0
194 90 0
311 90 0
331 90 0
155 91 0
181 91 0
194 91 0
220 91 0
155 92 0
168 92 0
194 92 0
220 92 0
307 92 0
155 93 0
168 93 0
180 93 0
181 93 0
194 93 0
295 93 0
168 94 0
180 94 0
225 94 0
233 94 0
262 94 0
270 94 0
283 94 0
308 94 0
343 94 0
168 95 0
220 95 0
246 95 0
307 95 0
331 95 0
207 96 0
208 96 0
331 96 0
187 97 0
189 97 0
207 97 0
208 97 0
308 97 0
188 98 0
201 98 0
207 98 0
221 98 0
233 98 0
234 98 0
270 98 0
271 98 0
156 99 0
182 99 0
187 99 0
207 99 0
221 99 0
335 99 0
156 100 0
176 100 0
182 100 0
221 100 0
246 100 0
259 100 0
271 100 0
296 100 0
320 100 0
156 101 0
169 101 0
176 101 0
182 101 0
195 101 0
221 101 0
246 101 0
259 101 0
300 101 0
156 102 0
169 102 0
182 102 0
195 102 0
156 103 0
169 103 0
195 103 0
208 103 0
226 103 0
259 103 0
263 103 0
156 104 0
169 104 0
195 104 0
208 104 0
209 104 0
247 104 0
259 104 0
284 104 0
296 104 0
195 105 0
208 105 0
214 105 0
271 105 0
284 105 0
296 105 0
297 105 0
313 105 0
321 105 0
169 106 0
181 106 0
208 106 0
309 106 0
176 107 0
309 107 0
156 108 0
260 108 0
285 109 0
196 110 0
222 110 0
227 110 0
285 110 0
183 111 0
196 111 0
272 111 0
285 111 0
157 112 0
170 112 0
183 112 0
170 113 0
183 113 0
190 113 0
235 113 0
272 113 0
310 113 0
322 113 0
157 114 0
183 114 0
190 114 0
209 114 0
235 114 0
289 114 0
322 114 0
157 115 0
170 115 0
183 115 0
209 115 0
157 116 0
164 116 0
170 116 0
209 116 0
223 116 0
273 116 0
298 116 0
302 116 0
157 117 0
170 117 0
178 117 0
273 117 0
178 118 0
209 118 0
273 118 0
157 119 0
170 119 0
191 119 0
209 119 0
286 119 0
290 119 0
326 119 0
157 120 0
177 120 0
191 120 0
210 120 0
223 120 0
311 120 0
184 121 0
261 121 0
286 121 0
184 122 0
197 122 0
210 122 0
302 122 0
184 123 0
197 123 0
210 123 0
184 124 0
197 124 0
210 124 0
228 124 0
158 125 0
171 125 0
197 125 0
203 125 0
210 125 0
277 125 0
287 125 0
158 126 0
171 126 0
203 126 0
210 126 0
287 126 0
166 127 0
171 127 0
210 127 0
158 128 0
190 128 0
203 128 0
158 129 0
171 129 0
203 129 0
275 129 0
300 129 0
315 129 0
158 130 0
166 130 0
171 130 0
198 130 0
158 131 0
165 131 0
166 131 0
198 131 0
229 131 0
185 132 0
198 132 0
229 132 0
158 133 0
185 133 0
198 133 0
204 133 0
211 133 0
216 133 0
158 134 0
185 134 0
198 134 0
204 134 0
211 134 0
304 134 0
305 134 0
185 135 0
198 135 0
211 135 0
172 136 0
185 136 0
196 136 0
211 136 0
301 136 0
172 137 0
211 137 0
292 137 0
172 138 0
180 138 0
191 138 0
211 138 0
172 139 0
288 139 0
159 141 0
329 141 0
154 142 0
159 142 0
186 142 0
193 142 0
204 142 0
212 142 0
230 142 0
302 142 0
314 142 0
159 143 0
180 143 0
186 143 0
199 143 0
212 143 0
302 143 0
326 143 0
329 143 0
172 144 0
186 144 0
199 144 0
302 144 0
186 145 0
199 145 0
212 145 0
289 145 0
172 146 0
180 147 0
212 147 0
306 147 0
306 148 0
146 149 0
159 149 0
173 149 0
193 149 0
306 149 0
173 150 0
315 150 0
160 151 0
173 151 0
219 151 0
220 151 0
315 151 0
160 152 0
185 152 0
160 153 0
200 153 0
160 154 0
168 154 0
213 154 0
160 155 0
200 155 0
213 155 0
187 156 0
200 156 0
213 156 0
187 157 0
194 157 0
198 157 0
206 157 0
213 157 0
187 158 0
206 158 0
207 158 0
174 159 0
174 160 0
174 161 0
147 165 0
174 165 0
201 165 0
161 166 0
188 166 0
201 166 0
188 167 0
201 167 0
305 167 0
161 168 0
188 168 0
214 168 0
215 168 0
201 169 0
188 170 0
174 172 0
175 172 0
175 173 0
187 173 0
187 174 0
162 176 0
162 177 0
189 179 0
202 179 0
189 180 0
202 180 0
189 181 0
195 181 0
216 181 0
216 182 0
175 183 0
176 183 0
189 183 0
176 184 0
183 184 0
217 188 0
203 189 0
190 190 0
190 191 0
190 193 0
204 193 0
217 193 0
184 194 0
204 194 0
217 194 0
211 195 0
177 197 0
177 198 0
222 200 0
205 201 0
205 202 0
210 202 0
210 204 0
205 207 0
198 208 0
212 208 0
218 208 0
178 209 0
178 210 0
219 210 0
193 216 0
192 217 0
193 217 0
206 218 0
194 230 0
194 231 0
194 232 0
194 233 0
195 244 0
30 85 1
27 86 1
25 87 1
26 87 1
27 87 1
22 88 1
24 88 1
25 88 1
21 89 1
22 89 1
24 89 1
20 90 1
21 90 1
22 90 1
20 91 1
21 91 1
22 91 1
23 91 1
20 92 1
21 92 1
22 92 1
23 92 1
24 92 1
21 93 1
22 93 1
23 93 1
24 93 1
21 94 1
22 94 1
23 94 1
24 94 1
21 95 1
22 95 1
23 95 1
24 95 1
22 96 1
23 96 1
24 96 1
21 97 1
23 97 1
24 97 1
25 97 1
26 97 1
24 98 1
25 98 1
26 98 1
30 98 1
21 99 1
25 99 1
26 99 1
30 99 1
21 100 1
22 100 1
25 100 1
26 100 1
27 100 1
30 100 1
31 100 1
32 100 1
22 101 1
27 101 1
28 101 1
30 101 1
31 101 1
32 101 1
27 102 1
28 102 1
29 102 1
31 102 1
32 102 1
33 102 1
28 103 1
29 103 1
30 103 1
31 103 1
32 103 1
37 103 1
29 104 1
30 104 1
31 104 1
32 104 1
29 105 1
30 105 1
31 105 1
32 105 1
33 105 1
31 106 1
32 106 1
33 106 1
35 106 1
30 107 1
31 107 1
32 107 1
33 107 1
34 107 1
36 107 1
31 108 1
32 108 1
33 108 1
34 108 1
36 108 1
23 109 1
31 109 1
32 109 1
33 109 1
34 109 1
31 110 1
32 110 1
33 110 1
34 110 1
35 110 1
31 111 1
32 111 1
33 111 1
34 111 1
35 111 1
31 112 1
32 112 1
33 112 1
34 112 1
30 113 1
33 113 1
34 113 1
36 113 1
31 114 1
32 114 1
33 114 1
30 115 1
31 115 1
32 115 1
33 115 1
34 115 1
31 116 1
34 116 1
31 117 1
32 117 1
33 117 1
31 118 1
32 118 1
33 118 1
31 119 1
32 119 1
33 119 1
57 119 1
31 120 1
32 120 1
33 120 1
31 121 1
32 121 1
33 121 1
40 121 1
41 121 1
31 122 1
32 122 1
33 122 1
40 122 1
41 122 1
50 122 1
51 122 1
30 123 1
31 123 1
32 123 1
36 123 1
40 123 1
41 123 1
51 123 1
30 124 1
31 124 1
40 124 1
41 124 1
42 124 1
51 124 1
30 125 1
31 125 1
32 125 1
34 125 1
35 125 1
36 125 1
42 125 1
43 125 1
51 125 1
52 125 1
31 126 1
32 126 1
35 126 1
36 126 1
37 126 1
38 126 1
39 126 1
43 126 1
44 126 1
51 126 1
52 126 1
35 127 1
36 127 1
37 127 1
38 127 1
39 127 1
44 127 1
45 127 1
51 127 1
52 127 1
36 128 1
37 128 1
38 128 1
39 128 1
40 128 1
41 128 1
44 128 1
45 128 1
46 128 1
52 128 1
60 128 1
36 129 1
37 129 1
38 129 1
39 129 1
40 129 1
41 129 1
42 129 1
45 129 1
46 129 1
47 129 1
52 129 1
53 129 1
60 129 1
37 130 1
38 130 1
39 130 1
40 130 1
41 130 1
42 130 1
45 130 1
46 130 1
47 130 1
52 130 1
53 130 1
60 130 1
38 131 1
39 131 1
40 131 1
41 131 1
42 131 1
43 131 1
45 131 1
46 131 1
47 131 1
52 131 1
53 131 1
60 131 1
61 131 1
69 131 1
38 132 1
39 132 1
40 132 1
41 132 1
42 132 1
43 132 1
47 132 1
48 132 1
49 132 1
53 132 1
61 132 1
40 133 1
42 133 1
43 133 1
44 133 1
46 133 1
47 133 1
48 133 1
49 133 1
53 133 1
60 133 1
61 133 1
23 134 1
42 134 1
43 134 1
44 134 1
46 134 1
48 134 1
49 134 1
50 134 1
54 134 1
61 134 1
62 134 1
43 135 1
44 135 1
45 135 1
49 135 1
50 135 1
54 135 1
55 135 1
61 135 1
62 135 1
43 136 1
44 136 1
45 136 1
46 136 1
49 136 1
50 136 1
51 136 1
54 136 1
61 136 1
62 136 1
44 137 1
45 137 1
46 137 1
49 137 1
50 137 1
51 137 1
55 137 1
62 137 1
63 137 1
19 138 1
44 138 1
45 138 1
46 138 1
47 138 1
50 138 1
51 138 1
52 138 1
63 138 1
20 139 1
45 139 1
46 139 1
47 139 1
50 139 1
51 139 1
52 139 1
63 139 1
19 140 1
20 140 1
45 140 1
46 140 1
47 140 1
48 140 1
51 140 1
52 140 1
53 140 1
63 140 1
20 141 1
21 141 1
46 141 1
47 141 1
48 141 1
51 141 1
52 141 1
53 141 1
63 141 1
19 142 1
20 142 1
47 142 1
48 142 1
49 142 1
52 142 1
53 142 1
64 142 1
19 143 1
20 143 1
47 143 1
48 143 1
49 143 1
52 143 1
53 143 1
54 143 1
64 143 1
19 144 1
20 144 1
48 144 1
49 144 1
52 144 1
53 144 1
54 144 1
64 144 1
19 145 1
20 145 1
48 145 1
49 145 1
52 145 1
53 145 1
54 145 1
55 145 1
64 145 1
19 146 1
20 146 1
49 146 1
50 146 1
53 146 1
54 146 1
55 146 1
20 147 1
22 147 1
49 147 1
50 147 1
53 147 1
54 147 1
55 147 1
65 147 1
20 148 1
22 148 1
23 148 1
49 148 1
50 148 1
53 148 1
54 148 1
55 148 1
65 148 1
20 149 1
21 149 1
22 149 1
50 149 1
51 149 1
53 149 1
54 149 1
55 149 1
56 149 1
64 149 1
21 150 1
22 150 1
50 150 1
54 150 1
55 150 1
56 150 1
21 151 1
23 151 1
54 151 1
55 151 1
56 151 1
23 152 1
54 152 1
55 152 1
56 152 1
57 152 1
23 153 1
55 153 1
56 153 1
57 153 1
64 153 1
22 154 1
23 154 1
55 154 1
56 154 1
57 154 1
63 154 1
22 155 1
23 155 1
24 155 1
55 155 1
56 155 1
57 155 1
22 156 1
56 156 1
57 156 1
58 156 1
22 157 1
56 157 1
57 157 1
58 157 1
22 158 1
23 158 1
24 158 1
56 158 1
57 158 1
58 158 1
22 159 1
23 159 1
24 159 1
56 159 1
57 159 1
58 159 1
22 160 1
23 160 1
56 160 1
57 160 1
58 160 1
59 160 1
22 161 1
23 161 1
56 161 1
57 161 1
58 161 1
59 161 1
23 162 1
24 162 1
25 162 1
56 162 1
57 162 1
58 162 1
59 162 1
23 163 1
56 163 1
57 163 1
58 163 1
59 163 1
63 163 1
25 164 1
26 164 1
56 164 1
57 164 1
58 164 1
59 164 1
63 164 1
26 165 1
55 165 1
56 165 1
57 165 1
58 165 1
59 165 1
63 165 1
24 166 1
27 166 1
55 166 1
56 166 1
57 166 1
58 166 1
59 166 1
63 166 1
28 167 1
56 167 1
57 167 1
58 167 1
59 167 1
24 168 1
25 168 1
26 168 1
27 170 1
25 171 1
31 171 1
31 172 1
25 174 1
26 174 1
57 174 1
25 175 1
26 175 1
56 175 1
26 176 1
25 177 1
26 177 1
26 178 1
27 178 1
26 179 1
31 180 1
28 181 1
27 184 1
27 185 1
28 187 1
28 188 1
29 188 1
28 189 1
31 191 1
29 192 1
30 194 1
29 195 1
30 196 1
17 197 1
19 197 1
30 197 1
17 198 1
30 198 1
17 199 1
18 199 1
19 199 1
30 199 1
31 199 1
17 200 1
18 200 1
19 200 1
31 200 1
32 200 1
17 201 1
18 201 1
19 201 1
32 201 1
17 202 1
18 202 1
17 203 1
18 203 1
19 203 1
17 204 1
18 204 1
19 204 1
17 205 1
18 205 1
19 205 1
17 206 1
18 206 1
19 206 1
20 206 1
30 206 1
17 207 1
18 207 1
19 207 1
20 207 1
18 208 1
19 208 1
20 208 1
21 208 1
19 209 1
20 209 1
21 209 1
20 210 1
21 210 1
22 210 1
20 211 1
21 211 1
22 211 1
20 212 1
21 212 1
22 212 1
23 212 1
20 213 1
21 213 1
22 213 1
23 213 1
20 214 1
21 214 1
22 214 1
21 215 1
22 215 1
23 215 1
21 216 1
22 216 1
23 216 1
33 216 1
21 217 1
22 217 1
23 217 1
21 218 1
22 218 1
23 218 1
21 219 1
22 219 1
23 219 1
33 219 1
34 219 1
21 220 1
22 220 1
23 220 1
21 221 1
22 221 1
23 221 1
30 221 1
31 221 1
21 222 1
30 222 1
31 222 1
21 223 1
30 223 1
31 223 1
32 223 1
20 224 1
31 224 1
32 224 1
33 224 1
20 225 1
31 225 1
32 225 1
33 225 1
19 226 1
20 226 1
31 226 1
32 226 1
33 226 1
20 227 1
31 227 1
33 227 1
20 228 1
31 228 1
32 228 1
33 228 1
19 229 1
20 229 1
32 229 1
33 229 1
34 229 1
19 230 1
20 230 1
32 230 1
19 231 1
20 231 1
21 231 1
32 231 1
34 231 1
19 232 1
20 232 1
32 232 1
33 232 1
19 233 1
20 233 1
32 233 1
34 233 1
20 234 1
33 234 1
34 234 1
20 235 1
21 235 1
33 235 1
20 236 1
32 236 1
33 236 1
20 237 1
33 237 1
21 238 1
33 238 1
35 238 1
20 239 1
21 239 1
33 239 1
34 239 1
21 240 1
34 240 1
34 241 1
18 242 1
33 242 1
34 242 1
34 243 1
18 244 1
34 244 1
17 245 1
18 245 1
34 245 1
17 246 1
18 246 1
34 246 1
17 247 1
17 248 1
16 249 1
17 249 1
34 249 1
5 250 1
17 250 1
35 250 1
34 251 1
8 252 1
34 252 1
35 252 1
7 253 1
8 253 1
16 253 1
35 253 1
8 254 1
35 254 1
9 255 1
10 255 1
10 256 1
36 256 1
9 257 1
89 12 2
77 15 2
95 15 2
148 16 2
122 17 2
148 17 2
82 18 2
122 18 2
148 18 2
46 19 2
82 19 2
100 19 2
109 19 2
122 19 2
123 19 2
135 19 2
148 19 2
59 20 2
73 20 2
82 20 2
100 20 2
109 20 2
122 20 2
123 20 2
135 20 2
148 20 2
82 21 2
109 21 2
122 21 2
123 21 2
135 21 2
148 21 2
81 22 2
82 22 2
95 22 2
106 22 2
109 22 2
122 22 2
135 22 2
148 22 2
41 23 2
82 23 2
103 23 2
109 23 2
116 23 2
122 23 2
135 23 2
26 24 2
27 24 2
82 24 2
109 24 2
135 24 2
65 25 2
90 25 2
135 25 2
148 25 2
13 26 2
26 26 2
65 26 2
78 26 2
90 26 2
135 26 2
148 26 2
39 27 2
52 27 2
26 28 2
52 28 2
90 28 2
52 30 2
25 34 2
25 38 2
77 40 2
122 88 2
120 89 2
121 89 2
122 89 2
116 90 2
117 90 2
118 90 2
119 90 2
120 90 2
121 90 2
114 91 2
115 91 2
116 91 2
117 91 2
118 91 2
119 91 2
120 91 2
134 91 2
113 92 2
114 92 2
115 92 2
116 92 2
117 92 2
118 92 2
119 92 2
120 92 2
135 92 2
136 92 2
113 93 2
114 93 2
115 93 2
116 93 2
119 93 2
136 93 2
137 93 2
112 94 2
113 94 2
114 94 2
115 94 2
137 94 2
138 94 2
111 95 2
112 95 2
113 95 2
114 95 2
115 95 2
138 95 2
109 96 2
111 96 2
112 96 2
113 96 2
114 96 2
125 96 2
138 96 2
139 96 2
111 97 2
112 97 2
113 97 2
114 97 2
122 97 2
127 97 2
128 97 2
129 97 2
139 97 2
140 97 2
109 98 2
110 98 2
111 98 2
112 98 2
113 98 2
119 98 2
120 98 2
121 98 2
122 98 2
123 98 2
124 98 2
125 98 2
128 98 2
129 98 2
130 98 2
139 98 2
140 98 2
110 99 2
111 99 2
112 99 2
114 99 2
115 99 2
116 99 2
118 99 2
119 99 2
120 99 2
121 99 2
122 99 2
123 99 2
124 99 2
126 99 2
127 99 2
128 99 2
129 99 2
130 99 2
131 99 2
132 99 2
139 99 2
140 99 2
110 100 2
111 100 2
112 100 2
113 100 2
114 100 2
115 100 2
117 100 2
118 100 2
119 100 2
120 100 2
121 100 2
126 100 2
127 100 2
128 100 2
130 100 2
131 100 2
132 100 2
133 100 2
134 100 2
139 100 2
140 100 2
110 101 2
111 101 2
112 101 2
113 101 2
114 101 2
115 101 2
116 101 2
117 101 2
118 101 2
119 101 2
120 101 2
127 101 2
128 101 2
129 101 2
130 101 2
131 101 2
132 101 2
134 101 2
139 101 2
140 101 2
110 102 2
111 102 2
112 102 2
113 102 2
114 102 2
115 102 2
116 102 2
117 102 2
118 102 2
127 102 2
128 102 2
129 102 2
130 102 2
131 102 2
132 102 2
139 102 2
140 102 2
112 103 2
113 103 2
114 103 2
127 103 2
128 103 2
129 103 2
130 103 2
131 103 2
132 103 2
138 103 2
139 103 2
140 103 2
129 104 2
130 104 2
132 104 2
133 104 2
134 104 2
135 104 2
138 104 2
139 104 2
140 104 2
128 105 2
133 105 2
134 105 2
135 105 2
138 105 2
139 105 2
131 106 2
132 106 2
133 106 2
134 106 2
135 106 2
136 106 2
138 106 2
139 106 2
130 107 2
131 107 2
132 107 2
133 107 2
134 107 2
135 107 2
136 107 2
137 107 2
139 107 2
130 108 2
131 108 2
132 108 2
133 108 2
134 108 2
135 108 2
136 108 2
137 108 2
139 108 2
140 108 2
130 109 2
131 109 2
132 109 2
133 109 2
134 109 2
137 109 2
138 109 2
140 109 2
141 109 2
131 110 2
132 110 2
133 110 2
137 110 2
138 110 2
139 110 2
140 110 2
141 110 2
96 111 2
97 111 2
131 111 2
132 111 2
133 111 2
138 111 2
139 111 2
140 111 2
141 111 2
142 111 2
93 112 2
94 112 2
95 112 2
132 112 2
133 112 2
139 112 2
140 112 2
141 112 2
142 112 2
92 113 2
93 113 2
133 113 2
134 113 2
139 113 2
140 113 2
141 113 2
142 113 2
143 113 2
90 114 2
92 114 2
134 114 2
137 114 2
138 114 2
139 114 2
140 114 2
141 114 2
142 114 2
143 114 2
90 115 2
137 115 2
138 115 2
139 115 2
140 115 2
141 115 2
90 116 2
120 116 2
129 116 2
131 116 2
90 117 2
91 117 2
119 117 2
120 117 2
121 117 2
126 117 2
129 117 2
89 118 2
90 118 2
91 118 2
121 118 2
126 118 2
89 119 2
121 119 2
122 119 2
124 119 2
128 119 2
90 120 2
91 120 2
95 120 2
96 120 2
121 120 2
122 120 2
123 120 2
124 120 2
125 120 2
126 120 2
89 121 2
90 121 2
91 121 2
95 121 2
96 121 2
120 121 2
121 121 2
122 121 2
123 121 2
89 122 2
90 122 2
94 122 2
95 122 2
121 122 2
122 122 2
123 122 2
89 123 2
90 123 2
93 123 2
94 123 2
95 123 2
121 123 2
122 123 2
123 123 2
89 124 2
90 124 2
93 124 2
94 124 2
121 124 2
122 124 2
123 124 2
90 125 2
91 125 2
93 125 2
94 125 2
122 125 2
90 126 2
91 126 2
92 126 2
93 126 2
120 126 2
121 126 2
122 126 2
89 127 2
90 127 2
91 127 2
92 127 2
93 127 2
120 127 2
121 127 2
89 128 2
90 128 2
91 128 2
92 128 2
97 128 2
120 128 2
89 129 2
91 129 2
92 129 2
97 129 2
120 129 2
121 129 2
90 130 2
92 130 2
97 130 2
98 130 2
120 130 2
121 130 2
91 131 2
92 131 2
97 131 2
98 131 2
120 131 2
121 131 2
90 132 2
91 132 2
97 132 2
98 132 2
90 133 2
91 133 2
96 133 2
97 133 2
98 133 2
90 134 2
96 134 2
97 134 2
123 134 2
90 135 2
97 135 2
121 135 2
123 135 2
90 136 2
97 136 2
90 137 2
97 137 2
90 138 2
89 139 2
90 139 2
89 140 2
90 140 2
124 140 2
89 141 2
90 141 2
89 142 2
90 142 2
89 143 2
90 143 2
103 143 2
89 144 2
90 144 2
102 144 2
89 145 2
90 145 2
98 145 2
101 145 2
125 145 2
88 146 2
89 146 2
98 146 2
124 146 2
88 147 2
89 147 2
123 147 2
89 148 2
122 148 2
89 149 2
122 149 2
122 150 2
42 74 3
47 74 3
49 74 3
37 75 3
38 75 3
39 75 3
40 75 3
42 75 3
43 75 3
46 75 3
47 75 3
48 75 3
49 75 3
50 75 3
34 76 3
37 76 3
38 76 3
39 76 3
40 76 3
41 76 3
42 76 3
43 76 3
44 76 3
45 76 3
46 76 3
47 76 3
48 76 3
49 76 3
50 76 3
51 76 3
43 77 3
45 77 3
47 77 3
48 77 3
49 77 3
50 77 3
51 77 3
52 77 3
49 78 3
50 78 3
51 78 3
52 78 3
53 78 3
54 78 3
51 79 3
52 79 3
53 79 3
54 79 3
55 79 3
53 80 3
54 80 3
55 80 3
56 80 3
55 81 3
56 81 3
57 81 3
55 82 3
56 82 3
57 82 3
58 82 3
56 83 3
57 83 3
58 83 3
59 83 3
57 84 3
58 84 3
59 84 3
60 84 3
58 85 3
59 85 3
60 85 3
59 86 3
60 86 3
61 86 3
59 87 3
60 87 3
61 87 3
60 88 3
61 88 3
62 88 3
60 89 3
61 89 3
62 89 3
61 90 3
62 90 3
63 90 3
61 91 3
62 91 3
63 91 3
61 92 3
62 92 3
63 92 3
61 93 3
62 93 3
63 93 3
62 94 3
63 94 3
64 94 3
62 95 3
63 95 3
64 95 3
63 96 3
64 96 3
63 97 3
64 97 3
65 97 3
63 98 3
64 98 3
65 98 3
63 99 3
64 99 3
65 99 3
66 99 3
67 99 3
64 100 3
65 100 3
66 100 3
64 101 3
65 101 3
66 101 3
64 102 3
65 102 3
66 102 3
64 103 3
65 103 3
66 103 3
67 103 3
64 104 3
65 104 3
66 104 3
67 104 3
65 105 3
66 105 3
67 105 3
65 106 3
66 106 3
67 106 3
65 107 3
66 107 3
67 107 3
68 107 3
65 108 3
66 108 3
67 108 3
66 109 3
67 109 3
66 110 3
67 110 3
68 110 3
69 110 3
66 111 3
67 111 3
69 111 3
70 111 3
66 112 3
67 112 3
68 112 3
70 112 3
67 113 3
68 113 3
67 114 3
68 114 3
68 115 3
69 115 3
68 116 3
69 116 3
70 116 3
69 117 3
70 117 3
70 118 3
72 118 3
64 119 3
69 119 3
70 119 3
71 119 3
72 119 3
71 120 3
72 120 3
72 121 3
73 121 3
71 122 3
72 122 3
72 123 3
72 124 3
73 124 3
72 125 3
73 125 3
73 126 3
74 126 3
73 127 3
74 127 3
75 128 3
73 129 3
75 129 3
74 130 3
75 130 3
76 131 3
76 132 3
76 133 3
77 133 3
76 134 3
77 134 3
77 135 3
77 136 3
78 137 3
78 138 3
78 139 3
78 140 3
79 140 3
79 141 3
79 143 3
80 144 3
79 145 3
95 145 3
78 146 3
95 146 3
78 147 3
79 147 3
80 147 3
96 147 3
80 148 3
96 148 3
97 148 3
80 149 3
97 149 3
98 149 3
80 150 3
98 150 3
99 151 3
99 152 3
99 153 3
100 153 3
100 154 3
101 155 3
79 156 3
79 157 3
58 163 3
53 164 3
60 164 3
54 165 3
58 165 3
59 165 3
60 165 3
58 166 3
59 166 3
54 167 3
58 167 3
59 167 3
60 167 3
53 168 3
58 168 3
59 168 3
60 168 3
65 168 3
53 169 3
54 169 3
57 169 3
58 169 3
59 169 3
60 169 3
65 169 3
66 169 3
68 169 3
57 170 3
58 170 3
59 170 3
60 170 3
65 170 3
68 170 3
56 171 3
57 171 3
58 171 3
59 171 3
56 172 3
57 172 3
58 172 3
59 172 3
72 172 3
55 173 3
56 173 3
57 173 3
58 173 3
59 173 3
60 173 3
56 174 3
57 174 3
58 174 3
59 174 3
60 174 3
61 174 3
65 174 3
66 174 3
72 174 3
73 174 3
56 175 3
57 175 3
58 175 3
59 175 3
60 175 3
61 175 3
62 175 3
63 175 3
65 175 3
66 175 3
72 175 3
73 175 3
57 176 3
58 176 3
59 176 3
60 176 3
61 176 3
62 176 3
63 176 3
72 176 3
73 176 3
57 177 3
58 177 3
60 177 3
61 177 3
62 177 3
63 177 3
64 177 3
65 177 3
66 177 3
71 177 3
72 177 3
73 177 3
58 178 3
63 178 3
64 178 3
65 178 3
66 178 3
71 178 3
72 178 3
73 178 3
58 179 3
59 179 3
60 179 3
62 179 3
63 179 3
65 179 3
66 179 3
70 179 3
71 179 3
72 179 3
73 179 3
59 180 3
63 180 3
66 180 3
70 180 3
71 180 3
72 180 3
73 180 3
60 181 3
61 181 3
62 181 3
65 181 3
71 181 3
72 181 3
73 181 3
60 182 3
61 182 3
62 182 3
63 182 3
64 182 3
71 182 3
72 182 3
73 182 3
61 183 3
71 183 3
72 183 3
73 183 3
71 184 3
72 184 3
73 184 3
71 185 3
72 185 3
73 185 3
71 186 3
72 186 3
73 186 3
71 187 3
72 187 3
73 187 3
71 188 3
72 188 3
73 188 3
70 189 3
71 189 3
72 189 3
73 189 3
70 190 3
71 190 3
72 190 3
73 190 3
70 191 3
71 191 3
72 191 3
70 192 3
71 192 3
72 192 3
70 193 3
71 193 3
72 193 3
70 194 3
71 194 3
72 194 3
70 195 3
71 195 3
72 195 3
70 196 3
71 196 3
72 196 3
70 197 3
71 197 3
72 197 3
70 198 3
71 198 3
72 198 3
71 199 3
68 200 3
69 200 3
68 201 3
64 202 3
65 202 3
66 202 3
64 203 3
65 203 3
66 203 3
67 203 3
64 204 3
65 204 3
66 204 3
67 204 3
68 204 3
66 205 3
67 205 3
68 205 3
66 206 3
67 206 3
68 206 3
69 206 3
68 207 3
69 207 3
70 207 3
73 207 3
75 207 3
69 208 3
70 208 3
72 208 3
73 208 3
74 208 3
75 208 3
76 208 3
77 209 3
54 210 3
54 211 3
54 212 3
54 213 3
71 213 3
72 213 3
75 213 3
76 213 3
54 214 3
72 214 3
73 214 3
74 214 3
74 215 3
54 217 3
55 217 3
54 219 3
55 219 3
54 220 3
57 220 3
54 221 3
55 221 3
76 221 3
79 221 3
80 221 3
81 221 3
54 222 3
76 222 3
77 222 3
81 222 3
82 222 3
54 223 3
55 223 3
76 223 3
77 223 3
78 223 3
82 223 3
83 223 3
54 224 3
55 224 3
76 224 3
77 224 3
78 224 3
79 224 3
54 225 3
55 225 3
77 225 3
78 225 3
54 226 3
55 226 3
77 226 3
78 226 3
54 227 3
55 227 3
77 227 3
78 227 3
79 227 3
54 228 3
55 228 3
78 228 3
79 228 3
54 229 3
55 229 3
78 229 3
55 230 3
55 231 3
55 232 3
55 233 3
55 234 3
55 235 3
55 236 3
55 237 3
56 237 3
55 238 3
56 238 3
55 239 3
55 240 3
56 240 3
55 241 3
56 241 3
55 242 3
55 243 3
56 243 3
55 244 3
55 245 3
55 246 3
55 247 3
55 248 3
55 249 3
55 250 3
56 250 3
55 251 3
55 252 3
56 252 3
55 253 3
54 255 3
54 256 3
54 257 3
54 258 3
264 38 4
277 38 4
253 39 4
254 39 4
263 39 4
264 39 4
265 39 4
243 40 4
247 40 4
251 40 4
253 40 4
254 40 4
255 40 4
256 40 4
259 40 4
260 40 4
263 40 4
264 40 4
265 40 4
266 40 4
273 40 4
274 40 4
246 41 4
247 41 4
248 41 4
249 41 4
250 41 4
251 41 4
252 41 4
254 41 4
255 41 4
257 41 4
263 41 4
264 41 4
265 41 4
271 41 4
272 41 4
273 41 4
274 41 4
277 41 4
278 41 4
279 41 4
246 42 4
247 42 4
248 42 4
250 42 4
252 42 4
253 42 4
255 42 4
256 42 4
258 42 4
264 42 4
265 42 4
273 42 4
252 43 4
253 43 4
254 43 4
255 43 4
256 43 4
257 43 4
259 43 4
260 43 4
261 43 4
265 43 4
273 43 4
274 43 4
253 44 4
254 44 4
255 44 4
256 44 4
257 44 4
258 44 4
260 44 4
261 44 4
263 44 4
264 44 4
266 44 4
274 44 4
245 45 4
246 45 4
247 45 4
248 45 4
254 45 4
255 45 4
256 45 4
259 45 4
263 45 4
264 45 4
265 45 4
266 45 4
273 45 4
274 45 4
278 45 4
245 46 4
254 46 4
255 46 4
256 46 4
257 46 4
259 46 4
260 46 4
261 46 4
262 46 4
263 46 4
264 46 4
265 46 4
272 46 4
273 46 4
274 46 4
275 46 4
246 47 4
253 47 4
254 47 4
255 47 4
256 47 4
257 47 4
258 47 4
260 47 4
261 47 4
262 47 4
263 47 4
264 47 4
253 48 4
254 48 4
255 48 4
256 48 4
260 48 4
261 48 4
262 48 4
263 48 4
264 48 4
265 48 4
247 49 4
253 49 4
254 49 4
255 49 4
261 49 4
262 49 4
263 49 4
264 49 4
265 49 4
266 49 4
252 50 4
253 50 4
254 50 4
255 50 4
258 50 4
259 50 4
260 50 4
261 50 4
262 50 4
263 50 4
264 50 4
265 50 4
277 50 4
238 51 4
239 51 4
240 51 4
241 51 4
253 51 4
254 51 4
259 51 4
260 51 4
261 51 4
262 51 4
263 51 4
264 51 4
265 51 4
239 52 4
240 52 4
253 58 4
254 58 4
255 58 4
256 58 4
257 58 4
262 58 4
263 58 4
269 58 4
270 58 4
271 58 4
280 58 4
253 59 4
254 59 4
255 59 4
256 59 4
257 59 4
258 59 4
261 59 4
263 59 4
270 59 4
271 59 4
252 60 4
253 60 4
254 60 4
255 60 4
256 60 4
257 60 4
258 60 4
269 60 4
270 60 4
279 60 4
252 61 4
253 61 4
268 61 4
279 61 4
251 62 4
252 62 4
253 62 4
268 62 4
278 62 4
279 62 4
251 63 4
252 63 4
253 63 4
262 63 4
267 63 4
268 63 4
269 63 4
272 63 4
278 63 4
281 63 4
251 64 4
252 64 4
261 64 4
262 64 4
263 64 4
267 64 4
268 64 4
269 64 4
270 64 4
272 64 4
277 64 4
262 65 4
264 65 4
268 65 4
269 65 4
270 65 4
271 65 4
278 65 4
279 65 4
262 66 4
263 66 4
269 66 4
270 66 4
277 66 4
278 66 4
279 66 4
280 66 4
255 67 4
264 67 4
265 67 4
269 67 4
270 67 4
275 67 4
276 67 4
277 67 4
280 67 4
255 68 4
256 68 4
257 68 4
258 68 4
259 68 4
260 68 4
261 68 4
265 68 4
266 68 4
267 68 4
256 69 4
257 69 4
267 69 4
268 69 4
254 70 4
254 71 4
256 71 4
132 168 4
132 169 4
132 170 4
130 172 4
130 174 4
121 175 4
122 175 4
121 176 4
122 176 4
128 176 4
131 176 4
121 177 4
121 178 4
112 179 4
131 179 4
109 180 4
111 180 4
112 180 4
130 180 4
131 180 4
108 181 4
109 181 4
110 181 4
111 181 4
129 181 4
130 181 4
108 182 4
109 182 4
110 182 4
111 182 4
109 183 4
110 183 4
132 183 4
109 184 4
110 184 4
111 184 4
131 184 4
132 184 4
110 185 4
111 185 4
118 185 4
131 185 4
132 185 4
109 186 4
110 186 4
111 186 4
132 186 4
110 187 4
111 187 4
113 187 4
132 187 4
110 188 4
111 188 4
112 188 4
113 188 4
132 188 4
133 188 4
111 189 4
112 189 4
113 189 4
133 189 4
111 190 4
112 190 4
113 190 4
133 190 4
111 191 4
112 191 4
113 191 4
133 191 4
134 191 4
112 192 4
113 192 4
134 192 4
93 193 4
112 193 4
113 193 4
114 193 4
134 193 4
135 193 4
93 194 4
113 194 4
114 194 4
134 194 4
113 195 4
114 195 4
112 196 4
113 196 4
136 196 4
112 197 4
113 197 4
136 197 4
93 198 4
112 198 4
113 198 4
136 198 4
94 199 4
112 199 4
113 199 4
136 199 4
137 199 4
112 200 4
137 200 4
137 201 4
95 202 4
137 202 4
138 202 4
95 203 4
138 203 4
138 204 4
139 205 4
122 206 4
139 206 4
122 207 4
130 207 4
140 207 4
140 208 4
140 209 4
141 210 4
141 211 4
142 212 4
114 213 4
142 213 4
142 214 4
143 215 4
144 217 4
144 218 4
144 219 4
145 219 4
146 221 4
146 222 4
147 224 4
148 226 4
98 227 4
147 227 4
148 227 4
148 228 4
124 229 4
127 229 4
147 229 4
148 229 4
123 230 4
127 230 4
128 230 4
147 230 4
148 230 4
127 231 4
128 231 4
147 231 4
148 231 4
122 232 4
129 232 4
147 232 4
148 232 4
122 233 4
128 233 4
129 233 4
147 233 4
148 233 4
121 234 4
128 234 4
147 234 4
148 234 4
128 235 4
129 235 4
147 235 4
129 236 4
147 236 4
121 237 4
129 237 4
147 237 4
129 238 4
147 238 4
129 239 4
147 239 4
119 244 4
143 231 5
144 232 5
144 233 5
144 234 5
126 235 5
128 235 5
144 235 5
144 236 5
145 236 5
126 237 5
127 237 5
144 237 5
145 237 5
126 238 5
127 238 5
145 238 5
127 239 5
145 239 5
126 240 5
127 240 5
145 240 5
146 240 5
127 241 5
136 241 5
145 241 5
146 241 5
127 242 5
128 242 5
132 242 5
136 242 5
145 242 5
146 242 5
128 243 5
146 243 5
128 244 5
146 244 5
127 245 5
128 245 5
146 245 5
147 245 5
128 246 5
129 246 5
146 246 5
147 246 5
128 247 5
129 247 5
134 247 5
146 247 5
147 247 5
128 248 5
129 248 5
134 248 5
146 248 5
147 248 5
128 249 5
129 249 5
146 249 5
147 249 5
129 250 5
134 250 5
146 250 5
147 250 5
129 251 5
130 251 5
135 251 5
146 251 5
147 251 5
129 252 5
130 252 5
135 252 5
146 252 5
147 252 5
129 253 5
130 253 5
134 253 5
135 253 5
146 253 5
147 253 5
129 254 5
130 254 5
135 254 5
147 254 5
148 254 5
129 255 5
130 255 5
135 255 5
147 255 5
129 256 5
133 256 5
134 256 5
135 256 5
136 256 5
146 256 5
147 256 5
130 257 5
135 257 5
147 257 5
134 258 5
135 258 5
