199 1 0
201 1 0
237 1 0
253 1 0
198 2 0
199 2 0
200 2 0
201 2 0
212 2 0
214 2 0
215 2 0
216 2 0
217 2 0
218 2 0
219 2 0
220 2 0
221 2 0
232 2 0
233 2 0
234 2 0
237 2 0
238 2 0
239 2 0
240 2 0
241 2 0
242 2 0
253 2 0
198 3 0
199 3 0
200 3 0
201 3 0
212 3 0
213 3 0
214 3 0
217 3 0
218 3 0
223 3 0
224 3 0
225 3 0
232 3 0
233 3 0
242 3 0
243 3 0
244 3 0
245 3 0
246 3 0
253 3 0
257 3 0
198 4 0
199 4 0
200 4 0
201 4 0
212 4 0
213 4 0
214 4 0
227 4 0
228 4 0
229 4 0
230 4 0
231 4 0
232 4 0
233 4 0
246 4 0
247 4 0
248 4 0
249 4 0
250 4 0
251 4 0
252 4 0
253 4 0
258 4 0
181 5 0
198 5 0
200 5 0
211 5 0
212 5 0
213 5 0
230 5 0
231 5 0
232 5 0
234 5 0
250 5 0
251 5 0
252 5 0
253 5 0
174 6 0
182 6 0
184 6 0
198 6 0
200 6 0
211 6 0
212 6 0
213 6 0
235 6 0
236 6 0
237 6 0
238 6 0
266 6 0
267 6 0
268 6 0
269 6 0
176 7 0
198 7 0
200 7 0
211 7 0
212 7 0
213 7 0
239 7 0
240 7 0
241 7 0
242 7 0
243 7 0
197 8 0
198 8 0
199 8 0
200 8 0
210 8 0
211 8 0
212 8 0
213 8 0
243 8 0
244 8 0
245 8 0
246 8 0
247 8 0
248 8 0
254 8 0
188 9 0
197 9 0
198 9 0
199 9 0
200 9 0
210 9 0
211 9 0
212 9 0
213 9 0
254 9 0
256 9 0
311 9 0
197 10 0
198 10 0
199 10 0
200 10 0
210 10 0
211 10 0
212 10 0
213 10 0
250 10 0
254 10 0
256 10 0
325 10 0
197 11 0
199 11 0
210 11 0
211 11 0
212 11 0
256 11 0
189 12 0
192 12 0
197 12 0
199 12 0
210 12 0
211 12 0
212 12 0
250 12 0
251 12 0
256 12 0
267 12 0
272 12 0
284 12 0
192 13 0
197 13 0
199 13 0
209 13 0
210 13 0
211 13 0
212 13 0
250 13 0
251 13 0
272 13 0
279 13 0
196 14 0
197 14 0
199 14 0
207 14 0
208 14 0
209 14 0
210 14 0
250 14 0
254 14 0
195 15 0
196 15 0
197 15 0
198 15 0
199 15 0
203 15 0
204 15 0
205 15 0
206 15 0
207 15 0
208 15 0
212 15 0
213 15 0
250 15 0
196 16 0
200 16 0
201 16 0
202 16 0
203 16 0
204 16 0
208 16 0
209 16 0
210 16 0
211 16 0
212 16 0
213 16 0
215 16 0
216 16 0
249 16 0
250 16 0
321 16 0
200 17 0
201 17 0
202 17 0
203 17 0
205 17 0
206 17 0
207 17 0
208 17 0
214 17 0
215 17 0
216 17 0
249 17 0
250 17 0
283 17 0
289 17 0
320 17 0
321 17 0
327 17 0
202 18 0
214 18 0
215 18 0
216 18 0
249 18 0
250 18 0
264 18 0
289 18 0
214 19 0
215 19 0
216 19 0
248 19 0
249 19 0
254 19 0
125 20 0
213 20 0
214 20 0
216 20 0
248 20 0
249 20 0
254 20 0
255 20 0
271 20 0
214 21 0
248 21 0
249 21 0
213 22 0
214 22 0
222 22 0
248 22 0
249 22 0
289 22 0
319 22 0
214 23 0
247 23 0
248 23 0
213 24 0
229 24 0
231 24 0
247 24 0
248 24 0
265 24 0
213 25 0
247 25 0
248 25 0
325 25 0
213 26 0
247 26 0
248 26 0
281 26 0
246 27 0
247 27 0
262 27 0
281 27 0
317 27 0
242 28 0
243 28 0
246 28 0
248 28 0
262 28 0
288 28 0
98 29 0
241 29 0
242 29 0
246 29 0
248 29 0
247 30 0
248 30 0
264 30 0
323 30 0
186 31 0
316 31 0
323 31 0
90 32 0
186 32 0
254 32 0
255 32 0
256 32 0
280 32 0
315 32 0
321 32 0
186 33 0
253 33 0
254 33 0
255 33 0
257 33 0
316 33 0
188 34 0
253 34 0
257 34 0
258 34 0
275 34 0
285 34 0
286 34 0
246 35 0
253 35 0
257 35 0
273 35 0
274 35 0
279 35 0
321 35 0
252 36 0
314 36 0
321 36 0
255 37 0
256 37 0
315 37 0
319 37 0
320 37 0
256 38 0
258 38 0
315 38 0
320 38 0
253 39 0
255 39 0
277 39 0
278 39 0
319 39 0
254 40 0
255 40 0
265 40 0
267 40 0
268 40 0
271 40 0
272 40 0
274 40 0
275 40 0
277 40 0
306 40 0
319 40 0
321 40 0
322 40 0
323 40 0
324 40 0
325 40 0
326 40 0
327 40 0
245 41 0
250 41 0
268 41 0
275 41 0
313 41 0
318 41 0
328 41 0
65 42 0
244 42 0
245 42 0
318 42 0
324 42 0
325 42 0
326 42 0
328 42 0
249 43 0
281 43 0
317 43 0
322 43 0
251 44 0
317 44 0
243 45 0
249 45 0
250 45 0
251 45 0
280 45 0
281 45 0
317 45 0
322 45 0
323 45 0
324 45 0
325 45 0
326 45 0
327 45 0
328 45 0
248 46 0
249 46 0
250 46 0
312 46 0
318 46 0
319 46 0
329 46 0
249 47 0
250 47 0
255 47 0
257 47 0
258 47 0
312 47 0
329 47 0
242 48 0
257 48 0
272 48 0
273 48 0
274 48 0
275 48 0
276 48 0
329 48 0
242 49 0
244 49 0
254 49 0
256 49 0
257 49 0
268 49 0
241 50 0
244 50 0
256 50 0
257 50 0
264 50 0
310 50 0
204 51 0
256 51 0
288 51 0
303 51 0
310 51 0
255 52 0
256 52 0
316 52 0
317 52 0
326 52 0
206 53 0
245 53 0
246 53 0
247 53 0
252 53 0
254 53 0
255 53 0
264 53 0
270 53 0
273 53 0
287 53 0
316 53 0
205 54 0
206 54 0
244 54 0
245 54 0
251 54 0
254 54 0
255 54 0
272 54 0
273 54 0
207 55 0
245 55 0
253 55 0
254 55 0
264 55 0
268 55 0
309 55 0
326 55 0
203 56 0
244 56 0
253 56 0
254 56 0
262 56 0
263 56 0
264 56 0
265 56 0
266 56 0
309 56 0
197 57 0
198 57 0
199 57 0
200 57 0
204 57 0
250 57 0
252 57 0
253 57 0
254 57 0
261 57 0
263 57 0
197 58 0
198 58 0
199 58 0
245 58 0
251 58 0
252 58 0
261 58 0
320 58 0
251 59 0
266 59 0
290 59 0
314 59 0
320 59 0
324 59 0
227 60 0
250 60 0
251 60 0
262 60 0
263 60 0
264 60 0
265 60 0
266 60 0
284 60 0
289 60 0
319 60 0
323 60 0
214 61 0
225 61 0
229 61 0
253 61 0
254 61 0
261 61 0
262 61 0
263 61 0
264 61 0
286 61 0
308 61 0
319 61 0
219 62 0
220 62 0
235 62 0
255 62 0
256 62 0
319 62 0
336 62 0
233 63 0
241 63 0
258 63 0
306 63 0
319 63 0
335 63 0
213 64 0
214 64 0
215 64 0
225 64 0
259 64 0
260 64 0
261 64 0
269 64 0
295 64 0
306 64 0
318 64 0
191 65 0
225 65 0
236 65 0
248 65 0
249 65 0
262 65 0
263 65 0
264 65 0
273 65 0
274 65 0
306 65 0
202 66 0
225 66 0
228 66 0
229 66 0
238 66 0
239 66 0
257 66 0
265 66 0
266 66 0
274 66 0
338 66 0
222 67 0
228 67 0
235 67 0
248 67 0
255 67 0
258 67 0
259 67 0
260 67 0
267 67 0
268 67 0
269 67 0
327 67 0
336 67 0
217 68 0
221 68 0
248 68 0
260 68 0
261 68 0
262 68 0
263 68 0
264 68 0
271 68 0
273 68 0
281 68 0
312 68 0
314 68 0
315 68 0
316 68 0
332 68 0
335 68 0
207 69 0
208 69 0
221 69 0
234 69 0
247 69 0
261 69 0
262 69 0
263 69 0
264 69 0
265 69 0
266 69 0
273 69 0
274 69 0
275 69 0
282 69 0
285 69 0
296 69 0
316 69 0
317 69 0
206 70 0
227 70 0
229 70 0
263 70 0
264 70 0
265 70 0
266 70 0
267 70 0
268 70 0
275 70 0
276 70 0
277 70 0
279 70 0
285 70 0
286 70 0
311 70 0
313 70 0
314 70 0
220 71 0
225 71 0
226 71 0
229 71 0
233 71 0
234 71 0
235 71 0
263 71 0
269 71 0
270 71 0
271 71 0
272 71 0
277 71 0
278 71 0
279 71 0
280 71 0
281 71 0
282 71 0
286 71 0
289 71 0
312 71 0
313 71 0
314 71 0
220 72 0
221 72 0
225 72 0
233 72 0
234 72 0
257 72 0
275 72 0
281 72 0
282 72 0
289 72 0
290 72 0
293 72 0
310 72 0
311 72 0
312 72 0
313 72 0
314 72 0
318 72 0
319 72 0
324 72 0
218 73 0
220 73 0
225 73 0
232 73 0
233 73 0
256 73 0
266 73 0
275 73 0
276 73 0
277 73 0
278 73 0
282 73 0
283 73 0
284 73 0
311 73 0
312 73 0
313 73 0
314 73 0
315 73 0
208 74 0
209 74 0
217 74 0
219 74 0
224 74 0
225 74 0
231 74 0
233 74 0
236 74 0
237 74 0
252 74 0
256 74 0
266 74 0
279 74 0
285 74 0
286 74 0
287 74 0
310 74 0
311 74 0
312 74 0
313 74 0
314 74 0
206 75 0
216 75 0
217 75 0
225 75 0
236 75 0
237 75 0
238 75 0
239 75 0
251 75 0
255 75 0
268 75 0
270 75 0
271 75 0
289 75 0
290 75 0
313 75 0
314 75 0
210 76 0
211 76 0
218 76 0
223 76 0
225 76 0
226 76 0
227 76 0
232 76 0
234 76 0
251 76 0
255 76 0
259 76 0
268 76 0
283 76 0
284 76 0
285 76 0
291 76 0
292 76 0
293 76 0
310 76 0
311 76 0
312 76 0
313 76 0
314 76 0
206 77 0
207 77 0
208 77 0
209 77 0
221 77 0
222 77 0
223 77 0
225 77 0
226 77 0
227 77 0
229 77 0
230 77 0
253 77 0
254 77 0
259 77 0
268 77 0
293 77 0
294 77 0
295 77 0
302 77 0
303 77 0
216 78 0
223 78 0
224 78 0
225 78 0
226 78 0
227 78 0
229 78 0
258 78 0
297 78 0
298 78 0
299 78 0
328 78 0
228 79 0
229 79 0
230 79 0
231 79 0
232 79 0
233 79 0
234 79 0
235 79 0
236 79 0
237 79 0
257 79 0
274 79 0
299 79 0
306 79 0
220 80 0
221 80 0
232 80 0
233 80 0
237 80 0
273 80 0
274 80 0
275 80 0
291 80 0
303 80 0
252 81 0
262 81 0
304 81 0
305 81 0
306 81 0
331 81 0
332 81 0
334 81 0
229 82 0
261 82 0
263 82 0
264 82 0
268 82 0
306 82 0
307 82 0
308 82 0
328 82 0
331 82 0
332 82 0
233 83 0
250 83 0
255 83 0
288 83 0
289 83 0
290 83 0
308 83 0
309 83 0
310 83 0
330 83 0
331 83 0
249 84 0
254 84 0
275 84 0
276 84 0
277 84 0
283 84 0
288 84 0
289 84 0
311 84 0
312 84 0
313 84 0
330 84 0
331 84 0
212 85 0
213 85 0
214 85 0
249 85 0
254 85 0
255 85 0
259 85 0
283 85 0
288 85 0
289 85 0
316 85 0
321 85 0
328 85 0
210 86 0
212 86 0
213 86 0
214 86 0
215 86 0
216 86 0
231 86 0
248 86 0
253 86 0
270 86 0
282 86 0
214 87 0
215 87 0
217 87 0
218 87 0
233 87 0
239 87 0
240 87 0
241 87 0
242 87 0
267 87 0
318 87 0
333 87 0
208 88 0
214 88 0
215 88 0
218 88 0
247 88 0
252 88 0
267 88 0
274 88 0
276 88 0
277 88 0
278 88 0
279 88 0
283 88 0
285 88 0
208 89 0
213 89 0
220 89 0
221 89 0
224 89 0
246 89 0
247 89 0
252 89 0
267 89 0
279 89 0
281 89 0
284 89 0
285 89 0
226 90 0
274 90 0
280 90 0
283 90 0
212 91 0
217 91 0
224 91 0
216 92 0
219 92 0
223 92 0
224 92 0
225 92 0
245 92 0
246 92 0
260 92 0
270 92 0
274 92 0
278 92 0
289 92 0
210 93 0
211 93 0
224 93 0
215 94 0
222 94 0
224 94 0
264 94 0
265 94 0
266 94 0
267 94 0
268 94 0
282 94 0
209 95 0
214 95 0
215 95 0
223 95 0
264 95 0
265 95 0
266 95 0
276 95 0
277 95 0
280 95 0
281 95 0
282 95 0
283 95 0
223 96 0
226 96 0
236 96 0
237 96 0
238 96 0
239 96 0
248 96 0
250 96 0
251 96 0
252 96 0
253 96 0
268 96 0
269 96 0
277 96 0
278 96 0
279 96 0
283 96 0
284 96 0
327 96 0
213 97 0
220 97 0
222 97 0
230 97 0
236 97 0
237 97 0
238 97 0
240 97 0
251 97 0
255 97 0
269 97 0
272 97 0
273 97 0
212 98 0
213 98 0
219 98 0
248 98 0
249 98 0
250 98 0
251 98 0
256 98 0
264 98 0
265 98 0
268 98 0
269 98 0
275 98 0
211 99 0
235 99 0
245 99 0
249 99 0
250 99 0
252 99 0
253 99 0
254 99 0
255 99 0
256 99 0
267 99 0
269 99 0
270 99 0
278 99 0
279 99 0
280 99 0
281 99 0
282 99 0
211 100 0
235 100 0
241 100 0
242 100 0
254 100 0
264 100 0
269 100 0
278 100 0
279 100 0
281 100 0
210 101 0
221 101 0
233 101 0
234 101 0
264 101 0
265 101 0
266 101 0
267 101 0
269 101 0
288 101 0
157 102 0
226 102 0
266 102 0
267 102 0
268 102 0
269 102 0
270 102 0
275 102 0
281 102 0
282 102 0
283 102 0
288 102 0
156 103 0
157 103 0
209 103 0
224 103 0
225 103 0
226 103 0
233 103 0
266 103 0
267 103 0
271 103 0
287 103 0
288 103 0
156 104 0
157 104 0
225 104 0
238 104 0
154 105 0
157 105 0
158 105 0
159 105 0
210 105 0
211 105 0
266 105 0
268 105 0
271 105 0
154 106 0
158 106 0
159 106 0
210 106 0
242 106 0
243 106 0
264 106 0
265 106 0
266 106 0
267 106 0
268 106 0
290 106 0
152 107 0
267 107 0
292 107 0
151 108 0
221 108 0
223 108 0
224 108 0
270 108 0
220 109 0
245 109 0
246 109 0
227 110 0
231 110 0
232 110 0
233 110 0
251 110 0
252 110 0
259 110 0
272 110 0
273 110 0
276 110 0
277 110 0
162 111 0
209 111 0
222 111 0
223 111 0
224 111 0
226 111 0
235 111 0
266 111 0
203 112 0
207 112 0
208 112 0
268 112 0
147 113 0
166 113 0
167 113 0
202 113 0
207 113 0
264 113 0
153 114 0
165 114 0
166 114 0
167 114 0
145 115 0
146 115 0
156 115 0
268 115 0
269 115 0
285 115 0
145 116 0
146 116 0
150 116 0
151 116 0
157 116 0
166 116 0
210 116 0
269 116 0
277 116 0
278 116 0
142 117 0
150 117 0
156 117 0
157 117 0
273 117 0
279 117 0
280 117 0
281 117 0
155 118 0
156 118 0
157 118 0
205 118 0
246 118 0
247 118 0
252 118 0
256 118 0
280 118 0
281 118 0
282 118 0
154 119 0
156 119 0
218 119 0
261 119 0
262 119 0
263 119 0
266 119 0
267 119 0
280 119 0
281 119 0
282 119 0
283 119 0
149 120 0
153 120 0
155 120 0
156 120 0
160 120 0
161 120 0
246 120 0
258 120 0
268 120 0
272 120 0
277 120 0
282 120 0
285 120 0
149 121 0
153 121 0
155 121 0
225 121 0
245 121 0
253 121 0
269 121 0
153 122 0
154 122 0
155 122 0
251 122 0
252 122 0
257 122 0
187 123 0
188 123 0
219 123 0
258 123 0
188 124 0
265 124 0
270 124 0
136 125 0
138 125 0
208 125 0
215 125 0
218 125 0
239 125 0
269 125 0
284 125 0
135 126 0
136 126 0
137 126 0
186 126 0
223 126 0
236 126 0
239 126 0
240 126 0
241 126 0
243 126 0
284 126 0
286 126 0
133 127 0
134 127 0
136 127 0
137 127 0
186 127 0
187 127 0
203 127 0
207 127 0
239 127 0
240 127 0
242 127 0
243 127 0
286 127 0
287 127 0
133 128 0
134 128 0
136 128 0
183 128 0
222 128 0
241 128 0
242 128 0
243 128 0
268 128 0
269 128 0
271 128 0
272 128 0
273 128 0
285 128 0
136 129 0
161 129 0
180 129 0
185 129 0
187 129 0
188 129 0
241 129 0
242 129 0
270 129 0
276 129 0
277 129 0
283 129 0
284 129 0
165 130 0
181 130 0
182 130 0
184 130 0
186 130 0
187 130 0
241 130 0
242 130 0
286 130 0
287 130 0
135 131 0
167 131 0
180 131 0
181 131 0
184 131 0
186 131 0
187 131 0
188 131 0
189 131 0
191 131 0
241 131 0
278 131 0
279 131 0
280 131 0
281 131 0
282 131 0
135 132 0
138 132 0
180 132 0
183 132 0
184 132 0
185 132 0
186 132 0
188 132 0
189 132 0
191 132 0
241 132 0
281 132 0
282 132 0
138 133 0
185 133 0
187 133 0
188 133 0
190 133 0
191 133 0
241 133 0
278 133 0
282 133 0
283 133 0
284 133 0
285 133 0
139 134 0
159 134 0
165 134 0
166 134 0
184 134 0
190 134 0
211 134 0
214 134 0
260 134 0
279 134 0
285 134 0
159 135 0
160 135 0
161 135 0
165 135 0
166 135 0
184 135 0
214 135 0
158 136 0
160 136 0
165 136 0
166 136 0
177 136 0
184 136 0
210 136 0
268 136 0
287 136 0
124 137 0
125 137 0
140 137 0
141 137 0
158 137 0
159 137 0
160 137 0
164 137 0
165 137 0
177 137 0
209 137 0
210 137 0
213 137 0
259 137 0
124 138 0
125 138 0
132 138 0
195 138 0
235 138 0
236 138 0
237 138 0
241 138 0
263 138 0
124 139 0
135 139 0
182 139 0
183 139 0
194 139 0
236 139 0
237 139 0
286 139 0
287 139 0
131 140 0
183 140 0
207 140 0
236 140 0
237 140 0
238 140 0
134 141 0
240 141 0
276 141 0
277 141 0
122 142 0
130 142 0
156 142 0
163 142 0
164 142 0
277 142 0
122 143 0
163 143 0
182 143 0
201 143 0
202 143 0
203 143 0
205 143 0
286 143 0
287 143 0
129 144 0
155 144 0
174 144 0
182 144 0
183 144 0
192 144 0
200 144 0
240 144 0
134 145 0
154 145 0
162 145 0
174 145 0
182 145 0
226 145 0
263 145 0
271 145 0
287 145 0
127 146 0
159 146 0
166 146 0
171 146 0
224 146 0
225 146 0
266 146 0
267 146 0
286 146 0
119 147 0
120 147 0
130 147 0
131 147 0
154 147 0
275 147 0
286 147 0
119 148 0
127 148 0
130 148 0
161 148 0
162 148 0
180 148 0
221 148 0
262 148 0
263 148 0
264 148 0
266 148 0
130 149 0
153 149 0
161 149 0
166 149 0
180 149 0
181 149 0
220 149 0
258 149 0
267 149 0
181 150 0
213 150 0
237 150 0
238 150 0
253 150 0
254 150 0
255 150 0
256 150 0
257 150 0
116 151 0
117 151 0
161 151 0
170 151 0
195 151 0
206 151 0
234 151 0
235 151 0
255 151 0
286 151 0
116 152 0
152 152 0
179 152 0
218 152 0
232 152 0
233 152 0
278 152 0
286 152 0
116 153 0
179 153 0
180 153 0
274 153 0
275 153 0
276 153 0
277 153 0
150 154 0
160 154 0
179 154 0
180 154 0
229 154 0
264 154 0
271 154 0
272 154 0
273 154 0
151 155 0
186 155 0
212 155 0
226 155 0
241 155 0
242 155 0
243 155 0
248 155 0
281 155 0
282 155 0
283 155 0
114 156 0
171 156 0
190 156 0
225 156 0
226 156 0
236 156 0
237 156 0
241 156 0
248 156 0
249 156 0
250 156 0
255 156 0
281 156 0
282 156 0
283 156 0
114 157 0
178 157 0
210 157 0
216 157 0
236 157 0
237 157 0
255 157 0
256 157 0
261 157 0
262 157 0
157 158 0
158 158 0
177 158 0
178 158 0
191 158 0
236 158 0
261 158 0
262 158 0
263 158 0
268 158 0
269 158 0
158 159 0
162 159 0
167 159 0
178 159 0
194 159 0
214 159 0
263 159 0
268 159 0
269 159 0
270 159 0
276 159 0
189 160 0
193 160 0
269 160 0
270 160 0
276 160 0
233 161 0
243 161 0
167 162 0
176 162 0
262 162 0
146 163 0
166 163 0
176 163 0
233 163 0
234 163 0
266 163 0
267 163 0
278 163 0
145 164 0
176 164 0
177 164 0
267 164 0
268 164 0
269 164 0
270 164 0
272 164 0
166 165 0
232 165 0
233 165 0
247 165 0
267 165 0
268 165 0
270 165 0
271 165 0
272 165 0
281 165 0
282 165 0
132 166 0
216 166 0
281 166 0
282 166 0
283 166 0
219 167 0
220 167 0
221 167 0
233 167 0
243 167 0
175 168 0
176 168 0
221 168 0
222 168 0
223 168 0
224 168 0
233 168 0
167 169 0
176 169 0
222 170 0
223 170 0
232 170 0
150 171 0
242 171 0
243 171 0
244 171 0
250 171 0
242 172 0
246 172 0
247 172 0
256 172 0
173 173 0
232 173 0
233 173 0
242 173 0
251 173 0
253 173 0
264 173 0
266 173 0
267 173 0
268 173 0
101 174 0
125 174 0
173 174 0
174 174 0
257 174 0
258 174 0
173 175 0
174 175 0
284 175 0
285 175 0
253 177 0
96 178 0
151 178 0
153 178 0
157 178 0
158 178 0
170 178 0
171 178 0
95 179 0
157 179 0
164 179 0
165 179 0
166 179 0
87 180 0
253 180 0
254 180 0
276 180 0
277 180 0
282 180 0
283 180 0
283 181 0
285 181 0
84 182 0
252 182 0
254 182 0
271 182 0
279 182 0
178 183 0
254 183 0
109 184 0
232 184 0
83 185 0
86 185 0
87 185 0
142 185 0
143 185 0
96 186 0
129 186 0
128 187 0
241 187 0
127 188 0
242 188 0
243 188 0
244 188 0
245 188 0
246 188 0
247 188 0
94 189 0
125 189 0
127 189 0
221 189 0
246 189 0
247 189 0
248 189 0
249 189 0
250 189 0
251 189 0
124 190 0
157 190 0
158 190 0
246 190 0
247 190 0
250 190 0
251 190 0
252 190 0
253 190 0
254 190 0
255 190 0
123 191 0
221 191 0
232 191 0
248 191 0
250 191 0
255 191 0
256 191 0
123 192 0
250 192 0
251 192 0
252 192 0
253 192 0
254 192 0
122 193 0
192 193 0
254 193 0
258 194 0
121 195 0
248 195 0
249 195 0
250 195 0
274 195 0
118 196 0
240 196 0
241 196 0
242 196 0
243 196 0
250 196 0
251 196 0
252 196 0
253 196 0
254 196 0
255 196 0
256 196 0
257 196 0
275 196 0
276 196 0
220 197 0
231 197 0
243 197 0
244 197 0
117 198 0
195 198 0
249 198 0
250 198 0
141 199 0
245 199 0
250 199 0
251 199 0
96 200 0
255 200 0
114 201 0
124 201 0
125 201 0
150 201 0
249 201 0
259 201 0
252 202 0
253 202 0
260 202 0
125 203 0
247 203 0
256 203 0
111 204 0
112 204 0
113 204 0
231 204 0
248 204 0
249 204 0
259 204 0
261 204 0
140 205 0
244 205 0
250 205 0
255 205 0
146 206 0
245 206 0
250 206 0
256 206 0
257 206 0
258 206 0
255 207 0
259 207 0
262 207 0
137 208 0
247 208 0
252 208 0
253 208 0
264 208 0
265 208 0
145 209 0
255 209 0
256 209 0
258 209 0
262 209 0
249 210 0
256 210 0
257 210 0
258 210 0
259 210 0
260 210 0
261 210 0
133 211 0
231 211 0
250 211 0
255 211 0
256 211 0
259 211 0
260 211 0
261 211 0
262 211 0
263 211 0
264 211 0
267 211 0
256 212 0
257 212 0
269 212 0
271 212 0
257 213 0
258 213 0
259 213 0
260 213 0
270 213 0
271 213 0
259 214 0
260 214 0
263 214 0
264 214 0
271 214 0
264 215 0
265 215 0
272 215 0
270 216 0
271 216 0
272 216 0
155 220 0
180 220 0
182 221 0
161 222 0
188 223 0
189 223 0
282 223 0
231 227 0
201 228 0
180 229 0
181 229 0
206 230 0
244 231 0
211 232 0
254 232 0
255 232 0
256 232 0
258 232 0
259 232 0
260 232 0
261 232 0
263 232 0
264 232 0
265 232 0
266 232 0
268 232 0
191 233 0
213 233 0
243 233 0
244 233 0
245 233 0
246 233 0
247 233 0
248 233 0
249 233 0
250 233 0
251 233 0
252 233 0
279 233 0
280 233 0
189 234 0
190 234 0
244 235 0
245 235 0
246 235 0
247 235 0
248 235 0
249 235 0
250 235 0
251 235 0
252 235 0
199 236 0
243 236 0
244 236 0
245 236 0
248 236 0
249 236 0
250 236 0
251 236 0
252 236 0
200 237 0
244 237 0
245 237 0
248 237 0
249 237 0
251 237 0
252 237 0
199 238 0
200 238 0
243 238 0
244 238 0
245 238 0
246 238 0
207 239 0
244 239 0
245 239 0
246 239 0
247 239 0
248 239 0
249 239 0
251 239 0
209 240 0
244 240 0
245 240 0
246 240 0
247 240 0
248 240 0
249 240 0
250 240 0
251 240 0
207 241 0
208 241 0
257 241 0
259 241 0
260 241 0
243 242 0
244 242 0
245 242 0
246 242 0
247 242 0
248 242 0
249 242 0
250 242 0
251 242 0
268 242 0
269 242 0
275 242 0
276 242 0
277 242 0
278 242 0
257 243 0
258 243 0
259 243 0
260 243 0
267 243 0
268 243 0
269 243 0
275 243 0
276 243 0
277 243 0
278 243 0
279 243 0
245 244 0
248 244 0
249 244 0
250 244 0
242 245 0
197 246 0
242 246 0
243 246 0
244 246 0
245 246 0
246 246 0
247 246 0
248 246 0
249 246 0
250 246 0
251 246 0
198 247 0
199 247 0
242 247 0
243 247 0
244 247 0
246 247 0
249 247 0
250 247 0
250 248 0
242 249 0
243 249 0
244 249 0
245 249 0
246 249 0
247 249 0
250 249 0
251 249 0
245 250 0
246 250 0
247 250 0
248 250 0
249 250 0
250 250 0
251 250 0
243 252 0
275 252 0
245 254 0
246 254 0
280 254 0
234 257 0
192 2 1
200 2 1
201 2 1
252 2 1
143 3 1
139 4 1
197 4 1
199 4 1
248 4 1
276 4 1
279 4 1
299 4 1
195 5 1
206 5 1
248 5 1
272 5 1
135 6 1
139 6 1
198 6 1
199 6 1
204 6 1
205 6 1
161 7 1
167 7 1
188 7 1
194 7 1
196 7 1
197 7 1
267 7 1
141 8 1
159 8 1
204 8 1
268 8 1
141 9 1
142 9 1
156 9 1
203 9 1
311 9 1
136 10 1
152 10 1
150 11 1
167 11 1
174 11 1
244 11 1
129 13 1
282 13 1
306 13 1
130 14 1
139 14 1
243 14 1
129 15 1
160 21 1
140 24 1
340 25 1
343 43 1
334 49 1
342 65 1
333 164 1
174 67 2
175 67 2
172 68 2
173 68 2
174 68 2
175 68 2
170 69 2
171 69 2
172 69 2
173 69 2
169 70 2
170 70 2
171 70 2
180 70 2
181 70 2
182 70 2
169 71 2
170 71 2
184 71 2
182 72 2
183 73 2
187 73 2
188 73 2
171 74 2
172 74 2
184 74 2
189 74 2
169 75 2
170 75 2
171 75 2
184 75 2
185 75 2
189 75 2
170 76 2
171 76 2
185 76 2
187 76 2
188 76 2
193 76 2
194 76 2
170 77 2
171 77 2
186 77 2
188 77 2
189 77 2
193 77 2
194 77 2
195 77 2
170 78 2
176 78 2
177 78 2
186 78 2
187 78 2
189 78 2
193 78 2
194 78 2
170 79 2
177 79 2
188 79 2
189 79 2
192 79 2
193 79 2
170 80 2
177 80 2
178 80 2
179 80 2
188 80 2
189 80 2
190 80 2
193 80 2
169 81 2
170 81 2
178 81 2
179 81 2
188 81 2
189 81 2
190 81 2
194 81 2
162 82 2
167 82 2
168 82 2
169 82 2
178 82 2
179 82 2
190 82 2
194 82 2
195 82 2
166 83 2
167 83 2
190 83 2
191 83 2
195 83 2
166 84 2
167 84 2
168 84 2
181 84 2
191 84 2
192 84 2
195 84 2
196 84 2
161 85 2
165 85 2
166 85 2
181 85 2
182 85 2
191 85 2
192 85 2
196 85 2
197 85 2
159 86 2
160 86 2
161 86 2
163 86 2
164 86 2
165 86 2
166 86 2
182 86 2
192 86 2
193 86 2
196 86 2
197 86 2
198 86 2
155 87 2
156 87 2
157 87 2
158 87 2
159 87 2
163 87 2
164 87 2
183 87 2
185 87 2
192 87 2
193 87 2
197 87 2
198 87 2
155 88 2
156 88 2
157 88 2
183 88 2
197 88 2
198 88 2
199 88 2
153 89 2
154 89 2
155 89 2
156 89 2
184 89 2
194 89 2
196 89 2
197 89 2
198 89 2
154 90 2
155 90 2
158 90 2
185 90 2
194 90 2
197 90 2
198 90 2
185 91 2
186 91 2
195 91 2
196 91 2
197 91 2
198 91 2
186 92 2
195 92 2
196 92 2
156 93 2
158 93 2
186 93 2
193 93 2
195 93 2
196 93 2
154 94 2
155 94 2
156 94 2
191 94 2
192 94 2
193 94 2
194 94 2
195 94 2
196 94 2
198 94 2
153 95 2
154 95 2
155 95 2
173 95 2
174 95 2
179 95 2
190 95 2
191 95 2
192 95 2
193 95 2
194 95 2
196 95 2
154 96 2
155 96 2
184 96 2
185 96 2
189 96 2
190 96 2
191 96 2
192 96 2
196 96 2
197 96 2
165 97 2
166 97 2
184 97 2
185 97 2
189 97 2
196 97 2
164 98 2
165 98 2
184 98 2
195 98 2
196 98 2
164 99 2
183 99 2
184 99 2
185 99 2
190 99 2
195 99 2
181 100 2
182 100 2
183 100 2
184 100 2
189 100 2
190 100 2
191 100 2
181 101 2
182 101 2
183 101 2
184 101 2
190 101 2
191 101 2
192 101 2
164 102 2
181 102 2
182 102 2
183 102 2
184 102 2
188 102 2
189 102 2
190 102 2
181 103 2
182 103 2
183 103 2
184 103 2
185 103 2
186 103 2
187 103 2
165 104 2
179 104 2
180 104 2
181 104 2
182 104 2
183 104 2
184 104 2
185 104 2
186 104 2
178 105 2
179 105 2
180 105 2
184 105 2
185 105 2
176 106 2
177 106 2
178 106 2
179 106 2
176 107 2
177 107 2
175 108 2
176 108 2
177 108 2
175 109 2
176 109 2
177 109 2
177 110 2
176 111 2
177 111 2
178 111 2
175 112 2
176 112 2
177 112 2
178 112 2
179 112 2
163 113 2
166 113 2
167 113 2
168 113 2
173 113 2
174 113 2
175 113 2
176 113 2
177 113 2
178 113 2
163 114 2
164 114 2
166 114 2
167 114 2
168 114 2
172 114 2
173 114 2
174 114 2
175 114 2
176 114 2
178 114 2
164 115 2
166 115 2
167 115 2
168 115 2
171 115 2
172 115 2
173 115 2
178 115 2
166 116 2
167 116 2
168 116 2
171 116 2
167 117 2
168 117 2
164 118 2
342 171 2
328 118 3
325 120 3
329 120 3
330 120 3
331 120 3
335 120 3
334 121 3
335 121 3
326 122 3
327 122 3
330 122 3
331 122 3
332 122 3
333 122 3
324 123 3
325 123 3
326 123 3
327 123 3
328 123 3
329 123 3
330 123 3
331 123 3
339 123 3
340 123 3
323 124 3
324 124 3
325 124 3
326 124 3
327 124 3
328 124 3
329 124 3
331 124 3
338 124 3
325 125 3
326 125 3
336 125 3
337 125 3
342 127 3
318 128 3
319 128 3
320 128 3
321 128 3
322 128 3
342 128 3
317 129 3
318 129 3
319 129 3
322 129 3
316 130 3
317 130 3
318 130 3
320 130 3
321 130 3
330 130 3
315 131 3
316 131 3
317 131 3
318 131 3
319 131 3
320 131 3
328 131 3
315 132 3
316 132 3
317 132 3
318 132 3
327 132 3
328 132 3
317 133 3
327 133 3
328 133 3
323 134 3
328 134 3
308 135 3
323 135 3
328 135 3
306 136 3
307 136 3
309 136 3
311 136 3
312 136 3
328 136 3
306 137 3
307 137 3
308 137 3
309 137 3
310 137 3
311 137 3
312 137 3
323 137 3
324 137 3
306 138 3
308 138 3
310 138 3
311 138 3
312 138 3
314 138 3
323 138 3
324 138 3
330 138 3
306 139 3
308 139 3
310 139 3
311 139 3
312 139 3
313 139 3
314 139 3
315 139 3
323 139 3
324 139 3
325 139 3
330 139 3
306 140 3
307 140 3
308 140 3
309 140 3
310 140 3
311 140 3
312 140 3
314 140 3
315 140 3
323 140 3
324 140 3
325 140 3
330 140 3
306 141 3
307 141 3
309 141 3
311 141 3
312 141 3
318 141 3
323 141 3
325 141 3
330 141 3
331 141 3
332 141 3
307 142 3
310 142 3
312 142 3
323 142 3
324 142 3
326 142 3
331 142 3
332 142 3
307 143 3
308 143 3
323 143 3
324 143 3
331 143 3
333 143 3
308 144 3
309 144 3
310 144 3
314 144 3
327 144 3
332 144 3
333 144 3
310 145 3
314 145 3
315 145 3
327 145 3
332 145 3
333 145 3
314 146 3
332 146 3
333 146 3
334 146 3
314 147 3
323 147 3
329 147 3
333 147 3
334 147 3
315 148 3
322 148 3
334 148 3
316 149 3
324 149 3
332 149 3
316 150 3
324 150 3
331 150 3
325 151 3
329 151 3
330 151 3
326 152 3
328 152 3
329 152 3
318 153 3
327 153 3
319 154 3
326 154 3
338 155 3
337 161 3
339 161 3
335 162 3
336 162 3
337 162 3
341 162 3
342 162 3
343 162 3
344 162 3
334 163 3
335 163 3
337 163 3
338 163 3
339 163 3
341 163 3
342 163 3
343 163 3
333 164 3
334 164 3
340 164 3
341 164 3
342 164 3
331 165 3
332 165 3
340 165 3
341 165 3
342 165 3
330 166 3
331 166 3
332 166 3
340 166 3
341 166 3
342 166 3
330 167 3
331 167 3
340 167 3
341 167 3
342 167 3
343 167 3
330 168 3
331 168 3
341 168 3
342 168 3
343 168 3
331 169 3
341 169 3
342 169 3
343 169 3
331 170 3
332 170 3
340 170 3
343 170 3
333 171 3
339 171 3
340 171 3
334 172 3
338 172 3
