195 1 0
208 1 0
177 2 0
178 2 0
194 2 0
195 2 0
196 2 0
197 2 0
208 2 0
178 3 0
180 3 0
194 3 0
195 3 0
196 3 0
197 3 0
207 3 0
208 3 0
209 3 0
210 3 0
178 4 0
194 4 0
195 4 0
196 4 0
197 4 0
207 4 0
208 4 0
209 4 0
210 4 0
180 5 0
194 5 0
195 5 0
196 5 0
197 5 0
207 5 0
208 5 0
209 5 0
210 5 0
251 5 0
253 5 0
185 6 0
193 6 0
194 6 0
196 6 0
207 6 0
208 6 0
209 6 0
185 7 0
193 7 0
194 7 0
196 7 0
206 7 0
207 7 0
208 7 0
209 7 0
269 7 0
185 8 0
193 8 0
194 8 0
195 8 0
196 8 0
206 8 0
207 8 0
208 8 0
209 8 0
247 8 0
248 8 0
184 9 0
189 9 0
193 9 0
194 9 0
195 9 0
196 9 0
206 9 0
207 9 0
208 9 0
209 9 0
247 9 0
248 9 0
253 9 0
276 9 0
186 10 0
188 10 0
193 10 0
194 10 0
195 10 0
196 10 0
206 10 0
207 10 0
210 10 0
246 10 0
247 10 0
248 10 0
276 10 0
193 11 0
195 11 0
202 11 0
203 11 0
204 11 0
205 11 0
206 11 0
246 11 0
247 11 0
266 11 0
280 11 0
192 12 0
193 12 0
195 12 0
199 12 0
200 12 0
201 12 0
202 12 0
203 12 0
204 12 0
208 12 0
209 12 0
210 12 0
211 12 0
213 12 0
246 12 0
247 12 0
280 12 0
286 12 0
193 13 0
195 13 0
197 13 0
198 13 0
199 13 0
200 13 0
202 13 0
203 13 0
204 13 0
205 13 0
206 13 0
207 13 0
208 13 0
209 13 0
211 13 0
213 13 0
246 13 0
247 13 0
250 13 0
259 13 0
260 13 0
197 14 0
198 14 0
199 14 0
202 14 0
203 14 0
204 14 0
211 14 0
212 14 0
213 14 0
246 14 0
247 14 0
197 15 0
198 15 0
211 15 0
212 15 0
213 15 0
245 15 0
246 15 0
247 15 0
252 15 0
279 15 0
128 16 0
192 16 0
210 16 0
211 16 0
212 16 0
213 16 0
245 16 0
246 16 0
251 16 0
279 16 0
284 16 0
321 16 0
210 17 0
211 17 0
213 17 0
245 17 0
246 17 0
280 17 0
285 17 0
286 17 0
321 17 0
210 18 0
211 18 0
245 18 0
246 18 0
210 19 0
211 19 0
221 19 0
244 19 0
245 19 0
246 19 0
258 19 0
259 19 0
307 19 0
320 19 0
321 19 0
322 19 0
323 19 0
210 20 0
244 20 0
245 20 0
265 20 0
270 20 0
320 20 0
322 20 0
210 21 0
244 21 0
245 21 0
261 21 0
274 21 0
308 21 0
314 21 0
210 22 0
232 22 0
244 22 0
245 22 0
274 22 0
315 22 0
321 22 0
184 23 0
210 23 0
212 23 0
243 23 0
244 23 0
245 23 0
259 23 0
284 23 0
285 23 0
321 23 0
212 24 0
240 24 0
243 24 0
245 24 0
283 24 0
284 24 0
238 25 0
239 25 0
243 25 0
245 25 0
278 25 0
100 26 0
244 26 0
245 26 0
261 26 0
273 26 0
278 26 0
183 27 0
243 27 0
244 27 0
251 27 0
252 27 0
278 27 0
318 27 0
183 28 0
251 28 0
252 28 0
318 28 0
319 28 0
183 29 0
243 29 0
250 29 0
251 29 0
254 29 0
255 29 0
284 29 0
307 29 0
319 29 0
89 30 0
183 30 0
243 30 0
250 30 0
254 30 0
255 30 0
271 30 0
272 30 0
276 30 0
282 30 0
319 30 0
89 31 0
183 31 0
185 31 0
243 31 0
250 31 0
252 31 0
253 31 0
254 31 0
267 31 0
268 31 0
269 31 0
270 31 0
271 31 0
312 31 0
84 32 0
243 32 0
249 32 0
251 32 0
252 32 0
278 32 0
318 32 0
249 33 0
253 33 0
254 33 0
305 33 0
78 34 0
80 34 0
248 34 0
253 34 0
317 34 0
318 34 0
319 34 0
320 34 0
321 34 0
248 35 0
251 35 0
252 35 0
253 35 0
262 35 0
272 35 0
275 35 0
282 35 0
316 35 0
319 35 0
320 35 0
322 35 0
323 35 0
324 35 0
325 35 0
326 35 0
248 36 0
262 36 0
266 36 0
269 36 0
270 36 0
310 36 0
316 36 0
319 36 0
320 36 0
322 36 0
325 36 0
311 37 0
315 37 0
316 37 0
319 37 0
320 37 0
325 37 0
326 37 0
246 38 0
247 38 0
305 38 0
315 38 0
319 38 0
247 39 0
315 39 0
321 39 0
325 39 0
248 40 0
283 40 0
302 40 0
321 40 0
322 40 0
323 40 0
324 40 0
326 40 0
327 40 0
248 41 0
261 41 0
277 41 0
278 41 0
288 41 0
304 41 0
327 41 0
246 42 0
247 42 0
248 42 0
277 42 0
304 42 0
327 42 0
247 43 0
252 43 0
255 43 0
304 43 0
240 44 0
247 44 0
252 44 0
254 44 0
255 44 0
266 44 0
267 44 0
279 44 0
239 45 0
251 45 0
252 45 0
254 45 0
255 45 0
261 45 0
308 45 0
239 46 0
241 46 0
253 46 0
254 46 0
261 46 0
301 46 0
308 46 0
240 47 0
241 47 0
253 47 0
254 47 0
286 47 0
314 47 0
240 48 0
253 48 0
258 48 0
314 48 0
244 49 0
249 49 0
250 49 0
252 49 0
253 49 0
256 49 0
258 49 0
261 49 0
269 49 0
270 49 0
313 49 0
324 49 0
203 50 0
204 50 0
240 50 0
243 50 0
244 50 0
247 50 0
248 50 0
249 50 0
251 50 0
252 50 0
270 50 0
313 50 0
241 51 0
242 51 0
243 51 0
251 51 0
252 51 0
263 51 0
307 51 0
313 51 0
242 52 0
243 52 0
248 52 0
250 52 0
251 52 0
252 52 0
261 52 0
262 52 0
263 52 0
264 52 0
312 52 0
201 53 0
247 53 0
248 53 0
250 53 0
251 53 0
255 53 0
258 53 0
259 53 0
312 53 0
318 53 0
194 54 0
196 54 0
199 54 0
208 54 0
216 54 0
249 54 0
250 54 0
251 54 0
258 54 0
312 54 0
318 54 0
321 54 0
194 55 0
196 55 0
212 55 0
258 55 0
264 55 0
317 55 0
224 56 0
261 56 0
262 56 0
263 56 0
266 56 0
270 56 0
277 56 0
317 56 0
207 57 0
218 57 0
224 57 0
258 57 0
259 57 0
260 57 0
284 57 0
299 57 0
317 57 0
318 57 0
212 58 0
222 58 0
252 58 0
253 58 0
304 58 0
216 59 0
217 59 0
238 59 0
255 59 0
256 59 0
278 59 0
293 59 0
297 59 0
304 59 0
316 59 0
245 60 0
248 60 0
258 60 0
260 60 0
263 60 0
264 60 0
267 60 0
268 60 0
292 60 0
194 61 0
210 61 0
212 61 0
222 61 0
223 61 0
245 61 0
247 61 0
250 61 0
260 61 0
262 61 0
271 61 0
296 61 0
334 61 0
335 61 0
222 62 0
227 62 0
228 62 0
234 62 0
253 62 0
255 62 0
264 62 0
265 62 0
266 62 0
272 62 0
316 62 0
317 62 0
318 62 0
222 63 0
233 63 0
246 63 0
253 63 0
254 63 0
255 63 0
256 63 0
258 63 0
266 63 0
267 63 0
268 63 0
294 63 0
295 63 0
310 63 0
311 63 0
312 63 0
313 63 0
315 63 0
205 64 0
215 64 0
219 64 0
226 64 0
245 64 0
246 64 0
258 64 0
259 64 0
260 64 0
261 64 0
268 64 0
269 64 0
270 64 0
271 64 0
296 64 0
297 64 0
315 64 0
206 65 0
214 65 0
218 65 0
219 65 0
226 65 0
232 65 0
234 65 0
245 65 0
257 65 0
259 65 0
260 65 0
261 65 0
262 65 0
263 65 0
264 65 0
273 65 0
275 65 0
283 65 0
284 65 0
309 65 0
311 65 0
191 66 0
205 66 0
214 66 0
218 66 0
219 66 0
225 66 0
226 66 0
240 66 0
261 66 0
262 66 0
263 66 0
264 66 0
265 66 0
274 66 0
275 66 0
284 66 0
310 66 0
311 66 0
312 66 0
314 66 0
197 67 0
203 67 0
219 67 0
220 67 0
227 67 0
231 67 0
232 67 0
233 67 0
240 67 0
247 67 0
256 67 0
261 67 0
264 67 0
267 67 0
268 67 0
269 67 0
270 67 0
277 67 0
278 67 0
287 67 0
288 67 0
308 67 0
309 67 0
310 67 0
311 67 0
312 67 0
314 67 0
322 67 0
326 67 0
327 67 0
209 68 0
219 68 0
223 68 0
231 68 0
232 68 0
234 68 0
255 68 0
267 68 0
273 68 0
274 68 0
275 68 0
280 68 0
281 68 0
288 68 0
291 68 0
309 68 0
312 68 0
313 68 0
208 69 0
218 69 0
219 69 0
223 69 0
224 69 0
230 69 0
231 69 0
234 69 0
236 69 0
254 69 0
267 69 0
276 69 0
277 69 0
291 69 0
292 69 0
307 69 0
310 69 0
215 70 0
216 70 0
218 70 0
222 70 0
223 70 0
230 70 0
231 70 0
249 70 0
250 70 0
254 70 0
259 70 0
267 70 0
285 70 0
307 70 0
312 70 0
184 71 0
211 71 0
214 71 0
215 71 0
217 71 0
222 71 0
223 71 0
232 71 0
235 71 0
238 71 0
249 71 0
253 71 0
258 71 0
288 71 0
289 71 0
290 71 0
307 71 0
308 71 0
310 71 0
311 71 0
312 71 0
183 72 0
204 72 0
214 72 0
217 72 0
224 72 0
232 72 0
249 72 0
252 72 0
253 72 0
266 72 0
281 72 0
282 72 0
322 72 0
325 72 0
326 72 0
182 73 0
208 73 0
209 73 0
210 73 0
213 73 0
214 73 0
216 73 0
219 73 0
220 73 0
223 73 0
224 73 0
225 73 0
231 73 0
251 73 0
262 73 0
265 73 0
266 73 0
276 73 0
285 73 0
293 73 0
294 73 0
300 73 0
305 73 0
324 73 0
181 74 0
182 74 0
205 74 0
206 74 0
207 74 0
208 74 0
219 74 0
220 74 0
221 74 0
223 74 0
224 74 0
225 74 0
227 74 0
234 74 0
251 74 0
265 74 0
296 74 0
297 74 0
180 75 0
181 75 0
217 75 0
218 75 0
224 75 0
226 75 0
227 75 0
230 75 0
231 75 0
233 75 0
234 75 0
236 75 0
251 75 0
255 75 0
271 75 0
272 75 0
273 75 0
330 75 0
333 75 0
179 76 0
227 76 0
230 76 0
231 76 0
232 76 0
233 76 0
234 76 0
235 76 0
255 76 0
256 76 0
270 76 0
273 76 0
301 76 0
329 76 0
330 76 0
178 77 0
179 77 0
222 77 0
223 77 0
230 77 0
231 77 0
254 77 0
260 77 0
270 77 0
328 77 0
329 77 0
330 77 0
177 78 0
178 78 0
249 78 0
254 78 0
259 78 0
261 78 0
262 78 0
267 78 0
306 78 0
307 78 0
308 78 0
309 78 0
328 78 0
329 78 0
176 79 0
177 79 0
225 79 0
228 79 0
229 79 0
253 79 0
260 79 0
286 79 0
309 79 0
310 79 0
311 79 0
320 79 0
321 79 0
328 79 0
329 79 0
175 80 0
179 80 0
248 80 0
260 80 0
276 80 0
281 80 0
286 80 0
287 80 0
288 80 0
318 80 0
319 80 0
320 80 0
174 81 0
177 81 0
178 81 0
247 81 0
253 81 0
262 81 0
280 81 0
285 81 0
325 81 0
173 82 0
176 82 0
177 82 0
178 82 0
210 82 0
211 82 0
244 82 0
246 82 0
257 82 0
280 82 0
320 82 0
171 83 0
172 83 0
175 83 0
176 83 0
210 83 0
211 83 0
212 83 0
215 83 0
238 83 0
239 83 0
246 83 0
261 83 0
263 83 0
264 83 0
270 83 0
283 83 0
284 83 0
171 84 0
174 84 0
175 84 0
176 84 0
207 84 0
208 84 0
212 84 0
213 84 0
215 84 0
218 84 0
237 84 0
238 84 0
240 84 0
241 84 0
242 84 0
245 84 0
250 84 0
274 84 0
276 84 0
282 84 0
283 84 0
170 85 0
171 85 0
173 85 0
207 85 0
208 85 0
209 85 0
211 85 0
219 85 0
220 85 0
244 85 0
245 85 0
278 85 0
282 85 0
168 86 0
169 86 0
172 86 0
173 86 0
210 86 0
211 86 0
218 86 0
244 86 0
261 86 0
167 87 0
168 87 0
171 87 0
172 87 0
205 87 0
207 87 0
210 87 0
211 87 0
212 87 0
215 87 0
216 87 0
218 87 0
234 87 0
166 88 0
167 88 0
170 88 0
171 88 0
208 88 0
209 88 0
210 88 0
215 88 0
221 88 0
222 88 0
238 88 0
239 88 0
258 88 0
268 88 0
272 88 0
163 89 0
164 89 0
169 89 0
170 89 0
208 89 0
214 89 0
221 89 0
222 89 0
223 89 0
162 90 0
163 90 0
165 90 0
168 90 0
169 90 0
210 90 0
213 90 0
221 90 0
222 90 0
262 90 0
264 90 0
265 90 0
266 90 0
267 90 0
275 90 0
276 90 0
278 90 0
279 90 0
280 90 0
212 91 0
213 91 0
222 91 0
256 91 0
262 91 0
263 91 0
264 91 0
212 92 0
215 92 0
216 92 0
221 92 0
246 92 0
248 92 0
249 92 0
250 92 0
251 92 0
262 92 0
278 92 0
161 93 0
162 93 0
215 93 0
221 93 0
236 93 0
237 93 0
238 93 0
243 93 0
246 93 0
248 93 0
249 93 0
251 93 0
252 93 0
253 93 0
270 93 0
271 93 0
161 94 0
218 94 0
234 94 0
235 94 0
247 94 0
249 94 0
251 94 0
254 94 0
263 94 0
264 94 0
266 94 0
211 95 0
247 95 0
249 95 0
250 95 0
251 95 0
252 95 0
253 95 0
254 95 0
255 95 0
265 95 0
266 95 0
268 95 0
269 95 0
276 95 0
277 95 0
278 95 0
279 95 0
280 95 0
287 95 0
288 95 0
289 95 0
159 96 0
233 96 0
238 96 0
240 96 0
243 96 0
251 96 0
262 96 0
266 96 0
267 96 0
268 96 0
280 96 0
159 97 0
262 97 0
263 97 0
264 97 0
265 97 0
287 97 0
157 98 0
159 98 0
231 98 0
266 98 0
267 98 0
268 98 0
269 98 0
280 98 0
281 98 0
286 98 0
287 98 0
161 99 0
163 99 0
231 99 0
265 99 0
266 99 0
269 99 0
286 99 0
222 100 0
229 100 0
265 100 0
235 101 0
265 101 0
266 101 0
267 101 0
270 101 0
271 101 0
284 101 0
288 101 0
154 102 0
160 102 0
161 102 0
217 102 0
240 102 0
241 102 0
264 102 0
265 102 0
266 102 0
267 102 0
271 102 0
155 103 0
156 103 0
160 103 0
161 103 0
264 103 0
266 103 0
269 103 0
271 103 0
285 103 0
152 104 0
156 104 0
267 104 0
268 104 0
269 104 0
150 105 0
220 105 0
150 106 0
225 106 0
226 106 0
245 106 0
257 106 0
270 106 0
274 106 0
225 107 0
148 108 0
267 108 0
224 109 0
263 109 0
269 109 0
219 110 0
267 111 0
145 112 0
268 112 0
276 112 0
277 112 0
141 113 0
264 113 0
276 113 0
278 113 0
279 113 0
280 113 0
143 114 0
144 114 0
155 114 0
250 114 0
252 114 0
266 114 0
279 114 0
280 114 0
281 114 0
155 115 0
248 115 0
260 115 0
261 115 0
262 115 0
263 115 0
265 115 0
279 115 0
280 115 0
281 115 0
282 115 0
147 116 0
148 116 0
154 116 0
155 116 0
245 116 0
256 116 0
260 116 0
266 116 0
275 116 0
278 116 0
279 116 0
147 117 0
154 117 0
155 117 0
244 117 0
268 117 0
274 117 0
278 117 0
136 118 0
150 118 0
154 118 0
250 118 0
251 118 0
252 118 0
254 118 0
257 118 0
153 119 0
154 119 0
215 119 0
223 119 0
244 119 0
245 119 0
248 119 0
249 119 0
153 120 0
154 120 0
223 120 0
245 120 0
269 120 0
237 121 0
238 121 0
283 121 0
284 121 0
214 122 0
216 122 0
242 122 0
284 122 0
285 122 0
134 123 0
136 123 0
238 123 0
239 123 0
241 123 0
242 123 0
284 123 0
131 124 0
134 124 0
135 124 0
136 124 0
206 124 0
215 124 0
221 124 0
241 124 0
242 124 0
270 124 0
271 124 0
272 124 0
282 124 0
283 124 0
284 124 0
130 125 0
135 125 0
240 125 0
241 125 0
282 125 0
283 125 0
131 126 0
134 126 0
135 126 0
220 126 0
240 126 0
241 126 0
278 126 0
279 126 0
285 126 0
286 126 0
131 127 0
134 127 0
240 127 0
241 127 0
276 127 0
277 127 0
278 127 0
279 127 0
280 127 0
281 127 0
213 128 0
214 128 0
280 128 0
281 128 0
166 129 0
278 129 0
282 129 0
283 129 0
284 129 0
134 130 0
137 130 0
240 130 0
247 130 0
136 131 0
137 131 0
164 131 0
165 131 0
169 131 0
213 131 0
124 132 0
125 132 0
133 132 0
136 132 0
164 132 0
165 132 0
169 132 0
183 132 0
212 132 0
240 132 0
124 133 0
125 133 0
157 133 0
158 133 0
159 133 0
163 133 0
164 133 0
165 133 0
183 133 0
139 134 0
140 134 0
153 134 0
154 134 0
157 134 0
158 134 0
159 134 0
163 134 0
164 134 0
183 134 0
206 134 0
208 134 0
209 134 0
234 134 0
235 134 0
240 134 0
156 135 0
158 135 0
163 135 0
164 135 0
173 135 0
175 135 0
206 135 0
234 135 0
235 135 0
236 135 0
239 135 0
240 135 0
286 135 0
122 136 0
123 136 0
130 136 0
134 136 0
162 136 0
163 136 0
175 136 0
235 136 0
236 136 0
239 136 0
240 136 0
122 137 0
123 137 0
130 137 0
133 137 0
159 137 0
162 137 0
163 137 0
181 137 0
182 137 0
208 137 0
239 137 0
129 138 0
130 138 0
133 138 0
163 138 0
181 138 0
182 138 0
188 138 0
239 138 0
129 139 0
133 139 0
162 139 0
182 139 0
229 139 0
230 139 0
285 139 0
286 139 0
128 140 0
132 140 0
154 140 0
155 140 0
191 140 0
192 140 0
120 141 0
128 141 0
154 141 0
155 141 0
161 141 0
162 141 0
180 141 0
181 141 0
191 141 0
193 141 0
206 141 0
228 141 0
239 141 0
240 141 0
251 141 0
271 141 0
120 142 0
161 142 0
166 142 0
173 142 0
180 142 0
181 142 0
225 142 0
266 142 0
285 142 0
286 142 0
181 143 0
274 143 0
285 143 0
159 144 0
160 144 0
221 144 0
222 144 0
261 144 0
262 144 0
263 144 0
286 144 0
153 145 0
160 145 0
172 145 0
179 145 0
220 145 0
258 145 0
117 146 0
118 146 0
125 146 0
126 146 0
129 146 0
152 146 0
153 146 0
160 146 0
170 146 0
179 146 0
180 146 0
219 146 0
256 146 0
257 146 0
285 146 0
286 146 0
117 147 0
118 147 0
125 147 0
152 147 0
153 147 0
159 147 0
180 147 0
209 147 0
212 147 0
213 147 0
235 147 0
236 147 0
237 147 0
253 147 0
254 147 0
255 147 0
256 147 0
279 147 0
151 148 0
152 148 0
159 148 0
160 148 0
169 148 0
277 148 0
278 148 0
211 149 0
230 149 0
231 149 0
267 149 0
273 149 0
274 149 0
275 149 0
276 149 0
149 150 0
178 150 0
230 150 0
262 150 0
271 150 0
272 150 0
114 151 0
116 151 0
150 151 0
168 151 0
178 151 0
179 151 0
215 151 0
228 151 0
240 151 0
241 151 0
267 151 0
280 151 0
281 151 0
282 151 0
283 151 0
114 152 0
115 152 0
150 152 0
159 152 0
178 152 0
179 152 0
226 152 0
228 152 0
240 152 0
241 152 0
242 152 0
247 152 0
248 152 0
249 152 0
282 152 0
187 153 0
210 153 0
224 153 0
235 153 0
236 153 0
248 153 0
249 153 0
255 153 0
256 153 0
157 154 0
235 154 0
236 154 0
256 154 0
261 154 0
262 154 0
162 155 0
176 155 0
190 155 0
235 155 0
236 155 0
268 155 0
269 155 0
275 155 0
111 156 0
112 156 0
162 156 0
169 156 0
177 156 0
178 156 0
206 156 0
213 156 0
214 156 0
226 156 0
268 156 0
101 157 0
111 157 0
233 157 0
277 158 0
166 159 0
233 159 0
234 159 0
264 159 0
266 159 0
267 159 0
277 159 0
278 159 0
175 160 0
176 160 0
233 160 0
234 160 0
243 160 0
268 160 0
269 160 0
272 160 0
175 161 0
176 161 0
267 161 0
268 161 0
281 161 0
282 161 0
165 162 0
175 162 0
176 162 0
232 162 0
281 162 0
282 162 0
142 163 0
159 163 0
232 163 0
282 163 0
187 164 0
219 164 0
220 164 0
232 164 0
131 165 0
166 165 0
221 165 0
222 165 0
166 166 0
174 166 0
175 166 0
174 167 0
222 167 0
223 167 0
174 168 0
242 168 0
243 168 0
244 168 0
245 168 0
246 168 0
256 168 0
274 168 0
249 169 0
262 169 0
263 169 0
264 169 0
266 169 0
172 170 0
233 170 0
281 170 0
282 170 0
260 171 0
284 171 0
172 173 0
173 173 0
170 176 0
276 176 0
282 176 0
283 176 0
95 177 0
169 177 0
170 177 0
284 177 0
285 177 0
94 178 0
164 178 0
165 178 0
179 179 0
181 179 0
254 179 0
241 180 0
89 181 0
232 181 0
84 182 0
87 182 0
88 182 0
110 182 0
141 183 0
142 183 0
127 184 0
141 184 0
142 184 0
86 185 0
243 185 0
244 185 0
245 185 0
246 185 0
247 185 0
248 185 0
126 186 0
127 186 0
246 186 0
248 186 0
249 186 0
250 186 0
251 186 0
252 186 0
253 186 0
90 187 0
95 187 0
133 187 0
246 187 0
247 187 0
254 187 0
255 187 0
125 188 0
127 188 0
232 188 0
248 188 0
249 188 0
250 188 0
251 188 0
89 189 0
92 189 0
124 189 0
125 189 0
141 189 0
253 189 0
254 189 0
129 190 0
140 190 0
141 190 0
251 190 0
77 191 0
122 191 0
123 191 0
124 191 0
129 191 0
275 191 0
129 192 0
241 192 0
246 192 0
247 192 0
248 192 0
249 192 0
250 192 0
251 192 0
253 192 0
276 192 0
121 193 0
241 193 0
242 193 0
243 193 0
253 193 0
254 193 0
255 193 0
256 193 0
257 193 0
120 194 0
232 194 0
97 196 0
118 196 0
255 196 0
117 197 0
118 197 0
139 197 0
140 197 0
246 197 0
257 197 0
259 197 0
128 198 0
139 198 0
140 198 0
246 198 0
251 198 0
270 198 0
128 199 0
114 200 0
115 200 0
248 200 0
258 200 0
154 201 0
231 201 0
232 201 0
112 202 0
122 202 0
154 202 0
122 203 0
131 203 0
145 203 0
260 203 0
131 204 0
145 204 0
145 205 0
247 205 0
254 205 0
139 206 0
145 206 0
256 206 0
257 206 0
258 206 0
145 207 0
258 207 0
259 207 0
260 207 0
261 207 0
262 207 0
263 207 0
264 207 0
256 208 0
262 208 0
263 208 0
268 208 0
269 208 0
270 209 0
130 210 0
139 210 0
258 210 0
259 210 0
260 210 0
261 210 0
271 210 0
192 212 0
211 219 0
191 222 0
231 224 0
182 228 0
244 228 0
245 228 0
247 228 0
250 228 0
251 228 0
210 229 0
259 229 0
262 229 0
268 229 0
269 229 0
279 229 0
213 230 0
244 230 0
245 230 0
246 230 0
247 230 0
248 230 0
250 230 0
252 230 0
245 232 0
247 232 0
248 232 0
249 232 0
250 232 0
251 232 0
252 232 0
253 232 0
249 233 0
250 233 0
251 233 0
251 234 0
198 235 0
199 235 0
244 235 0
245 235 0
246 235 0
247 235 0
248 235 0
249 235 0
251 235 0
252 235 0
248 236 0
249 236 0
251 236 0
252 236 0
245 237 0
246 237 0
250 237 0
251 237 0
252 237 0
258 238 0
259 238 0
260 238 0
261 238 0
267 238 0
268 238 0
269 238 0
270 238 0
276 238 0
277 238 0
278 238 0
279 238 0
245 239 0
246 239 0
247 239 0
248 239 0
249 239 0
250 239 0
251 239 0
252 239 0
258 239 0
259 239 0
260 239 0
267 239 0
268 239 0
269 239 0
270 239 0
277 239 0
278 239 0
279 239 0
250 240 0
269 240 0
243 241 0
248 241 0
245 242 0
246 242 0
244 243 0
245 243 0
246 243 0
247 243 0
248 243 0
249 243 0
250 243 0
251 243 0
252 243 0
247 244 0
248 244 0
252 244 0
243 246 0
245 246 0
246 246 0
247 246 0
248 246 0
249 246 0
250 246 0
251 246 0
246 247 0
250 247 0
251 247 0
252 247 0
232 248 0
247 251 0
232 257 0
336 257 0
133 2 1
134 2 1
143 2 1
305 2 1
133 3 1
179 3 1
190 3 1
191 3 1
193 3 1
130 4 1
157 4 1
174 4 1
176 4 1
188 4 1
191 4 1
140 5 1
255 5 1
122 6 1
134 6 1
188 6 1
286 6 1
122 7 1
127 7 1
130 7 1
132 7 1
151 7 1
233 7 1
278 7 1
279 7 1
127 8 1
136 8 1
233 8 1
265 8 1
125 9 1
144 9 1
180 9 1
185 9 1
187 9 1
198 9 1
236 9 1
254 9 1
283 9 1
131 10 1
143 10 1
158 10 1
199 10 1
231 10 1
254 10 1
292 10 1
178 11 1
183 11 1
119 12 1
123 12 1
341 12 1
146 13 1
255 13 1
277 13 1
134 14 1
223 14 1
248 14 1
268 14 1
134 16 1
210 16 1
228 16 1
142 17 1
225 19 1
331 19 1
337 30 1
341 37 1
338 41 1
341 44 1
334 46 1
343 48 1
340 52 1
337 56 1
330 61 1
318 115 2
316 117 2
319 117 2
320 117 2
321 117 2
325 117 2
326 117 2
316 118 2
318 118 2
324 118 2
325 118 2
326 118 2
317 119 2
318 119 2
321 119 2
322 119 2
323 119 2
330 119 2
316 120 2
317 120 2
318 120 2
319 120 2
320 120 2
321 120 2
324 120 2
330 120 2
313 121 2
314 121 2
315 121 2
316 121 2
317 121 2
318 121 2
319 121 2
320 121 2
322 121 2
328 121 2
329 121 2
315 122 2
316 122 2
317 122 2
326 122 2
327 122 2
332 123 2
333 124 2
309 125 2
310 125 2
311 125 2
332 125 2
307 126 2
308 126 2
309 126 2
310 126 2
312 126 2
313 126 2
306 127 2
307 127 2
308 127 2
310 127 2
311 127 2
312 127 2
313 127 2
306 128 2
307 128 2
308 128 2
309 128 2
310 128 2
311 128 2
318 128 2
319 128 2
305 129 2
306 129 2
307 129 2
308 129 2
309 129 2
318 129 2
334 129 2
306 130 2
307 130 2
308 130 2
318 130 2
334 130 2
336 130 2
318 131 2
298 132 2
299 132 2
319 132 2
297 133 2
298 133 2
302 133 2
312 133 2
319 133 2
296 134 2
297 134 2
299 134 2
300 134 2
301 134 2
302 134 2
296 135 2
298 135 2
299 135 2
300 135 2
301 135 2
302 135 2
304 135 2
313 135 2
314 135 2
320 135 2
296 136 2
297 136 2
298 136 2
299 136 2
300 136 2
301 136 2
302 136 2
303 136 2
304 136 2
305 136 2
313 136 2
314 136 2
320 136 2
337 136 2
296 137 2
298 137 2
299 137 2
300 137 2
301 137 2
302 137 2
303 137 2
304 137 2
312 137 2
313 137 2
314 137 2
315 137 2
321 137 2
336 137 2
337 137 2
296 138 2
297 138 2
298 138 2
299 138 2
300 138 2
301 138 2
302 138 2
304 138 2
312 138 2
313 138 2
314 138 2
315 138 2
321 138 2
322 138 2
336 138 2
342 138 2
296 139 2
297 139 2
299 139 2
300 139 2
302 139 2
313 139 2
315 139 2
322 139 2
336 139 2
342 139 2
343 139 2
297 140 2
299 140 2
300 140 2
303 140 2
304 140 2
313 140 2
322 140 2
323 140 2
336 140 2
343 140 2
297 141 2
298 141 2
314 141 2
316 141 2
322 141 2
323 141 2
324 141 2
336 141 2
342 141 2
298 142 2
299 142 2
305 142 2
314 142 2
323 142 2
342 142 2
305 143 2
306 143 2
323 143 2
324 143 2
336 143 2
337 143 2
342 143 2
304 144 2
305 144 2
306 144 2
324 144 2
336 144 2
342 144 2
305 145 2
312 145 2
313 145 2
319 145 2
324 145 2
325 145 2
340 145 2
305 146 2
324 146 2
325 146 2
306 147 2
315 147 2
322 147 2
325 147 2
326 147 2
339 147 2
343 147 2
314 148 2
320 148 2
321 148 2
327 148 2
342 148 2
308 149 2
319 149 2
320 149 2
342 149 2
308 150 2
316 150 2
318 150 2
335 150 2
309 151 2
315 151 2
316 151 2
317 151 2
310 152 2
316 152 2
341 152 2
314 153 2
315 153 2
341 153 2
338 157 2
327 159 2
328 159 2
325 160 2
326 160 2
327 160 2
331 160 2
332 160 2
333 160 2
334 160 2
324 161 2
325 161 2
328 161 2
329 161 2
330 161 2
331 161 2
332 161 2
333 161 2
323 162 2
324 162 2
325 162 2
331 162 2
332 162 2
336 162 2
337 162 2
321 163 2
322 163 2
323 163 2
330 163 2
331 163 2
332 163 2
337 163 2
321 164 2
322 164 2
330 164 2
331 164 2
332 164 2
338 164 2
320 165 2
321 165 2
331 165 2
332 165 2
333 165 2
338 165 2
339 165 2
320 166 2
321 166 2
331 166 2
332 166 2
333 166 2
338 166 2
339 166 2
321 167 2
331 167 2
332 167 2
333 167 2
334 167 2
339 167 2
340 167 2
321 168 2
322 168 2
324 168 2
330 168 2
331 168 2
332 168 2
333 168 2
334 168 2
340 168 2
341 168 2
323 169 2
329 169 2
330 169 2
331 169 2
334 169 2
335 169 2
342 169 2
323 170 2
328 170 2
329 170 2
335 170 2
336 170 2
338 170 2
342 170 2
335 171 2
336 171 2
338 171 2
339 171 2
340 171 2
336 172 2
337 172 2
338 172 2
339 172 2
339 173 2
184 74 3
185 74 3
186 74 3
182 75 3
183 75 3
184 75 3
185 75 3
182 76 3
183 76 3
191 76 3
192 76 3
181 77 3
182 77 3
191 77 3
192 77 3
193 77 3
181 78 3
194 78 3
194 79 3
179 80 3
180 80 3
184 80 3
183 81 3
184 81 3
178 82 3
182 82 3
197 82 3
182 83 3
178 84 3
181 84 3
182 84 3
181 85 3
182 85 3
188 85 3
181 86 3
182 86 3
189 86 3
180 87 3
181 87 3
182 87 3
188 87 3
189 87 3
190 87 3
177 88 3
179 88 3
180 88 3
181 88 3
191 88 3
177 89 3
179 89 3
180 89 3
191 89 3
177 90 3
178 90 3
179 90 3
195 90 3
177 91 3
178 91 3
193 91 3
177 92 3
193 92 3
194 92 3
195 93 3
168 94 3
169 94 3
174 94 3
166 95 3
167 95 3
168 95 3
174 95 3
165 96 3
166 96 3
173 96 3
174 96 3
191 96 3
198 96 3
164 97 3
165 97 3
163 98 3
164 98 3
165 98 3
199 98 3
162 99 3
163 99 3
164 99 3
208 99 3
162 100 3
163 100 3
189 100 3
192 100 3
193 100 3
202 100 3
208 100 3
209 100 3
210 100 3
211 100 3
206 101 3
207 101 3
208 101 3
209 101 3
210 101 3
211 101 3
165 102 3
166 102 3
205 102 3
206 102 3
207 102 3
208 102 3
210 102 3
211 102 3
165 103 3
205 103 3
206 103 3
209 103 3
210 103 3
211 103 3
161 104 3
164 104 3
165 104 3
197 104 3
198 104 3
199 104 3
208 104 3
209 104 3
210 104 3
160 105 3
164 105 3
165 105 3
198 105 3
199 105 3
205 105 3
206 105 3
207 105 3
208 105 3
164 106 3
165 106 3
198 106 3
199 106 3
204 106 3
205 106 3
206 106 3
164 107 3
165 107 3
197 107 3
198 107 3
199 107 3
205 107 3
164 108 3
165 108 3
197 108 3
198 108 3
204 108 3
164 109 3
165 109 3
196 109 3
197 109 3
198 109 3
199 109 3
195 110 3
196 110 3
197 110 3
198 110 3
199 110 3
165 111 3
194 111 3
195 111 3
196 111 3
197 111 3
198 111 3
199 111 3
165 112 3
166 112 3
167 112 3
193 112 3
194 112 3
197 112 3
198 112 3
192 113 3
193 113 3
195 113 3
167 114 3
168 114 3
169 114 3
189 114 3
191 114 3
192 114 3
168 115 3
169 115 3
189 115 3
190 115 3
191 115 3
168 116 3
169 116 3
174 116 3
188 116 3
189 116 3
190 116 3
191 116 3
167 117 3
168 117 3
169 117 3
174 117 3
188 117 3
189 117 3
190 117 3
168 118 3
170 118 3
189 118 3
169 119 3
170 119 3
185 119 3
189 119 3
190 119 3
191 119 3
192 119 3
185 120 3
189 120 3
190 120 3
191 120 3
192 120 3
173 121 3
182 121 3
188 121 3
189 121 3
190 121 3
192 121 3
193 121 3
173 122 3
175 122 3
181 122 3
182 122 3
187 122 3
188 122 3
189 122 3
191 122 3
192 122 3
174 123 3
175 123 3
179 123 3
180 123 3
181 123 3
182 123 3
186 123 3
190 123 3
191 123 3
171 124 3
174 124 3
175 124 3
177 124 3
179 124 3
180 124 3
181 124 3
190 124 3
175 125 3
176 125 3
177 125 3
178 125 3
179 125 3
181 125 3
188 125 3
189 125 3
175 126 3
176 126 3
178 126 3
179 126 3
180 126 3
181 126 3
186 126 3
187 126 3
180 127 3
181 127 3
184 127 3
185 127 3
186 127 3
187 127 3
180 128 3
181 128 3
182 128 3
184 128 3
185 128 3
186 128 3
186 129 3
