180 2 0
188 2 0
189 2 0
191 2 0
202 2 0
204 2 0
181 3 0
188 3 0
189 3 0
190 3 0
191 3 0
201 3 0
202 3 0
203 3 0
204 3 0
242 3 0
243 3 0
179 4 0
188 4 0
189 4 0
190 4 0
191 4 0
201 4 0
202 4 0
203 4 0
204 4 0
242 4 0
243 4 0
3 5 0
4 5 0
184 5 0
188 5 0
189 5 0
190 5 0
191 5 0
201 5 0
202 5 0
203 5 0
204 5 0
242 5 0
313 5 0
314 5 0
184 6 0
188 6 0
189 6 0
190 6 0
191 6 0
201 6 0
202 6 0
203 6 0
241 6 0
242 6 0
313 6 0
188 7 0
190 7 0
191 7 0
199 7 0
200 7 0
201 7 0
207 7 0
241 7 0
242 7 0
44 8 0
187 8 0
188 8 0
190 8 0
199 8 0
200 8 0
207 8 0
208 8 0
241 8 0
242 8 0
188 9 0
190 9 0
194 9 0
195 9 0
203 9 0
204 9 0
206 9 0
207 9 0
208 9 0
241 9 0
242 9 0
245 9 0
187 10 0
195 10 0
197 10 0
198 10 0
199 10 0
206 10 0
207 10 0
208 10 0
240 10 0
241 10 0
245 10 0
247 10 0
311 10 0
206 11 0
207 11 0
208 11 0
240 11 0
241 11 0
242 11 0
311 11 0
316 11 0
206 12 0
207 12 0
208 12 0
240 12 0
241 12 0
242 12 0
274 12 0
275 12 0
206 13 0
207 13 0
208 13 0
240 13 0
241 13 0
265 13 0
316 13 0
119 14 0
183 14 0
206 14 0
208 14 0
240 14 0
241 14 0
269 14 0
117 15 0
182 15 0
205 15 0
206 15 0
208 15 0
239 15 0
240 15 0
241 15 0
269 15 0
310 15 0
315 15 0
114 16 0
205 16 0
206 16 0
207 16 0
208 16 0
239 16 0
240 16 0
269 16 0
112 17 0
205 17 0
206 17 0
207 17 0
239 17 0
240 17 0
259 17 0
263 17 0
269 17 0
274 17 0
315 17 0
316 17 0
109 18 0
205 18 0
206 18 0
207 18 0
208 18 0
239 18 0
240 18 0
259 18 0
264 18 0
269 18 0
316 18 0
205 19 0
207 19 0
208 19 0
238 19 0
239 19 0
240 19 0
257 19 0
269 19 0
181 20 0
205 20 0
207 20 0
208 20 0
238 20 0
239 20 0
240 20 0
269 20 0
308 20 0
309 20 0
179 21 0
238 21 0
240 21 0
269 21 0
272 21 0
273 21 0
313 21 0
99 22 0
239 22 0
273 22 0
313 22 0
315 22 0
239 23 0
246 23 0
268 23 0
303 23 0
315 23 0
94 24 0
178 24 0
239 24 0
268 24 0
314 24 0
91 25 0
178 25 0
238 25 0
239 25 0
250 25 0
267 25 0
314 25 0
178 26 0
237 26 0
238 26 0
239 26 0
250 26 0
267 26 0
272 26 0
307 26 0
314 26 0
86 27 0
178 27 0
181 27 0
238 27 0
245 27 0
246 27 0
250 27 0
83 28 0
84 28 0
178 28 0
238 28 0
244 28 0
249 28 0
276 28 0
312 28 0
81 29 0
238 29 0
244 29 0
248 29 0
249 29 0
270 29 0
278 29 0
312 29 0
78 30 0
237 30 0
238 30 0
248 30 0
253 30 0
270 30 0
271 30 0
278 30 0
298 30 0
311 30 0
315 30 0
76 31 0
237 31 0
248 31 0
255 31 0
256 31 0
305 31 0
306 31 0
307 31 0
311 31 0
315 31 0
73 32 0
306 32 0
311 32 0
315 32 0
73 33 0
238 33 0
243 33 0
310 33 0
311 33 0
314 33 0
241 34 0
243 34 0
277 34 0
299 34 0
310 34 0
322 34 0
242 35 0
244 35 0
284 35 0
300 35 0
306 35 0
322 35 0
242 36 0
243 36 0
244 36 0
257 36 0
273 36 0
277 36 0
284 36 0
297 36 0
300 36 0
304 36 0
305 36 0
322 36 0
61 37 0
237 37 0
241 37 0
242 37 0
243 37 0
257 37 0
272 37 0
273 37 0
313 37 0
322 37 0
56 38 0
241 38 0
243 38 0
248 38 0
251 38 0
272 38 0
284 38 0
299 38 0
242 39 0
243 39 0
248 39 0
250 39 0
235 40 0
238 40 0
248 40 0
250 40 0
253 40 0
303 40 0
304 40 0
235 41 0
237 41 0
247 41 0
250 41 0
253 41 0
257 41 0
258 41 0
283 41 0
303 41 0
304 41 0
343 41 0
234 42 0
237 42 0
249 42 0
250 42 0
253 42 0
309 42 0
325 42 0
342 42 0
343 42 0
44 43 0
234 43 0
237 43 0
246 43 0
249 43 0
250 43 0
253 43 0
254 43 0
281 43 0
309 43 0
325 43 0
342 43 0
343 43 0
245 44 0
246 44 0
248 44 0
253 44 0
309 44 0
313 44 0
342 44 0
236 45 0
238 45 0
239 45 0
240 45 0
245 45 0
246 45 0
247 45 0
248 45 0
253 45 0
257 45 0
302 45 0
303 45 0
309 45 0
313 45 0
314 45 0
341 45 0
342 45 0
236 46 0
237 46 0
239 46 0
240 46 0
247 46 0
248 46 0
261 46 0
297 46 0
302 46 0
303 46 0
308 46 0
314 46 0
341 46 0
34 47 0
199 47 0
237 47 0
238 47 0
239 47 0
246 47 0
247 47 0
248 47 0
265 47 0
297 47 0
308 47 0
314 47 0
32 48 0
198 48 0
238 48 0
243 48 0
246 48 0
247 48 0
297 48 0
308 48 0
313 48 0
314 48 0
30 49 0
191 49 0
196 49 0
199 49 0
243 49 0
245 49 0
246 49 0
247 49 0
301 49 0
307 49 0
313 49 0
195 50 0
245 50 0
246 50 0
301 50 0
313 50 0
190 51 0
215 51 0
247 51 0
259 51 0
273 51 0
313 51 0
330 51 0
257 52 0
258 52 0
280 52 0
296 52 0
337 52 0
254 53 0
280 53 0
305 53 0
312 53 0
186 54 0
222 54 0
289 54 0
295 54 0
300 54 0
312 54 0
222 55 0
227 55 0
228 55 0
288 55 0
295 55 0
300 55 0
208 56 0
211 56 0
212 56 0
228 56 0
259 56 0
288 56 0
295 56 0
305 56 0
288 57 0
186 58 0
193 58 0
205 58 0
294 58 0
307 58 0
334 58 0
182 59 0
201 59 0
205 59 0
211 59 0
217 59 0
218 59 0
223 59 0
250 59 0
293 59 0
206 60 0
215 60 0
222 60 0
241 60 0
242 60 0
305 60 0
309 60 0
310 60 0
210 61 0
214 61 0
215 61 0
228 61 0
230 61 0
241 61 0
244 61 0
305 61 0
310 61 0
184 62 0
187 62 0
196 62 0
214 62 0
227 62 0
236 62 0
241 62 0
245 62 0
252 62 0
257 62 0
261 62 0
304 62 0
305 62 0
309 62 0
310 62 0
328 62 0
206 63 0
227 63 0
229 63 0
245 63 0
257 63 0
261 63 0
265 63 0
304 63 0
309 63 0
215 64 0
219 64 0
227 64 0
228 64 0
251 64 0
256 64 0
263 64 0
264 64 0
303 64 0
308 64 0
214 65 0
219 65 0
220 65 0
226 65 0
227 65 0
230 65 0
250 65 0
251 65 0
260 65 0
263 65 0
303 65 0
203 66 0
214 66 0
218 66 0
219 66 0
226 66 0
227 66 0
232 66 0
235 66 0
245 66 0
250 66 0
255 66 0
304 66 0
307 66 0
176 67 0
179 67 0
180 67 0
211 67 0
218 67 0
245 67 0
249 67 0
263 67 0
331 67 0
176 68 0
177 68 0
179 68 0
180 68 0
201 68 0
210 68 0
211 68 0
218 68 0
224 68 0
228 68 0
233 68 0
245 68 0
247 68 0
249 68 0
262 68 0
273 68 0
301 68 0
320 68 0
327 68 0
179 69 0
182 69 0
197 69 0
206 69 0
210 69 0
215 69 0
221 69 0
224 69 0
244 69 0
248 69 0
330 69 0
184 70 0
198 70 0
204 70 0
205 70 0
206 70 0
220 70 0
221 70 0
223 70 0
224 70 0
306 70 0
326 70 0
327 70 0
177 71 0
178 71 0
198 71 0
200 71 0
201 71 0
220 71 0
222 71 0
223 71 0
227 71 0
230 71 0
251 71 0
306 71 0
318 71 0
325 71 0
326 71 0
176 72 0
180 72 0
189 72 0
222 72 0
223 72 0
232 72 0
246 72 0
251 72 0
256 72 0
262 72 0
266 72 0
267 72 0
324 72 0
325 72 0
326 72 0
175 73 0
190 73 0
216 73 0
246 73 0
250 73 0
251 73 0
256 73 0
317 73 0
324 73 0
325 73 0
329 73 0
174 74 0
245 74 0
257 74 0
273 74 0
286 74 0
317 74 0
324 74 0
325 74 0
173 75 0
174 75 0
177 75 0
250 75 0
255 75 0
260 75 0
277 75 0
286 75 0
172 76 0
176 76 0
195 76 0
221 76 0
243 76 0
244 76 0
256 76 0
257 76 0
259 76 0
263 76 0
277 76 0
171 77 0
243 77 0
254 77 0
277 77 0
280 77 0
281 77 0
170 78 0
173 78 0
203 78 0
207 78 0
208 78 0
229 78 0
243 78 0
280 78 0
325 78 0
169 79 0
172 79 0
173 79 0
174 79 0
184 79 0
185 79 0
206 79 0
242 79 0
247 79 0
167 80 0
168 80 0
171 80 0
210 80 0
211 80 0
233 80 0
242 80 0
246 80 0
247 80 0
167 81 0
170 81 0
203 81 0
209 81 0
213 81 0
241 81 0
278 81 0
284 81 0
165 82 0
166 82 0
169 82 0
170 82 0
180 82 0
181 82 0
202 82 0
203 82 0
214 82 0
165 83 0
168 83 0
169 83 0
181 83 0
182 83 0
183 83 0
185 83 0
187 83 0
202 83 0
207 83 0
208 83 0
212 83 0
214 83 0
261 83 0
284 83 0
163 84 0
164 84 0
167 84 0
168 84 0
181 84 0
182 84 0
183 84 0
184 84 0
185 84 0
186 84 0
204 84 0
207 84 0
212 84 0
214 84 0
218 84 0
163 85 0
166 85 0
167 85 0
183 85 0
185 85 0
206 85 0
207 85 0
208 85 0
211 85 0
218 85 0
219 85 0
220 85 0
263 85 0
159 86 0
160 86 0
162 86 0
165 86 0
166 86 0
174 86 0
184 86 0
208 86 0
213 86 0
217 86 0
219 86 0
263 86 0
275 86 0
276 86 0
277 86 0
158 87 0
159 87 0
160 87 0
164 87 0
165 87 0
173 87 0
174 87 0
216 87 0
217 87 0
218 87 0
219 87 0
252 87 0
159 88 0
160 88 0
164 88 0
182 88 0
212 88 0
216 88 0
218 88 0
242 88 0
252 88 0
258 88 0
262 88 0
158 89 0
159 89 0
181 89 0
217 89 0
218 89 0
233 89 0
242 89 0
243 89 0
244 89 0
245 89 0
246 89 0
247 89 0
248 89 0
249 89 0
250 89 0
251 89 0
252 89 0
258 89 0
262 89 0
157 90 0
158 90 0
181 90 0
218 90 0
230 90 0
231 90 0
232 90 0
241 90 0
242 90 0
243 90 0
245 90 0
248 90 0
251 90 0
252 90 0
283 90 0
157 91 0
179 91 0
230 91 0
231 91 0
237 91 0
241 91 0
251 91 0
257 91 0
283 91 0
157 92 0
178 92 0
179 92 0
230 92 0
237 92 0
239 92 0
271 92 0
276 92 0
278 92 0
283 92 0
156 93 0
229 93 0
239 93 0
240 93 0
252 93 0
258 93 0
271 93 0
283 93 0
154 94 0
155 94 0
156 94 0
239 94 0
240 94 0
159 95 0
166 95 0
172 95 0
173 95 0
240 95 0
261 95 0
262 95 0
263 95 0
266 95 0
268 95 0
282 95 0
153 96 0
154 96 0
155 96 0
158 96 0
159 96 0
160 96 0
165 96 0
166 96 0
171 96 0
172 96 0
178 96 0
228 96 0
253 96 0
262 96 0
263 96 0
264 96 0
266 96 0
155 97 0
159 97 0
160 97 0
165 97 0
171 97 0
237 97 0
261 97 0
263 97 0
265 97 0
266 97 0
280 97 0
286 97 0
155 98 0
159 98 0
164 98 0
165 98 0
242 98 0
262 98 0
263 98 0
266 98 0
267 98 0
152 99 0
154 99 0
158 99 0
163 99 0
164 99 0
172 99 0
174 99 0
229 99 0
239 99 0
243 99 0
266 99 0
148 100 0
149 100 0
150 100 0
155 100 0
156 100 0
157 100 0
163 100 0
165 100 0
171 100 0
243 100 0
282 100 0
148 101 0
149 101 0
150 101 0
151 101 0
152 101 0
154 101 0
155 101 0
156 101 0
161 101 0
168 101 0
148 102 0
151 102 0
153 102 0
154 102 0
155 102 0
240 102 0
271 102 0
281 102 0
145 103 0
154 103 0
168 103 0
243 103 0
281 103 0
237 104 0
281 104 0
145 105 0
162 105 0
169 105 0
144 106 0
157 106 0
162 106 0
164 106 0
168 106 0
140 107 0
142 107 0
144 107 0
156 107 0
161 107 0
165 107 0
239 107 0
141 108 0
144 108 0
160 108 0
165 108 0
138 109 0
140 109 0
141 109 0
159 109 0
160 109 0
163 109 0
165 109 0
240 109 0
272 109 0
137 110 0
139 110 0
140 110 0
141 110 0
158 110 0
159 110 0
162 110 0
247 110 0
275 110 0
276 110 0
278 110 0
136 111 0
138 111 0
145 111 0
148 111 0
250 111 0
257 111 0
275 111 0
276 111 0
135 112 0
139 112 0
140 112 0
141 112 0
144 112 0
148 112 0
151 112 0
152 112 0
250 112 0
256 112 0
257 112 0
275 112 0
276 112 0
134 113 0
137 113 0
144 113 0
145 113 0
151 113 0
241 113 0
275 113 0
276 113 0
284 113 0
133 114 0
137 114 0
138 114 0
143 114 0
144 114 0
148 114 0
151 114 0
248 114 0
254 114 0
284 114 0
143 115 0
145 115 0
150 115 0
155 115 0
241 115 0
245 115 0
246 115 0
266 115 0
284 115 0
132 116 0
134 116 0
145 116 0
146 116 0
150 116 0
162 116 0
164 116 0
168 116 0
170 116 0
173 116 0
245 116 0
284 116 0
131 117 0
133 117 0
142 117 0
143 117 0
149 117 0
162 117 0
130 118 0
149 118 0
233 118 0
234 118 0
236 118 0
279 118 0
280 118 0
281 118 0
129 119 0
131 119 0
138 119 0
236 119 0
279 119 0
280 119 0
281 119 0
283 119 0
128 120 0
130 120 0
137 120 0
145 120 0
232 120 0
238 120 0
239 120 0
244 120 0
281 120 0
283 120 0
127 121 0
132 121 0
174 121 0
232 121 0
237 121 0
238 121 0
245 121 0
278 121 0
131 122 0
132 122 0
154 122 0
161 122 0
167 122 0
174 122 0
237 122 0
238 122 0
242 122 0
278 122 0
128 123 0
129 123 0
130 123 0
131 123 0
147 123 0
167 123 0
175 123 0
176 123 0
177 123 0
237 123 0
273 123 0
275 123 0
276 123 0
124 124 0
128 124 0
129 124 0
130 124 0
131 124 0
167 124 0
173 124 0
174 124 0
175 124 0
176 124 0
177 124 0
178 124 0
179 124 0
238 124 0
273 124 0
275 124 0
283 124 0
124 125 0
126 125 0
128 125 0
130 125 0
162 125 0
168 125 0
172 125 0
174 125 0
175 125 0
176 125 0
177 125 0
178 125 0
179 125 0
181 125 0
237 125 0
275 125 0
283 125 0
123 126 0
125 126 0
161 126 0
162 126 0
174 126 0
175 126 0
176 126 0
178 126 0
179 126 0
181 126 0
182 126 0
233 126 0
236 126 0
237 126 0
242 126 0
284 126 0
122 127 0
124 127 0
130 127 0
132 127 0
145 127 0
152 127 0
160 127 0
161 127 0
162 127 0
173 127 0
176 127 0
177 127 0
178 127 0
179 127 0
180 127 0
181 127 0
182 127 0
236 127 0
237 127 0
282 127 0
283 127 0
284 127 0
121 128 0
129 128 0
130 128 0
132 128 0
133 128 0
150 128 0
160 128 0
161 128 0
162 128 0
166 128 0
173 128 0
181 128 0
182 128 0
183 128 0
236 128 0
237 128 0
241 128 0
247 128 0
264 128 0
265 128 0
275 128 0
283 128 0
129 129 0
132 129 0
149 129 0
155 129 0
159 129 0
160 129 0
161 129 0
165 129 0
172 129 0
173 129 0
186 129 0
236 129 0
237 129 0
247 129 0
248 129 0
265 129 0
270 129 0
275 129 0
122 130 0
128 130 0
132 130 0
150 130 0
154 130 0
155 130 0
156 130 0
159 130 0
160 130 0
161 130 0
165 130 0
172 130 0
179 130 0
180 130 0
185 130 0
235 130 0
236 130 0
237 130 0
247 130 0
248 130 0
255 130 0
262 130 0
265 130 0
275 130 0
120 131 0
121 131 0
133 131 0
136 131 0
149 131 0
153 131 0
154 131 0
155 131 0
156 131 0
159 131 0
160 131 0
161 131 0
165 131 0
170 131 0
172 131 0
179 131 0
180 131 0
185 131 0
186 131 0
230 131 0
231 131 0
234 131 0
235 131 0
236 131 0
237 131 0
248 131 0
256 131 0
257 131 0
262 131 0
263 131 0
266 131 0
275 131 0
121 132 0
133 132 0
136 132 0
150 132 0
153 132 0
154 132 0
155 132 0
156 132 0
159 132 0
160 132 0
161 132 0
165 132 0
169 132 0
172 132 0
186 132 0
190 132 0
220 132 0
231 132 0
233 132 0
234 132 0
236 132 0
237 132 0
263 132 0
266 132 0
275 132 0
276 132 0
127 133 0
129 133 0
132 133 0
136 133 0
144 133 0
150 133 0
153 133 0
156 133 0
159 133 0
160 133 0
166 133 0
169 133 0
171 133 0
172 133 0
185 133 0
190 133 0
191 133 0
221 133 0
233 133 0
236 133 0
237 133 0
263 133 0
267 133 0
119 134 0
126 134 0
127 134 0
130 134 0
145 134 0
150 134 0
153 134 0
156 134 0
159 134 0
160 134 0
167 134 0
169 134 0
171 134 0
178 134 0
179 134 0
189 134 0
222 134 0
235 134 0
236 134 0
237 134 0
248 134 0
249 134 0
267 134 0
118 135 0
119 135 0
126 135 0
129 135 0
145 135 0
146 135 0
155 135 0
158 135 0
159 135 0
160 135 0
168 135 0
171 135 0
177 135 0
178 135 0
179 135 0
185 135 0
236 135 0
249 135 0
264 135 0
267 135 0
268 135 0
272 135 0
117 136 0
118 136 0
119 136 0
125 136 0
126 136 0
129 136 0
151 136 0
158 136 0
159 136 0
171 136 0
185 136 0
249 136 0
125 137 0
128 137 0
129 137 0
151 137 0
159 137 0
170 137 0
188 137 0
226 137 0
227 137 0
236 137 0
257 137 0
268 137 0
273 137 0
114 138 0
124 138 0
125 138 0
128 138 0
150 138 0
151 138 0
157 138 0
158 138 0
169 138 0
170 138 0
177 138 0
178 138 0
184 138 0
187 138 0
188 138 0
190 138 0
223 138 0
257 138 0
124 139 0
128 139 0
149 139 0
157 139 0
158 139 0
170 139 0
176 139 0
177 139 0
178 139 0
184 139 0
187 139 0
115 140 0
116 140 0
124 140 0
128 140 0
149 140 0
153 140 0
157 140 0
158 140 0
162 140 0
165 140 0
170 140 0
177 140 0
178 140 0
184 140 0
187 140 0
194 140 0
256 140 0
123 141 0
132 141 0
150 141 0
151 141 0
157 141 0
158 141 0
162 141 0
167 141 0
187 141 0
194 141 0
122 142 0
123 142 0
128 142 0
132 142 0
148 142 0
157 142 0
162 142 0
167 142 0
169 142 0
183 142 0
187 142 0
191 142 0
207 142 0
217 142 0
254 142 0
122 143 0
123 143 0
125 143 0
128 143 0
148 143 0
149 143 0
157 143 0
161 143 0
162 143 0
166 143 0
169 143 0
175 143 0
176 143 0
177 143 0
183 143 0
206 143 0
216 143 0
239 143 0
252 143 0
265 143 0
276 143 0
113 144 0
114 144 0
121 144 0
122 144 0
125 144 0
149 144 0
156 144 0
157 144 0
166 144 0
175 144 0
176 144 0
177 144 0
183 144 0
206 144 0
215 144 0
256 144 0
265 144 0
274 144 0
275 144 0
112 145 0
113 145 0
114 145 0
121 145 0
122 145 0
125 145 0
147 145 0
148 145 0
149 145 0
155 145 0
156 145 0
163 145 0
166 145 0
168 145 0
208 145 0
215 145 0
228 145 0
229 145 0
264 145 0
270 145 0
273 145 0
112 146 0
113 146 0
121 146 0
122 146 0
124 146 0
125 146 0
138 146 0
147 146 0
148 146 0
155 146 0
156 146 0
164 146 0
168 146 0
208 146 0
212 146 0
214 146 0
278 146 0
121 147 0
124 147 0
148 147 0
155 147 0
156 147 0
165 147 0
176 147 0
208 147 0
212 147 0
222 147 0
278 147 0
279 147 0
280 147 0
155 148 0
156 148 0
167 148 0
174 148 0
175 148 0
176 148 0
213 148 0
237 148 0
105 149 0
111 149 0
112 149 0
155 149 0
167 149 0
174 149 0
175 149 0
213 149 0
221 149 0
240 149 0
241 149 0
247 149 0
248 149 0
104 150 0
109 150 0
110 150 0
111 150 0
112 150 0
145 150 0
146 150 0
147 150 0
154 150 0
155 150 0
166 150 0
167 150 0
207 150 0
213 150 0
232 150 0
233 150 0
234 150 0
273 150 0
103 151 0
109 151 0
110 151 0
111 151 0
145 151 0
146 151 0
147 151 0
153 151 0
154 151 0
155 151 0
159 151 0
187 151 0
188 151 0
206 151 0
212 151 0
232 151 0
233 151 0
267 151 0
274 151 0
133 152 0
135 152 0
145 152 0
146 152 0
153 152 0
154 152 0
159 152 0
161 152 0
166 152 0
184 152 0
187 152 0
194 152 0
206 152 0
211 152 0
212 152 0
133 153 0
134 153 0
145 153 0
146 153 0
153 153 0
154 153 0
159 153 0
162 153 0
166 153 0
173 153 0
174 153 0
193 153 0
194 153 0
207 153 0
210 153 0
211 153 0
284 153 0
98 154 0
100 154 0
108 154 0
109 154 0
153 154 0
154 154 0
158 154 0
162 154 0
163 154 0
165 154 0
166 154 0
173 154 0
174 154 0
181 154 0
189 154 0
223 154 0
230 154 0
231 154 0
343 154 0
97 155 0
107 155 0
108 155 0
109 155 0
153 155 0
158 155 0
163 155 0
165 155 0
181 155 0
221 155 0
223 155 0
229 155 0
230 155 0
231 155 0
232 155 0
341 155 0
342 155 0
343 155 0
106 156 0
107 156 0
108 156 0
153 156 0
158 156 0
163 156 0
165 156 0
230 156 0
231 156 0
237 156 0
341 156 0
342 156 0
343 156 0
145 157 0
146 157 0
153 157 0
154 157 0
158 157 0
162 157 0
165 157 0
172 157 0
173 157 0
180 157 0
182 157 0
237 157 0
245 157 0
263 157 0
136 158 0
142 158 0
145 158 0
146 158 0
154 158 0
155 158 0
158 158 0
159 158 0
162 158 0
164 158 0
172 158 0
173 158 0
180 158 0
182 158 0
238 158 0
239 158 0
263 158 0
137 159 0
142 159 0
145 159 0
155 159 0
159 159 0
162 159 0
164 159 0
171 159 0
172 159 0
173 159 0
179 159 0
180 159 0
183 159 0
229 159 0
230 159 0
237 159 0
239 159 0
264 159 0
137 160 0
145 160 0
155 160 0
156 160 0
160 160 0
161 160 0
162 160 0
164 160 0
179 160 0
183 160 0
229 160 0
230 160 0
237 160 0
240 160 0
264 160 0
119 161 0
122 161 0
123 161 0
131 161 0
140 161 0
156 161 0
160 161 0
161 161 0
162 161 0
164 161 0
179 161 0
184 161 0
216 161 0
229 161 0
230 161 0
237 161 0
241 161 0
276 161 0
284 161 0
92 162 0
119 162 0
121 162 0
122 162 0
124 162 0
125 162 0
144 162 0
163 162 0
179 162 0
184 162 0
215 162 0
216 162 0
237 162 0
276 162 0
286 162 0
342 162 0
117 163 0
118 163 0
120 163 0
121 163 0
123 163 0
124 163 0
126 163 0
127 163 0
140 163 0
163 163 0
170 163 0
171 163 0
172 163 0
179 163 0
181 163 0
220 163 0
221 163 0
237 163 0
248 163 0
249 163 0
272 163 0
277 163 0
341 163 0
118 164 0
119 164 0
120 164 0
123 164 0
125 164 0
126 164 0
127 164 0
128 164 0
163 164 0
170 164 0
171 164 0
172 164 0
179 164 0
181 164 0
220 164 0
229 164 0
237 164 0
242 164 0
277 164 0
91 165 0
115 165 0
116 165 0
119 165 0
120 165 0
121 165 0
125 165 0
126 165 0
140 165 0
170 165 0
171 165 0
172 165 0
181 165 0
229 165 0
230 165 0
237 165 0
239 165 0
277 165 0
115 166 0
116 166 0
118 166 0
119 166 0
121 166 0
122 166 0
124 166 0
125 166 0
141 166 0
162 166 0
178 166 0
182 166 0
229 166 0
230 166 0
237 166 0
239 166 0
278 166 0
114 167 0
118 167 0
120 167 0
121 167 0
124 167 0
142 167 0
178 167 0
182 167 0
183 167 0
222 167 0
237 167 0
239 167 0
240 167 0
278 167 0
279 167 0
280 167 0
281 167 0
86 168 0
113 168 0
114 168 0
115 168 0
117 168 0
120 168 0
126 168 0
161 168 0
178 168 0
183 168 0
237 168 0
239 168 0
278 168 0
279 168 0
280 168 0
281 168 0
282 168 0
112 169 0
114 169 0
116 169 0
117 169 0
122 169 0
125 169 0
126 169 0
127 169 0
128 169 0
169 169 0
170 169 0
171 169 0
237 169 0
239 169 0
278 169 0
279 169 0
281 169 0
112 170 0
113 170 0
115 170 0
116 170 0
117 170 0
118 170 0
119 170 0
122 170 0
127 170 0
129 170 0
169 170 0
170 170 0
228 170 0
229 170 0
230 170 0
237 170 0
239 170 0
278 170 0
279 170 0
281 170 0
107 171 0
114 171 0
115 171 0
116 171 0
118 171 0
119 171 0
120 171 0
169 171 0
170 171 0
177 171 0
179 171 0
228 171 0
229 171 0
230 171 0
237 171 0
239 171 0
278 171 0
279 171 0
281 171 0
282 171 0
95 172 0
96 172 0
106 172 0
115 172 0
116 172 0
117 172 0
119 172 0
120 172 0
132 172 0
133 172 0
135 172 0
177 172 0
217 172 0
230 172 0
237 172 0
239 172 0
240 172 0
273 172 0
278 172 0
285 172 0
84 173 0
94 173 0
95 173 0
96 173 0
119 173 0
120 173 0
134 173 0
135 173 0
176 173 0
180 173 0
221 173 0
237 173 0
239 173 0
273 173 0
94 174 0
116 174 0
119 174 0
139 174 0
142 174 0
143 174 0
166 174 0
167 174 0
168 174 0
176 174 0
180 174 0
181 174 0
221 174 0
222 174 0
237 174 0
239 174 0
240 174 0
273 174 0
103 175 0
117 175 0
121 175 0
150 175 0
152 175 0
156 175 0
157 175 0
165 175 0
167 175 0
176 175 0
181 175 0
229 175 0
237 175 0
239 175 0
273 175 0
117 176 0
118 176 0
124 176 0
163 176 0
176 176 0
181 176 0
228 176 0
229 176 0
230 176 0
237 176 0
239 176 0
273 176 0
279 176 0
91 177 0
92 177 0
109 177 0
112 177 0
118 177 0
126 177 0
176 177 0
220 177 0
229 177 0
230 177 0
237 177 0
238 177 0
239 177 0
273 177 0
279 177 0
89 178 0
91 178 0
128 178 0
219 178 0
221 178 0
222 178 0
230 178 0
237 178 0
238 178 0
239 178 0
274 178 0
82 179 0
88 179 0
108 179 0
109 179 0
114 179 0
129 179 0
130 179 0
174 179 0
217 179 0
221 179 0
237 179 0
238 179 0
239 179 0
240 179 0
274 179 0
80 180 0
82 180 0
85 180 0
88 180 0
107 180 0
116 180 0
118 180 0
119 180 0
130 180 0
139 180 0
173 180 0
178 180 0
221 180 0
238 180 0
239 180 0
240 180 0
274 180 0
280 180 0
78 181 0
81 181 0
82 181 0
84 181 0
85 181 0
88 181 0
98 181 0
102 181 0
118 181 0
121 181 0
130 181 0
137 181 0
138 181 0
139 181 0
179 181 0
191 181 0
221 181 0
238 181 0
274 181 0
77 182 0
80 182 0
82 182 0
84 182 0
87 182 0
90 182 0
99 182 0
118 182 0
122 182 0
123 182 0
130 182 0
137 182 0
138 182 0
139 182 0
170 182 0
179 182 0
185 182 0
191 182 0
221 182 0
228 182 0
229 182 0
230 182 0
237 182 0
238 182 0
270 182 0
274 182 0
76 183 0
78 183 0
80 183 0
87 183 0
89 183 0
90 183 0
91 183 0
92 183 0
93 183 0
103 183 0
104 183 0
106 183 0
118 183 0
124 183 0
127 183 0
130 183 0
137 183 0
138 183 0
180 183 0
182 183 0
192 183 0
221 183 0
228 183 0
229 183 0
230 183 0
237 183 0
238 183 0
270 183 0
274 183 0
75 184 0
77 184 0
79 184 0
82 184 0
85 184 0
86 184 0
89 184 0
92 184 0
102 184 0
103 184 0
118 184 0
123 184 0
124 184 0
126 184 0
127 184 0
130 184 0
145 184 0
172 184 0
181 184 0
192 184 0
220 184 0
221 184 0
237 184 0
238 184 0
243 184 0
244 184 0
255 184 0
270 184 0
274 184 0
77 185 0
80 185 0
82 185 0
85 185 0
91 185 0
92 185 0
107 185 0
118 185 0
122 185 0
123 185 0
125 185 0
130 185 0
145 185 0
170 185 0
177 185 0
180 185 0
192 185 0
221 185 0
238 185 0
243 185 0
244 185 0
253 185 0
254 185 0
257 185 0
77 186 0
78 186 0
87 186 0
91 186 0
122 186 0
124 186 0
145 186 0
169 186 0
170 186 0
186 186 0
192 186 0
221 186 0
237 186 0
238 186 0
243 186 0
244 186 0
245 186 0
257 186 0
276 186 0
77 187 0
79 187 0
80 187 0
83 187 0
86 187 0
90 187 0
108 187 0
111 187 0
121 187 0
122 187 0
123 187 0
124 187 0
125 187 0
126 187 0
137 187 0
138 187 0
145 187 0
170 187 0
179 187 0
192 187 0
221 187 0
238 187 0
243 187 0
244 187 0
256 187 0
257 187 0
79 188 0
80 188 0
82 188 0
89 188 0
110 188 0
120 188 0
121 188 0
123 188 0
129 188 0
136 188 0
137 188 0
138 188 0
145 188 0
150 188 0
171 188 0
192 188 0
193 188 0
228 188 0
229 188 0
230 188 0
238 188 0
246 188 0
256 188 0
257 188 0
85 189 0
88 189 0
110 189 0
111 189 0
120 189 0
122 189 0
125 189 0
129 189 0
136 189 0
137 189 0
138 189 0
182 189 0
193 189 0
221 189 0
229 189 0
230 189 0
255 189 0
257 189 0
79 190 0
85 190 0
88 190 0
93 190 0
111 190 0
118 190 0
119 190 0
125 190 0
129 190 0
136 190 0
137 190 0
138 190 0
183 190 0
191 190 0
193 190 0
221 190 0
229 190 0
230 190 0
231 190 0
257 190 0
275 190 0
76 191 0
77 191 0
78 191 0
85 191 0
92 191 0
111 191 0
117 191 0
118 191 0
120 191 0
125 191 0
129 191 0
184 191 0
191 191 0
193 191 0
221 191 0
257 191 0
75 192 0
97 192 0
110 192 0
111 192 0
117 192 0
119 192 0
120 192 0
125 192 0
129 192 0
183 192 0
184 192 0
191 192 0
220 192 0
221 192 0
243 192 0
257 192 0
258 192 0
110 193 0
116 193 0
118 193 0
125 193 0
129 193 0
174 193 0
192 193 0
220 193 0
221 193 0
258 193 0
266 193 0
71 194 0
93 194 0
95 194 0
102 194 0
110 194 0
115 194 0
118 194 0
120 194 0
122 194 0
125 194 0
192 194 0
221 194 0
275 194 0
98 195 0
100 195 0
101 195 0
114 195 0
115 195 0
117 195 0
122 195 0
128 195 0
136 195 0
137 195 0
217 195 0
221 195 0
228 195 0
230 195 0
275 195 0
102 196 0
113 196 0
114 196 0
119 196 0
120 196 0
128 196 0
136 196 0
137 196 0
138 196 0
161 196 0
190 196 0
229 196 0
230 196 0
275 196 0
93 197 0
104 197 0
113 197 0
128 197 0
136 197 0
137 197 0
138 197 0
159 197 0
188 197 0
215 197 0
221 197 0
228 197 0
229 197 0
230 197 0
104 198 0
112 198 0
115 198 0
118 198 0
122 198 0
128 198 0
136 198 0
166 198 0
220 198 0
221 198 0
230 198 0
240 198 0
241 198 0
88 199 0
104 199 0
111 199 0
114 199 0
119 199 0
122 199 0
125 199 0
128 199 0
142 199 0
150 199 0
151 199 0
154 199 0
165 199 0
168 199 0
221 199 0
240 199 0
243 199 0
88 200 0
109 200 0
110 200 0
112 200 0
115 200 0
117 200 0
118 200 0
119 200 0
137 200 0
139 200 0
140 200 0
142 200 0
143 200 0
147 200 0
150 200 0
151 200 0
154 200 0
169 200 0
240 200 0
244 200 0
265 200 0
82 201 0
103 201 0
109 201 0
111 201 0
112 201 0
115 201 0
116 201 0
117 201 0
128 201 0
134 201 0
136 201 0
137 201 0
139 201 0
140 201 0
142 201 0
143 201 0
147 201 0
151 201 0
154 201 0
240 201 0
265 201 0
108 202 0
109 202 0
111 202 0
124 202 0
128 202 0
131 202 0
133 202 0
134 202 0
136 202 0
137 202 0
139 202 0
140 202 0
141 202 0
142 202 0
154 202 0
171 202 0
229 202 0
230 202 0
240 202 0
264 202 0
265 202 0
85 203 0
107 203 0
108 203 0
109 203 0
110 203 0
128 203 0
129 203 0
130 203 0
131 203 0
133 203 0
134 203 0
136 203 0
137 203 0
139 203 0
140 203 0
141 203 0
142 203 0
143 203 0
154 203 0
173 203 0
228 203 0
229 203 0
230 203 0
240 203 0
262 203 0
265 203 0
106 204 0
107 204 0
127 204 0
128 204 0
130 204 0
131 204 0
133 204 0
134 204 0
136 204 0
137 204 0
139 204 0
140 204 0
141 204 0
142 204 0
228 204 0
229 204 0
230 204 0
240 204 0
262 204 0
106 205 0
109 205 0
127 205 0
128 205 0
130 205 0
131 205 0
133 205 0
134 205 0
136 205 0
137 205 0
139 205 0
140 205 0
142 205 0
240 205 0
249 205 0
269 205 0
95 206 0
105 206 0
108 206 0
127 206 0
128 206 0
130 206 0
131 206 0
133 206 0
134 206 0
136 206 0
137 206 0
139 206 0
142 206 0
157 206 0
220 206 0
240 206 0
250 206 0
107 207 0
127 207 0
128 207 0
129 207 0
130 207 0
131 207 0
133 207 0
134 207 0
136 207 0
137 207 0
139 207 0
140 207 0
142 207 0
159 207 0
173 207 0
178 207 0
240 207 0
250 207 0
266 207 0
127 208 0
128 208 0
129 208 0
130 208 0
131 208 0
132 208 0
133 208 0
136 208 0
139 208 0
162 208 0
181 208 0
220 208 0
240 208 0
250 208 0
126 209 0
127 209 0
128 209 0
129 209 0
130 209 0
132 209 0
133 209 0
135 209 0
150 209 0
163 209 0
172 209 0
184 209 0
220 209 0
228 209 0
229 209 0
230 209 0
240 209 0
250 209 0
126 210 0
127 210 0
128 210 0
228 210 0
229 210 0
230 210 0
239 210 0
240 210 0
250 210 0
126 211 0
127 211 0
188 211 0
207 211 0
228 211 0
229 211 0
230 211 0
239 211 0
250 211 0
126 212 0
196 212 0
228 212 0
229 212 0
230 212 0
238 212 0
250 212 0
126 213 0
187 213 0
220 213 0
250 213 0
251 213 0
187 214 0
220 214 0
250 214 0
251 214 0
187 215 0
220 215 0
251 215 0
124 216 0
130 216 0
187 216 0
251 216 0
124 217 0
148 217 0
154 217 0
187 217 0
207 217 0
220 217 0
228 217 0
229 217 0
230 217 0
251 217 0
278 217 0
136 218 0
143 218 0
199 218 0
207 218 0
228 218 0
229 218 0
230 218 0
251 218 0
278 218 0
158 219 0
161 219 0
162 219 0
200 219 0
228 219 0
229 219 0
230 219 0
251 219 0
135 220 0
161 220 0
162 220 0
163 220 0
205 220 0
229 220 0
230 220 0
251 220 0
163 221 0
205 221 0
251 221 0
150 223 0
170 223 0
172 223 0
206 223 0
207 224 0
219 224 0
144 225 0
156 225 0
263 225 0
143 226 0
144 226 0
159 226 0
162 227 0
242 227 0
242 228 0
252 228 0
158 229 0
186 229 0
190 229 0
191 229 0
249 229 0
251 229 0
252 229 0
191 230 0
191 231 0
252 231 0
245 232 0
252 232 0
195 233 0
200 233 0
201 233 0
173 234 0
182 234 0
200 234 0
201 234 0
241 234 0
252 234 0
205 235 0
252 235 0
265 235 0
270 235 0
279 235 0
247 236 0
260 236 0
241 238 0
241 239 0
252 242 0
241 243 0
246 243 0
278 246 0
239 248 0
239 250 0
277 250 0
145 2 1
162 2 1
163 2 1
164 2 1
165 2 1
239 2 1
240 2 1
241 2 1
266 2 1
287 2 1
126 3 1
132 3 1
259 3 1
287 3 1
138 4 1
286 5 1
127 6 1
130 6 1
186 6 1
187 6 1
198 6 1
199 6 1
236 6 1
238 6 1
243 6 1
124 7 1
125 7 1
130 7 1
133 7 1
186 7 1
198 7 1
237 7 1
257 7 1
273 7 1
299 7 1
237 8 1
238 8 1
275 8 1
123 9 1
125 10 1
128 10 1
196 10 1
236 10 1
273 10 1
137 11 1
183 11 1
185 11 1
186 11 1
198 11 1
199 11 1
183 12 1
217 12 1
237 12 1
185 13 1
198 13 1
121 14 1
122 14 1
235 14 1
236 15 1
235 16 1
264 16 1
193 18 1
182 19 1
255 19 1
293 19 1
339 22 1
329 43 1
343 47 1
333 49 1
339 51 1
337 52 1
306 112 2
309 112 2
306 113 2
307 113 2
309 113 2
304 114 2
307 114 2
304 115 2
307 115 2
312 115 2
313 115 2
317 115 2
305 116 2
306 116 2
307 116 2
309 116 2
310 116 2
311 116 2
312 116 2
313 116 2
317 116 2
318 116 2
319 116 2
305 117 2
306 117 2
307 117 2
309 117 2
310 117 2
311 117 2
318 117 2
319 117 2
302 118 2
304 118 2
305 118 2
306 118 2
307 118 2
308 118 2
309 118 2
310 118 2
317 118 2
318 118 2
301 119 2
302 119 2
304 119 2
305 119 2
309 119 2
310 119 2
317 119 2
320 121 2
321 122 2
297 123 2
298 123 2
299 123 2
300 123 2
301 123 2
302 123 2
303 123 2
321 123 2
295 124 2
296 124 2
297 124 2
298 124 2
300 124 2
301 124 2
308 124 2
309 124 2
294 125 2
295 125 2
296 125 2
298 125 2
299 125 2
300 125 2
307 125 2
308 125 2
294 126 2
295 126 2
296 126 2
297 126 2
298 126 2
299 126 2
304 126 2
307 126 2
294 127 2
295 127 2
296 127 2
297 127 2
307 127 2
323 127 2
324 127 2
325 127 2
292 128 2
307 128 2
323 128 2
290 129 2
307 129 2
308 129 2
300 130 2
307 130 2
308 130 2
285 131 2
286 131 2
288 131 2
290 131 2
291 131 2
300 131 2
301 131 2
308 131 2
285 132 2
287 132 2
288 132 2
289 132 2
290 132 2
291 132 2
301 132 2
302 132 2
308 132 2
309 132 2
284 133 2
286 133 2
287 133 2
289 133 2
290 133 2
291 133 2
302 133 2
303 133 2
309 133 2
284 134 2
285 134 2
286 134 2
287 134 2
288 134 2
289 134 2
290 134 2
291 134 2
292 134 2
293 134 2
294 134 2
302 134 2
303 134 2
304 134 2
309 134 2
310 134 2
325 134 2
329 134 2
330 134 2
284 135 2
285 135 2
286 135 2
287 135 2
289 135 2
290 135 2
291 135 2
292 135 2
293 135 2
294 135 2
295 135 2
296 135 2
301 135 2
303 135 2
304 135 2
309 135 2
310 135 2
311 135 2
324 135 2
325 135 2
326 135 2
329 135 2
330 135 2
331 135 2
284 136 2
285 136 2
287 136 2
288 136 2
290 136 2
291 136 2
303 136 2
304 136 2
310 136 2
311 136 2
324 136 2
325 136 2
330 136 2
331 136 2
332 136 2
285 137 2
288 137 2
289 137 2
291 137 2
292 137 2
302 137 2
304 137 2
305 137 2
310 137 2
311 137 2
312 137 2
324 137 2
325 137 2
326 137 2
331 137 2
332 137 2
285 138 2
286 138 2
289 138 2
290 138 2
292 138 2
293 138 2
302 138 2
305 138 2
311 138 2
312 138 2
313 138 2
325 138 2
326 138 2
331 138 2
332 138 2
286 139 2
287 139 2
293 139 2
294 139 2
303 139 2
305 139 2
306 139 2
311 139 2
312 139 2
313 139 2
325 139 2
331 139 2
287 140 2
288 140 2
289 140 2
293 140 2
294 140 2
303 140 2
305 140 2
306 140 2
312 140 2
313 140 2
314 140 2
325 140 2
330 140 2
331 140 2
288 141 2
289 141 2
290 141 2
291 141 2
293 141 2
294 141 2
295 141 2
303 141 2
305 141 2
306 141 2
307 141 2
312 141 2
313 141 2
314 141 2
325 141 2
331 141 2
287 142 2
293 142 2
307 142 2
312 142 2
313 142 2
314 142 2
325 142 2
331 142 2
293 143 2
294 143 2
307 143 2
308 143 2
313 143 2
314 143 2
326 143 2
331 143 2
334 143 2
294 144 2
304 144 2
313 144 2
314 144 2
315 144 2
327 144 2
294 145 2
295 145 2
303 145 2
304 145 2
310 145 2
311 145 2
315 145 2
316 145 2
331 145 2
295 146 2
296 146 2
303 146 2
304 146 2
309 146 2
310 146 2
314 146 2
316 146 2
323 146 2
324 146 2
331 146 2
296 147 2
303 147 2
304 147 2
308 147 2
309 147 2
314 147 2
315 147 2
323 147 2
297 148 2
305 148 2
307 148 2
308 148 2
315 148 2
322 148 2
323 148 2
331 148 2
297 149 2
298 149 2
322 149 2
323 149 2
331 149 2
298 150 2
299 150 2
316 150 2
322 150 2
323 150 2
328 150 2
329 150 2
299 151 2
300 151 2
317 151 2
322 151 2
323 151 2
328 151 2
329 151 2
330 151 2
326 152 2
325 154 2
331 154 2
325 155 2
326 155 2
327 156 2
320 157 2
314 158 2
315 158 2
319 158 2
320 158 2
321 158 2
322 158 2
313 159 2
314 159 2
318 159 2
319 159 2
320 159 2
321 159 2
322 159 2
324 159 2
325 159 2
312 160 2
313 160 2
314 160 2
316 160 2
317 160 2
318 160 2
319 160 2
320 160 2
321 160 2
325 160 2
311 161 2
312 161 2
318 161 2
319 161 2
320 161 2
321 161 2
325 161 2
326 161 2
327 161 2
310 162 2
311 162 2
319 162 2
320 162 2
321 162 2
322 162 2
326 162 2
327 162 2
309 163 2
310 163 2
312 163 2
319 163 2
320 163 2
321 163 2
322 163 2
326 163 2
327 163 2
309 164 2
310 164 2
320 164 2
321 164 2
322 164 2
323 164 2
327 164 2
309 165 2
316 165 2
320 165 2
321 165 2
322 165 2
323 165 2
327 165 2
328 165 2
329 165 2
309 166 2
310 166 2
316 166 2
319 166 2
320 166 2
321 166 2
322 166 2
323 166 2
328 166 2
329 166 2
330 166 2
310 167 2
311 167 2
314 167 2
318 167 2
319 167 2
320 167 2
322 167 2
323 167 2
324 167 2
329 167 2
330 167 2
331 167 2
332 167 2
311 168 2
312 168 2
313 168 2
317 168 2
318 168 2
323 168 2
324 168 2
325 168 2
326 168 2
327 168 2
329 168 2
331 168 2
313 169 2
314 169 2
323 169 2
324 169 2
325 169 2
327 169 2
328 169 2
329 169 2
324 170 2
325 170 2
326 170 2
327 170 2
328 170 2
325 171 2
326 171 2
328 171 2
196 80 3
194 81 3
195 81 3
196 81 3
193 82 3
194 82 3
195 82 3
192 83 3
193 83 3
194 83 3
191 84 3
192 84 3
193 84 3
191 85 3
195 87 3
192 90 3
193 90 3
192 91 3
193 91 3
191 92 3
192 92 3
191 93 3
192 93 3
190 94 3
191 94 3
189 95 3
190 95 3
188 96 3
189 96 3
187 97 3
188 97 3
179 98 3
186 98 3
187 98 3
185 99 3
186 99 3
177 100 3
184 100 3
185 100 3
186 100 3
222 100 3
176 101 3
177 101 3
178 101 3
179 101 3
183 101 3
184 101 3
185 101 3
222 101 3
175 102 3
176 102 3
177 102 3
178 102 3
180 102 3
181 102 3
182 102 3
183 102 3
184 102 3
222 102 3
174 103 3
175 103 3
182 103 3
183 103 3
222 103 3
173 104 3
174 104 3
207 104 3
172 105 3
173 105 3
205 105 3
206 105 3
172 106 3
173 106 3
205 106 3
221 106 3
222 106 3
223 106 3
172 107 3
204 107 3
215 107 3
220 107 3
221 107 3
222 107 3
223 107 3
203 108 3
214 108 3
215 108 3
219 108 3
220 108 3
221 108 3
212 109 3
214 109 3
218 109 3
219 109 3
220 109 3
174 110 3
175 110 3
211 110 3
212 110 3
218 110 3
219 110 3
174 111 3
175 111 3
211 111 3
212 111 3
173 112 3
174 112 3
211 112 3
218 112 3
173 113 3
174 113 3
210 113 3
217 113 3
173 114 3
174 114 3
209 114 3
210 114 3
215 114 3
216 114 3
173 115 3
174 115 3
208 115 3
209 115 3
215 115 3
174 116 3
207 116 3
208 116 3
209 116 3
210 116 3
205 117 3
206 117 3
207 117 3
208 117 3
209 117 3
210 117 3
204 118 3
205 118 3
206 118 3
207 118 3
208 118 3
209 118 3
203 119 3
204 119 3
205 119 3
206 119 3
202 120 3
203 120 3
204 120 3
205 120 3
202 121 3
203 121 3
204 121 3
201 122 3
202 122 3
203 122 3
211 122 3
201 123 3
196 126 3
197 126 3
196 127 3
201 127 3
202 127 3
203 127 3
200 128 3
201 128 3
202 128 3
203 128 3
194 129 3
199 129 3
200 129 3
201 129 3
202 129 3
203 129 3
191 130 3
192 130 3
193 130 3
194 130 3
198 130 3
199 130 3
200 130 3
201 130 3
202 130 3
191 131 3
192 131 3
193 131 3
197 131 3
198 131 3
199 131 3
189 132 3
190 132 3
191 132 3
192 132 3
198 132 3
199 132 3
190 133 3
191 133 3
197 133 3
198 133 3
199 133 3
194 134 3
197 134 3
