176 2 0
177 2 0
189 2 0
190 2 0
229 2 0
322 2 0
169 3 0
171 3 0
176 3 0
178 3 0
189 3 0
190 3 0
191 3 0
229 3 0
170 4 0
176 4 0
178 4 0
189 4 0
190 4 0
191 4 0
229 4 0
176 5 0
178 5 0
189 5 0
191 5 0
192 5 0
194 5 0
229 5 0
176 6 0
178 6 0
195 6 0
229 6 0
173 7 0
174 7 0
178 7 0
193 7 0
194 7 0
195 7 0
196 7 0
232 7 0
178 8 0
194 8 0
195 8 0
196 8 0
228 8 0
229 8 0
298 8 0
194 9 0
196 9 0
228 9 0
229 9 0
186 10 0
194 10 0
195 10 0
196 10 0
228 10 0
229 10 0
262 10 0
191 11 0
194 11 0
195 11 0
196 11 0
228 11 0
194 12 0
196 12 0
197 12 0
228 12 0
194 13 0
196 13 0
228 13 0
194 14 0
228 14 0
256 14 0
196 15 0
210 15 0
228 15 0
250 15 0
253 15 0
261 15 0
196 16 0
227 16 0
228 16 0
251 16 0
265 16 0
193 17 0
196 17 0
216 17 0
226 17 0
227 17 0
228 17 0
244 17 0
251 17 0
288 17 0
194 18 0
227 18 0
241 18 0
242 18 0
246 18 0
252 18 0
301 18 0
194 19 0
242 19 0
246 20 0
256 20 0
260 20 0
226 22 0
238 23 0
341 23 0
343 23 0
234 24 0
340 24 0
343 24 0
226 25 0
265 25 0
299 25 0
300 25 0
166 26 0
226 26 0
235 26 0
237 26 0
300 26 0
166 27 0
226 27 0
302 27 0
303 27 0
304 27 0
306 27 0
307 27 0
298 30 0
297 31 0
301 31 0
309 31 0
297 32 0
240 33 0
297 33 0
298 33 0
241 34 0
271 34 0
299 34 0
231 35 0
241 35 0
244 35 0
245 35 0
299 35 0
230 36 0
300 36 0
309 36 0
238 38 0
286 38 0
291 38 0
301 38 0
329 38 0
226 39 0
238 39 0
291 39 0
329 39 0
233 40 0
241 40 0
298 40 0
311 40 0
328 40 0
329 40 0
225 41 0
237 41 0
283 41 0
296 41 0
299 41 0
311 41 0
312 41 0
328 41 0
329 41 0
234 42 0
236 42 0
237 42 0
300 42 0
312 42 0
328 42 0
236 43 0
237 43 0
245 43 0
290 43 0
300 43 0
301 43 0
236 44 0
289 44 0
301 44 0
305 44 0
184 45 0
235 45 0
248 45 0
260 45 0
295 45 0
325 45 0
235 46 0
325 46 0
234 47 0
235 47 0
248 47 0
300 47 0
233 48 0
234 48 0
300 48 0
234 49 0
277 49 0
300 49 0
181 50 0
221 50 0
278 50 0
179 51 0
192 52 0
225 52 0
267 52 0
273 52 0
287 52 0
194 53 0
210 53 0
219 53 0
220 53 0
228 53 0
229 53 0
230 53 0
280 53 0
210 54 0
211 54 0
222 54 0
228 54 0
229 54 0
230 54 0
232 54 0
233 54 0
244 54 0
256 54 0
211 55 0
232 55 0
233 55 0
236 55 0
256 55 0
224 56 0
233 56 0
239 56 0
250 56 0
251 56 0
252 56 0
298 56 0
235 57 0
240 57 0
241 57 0
242 57 0
243 57 0
245 57 0
293 57 0
232 58 0
245 58 0
246 58 0
247 58 0
248 58 0
255 58 0
256 58 0
257 58 0
297 58 0
230 59 0
233 59 0
247 59 0
248 59 0
249 59 0
250 59 0
251 59 0
297 59 0
190 60 0
247 60 0
248 60 0
249 60 0
251 60 0
252 60 0
254 60 0
261 60 0
272 60 0
211 61 0
212 61 0
254 61 0
255 61 0
256 61 0
257 61 0
258 61 0
264 61 0
295 61 0
296 61 0
174 62 0
204 62 0
209 62 0
210 62 0
252 62 0
258 62 0
259 62 0
260 62 0
265 62 0
267 62 0
204 63 0
261 63 0
262 63 0
263 63 0
295 63 0
296 63 0
171 64 0
215 64 0
218 64 0
262 64 0
263 64 0
290 64 0
175 65 0
216 65 0
234 65 0
236 65 0
276 65 0
314 65 0
164 66 0
167 66 0
168 66 0
200 66 0
206 66 0
217 66 0
219 66 0
221 66 0
222 66 0
234 66 0
242 66 0
270 66 0
272 66 0
278 66 0
314 66 0
168 67 0
207 67 0
208 67 0
209 67 0
210 67 0
216 67 0
220 67 0
233 67 0
272 67 0
293 67 0
162 68 0
165 68 0
166 68 0
198 68 0
209 68 0
210 68 0
212 68 0
233 68 0
274 68 0
307 68 0
172 69 0
187 69 0
207 69 0
212 69 0
215 69 0
263 69 0
292 69 0
313 69 0
173 70 0
187 70 0
207 70 0
208 70 0
209 70 0
211 70 0
218 70 0
259 70 0
271 70 0
280 70 0
313 70 0
216 71 0
255 71 0
316 71 0
195 72 0
196 72 0
234 72 0
246 72 0
255 72 0
261 72 0
274 72 0
283 72 0
294 72 0
296 72 0
192 73 0
192 74 0
215 74 0
216 74 0
248 74 0
217 75 0
251 75 0
265 75 0
269 75 0
195 76 0
196 76 0
265 76 0
195 77 0
196 77 0
197 77 0
231 77 0
173 78 0
174 78 0
196 78 0
197 78 0
198 78 0
199 78 0
200 78 0
160 79 0
172 79 0
197 79 0
200 79 0
201 79 0
202 79 0
204 79 0
222 79 0
275 79 0
172 80 0
197 80 0
205 80 0
244 80 0
248 80 0
249 80 0
250 80 0
169 81 0
171 81 0
196 81 0
197 81 0
200 81 0
203 81 0
250 81 0
157 82 0
171 82 0
245 82 0
246 82 0
250 82 0
251 82 0
169 83 0
172 83 0
200 83 0
246 83 0
251 83 0
155 84 0
170 84 0
171 84 0
194 84 0
248 84 0
154 85 0
162 85 0
194 85 0
199 85 0
225 85 0
226 85 0
227 85 0
249 85 0
250 85 0
269 85 0
148 86 0
153 86 0
161 86 0
205 86 0
207 86 0
251 86 0
254 86 0
147 87 0
148 87 0
152 87 0
183 87 0
204 87 0
205 87 0
206 87 0
207 87 0
226 87 0
227 87 0
239 87 0
247 87 0
257 87 0
258 87 0
259 87 0
153 88 0
154 88 0
157 88 0
191 88 0
192 88 0
200 88 0
204 88 0
205 88 0
206 88 0
235 88 0
240 88 0
247 88 0
249 88 0
250 88 0
251 88 0
252 88 0
271 88 0
156 89 0
157 89 0
158 89 0
159 89 0
196 89 0
200 89 0
220 89 0
225 89 0
231 89 0
239 89 0
259 89 0
260 89 0
271 89 0
272 89 0
159 90 0
160 90 0
161 90 0
162 90 0
190 90 0
208 90 0
221 90 0
253 90 0
259 90 0
271 90 0
272 90 0
145 91 0
163 91 0
164 91 0
165 91 0
195 91 0
212 91 0
224 91 0
228 91 0
241 91 0
247 91 0
248 91 0
250 91 0
259 91 0
264 91 0
271 91 0
228 92 0
241 92 0
247 92 0
248 92 0
249 92 0
250 92 0
251 92 0
252 92 0
254 92 0
255 92 0
145 93 0
194 93 0
228 93 0
229 93 0
236 93 0
250 93 0
251 93 0
252 93 0
254 93 0
255 93 0
256 93 0
271 93 0
147 94 0
163 94 0
175 94 0
181 94 0
229 94 0
242 94 0
250 94 0
251 94 0
252 94 0
253 94 0
254 94 0
255 94 0
256 94 0
273 94 0
274 94 0
142 95 0
145 95 0
146 95 0
166 95 0
225 95 0
245 95 0
250 95 0
252 95 0
255 95 0
274 95 0
143 96 0
147 96 0
202 96 0
203 96 0
204 96 0
225 96 0
226 96 0
230 96 0
243 96 0
246 96 0
250 96 0
254 96 0
255 96 0
256 96 0
268 96 0
140 97 0
141 97 0
142 97 0
153 97 0
191 97 0
203 97 0
204 97 0
220 97 0
230 97 0
231 97 0
251 97 0
252 97 0
255 97 0
139 98 0
144 98 0
145 98 0
152 98 0
178 98 0
184 98 0
197 98 0
200 98 0
203 98 0
228 98 0
231 98 0
232 98 0
246 98 0
138 99 0
141 99 0
143 99 0
190 99 0
197 99 0
198 99 0
229 99 0
233 99 0
136 100 0
137 100 0
138 100 0
139 100 0
152 100 0
175 100 0
177 100 0
184 100 0
209 100 0
223 100 0
229 100 0
230 100 0
231 100 0
233 100 0
234 100 0
243 100 0
249 100 0
136 101 0
138 101 0
142 101 0
182 101 0
224 101 0
229 101 0
231 101 0
234 101 0
238 101 0
256 101 0
136 102 0
141 102 0
152 102 0
154 102 0
175 102 0
203 102 0
204 102 0
210 102 0
232 102 0
269 102 0
137 103 0
139 103 0
140 103 0
169 103 0
182 103 0
210 103 0
217 103 0
218 103 0
237 103 0
238 103 0
269 103 0
169 104 0
180 104 0
194 104 0
210 104 0
211 104 0
240 104 0
195 105 0
210 105 0
211 105 0
242 105 0
253 105 0
150 106 0
228 106 0
249 106 0
261 106 0
262 106 0
263 106 0
264 106 0
265 106 0
165 107 0
178 107 0
190 107 0
206 107 0
226 107 0
229 107 0
250 107 0
266 107 0
267 107 0
148 108 0
153 108 0
190 108 0
230 108 0
128 109 0
129 109 0
134 109 0
153 109 0
190 109 0
239 109 0
251 109 0
256 109 0
264 109 0
128 110 0
155 110 0
189 110 0
190 110 0
201 110 0
239 110 0
253 110 0
264 110 0
265 110 0
135 111 0
136 111 0
138 111 0
189 111 0
193 111 0
207 111 0
239 111 0
243 111 0
245 111 0
264 111 0
265 111 0
126 112 0
128 112 0
134 112 0
136 112 0
139 112 0
188 112 0
194 112 0
208 112 0
246 112 0
265 112 0
267 112 0
268 112 0
269 112 0
125 113 0
132 113 0
136 113 0
138 113 0
139 113 0
140 113 0
188 113 0
209 113 0
125 114 0
131 114 0
132 114 0
135 114 0
137 114 0
138 114 0
139 114 0
189 114 0
234 114 0
250 114 0
251 114 0
131 115 0
133 115 0
134 115 0
135 115 0
136 115 0
137 115 0
138 115 0
203 115 0
235 115 0
269 115 0
270 115 0
271 115 0
133 116 0
135 116 0
136 116 0
137 116 0
153 116 0
154 116 0
178 116 0
184 116 0
235 116 0
236 116 0
269 116 0
130 117 0
132 117 0
133 117 0
137 117 0
171 117 0
185 117 0
133 118 0
170 118 0
180 118 0
203 118 0
136 119 0
177 119 0
180 119 0
188 119 0
202 119 0
116 120 0
129 120 0
171 120 0
177 120 0
185 120 0
191 120 0
203 120 0
162 121 0
169 121 0
170 121 0
171 121 0
190 121 0
191 121 0
193 121 0
119 122 0
147 122 0
160 122 0
163 122 0
164 122 0
190 122 0
191 122 0
193 122 0
194 122 0
195 122 0
196 122 0
197 122 0
198 122 0
227 122 0
119 123 0
133 123 0
155 123 0
161 123 0
163 123 0
164 123 0
165 123 0
167 123 0
172 123 0
191 123 0
192 123 0
193 123 0
194 123 0
195 123 0
196 123 0
197 123 0
198 123 0
227 123 0
116 124 0
118 124 0
119 124 0
139 124 0
155 124 0
163 124 0
164 124 0
165 124 0
167 124 0
170 124 0
172 124 0
174 124 0
175 124 0
194 124 0
196 124 0
197 124 0
198 124 0
230 124 0
118 125 0
163 125 0
164 125 0
165 125 0
167 125 0
170 125 0
171 125 0
172 125 0
174 125 0
175 125 0
253 125 0
115 126 0
116 126 0
117 126 0
149 126 0
162 126 0
163 126 0
164 126 0
165 126 0
167 126 0
168 126 0
169 126 0
170 126 0
172 126 0
174 126 0
175 126 0
234 126 0
250 126 0
253 126 0
254 126 0
140 127 0
150 127 0
161 127 0
162 127 0
165 127 0
166 127 0
167 127 0
168 127 0
169 127 0
170 127 0
171 127 0
172 127 0
174 127 0
237 127 0
239 127 0
253 127 0
254 127 0
120 128 0
141 128 0
149 128 0
150 128 0
154 128 0
161 128 0
167 128 0
170 128 0
171 128 0
172 128 0
173 128 0
174 128 0
175 128 0
244 128 0
245 128 0
251 128 0
254 128 0
255 128 0
120 129 0
148 129 0
149 129 0
150 129 0
161 129 0
168 129 0
175 129 0
244 129 0
245 129 0
246 129 0
251 129 0
255 129 0
120 130 0
139 130 0
142 130 0
143 130 0
144 130 0
148 130 0
149 130 0
158 130 0
167 130 0
168 130 0
179 130 0
180 130 0
227 130 0
236 130 0
237 130 0
251 130 0
252 130 0
137 131 0
142 131 0
143 131 0
144 131 0
148 131 0
149 131 0
153 131 0
154 131 0
158 131 0
167 131 0
168 131 0
179 131 0
184 131 0
252 131 0
123 132 0
141 132 0
143 132 0
144 132 0
158 132 0
174 132 0
188 132 0
105 133 0
124 133 0
131 133 0
141 133 0
142 133 0
147 133 0
154 133 0
158 133 0
160 133 0
174 133 0
188 133 0
189 133 0
190 133 0
192 133 0
238 133 0
120 134 0
131 134 0
132 134 0
133 134 0
141 134 0
142 134 0
144 134 0
147 134 0
155 134 0
157 134 0
166 134 0
167 134 0
173 134 0
178 134 0
190 134 0
191 134 0
192 134 0
238 134 0
106 135 0
114 135 0
117 135 0
128 135 0
129 135 0
131 135 0
132 135 0
133 135 0
134 135 0
135 135 0
136 135 0
141 135 0
148 135 0
156 135 0
159 135 0
166 135 0
167 135 0
178 135 0
180 135 0
181 135 0
190 135 0
191 135 0
201 135 0
106 136 0
107 136 0
113 136 0
114 136 0
117 136 0
137 136 0
138 136 0
141 136 0
143 136 0
166 136 0
105 137 0
113 137 0
116 137 0
117 137 0
138 137 0
139 137 0
144 137 0
145 137 0
147 137 0
159 137 0
179 137 0
113 138 0
116 138 0
147 138 0
166 138 0
167 138 0
173 138 0
176 138 0
112 139 0
116 139 0
147 139 0
151 139 0
152 139 0
165 139 0
166 139 0
167 139 0
179 139 0
183 139 0
104 140 0
115 140 0
145 140 0
153 140 0
158 140 0
165 140 0
166 140 0
102 141 0
104 141 0
126 141 0
131 141 0
146 141 0
151 141 0
153 141 0
172 141 0
180 141 0
183 141 0
193 141 0
221 141 0
102 142 0
119 142 0
120 142 0
131 142 0
146 142 0
150 142 0
155 142 0
172 142 0
176 142 0
183 142 0
236 142 0
119 143 0
120 143 0
136 143 0
143 143 0
150 143 0
155 143 0
157 143 0
164 143 0
165 143 0
172 143 0
184 143 0
111 144 0
112 144 0
137 144 0
143 144 0
144 144 0
155 144 0
164 144 0
165 144 0
172 144 0
185 144 0
102 145 0
109 145 0
112 145 0
113 145 0
137 145 0
144 145 0
145 145 0
151 145 0
152 145 0
164 145 0
189 145 0
191 145 0
197 145 0
100 146 0
101 146 0
109 146 0
112 146 0
135 146 0
143 146 0
152 146 0
154 146 0
156 146 0
197 146 0
198 146 0
199 146 0
213 146 0
99 147 0
100 147 0
101 147 0
108 147 0
109 147 0
112 147 0
123 147 0
130 147 0
153 147 0
156 147 0
197 147 0
198 147 0
199 147 0
200 147 0
226 147 0
233 147 0
234 147 0
236 147 0
242 147 0
109 148 0
129 148 0
133 148 0
136 148 0
144 148 0
153 148 0
156 148 0
163 148 0
164 148 0
187 148 0
198 148 0
199 148 0
216 148 0
218 148 0
223 148 0
134 149 0
162 149 0
163 149 0
164 149 0
188 149 0
189 149 0
199 149 0
221 149 0
223 149 0
92 150 0
98 150 0
135 150 0
141 150 0
143 150 0
181 150 0
182 150 0
190 150 0
199 150 0
204 150 0
220 150 0
221 150 0
97 151 0
98 151 0
135 151 0
142 151 0
143 151 0
175 151 0
176 151 0
183 151 0
204 151 0
205 151 0
217 151 0
97 152 0
98 152 0
133 152 0
141 152 0
149 152 0
173 152 0
176 152 0
192 152 0
199 152 0
205 152 0
206 152 0
207 152 0
208 152 0
210 152 0
231 152 0
120 153 0
123 153 0
124 153 0
133 153 0
134 153 0
141 153 0
147 153 0
149 153 0
150 153 0
151 153 0
162 153 0
163 153 0
207 153 0
208 153 0
209 153 0
210 153 0
219 153 0
220 153 0
232 153 0
247 153 0
120 154 0
124 154 0
133 154 0
134 154 0
142 154 0
147 154 0
150 154 0
151 154 0
152 154 0
161 154 0
162 154 0
209 154 0
210 154 0
212 154 0
219 154 0
220 154 0
232 154 0
248 154 0
124 155 0
137 155 0
142 155 0
147 155 0
151 155 0
152 155 0
154 155 0
161 155 0
169 155 0
212 155 0
219 155 0
231 155 0
233 155 0
248 155 0
96 156 0
131 156 0
146 156 0
151 156 0
226 156 0
232 156 0
233 156 0
234 156 0
249 156 0
94 157 0
95 157 0
132 157 0
133 157 0
140 157 0
141 157 0
146 157 0
151 157 0
162 157 0
170 157 0
226 157 0
228 157 0
234 157 0
250 157 0
126 158 0
133 158 0
134 158 0
142 158 0
146 158 0
147 158 0
151 158 0
160 158 0
161 158 0
162 158 0
171 158 0
218 158 0
219 158 0
226 158 0
228 158 0
235 158 0
251 158 0
253 158 0
123 159 0
124 159 0
130 159 0
134 159 0
142 159 0
143 159 0
147 159 0
160 159 0
161 159 0
218 159 0
219 159 0
229 159 0
230 159 0
252 159 0
253 159 0
124 160 0
125 160 0
133 160 0
143 160 0
147 160 0
148 160 0
150 160 0
160 160 0
172 160 0
208 160 0
218 160 0
219 160 0
226 160 0
230 160 0
125 161 0
133 161 0
136 161 0
144 161 0
148 161 0
168 161 0
173 161 0
201 161 0
207 161 0
208 161 0
209 161 0
211 161 0
226 161 0
231 161 0
232 161 0
255 161 0
108 162 0
109 162 0
144 162 0
149 162 0
152 162 0
202 162 0
206 162 0
207 162 0
208 162 0
209 162 0
211 162 0
226 162 0
233 162 0
234 162 0
239 162 0
255 162 0
106 163 0
107 163 0
110 163 0
111 163 0
149 163 0
160 163 0
211 163 0
226 163 0
228 163 0
106 164 0
107 164 0
109 164 0
112 164 0
113 164 0
114 164 0
159 164 0
160 164 0
161 164 0
167 164 0
169 164 0
211 164 0
218 164 0
219 164 0
226 164 0
228 164 0
104 165 0
105 165 0
106 165 0
107 165 0
108 165 0
109 165 0
113 165 0
114 165 0
115 165 0
151 165 0
159 165 0
160 165 0
170 165 0
206 165 0
218 165 0
219 165 0
226 165 0
227 165 0
228 165 0
104 166 0
105 166 0
107 166 0
110 166 0
111 166 0
113 166 0
115 166 0
151 166 0
170 166 0
211 166 0
226 166 0
228 166 0
248 166 0
103 167 0
105 167 0
107 167 0
109 167 0
113 167 0
129 167 0
171 167 0
208 167 0
226 167 0
228 167 0
103 168 0
104 168 0
108 168 0
109 168 0
111 168 0
113 168 0
130 168 0
171 168 0
226 168 0
228 168 0
101 169 0
105 169 0
111 169 0
146 169 0
158 169 0
159 169 0
218 169 0
219 169 0
226 169 0
228 169 0
229 169 0
101 170 0
102 170 0
106 170 0
108 170 0
114 170 0
157 170 0
158 170 0
159 170 0
218 170 0
219 170 0
226 170 0
228 170 0
99 171 0
101 171 0
102 171 0
104 171 0
105 171 0
108 171 0
109 171 0
113 171 0
114 171 0
115 171 0
116 171 0
157 171 0
158 171 0
159 171 0
166 171 0
218 171 0
226 171 0
228 171 0
97 172 0
99 172 0
100 172 0
104 172 0
105 172 0
106 172 0
107 172 0
108 172 0
157 172 0
168 172 0
226 172 0
228 172 0
242 172 0
101 173 0
102 173 0
103 173 0
105 173 0
106 173 0
107 173 0
121 173 0
122 173 0
169 173 0
206 173 0
207 173 0
210 173 0
211 173 0
226 173 0
228 173 0
229 173 0
268 173 0
83 174 0
103 174 0
104 174 0
105 174 0
120 174 0
121 174 0
122 174 0
123 174 0
165 174 0
169 174 0
210 174 0
211 174 0
219 174 0
226 174 0
228 174 0
229 174 0
259 174 0
81 175 0
82 175 0
83 175 0
102 175 0
104 175 0
105 175 0
106 175 0
122 175 0
127 175 0
129 175 0
130 175 0
156 175 0
218 175 0
219 175 0
226 175 0
227 175 0
228 175 0
229 175 0
259 175 0
262 175 0
263 175 0
268 175 0
104 176 0
106 176 0
107 176 0
126 176 0
127 176 0
128 176 0
129 176 0
130 176 0
131 176 0
133 176 0
134 176 0
136 176 0
138 176 0
142 176 0
143 176 0
144 176 0
145 176 0
151 176 0
218 176 0
219 176 0
226 176 0
227 176 0
228 176 0
229 176 0
258 176 0
259 176 0
109 177 0
110 177 0
111 177 0
141 177 0
142 177 0
144 177 0
147 177 0
218 177 0
226 177 0
227 177 0
228 177 0
258 177 0
259 177 0
260 177 0
269 177 0
111 178 0
112 178 0
210 178 0
227 178 0
228 178 0
229 178 0
258 178 0
259 178 0
268 178 0
269 178 0
99 179 0
114 179 0
115 179 0
166 179 0
210 179 0
227 179 0
228 179 0
229 179 0
231 179 0
249 179 0
78 180 0
98 180 0
100 180 0
101 180 0
117 180 0
167 180 0
205 180 0
210 180 0
227 180 0
229 180 0
230 180 0
231 180 0
232 180 0
233 180 0
234 180 0
235 180 0
259 180 0
268 180 0
77 181 0
101 181 0
117 181 0
118 181 0
167 181 0
206 181 0
210 181 0
218 181 0
219 181 0
227 181 0
234 181 0
235 181 0
236 181 0
237 181 0
238 181 0
239 181 0
240 181 0
243 181 0
259 181 0
268 181 0
68 182 0
69 182 0
74 182 0
75 182 0
94 182 0
96 182 0
103 182 0
118 182 0
126 182 0
127 182 0
167 182 0
168 182 0
180 182 0
207 182 0
218 182 0
219 182 0
227 182 0
235 182 0
241 182 0
242 182 0
243 182 0
244 182 0
259 182 0
260 182 0
268 182 0
270 182 0
67 183 0
70 183 0
71 183 0
95 183 0
103 183 0
105 183 0
118 183 0
125 183 0
126 183 0
127 183 0
168 183 0
180 183 0
218 183 0
219 183 0
227 183 0
232 183 0
233 183 0
235 183 0
236 183 0
237 183 0
238 183 0
243 183 0
244 183 0
246 183 0
259 183 0
264 183 0
67 184 0
70 184 0
71 184 0
73 184 0
92 184 0
94 184 0
105 184 0
118 184 0
125 184 0
126 184 0
140 184 0
141 184 0
143 184 0
147 184 0
149 184 0
150 184 0
168 184 0
169 184 0
181 184 0
210 184 0
227 184 0
232 184 0
233 184 0
241 184 0
246 184 0
73 185 0
74 185 0
75 185 0
76 185 0
105 185 0
106 185 0
111 185 0
114 185 0
118 185 0
125 185 0
165 185 0
175 185 0
181 185 0
210 185 0
227 185 0
232 185 0
233 185 0
246 185 0
69 186 0
76 186 0
78 186 0
105 186 0
114 186 0
118 186 0
166 186 0
169 186 0
175 186 0
181 186 0
210 186 0
227 186 0
233 186 0
234 186 0
246 186 0
271 186 0
64 187 0
72 187 0
78 187 0
79 187 0
80 187 0
89 187 0
110 187 0
117 187 0
158 187 0
168 187 0
175 187 0
181 187 0
210 187 0
219 187 0
227 187 0
233 187 0
234 187 0
236 187 0
237 187 0
238 187 0
240 187 0
246 187 0
75 188 0
78 188 0
110 188 0
117 188 0
158 188 0
160 188 0
166 188 0
168 188 0
181 188 0
210 188 0
218 188 0
219 188 0
227 188 0
228 188 0
229 188 0
240 188 0
243 188 0
246 188 0
247 188 0
60 189 0
73 189 0
77 189 0
93 189 0
109 189 0
111 189 0
117 189 0
125 189 0
126 189 0
155 189 0
159 189 0
160 189 0
168 189 0
205 189 0
210 189 0
218 189 0
219 189 0
230 189 0
231 189 0
232 189 0
246 189 0
247 189 0
254 189 0
62 190 0
63 190 0
99 190 0
108 190 0
113 190 0
117 190 0
124 190 0
125 190 0
126 190 0
157 190 0
160 190 0
161 190 0
162 190 0
170 190 0
171 190 0
173 190 0
180 190 0
206 190 0
207 190 0
210 190 0
218 190 0
231 190 0
232 190 0
246 190 0
247 190 0
254 190 0
65 191 0
69 191 0
107 191 0
113 191 0
117 191 0
124 191 0
125 191 0
126 191 0
158 191 0
173 191 0
180 191 0
182 191 0
207 191 0
210 191 0
232 191 0
247 191 0
68 192 0
106 192 0
113 192 0
117 192 0
124 192 0
180 192 0
182 192 0
209 192 0
233 192 0
247 192 0
64 193 0
65 193 0
70 193 0
71 193 0
98 193 0
106 193 0
108 193 0
113 193 0
117 193 0
162 193 0
172 193 0
181 193 0
210 193 0
233 193 0
234 193 0
235 193 0
247 193 0
248 193 0
253 193 0
264 193 0
63 194 0
71 194 0
98 194 0
105 194 0
113 194 0
163 194 0
173 194 0
174 194 0
181 194 0
210 194 0
219 194 0
248 194 0
249 194 0
253 194 0
264 194 0
61 195 0
104 195 0
106 195 0
210 195 0
218 195 0
219 195 0
220 195 0
235 195 0
236 195 0
244 195 0
247 195 0
249 195 0
250 195 0
264 195 0
60 196 0
97 196 0
103 196 0
105 196 0
116 196 0
125 196 0
167 196 0
210 196 0
218 196 0
219 196 0
220 196 0
236 196 0
237 196 0
250 196 0
253 196 0
102 197 0
105 197 0
116 197 0
124 197 0
125 197 0
143 197 0
144 197 0
147 197 0
169 197 0
210 197 0
218 197 0
219 197 0
230 197 0
231 197 0
232 197 0
234 197 0
253 197 0
254 197 0
87 198 0
101 198 0
104 198 0
116 198 0
125 198 0
150 198 0
151 198 0
210 198 0
229 198 0
230 198 0
232 198 0
233 198 0
252 198 0
253 198 0
254 198 0
61 199 0
74 199 0
88 199 0
100 199 0
116 199 0
123 199 0
124 199 0
125 199 0
148 199 0
153 199 0
206 199 0
210 199 0
229 199 0
230 199 0
233 199 0
234 199 0
240 199 0
253 199 0
254 199 0
79 200 0
89 200 0
90 200 0
91 200 0
100 200 0
102 200 0
110 200 0
112 200 0
138 200 0
139 200 0
153 200 0
210 200 0
229 200 0
230 200 0
234 200 0
235 200 0
240 200 0
241 200 0
251 200 0
252 200 0
253 200 0
254 200 0
255 200 0
60 201 0
76 201 0
91 201 0
99 201 0
112 201 0
130 201 0
131 201 0
133 201 0
139 201 0
142 201 0
156 201 0
157 201 0
219 201 0
229 201 0
230 201 0
235 201 0
236 201 0
252 201 0
253 201 0
254 201 0
255 201 0
256 201 0
91 202 0
98 202 0
112 202 0
115 202 0
127 202 0
130 202 0
131 202 0
133 202 0
135 202 0
139 202 0
142 202 0
143 202 0
154 202 0
158 202 0
159 202 0
218 202 0
219 202 0
229 202 0
230 202 0
236 202 0
237 202 0
242 202 0
243 202 0
244 202 0
249 202 0
255 202 0
256 202 0
257 202 0
258 202 0
97 203 0
99 203 0
121 203 0
124 203 0
125 203 0
127 203 0
128 203 0
130 203 0
139 203 0
142 203 0
156 203 0
159 203 0
160 203 0
218 203 0
219 203 0
229 203 0
230 203 0
237 203 0
238 203 0
243 203 0
244 203 0
250 203 0
257 203 0
258 203 0
259 203 0
96 204 0
102 204 0
105 204 0
106 204 0
118 204 0
121 204 0
122 204 0
124 204 0
125 204 0
127 204 0
128 204 0
130 204 0
142 204 0
157 204 0
158 204 0
160 204 0
210 204 0
218 204 0
219 204 0
229 204 0
230 204 0
238 204 0
239 204 0
245 204 0
246 204 0
258 204 0
259 204 0
95 205 0
98 205 0
115 205 0
116 205 0
118 205 0
119 205 0
121 205 0
122 205 0
124 205 0
127 205 0
128 205 0
130 205 0
143 205 0
159 205 0
162 205 0
209 205 0
210 205 0
229 205 0
230 205 0
239 205 0
240 205 0
247 205 0
248 205 0
259 205 0
260 205 0
72 206 0
94 206 0
115 206 0
116 206 0
117 206 0
118 206 0
119 206 0
121 206 0
122 206 0
124 206 0
127 206 0
128 206 0
130 206 0
143 206 0
164 206 0
210 206 0
229 206 0
230 206 0
239 206 0
240 206 0
248 206 0
260 206 0
261 206 0
93 207 0
94 207 0
96 207 0
115 207 0
116 207 0
121 207 0
122 207 0
124 207 0
125 207 0
127 207 0
128 207 0
130 207 0
131 207 0
143 207 0
145 207 0
161 207 0
165 207 0
166 207 0
190 207 0
191 207 0
205 207 0
229 207 0
230 207 0
239 207 0
240 207 0
259 207 0
261 207 0
93 208 0
115 208 0
116 208 0
121 208 0
122 208 0
127 208 0
128 208 0
130 208 0
146 208 0
147 208 0
161 208 0
167 208 0
168 208 0
192 208 0
206 208 0
219 208 0
230 208 0
239 208 0
240 208 0
241 208 0
89 209 0
92 209 0
95 209 0
114 209 0
115 209 0
116 209 0
118 209 0
121 209 0
122 209 0
123 209 0
124 209 0
127 209 0
129 209 0
130 209 0
150 209 0
170 209 0
171 209 0
172 209 0
193 209 0
194 209 0
207 209 0
210 209 0
218 209 0
219 209 0
220 209 0
229 209 0
240 209 0
241 209 0
80 210 0
111 210 0
114 210 0
115 210 0
117 210 0
120 210 0
121 210 0
126 210 0
128 210 0
151 210 0
172 210 0
194 210 0
195 210 0
218 210 0
219 210 0
240 210 0
115 211 0
117 211 0
118 211 0
122 211 0
124 211 0
125 211 0
152 211 0
155 211 0
183 211 0
196 211 0
218 211 0
219 211 0
228 211 0
230 211 0
240 211 0
114 212 0
115 212 0
117 212 0
149 212 0
150 212 0
183 212 0
197 212 0
209 212 0
218 212 0
228 212 0
240 212 0
243 212 0
114 213 0
115 213 0
185 213 0
198 213 0
199 213 0
228 213 0
240 213 0
243 213 0
176 214 0
186 214 0
200 214 0
209 214 0
228 214 0
240 214 0
241 214 0
268 214 0
159 215 0
160 215 0
176 215 0
187 215 0
200 215 0
201 215 0
209 215 0
228 215 0
240 215 0
163 216 0
176 216 0
202 216 0
209 216 0
228 216 0
240 216 0
241 216 0
105 217 0
176 217 0
188 217 0
209 217 0
218 217 0
219 217 0
220 217 0
240 217 0
241 217 0
188 218 0
196 218 0
202 218 0
209 218 0
218 218 0
219 218 0
220 218 0
240 218 0
268 218 0
269 218 0
131 219 0
139 219 0
140 219 0
141 219 0
142 219 0
173 219 0
177 219 0
203 219 0
209 219 0
218 219 0
219 219 0
240 219 0
269 219 0
123 220 0
131 220 0
136 220 0
138 220 0
148 220 0
180 220 0
184 220 0
194 220 0
209 220 0
218 220 0
219 220 0
228 220 0
240 220 0
117 221 0
147 221 0
148 221 0
149 221 0
150 221 0
151 221 0
194 221 0
195 221 0
209 221 0
116 222 0
147 222 0
148 222 0
149 222 0
150 222 0
151 222 0
194 222 0
209 222 0
150 223 0
157 223 0
185 223 0
195 223 0
230 223 0
156 224 0
157 224 0
158 224 0
159 224 0
196 224 0
156 225 0
157 225 0
158 225 0
159 225 0
160 225 0
191 225 0
192 225 0
197 225 0
199 225 0
141 226 0
171 226 0
194 226 0
208 226 0
239 226 0
241 226 0
242 226 0
131 227 0
134 227 0
135 227 0
171 227 0
198 227 0
231 227 0
242 227 0
129 228 0
130 228 0
131 228 0
132 228 0
139 228 0
148 228 0
166 228 0
167 228 0
168 228 0
232 228 0
233 228 0
272 228 0
127 229 0
128 229 0
130 229 0
141 229 0
240 229 0
241 229 0
176 230 0
177 230 0
178 230 0
179 230 0
180 230 0
235 230 0
241 230 0
242 230 0
148 231 0
158 231 0
175 231 0
176 231 0
177 231 0
180 231 0
231 231 0
232 231 0
242 231 0
178 232 0
179 232 0
231 232 0
232 232 0
233 232 0
268 232 0
269 232 0
186 233 0
187 233 0
188 233 0
189 233 0
233 233 0
235 233 0
241 233 0
242 233 0
250 233 0
259 233 0
260 233 0
268 233 0
269 233 0
185 234 0
186 234 0
187 234 0
189 234 0
190 234 0
231 234 0
242 234 0
250 234 0
157 235 0
169 235 0
187 235 0
188 235 0
231 235 0
232 235 0
233 235 0
160 236 0
161 236 0
196 236 0
197 236 0
198 236 0
240 236 0
241 236 0
167 237 0
194 237 0
195 237 0
196 237 0
198 237 0
199 237 0
200 237 0
234 237 0
241 237 0
170 238 0
197 238 0
198 238 0
199 238 0
230 238 0
231 238 0
241 238 0
242 238 0
272 238 0
182 239 0
231 239 0
233 239 0
175 240 0
238 240 0
241 240 0
340 240 0
174 241 0
176 241 0
177 241 0
180 241 0
241 241 0
242 241 0
180 242 0
230 242 0
231 242 0
241 242 0
242 242 0
185 243 0
230 243 0
231 243 0
232 243 0
233 243 0
234 243 0
195 244 0
242 244 0
187 245 0
201 245 0
224 245 0
262 245 0
243 246 0
263 246 0
267 246 0
272 246 0
196 247 0
243 247 0
199 248 0
208 248 0
238 248 0
229 249 0
244 249 0
264 249 0
229 250 0
244 250 0
229 251 0
241 251 0
244 251 0
267 251 0
215 252 0
242 252 0
245 252 0
269 252 0
245 253 0
265 253 0
242 254 0
246 255 0
246 256 0
275 116 1
271 117 1
275 117 1
277 117 1
278 117 1
271 118 1
275 118 1
283 118 1
285 118 1
277 119 1
284 119 1
285 119 1
286 119 1
267 120 1
273 120 1
274 120 1
277 120 1
278 120 1
285 120 1
286 120 1
265 121 1
266 121 1
267 121 1
268 121 1
269 121 1
275 121 1
285 121 1
286 121 1
265 122 1
266 122 1
267 122 1
269 122 1
277 122 1
285 122 1
270 123 1
272 123 1
277 123 1
279 123 1
272 124 1
279 124 1
288 124 1
272 125 1
288 125 1
289 125 1
270 126 1
272 126 1
273 126 1
288 126 1
289 126 1
265 127 1
268 127 1
269 127 1
272 127 1
276 127 1
288 127 1
289 127 1
264 128 1
265 128 1
268 128 1
269 128 1
276 128 1
263 129 1
264 129 1
265 129 1
266 129 1
275 129 1
262 130 1
263 130 1
271 130 1
274 130 1
256 131 1
257 131 1
260 131 1
262 131 1
274 131 1
290 131 1
291 131 1
292 131 1
293 131 1
256 132 1
260 132 1
274 132 1
290 132 1
291 132 1
268 133 1
274 133 1
275 133 1
251 134 1
268 134 1
274 134 1
275 134 1
251 135 1
252 135 1
253 135 1
257 135 1
258 135 1
268 135 1
269 135 1
275 135 1
276 135 1
293 135 1
251 136 1
252 136 1
253 136 1
254 136 1
255 136 1
256 136 1
257 136 1
258 136 1
269 136 1
270 136 1
273 136 1
275 136 1
276 136 1
252 137 1
253 137 1
254 137 1
255 137 1
256 137 1
257 137 1
258 137 1
269 137 1
270 137 1
276 137 1
252 138 1
253 138 1
254 138 1
256 138 1
257 138 1
258 138 1
260 138 1
261 138 1
264 138 1
269 138 1
270 138 1
276 138 1
277 138 1
295 138 1
296 138 1
297 138 1
302 138 1
252 139 1
254 139 1
255 139 1
257 139 1
258 139 1
259 139 1
260 139 1
270 139 1
271 139 1
276 139 1
277 139 1
278 139 1
292 139 1
293 139 1
296 139 1
297 139 1
299 139 1
252 140 1
255 140 1
257 140 1
258 140 1
264 140 1
271 140 1
272 140 1
277 140 1
279 140 1
292 140 1
293 140 1
297 140 1
298 140 1
299 140 1
251 141 1
252 141 1
253 141 1
255 141 1
256 141 1
258 141 1
259 141 1
269 141 1
272 141 1
277 141 1
278 141 1
279 141 1
280 141 1
292 141 1
298 141 1
299 141 1
252 142 1
253 142 1
256 142 1
257 142 1
260 142 1
269 142 1
270 142 1
272 142 1
273 142 1
277 142 1
278 142 1
279 142 1
292 142 1
293 142 1
298 142 1
299 142 1
253 143 1
254 143 1
260 143 1
270 143 1
273 143 1
274 143 1
278 143 1
279 143 1
292 143 1
293 143 1
298 143 1
248 144 1
254 144 1
255 144 1
260 144 1
261 144 1
273 144 1
278 144 1
279 144 1
280 144 1
281 144 1
293 144 1
298 144 1
255 145 1
256 145 1
257 145 1
258 145 1
273 145 1
279 145 1
280 145 1
281 145 1
292 145 1
293 145 1
298 145 1
257 146 1
258 146 1
259 146 1
260 146 1
275 146 1
279 146 1
280 146 1
282 146 1
292 146 1
293 146 1
298 146 1
260 147 1
268 147 1
270 147 1
275 147 1
280 147 1
281 147 1
283 147 1
292 147 1
293 147 1
249 148 1
250 148 1
258 148 1
259 148 1
260 148 1
261 148 1
280 148 1
281 148 1
293 148 1
294 148 1
299 148 1
258 149 1
261 149 1
271 149 1
283 149 1
295 149 1
299 149 1
327 149 1
328 149 1
262 150 1
271 150 1
278 150 1
280 150 1
283 150 1
289 150 1
298 150 1
299 150 1
327 150 1
331 150 1
332 150 1
263 151 1
271 151 1
273 151 1
280 151 1
281 151 1
283 151 1
284 151 1
289 151 1
292 151 1
330 151 1
263 152 1
273 152 1
281 152 1
282 152 1
289 152 1
298 152 1
258 153 1
264 153 1
272 153 1
282 153 1
283 153 1
289 153 1
264 154 1
265 154 1
282 154 1
283 154 1
289 154 1
290 154 1
298 154 1
265 155 1
266 155 1
272 155 1
283 155 1
291 155 1
292 155 1
264 156 1
265 156 1
266 156 1
267 156 1
284 156 1
292 156 1
293 156 1
296 156 1
297 156 1
264 157 1
284 157 1
293 157 1
297 157 1
264 158 1
293 158 1
300 158 1
304 158 1
305 158 1
307 158 1
308 158 1
309 158 1
310 158 1
311 158 1
293 159 1
307 159 1
308 159 1
309 159 1
310 159 1
311 159 1
312 159 1
267 160 1
295 160 1
309 160 1
310 160 1
311 160 1
312 160 1
313 160 1
311 161 1
312 161 1
313 161 1
314 161 1
287 162 1
288 162 1
312 162 1
313 162 1
314 162 1
286 163 1
287 163 1
288 163 1
292 163 1
269 164 1
270 164 1
271 164 1
272 164 1
273 164 1
281 164 1
282 164 1
287 164 1
288 164 1
289 164 1
291 164 1
292 164 1
314 164 1
270 165 1
271 165 1
273 165 1
280 165 1
281 165 1
282 165 1
284 165 1
286 165 1
287 165 1
288 165 1
289 165 1
292 165 1
270 166 1
271 166 1
272 166 1
275 166 1
278 166 1
279 166 1
281 166 1
284 166 1
285 166 1
286 166 1
287 166 1
288 166 1
289 166 1
293 166 1
270 167 1
271 167 1
272 167 1
277 167 1
278 167 1
286 167 1
287 167 1
288 167 1
289 167 1
290 167 1
293 167 1
294 167 1
271 168 1
272 168 1
273 168 1
276 168 1
277 168 1
278 168 1
286 168 1
287 168 1
288 168 1
289 168 1
290 168 1
291 168 1
293 168 1
294 168 1
269 169 1
272 169 1
276 169 1
277 169 1
287 169 1
288 169 1
289 169 1
290 169 1
291 169 1
294 169 1
295 169 1
276 170 1
277 170 1
283 170 1
284 170 1
287 170 1
288 170 1
289 170 1
290 170 1
294 170 1
295 170 1
277 171 1
283 171 1
284 171 1
287 171 1
288 171 1
289 171 1
290 171 1
295 171 1
296 171 1
277 172 1
278 172 1
286 172 1
287 172 1
288 172 1
289 172 1
290 172 1
291 172 1
296 172 1
297 172 1
298 172 1
300 172 1
278 173 1
279 173 1
289 173 1
290 173 1
291 173 1
292 173 1
296 173 1
298 173 1
299 173 1
278 174 1
279 174 1
280 174 1
281 174 1
290 174 1
291 174 1
292 174 1
294 174 1
296 174 1
280 175 1
281 175 1
282 175 1
291 175 1
292 175 1
294 175 1
295 175 1
291 176 1
292 176 1
293 176 1
294 176 1
295 176 1
292 177 1
293 177 1
294 177 1
254 8 2
329 8 2
261 9 2
160 10 2
161 10 2
140 14 2
246 14 2
238 15 2
343 19 2
216 20 2
340 26 2
