104 2 0
127 2 0
167 2 0
180 2 0
182 2 0
194 2 0
195 2 0
202 2 0
203 2 0
220 2 0
166 3 0
167 3 0
168 3 0
169 3 0
180 3 0
218 3 0
167 4 0
180 4 0
257 4 0
105 5 0
166 5 0
180 5 0
303 5 0
166 6 0
168 6 0
179 6 0
180 6 0
181 6 0
182 6 0
210 6 0
166 7 0
168 7 0
179 7 0
180 7 0
181 7 0
215 7 0
216 7 0
158 8 0
166 8 0
168 8 0
179 8 0
180 8 0
181 8 0
218 8 0
221 8 0
120 9 0
166 9 0
168 9 0
179 9 0
180 9 0
181 9 0
271 9 0
117 10 0
166 10 0
168 10 0
179 10 0
181 10 0
287 10 0
114 11 0
165 11 0
166 11 0
168 11 0
179 11 0
180 11 0
181 11 0
218 11 0
165 12 0
166 12 0
167 12 0
168 12 0
179 12 0
218 12 0
165 13 0
167 13 0
217 13 0
218 13 0
105 14 0
167 14 0
185 14 0
217 14 0
285 14 0
103 15 0
167 15 0
183 15 0
184 15 0
185 15 0
217 15 0
100 16 0
174 16 0
184 16 0
185 16 0
186 16 0
217 16 0
255 16 0
97 17 0
184 17 0
185 17 0
216 17 0
217 17 0
218 17 0
256 17 0
94 18 0
184 18 0
185 18 0
217 18 0
218 18 0
333 18 0
184 19 0
185 19 0
217 19 0
332 19 0
216 20 0
217 20 0
238 20 0
185 21 0
216 21 0
238 21 0
331 21 0
185 22 0
216 22 0
238 22 0
183 23 0
216 23 0
275 23 0
183 24 0
216 24 0
183 25 0
185 25 0
239 25 0
69 26 0
239 26 0
67 27 0
236 27 0
64 28 0
215 29 0
327 29 0
59 30 0
156 30 0
222 30 0
223 30 0
224 30 0
225 30 0
332 30 0
226 31 0
339 31 0
155 32 0
225 32 0
313 32 0
329 32 0
342 32 0
343 32 0
226 33 0
247 33 0
329 33 0
226 34 0
285 34 0
286 34 0
318 34 0
325 34 0
328 34 0
312 35 0
328 35 0
329 35 0
330 35 0
220 36 0
222 36 0
224 36 0
225 36 0
246 36 0
287 36 0
332 36 0
333 36 0
334 36 0
36 37 0
222 37 0
224 37 0
290 37 0
291 37 0
292 37 0
34 38 0
232 38 0
235 38 0
251 38 0
32 39 0
279 39 0
284 39 0
288 39 0
258 40 0
284 40 0
287 40 0
322 40 0
26 41 0
27 41 0
274 41 0
283 41 0
287 41 0
283 42 0
290 42 0
291 42 0
283 43 0
316 43 0
285 44 0
294 44 0
224 45 0
226 45 0
227 45 0
229 45 0
230 45 0
285 45 0
286 45 0
294 45 0
226 46 0
227 46 0
286 46 0
287 46 0
214 47 0
226 47 0
233 47 0
286 47 0
211 48 0
214 48 0
225 48 0
226 48 0
254 48 0
287 48 0
288 48 0
314 48 0
211 49 0
213 49 0
225 49 0
226 49 0
229 49 0
277 49 0
314 49 0
215 50 0
225 50 0
285 50 0
296 50 0
313 50 0
214 51 0
215 51 0
216 51 0
224 51 0
225 51 0
282 51 0
285 51 0
289 51 0
297 51 0
313 51 0
218 52 0
223 52 0
224 52 0
229 52 0
276 52 0
286 52 0
313 52 0
223 53 0
224 53 0
229 53 0
282 53 0
287 53 0
312 53 0
213 54 0
223 54 0
287 54 0
222 55 0
223 55 0
230 55 0
269 55 0
221 56 0
222 56 0
275 56 0
287 56 0
331 56 0
236 57 0
286 57 0
286 58 0
282 59 0
199 60 0
204 60 0
260 60 0
199 61 0
260 61 0
274 61 0
285 61 0
222 62 0
267 62 0
269 62 0
274 62 0
301 62 0
305 62 0
163 63 0
196 63 0
212 63 0
223 63 0
195 64 0
227 64 0
229 65 0
230 65 0
232 65 0
284 65 0
285 65 0
230 66 0
233 66 0
234 66 0
279 66 0
284 66 0
229 67 0
233 67 0
236 67 0
237 67 0
238 67 0
256 67 0
278 67 0
284 67 0
206 68 0
233 68 0
236 68 0
237 68 0
240 68 0
258 68 0
259 68 0
282 68 0
297 68 0
204 69 0
240 69 0
243 69 0
196 70 0
197 70 0
204 70 0
240 70 0
241 70 0
243 70 0
255 70 0
283 70 0
180 71 0
190 71 0
191 71 0
203 71 0
249 71 0
153 72 0
203 72 0
230 72 0
231 72 0
257 72 0
260 72 0
153 73 0
155 73 0
179 73 0
187 73 0
194 73 0
221 73 0
155 74 0
181 74 0
187 74 0
188 74 0
197 74 0
204 74 0
205 74 0
221 74 0
256 74 0
299 74 0
174 75 0
191 75 0
197 75 0
198 75 0
200 75 0
201 75 0
221 75 0
259 75 0
268 75 0
293 75 0
176 76 0
197 76 0
200 76 0
204 76 0
176 77 0
196 77 0
199 77 0
223 77 0
273 77 0
293 77 0
299 77 0
152 78 0
222 78 0
223 78 0
242 78 0
297 78 0
298 78 0
299 78 0
151 79 0
154 79 0
194 79 0
227 79 0
297 79 0
298 79 0
153 80 0
221 80 0
258 80 0
261 80 0
281 80 0
301 80 0
153 81 0
233 81 0
261 81 0
147 82 0
152 82 0
220 82 0
225 82 0
232 82 0
146 83 0
150 83 0
206 83 0
219 83 0
252 83 0
256 83 0
289 83 0
298 83 0
145 84 0
148 84 0
149 84 0
160 84 0
162 84 0
181 84 0
184 84 0
223 84 0
224 84 0
256 84 0
292 84 0
144 85 0
147 85 0
183 85 0
184 85 0
232 85 0
148 86 0
149 86 0
189 86 0
222 86 0
230 86 0
142 87 0
145 87 0
146 87 0
147 87 0
156 87 0
184 87 0
190 87 0
193 87 0
236 87 0
144 88 0
158 88 0
159 88 0
184 88 0
188 88 0
232 88 0
236 88 0
237 88 0
143 89 0
144 89 0
156 89 0
157 89 0
158 89 0
159 89 0
160 89 0
188 89 0
194 89 0
232 89 0
233 89 0
237 89 0
243 89 0
245 89 0
249 89 0
138 90 0
142 90 0
158 90 0
159 90 0
194 90 0
233 90 0
238 90 0
137 91 0
141 91 0
172 91 0
187 91 0
194 91 0
239 91 0
132 92 0
134 92 0
135 92 0
136 92 0
140 92 0
171 92 0
180 92 0
181 92 0
193 92 0
194 92 0
195 92 0
236 92 0
133 93 0
134 93 0
135 93 0
136 93 0
139 93 0
170 93 0
185 93 0
192 93 0
193 93 0
194 93 0
195 93 0
228 93 0
240 93 0
256 93 0
134 94 0
173 94 0
179 94 0
185 94 0
188 94 0
192 94 0
193 94 0
194 94 0
219 94 0
221 94 0
227 94 0
241 94 0
243 94 0
130 95 0
179 95 0
184 95 0
187 95 0
193 95 0
218 95 0
219 95 0
220 95 0
221 95 0
226 95 0
227 95 0
132 96 0
183 96 0
213 96 0
218 96 0
226 96 0
227 96 0
239 96 0
253 96 0
258 96 0
260 96 0
130 97 0
132 97 0
177 97 0
178 97 0
183 97 0
223 97 0
227 97 0
246 97 0
250 97 0
258 97 0
129 98 0
170 98 0
182 98 0
206 98 0
237 98 0
246 98 0
126 99 0
129 99 0
130 99 0
175 99 0
176 99 0
177 99 0
237 99 0
240 99 0
241 99 0
258 99 0
128 100 0
129 100 0
130 100 0
169 100 0
176 100 0
181 100 0
194 100 0
215 100 0
237 100 0
238 100 0
241 100 0
242 100 0
257 100 0
127 101 0
128 101 0
129 101 0
130 101 0
134 101 0
141 101 0
168 101 0
174 101 0
180 101 0
198 101 0
204 101 0
224 101 0
229 101 0
237 101 0
238 101 0
239 101 0
241 101 0
242 101 0
243 101 0
257 101 0
258 101 0
259 101 0
126 102 0
127 102 0
133 102 0
134 102 0
141 102 0
173 102 0
174 102 0
175 102 0
180 102 0
237 102 0
238 102 0
239 102 0
241 102 0
242 102 0
243 102 0
252 102 0
256 102 0
257 102 0
133 103 0
134 103 0
166 103 0
179 103 0
190 103 0
191 103 0
198 103 0
224 103 0
238 103 0
239 103 0
241 103 0
243 103 0
254 103 0
255 103 0
261 103 0
133 104 0
139 104 0
140 104 0
171 104 0
172 104 0
178 104 0
191 104 0
192 104 0
218 104 0
231 104 0
238 104 0
241 104 0
242 104 0
257 104 0
123 105 0
132 105 0
138 105 0
139 105 0
165 105 0
215 105 0
219 105 0
257 105 0
126 106 0
138 106 0
159 106 0
180 106 0
204 106 0
216 106 0
220 106 0
123 107 0
126 107 0
128 107 0
129 107 0
130 107 0
136 107 0
158 107 0
163 107 0
169 107 0
170 107 0
171 107 0
176 107 0
210 107 0
123 108 0
129 108 0
157 108 0
158 108 0
162 108 0
176 108 0
196 108 0
218 108 0
219 108 0
224 108 0
120 109 0
161 109 0
168 109 0
196 109 0
197 109 0
206 109 0
243 109 0
119 110 0
138 110 0
167 110 0
168 110 0
169 110 0
197 110 0
213 110 0
224 110 0
119 111 0
137 111 0
139 111 0
160 111 0
174 111 0
178 111 0
179 111 0
182 111 0
197 111 0
214 111 0
227 111 0
116 112 0
159 112 0
178 112 0
196 112 0
140 113 0
158 113 0
165 113 0
166 113 0
193 113 0
211 113 0
215 113 0
115 114 0
135 114 0
140 114 0
152 114 0
156 114 0
177 114 0
236 114 0
248 114 0
250 114 0
115 115 0
134 115 0
177 115 0
223 115 0
247 115 0
248 115 0
250 115 0
253 115 0
259 115 0
133 116 0
177 116 0
196 116 0
214 116 0
226 116 0
241 116 0
247 116 0
250 116 0
259 116 0
114 117 0
119 117 0
168 117 0
177 117 0
180 117 0
189 117 0
226 117 0
228 117 0
232 117 0
239 117 0
247 117 0
250 117 0
251 117 0
259 117 0
114 118 0
125 118 0
126 118 0
167 118 0
176 118 0
216 118 0
226 118 0
232 118 0
241 118 0
247 118 0
250 118 0
251 118 0
259 118 0
111 119 0
125 119 0
166 119 0
175 119 0
180 119 0
196 119 0
215 119 0
216 119 0
217 119 0
218 119 0
224 119 0
232 119 0
251 119 0
252 119 0
111 120 0
117 120 0
125 120 0
175 120 0
179 120 0
196 120 0
213 120 0
214 120 0
215 120 0
216 120 0
221 120 0
222 120 0
233 120 0
106 121 0
117 121 0
124 121 0
125 121 0
165 121 0
190 121 0
214 121 0
215 121 0
216 121 0
219 121 0
220 121 0
221 121 0
222 121 0
223 121 0
224 121 0
117 122 0
124 122 0
133 122 0
143 122 0
190 122 0
220 122 0
221 122 0
222 122 0
223 122 0
224 122 0
233 122 0
255 122 0
123 123 0
124 123 0
157 123 0
158 123 0
164 123 0
172 123 0
195 123 0
224 123 0
225 123 0
226 123 0
254 123 0
255 123 0
257 123 0
123 124 0
157 124 0
158 124 0
164 124 0
166 124 0
172 124 0
184 124 0
227 124 0
254 124 0
255 124 0
256 124 0
257 124 0
260 124 0
164 125 0
167 125 0
173 125 0
174 125 0
178 125 0
179 125 0
194 125 0
228 125 0
253 125 0
254 125 0
255 125 0
256 125 0
257 125 0
260 125 0
119 126 0
172 126 0
175 126 0
178 126 0
179 126 0
187 126 0
253 126 0
256 126 0
257 126 0
100 127 0
149 127 0
156 127 0
157 127 0
177 127 0
187 127 0
193 127 0
253 127 0
103 128 0
104 128 0
105 128 0
120 128 0
136 128 0
142 128 0
157 128 0
163 128 0
164 128 0
177 128 0
187 128 0
188 128 0
250 128 0
98 129 0
101 129 0
102 129 0
104 129 0
147 129 0
151 129 0
152 129 0
153 129 0
177 129 0
250 129 0
251 129 0
254 129 0
256 129 0
257 129 0
101 130 0
102 130 0
104 130 0
141 130 0
147 130 0
149 130 0
150 130 0
151 130 0
152 130 0
153 130 0
154 130 0
156 130 0
157 130 0
158 130 0
159 130 0
163 130 0
180 130 0
182 130 0
186 130 0
192 130 0
248 130 0
249 130 0
250 130 0
253 130 0
255 130 0
100 131 0
101 131 0
103 131 0
147 131 0
149 131 0
150 131 0
151 131 0
152 131 0
153 131 0
154 131 0
156 131 0
157 131 0
159 131 0
161 131 0
182 131 0
185 131 0
192 131 0
250 131 0
96 132 0
98 132 0
103 132 0
135 132 0
137 132 0
148 132 0
149 132 0
150 132 0
151 132 0
153 132 0
154 132 0
156 132 0
157 132 0
158 132 0
159 132 0
160 132 0
161 132 0
162 132 0
192 132 0
95 133 0
97 133 0
119 133 0
124 133 0
126 133 0
135 133 0
136 133 0
148 133 0
150 133 0
151 133 0
152 133 0
153 133 0
154 133 0
156 133 0
157 133 0
158 133 0
159 133 0
161 133 0
162 133 0
183 133 0
192 133 0
94 134 0
96 134 0
103 134 0
105 134 0
106 134 0
135 134 0
136 134 0
140 134 0
147 134 0
148 134 0
158 134 0
159 134 0
160 134 0
161 134 0
182 134 0
185 134 0
102 135 0
106 135 0
123 135 0
124 135 0
134 135 0
135 135 0
140 135 0
147 135 0
193 135 0
105 136 0
128 136 0
129 136 0
130 136 0
134 136 0
135 136 0
140 136 0
144 136 0
147 136 0
153 136 0
154 136 0
155 136 0
166 136 0
170 136 0
181 136 0
182 136 0
194 136 0
91 137 0
94 137 0
117 137 0
123 137 0
125 137 0
127 137 0
128 137 0
129 137 0
130 137 0
139 137 0
140 137 0
147 137 0
153 137 0
154 137 0
155 137 0
161 137 0
166 137 0
170 137 0
194 137 0
90 138 0
93 138 0
106 138 0
109 138 0
127 138 0
128 138 0
129 138 0
130 138 0
133 138 0
134 138 0
135 138 0
139 138 0
144 138 0
161 138 0
165 138 0
170 138 0
178 138 0
183 138 0
195 138 0
106 139 0
109 139 0
127 139 0
128 139 0
130 139 0
133 139 0
134 139 0
140 139 0
146 139 0
164 139 0
170 139 0
185 139 0
196 139 0
99 140 0
109 140 0
124 140 0
127 140 0
128 140 0
130 140 0
134 140 0
141 140 0
143 140 0
146 140 0
152 140 0
153 140 0
154 140 0
160 140 0
164 140 0
177 140 0
90 141 0
91 141 0
99 141 0
102 141 0
103 141 0
127 141 0
128 141 0
129 141 0
130 141 0
132 141 0
134 141 0
142 141 0
145 141 0
152 141 0
153 141 0
154 141 0
160 141 0
164 141 0
177 141 0
180 141 0
90 142 0
91 142 0
98 142 0
99 142 0
102 142 0
129 142 0
145 142 0
154 142 0
90 143 0
91 143 0
98 143 0
101 143 0
102 143 0
133 143 0
145 143 0
159 143 0
163 143 0
164 143 0
174 143 0
97 144 0
101 144 0
124 144 0
125 144 0
132 144 0
133 144 0
145 144 0
159 144 0
162 144 0
178 144 0
198 144 0
200 144 0
84 145 0
97 145 0
101 145 0
124 145 0
125 145 0
131 145 0
132 145 0
137 145 0
144 145 0
151 145 0
152 145 0
153 145 0
162 145 0
170 145 0
196 145 0
87 146 0
88 146 0
89 146 0
96 146 0
100 146 0
124 146 0
131 146 0
132 146 0
137 146 0
139 146 0
144 146 0
151 146 0
152 146 0
162 146 0
169 146 0
194 146 0
84 147 0
87 147 0
88 147 0
96 147 0
124 147 0
130 147 0
131 147 0
132 147 0
136 147 0
139 147 0
161 147 0
162 147 0
166 147 0
169 147 0
181 147 0
193 147 0
197 147 0
198 147 0
83 148 0
95 148 0
101 148 0
105 148 0
130 148 0
131 148 0
136 148 0
141 148 0
143 148 0
158 148 0
162 148 0
166 148 0
169 148 0
182 148 0
196 148 0
198 148 0
200 148 0
82 149 0
101 149 0
105 149 0
131 149 0
136 149 0
141 149 0
143 149 0
150 149 0
151 149 0
157 149 0
158 149 0
170 149 0
181 149 0
191 149 0
196 149 0
197 149 0
198 149 0
81 150 0
94 150 0
122 150 0
131 150 0
136 150 0
140 150 0
143 150 0
150 150 0
151 150 0
158 150 0
171 150 0
181 150 0
184 150 0
187 150 0
190 150 0
198 150 0
199 150 0
200 150 0
84 151 0
85 151 0
86 151 0
94 151 0
97 151 0
98 151 0
121 151 0
122 151 0
129 151 0
130 151 0
137 151 0
140 151 0
150 151 0
151 151 0
179 151 0
183 151 0
184 151 0
187 151 0
195 151 0
196 151 0
198 151 0
84 152 0
85 152 0
86 152 0
93 152 0
97 152 0
98 152 0
121 152 0
122 152 0
129 152 0
130 152 0
142 152 0
183 152 0
187 152 0
189 152 0
196 152 0
199 152 0
84 153 0
85 153 0
93 153 0
96 153 0
97 153 0
108 153 0
128 153 0
130 153 0
134 153 0
138 153 0
142 153 0
183 153 0
187 153 0
188 153 0
195 153 0
196 153 0
199 153 0
128 154 0
141 154 0
142 154 0
149 154 0
150 154 0
183 154 0
188 154 0
195 154 0
196 154 0
119 155 0
129 155 0
141 155 0
148 155 0
149 155 0
150 155 0
174 155 0
188 155 0
196 155 0
197 155 0
119 156 0
129 156 0
141 156 0
149 156 0
185 156 0
188 156 0
196 156 0
197 156 0
198 156 0
73 157 0
81 157 0
82 157 0
83 157 0
119 157 0
120 157 0
127 157 0
128 157 0
129 157 0
133 157 0
156 157 0
157 157 0
158 157 0
162 157 0
176 157 0
181 157 0
187 157 0
195 157 0
196 157 0
308 157 0
309 157 0
310 157 0
72 158 0
81 158 0
82 158 0
119 158 0
120 158 0
127 158 0
128 158 0
133 158 0
140 158 0
156 158 0
162 158 0
169 158 0
177 158 0
181 158 0
187 158 0
306 158 0
307 158 0
309 158 0
310 158 0
311 158 0
313 158 0
314 158 0
73 159 0
105 159 0
118 159 0
126 159 0
127 159 0
128 159 0
133 159 0
135 159 0
140 159 0
147 159 0
148 159 0
149 159 0
161 159 0
162 159 0
168 159 0
169 159 0
181 159 0
185 159 0
186 159 0
312 159 0
313 159 0
314 159 0
72 160 0
105 160 0
117 160 0
119 160 0
126 160 0
127 160 0
132 160 0
135 160 0
137 160 0
140 160 0
147 160 0
148 160 0
149 160 0
155 160 0
196 160 0
72 161 0
127 161 0
132 161 0
137 161 0
139 161 0
155 161 0
161 161 0
196 161 0
197 161 0
78 162 0
79 162 0
80 162 0
126 162 0
127 162 0
131 162 0
132 162 0
136 162 0
137 162 0
139 162 0
155 162 0
197 162 0
198 162 0
199 162 0
77 163 0
78 163 0
79 163 0
118 163 0
127 163 0
131 163 0
132 163 0
136 163 0
139 163 0
198 163 0
199 163 0
200 163 0
201 163 0
77 164 0
78 164 0
79 164 0
127 164 0
131 164 0
132 164 0
136 164 0
146 164 0
147 164 0
154 164 0
156 164 0
199 164 0
200 164 0
201 164 0
202 164 0
203 164 0
115 165 0
119 165 0
136 165 0
145 165 0
146 165 0
147 165 0
154 165 0
157 165 0
201 165 0
202 165 0
203 165 0
204 165 0
64 166 0
115 166 0
118 166 0
128 166 0
145 166 0
146 166 0
147 166 0
154 166 0
186 166 0
203 166 0
204 166 0
205 166 0
206 166 0
63 167 0
66 167 0
129 167 0
133 167 0
135 167 0
158 167 0
208 167 0
65 168 0
91 168 0
129 168 0
130 168 0
153 168 0
158 168 0
190 168 0
191 168 0
195 168 0
196 168 0
208 168 0
210 168 0
211 168 0
90 169 0
91 169 0
95 169 0
117 169 0
137 169 0
153 169 0
189 169 0
190 169 0
192 169 0
195 169 0
210 169 0
211 169 0
89 170 0
93 170 0
97 170 0
137 170 0
144 170 0
146 170 0
203 170 0
204 170 0
211 170 0
212 170 0
88 171 0
89 171 0
99 171 0
100 171 0
136 171 0
144 171 0
145 171 0
146 171 0
155 171 0
203 171 0
204 171 0
205 171 0
211 171 0
212 171 0
213 171 0
214 171 0
61 172 0
99 172 0
113 172 0
136 172 0
144 172 0
145 172 0
146 172 0
155 172 0
192 172 0
196 172 0
203 172 0
204 172 0
205 172 0
211 172 0
212 172 0
213 172 0
214 172 0
58 173 0
86 173 0
87 173 0
97 173 0
136 173 0
152 173 0
196 173 0
211 173 0
212 173 0
214 173 0
87 174 0
97 174 0
135 174 0
152 174 0
196 174 0
211 174 0
212 174 0
214 174 0
84 175 0
85 175 0
97 175 0
134 175 0
152 175 0
157 175 0
195 175 0
196 175 0
211 175 0
212 175 0
214 175 0
85 176 0
95 176 0
96 176 0
142 176 0
143 176 0
144 176 0
196 176 0
203 176 0
204 176 0
205 176 0
212 176 0
214 176 0
82 177 0
83 177 0
85 177 0
86 177 0
95 177 0
142 177 0
143 177 0
144 177 0
151 177 0
153 177 0
196 177 0
203 177 0
204 177 0
205 177 0
212 177 0
213 177 0
214 177 0
83 178 0
88 178 0
93 178 0
94 178 0
142 178 0
143 178 0
151 178 0
196 178 0
203 178 0
204 178 0
212 178 0
213 178 0
214 178 0
90 179 0
191 179 0
196 179 0
212 179 0
213 179 0
214 179 0
51 180 0
91 180 0
150 180 0
154 180 0
196 180 0
212 180 0
214 180 0
64 181 0
65 181 0
66 181 0
141 181 0
142 181 0
150 181 0
196 181 0
212 181 0
213 181 0
214 181 0
63 182 0
64 182 0
65 182 0
110 182 0
115 182 0
118 182 0
138 182 0
140 182 0
141 182 0
150 182 0
155 182 0
196 182 0
203 182 0
204 182 0
205 182 0
211 182 0
212 182 0
213 182 0
214 182 0
78 183 0
122 183 0
125 183 0
130 183 0
136 183 0
150 183 0
155 183 0
203 183 0
204 183 0
205 183 0
212 183 0
213 183 0
214 183 0
95 184 0
149 184 0
194 184 0
196 184 0
203 184 0
204 184 0
205 184 0
212 184 0
213 184 0
214 184 0
151 185 0
212 185 0
213 185 0
214 185 0
59 186 0
60 186 0
79 186 0
82 186 0
151 186 0
191 186 0
195 186 0
196 186 0
212 186 0
216 186 0
58 187 0
59 187 0
60 187 0
70 187 0
78 187 0
101 187 0
190 187 0
196 187 0
212 187 0
216 187 0
218 187 0
47 188 0
48 188 0
56 188 0
57 188 0
58 188 0
59 188 0
68 188 0
73 188 0
79 188 0
152 188 0
165 188 0
195 188 0
203 188 0
204 188 0
212 188 0
225 188 0
57 189 0
58 189 0
102 189 0
109 189 0
110 189 0
111 189 0
165 189 0
196 189 0
203 189 0
204 189 0
205 189 0
212 189 0
218 189 0
220 189 0
229 189 0
46 190 0
49 190 0
53 190 0
71 190 0
75 190 0
77 190 0
102 190 0
109 190 0
110 190 0
111 190 0
153 190 0
194 190 0
195 190 0
203 190 0
204 190 0
212 190 0
218 190 0
219 190 0
229 190 0
230 190 0
231 190 0
45 191 0
46 191 0
47 191 0
48 191 0
49 191 0
52 191 0
53 191 0
56 191 0
74 191 0
75 191 0
76 191 0
77 191 0
89 191 0
109 191 0
110 191 0
118 191 0
166 191 0
195 191 0
212 191 0
218 191 0
227 191 0
230 191 0
231 191 0
46 192 0
47 192 0
58 192 0
73 192 0
75 192 0
76 192 0
89 192 0
95 192 0
101 192 0
145 192 0
150 192 0
154 192 0
166 192 0
195 192 0
212 192 0
218 192 0
230 192 0
231 192 0
45 193 0
46 193 0
47 193 0
48 193 0
49 193 0
50 193 0
72 193 0
73 193 0
74 193 0
88 193 0
94 193 0
95 193 0
97 193 0
101 193 0
117 193 0
143 193 0
151 193 0
153 193 0
160 193 0
166 193 0
195 193 0
212 193 0
218 193 0
219 193 0
229 193 0
230 193 0
231 193 0
48 194 0
49 194 0
53 194 0
54 194 0
57 194 0
61 194 0
93 194 0
94 194 0
96 194 0
101 194 0
117 194 0
142 194 0
143 194 0
151 194 0
153 194 0
160 194 0
166 194 0
195 194 0
203 194 0
204 194 0
212 194 0
218 194 0
230 194 0
231 194 0
44 195 0
52 195 0
53 195 0
56 195 0
59 195 0
60 195 0
87 195 0
92 195 0
93 195 0
95 195 0
96 195 0
101 195 0
117 195 0
143 195 0
151 195 0
153 195 0
160 195 0
166 195 0
190 195 0
195 195 0
203 195 0
204 195 0
212 195 0
231 195 0
43 196 0
44 196 0
51 196 0
52 196 0
55 196 0
56 196 0
59 196 0
91 196 0
92 196 0
93 196 0
94 196 0
95 196 0
96 196 0
101 196 0
108 196 0
109 196 0
110 196 0
117 196 0
140 196 0
144 196 0
150 196 0
153 196 0
166 196 0
195 196 0
203 196 0
204 196 0
215 196 0
231 196 0
44 197 0
46 197 0
50 197 0
51 197 0
52 197 0
53 197 0
54 197 0
55 197 0
58 197 0
59 197 0
91 197 0
92 197 0
93 197 0
94 197 0
96 197 0
101 197 0
108 197 0
109 197 0
110 197 0
192 197 0
195 197 0
203 197 0
204 197 0
216 197 0
231 197 0
46 198 0
47 198 0
49 198 0
50 198 0
51 198 0
52 198 0
56 198 0
57 198 0
90 198 0
91 198 0
93 198 0
96 198 0
100 198 0
108 198 0
109 198 0
110 198 0
157 198 0
166 198 0
217 198 0
222 198 0
228 198 0
231 198 0
232 198 0
249 198 0
49 199 0
52 199 0
55 199 0
56 199 0
89 199 0
92 199 0
96 199 0
100 199 0
108 199 0
109 199 0
157 199 0
164 199 0
165 199 0
166 199 0
217 199 0
218 199 0
231 199 0
232 199 0
249 199 0
38 200 0
45 200 0
55 200 0
56 200 0
61 200 0
81 200 0
88 200 0
90 200 0
91 200 0
96 200 0
100 200 0
157 200 0
164 200 0
166 200 0
193 200 0
195 200 0
219 200 0
232 200 0
248 200 0
42 201 0
43 201 0
44 201 0
45 201 0
53 201 0
54 201 0
60 201 0
81 201 0
87 201 0
88 201 0
89 201 0
90 201 0
100 201 0
163 201 0
165 201 0
166 201 0
192 201 0
195 201 0
202 201 0
203 201 0
204 201 0
219 201 0
233 201 0
41 202 0
42 202 0
43 202 0
44 202 0
54 202 0
63 202 0
80 202 0
86 202 0
87 202 0
88 202 0
89 202 0
96 202 0
100 202 0
165 202 0
191 202 0
195 202 0
202 202 0
203 202 0
204 202 0
220 202 0
233 202 0
234 202 0
248 202 0
42 203 0
43 203 0
62 203 0
79 203 0
85 203 0
86 203 0
88 203 0
107 203 0
109 203 0
195 203 0
202 203 0
203 203 0
204 203 0
235 203 0
57 204 0
62 204 0
64 204 0
84 204 0
85 204 0
87 204 0
88 204 0
99 204 0
107 204 0
108 204 0
109 204 0
162 204 0
189 204 0
194 204 0
202 204 0
203 204 0
204 204 0
214 204 0
215 204 0
216 204 0
236 204 0
60 205 0
63 205 0
72 205 0
83 205 0
84 205 0
87 205 0
99 205 0
107 205 0
108 205 0
109 205 0
214 205 0
217 205 0
218 205 0
237 205 0
238 205 0
239 205 0
59 206 0
62 206 0
71 206 0
83 206 0
85 206 0
86 206 0
89 206 0
90 206 0
99 206 0
107 206 0
108 206 0
109 206 0
138 206 0
191 206 0
194 206 0
195 206 0
214 206 0
218 206 0
229 206 0
237 206 0
238 206 0
239 206 0
240 206 0
241 206 0
82 207 0
83 207 0
84 207 0
85 207 0
87 207 0
88 207 0
90 207 0
91 207 0
99 207 0
123 207 0
127 207 0
194 207 0
214 207 0
218 207 0
219 207 0
220 207 0
229 207 0
235 207 0
237 207 0
239 207 0
240 207 0
241 207 0
57 208 0
73 208 0
81 208 0
82 208 0
84 208 0
88 208 0
90 208 0
91 208 0
92 208 0
95 208 0
117 208 0
122 208 0
123 208 0
126 208 0
138 208 0
194 208 0
203 208 0
204 208 0
214 208 0
219 208 0
220 208 0
229 208 0
237 208 0
238 208 0
239 208 0
241 208 0
242 208 0
256 208 0
56 209 0
57 209 0
59 209 0
73 209 0
80 209 0
81 209 0
83 209 0
84 209 0
90 209 0
95 209 0
108 209 0
109 209 0
112 209 0
114 209 0
123 209 0
126 209 0
194 209 0
202 209 0
203 209 0
204 209 0
214 209 0
221 209 0
226 209 0
227 209 0
234 209 0
237 209 0
240 209 0
241 209 0
242 209 0
243 209 0
58 210 0
73 210 0
79 210 0
80 210 0
81 210 0
82 210 0
83 210 0
91 210 0
95 210 0
98 210 0
107 210 0
108 210 0
109 210 0
110 210 0
111 210 0
112 210 0
113 210 0
114 210 0
122 210 0
123 210 0
126 210 0
144 210 0
194 210 0
202 210 0
203 210 0
204 210 0
214 210 0
222 210 0
229 210 0
242 210 0
243 210 0
56 211 0
57 211 0
58 211 0
72 211 0
78 211 0
79 211 0
80 211 0
81 211 0
94 211 0
98 211 0
99 211 0
102 211 0
103 211 0
104 211 0
105 211 0
108 211 0
110 211 0
111 211 0
113 211 0
114 211 0
126 211 0
194 211 0
202 211 0
203 211 0
204 211 0
214 211 0
215 211 0
223 211 0
224 211 0
229 211 0
230 211 0
242 211 0
243 211 0
71 212 0
72 212 0
77 212 0
78 212 0
79 212 0
80 212 0
98 212 0
99 212 0
101 212 0
102 212 0
103 212 0
104 212 0
108 212 0
110 212 0
113 212 0
114 212 0
115 212 0
126 212 0
127 212 0
194 212 0
214 212 0
223 212 0
224 212 0
243 212 0
244 212 0
76 213 0
77 213 0
79 213 0
80 213 0
98 213 0
99 213 0
100 213 0
101 213 0
102 213 0
104 213 0
105 213 0
107 213 0
108 213 0
110 213 0
113 213 0
114 213 0
188 213 0
194 213 0
214 213 0
224 213 0
242 213 0
244 213 0
245 213 0
75 214 0
76 214 0
78 214 0
79 214 0
94 214 0
98 214 0
99 214 0
101 214 0
102 214 0
104 214 0
105 214 0
106 214 0
107 214 0
108 214 0
110 214 0
111 214 0
113 214 0
114 214 0
145 214 0
173 214 0
175 214 0
176 214 0
194 214 0
214 214 0
223 214 0
224 214 0
232 214 0
74 215 0
75 215 0
77 215 0
78 215 0
94 215 0
98 215 0
99 215 0
101 215 0
102 215 0
104 215 0
105 215 0
107 215 0
108 215 0
110 215 0
111 215 0
113 215 0
145 215 0
170 215 0
176 215 0
190 215 0
194 215 0
214 215 0
224 215 0
232 215 0
74 216 0
77 216 0
98 216 0
100 216 0
101 216 0
102 216 0
103 216 0
104 216 0
105 216 0
106 216 0
107 216 0
108 216 0
110 216 0
111 216 0
113 216 0
134 216 0
145 216 0
178 216 0
192 216 0
194 216 0
202 216 0
203 216 0
204 216 0
214 216 0
224 216 0
231 216 0
73 217 0
74 217 0
76 217 0
94 217 0
97 217 0
98 217 0
100 217 0
101 217 0
102 217 0
103 217 0
104 217 0
107 217 0
109 217 0
110 217 0
112 217 0
113 217 0
134 217 0
135 217 0
144 217 0
179 217 0
202 217 0
203 217 0
204 217 0
214 217 0
224 217 0
225 217 0
230 217 0
75 218 0
97 218 0
98 218 0
100 218 0
101 218 0
102 218 0
103 218 0
104 218 0
106 218 0
109 218 0
135 218 0
144 218 0
202 218 0
203 218 0
204 218 0
212 218 0
224 218 0
225 218 0
228 218 0
229 218 0
96 219 0
97 219 0
98 219 0
100 219 0
101 219 0
102 219 0
103 219 0
161 219 0
202 219 0
203 219 0
212 219 0
224 219 0
227 219 0
96 220 0
99 220 0
100 220 0
161 220 0
169 220 0
182 220 0
194 220 0
224 220 0
227 220 0
96 221 0
160 221 0
184 221 0
191 221 0
193 221 0
194 221 0
212 221 0
224 221 0
227 221 0
252 221 0
96 222 0
160 222 0
171 222 0
184 222 0
185 222 0
190 222 0
193 222 0
224 222 0
225 222 0
251 222 0
252 222 0
82 223 0
96 223 0
160 223 0
171 223 0
186 223 0
188 223 0
193 223 0
224 223 0
225 223 0
251 223 0
96 224 0
160 224 0
172 224 0
180 224 0
193 224 0
202 224 0
204 224 0
212 224 0
224 224 0
225 224 0
226 224 0
251 224 0
151 225 0
160 225 0
161 225 0
172 225 0
180 225 0
186 225 0
193 225 0
202 225 0
203 225 0
204 225 0
212 225 0
224 225 0
226 225 0
252 225 0
155 226 0
160 226 0
173 226 0
179 226 0
180 226 0
193 226 0
202 226 0
203 226 0
212 226 0
224 226 0
225 226 0
226 226 0
227 226 0
253 226 0
114 227 0
115 227 0
120 227 0
125 227 0
173 227 0
179 227 0
193 227 0
202 227 0
203 227 0
212 227 0
224 227 0
227 227 0
109 228 0
130 228 0
172 228 0
178 228 0
188 228 0
193 228 0
202 228 0
203 228 0
212 228 0
135 229 0
178 229 0
187 229 0
193 229 0
212 229 0
135 230 0
179 230 0
193 230 0
213 230 0
139 231 0
141 231 0
180 231 0
186 231 0
193 231 0
112 232 0
141 232 0
144 232 0
192 232 0
221 233 0
225 233 0
226 233 0
149 234 0
191 234 0
215 234 0
216 234 0
225 234 0
226 234 0
256 234 0
149 235 0
154 235 0
190 235 0
215 235 0
216 235 0
226 235 0
256 235 0
110 236 0
115 236 0
154 236 0
225 236 0
256 236 0
114 237 0
215 237 0
225 237 0
158 238 0
164 238 0
215 238 0
225 238 0
226 238 0
163 239 0
164 239 0
215 239 0
225 240 0
226 240 0
243 240 0
247 240 0
252 240 0
168 241 0
172 241 0
215 241 0
225 241 0
226 241 0
234 241 0
238 241 0
239 241 0
243 241 0
255 241 0
173 242 0
174 242 0
215 242 0
225 242 0
229 242 0
233 242 0
234 242 0
255 242 0
178 243 0
255 243 0
178 244 0
182 244 0
225 244 0
255 244 0
182 245 0
183 245 0
214 245 0
225 245 0
226 245 0
255 245 0
342 245 0
183 246 0
214 246 0
226 246 0
255 246 0
339 246 0
225 247 0
226 247 0
255 247 0
336 247 0
338 247 0
214 248 0
225 248 0
226 248 0
255 248 0
333 248 0
334 248 0
214 249 0
225 249 0
331 249 0
332 249 0
214 250 0
224 250 0
329 250 0
330 250 0
245 251 0
327 251 0
328 251 0
325 252 0
326 252 0
226 253 0
250 253 0
226 254 0
246 254 0
212 255 0
221 255 0
227 255 0
246 255 0
311 255 0
202 256 0
212 256 0
227 256 0
201 257 0
212 257 0
227 257 0
304 257 0
305 257 0
224 258 0
227 258 0
213 119 1
214 119 1
215 119 1
208 120 1
209 120 1
210 120 1
206 121 1
207 121 1
208 121 1
209 121 1
204 122 1
205 122 1
206 122 1
207 122 1
203 123 1
204 123 1
205 123 1
206 123 1
207 123 1
203 124 1
204 124 1
205 124 1
206 124 1
207 124 1
203 125 1
204 125 1
205 125 1
206 125 1
207 125 1
209 125 1
210 125 1
203 126 1
204 126 1
205 126 1
206 126 1
207 126 1
208 126 1
210 126 1
234 126 1
203 127 1
204 127 1
205 127 1
206 127 1
207 127 1
208 127 1
209 127 1
210 127 1
238 127 1
239 127 1
203 128 1
204 128 1
206 128 1
207 128 1
208 128 1
209 128 1
210 128 1
211 128 1
213 128 1
239 128 1
204 129 1
207 129 1
208 129 1
209 129 1
210 129 1
211 129 1
213 129 1
214 129 1
215 129 1
237 129 1
239 129 1
240 129 1
208 130 1
209 130 1
218 130 1
226 130 1
239 130 1
240 130 1
242 130 1
246 130 1
206 131 1
207 131 1
208 131 1
222 131 1
238 131 1
239 131 1
240 131 1
241 131 1
243 131 1
246 131 1
247 131 1
206 132 1
207 132 1
212 132 1
213 132 1
238 132 1
239 132 1
247 132 1
248 132 1
250 132 1
206 133 1
207 133 1
213 133 1
233 133 1
234 133 1
237 133 1
238 133 1
248 133 1
249 133 1
205 134 1
206 134 1
233 134 1
234 134 1
248 134 1
205 135 1
206 135 1
229 135 1
233 135 1
234 135 1
248 135 1
205 136 1
206 136 1
229 136 1
233 136 1
234 136 1
236 136 1
237 136 1
242 136 1
204 137 1
205 137 1
206 137 1
233 137 1
234 137 1
236 137 1
204 138 1
205 138 1
206 138 1
230 138 1
232 138 1
233 138 1
234 138 1
235 138 1
236 138 1
251 138 1
204 139 1
205 139 1
232 139 1
233 139 1
234 139 1
236 139 1
238 139 1
239 139 1
250 139 1
203 140 1
204 140 1
205 140 1
232 140 1
238 140 1
250 140 1
251 140 1
204 141 1
231 141 1
232 141 1
233 141 1
251 141 1
217 142 1
231 142 1
232 142 1
233 142 1
231 143 1
232 143 1
233 143 1
230 144 1
231 144 1
232 144 1
233 144 1
234 144 1
237 144 1
253 144 1
254 144 1
230 145 1
231 145 1
232 145 1
233 145 1
234 145 1
235 145 1
236 145 1
237 145 1
252 145 1
253 145 1
254 145 1
255 145 1
230 146 1
231 146 1
235 146 1
236 146 1
237 146 1
229 147 1
230 147 1
231 147 1
236 147 1
237 147 1
229 148 1
230 148 1
231 148 1
232 148 1
236 148 1
237 148 1
229 149 1
230 149 1
231 149 1
232 149 1
237 149 1
230 150 1
231 150 1
232 150 1
237 150 1
238 150 1
239 150 1
228 151 1
231 151 1
232 151 1
233 151 1
237 151 1
257 151 1
258 151 1
228 152 1
230 152 1
232 152 1
233 152 1
237 152 1
238 152 1
254 152 1
255 152 1
257 152 1
258 152 1
259 152 1
263 152 1
228 153 1
229 153 1
232 153 1
233 153 1
234 153 1
238 153 1
254 153 1
255 153 1
258 153 1
259 153 1
260 153 1
261 153 1
233 154 1
234 154 1
238 154 1
239 154 1
254 154 1
255 154 1
256 154 1
259 154 1
260 154 1
231 155 1
239 155 1
240 155 1
241 155 1
253 155 1
254 155 1
255 155 1
260 155 1
261 155 1
228 156 1
234 156 1
239 156 1
240 156 1
242 156 1
254 156 1
260 156 1
261 156 1
230 157 1
231 157 1
234 157 1
235 157 1
239 157 1
240 157 1
241 157 1
253 157 1
254 157 1
255 157 1
260 157 1
261 157 1
227 158 1
228 158 1
229 158 1
234 158 1
235 158 1
240 158 1
241 158 1
242 158 1
254 158 1
255 158 1
259 158 1
260 158 1
233 159 1
235 159 1
236 159 1
240 159 1
241 159 1
242 159 1
254 159 1
255 159 1
259 159 1
260 159 1
233 160 1
237 160 1
241 160 1
242 160 1
243 160 1
254 160 1
255 160 1
259 160 1
260 160 1
232 161 1
233 161 1
234 161 1
241 161 1
242 161 1
243 161 1
244 161 1
254 161 1
255 161 1
257 161 1
260 161 1
231 162 1
232 162 1
233 162 1
234 162 1
241 162 1
242 162 1
243 162 1
244 162 1
255 162 1
256 162 1
260 162 1
229 163 1
231 163 1
232 163 1
233 163 1
234 163 1
240 163 1
241 163 1
242 163 1
243 163 1
244 163 1
256 163 1
260 163 1
261 163 1
230 164 1
231 164 1
232 164 1
233 164 1
234 164 1
238 164 1
239 164 1
242 164 1
243 164 1
244 164 1
258 164 1
259 164 1
260 164 1
261 164 1
224 165 1
225 165 1
227 165 1
228 165 1
229 165 1
232 165 1
233 165 1
234 165 1
237 165 1
238 165 1
239 165 1
241 165 1
242 165 1
244 165 1
245 165 1
250 165 1
251 165 1
252 165 1
258 165 1
259 165 1
260 165 1
265 165 1
225 166 1
226 166 1
227 166 1
232 166 1
234 166 1
235 166 1
237 166 1
240 166 1
242 166 1
243 166 1
245 166 1
246 166 1
250 166 1
251 166 1
252 166 1
253 166 1
221 167 1
222 167 1
223 167 1
224 167 1
225 167 1
226 167 1
243 167 1
244 167 1
250 167 1
259 167 1
225 168 1
226 168 1
244 168 1
245 168 1
250 168 1
251 168 1
259 168 1
226 169 1
227 169 1
244 169 1
245 169 1
246 169 1
251 169 1
252 169 1
255 169 1
258 169 1
227 170 1
228 170 1
245 170 1
246 170 1
255 170 1
256 170 1
257 170 1
258 170 1
245 171 1
246 171 1
247 171 1
255 171 1
256 171 1
258 171 1
260 171 1
246 172 1
257 172 1
265 172 1
267 172 1
268 172 1
269 172 1
270 172 1
271 172 1
247 173 1
264 173 1
266 173 1
267 173 1
268 173 1
269 173 1
270 173 1
271 173 1
272 173 1
247 174 1
259 174 1
260 174 1
268 174 1
269 174 1
270 174 1
271 174 1
272 174 1
273 174 1
274 174 1
247 175 1
254 175 1
255 175 1
271 175 1
272 175 1
273 175 1
274 175 1
248 176 1
254 176 1
272 176 1
273 176 1
274 176 1
275 176 1
243 177 1
244 177 1
247 177 1
248 177 1
249 177 1
250 177 1
273 177 1
274 177 1
275 177 1
242 178 1
243 178 1
248 178 1
249 178 1
250 178 1
253 178 1
274 178 1
275 178 1
241 179 1
242 179 1
243 179 1
245 179 1
246 179 1
247 179 1
249 179 1
250 179 1
251 179 1
253 179 1
254 179 1
274 179 1
275 179 1
240 180 1
241 180 1
242 180 1
245 180 1
246 180 1
247 180 1
248 180 1
249 180 1
250 180 1
253 180 1
254 180 1
255 180 1
274 180 1
238 181 1
239 181 1
240 181 1
246 181 1
247 181 1
248 181 1
249 181 1
250 181 1
254 181 1
255 181 1
238 182 1
239 182 1
244 182 1
247 182 1
248 182 1
249 182 1
250 182 1
254 182 1
255 182 1
237 183 1
238 183 1
239 183 1
241 183 1
248 183 1
249 183 1
250 183 1
251 183 1
255 183 1
256 183 1
237 184 1
238 184 1
248 184 1
249 184 1
250 184 1
251 184 1
255 184 1
256 184 1
237 185 1
238 185 1
244 185 1
245 185 1
248 185 1
249 185 1
250 185 1
251 185 1
252 185 1
255 185 1
256 185 1
257 185 1
238 186 1
244 186 1
245 186 1
247 186 1
248 186 1
249 186 1
250 186 1
251 186 1
252 186 1
253 186 1
256 186 1
257 186 1
258 186 1
238 187 1
239 187 1
243 187 1
245 187 1
246 187 1
247 187 1
248 187 1
250 187 1
251 187 1
252 187 1
257 187 1
258 187 1
259 187 1
260 187 1
261 187 1
239 188 1
240 188 1
241 188 1
246 188 1
247 188 1
248 188 1
251 188 1
252 188 1
253 188 1
257 188 1
259 188 1
260 188 1
241 189 1
242 189 1
244 189 1
251 189 1
252 189 1
253 189 1
255 189 1
256 189 1
257 189 1
259 189 1
260 189 1
252 190 1
253 190 1
255 190 1
256 190 1
257 190 1
252 191 1
253 191 1
254 191 1
255 191 1
256 191 1
257 191 1
254 192 1
255 192 1
