162 2 0
176 2 0
202 2 0
203 2 0
204 2 0
205 2 0
175 3 0
206 3 0
208 3 0
209 3 0
154 4 0
175 4 0
311 4 0
161 5 0
175 5 0
288 5 0
161 6 0
175 6 0
176 6 0
155 7 0
161 7 0
174 7 0
175 7 0
161 8 0
163 8 0
174 8 0
227 8 0
160 9 0
161 9 0
172 9 0
173 9 0
174 9 0
160 10 0
167 10 0
168 10 0
169 10 0
170 10 0
177 10 0
164 11 0
165 11 0
173 11 0
174 11 0
175 11 0
176 11 0
87 12 0
81 14 0
82 14 0
179 14 0
78 15 0
79 15 0
179 15 0
212 15 0
179 16 0
212 16 0
217 16 0
211 18 0
211 19 0
178 21 0
324 23 0
150 27 0
217 29 0
216 32 0
324 32 0
323 33 0
216 34 0
219 34 0
218 35 0
240 35 0
241 35 0
209 37 0
243 41 0
222 42 0
221 44 0
221 45 0
220 46 0
221 46 0
219 47 0
220 47 0
219 48 0
277 48 0
170 49 0
210 49 0
211 49 0
219 49 0
210 50 0
218 50 0
219 50 0
307 50 0
218 51 0
219 51 0
270 51 0
163 52 0
217 52 0
218 52 0
228 52 0
163 53 0
216 53 0
217 53 0
163 54 0
216 54 0
217 54 0
230 54 0
188 55 0
230 55 0
226 56 0
229 56 0
217 57 0
175 58 0
295 58 0
214 60 0
230 60 0
268 60 0
157 61 0
189 61 0
190 61 0
194 62 0
186 63 0
213 63 0
225 63 0
226 64 0
223 65 0
274 65 0
186 66 0
194 66 0
200 66 0
231 66 0
277 66 0
191 67 0
198 67 0
150 68 0
161 68 0
185 68 0
234 68 0
149 69 0
182 69 0
185 69 0
202 69 0
148 70 0
149 70 0
154 70 0
171 70 0
181 70 0
188 70 0
189 70 0
200 70 0
202 70 0
216 70 0
148 71 0
169 71 0
181 71 0
183 71 0
190 71 0
192 71 0
216 71 0
148 72 0
174 72 0
175 72 0
176 72 0
219 72 0
147 73 0
158 73 0
171 73 0
173 73 0
188 73 0
191 73 0
194 73 0
193 74 0
194 74 0
195 74 0
196 74 0
200 74 0
194 75 0
275 75 0
221 77 0
228 77 0
291 77 0
292 77 0
141 78 0
220 78 0
291 78 0
143 79 0
144 79 0
226 79 0
291 79 0
142 80 0
143 80 0
177 80 0
219 80 0
252 80 0
255 80 0
138 81 0
141 81 0
149 81 0
155 81 0
176 81 0
178 81 0
140 82 0
142 82 0
139 83 0
141 83 0
155 83 0
180 83 0
138 84 0
153 84 0
154 84 0
157 84 0
180 84 0
211 84 0
217 84 0
136 85 0
137 85 0
150 85 0
151 85 0
152 85 0
153 85 0
154 85 0
156 85 0
177 85 0
178 85 0
182 85 0
183 85 0
136 86 0
152 86 0
182 86 0
134 87 0
152 87 0
154 87 0
166 87 0
234 87 0
127 88 0
128 88 0
129 88 0
134 88 0
141 88 0
153 88 0
165 88 0
180 88 0
187 88 0
127 89 0
128 89 0
141 89 0
142 89 0
175 89 0
180 89 0
187 89 0
188 89 0
232 89 0
179 90 0
186 90 0
230 90 0
123 91 0
126 91 0
172 91 0
173 91 0
178 91 0
245 91 0
126 92 0
149 92 0
150 92 0
181 92 0
202 92 0
203 92 0
219 92 0
231 92 0
123 93 0
125 93 0
148 93 0
149 93 0
165 93 0
171 93 0
177 93 0
184 93 0
122 94 0
123 94 0
164 94 0
171 94 0
176 94 0
214 94 0
215 94 0
218 94 0
220 94 0
221 94 0
156 95 0
163 95 0
169 95 0
242 95 0
245 95 0
121 96 0
123 96 0
142 96 0
156 96 0
170 96 0
228 96 0
251 96 0
121 97 0
140 97 0
141 97 0
145 97 0
162 97 0
174 97 0
231 97 0
232 97 0
251 97 0
119 98 0
126 98 0
127 98 0
128 98 0
134 98 0
140 98 0
161 98 0
167 98 0
168 98 0
188 98 0
121 99 0
125 99 0
127 99 0
133 99 0
160 99 0
167 99 0
168 99 0
117 100 0
122 100 0
124 100 0
126 100 0
132 100 0
133 100 0
159 100 0
165 100 0
172 100 0
191 100 0
232 100 0
131 101 0
132 101 0
165 101 0
166 101 0
231 101 0
232 101 0
234 101 0
118 102 0
121 102 0
130 102 0
131 102 0
153 102 0
158 102 0
171 102 0
174 102 0
230 102 0
236 102 0
115 103 0
116 103 0
122 103 0
123 103 0
157 103 0
163 103 0
164 103 0
170 103 0
234 103 0
113 104 0
114 104 0
115 104 0
116 104 0
122 104 0
151 104 0
155 104 0
156 104 0
163 104 0
177 104 0
185 104 0
118 105 0
150 105 0
154 105 0
155 105 0
184 105 0
111 106 0
131 106 0
138 106 0
161 106 0
162 106 0
168 106 0
125 107 0
130 107 0
137 107 0
150 107 0
152 107 0
153 107 0
161 107 0
172 107 0
190 107 0
124 108 0
134 108 0
136 108 0
151 108 0
152 108 0
171 108 0
172 108 0
129 109 0
133 109 0
158 109 0
159 109 0
127 110 0
128 110 0
150 110 0
158 110 0
159 110 0
126 111 0
127 111 0
164 111 0
183 111 0
240 111 0
105 112 0
113 112 0
116 112 0
117 112 0
138 112 0
145 112 0
240 112 0
106 113 0
107 113 0
112 113 0
113 113 0
116 113 0
117 113 0
118 113 0
125 113 0
126 113 0
127 113 0
216 113 0
240 113 0
106 114 0
107 114 0
111 114 0
115 114 0
118 114 0
119 114 0
160 114 0
243 114 0
244 114 0
245 114 0
246 114 0
103 115 0
115 115 0
116 115 0
198 115 0
243 115 0
103 116 0
113 116 0
116 116 0
117 116 0
118 116 0
189 116 0
219 116 0
243 116 0
114 117 0
115 117 0
117 117 0
122 117 0
127 117 0
140 117 0
141 117 0
171 117 0
216 117 0
110 118 0
115 118 0
116 118 0
117 118 0
127 118 0
128 118 0
129 118 0
140 118 0
141 118 0
180 118 0
214 118 0
215 118 0
96 119 0
110 119 0
111 119 0
112 119 0
113 119 0
114 119 0
150 119 0
160 119 0
105 120 0
106 120 0
115 120 0
150 120 0
151 120 0
202 120 0
94 121 0
157 121 0
172 121 0
208 121 0
96 122 0
161 122 0
163 122 0
165 122 0
171 122 0
204 122 0
207 122 0
248 122 0
96 123 0
123 123 0
124 123 0
126 123 0
149 123 0
150 123 0
170 123 0
204 123 0
206 123 0
207 123 0
232 123 0
248 123 0
95 124 0
97 124 0
127 124 0
128 124 0
149 124 0
150 124 0
170 124 0
205 124 0
206 124 0
250 124 0
94 125 0
95 125 0
96 125 0
115 125 0
116 125 0
135 125 0
142 125 0
143 125 0
145 125 0
205 125 0
206 125 0
245 125 0
93 126 0
95 126 0
96 126 0
142 126 0
144 126 0
145 126 0
147 126 0
148 126 0
149 126 0
150 126 0
153 126 0
240 126 0
243 126 0
245 126 0
92 127 0
95 127 0
126 127 0
142 127 0
143 127 0
144 127 0
146 127 0
149 127 0
150 127 0
152 127 0
153 127 0
154 127 0
240 127 0
242 127 0
245 127 0
96 128 0
142 128 0
143 128 0
144 128 0
146 128 0
147 128 0
149 128 0
151 128 0
152 128 0
154 128 0
242 128 0
89 129 0
95 129 0
96 129 0
117 129 0
129 129 0
133 129 0
143 129 0
145 129 0
146 129 0
147 129 0
151 129 0
154 129 0
242 129 0
98 130 0
127 130 0
145 130 0
147 130 0
148 130 0
150 130 0
151 130 0
153 130 0
250 130 0
98 131 0
116 131 0
121 131 0
127 131 0
150 131 0
153 131 0
250 131 0
97 132 0
120 132 0
127 132 0
128 132 0
132 132 0
140 132 0
147 132 0
159 132 0
160 132 0
85 133 0
120 133 0
122 133 0
126 133 0
128 133 0
137 133 0
147 133 0
242 133 0
121 134 0
122 134 0
126 134 0
158 134 0
242 134 0
249 134 0
250 134 0
91 135 0
92 135 0
100 135 0
106 135 0
119 135 0
121 135 0
127 135 0
153 135 0
157 135 0
158 135 0
242 135 0
249 135 0
91 136 0
107 136 0
108 136 0
111 136 0
112 136 0
125 136 0
126 136 0
127 136 0
138 136 0
145 136 0
242 136 0
81 137 0
82 137 0
83 137 0
91 137 0
94 137 0
95 137 0
113 137 0
114 137 0
116 137 0
121 137 0
122 137 0
125 137 0
126 137 0
145 137 0
146 137 0
242 137 0
82 138 0
83 138 0
90 138 0
94 138 0
124 138 0
125 138 0
126 138 0
145 138 0
146 138 0
249 138 0
90 139 0
93 139 0
94 139 0
116 139 0
117 139 0
156 139 0
89 140 0
93 140 0
115 140 0
117 140 0
137 140 0
155 140 0
157 140 0
79 141 0
115 141 0
124 141 0
125 141 0
129 141 0
136 141 0
144 141 0
145 141 0
155 141 0
79 142 0
80 142 0
92 142 0
106 142 0
115 142 0
129 142 0
136 142 0
144 142 0
145 142 0
79 143 0
80 143 0
110 143 0
112 143 0
115 143 0
124 143 0
154 143 0
87 144 0
95 144 0
124 144 0
133 144 0
86 145 0
115 145 0
128 145 0
133 145 0
143 145 0
76 146 0
77 146 0
127 146 0
142 146 0
143 146 0
76 147 0
77 147 0
85 147 0
89 147 0
95 147 0
113 147 0
121 147 0
123 147 0
127 147 0
132 147 0
143 147 0
76 148 0
77 148 0
85 148 0
88 148 0
89 148 0
113 148 0
114 148 0
120 148 0
127 148 0
86 149 0
87 149 0
88 149 0
120 149 0
122 149 0
120 150 0
141 150 0
142 150 0
73 151 0
74 151 0
113 151 0
126 151 0
130 151 0
131 151 0
141 151 0
142 151 0
73 152 0
74 152 0
121 152 0
130 152 0
133 152 0
141 152 0
142 152 0
74 153 0
110 153 0
132 153 0
133 153 0
118 154 0
120 154 0
111 155 0
118 155 0
120 155 0
132 155 0
139 155 0
140 155 0
109 156 0
118 156 0
119 156 0
139 156 0
140 156 0
70 157 0
119 157 0
129 157 0
139 157 0
140 157 0
69 158 0
70 158 0
71 158 0
129 158 0
131 158 0
147 158 0
304 158 0
70 159 0
131 159 0
148 159 0
105 160 0
106 160 0
128 160 0
138 160 0
110 161 0
128 161 0
130 161 0
138 161 0
139 161 0
106 162 0
110 162 0
138 162 0
139 162 0
83 163 0
106 163 0
85 164 0
104 164 0
105 164 0
150 164 0
81 165 0
82 165 0
108 165 0
148 165 0
149 165 0
136 166 0
137 166 0
147 166 0
79 167 0
87 167 0
89 167 0
90 167 0
91 167 0
136 167 0
137 167 0
137 168 0
77 169 0
85 169 0
88 169 0
89 169 0
127 169 0
126 170 0
74 171 0
75 171 0
83 171 0
110 171 0
111 171 0
113 171 0
125 171 0
135 171 0
77 172 0
85 172 0
86 172 0
124 172 0
134 172 0
135 172 0
195 172 0
89 173 0
90 173 0
134 173 0
135 173 0
195 173 0
196 173 0
76 174 0
83 174 0
84 174 0
134 174 0
135 174 0
195 174 0
196 174 0
56 175 0
79 175 0
95 175 0
96 175 0
196 175 0
55 176 0
56 176 0
81 176 0
82 176 0
96 176 0
99 176 0
187 176 0
54 177 0
55 177 0
56 177 0
98 177 0
99 177 0
102 177 0
104 177 0
110 177 0
111 177 0
131 177 0
132 177 0
69 178 0
103 178 0
104 178 0
105 178 0
106 178 0
111 178 0
112 178 0
113 178 0
117 178 0
118 178 0
119 178 0
124 178 0
125 178 0
126 178 0
130 178 0
131 178 0
132 178 0
195 178 0
111 179 0
112 179 0
118 179 0
119 179 0
120 179 0
121 179 0
125 179 0
126 179 0
127 179 0
146 179 0
187 179 0
194 179 0
195 179 0
196 179 0
51 180 0
67 180 0
71 180 0
79 180 0
125 180 0
141 180 0
143 180 0
194 180 0
196 180 0
49 181 0
50 181 0
51 181 0
70 181 0
72 181 0
143 181 0
187 181 0
39 182 0
48 182 0
49 182 0
50 182 0
65 182 0
69 182 0
71 182 0
139 182 0
183 182 0
187 182 0
38 183 0
40 183 0
48 183 0
49 183 0
68 183 0
70 183 0
40 184 0
67 184 0
68 184 0
69 184 0
100 184 0
137 184 0
194 184 0
36 185 0
39 185 0
40 185 0
43 185 0
44 185 0
66 185 0
67 185 0
68 185 0
69 185 0
100 185 0
101 185 0
102 185 0
187 185 0
194 185 0
195 185 0
35 186 0
37 186 0
38 186 0
39 186 0
42 186 0
43 186 0
44 186 0
65 186 0
67 186 0
93 186 0
100 186 0
101 186 0
102 186 0
109 186 0
116 186 0
148 186 0
194 186 0
195 186 0
36 187 0
37 187 0
40 187 0
41 187 0
64 187 0
65 187 0
86 187 0
87 187 0
101 187 0
137 187 0
148 187 0
187 187 0
195 187 0
36 188 0
37 188 0
40 188 0
41 188 0
48 188 0
51 188 0
65 188 0
85 188 0
86 188 0
92 188 0
135 188 0
145 188 0
34 189 0
36 189 0
38 189 0
39 189 0
47 189 0
48 189 0
51 189 0
52 189 0
84 189 0
85 189 0
86 189 0
87 189 0
144 189 0
33 190 0
37 190 0
38 190 0
42 190 0
47 190 0
50 190 0
77 190 0
83 190 0
84 190 0
86 190 0
100 190 0
134 190 0
182 190 0
194 190 0
36 191 0
44 191 0
45 191 0
48 191 0
49 191 0
50 191 0
75 191 0
76 191 0
82 191 0
83 191 0
85 191 0
86 191 0
92 191 0
100 191 0
101 191 0
113 191 0
114 191 0
125 191 0
126 191 0
142 191 0
152 191 0
153 191 0
186 191 0
194 191 0
195 191 0
39 192 0
40 192 0
45 192 0
47 192 0
48 192 0
49 192 0
82 192 0
84 192 0
85 192 0
92 192 0
99 192 0
101 192 0
186 192 0
194 192 0
195 192 0
46 193 0
47 193 0
80 193 0
81 193 0
83 193 0
84 193 0
92 193 0
101 193 0
148 193 0
186 193 0
194 193 0
195 193 0
34 194 0
35 194 0
36 194 0
41 194 0
45 194 0
46 194 0
47 194 0
80 194 0
83 194 0
100 194 0
101 194 0
186 194 0
195 194 0
33 195 0
35 195 0
79 195 0
82 195 0
157 195 0
186 195 0
32 196 0
35 196 0
44 196 0
50 196 0
78 196 0
79 196 0
80 196 0
81 196 0
157 196 0
184 196 0
185 196 0
186 196 0
33 197 0
34 197 0
53 197 0
54 197 0
77 197 0
78 197 0
79 197 0
80 197 0
91 197 0
154 197 0
186 197 0
52 198 0
55 198 0
76 198 0
77 198 0
79 198 0
156 198 0
182 198 0
193 198 0
52 199 0
54 199 0
68 199 0
69 199 0
75 199 0
76 199 0
78 199 0
98 199 0
194 199 0
50 200 0
74 200 0
75 200 0
77 200 0
78 200 0
90 200 0
98 200 0
100 200 0
145 200 0
152 200 0
153 200 0
194 200 0
195 200 0
205 200 0
49 201 0
73 201 0
74 201 0
76 201 0
79 201 0
90 201 0
99 201 0
100 201 0
147 201 0
149 201 0
151 201 0
152 201 0
185 201 0
195 201 0
205 201 0
48 202 0
49 202 0
51 202 0
72 202 0
73 202 0
75 202 0
79 202 0
99 202 0
109 202 0
110 202 0
111 202 0
118 202 0
185 202 0
205 202 0
71 203 0
72 203 0
74 203 0
75 203 0
86 203 0
103 203 0
104 203 0
109 203 0
117 203 0
185 203 0
204 203 0
205 203 0
46 204 0
47 204 0
48 204 0
49 204 0
70 204 0
71 204 0
73 204 0
74 204 0
81 204 0
82 204 0
97 204 0
98 204 0
100 204 0
101 204 0
102 204 0
103 204 0
105 204 0
114 204 0
185 204 0
204 204 0
205 204 0
229 204 0
46 205 0
47 205 0
63 205 0
69 205 0
70 205 0
72 205 0
81 205 0
82 205 0
94 205 0
96 205 0
97 205 0
102 205 0
105 205 0
113 205 0
114 205 0
193 205 0
194 205 0
217 205 0
218 205 0
220 205 0
222 205 0
227 205 0
228 205 0
232 205 0
62 206 0
68 206 0
69 206 0
71 206 0
80 206 0
85 206 0
90 206 0
91 206 0
93 206 0
101 206 0
102 206 0
105 206 0
112 206 0
115 206 0
193 206 0
194 206 0
204 206 0
221 206 0
222 206 0
223 206 0
227 206 0
228 206 0
246 206 0
67 207 0
68 207 0
71 207 0
82 207 0
89 207 0
101 207 0
104 207 0
105 207 0
185 207 0
194 207 0
67 208 0
69 208 0
70 208 0
90 208 0
92 208 0
93 208 0
98 208 0
102 208 0
104 208 0
105 208 0
180 208 0
185 208 0
195 208 0
204 208 0
205 208 0
221 208 0
66 209 0
67 209 0
69 209 0
92 209 0
98 209 0
101 209 0
102 209 0
104 209 0
105 209 0
185 209 0
226 209 0
65 210 0
66 210 0
68 210 0
74 210 0
75 210 0
89 210 0
92 210 0
98 210 0
101 210 0
104 210 0
185 210 0
205 210 0
214 210 0
64 211 0
66 211 0
67 211 0
72 211 0
88 211 0
89 211 0
91 211 0
92 211 0
98 211 0
99 211 0
101 211 0
104 211 0
162 211 0
184 211 0
185 211 0
204 211 0
205 211 0
235 211 0
66 212 0
70 212 0
89 212 0
91 212 0
92 212 0
100 212 0
101 212 0
102 212 0
103 212 0
104 212 0
158 212 0
184 212 0
193 212 0
204 212 0
221 212 0
222 212 0
62 213 0
88 213 0
89 213 0
91 213 0
97 213 0
98 213 0
99 213 0
100 213 0
116 213 0
117 213 0
118 213 0
135 213 0
150 213 0
193 213 0
194 213 0
203 213 0
204 213 0
93 214 0
94 214 0
96 214 0
97 214 0
153 214 0
194 214 0
219 214 0
90 215 0
93 215 0
152 215 0
183 215 0
194 215 0
129 216 0
182 216 0
184 216 0
214 216 0
87 217 0
132 217 0
184 217 0
214 217 0
242 217 0
151 218 0
242 218 0
137 219 0
179 219 0
184 219 0
78 220 0
170 220 0
171 220 0
174 220 0
175 220 0
184 220 0
192 220 0
193 220 0
214 220 0
215 220 0
241 220 0
111 221 0
112 221 0
113 221 0
114 221 0
145 221 0
170 221 0
184 221 0
192 221 0
193 221 0
194 221 0
214 221 0
85 222 0
86 222 0
100 222 0
101 222 0
102 222 0
103 222 0
104 222 0
111 222 0
112 222 0
115 222 0
116 222 0
169 222 0
170 222 0
192 222 0
193 222 0
194 222 0
214 222 0
101 223 0
102 223 0
103 223 0
104 223 0
121 223 0
150 223 0
162 223 0
169 223 0
193 223 0
194 223 0
161 224 0
178 224 0
183 224 0
123 225 0
125 225 0
183 225 0
130 226 0
177 226 0
183 226 0
131 227 0
164 227 0
183 227 0
220 227 0
222 227 0
232 227 0
233 227 0
235 227 0
182 228 0
140 229 0
168 229 0
181 229 0
206 229 0
207 229 0
208 229 0
209 229 0
210 229 0
211 229 0
213 229 0
214 229 0
104 230 0
143 230 0
171 230 0
180 230 0
205 230 0
215 230 0
216 230 0
100 231 0
101 231 0
102 231 0
103 231 0
112 231 0
144 231 0
178 231 0
179 231 0
209 231 0
210 231 0
211 231 0
212 231 0
213 231 0
214 231 0
215 231 0
101 232 0
102 232 0
149 232 0
150 232 0
209 232 0
210 232 0
212 232 0
213 232 0
214 232 0
151 233 0
205 233 0
206 233 0
207 233 0
208 233 0
209 233 0
210 233 0
212 233 0
215 233 0
121 234 0
122 234 0
150 234 0
153 234 0
154 234 0
205 234 0
213 234 0
214 234 0
215 234 0
124 235 0
152 235 0
153 235 0
154 235 0
207 235 0
208 235 0
214 235 0
240 235 0
159 236 0
205 236 0
206 236 0
207 236 0
208 236 0
212 236 0
213 236 0
214 236 0
228 236 0
229 236 0
230 236 0
231 236 0
237 236 0
238 236 0
239 236 0
240 236 0
340 236 0
341 236 0
342 236 0
343 236 0
160 237 0
161 237 0
163 237 0
204 237 0
205 237 0
215 237 0
219 237 0
220 237 0
221 237 0
231 237 0
232 237 0
239 237 0
240 237 0
241 237 0
336 237 0
337 237 0
338 237 0
339 237 0
340 237 0
341 237 0
342 237 0
134 238 0
161 238 0
162 238 0
163 238 0
168 238 0
207 238 0
209 238 0
210 238 0
211 238 0
212 238 0
213 238 0
214 238 0
215 238 0
220 238 0
221 238 0
222 238 0
223 238 0
230 238 0
330 238 0
332 238 0
333 238 0
334 238 0
335 238 0
336 238 0
337 238 0
170 239 0
222 239 0
323 239 0
324 239 0
325 239 0
326 239 0
327 239 0
328 239 0
329 239 0
330 239 0
331 239 0
332 239 0
204 240 0
205 240 0
206 240 0
207 240 0
208 240 0
209 240 0
211 240 0
212 240 0
319 240 0
320 240 0
321 240 0
322 240 0
323 240 0
324 240 0
325 240 0
143 241 0
171 241 0
172 241 0
173 241 0
215 241 0
316 241 0
317 241 0
318 241 0
319 241 0
320 241 0
321 241 0
207 242 0
208 242 0
209 242 0
210 242 0
211 242 0
212 242 0
213 242 0
214 242 0
314 242 0
315 242 0
316 242 0
317 242 0
205 243 0
206 243 0
207 243 0
208 243 0
312 243 0
313 243 0
314 243 0
203 244 0
204 244 0
205 244 0
206 244 0
207 244 0
208 244 0
309 244 0
310 244 0
311 244 0
312 244 0
203 245 0
213 245 0
214 245 0
215 245 0
307 245 0
308 245 0
309 245 0
310 245 0
205 246 0
206 246 0
207 246 0
208 246 0
209 246 0
210 246 0
211 246 0
212 246 0
213 246 0
214 246 0
306 246 0
307 246 0
308 246 0
204 247 0
303 247 0
215 248 0
294 248 0
295 248 0
298 248 0
299 248 0
300 248 0
301 248 0
202 249 0
203 249 0
239 249 0
289 249 0
292 249 0
293 249 0
294 249 0
169 250 0
286 250 0
287 250 0
288 250 0
289 250 0
290 250 0
291 250 0
292 250 0
285 251 0
286 251 0
287 251 0
288 251 0
283 252 0
284 252 0
285 252 0
282 253 0
283 253 0
181 254 0
282 254 0
277 255 0
277 256 0
172 127 1
173 127 1
171 128 1
172 128 1
206 128 1
171 129 1
206 129 1
207 129 1
215 129 1
170 130 1
171 130 1
208 130 1
209 130 1
214 130 1
231 130 1
170 131 1
171 131 1
202 131 1
208 131 1
209 131 1
212 131 1
215 131 1
216 131 1
217 131 1
232 131 1
170 132 1
171 132 1
202 132 1
209 132 1
210 132 1
211 132 1
212 132 1
218 132 1
219 132 1
220 132 1
232 132 1
169 133 1
170 133 1
171 133 1
206 133 1
211 133 1
213 133 1
214 133 1
217 133 1
218 133 1
219 133 1
220 133 1
222 133 1
169 134 1
170 134 1
171 134 1
206 134 1
207 134 1
210 134 1
211 134 1
213 134 1
217 134 1
218 134 1
219 134 1
222 134 1
223 134 1
232 134 1
169 135 1
170 135 1
171 135 1
172 135 1
206 135 1
207 135 1
209 135 1
210 135 1
212 135 1
213 135 1
214 135 1
215 135 1
216 135 1
217 135 1
223 135 1
224 135 1
233 135 1
169 136 1
170 136 1
171 136 1
172 136 1
173 136 1
206 136 1
207 136 1
209 136 1
210 136 1
211 136 1
212 136 1
213 136 1
214 136 1
215 136 1
223 136 1
224 136 1
225 136 1
233 136 1
169 137 1
170 137 1
171 137 1
172 137 1
173 137 1
174 137 1
209 137 1
210 137 1
213 137 1
214 137 1
222 137 1
223 137 1
224 137 1
227 137 1
171 138 1
172 138 1
173 138 1
174 138 1
208 138 1
209 138 1
219 138 1
221 138 1
222 138 1
223 138 1
226 138 1
172 139 1
173 139 1
216 139 1
220 139 1
221 139 1
223 139 1
225 139 1
226 139 1
216 140 1
220 140 1
205 141 1
209 141 1
225 141 1
234 141 1
204 142 1
205 142 1
225 142 1
239 142 1
204 143 1
234 143 1
208 144 1
208 145 1
209 145 1
234 145 1
206 146 1
207 146 1
208 146 1
209 146 1
219 146 1
228 146 1
229 146 1
206 147 1
207 147 1
208 147 1
209 147 1
210 147 1
219 147 1
228 147 1
229 147 1
242 147 1
207 148 1
208 148 1
209 148 1
210 148 1
219 148 1
228 148 1
234 148 1
235 148 1
207 149 1
208 149 1
209 149 1
210 149 1
219 149 1
237 149 1
247 149 1
248 149 1
208 150 1
209 150 1
210 150 1
220 150 1
248 150 1
208 151 1
209 151 1
210 151 1
211 151 1
220 151 1
208 152 1
209 152 1
210 152 1
211 152 1
212 152 1
218 152 1
211 153 1
212 153 1
218 153 1
234 153 1
208 154 1
211 154 1
212 154 1
222 154 1
229 154 1
230 154 1
236 154 1
222 155 1
229 155 1
230 155 1
232 155 1
233 155 1
209 156 1
210 156 1
219 156 1
222 156 1
228 156 1
229 156 1
230 156 1
233 156 1
234 156 1
207 157 1
209 157 1
210 157 1
223 157 1
228 157 1
229 157 1
230 157 1
233 157 1
234 157 1
208 158 1
210 158 1
223 158 1
228 158 1
229 158 1
230 158 1
235 158 1
208 159 1
210 159 1
223 159 1
228 159 1
229 159 1
230 159 1
234 159 1
235 159 1
251 159 1
208 160 1
209 160 1
223 160 1
228 160 1
230 160 1
234 160 1
235 160 1
209 161 1
210 161 1
211 161 1
223 161 1
224 161 1
228 161 1
230 161 1
233 161 1
234 161 1
235 161 1
250 161 1
210 162 1
211 162 1
223 162 1
224 162 1
229 162 1
230 162 1
232 162 1
233 162 1
234 162 1
211 163 1
212 163 1
224 163 1
229 163 1
230 163 1
232 163 1
233 163 1
208 164 1
211 164 1
212 164 1
224 164 1
229 164 1
230 164 1
233 164 1
201 165 1
204 165 1
208 165 1
211 165 1
224 165 1
229 165 1
230 165 1
231 165 1
233 165 1
202 166 1
204 166 1
210 166 1
213 166 1
214 166 1
215 166 1
225 166 1
231 166 1
233 166 1
202 167 1
203 167 1
204 167 1
205 167 1
209 167 1
210 167 1
213 167 1
214 167 1
215 167 1
216 167 1
223 167 1
225 167 1
228 167 1
232 167 1
233 167 1
203 168 1
205 168 1
210 168 1
216 168 1
223 168 1
225 168 1
226 168 1
228 168 1
245 168 1
226 169 1
228 169 1
246 169 1
247 169 1
248 169 1
249 169 1
204 170 1
227 170 1
228 170 1
248 170 1
204 171 1
205 171 1
217 171 1
218 171 1
226 171 1
227 171 1
247 171 1
248 171 1
205 172 1
217 172 1
218 172 1
250 172 1
251 172 1
252 172 1
205 173 1
206 173 1
231 173 1
248 173 1
252 173 1
205 174 1
206 174 1
207 174 1
224 174 1
249 174 1
221 175 1
230 175 1
236 175 1
237 175 1
238 175 1
239 175 1
240 175 1
241 175 1
221 176 1
230 176 1
233 176 1
244 176 1
245 176 1
246 176 1
233 177 1
245 177 1
246 177 1
247 177 1
230 178 1
231 178 1
246 178 1
247 178 1
213 179 1
215 179 1
222 179 1
230 179 1
246 179 1
247 179 1
248 179 1
207 180 1
212 180 1
213 180 1
214 180 1
215 180 1
219 180 1
220 180 1
222 180 1
223 180 1
233 180 1
247 180 1
248 180 1
211 181 1
212 181 1
213 181 1
214 181 1
215 181 1
216 181 1
217 181 1
218 181 1
219 181 1
223 181 1
224 181 1
247 181 1
248 181 1
211 182 1
212 182 1
214 182 1
215 182 1
216 182 1
217 182 1
218 182 1
223 182 1
224 182 1
227 182 1
246 182 1
247 182 1
208 183 1
213 183 1
216 183 1
217 183 1
218 183 1
223 183 1
224 183 1
227 183 1
228 183 1
245 183 1
246 183 1
207 184 1
208 184 1
209 184 1
210 184 1
211 184 1
212 184 1
218 184 1
219 184 1
223 184 1
224 184 1
227 184 1
228 184 1
244 184 1
245 184 1
209 185 1
210 185 1
211 185 1
219 185 1
220 185 1
223 185 1
224 185 1
227 185 1
228 185 1
242 185 1
243 185 1
244 185 1
209 186 1
210 186 1
219 186 1
220 186 1
223 186 1
224 186 1
228 186 1
241 186 1
242 186 1
243 186 1
208 187 1
209 187 1
210 187 1
214 187 1
215 187 1
216 187 1
219 187 1
220 187 1
223 187 1
224 187 1
225 187 1
228 187 1
230 187 1
231 187 1
209 188 1
210 188 1
211 188 1
212 188 1
216 188 1
219 188 1
220 188 1
223 188 1
224 188 1
225 188 1
229 188 1
230 188 1
236 188 1
244 188 1
248 188 1
209 189 1
210 189 1
211 189 1
212 189 1
213 189 1
216 189 1
219 189 1
223 189 1
225 189 1
229 189 1
230 189 1
232 189 1
209 190 1
210 190 1
212 190 1
213 190 1
218 190 1
219 190 1
223 190 1
225 190 1
230 190 1
231 190 1
210 191 1
211 191 1
212 191 1
216 191 1
217 191 1
218 191 1
219 191 1
220 191 1
221 191 1
222 191 1
225 191 1
226 191 1
230 191 1
231 191 1
232 191 1
211 192 1
212 192 1
213 192 1
216 192 1
217 192 1
218 192 1
222 192 1
226 192 1
227 192 1
228 192 1
229 192 1
230 192 1
231 192 1
232 192 1
208 193 1
212 193 1
216 193 1
226 193 1
227 193 1
228 193 1
229 193 1
230 193 1
227 194 1
228 194 1
229 194 1
229 195 1
230 195 1
191 121 2
192 121 2
193 121 2
194 122 2
195 122 2
196 122 2
197 122 2
198 122 2
199 122 2
197 123 2
198 123 2
199 123 2
200 123 2
201 123 2
202 123 2
181 124 2
200 124 2
201 124 2
202 124 2
203 124 2
201 125 2
202 125 2
203 125 2
204 125 2
178 126 2
202 126 2
203 126 2
204 126 2
205 126 2
202 127 2
203 127 2
204 127 2
205 127 2
192 128 2
203 128 2
204 128 2
205 128 2
206 128 2
192 129 2
200 129 2
203 129 2
204 129 2
205 129 2
206 129 2
192 130 2
193 130 2
199 130 2
201 130 2
204 130 2
205 130 2
206 130 2
192 131 2
193 131 2
194 131 2
204 131 2
205 131 2
206 131 2
207 131 2
192 132 2
193 132 2
194 132 2
196 132 2
197 132 2
198 132 2
204 132 2
205 132 2
206 132 2
192 133 2
193 133 2
194 133 2
197 133 2
198 133 2
205 133 2
206 133 2
208 133 2
193 134 2
194 134 2
197 134 2
198 134 2
204 134 2
205 134 2
206 134 2
212 134 2
194 135 2
195 135 2
198 135 2
199 135 2
201 135 2
203 135 2
205 135 2
206 135 2
195 136 2
196 136 2
197 136 2
200 136 2
201 136 2
196 137 2
197 137 2
198 137 2
199 137 2
200 137 2
177 138 2
197 138 2
198 138 2
199 138 2
200 138 2
201 138 2
207 138 2
171 139 2
176 139 2
177 139 2
199 139 2
200 139 2
201 139 2
202 139 2
204 139 2
205 139 2
206 139 2
169 140 2
174 140 2
175 140 2
176 140 2
198 140 2
199 140 2
200 140 2
201 140 2
202 140 2
203 140 2
204 140 2
173 141 2
174 141 2
175 141 2
176 141 2
198 141 2
199 141 2
200 141 2
201 141 2
202 141 2
209 141 2
173 142 2
174 142 2
175 142 2
176 142 2
186 142 2
195 142 2
196 142 2
197 142 2
198 142 2
199 142 2
200 142 2
201 142 2
206 142 2
207 142 2
208 142 2
209 142 2
172 143 2
173 143 2
174 143 2
175 143 2
195 143 2
196 143 2
197 143 2
198 143 2
199 143 2
200 143 2
201 143 2
202 143 2
203 143 2
204 143 2
205 143 2
207 143 2
172 144 2
173 144 2
174 144 2
175 144 2
195 144 2
196 144 2
197 144 2
198 144 2
199 144 2
200 144 2
201 144 2
202 144 2
203 144 2
204 144 2
206 144 2
172 145 2
173 145 2
174 145 2
195 145 2
196 145 2
197 145 2
198 145 2
171 146 2
172 146 2
173 146 2
195 146 2
196 146 2
197 146 2
198 146 2
199 146 2
200 146 2
203 146 2
204 146 2
170 147 2
171 147 2
172 147 2
173 147 2
178 147 2
196 147 2
197 147 2
198 147 2
199 147 2
200 147 2
201 147 2
202 147 2
167 148 2
168 148 2
169 148 2
170 148 2
171 148 2
172 148 2
196 148 2
197 148 2
198 148 2
199 148 2
200 148 2
164 149 2
165 149 2
166 149 2
167 149 2
168 149 2
170 149 2
171 149 2
196 149 2
197 149 2
198 149 2
199 149 2
200 149 2
201 149 2
163 150 2
164 150 2
165 150 2
166 150 2
167 150 2
168 150 2
170 150 2
171 150 2
196 150 2
197 150 2
198 150 2
201 150 2
202 150 2
203 150 2
204 150 2
162 151 2
163 151 2
164 151 2
165 151 2
166 151 2
167 151 2
192 151 2
193 151 2
195 151 2
196 151 2
197 151 2
198 151 2
199 151 2
200 151 2
202 151 2
203 151 2
205 151 2
158 152 2
159 152 2
161 152 2
163 152 2
164 152 2
165 152 2
166 152 2
167 152 2
168 152 2
190 152 2
191 152 2
193 152 2
195 152 2
196 152 2
197 152 2
198 152 2
199 152 2
200 152 2
201 152 2
202 152 2
203 152 2
204 152 2
205 152 2
163 153 2
164 153 2
165 153 2
166 153 2
183 153 2
194 153 2
195 153 2
196 153 2
197 153 2
198 153 2
199 153 2
200 153 2
201 153 2
202 153 2
203 153 2
204 153 2
205 153 2
206 153 2
207 153 2
164 154 2
165 154 2
166 154 2
167 154 2
181 154 2
182 154 2
183 154 2
184 154 2
194 154 2
195 154 2
196 154 2
197 154 2
198 154 2
199 154 2
200 154 2
201 154 2
202 154 2
203 154 2
204 154 2
205 154 2
206 154 2
208 154 2
164 155 2
165 155 2
181 155 2
182 155 2
183 155 2
184 155 2
194 155 2
195 155 2
196 155 2
197 155 2
198 155 2
199 155 2
201 155 2
202 155 2
203 155 2
204 155 2
205 155 2
206 155 2
207 155 2
159 156 2
163 156 2
164 156 2
165 156 2
166 156 2
175 156 2
181 156 2
182 156 2
183 156 2
184 156 2
185 156 2
191 156 2
193 156 2
194 156 2
195 156 2
196 156 2
197 156 2
198 156 2
199 156 2
202 156 2
164 157 2
165 157 2
166 157 2
180 157 2
181 157 2
182 157 2
183 157 2
184 157 2
185 157 2
188 157 2
193 157 2
194 157 2
195 157 2
196 157 2
197 157 2
198 157 2
199 157 2
204 157 2
164 158 2
165 158 2
166 158 2
178 158 2
181 158 2
182 158 2
183 158 2
184 158 2
185 158 2
186 158 2
187 158 2
188 158 2
191 158 2
193 158 2
194 158 2
195 158 2
196 158 2
197 158 2
198 158 2
199 158 2
200 158 2
165 159 2
166 159 2
167 159 2
181 159 2
182 159 2
183 159 2
184 159 2
185 159 2
186 159 2
187 159 2
188 159 2
189 159 2
190 159 2
191 159 2
193 159 2
194 159 2
195 159 2
196 159 2
197 159 2
199 159 2
200 159 2
165 160 2
166 160 2
167 160 2
181 160 2
182 160 2
183 160 2
184 160 2
185 160 2
186 160 2
187 160 2
188 160 2
189 160 2
190 160 2
191 160 2
192 160 2
193 160 2
194 160 2
195 160 2
196 160 2
197 160 2
198 160 2
201 160 2
205 160 2
166 161 2
167 161 2
168 161 2
181 161 2
182 161 2
183 161 2
184 161 2
185 161 2
186 161 2
187 161 2
188 161 2
189 161 2
190 161 2
191 161 2
192 161 2
193 161 2
194 161 2
195 161 2
196 161 2
197 161 2
199 161 2
200 161 2
201 161 2
206 161 2
166 162 2
167 162 2
168 162 2
169 162 2
183 162 2
184 162 2
185 162 2
186 162 2
187 162 2
189 162 2
192 162 2
193 162 2
194 162 2
203 162 2
167 163 2
168 163 2
169 163 2
170 163 2
174 163 2
175 163 2
185 163 2
186 163 2
187 163 2
192 163 2
193 163 2
194 163 2
168 164 2
169 164 2
170 164 2
171 164 2
172 164 2
174 164 2
175 164 2
176 164 2
177 164 2
184 164 2
189 164 2
192 164 2
193 164 2
194 164 2
195 164 2
196 164 2
169 165 2
170 165 2
171 165 2
172 165 2
173 165 2
174 165 2
175 165 2
176 165 2
177 165 2
178 165 2
181 165 2
182 165 2
187 165 2
188 165 2
189 165 2
190 165 2
191 165 2
192 165 2
171 166 2
172 166 2
173 166 2
174 166 2
175 166 2
176 166 2
177 166 2
178 166 2
179 166 2
180 166 2
181 166 2
185 166 2
186 166 2
187 166 2
188 166 2
173 167 2
174 167 2
175 167 2
176 167 2
177 167 2
178 167 2
179 167 2
180 167 2
181 167 2
184 167 2
185 167 2
189 167 2
176 168 2
184 168 2
