162 2 0
163 2 0
173 2 0
174 2 0
175 2 0
176 2 0
264 2 0
160 3 0
162 3 0
173 3 0
174 3 0
175 3 0
176 3 0
215 3 0
216 3 0
314 3 0
333 3 0
159 4 0
160 4 0
161 4 0
162 4 0
173 4 0
174 4 0
175 4 0
176 4 0
213 4 0
216 4 0
217 4 0
314 4 0
332 4 0
333 4 0
159 5 0
160 5 0
161 5 0
162 5 0
173 5 0
174 5 0
175 5 0
176 5 0
213 5 0
217 5 0
332 5 0
159 6 0
160 6 0
161 6 0
162 6 0
173 6 0
174 6 0
175 6 0
212 6 0
215 6 0
217 6 0
274 6 0
327 6 0
159 7 0
161 7 0
162 7 0
169 7 0
179 7 0
212 7 0
215 7 0
217 7 0
281 7 0
331 7 0
161 8 0
162 8 0
179 8 0
180 8 0
212 8 0
215 8 0
266 8 0
280 8 0
281 8 0
282 8 0
330 8 0
331 8 0
178 9 0
179 9 0
180 9 0
211 9 0
212 9 0
281 9 0
330 9 0
169 10 0
178 10 0
179 10 0
180 10 0
211 10 0
212 10 0
329 10 0
178 11 0
179 11 0
180 11 0
211 11 0
212 11 0
263 11 0
329 11 0
178 12 0
179 12 0
180 12 0
211 12 0
214 12 0
215 12 0
278 12 0
178 13 0
179 13 0
180 13 0
210 13 0
211 13 0
216 13 0
217 13 0
278 13 0
279 13 0
328 13 0
179 14 0
180 14 0
210 14 0
211 14 0
215 14 0
216 14 0
278 14 0
327 14 0
177 15 0
178 15 0
179 15 0
210 15 0
211 15 0
232 15 0
327 15 0
177 16 0
179 16 0
210 16 0
231 16 0
232 16 0
234 16 0
326 16 0
327 16 0
177 17 0
179 17 0
209 17 0
210 17 0
231 17 0
234 17 0
326 17 0
177 18 0
179 18 0
209 18 0
210 18 0
231 18 0
234 18 0
281 18 0
177 19 0
179 19 0
209 19 0
231 19 0
234 19 0
246 19 0
281 19 0
325 19 0
179 20 0
209 20 0
234 20 0
310 20 0
324 20 0
325 20 0
209 21 0
234 21 0
241 21 0
280 21 0
310 21 0
314 21 0
324 21 0
208 22 0
210 22 0
234 22 0
241 22 0
266 22 0
280 22 0
309 22 0
310 22 0
210 23 0
237 23 0
281 23 0
323 23 0
245 24 0
274 24 0
275 24 0
280 24 0
322 24 0
323 24 0
148 25 0
151 25 0
241 25 0
245 25 0
310 25 0
322 25 0
241 26 0
309 26 0
321 26 0
215 27 0
273 27 0
279 27 0
280 27 0
320 27 0
321 27 0
214 28 0
215 28 0
236 28 0
273 28 0
274 28 0
278 28 0
280 28 0
320 28 0
214 29 0
215 29 0
273 29 0
274 29 0
278 29 0
320 29 0
213 30 0
214 30 0
219 30 0
240 30 0
278 30 0
312 30 0
319 30 0
213 31 0
277 31 0
278 31 0
279 31 0
318 31 0
319 31 0
322 31 0
213 32 0
272 32 0
277 32 0
278 32 0
318 32 0
321 32 0
322 32 0
217 33 0
272 33 0
278 33 0
318 33 0
321 33 0
211 34 0
238 34 0
239 34 0
272 34 0
278 34 0
317 34 0
321 34 0
316 35 0
317 35 0
320 35 0
321 35 0
210 36 0
216 36 0
271 36 0
276 36 0
316 36 0
242 37 0
271 37 0
276 37 0
280 37 0
297 37 0
316 37 0
212 38 0
213 38 0
275 38 0
276 38 0
279 38 0
297 38 0
315 38 0
211 39 0
212 39 0
213 39 0
275 39 0
276 39 0
279 39 0
314 39 0
315 39 0
211 40 0
212 40 0
225 40 0
275 40 0
279 40 0
314 40 0
315 40 0
210 41 0
211 41 0
212 41 0
275 41 0
279 41 0
285 41 0
286 41 0
313 41 0
314 41 0
211 42 0
219 42 0
220 42 0
243 42 0
270 42 0
286 42 0
312 42 0
313 42 0
204 43 0
206 43 0
216 43 0
218 43 0
219 43 0
220 43 0
242 43 0
270 43 0
286 43 0
312 43 0
313 43 0
204 44 0
206 44 0
218 44 0
219 44 0
222 44 0
250 44 0
277 44 0
312 44 0
206 45 0
218 45 0
219 45 0
249 45 0
311 45 0
217 46 0
218 46 0
250 46 0
269 46 0
310 46 0
311 46 0
208 47 0
217 47 0
218 47 0
225 47 0
269 47 0
284 47 0
304 47 0
308 47 0
309 47 0
310 47 0
204 48 0
206 48 0
208 48 0
216 48 0
217 48 0
225 48 0
234 48 0
274 48 0
304 48 0
305 48 0
169 49 0
207 49 0
208 49 0
216 49 0
217 49 0
274 49 0
286 49 0
304 49 0
305 49 0
207 50 0
215 50 0
216 50 0
227 50 0
268 50 0
273 50 0
274 50 0
304 50 0
305 50 0
212 51 0
214 51 0
215 51 0
216 51 0
221 51 0
267 51 0
268 51 0
273 51 0
303 51 0
304 51 0
305 51 0
213 52 0
214 52 0
215 52 0
273 52 0
303 52 0
170 53 0
214 53 0
216 53 0
273 53 0
278 53 0
303 53 0
170 54 0
222 54 0
226 54 0
240 54 0
272 54 0
273 54 0
278 54 0
222 55 0
223 55 0
224 55 0
225 55 0
240 55 0
272 55 0
301 55 0
195 57 0
196 57 0
260 57 0
271 57 0
277 57 0
278 57 0
277 58 0
278 58 0
179 59 0
191 59 0
265 59 0
277 59 0
170 60 0
197 61 0
158 62 0
170 62 0
210 62 0
168 63 0
224 63 0
271 63 0
272 63 0
196 64 0
225 64 0
270 64 0
271 64 0
272 64 0
273 64 0
147 65 0
196 65 0
224 65 0
225 65 0
228 65 0
229 65 0
272 65 0
273 65 0
275 65 0
145 66 0
146 66 0
147 66 0
148 66 0
195 66 0
196 66 0
223 66 0
232 66 0
249 66 0
269 66 0
270 66 0
271 66 0
272 66 0
273 66 0
274 66 0
146 67 0
147 67 0
148 67 0
187 67 0
195 67 0
228 67 0
231 67 0
269 67 0
270 67 0
271 67 0
272 67 0
274 67 0
179 68 0
270 68 0
272 68 0
145 69 0
178 69 0
222 69 0
268 69 0
272 69 0
144 70 0
145 70 0
189 70 0
191 70 0
192 70 0
221 70 0
230 70 0
268 70 0
269 70 0
270 70 0
272 70 0
143 71 0
189 71 0
191 71 0
192 71 0
229 71 0
230 71 0
268 71 0
270 71 0
272 71 0
142 72 0
190 72 0
191 72 0
198 72 0
140 73 0
184 73 0
191 73 0
139 74 0
293 74 0
289 75 0
288 76 0
289 76 0
292 76 0
136 77 0
249 77 0
287 77 0
288 77 0
141 78 0
151 78 0
152 78 0
153 78 0
174 78 0
175 78 0
176 78 0
197 78 0
249 78 0
287 78 0
288 78 0
138 79 0
173 79 0
175 79 0
176 79 0
177 79 0
197 79 0
216 79 0
226 79 0
249 79 0
251 79 0
280 79 0
287 79 0
288 79 0
138 80 0
176 80 0
177 80 0
178 80 0
214 80 0
287 80 0
177 81 0
179 81 0
180 81 0
214 81 0
219 81 0
246 81 0
130 82 0
134 82 0
150 82 0
151 82 0
179 82 0
213 82 0
214 82 0
245 82 0
246 82 0
134 83 0
149 83 0
150 83 0
153 83 0
132 84 0
152 84 0
173 84 0
174 84 0
179 84 0
126 85 0
131 85 0
139 85 0
140 85 0
151 85 0
173 85 0
174 85 0
178 85 0
185 85 0
125 86 0
126 86 0
130 86 0
171 86 0
172 86 0
177 86 0
178 86 0
184 86 0
185 86 0
186 86 0
235 86 0
177 87 0
184 87 0
185 87 0
137 88 0
176 88 0
183 88 0
184 88 0
185 88 0
225 88 0
123 89 0
147 89 0
170 89 0
175 89 0
183 89 0
184 89 0
242 89 0
123 90 0
146 90 0
168 90 0
178 90 0
184 90 0
209 90 0
211 90 0
122 91 0
123 91 0
168 91 0
169 91 0
174 91 0
181 91 0
209 91 0
210 91 0
211 91 0
212 91 0
213 91 0
120 92 0
121 92 0
124 92 0
173 92 0
212 92 0
213 92 0
216 92 0
217 92 0
218 92 0
230 92 0
118 93 0
119 93 0
120 93 0
121 93 0
123 93 0
125 93 0
126 93 0
155 93 0
166 93 0
167 93 0
172 93 0
173 93 0
217 93 0
240 93 0
118 94 0
120 94 0
121 94 0
125 94 0
126 94 0
166 94 0
167 94 0
171 94 0
172 94 0
218 94 0
116 95 0
117 95 0
122 95 0
131 95 0
171 95 0
218 95 0
231 95 0
116 96 0
117 96 0
118 96 0
119 96 0
122 96 0
124 96 0
130 96 0
145 96 0
164 96 0
165 96 0
114 97 0
115 97 0
116 97 0
118 97 0
123 97 0
129 97 0
130 97 0
169 97 0
170 97 0
232 97 0
115 98 0
116 98 0
122 98 0
128 98 0
162 98 0
163 98 0
169 98 0
227 98 0
229 98 0
231 98 0
232 98 0
112 99 0
113 99 0
114 99 0
115 99 0
118 99 0
119 99 0
121 99 0
153 99 0
168 99 0
227 99 0
228 99 0
229 99 0
231 99 0
232 99 0
153 100 0
228 100 0
229 100 0
231 100 0
111 101 0
160 101 0
161 101 0
205 101 0
231 101 0
109 102 0
110 102 0
186 102 0
231 102 0
109 103 0
129 103 0
158 103 0
159 103 0
157 104 0
159 104 0
187 105 0
105 106 0
142 106 0
156 106 0
168 106 0
104 107 0
105 107 0
142 107 0
155 107 0
156 107 0
162 107 0
172 107 0
109 108 0
110 108 0
103 109 0
104 109 0
109 109 0
110 109 0
116 109 0
103 110 0
108 110 0
109 110 0
101 111 0
107 111 0
108 111 0
113 111 0
213 111 0
236 111 0
107 112 0
115 112 0
236 112 0
108 113 0
236 113 0
239 113 0
240 113 0
106 114 0
155 114 0
239 114 0
110 115 0
113 115 0
129 115 0
105 116 0
147 116 0
147 117 0
148 117 0
156 117 0
94 119 0
198 119 0
199 119 0
243 119 0
92 120 0
94 120 0
146 120 0
147 120 0
200 120 0
201 120 0
203 120 0
243 120 0
91 121 0
93 121 0
136 121 0
146 121 0
147 121 0
203 121 0
242 121 0
243 121 0
244 121 0
245 121 0
91 122 0
93 122 0
137 122 0
139 122 0
140 122 0
141 122 0
202 122 0
203 122 0
242 122 0
243 122 0
244 122 0
245 122 0
246 122 0
91 123 0
137 123 0
139 123 0
142 123 0
143 123 0
144 123 0
146 123 0
147 123 0
152 123 0
201 123 0
202 123 0
246 123 0
139 124 0
140 124 0
141 124 0
143 124 0
144 124 0
146 124 0
147 124 0
148 124 0
149 124 0
151 124 0
202 124 0
92 125 0
95 125 0
138 125 0
140 125 0
141 125 0
143 125 0
144 125 0
145 125 0
146 125 0
148 125 0
149 125 0
150 125 0
151 125 0
236 125 0
239 125 0
241 125 0
92 126 0
114 126 0
124 126 0
130 126 0
140 126 0
141 126 0
142 126 0
143 126 0
144 126 0
145 126 0
148 126 0
150 126 0
151 126 0
217 126 0
236 126 0
237 126 0
238 126 0
246 126 0
91 127 0
147 127 0
148 127 0
150 127 0
151 127 0
238 127 0
246 127 0
118 128 0
119 128 0
129 128 0
150 128 0
151 128 0
245 128 0
95 129 0
96 129 0
113 129 0
114 129 0
117 129 0
119 129 0
123 129 0
124 129 0
129 129 0
150 129 0
151 129 0
225 129 0
98 130 0
117 130 0
119 130 0
123 130 0
124 130 0
225 130 0
245 130 0
91 131 0
116 131 0
118 131 0
122 131 0
218 131 0
228 131 0
79 132 0
80 132 0
81 132 0
92 132 0
94 132 0
95 132 0
103 132 0
112 132 0
116 132 0
118 132 0
122 132 0
211 132 0
219 132 0
220 132 0
228 132 0
229 132 0
246 132 0
80 133 0
81 133 0
88 133 0
91 133 0
107 133 0
111 133 0
116 133 0
117 133 0
118 133 0
122 133 0
226 133 0
79 134 0
87 134 0
91 134 0
226 134 0
227 134 0
115 135 0
211 135 0
212 135 0
77 136 0
78 136 0
113 136 0
227 136 0
245 136 0
76 137 0
77 137 0
227 137 0
245 137 0
85 138 0
100 138 0
101 138 0
92 139 0
93 139 0
220 139 0
235 139 0
245 139 0
84 140 0
244 140 0
245 140 0
83 141 0
219 141 0
244 141 0
245 141 0
73 142 0
74 142 0
83 142 0
86 142 0
218 142 0
73 143 0
74 143 0
82 143 0
86 143 0
82 144 0
244 144 0
245 144 0
71 146 0
72 146 0
227 146 0
71 148 0
240 148 0
95 150 0
234 151 0
68 152 0
97 152 0
235 152 0
299 158 0
79 160 0
80 160 0
83 160 0
84 160 0
77 161 0
78 161 0
82 161 0
85 161 0
86 161 0
77 162 0
78 162 0
84 162 0
88 162 0
75 163 0
78 163 0
80 163 0
83 163 0
84 163 0
86 163 0
76 164 0
80 164 0
82 164 0
86 164 0
73 165 0
76 165 0
79 165 0
82 165 0
217 165 0
221 165 0
222 165 0
73 166 0
74 166 0
78 166 0
80 166 0
81 166 0
217 166 0
220 166 0
221 166 0
222 166 0
223 166 0
74 167 0
77 167 0
80 167 0
81 167 0
86 167 0
87 167 0
214 167 0
217 167 0
220 167 0
221 167 0
222 167 0
223 167 0
224 167 0
239 167 0
71 168 0
77 168 0
79 168 0
82 168 0
85 168 0
86 168 0
88 168 0
214 168 0
215 168 0
217 168 0
219 168 0
220 168 0
221 168 0
222 168 0
223 168 0
224 168 0
225 168 0
239 168 0
70 169 0
73 169 0
76 169 0
78 169 0
79 169 0
214 169 0
215 169 0
219 169 0
222 169 0
224 169 0
226 169 0
239 169 0
241 169 0
242 169 0
53 170 0
54 170 0
75 170 0
76 170 0
78 170 0
91 170 0
92 170 0
93 170 0
94 170 0
217 170 0
241 170 0
242 170 0
77 171 0
92 171 0
93 171 0
95 171 0
96 171 0
239 171 0
241 171 0
242 171 0
50 172 0
94 172 0
95 172 0
241 172 0
242 172 0
99 173 0
76 175 0
191 175 0
199 175 0
200 175 0
229 175 0
230 175 0
46 176 0
190 176 0
191 176 0
199 176 0
200 176 0
204 176 0
226 176 0
227 176 0
228 176 0
229 176 0
230 176 0
38 177 0
72 177 0
190 177 0
191 177 0
196 177 0
198 177 0
204 177 0
207 177 0
226 177 0
230 177 0
74 178 0
190 178 0
191 178 0
193 178 0
194 178 0
195 178 0
196 178 0
197 178 0
198 178 0
204 178 0
207 178 0
208 178 0
78 179 0
97 179 0
193 179 0
194 179 0
195 179 0
196 179 0
197 179 0
198 179 0
199 179 0
219 179 0
32 180 0
43 180 0
97 180 0
98 180 0
195 180 0
196 180 0
198 180 0
219 180 0
220 180 0
46 181 0
77 181 0
97 181 0
98 181 0
207 181 0
217 181 0
219 181 0
220 181 0
37 182 0
46 182 0
49 182 0
77 182 0
85 182 0
190 182 0
191 182 0
203 182 0
215 182 0
217 182 0
220 182 0
37 183 0
59 183 0
190 183 0
201 183 0
202 183 0
204 183 0
220 183 0
75 184 0
202 184 0
203 184 0
204 184 0
211 184 0
81 185 0
194 185 0
199 185 0
202 185 0
203 185 0
204 185 0
212 185 0
216 185 0
217 185 0
33 186 0
34 186 0
45 186 0
82 186 0
97 186 0
192 186 0
194 186 0
199 186 0
201 186 0
203 186 0
204 186 0
211 186 0
212 186 0
213 186 0
216 186 0
35 187 0
37 187 0
81 187 0
97 187 0
177 187 0
194 187 0
196 187 0
197 187 0
199 187 0
200 187 0
201 187 0
203 187 0
204 187 0
214 187 0
215 187 0
33 188 0
38 188 0
68 188 0
96 188 0
97 188 0
106 188 0
128 188 0
190 188 0
196 188 0
201 188 0
203 188 0
204 188 0
206 188 0
211 188 0
214 188 0
215 188 0
39 189 0
40 189 0
68 189 0
69 189 0
78 189 0
96 189 0
152 189 0
189 189 0
190 189 0
197 189 0
198 189 0
199 189 0
201 189 0
203 189 0
215 189 0
217 189 0
41 190 0
52 190 0
68 190 0
190 190 0
217 190 0
28 191 0
75 191 0
133 191 0
217 191 0
74 192 0
76 192 0
217 192 0
48 193 0
49 193 0
56 193 0
57 193 0
58 193 0
75 193 0
181 193 0
74 194 0
95 194 0
96 194 0
94 195 0
190 195 0
60 196 0
94 196 0
95 196 0
96 196 0
189 196 0
190 196 0
60 197 0
119 197 0
190 197 0
30 198 0
100 198 0
101 198 0
200 198 0
32 199 0
69 199 0
98 199 0
99 199 0
101 199 0
104 199 0
47 200 0
68 200 0
95 200 0
98 200 0
99 200 0
106 200 0
74 201 0
88 201 0
89 201 0
90 201 0
92 201 0
98 201 0
99 201 0
107 201 0
127 201 0
64 202 0
86 202 0
89 202 0
98 202 0
188 202 0
189 202 0
65 203 0
86 203 0
95 203 0
98 203 0
130 203 0
180 203 0
188 203 0
189 203 0
199 203 0
222 203 0
44 204 0
45 204 0
65 204 0
86 204 0
130 204 0
176 204 0
189 204 0
94 205 0
95 205 0
85 206 0
91 206 0
97 206 0
100 206 0
118 206 0
56 207 0
85 207 0
91 207 0
97 207 0
102 207 0
88 208 0
107 208 0
199 208 0
88 209 0
92 209 0
119 209 0
199 209 0
209 209 0
153 210 0
66 211 0
67 211 0
124 211 0
127 212 0
156 212 0
71 213 0
72 213 0
179 213 0
74 214 0
157 214 0
136 215 0
79 216 0
101 216 0
82 217 0
106 217 0
142 217 0
187 217 0
85 218 0
95 218 0
187 218 0
118 219 0
119 219 0
121 219 0
187 219 0
118 220 0
121 220 0
197 220 0
127 221 0
127 222 0
127 223 0
103 224 0
140 225 0
96 226 0
101 226 0
109 226 0
110 226 0
112 227 0
117 229 0
120 230 0
199 230 0
339 231 0
340 231 0
126 232 0
127 232 0
336 232 0
129 233 0
130 233 0
156 233 0
199 233 0
222 233 0
223 233 0
328 233 0
333 233 0
132 234 0
324 234 0
325 234 0
163 235 0
321 235 0
139 236 0
168 236 0
311 236 0
142 237 0
198 237 0
308 237 0
309 237 0
145 238 0
304 239 0
283 245 0
278 246 0
185 247 0
270 249 0
269 250 0
202 123 1
185 127 1
188 127 1
189 127 1
190 127 1
191 127 1
193 127 1
194 127 1
201 127 1
215 127 1
184 128 1
185 128 1
188 128 1
189 128 1
190 128 1
191 128 1
192 128 1
193 128 1
194 128 1
195 128 1
196 128 1
197 128 1
183 129 1
184 129 1
186 129 1
187 129 1
188 129 1
189 129 1
190 129 1
191 129 1
192 129 1
193 129 1
194 129 1
195 129 1
196 129 1
197 129 1
198 129 1
199 129 1
183 130 1
184 130 1
185 130 1
186 130 1
187 130 1
188 130 1
189 130 1
190 130 1
191 130 1
192 130 1
193 130 1
194 130 1
195 130 1
196 130 1
198 130 1
199 130 1
200 130 1
183 131 1
184 131 1
185 131 1
186 131 1
187 131 1
188 131 1
189 131 1
190 131 1
191 131 1
192 131 1
193 131 1
194 131 1
195 131 1
196 131 1
199 131 1
200 131 1
201 131 1
182 132 1
183 132 1
184 132 1
185 132 1
186 132 1
187 132 1
188 132 1
189 132 1
190 132 1
191 132 1
192 132 1
193 132 1
194 132 1
195 132 1
196 132 1
198 132 1
199 132 1
200 132 1
201 132 1
182 133 1
183 133 1
184 133 1
185 133 1
186 133 1
187 133 1
188 133 1
189 133 1
190 133 1
191 133 1
192 133 1
193 133 1
194 133 1
195 133 1
196 133 1
198 133 1
199 133 1
200 133 1
201 133 1
202 133 1
203 133 1
181 134 1
182 134 1
183 134 1
184 134 1
185 134 1
186 134 1
187 134 1
188 134 1
189 134 1
190 134 1
191 134 1
192 134 1
193 134 1
194 134 1
197 134 1
198 134 1
199 134 1
200 134 1
201 134 1
202 134 1
203 134 1
204 134 1
181 135 1
182 135 1
183 135 1
184 135 1
185 135 1
186 135 1
187 135 1
188 135 1
189 135 1
190 135 1
191 135 1
192 135 1
193 135 1
194 135 1
195 135 1
196 135 1
197 135 1
198 135 1
199 135 1
200 135 1
203 135 1
204 135 1
181 136 1
182 136 1
183 136 1
184 136 1
185 136 1
186 136 1
188 136 1
189 136 1
192 136 1
193 136 1
194 136 1
195 136 1
196 136 1
197 136 1
198 136 1
199 136 1
204 136 1
181 137 1
182 137 1
183 137 1
184 137 1
192 137 1
193 137 1
195 137 1
196 137 1
197 137 1
198 137 1
176 138 1
177 138 1
183 138 1
184 138 1
185 138 1
191 138 1
197 138 1
198 138 1
175 139 1
176 139 1
181 139 1
182 139 1
184 139 1
185 139 1
196 139 1
207 139 1
208 139 1
174 140 1
175 140 1
176 140 1
177 140 1
179 140 1
180 140 1
181 140 1
182 140 1
183 140 1
184 140 1
185 140 1
196 140 1
207 140 1
208 140 1
214 140 1
173 141 1
174 141 1
175 141 1
176 141 1
180 141 1
181 141 1
182 141 1
183 141 1
184 141 1
199 141 1
207 141 1
208 141 1
213 141 1
170 142 1
172 142 1
173 142 1
174 142 1
175 142 1
180 142 1
181 142 1
182 142 1
183 142 1
199 142 1
208 142 1
209 142 1
169 143 1
170 143 1
171 143 1
172 143 1
173 143 1
174 143 1
178 143 1
179 143 1
180 143 1
181 143 1
182 143 1
183 143 1
199 143 1
209 143 1
214 143 1
222 143 1
171 144 1
172 144 1
173 144 1
176 144 1
177 144 1
178 144 1
179 144 1
180 144 1
181 144 1
186 144 1
198 144 1
214 144 1
167 145 1
171 145 1
172 145 1
173 145 1
174 145 1
175 145 1
176 145 1
177 145 1
178 145 1
179 145 1
180 145 1
184 145 1
185 145 1
186 145 1
187 145 1
198 145 1
199 145 1
201 145 1
214 145 1
171 146 1
172 146 1
173 146 1
174 146 1
175 146 1
177 146 1
184 146 1
185 146 1
186 146 1
187 146 1
188 146 1
198 146 1
199 146 1
214 146 1
170 147 1
171 147 1
172 147 1
173 147 1
174 147 1
175 147 1
185 147 1
186 147 1
187 147 1
188 147 1
189 147 1
198 147 1
199 147 1
200 147 1
211 147 1
214 147 1
171 148 1
172 148 1
173 148 1
174 148 1
175 148 1
176 148 1
178 148 1
179 148 1
180 148 1
186 148 1
187 148 1
188 148 1
189 148 1
190 148 1
198 148 1
199 148 1
210 148 1
211 148 1
214 148 1
170 149 1
171 149 1
172 149 1
173 149 1
175 149 1
176 149 1
177 149 1
178 149 1
179 149 1
180 149 1
184 149 1
185 149 1
186 149 1
187 149 1
188 149 1
189 149 1
190 149 1
191 149 1
198 149 1
199 149 1
200 149 1
210 149 1
211 149 1
214 149 1
218 149 1
170 150 1
176 150 1
177 150 1
178 150 1
179 150 1
185 150 1
186 150 1
187 150 1
188 150 1
189 150 1
190 150 1
191 150 1
198 150 1
199 150 1
200 150 1
210 150 1
211 150 1
214 150 1
215 150 1
216 150 1
217 150 1
218 150 1
173 151 1
175 151 1
176 151 1
177 151 1
180 151 1
186 151 1
187 151 1
188 151 1
189 151 1
190 151 1
191 151 1
192 151 1
199 151 1
200 151 1
210 151 1
211 151 1
214 151 1
215 151 1
216 151 1
217 151 1
173 152 1
174 152 1
175 152 1
176 152 1
177 152 1
186 152 1
187 152 1
188 152 1
191 152 1
192 152 1
199 152 1
200 152 1
201 152 1
202 152 1
209 152 1
210 152 1
211 152 1
215 152 1
216 152 1
217 152 1
173 153 1
174 153 1
175 153 1
176 153 1
177 153 1
178 153 1
179 153 1
187 153 1
188 153 1
192 153 1
201 153 1
202 153 1
203 153 1
209 153 1
210 153 1
211 153 1
216 153 1
217 153 1
173 154 1
174 154 1
175 154 1
176 154 1
177 154 1
178 154 1
179 154 1
188 154 1
189 154 1
193 154 1
201 154 1
202 154 1
203 154 1
209 154 1
210 154 1
211 154 1
215 154 1
216 154 1
173 155 1
174 155 1
175 155 1
176 155 1
177 155 1
178 155 1
179 155 1
181 155 1
188 155 1
189 155 1
190 155 1
193 155 1
194 155 1
200 155 1
202 155 1
203 155 1
204 155 1
209 155 1
211 155 1
212 155 1
214 155 1
215 155 1
216 155 1
217 155 1
218 155 1
169 156 1
170 156 1
173 156 1
174 156 1
175 156 1
176 156 1
177 156 1
178 156 1
179 156 1
181 156 1
182 156 1
187 156 1
188 156 1
189 156 1
190 156 1
191 156 1
200 156 1
203 156 1
204 156 1
209 156 1
211 156 1
212 156 1
213 156 1
214 156 1
215 156 1
216 156 1
167 157 1
169 157 1
170 157 1
172 157 1
173 157 1
174 157 1
175 157 1
176 157 1
177 157 1
178 157 1
179 157 1
180 157 1
181 157 1
182 157 1
183 157 1
187 157 1
188 157 1
189 157 1
190 157 1
191 157 1
201 157 1
203 157 1
204 157 1
205 157 1
212 157 1
213 157 1
215 157 1
166 158 1
167 158 1
168 158 1
169 158 1
170 158 1
171 158 1
172 158 1
173 158 1
174 158 1
175 158 1
176 158 1
177 158 1
178 158 1
179 158 1
180 158 1
181 158 1
182 158 1
183 158 1
184 158 1
185 158 1
186 158 1
188 158 1
189 158 1
190 158 1
191 158 1
192 158 1
204 158 1
205 158 1
212 158 1
213 158 1
214 158 1
215 158 1
216 158 1
218 158 1
166 159 1
167 159 1
168 159 1
169 159 1
170 159 1
171 159 1
172 159 1
173 159 1
174 159 1
176 159 1
178 159 1
179 159 1
180 159 1
181 159 1
182 159 1
183 159 1
186 159 1
189 159 1
190 159 1
191 159 1
192 159 1
204 159 1
205 159 1
206 159 1
212 159 1
213 159 1
214 159 1
215 159 1
216 159 1
217 159 1
166 160 1
167 160 1
168 160 1
169 160 1
170 160 1
171 160 1
172 160 1
173 160 1
174 160 1
177 160 1
178 160 1
179 160 1
180 160 1
181 160 1
182 160 1
183 160 1
189 160 1
190 160 1
191 160 1
192 160 1
205 160 1
206 160 1
212 160 1
213 160 1
214 160 1
216 160 1
217 160 1
167 161 1
168 161 1
169 161 1
170 161 1
171 161 1
172 161 1
173 161 1
174 161 1
175 161 1
176 161 1
178 161 1
179 161 1
180 161 1
181 161 1
182 161 1
183 161 1
190 161 1
191 161 1
192 161 1
193 161 1
206 161 1
207 161 1
212 161 1
213 161 1
214 161 1
216 161 1
167 162 1
168 162 1
169 162 1
170 162 1
171 162 1
172 162 1
173 162 1
174 162 1
175 162 1
176 162 1
179 162 1
180 162 1
181 162 1
191 162 1
192 162 1
193 162 1
194 162 1
206 162 1
207 162 1
212 162 1
213 162 1
214 162 1
216 162 1
168 163 1
169 163 1
170 163 1
171 163 1
172 163 1
173 163 1
174 163 1
175 163 1
176 163 1
177 163 1
178 163 1
180 163 1
181 163 1
182 163 1
183 163 1
190 163 1
191 163 1
194 163 1
196 163 1
197 163 1
198 163 1
207 163 1
208 163 1
209 163 1
212 163 1
216 163 1
169 164 1
170 164 1
171 164 1
172 164 1
173 164 1
174 164 1
175 164 1
176 164 1
177 164 1
178 164 1
180 164 1
181 164 1
183 164 1
190 164 1
191 164 1
192 164 1
194 164 1
208 164 1
209 164 1
212 164 1
170 165 1
171 165 1
172 165 1
173 165 1
174 165 1
175 165 1
176 165 1
177 165 1
178 165 1
180 165 1
181 165 1
182 165 1
184 165 1
185 165 1
191 165 1
194 165 1
196 165 1
208 165 1
209 165 1
211 165 1
212 165 1
172 166 1
173 166 1
174 166 1
175 166 1
176 166 1
177 166 1
178 166 1
181 166 1
182 166 1
183 166 1
184 166 1
185 166 1
191 166 1
196 166 1
209 166 1
210 166 1
211 166 1
212 166 1
182 167 1
183 167 1
184 167 1
185 167 1
186 167 1
192 167 1
193 167 1
210 167 1
211 167 1
212 167 1
183 168 1
184 168 1
186 168 1
187 168 1
192 168 1
194 168 1
195 168 1
196 168 1
211 168 1
212 168 1
184 169 1
185 169 1
187 169 1
188 169 1
193 169 1
195 169 1
200 169 1
203 169 1
185 170 1
186 170 1
188 170 1
189 170 1
194 170 1
195 170 1
186 171 1
187 171 1
189 171 1
187 172 1
188 172 1
189 172 1
190 172 1
191 172 1
188 173 1
192 173 1
189 174 1
192 174 1
193 174 1
190 175 1
156 126 2
157 126 2
160 126 2
155 127 2
156 127 2
157 127 2
158 127 2
159 127 2
160 127 2
149 128 2
150 128 2
151 128 2
152 128 2
153 128 2
158 128 2
159 128 2
160 128 2
164 128 2
165 128 2
148 129 2
149 129 2
151 129 2
152 129 2
153 129 2
158 129 2
159 129 2
160 129 2
148 130 2
149 130 2
150 130 2
151 130 2
152 130 2
157 130 2
158 130 2
159 130 2
160 130 2
161 130 2
148 131 2
149 131 2
150 131 2
151 131 2
152 131 2
153 131 2
154 131 2
156 131 2
157 131 2
158 131 2
159 131 2
160 131 2
161 131 2
162 131 2
163 131 2
164 131 2
165 131 2
147 132 2
148 132 2
149 132 2
150 132 2
151 132 2
152 132 2
153 132 2
156 132 2
159 132 2
160 132 2
161 132 2
162 132 2
163 132 2
164 132 2
165 132 2
171 132 2
147 133 2
148 133 2
149 133 2
153 133 2
161 133 2
163 133 2
164 133 2
165 133 2
166 133 2
147 134 2
148 134 2
149 134 2
162 134 2
163 134 2
164 134 2
165 134 2
166 134 2
167 134 2
147 135 2
148 135 2
161 135 2
164 135 2
165 135 2
166 135 2
167 135 2
128 136 2
135 136 2
136 136 2
138 136 2
147 136 2
148 136 2
152 136 2
153 136 2
163 136 2
165 136 2
166 136 2
167 136 2
168 136 2
169 136 2
173 136 2
134 137 2
135 137 2
144 137 2
145 137 2
146 137 2
147 137 2
148 137 2
151 137 2
152 137 2
162 137 2
165 137 2
166 137 2
167 137 2
168 137 2
169 137 2
170 137 2
171 137 2
173 137 2
125 138 2
126 138 2
128 138 2
129 138 2
134 138 2
135 138 2
142 138 2
143 138 2
144 138 2
145 138 2
146 138 2
149 138 2
162 138 2
163 138 2
166 138 2
167 138 2
168 138 2
169 138 2
170 138 2
171 138 2
125 139 2
126 139 2
127 139 2
128 139 2
129 139 2
134 139 2
135 139 2
141 139 2
142 139 2
143 139 2
144 139 2
154 139 2
163 139 2
166 139 2
167 139 2
168 139 2
169 139 2
170 139 2
171 139 2
125 140 2
126 140 2
127 140 2
128 140 2
139 140 2
140 140 2
142 140 2
143 140 2
153 140 2
154 140 2
163 140 2
164 140 2
167 140 2
168 140 2
169 140 2
170 140 2
171 140 2
172 140 2
125 141 2
126 141 2
128 141 2
138 141 2
140 141 2
153 141 2
154 141 2
162 141 2
163 141 2
167 141 2
168 141 2
169 141 2
170 141 2
171 141 2
172 141 2
123 142 2
124 142 2
125 142 2
126 142 2
128 142 2
138 142 2
164 142 2
170 142 2
171 142 2
172 142 2
124 143 2
125 143 2
136 143 2
165 143 2
169 143 2
170 143 2
171 143 2
172 143 2
124 144 2
131 144 2
152 144 2
156 144 2
160 144 2
168 144 2
169 144 2
170 144 2
171 144 2
172 144 2
122 145 2
123 145 2
124 145 2
125 145 2
130 145 2
147 145 2
151 145 2
152 145 2
153 145 2
155 145 2
160 145 2
168 145 2
169 145 2
170 145 2
171 145 2
122 146 2
123 146 2
124 146 2
130 146 2
132 146 2
144 146 2
155 146 2
156 146 2
168 146 2
169 146 2
171 146 2
122 147 2
123 147 2
124 147 2
130 147 2
140 147 2
142 147 2
146 147 2
153 147 2
167 147 2
168 147 2
169 147 2
170 147 2
121 148 2
122 148 2
123 148 2
130 148 2
131 148 2
137 148 2
143 148 2
146 148 2
153 148 2
167 148 2
169 148 2
170 148 2
171 148 2
121 149 2
122 149 2
123 149 2
124 149 2
130 149 2
139 149 2
149 149 2
165 149 2
169 149 2
170 149 2
171 149 2
172 149 2
121 150 2
122 150 2
123 150 2
124 150 2
125 150 2
138 150 2
153 150 2
154 150 2
157 150 2
161 150 2
162 150 2
165 150 2
166 150 2
169 150 2
170 150 2
171 150 2
172 150 2
121 151 2
122 151 2
123 151 2
124 151 2
148 151 2
156 151 2
157 151 2
158 151 2
161 151 2
162 151 2
164 151 2
165 151 2
166 151 2
169 151 2
170 151 2
171 151 2
172 151 2
121 152 2
122 152 2
123 152 2
124 152 2
148 152 2
154 152 2
157 152 2
158 152 2
159 152 2
161 152 2
162 152 2
164 152 2
165 152 2
166 152 2
168 152 2
170 152 2
171 152 2
172 152 2
173 152 2
121 153 2
122 153 2
123 153 2
139 153 2
154 153 2
156 153 2
157 153 2
158 153 2
161 153 2
162 153 2
166 153 2
169 153 2
170 153 2
171 153 2
172 153 2
173 153 2
122 154 2
123 154 2
157 154 2
158 154 2
161 154 2
167 154 2
170 154 2
171 154 2
172 154 2
122 155 2
123 155 2
124 155 2
140 155 2
157 155 2
158 155 2
160 155 2
161 155 2
162 155 2
163 155 2
164 155 2
167 155 2
168 155 2
169 155 2
170 155 2
171 155 2
172 155 2
121 156 2
122 156 2
123 156 2
157 156 2
158 156 2
160 156 2
161 156 2
162 156 2
167 156 2
168 156 2
169 156 2
170 156 2
171 156 2
120 157 2
121 157 2
122 157 2
123 157 2
124 157 2
131 157 2
132 157 2
140 157 2
157 157 2
158 157 2
160 157 2
161 157 2
162 157 2
163 157 2
164 157 2
165 157 2
166 157 2
167 157 2
168 157 2
169 157 2
170 157 2
121 158 2
122 158 2
123 158 2
155 158 2
156 158 2
157 158 2
159 158 2
160 158 2
161 158 2
162 158 2
163 158 2
164 158 2
165 158 2
166 158 2
167 158 2
168 158 2
169 158 2
120 159 2
121 159 2
122 159 2
123 159 2
124 159 2
155 159 2
156 159 2
159 159 2
160 159 2
161 159 2
162 159 2
163 159 2
164 159 2
165 159 2
166 159 2
167 159 2
168 159 2
120 160 2
121 160 2
123 160 2
124 160 2
125 160 2
133 160 2
154 160 2
155 160 2
156 160 2
158 160 2
159 160 2
160 160 2
161 160 2
162 160 2
164 160 2
166 160 2
167 160 2
168 160 2
123 161 2
124 161 2
125 161 2
126 161 2
127 161 2
152 161 2
153 161 2
154 161 2
155 161 2
156 161 2
157 161 2
158 161 2
159 161 2
160 161 2
161 161 2
162 161 2
166 161 2
167 161 2
168 161 2
124 162 2
125 162 2
126 162 2
127 162 2
147 162 2
148 162 2
149 162 2
150 162 2
151 162 2
152 162 2
153 162 2
154 162 2
156 162 2
157 162 2
158 162 2
159 162 2
160 162 2
161 162 2
162 162 2
167 162 2
168 162 2
124 163 2
125 163 2
126 163 2
127 163 2
128 163 2
142 163 2
143 163 2
144 163 2
145 163 2
146 163 2
150 163 2
151 163 2
152 163 2
153 163 2
154 163 2
155 163 2
156 163 2
157 163 2
158 163 2
159 163 2
161 163 2
162 163 2
125 164 2
126 164 2
127 164 2
128 164 2
137 164 2
138 164 2
139 164 2
140 164 2
142 164 2
143 164 2
145 164 2
146 164 2
147 164 2
149 164 2
150 164 2
151 164 2
152 164 2
153 164 2
159 164 2
160 164 2
162 164 2
125 165 2
126 165 2
127 165 2
128 165 2
129 165 2
136 165 2
137 165 2
141 165 2
142 165 2
143 165 2
144 165 2
146 165 2
147 165 2
149 165 2
150 165 2
151 165 2
152 165 2
125 166 2
126 166 2
127 166 2
128 166 2
129 166 2
135 166 2
136 166 2
137 166 2
138 166 2
139 166 2
141 166 2
142 166 2
143 166 2
144 166 2
147 166 2
148 166 2
125 167 2
126 167 2
127 167 2
128 167 2
129 167 2
132 167 2
134 167 2
135 167 2
136 167 2
139 167 2
140 167 2
141 167 2
142 167 2
143 167 2
144 167 2
147 167 2
148 167 2
126 168 2
127 168 2
128 168 2
129 168 2
130 168 2
131 168 2
134 168 2
135 168 2
136 168 2
139 168 2
140 168 2
141 168 2
142 168 2
143 168 2
144 168 2
126 169 2
127 169 2
128 169 2
129 169 2
130 169 2
131 169 2
132 169 2
133 169 2
134 169 2
135 169 2
136 169 2
137 169 2
139 169 2
140 169 2
141 169 2
142 169 2
143 169 2
144 169 2
145 169 2
127 170 2
128 170 2
129 170 2
130 170 2
131 170 2
133 170 2
134 170 2
135 170 2
136 170 2
137 170 2
138 170 2
139 170 2
141 170 2
142 170 2
143 170 2
144 170 2
145 170 2
131 171 2
134 171 2
135 171 2
136 171 2
137 171 2
138 171 2
139 171 2
142 171 2
143 171 2
131 172 2
134 172 2
135 172 2
140 172 2
131 173 2
132 173 2
152 174 2
176 3 3
140 4 3
130 5 3
178 5 3
250 5 3
130 8 3
112 9 3
110 10 3
177 10 3
160 11 3
214 11 3
140 12 3
144 12 3
162 12 3
163 12 3
177 12 3
176 13 3
175 15 3
217 15 3
218 15 3
150 16 3
162 16 3
163 16 3
218 18 3
152 19 3
162 19 3
231 20 3
176 22 3
177 22 3
232 23 3
163 24 3
178 137 3
185 137 3
175 148 3
176 148 3
174 153 3
