255 1 0
164 2 0
165 2 0
175 2 0
176 2 0
177 2 0
178 2 0
247 2 0
157 3 0
162 3 0
164 3 0
165 3 0
175 3 0
176 3 0
177 3 0
178 3 0
215 3 0
218 3 0
248 3 0
157 4 0
158 4 0
162 4 0
164 4 0
175 4 0
176 4 0
177 4 0
178 4 0
214 4 0
217 4 0
218 4 0
220 4 0
235 4 0
236 4 0
251 4 0
256 4 0
266 4 0
316 4 0
335 4 0
155 5 0
161 5 0
162 5 0
164 5 0
175 5 0
176 5 0
177 5 0
178 5 0
215 5 0
218 5 0
219 5 0
235 5 0
238 5 0
242 5 0
251 5 0
316 5 0
335 5 0
161 6 0
162 6 0
164 6 0
175 6 0
176 6 0
177 6 0
178 6 0
215 6 0
219 6 0
231 6 0
238 6 0
264 6 0
334 6 0
335 6 0
161 7 0
162 7 0
163 7 0
164 7 0
173 7 0
174 7 0
175 7 0
177 7 0
214 7 0
215 7 0
219 7 0
234 7 0
235 7 0
276 7 0
334 7 0
163 8 0
164 8 0
168 8 0
177 8 0
181 8 0
214 8 0
217 8 0
219 8 0
235 8 0
276 8 0
333 8 0
163 9 0
178 9 0
181 9 0
182 9 0
214 9 0
235 9 0
269 9 0
283 9 0
284 9 0
333 9 0
81 10 0
171 10 0
172 10 0
173 10 0
174 10 0
180 10 0
181 10 0
182 10 0
213 10 0
214 10 0
235 10 0
282 10 0
283 10 0
166 11 0
167 11 0
180 11 0
181 11 0
182 11 0
213 11 0
214 11 0
230 11 0
234 11 0
235 11 0
331 11 0
332 11 0
160 12 0
180 12 0
181 12 0
182 12 0
213 12 0
230 12 0
234 12 0
331 12 0
157 13 0
180 13 0
181 13 0
182 13 0
212 13 0
213 13 0
216 13 0
217 13 0
218 13 0
230 13 0
245 13 0
280 13 0
331 13 0
179 14 0
180 14 0
181 14 0
182 14 0
212 14 0
213 14 0
216 14 0
250 14 0
280 14 0
310 14 0
330 14 0
179 15 0
181 15 0
182 15 0
212 15 0
213 15 0
218 15 0
234 15 0
273 15 0
280 15 0
286 15 0
329 15 0
330 15 0
179 16 0
180 16 0
181 16 0
212 16 0
213 16 0
233 16 0
234 16 0
329 16 0
179 17 0
181 17 0
211 17 0
212 17 0
229 17 0
236 17 0
240 17 0
244 17 0
329 17 0
54 18 0
152 18 0
179 18 0
181 18 0
211 18 0
212 18 0
229 18 0
233 18 0
236 18 0
244 18 0
245 18 0
278 18 0
279 18 0
302 18 0
328 18 0
180 19 0
181 19 0
211 19 0
212 19 0
229 19 0
233 19 0
236 19 0
278 19 0
283 19 0
178 20 0
180 20 0
181 20 0
211 20 0
212 20 0
233 20 0
236 20 0
248 20 0
278 20 0
283 20 0
327 20 0
211 21 0
236 21 0
248 21 0
266 21 0
282 21 0
283 21 0
326 21 0
327 21 0
210 22 0
211 22 0
236 22 0
243 22 0
244 22 0
266 22 0
282 22 0
283 22 0
312 22 0
326 22 0
154 23 0
212 23 0
229 23 0
238 23 0
239 23 0
243 23 0
244 23 0
269 23 0
282 23 0
283 23 0
312 23 0
313 23 0
225 24 0
229 24 0
271 24 0
272 24 0
283 24 0
311 24 0
314 24 0
325 24 0
153 25 0
277 25 0
283 25 0
311 25 0
324 25 0
325 25 0
153 26 0
229 26 0
243 26 0
247 26 0
283 26 0
290 26 0
324 26 0
217 27 0
243 27 0
281 27 0
282 27 0
323 27 0
324 27 0
209 28 0
217 28 0
238 28 0
280 28 0
281 28 0
282 28 0
323 28 0
216 29 0
217 29 0
221 29 0
275 29 0
276 29 0
282 29 0
322 29 0
323 29 0
216 30 0
221 30 0
275 30 0
276 30 0
322 30 0
215 31 0
216 31 0
220 31 0
241 31 0
242 31 0
280 31 0
281 31 0
321 31 0
215 32 0
279 32 0
280 32 0
281 32 0
321 32 0
324 32 0
209 33 0
215 33 0
279 33 0
281 33 0
320 33 0
323 33 0
324 33 0
213 34 0
240 34 0
274 34 0
279 34 0
280 34 0
320 34 0
323 34 0
212 35 0
213 35 0
214 35 0
219 35 0
240 35 0
241 35 0
279 35 0
280 35 0
306 35 0
319 35 0
322 35 0
323 35 0
212 36 0
213 36 0
245 36 0
278 36 0
279 36 0
299 36 0
305 36 0
306 36 0
311 36 0
318 36 0
319 36 0
322 36 0
212 37 0
266 37 0
278 37 0
299 37 0
318 37 0
322 37 0
214 38 0
215 38 0
266 38 0
273 38 0
278 38 0
299 38 0
304 38 0
311 38 0
318 38 0
214 39 0
215 39 0
268 39 0
273 39 0
277 39 0
278 39 0
281 39 0
317 39 0
214 40 0
227 40 0
277 40 0
278 40 0
281 40 0
298 40 0
317 40 0
213 41 0
214 41 0
227 41 0
277 41 0
281 41 0
288 41 0
298 41 0
310 41 0
316 41 0
213 42 0
219 42 0
221 42 0
222 42 0
242 42 0
246 42 0
277 42 0
287 42 0
288 42 0
309 42 0
315 42 0
316 42 0
208 43 0
218 43 0
219 43 0
221 43 0
222 43 0
224 43 0
245 43 0
246 43 0
264 43 0
267 43 0
271 43 0
272 43 0
288 43 0
309 43 0
315 43 0
205 44 0
206 44 0
208 44 0
217 44 0
220 44 0
221 44 0
252 44 0
271 44 0
272 44 0
279 44 0
288 44 0
308 44 0
314 44 0
315 44 0
208 45 0
216 45 0
219 45 0
220 45 0
221 45 0
224 45 0
227 45 0
252 45 0
279 45 0
308 45 0
313 45 0
314 45 0
171 46 0
208 46 0
216 46 0
219 46 0
220 46 0
221 46 0
251 46 0
252 46 0
279 46 0
307 46 0
308 46 0
313 46 0
314 46 0
207 47 0
216 47 0
219 47 0
220 47 0
251 47 0
252 47 0
270 47 0
271 47 0
279 47 0
280 47 0
288 47 0
307 47 0
313 47 0
169 48 0
172 48 0
207 48 0
210 48 0
216 48 0
218 48 0
219 48 0
270 48 0
271 48 0
280 48 0
306 48 0
307 48 0
311 48 0
312 48 0
167 49 0
171 49 0
206 49 0
209 49 0
210 49 0
217 49 0
218 49 0
219 49 0
227 49 0
276 49 0
277 49 0
302 49 0
306 49 0
307 49 0
161 50 0
166 50 0
180 50 0
209 50 0
214 50 0
217 50 0
218 50 0
219 50 0
227 50 0
228 50 0
275 50 0
276 50 0
302 50 0
306 50 0
307 50 0
160 51 0
161 51 0
214 51 0
216 51 0
217 51 0
218 51 0
265 51 0
269 51 0
275 51 0
306 51 0
307 51 0
163 52 0
213 52 0
214 52 0
216 52 0
217 52 0
218 52 0
219 52 0
222 52 0
224 52 0
225 52 0
264 52 0
269 52 0
270 52 0
275 52 0
279 52 0
305 52 0
306 52 0
215 53 0
216 53 0
217 53 0
219 53 0
229 53 0
264 53 0
270 53 0
274 53 0
275 53 0
305 53 0
172 54 0
216 54 0
224 54 0
230 54 0
242 54 0
264 54 0
274 54 0
275 54 0
280 54 0
304 54 0
305 54 0
224 55 0
228 55 0
230 55 0
242 55 0
264 55 0
274 55 0
280 55 0
184 56 0
193 56 0
223 56 0
224 56 0
225 56 0
268 56 0
269 56 0
273 56 0
274 56 0
279 56 0
302 56 0
159 57 0
197 57 0
198 57 0
273 57 0
279 57 0
302 57 0
303 57 0
153 58 0
175 58 0
197 58 0
248 58 0
262 58 0
272 58 0
279 58 0
301 58 0
302 58 0
171 59 0
181 59 0
190 59 0
248 59 0
263 59 0
272 59 0
300 59 0
301 59 0
176 60 0
180 60 0
181 60 0
189 60 0
193 60 0
194 60 0
253 60 0
267 60 0
278 60 0
279 60 0
293 60 0
300 60 0
172 61 0
186 61 0
192 61 0
193 61 0
253 61 0
260 61 0
266 61 0
267 61 0
278 61 0
299 61 0
157 62 0
160 62 0
185 62 0
199 62 0
201 62 0
216 62 0
259 62 0
278 62 0
299 62 0
160 63 0
198 63 0
211 63 0
214 63 0
298 63 0
299 63 0
152 64 0
170 64 0
176 64 0
198 64 0
214 64 0
222 64 0
145 65 0
191 65 0
197 65 0
198 65 0
206 65 0
222 65 0
230 65 0
272 65 0
273 65 0
145 66 0
149 66 0
150 66 0
185 66 0
189 66 0
190 66 0
197 66 0
198 66 0
221 66 0
226 66 0
230 66 0
271 66 0
272 66 0
273 66 0
274 66 0
146 67 0
148 67 0
149 67 0
150 67 0
173 67 0
190 67 0
197 67 0
200 67 0
205 67 0
225 67 0
230 67 0
234 67 0
271 67 0
273 67 0
276 67 0
149 68 0
152 68 0
181 68 0
202 68 0
224 68 0
270 68 0
271 68 0
272 68 0
273 68 0
296 68 0
147 69 0
148 69 0
180 69 0
182 69 0
183 69 0
185 69 0
219 69 0
270 69 0
275 69 0
296 69 0
146 70 0
147 70 0
179 70 0
180 70 0
182 70 0
185 70 0
193 70 0
194 70 0
198 70 0
217 70 0
232 70 0
270 70 0
275 70 0
145 71 0
146 71 0
169 71 0
185 71 0
189 71 0
191 71 0
192 71 0
193 71 0
194 71 0
222 71 0
223 71 0
231 71 0
232 71 0
269 71 0
144 72 0
145 72 0
174 72 0
190 72 0
192 72 0
193 72 0
200 72 0
222 72 0
227 72 0
231 72 0
269 72 0
274 72 0
142 73 0
143 73 0
171 73 0
182 73 0
191 73 0
192 73 0
193 73 0
197 73 0
202 73 0
216 73 0
263 73 0
141 74 0
142 74 0
216 74 0
226 74 0
238 74 0
239 74 0
267 74 0
283 74 0
140 75 0
225 75 0
291 75 0
139 76 0
213 76 0
215 76 0
225 76 0
294 76 0
138 77 0
143 77 0
190 77 0
213 77 0
224 77 0
241 77 0
250 77 0
272 77 0
289 77 0
137 78 0
138 78 0
141 78 0
142 78 0
143 78 0
153 78 0
154 78 0
155 78 0
173 78 0
176 78 0
177 78 0
184 78 0
218 78 0
223 78 0
251 78 0
289 78 0
290 78 0
135 79 0
136 79 0
137 79 0
141 79 0
143 79 0
153 79 0
175 79 0
176 79 0
177 79 0
178 79 0
198 79 0
199 79 0
211 79 0
217 79 0
218 79 0
223 79 0
225 79 0
228 79 0
250 79 0
251 79 0
253 79 0
288 79 0
289 79 0
290 79 0
293 79 0
135 80 0
139 80 0
140 80 0
141 80 0
176 80 0
178 80 0
198 80 0
222 80 0
227 80 0
249 80 0
253 80 0
282 80 0
288 80 0
289 80 0
293 80 0
133 81 0
134 81 0
138 81 0
140 81 0
141 81 0
148 81 0
149 81 0
177 81 0
178 81 0
180 81 0
181 81 0
211 81 0
216 81 0
217 81 0
244 81 0
292 81 0
132 82 0
133 82 0
136 82 0
137 82 0
150 82 0
151 82 0
152 82 0
153 82 0
154 82 0
156 82 0
176 82 0
177 82 0
181 82 0
215 82 0
221 82 0
292 82 0
131 83 0
132 83 0
135 83 0
136 83 0
138 83 0
149 83 0
150 83 0
151 83 0
152 83 0
153 83 0
155 83 0
176 83 0
177 83 0
182 83 0
183 83 0
210 83 0
215 83 0
216 83 0
130 84 0
131 84 0
134 84 0
141 84 0
152 84 0
154 84 0
166 84 0
175 84 0
176 84 0
181 84 0
183 84 0
291 84 0
128 85 0
133 85 0
141 85 0
142 85 0
153 85 0
154 85 0
165 85 0
175 85 0
176 85 0
180 85 0
181 85 0
187 85 0
188 85 0
224 85 0
128 86 0
132 86 0
141 86 0
153 86 0
174 86 0
175 86 0
179 86 0
180 86 0
186 86 0
187 86 0
188 86 0
126 87 0
127 87 0
151 87 0
163 87 0
173 87 0
174 87 0
178 87 0
179 87 0
186 87 0
187 87 0
188 87 0
229 87 0
235 87 0
126 88 0
150 88 0
178 88 0
181 88 0
185 88 0
186 88 0
187 88 0
226 88 0
125 89 0
149 89 0
171 89 0
172 89 0
177 89 0
178 89 0
181 89 0
185 89 0
186 89 0
250 89 0
124 90 0
125 90 0
148 90 0
149 90 0
171 90 0
172 90 0
176 90 0
177 90 0
180 90 0
184 90 0
185 90 0
186 90 0
211 90 0
220 90 0
226 90 0
124 91 0
125 91 0
130 91 0
148 91 0
170 91 0
171 91 0
176 91 0
180 91 0
183 91 0
185 91 0
210 91 0
211 91 0
212 91 0
220 91 0
226 91 0
230 91 0
122 92 0
123 92 0
126 92 0
170 92 0
175 92 0
176 92 0
183 92 0
200 92 0
210 92 0
211 92 0
212 92 0
213 92 0
219 92 0
220 92 0
230 92 0
240 92 0
120 93 0
121 93 0
122 93 0
123 93 0
124 93 0
127 93 0
157 93 0
162 93 0
168 93 0
174 93 0
175 93 0
205 93 0
217 93 0
218 93 0
219 93 0
220 93 0
122 94 0
123 94 0
124 94 0
127 94 0
128 94 0
139 94 0
168 94 0
169 94 0
173 94 0
174 94 0
205 94 0
206 94 0
219 94 0
220 94 0
239 94 0
249 94 0
118 95 0
119 95 0
126 95 0
127 95 0
133 95 0
139 95 0
173 95 0
207 95 0
215 95 0
220 95 0
233 95 0
245 95 0
118 96 0
123 96 0
126 96 0
127 96 0
132 96 0
147 96 0
166 96 0
167 96 0
172 96 0
196 96 0
207 96 0
220 96 0
233 96 0
237 96 0
245 96 0
249 96 0
250 96 0
117 97 0
118 97 0
119 97 0
120 97 0
125 97 0
126 97 0
131 97 0
132 97 0
146 97 0
147 97 0
166 97 0
167 97 0
171 97 0
172 97 0
194 97 0
196 97 0
215 97 0
220 97 0
233 97 0
237 97 0
249 97 0
118 98 0
124 98 0
130 98 0
131 98 0
134 98 0
139 98 0
158 98 0
164 98 0
171 98 0
189 98 0
229 98 0
230 98 0
233 98 0
234 98 0
248 98 0
249 98 0
253 98 0
114 99 0
115 99 0
116 99 0
117 99 0
120 99 0
122 99 0
123 99 0
127 99 0
128 99 0
130 99 0
157 99 0
164 99 0
165 99 0
170 99 0
229 99 0
230 99 0
231 99 0
233 99 0
234 99 0
235 99 0
253 99 0
122 100 0
128 100 0
151 100 0
154 100 0
155 100 0
229 100 0
230 100 0
231 100 0
233 100 0
112 101 0
113 101 0
120 101 0
121 101 0
154 101 0
161 101 0
162 101 0
163 101 0
169 101 0
182 101 0
201 101 0
206 101 0
207 101 0
230 101 0
233 101 0
246 101 0
252 101 0
253 101 0
111 102 0
112 102 0
153 102 0
154 102 0
162 102 0
168 102 0
176 102 0
177 102 0
184 102 0
206 102 0
232 102 0
233 102 0
111 103 0
131 103 0
152 103 0
153 103 0
167 103 0
182 103 0
183 103 0
110 104 0
129 104 0
131 104 0
148 104 0
159 104 0
160 104 0
161 104 0
167 104 0
188 104 0
189 104 0
110 105 0
111 105 0
129 105 0
151 105 0
166 105 0
171 105 0
187 105 0
189 105 0
210 105 0
104 106 0
107 106 0
111 106 0
132 106 0
144 106 0
158 106 0
165 106 0
170 106 0
174 106 0
188 106 0
216 106 0
106 107 0
107 107 0
112 107 0
129 107 0
130 107 0
132 107 0
144 107 0
156 107 0
157 107 0
158 107 0
164 107 0
165 107 0
170 107 0
174 107 0
188 107 0
111 108 0
112 108 0
129 108 0
144 108 0
164 108 0
169 108 0
173 108 0
185 108 0
187 108 0
105 109 0
106 109 0
111 109 0
112 109 0
173 109 0
187 109 0
105 110 0
110 110 0
111 110 0
118 110 0
161 110 0
162 110 0
173 110 0
187 110 0
238 110 0
99 111 0
103 111 0
109 111 0
110 111 0
117 111 0
118 111 0
160 111 0
168 111 0
171 111 0
172 111 0
184 111 0
187 111 0
238 111 0
109 112 0
117 112 0
158 112 0
168 112 0
172 112 0
238 112 0
108 113 0
109 113 0
157 113 0
167 113 0
172 113 0
206 113 0
219 113 0
224 113 0
238 113 0
241 113 0
244 113 0
250 113 0
108 114 0
109 114 0
119 114 0
122 114 0
157 114 0
171 114 0
217 114 0
223 114 0
237 114 0
238 114 0
241 114 0
101 115 0
108 115 0
112 115 0
115 115 0
116 115 0
131 115 0
137 115 0
140 115 0
187 115 0
208 115 0
209 115 0
220 115 0
237 115 0
241 115 0
115 116 0
149 116 0
156 116 0
179 116 0
181 116 0
182 116 0
187 116 0
208 116 0
213 116 0
214 116 0
220 116 0
241 116 0
148 117 0
149 117 0
150 117 0
158 117 0
163 117 0
177 117 0
181 117 0
232 117 0
91 118 0
155 118 0
163 118 0
164 118 0
178 118 0
186 118 0
232 118 0
96 119 0
97 119 0
155 119 0
162 119 0
163 119 0
166 119 0
170 119 0
180 119 0
181 119 0
200 119 0
94 120 0
95 120 0
96 120 0
110 120 0
148 120 0
149 120 0
155 120 0
166 120 0
185 120 0
200 120 0
202 120 0
203 120 0
205 120 0
244 120 0
93 121 0
94 121 0
95 121 0
96 121 0
141 121 0
147 121 0
148 121 0
149 121 0
165 121 0
166 121 0
169 121 0
185 121 0
204 121 0
205 121 0
244 121 0
245 121 0
246 121 0
93 122 0
94 122 0
95 122 0
139 122 0
141 122 0
154 122 0
178 122 0
179 122 0
184 122 0
199 122 0
204 122 0
205 122 0
244 122 0
245 122 0
246 122 0
247 122 0
93 123 0
95 123 0
139 123 0
141 123 0
142 123 0
143 123 0
144 123 0
145 123 0
146 123 0
148 123 0
154 123 0
178 123 0
203 123 0
204 123 0
205 123 0
211 123 0
243 123 0
244 123 0
245 123 0
246 123 0
247 123 0
249 123 0
140 124 0
141 124 0
142 124 0
143 124 0
144 124 0
145 124 0
146 124 0
147 124 0
148 124 0
149 124 0
150 124 0
151 124 0
152 124 0
177 124 0
178 124 0
179 124 0
183 124 0
203 124 0
204 124 0
243 124 0
247 124 0
248 124 0
249 124 0
94 125 0
97 125 0
140 125 0
141 125 0
142 125 0
143 125 0
144 125 0
145 125 0
146 125 0
147 125 0
148 125 0
150 125 0
151 125 0
152 125 0
153 125 0
177 125 0
178 125 0
183 125 0
248 125 0
93 126 0
94 126 0
97 126 0
139 126 0
140 126 0
141 126 0
142 126 0
143 126 0
144 126 0
145 126 0
146 126 0
147 126 0
148 126 0
149 126 0
150 126 0
151 126 0
152 126 0
153 126 0
178 126 0
183 126 0
203 126 0
204 126 0
219 126 0
238 126 0
240 126 0
248 126 0
92 127 0
93 127 0
96 127 0
145 127 0
146 127 0
147 127 0
148 127 0
149 127 0
150 127 0
151 127 0
152 127 0
153 127 0
212 127 0
219 127 0
240 127 0
248 127 0
85 128 0
92 128 0
93 128 0
96 128 0
150 128 0
151 128 0
152 128 0
153 128 0
202 128 0
203 128 0
210 128 0
222 128 0
240 128 0
247 128 0
81 129 0
84 129 0
85 129 0
101 129 0
145 129 0
146 129 0
152 129 0
153 129 0
202 129 0
203 129 0
204 129 0
221 129 0
226 129 0
246 129 0
247 129 0
97 130 0
99 130 0
100 130 0
144 130 0
145 130 0
146 130 0
152 130 0
157 130 0
161 130 0
202 130 0
203 130 0
210 130 0
226 130 0
227 130 0
230 130 0
234 130 0
247 130 0
93 131 0
101 131 0
152 131 0
157 131 0
161 131 0
201 131 0
202 131 0
203 131 0
226 131 0
227 131 0
229 131 0
230 131 0
234 131 0
239 131 0
247 131 0
81 132 0
82 132 0
83 132 0
90 132 0
94 132 0
151 132 0
152 132 0
156 132 0
160 132 0
161 132 0
200 132 0
201 132 0
202 132 0
203 132 0
212 132 0
213 132 0
220 132 0
227 132 0
229 132 0
230 132 0
239 132 0
81 133 0
82 133 0
89 133 0
90 133 0
93 133 0
151 133 0
152 133 0
155 133 0
160 133 0
161 133 0
201 133 0
202 133 0
213 133 0
220 133 0
221 133 0
222 133 0
227 133 0
230 133 0
231 133 0
239 133 0
247 133 0
89 134 0
93 134 0
151 134 0
160 134 0
161 134 0
202 134 0
212 134 0
213 134 0
228 134 0
231 134 0
239 134 0
246 134 0
247 134 0
248 134 0
88 135 0
89 135 0
92 135 0
151 135 0
159 135 0
160 135 0
202 135 0
213 135 0
228 135 0
231 135 0
239 135 0
240 135 0
79 136 0
80 136 0
88 136 0
91 136 0
150 136 0
151 136 0
202 136 0
211 136 0
214 136 0
228 136 0
229 136 0
231 136 0
236 136 0
246 136 0
247 136 0
78 137 0
79 137 0
80 137 0
87 137 0
91 137 0
150 137 0
154 137 0
156 137 0
228 137 0
229 137 0
232 137 0
236 137 0
246 137 0
78 138 0
86 138 0
87 138 0
150 138 0
153 138 0
155 138 0
156 138 0
162 138 0
212 138 0
214 138 0
221 138 0
232 138 0
246 138 0
247 138 0
86 139 0
87 139 0
92 139 0
93 139 0
94 139 0
95 139 0
149 139 0
150 139 0
160 139 0
237 139 0
85 140 0
86 140 0
92 140 0
149 140 0
152 140 0
157 140 0
160 140 0
221 140 0
236 140 0
237 140 0
246 140 0
247 140 0
85 141 0
88 141 0
149 141 0
157 141 0
159 141 0
221 141 0
234 141 0
246 141 0
247 141 0
75 142 0
76 142 0
77 142 0
84 142 0
85 142 0
88 142 0
155 142 0
156 142 0
220 142 0
221 142 0
222 142 0
246 142 0
75 143 0
76 143 0
84 143 0
88 143 0
219 143 0
221 143 0
240 143 0
247 143 0
84 144 0
240 144 0
246 144 0
219 145 0
229 145 0
239 145 0
245 145 0
246 145 0
72 146 0
73 146 0
74 146 0
219 146 0
228 146 0
72 147 0
73 147 0
74 147 0
227 147 0
233 147 0
234 147 0
71 148 0
72 148 0
73 148 0
241 148 0
241 149 0
211 150 0
215 150 0
221 151 0
68 152 0
69 152 0
70 152 0
228 152 0
236 152 0
68 153 0
69 153 0
70 153 0
68 154 0
246 154 0
246 155 0
221 156 0
222 156 0
237 156 0
246 156 0
222 157 0
246 157 0
246 158 0
300 158 0
81 159 0
82 159 0
84 159 0
224 159 0
300 159 0
82 160 0
86 160 0
79 161 0
82 161 0
84 161 0
87 161 0
88 161 0
90 161 0
209 161 0
210 161 0
246 161 0
80 162 0
86 162 0
89 162 0
90 162 0
211 162 0
217 162 0
220 162 0
221 162 0
227 162 0
77 163 0
83 163 0
219 163 0
220 163 0
221 163 0
222 163 0
223 163 0
235 163 0
75 164 0
79 164 0
82 164 0
84 164 0
87 164 0
88 164 0
211 164 0
219 164 0
220 164 0
221 164 0
222 164 0
223 164 0
224 164 0
234 164 0
245 164 0
75 165 0
76 165 0
79 165 0
81 165 0
85 165 0
222 165 0
224 165 0
234 165 0
245 165 0
75 166 0
77 166 0
83 166 0
85 166 0
86 166 0
245 166 0
72 167 0
73 167 0
77 167 0
79 167 0
80 167 0
83 167 0
86 167 0
87 167 0
88 167 0
89 167 0
224 167 0
240 167 0
73 168 0
74 168 0
79 168 0
83 168 0
88 168 0
90 168 0
91 168 0
240 168 0
243 168 0
55 169 0
56 169 0
67 169 0
75 169 0
76 169 0
78 169 0
81 169 0
240 169 0
241 169 0
242 169 0
243 169 0
55 170 0
56 170 0
66 170 0
77 170 0
78 170 0
81 170 0
93 170 0
94 170 0
95 170 0
96 170 0
192 170 0
193 170 0
240 170 0
241 170 0
242 170 0
243 170 0
245 170 0
53 171 0
55 171 0
64 171 0
69 171 0
94 171 0
95 171 0
97 171 0
98 171 0
192 171 0
193 171 0
240 171 0
241 171 0
242 171 0
243 171 0
244 171 0
245 171 0
52 172 0
63 172 0
192 172 0
193 172 0
240 172 0
241 172 0
243 172 0
244 172 0
245 172 0
100 173 0
101 173 0
129 173 0
130 173 0
131 173 0
139 173 0
240 173 0
243 173 0
244 173 0
245 173 0
128 174 0
129 174 0
139 174 0
221 174 0
50 175 0
78 175 0
86 175 0
139 175 0
144 175 0
205 175 0
221 175 0
234 175 0
39 176 0
40 176 0
47 176 0
48 176 0
59 176 0
73 176 0
140 176 0
192 176 0
193 176 0
221 176 0
231 176 0
239 176 0
36 177 0
40 177 0
46 177 0
47 177 0
58 177 0
63 177 0
67 177 0
74 177 0
76 177 0
138 177 0
140 177 0
192 177 0
221 177 0
231 177 0
39 178 0
40 178 0
43 178 0
66 178 0
67 178 0
69 178 0
76 178 0
140 178 0
192 178 0
198 178 0
216 178 0
221 178 0
231 178 0
239 178 0
35 179 0
38 179 0
45 179 0
46 179 0
65 179 0
78 179 0
99 179 0
100 179 0
135 179 0
136 179 0
141 179 0
198 179 0
221 179 0
230 179 0
231 179 0
33 180 0
34 180 0
48 180 0
64 180 0
66 180 0
78 180 0
79 180 0
98 180 0
99 180 0
100 180 0
134 180 0
179 180 0
184 180 0
200 180 0
230 180 0
231 180 0
32 181 0
35 181 0
37 181 0
47 181 0
48 181 0
50 181 0
62 181 0
65 181 0
79 181 0
98 181 0
99 181 0
100 181 0
142 181 0
148 181 0
154 181 0
184 181 0
221 181 0
230 181 0
231 181 0
232 181 0
240 181 0
31 182 0
35 182 0
36 182 0
39 182 0
40 182 0
47 182 0
51 182 0
61 182 0
62 182 0
78 182 0
79 182 0
84 182 0
87 182 0
91 182 0
98 182 0
99 182 0
100 182 0
107 182 0
142 182 0
184 182 0
213 182 0
221 182 0
231 182 0
232 182 0
241 182 0
31 183 0
34 183 0
37 183 0
39 183 0
43 183 0
61 183 0
78 183 0
83 183 0
84 183 0
87 183 0
107 183 0
139 183 0
184 183 0
211 183 0
212 183 0
221 183 0
231 183 0
232 183 0
34 184 0
37 184 0
41 184 0
42 184 0
49 184 0
77 184 0
83 184 0
84 184 0
85 184 0
91 184 0
106 184 0
107 184 0
139 184 0
205 184 0
213 184 0
221 184 0
231 184 0
232 184 0
34 185 0
36 185 0
37 185 0
41 185 0
43 185 0
44 185 0
45 185 0
75 185 0
82 185 0
84 185 0
85 185 0
106 185 0
132 185 0
140 185 0
149 185 0
182 185 0
205 185 0
206 185 0
212 185 0
213 185 0
214 185 0
216 185 0
217 185 0
218 185 0
231 185 0
232 185 0
239 185 0
36 186 0
37 186 0
39 186 0
43 186 0
47 186 0
81 186 0
84 186 0
86 186 0
97 186 0
98 186 0
99 186 0
106 186 0
132 186 0
149 186 0
180 186 0
193 186 0
205 186 0
206 186 0
213 186 0
215 186 0
232 186 0
239 186 0
39 187 0
42 187 0
45 187 0
70 187 0
80 187 0
82 187 0
83 187 0
86 187 0
90 187 0
97 187 0
98 187 0
99 187 0
106 187 0
132 187 0
155 187 0
178 187 0
179 187 0
183 187 0
193 187 0
205 187 0
206 187 0
210 187 0
211 187 0
217 187 0
219 187 0
32 188 0
33 188 0
35 188 0
42 188 0
79 188 0
82 188 0
86 188 0
97 188 0
98 188 0
99 188 0
129 188 0
133 188 0
155 188 0
177 188 0
183 188 0
191 188 0
192 188 0
195 188 0
199 188 0
200 188 0
205 188 0
210 188 0
211 188 0
217 188 0
218 188 0
219 188 0
31 189 0
32 189 0
34 189 0
70 189 0
78 189 0
80 189 0
86 189 0
97 189 0
98 189 0
99 189 0
153 189 0
154 189 0
155 189 0
183 189 0
190 189 0
191 189 0
192 189 0
199 189 0
200 189 0
216 189 0
217 189 0
218 189 0
219 189 0
31 190 0
32 190 0
55 190 0
70 190 0
77 190 0
79 190 0
80 190 0
146 190 0
153 190 0
155 190 0
183 190 0
190 190 0
191 190 0
192 190 0
218 190 0
219 190 0
31 191 0
43 191 0
52 191 0
57 191 0
69 191 0
76 191 0
77 191 0
78 191 0
79 191 0
86 191 0
153 191 0
183 191 0
204 191 0
218 191 0
219 191 0
242 191 0
41 192 0
68 192 0
75 192 0
78 192 0
85 192 0
89 192 0
136 192 0
153 192 0
154 192 0
181 192 0
204 192 0
218 192 0
50 193 0
58 193 0
74 193 0
77 193 0
80 193 0
81 193 0
85 193 0
97 193 0
98 193 0
137 193 0
152 193 0
154 193 0
181 193 0
183 193 0
205 193 0
218 193 0
49 194 0
60 194 0
73 194 0
76 194 0
82 194 0
97 194 0
98 194 0
138 194 0
183 194 0
205 194 0
235 194 0
236 194 0
47 195 0
48 195 0
51 195 0
61 195 0
62 195 0
74 195 0
78 195 0
96 195 0
98 195 0
141 195 0
178 195 0
182 195 0
190 195 0
191 195 0
192 195 0
235 195 0
46 196 0
61 196 0
74 196 0
77 196 0
82 196 0
96 196 0
97 196 0
98 196 0
182 196 0
190 196 0
191 196 0
192 196 0
220 196 0
62 197 0
63 197 0
70 197 0
73 197 0
74 197 0
76 197 0
79 197 0
81 197 0
82 197 0
85 197 0
121 197 0
126 197 0
177 197 0
182 197 0
190 197 0
191 197 0
192 197 0
45 198 0
62 198 0
69 198 0
70 198 0
72 198 0
73 198 0
79 198 0
80 198 0
81 198 0
84 198 0
101 198 0
103 198 0
106 198 0
111 198 0
113 198 0
125 198 0
182 198 0
191 198 0
202 198 0
203 198 0
58 199 0
62 199 0
68 199 0
70 199 0
71 199 0
75 199 0
80 199 0
101 199 0
103 199 0
106 199 0
111 199 0
112 199 0
182 199 0
201 199 0
204 199 0
222 199 0
61 200 0
67 200 0
69 200 0
70 200 0
74 200 0
76 200 0
97 200 0
100 200 0
103 200 0
108 200 0
127 200 0
182 200 0
201 200 0
205 200 0
210 200 0
59 201 0
69 201 0
76 201 0
78 201 0
88 201 0
90 201 0
91 201 0
92 201 0
94 201 0
97 201 0
100 201 0
102 201 0
103 201 0
114 201 0
115 201 0
132 201 0
182 201 0
190 201 0
201 201 0
216 201 0
224 201 0
66 202 0
68 202 0
84 202 0
88 202 0
90 202 0
91 202 0
94 202 0
96 202 0
97 202 0
100 202 0
102 202 0
103 202 0
104 202 0
130 202 0
133 202 0
180 202 0
182 202 0
190 202 0
191 202 0
200 202 0
201 202 0
207 202 0
224 202 0
225 202 0
64 203 0
65 203 0
67 203 0
68 203 0
88 203 0
93 203 0
94 203 0
96 203 0
97 203 0
99 203 0
100 203 0
102 203 0
104 203 0
134 203 0
179 203 0
182 203 0
189 203 0
190 203 0
191 203 0
201 203 0
208 203 0
213 203 0
223 203 0
224 203 0
52 204 0
63 204 0
66 204 0
67 204 0
83 204 0
87 204 0
88 204 0
90 204 0
91 204 0
93 204 0
94 204 0
96 204 0
97 204 0
98 204 0
99 204 0
100 204 0
102 204 0
132 204 0
177 204 0
182 204 0
189 204 0
190 204 0
191 204 0
200 204 0
201 204 0
223 204 0
54 205 0
55 205 0
56 205 0
65 205 0
87 205 0
88 205 0
90 205 0
91 205 0
93 205 0
94 205 0
96 205 0
97 205 0
99 205 0
100 205 0
102 205 0
103 205 0
133 205 0
137 205 0
175 205 0
176 205 0
181 205 0
201 205 0
57 206 0
65 206 0
87 206 0
89 206 0
90 206 0
92 206 0
93 206 0
94 206 0
96 206 0
98 206 0
99 206 0
101 206 0
102 206 0
103 206 0
134 206 0
181 206 0
201 206 0
223 206 0
87 207 0
89 207 0
90 207 0
92 207 0
93 207 0
98 207 0
99 207 0
103 207 0
104 207 0
133 207 0
181 207 0
201 207 0
210 207 0
230 207 0
85 208 0
86 208 0
87 208 0
88 208 0
89 208 0
90 208 0
93 208 0
123 208 0
133 208 0
181 208 0
200 208 0
201 208 0
210 208 0
218 208 0
86 209 0
181 209 0
189 209 0
190 209 0
191 209 0
200 209 0
201 209 0
210 209 0
66 210 0
181 210 0
189 210 0
190 210 0
191 210 0
200 210 0
217 210 0
69 211 0
126 211 0
181 211 0
189 211 0
190 211 0
191 211 0
199 211 0
210 211 0
211 211 0
215 211 0
216 211 0
128 212 0
157 212 0
179 212 0
190 212 0
191 212 0
199 212 0
210 212 0
74 213 0
132 213 0
158 213 0
178 213 0
199 213 0
210 213 0
134 214 0
159 214 0
177 214 0
198 214 0
199 214 0
210 214 0
159 215 0
210 215 0
103 216 0
108 216 0
140 216 0
148 216 0
159 216 0
189 216 0
199 216 0
237 216 0
108 217 0
143 217 0
160 217 0
167 217 0
180 217 0
188 217 0
189 217 0
190 217 0
210 217 0
212 217 0
118 218 0
122 218 0
145 218 0
160 218 0
180 218 0
188 218 0
189 218 0
190 218 0
210 218 0
212 218 0
93 219 0
118 219 0
120 219 0
121 219 0
122 219 0
123 219 0
159 219 0
180 219 0
188 219 0
189 219 0
190 219 0
198 219 0
210 219 0
180 220 0
188 220 0
189 220 0
190 220 0
198 220 0
210 220 0
98 221 0
127 221 0
129 221 0
165 221 0
173 221 0
180 221 0
101 222 0
173 222 0
174 222 0
103 223 0
172 223 0
179 223 0
106 224 0
171 224 0
142 225 0
98 226 0
111 226 0
201 226 0
113 227 0
201 227 0
202 227 0
211 227 0
145 228 0
201 228 0
211 228 0
145 229 0
146 229 0
208 229 0
122 230 0
200 230 0
201 230 0
211 230 0
200 231 0
342 231 0
343 231 0
128 232 0
155 232 0
339 232 0
340 232 0
131 233 0
156 233 0
160 233 0
200 233 0
224 233 0
225 233 0
335 233 0
336 233 0
337 233 0
200 234 0
210 234 0
211 234 0
214 234 0
219 234 0
223 234 0
227 234 0
327 234 0
328 234 0
332 234 0
333 234 0
164 235 0
168 235 0
200 235 0
323 235 0
324 235 0
329 235 0
330 235 0
141 236 0
169 236 0
314 236 0
318 236 0
319 236 0
320 236 0
321 236 0
199 237 0
200 237 0
310 237 0
311 237 0
146 238 0
307 238 0
308 238 0
309 238 0
149 239 0
306 239 0
303 240 0
304 240 0
199 241 0
210 241 0
301 241 0
302 241 0
199 242 0
298 242 0
299 242 0
229 243 0
296 243 0
286 244 0
282 245 0
283 245 0
286 245 0
187 246 0
234 246 0
279 246 0
280 246 0
286 246 0
233 247 0
277 247 0
278 247 0
186 248 0
197 248 0
275 248 0
276 248 0
282 249 0
271 250 0
238 251 0
271 251 0
194 252 0
272 252 0
272 253 0
284 253 0
285 256 0
138 128 1
131 129 1
139 129 1
125 130 1
139 130 1
144 130 1
121 131 1
125 131 1
140 131 1
144 131 1
122 132 1
126 132 1
127 132 1
129 132 1
130 132 1
131 132 1
137 132 1
138 132 1
140 132 1
141 132 1
142 132 1
145 132 1
130 133 1
131 133 1
134 133 1
135 133 1
136 133 1
137 133 1
138 133 1
139 133 1
140 133 1
141 133 1
142 133 1
143 133 1
128 134 1
130 134 1
132 134 1
135 134 1
136 134 1
137 134 1
138 134 1
139 134 1
143 134 1
144 134 1
125 135 1
126 135 1
129 135 1
133 135 1
135 135 1
136 135 1
137 135 1
138 135 1
143 135 1
144 135 1
146 135 1
130 136 1
132 136 1
133 136 1
134 136 1
135 136 1
136 136 1
137 136 1
143 136 1
144 136 1
145 136 1
146 136 1
127 137 1
128 137 1
130 137 1
133 137 1
135 137 1
136 137 1
137 137 1
143 137 1
144 137 1
145 137 1
146 137 1
147 137 1
148 137 1
149 137 1
152 137 1
135 138 1
142 138 1
143 138 1
144 138 1
145 138 1
146 138 1
147 138 1
148 138 1
149 138 1
150 138 1
151 138 1
131 139 1
132 139 1
144 139 1
145 139 1
146 139 1
149 139 1
150 139 1
151 139 1
119 140 1
120 140 1
121 140 1
122 140 1
131 140 1
144 140 1
145 140 1
146 140 1
150 140 1
151 140 1
152 140 1
114 141 1
115 141 1
116 141 1
117 141 1
118 141 1
119 141 1
120 141 1
121 141 1
124 141 1
125 141 1
137 141 1
145 141 1
146 141 1
147 141 1
150 141 1
151 141 1
152 141 1
114 142 1
115 142 1
116 142 1
118 142 1
119 142 1
125 142 1
128 142 1
137 142 1
139 142 1
145 142 1
146 142 1
147 142 1
150 142 1
151 142 1
152 142 1
113 143 1
114 143 1
145 143 1
146 143 1
147 143 1
148 143 1
151 143 1
152 143 1
153 143 1
139 144 1
145 144 1
146 144 1
147 144 1
148 144 1
151 144 1
152 144 1
153 144 1
138 145 1
139 145 1
146 145 1
147 145 1
148 145 1
151 145 1
152 145 1
153 145 1
155 145 1
139 146 1
147 146 1
148 146 1
152 146 1
153 146 1
155 146 1
138 147 1
147 147 1
150 147 1
152 147 1
154 147 1
155 147 1
156 147 1
148 148 1
154 148 1
155 148 1
156 148 1
137 149 1
148 149 1
153 149 1
154 149 1
155 149 1
156 149 1
116 150 1
135 150 1
136 150 1
137 150 1
153 150 1
154 150 1
155 150 1
156 150 1
157 150 1
116 151 1
129 151 1
131 151 1
132 151 1
133 151 1
135 151 1
141 151 1
152 151 1
153 151 1
154 151 1
155 151 1
156 151 1
127 152 1
128 152 1
129 152 1
130 152 1
131 152 1
132 152 1
141 152 1
151 152 1
152 152 1
153 152 1
154 152 1
155 152 1
124 153 1
125 153 1
127 153 1
128 153 1
141 153 1
151 153 1
152 153 1
153 153 1
154 153 1
155 153 1
157 153 1
158 153 1
121 154 1
122 154 1
153 154 1
154 154 1
155 154 1
157 154 1
139 155 1
142 155 1
154 155 1
155 155 1
156 155 1
158 155 1
159 155 1
138 156 1
139 156 1
142 156 1
154 156 1
155 156 1
156 156 1
157 156 1
133 157 1
142 157 1
143 157 1
155 157 1
156 157 1
157 157 1
139 158 1
141 158 1
143 158 1
155 158 1
156 158 1
157 158 1
124 159 1
126 159 1
134 159 1
137 159 1
139 159 1
140 159 1
143 159 1
155 159 1
156 159 1
157 159 1
135 160 1
143 160 1
144 160 1
154 160 1
155 160 1
156 160 1
157 160 1
143 161 1
144 161 1
151 161 1
152 161 1
153 161 1
154 161 1
155 161 1
156 161 1
160 161 1
144 162 1
150 162 1
151 162 1
152 162 1
153 162 1
154 162 1
155 162 1
156 162 1
143 163 1
144 163 1
149 163 1
150 163 1
151 163 1
152 163 1
153 163 1
154 163 1
155 163 1
142 164 1
144 164 1
149 164 1
150 164 1
151 164 1
152 164 1
154 164 1
139 165 1
140 165 1
144 165 1
148 165 1
149 165 1
150 165 1
151 165 1
152 165 1
138 166 1
139 166 1
140 166 1
151 166 1
152 166 1
153 166 1
135 167 1
136 167 1
137 167 1
138 167 1
139 167 1
140 167 1
143 167 1
150 167 1
151 167 1
152 167 1
153 167 1
130 168 1
131 168 1
132 168 1
133 168 1
134 168 1
135 168 1
136 168 1
137 168 1
138 168 1
139 168 1
140 168 1
141 168 1
142 168 1
143 168 1
146 168 1
147 168 1
148 168 1
149 168 1
150 168 1
151 168 1
152 168 1
153 168 1
128 169 1
129 169 1
130 169 1
131 169 1
132 169 1
133 169 1
134 169 1
135 169 1
136 169 1
137 169 1
138 169 1
141 169 1
144 169 1
145 169 1
146 169 1
147 169 1
148 169 1
149 169 1
150 169 1
151 169 1
152 169 1
153 169 1
126 170 1
127 170 1
128 170 1
129 170 1
130 170 1
131 170 1
132 170 1
133 170 1
134 170 1
142 170 1
145 170 1
146 170 1
147 170 1
148 170 1
149 170 1
150 170 1
151 170 1
124 171 1
125 171 1
126 171 1
127 171 1
128 171 1
129 171 1
131 171 1
145 171 1
146 171 1
147 171 1
148 171 1
121 172 1
122 172 1
123 172 1
124 172 1
128 172 1
145 172 1
146 172 1
119 173 1
120 173 1
121 173 1
127 173 1
128 173 1
129 173 1
130 173 1
131 173 1
126 174 1
127 174 1
128 174 1
129 174 1
130 174 1
131 174 1
124 175 1
125 175 1
126 175 1
127 175 1
128 175 1
129 175 1
130 175 1
123 176 1
124 176 1
125 176 1
126 176 1
127 176 1
128 176 1
123 177 1
178 128 2
182 128 2
183 128 2
184 128 2
176 129 2
177 129 2
180 129 2
181 129 2
182 129 2
183 129 2
184 129 2
185 129 2
186 129 2
176 130 2
180 130 2
183 130 2
184 130 2
185 130 2
186 130 2
189 130 2
190 130 2
178 131 2
179 131 2
182 131 2
183 131 2
184 131 2
185 131 2
186 131 2
190 131 2
191 131 2
173 132 2
174 132 2
175 132 2
176 132 2
178 132 2
179 132 2
182 132 2
183 132 2
184 132 2
185 132 2
190 132 2
191 132 2
174 133 2
175 133 2
176 133 2
177 133 2
178 133 2
179 133 2
180 133 2
181 133 2
183 133 2
184 133 2
190 133 2
191 133 2
174 134 2
175 134 2
177 134 2
178 134 2
179 134 2
180 134 2
182 134 2
183 134 2
190 134 2
191 134 2
173 135 2
174 135 2
176 135 2
177 135 2
178 135 2
179 135 2
181 135 2
182 135 2
183 135 2
189 135 2
190 135 2
173 136 2
176 136 2
177 136 2
178 136 2
179 136 2
180 136 2
181 136 2
182 136 2
185 136 2
186 136 2
188 136 2
189 136 2
172 137 2
173 137 2
176 137 2
177 137 2
178 137 2
179 137 2
188 137 2
189 137 2
172 138 2
173 138 2
174 138 2
178 138 2
184 138 2
185 138 2
188 138 2
189 138 2
173 139 2
174 139 2
188 139 2
189 139 2
197 139 2
199 139 2
182 140 2
199 140 2
168 141 2
173 141 2
188 141 2
199 141 2
200 141 2
168 142 2
172 142 2
173 142 2
174 142 2
176 142 2
166 143 2
167 143 2
168 143 2
173 143 2
174 143 2
190 143 2
165 144 2
166 144 2
167 144 2
172 144 2
173 144 2
190 144 2
164 145 2
165 145 2
166 145 2
171 145 2
173 145 2
174 145 2
164 146 2
165 146 2
166 146 2
169 146 2
170 146 2
173 146 2
190 146 2
164 147 2
165 147 2
166 147 2
168 147 2
172 147 2
178 147 2
179 147 2
190 147 2
106 148 2
164 148 2
165 148 2
166 148 2
167 148 2
179 148 2
180 148 2
189 148 2
190 148 2
203 148 2
106 149 2
164 149 2
165 149 2
166 149 2
167 149 2
168 149 2
178 149 2
179 149 2
180 149 2
181 149 2
189 149 2
203 149 2
204 149 2
210 149 2
105 150 2
106 150 2
164 150 2
165 150 2
166 150 2
167 150 2
168 150 2
169 150 2
179 150 2
180 150 2
181 150 2
182 150 2
189 150 2
190 150 2
209 150 2
210 150 2
105 151 2
106 151 2
164 151 2
165 151 2
166 151 2
167 151 2
168 151 2
169 151 2
170 151 2
171 151 2
172 151 2
179 151 2
180 151 2
181 151 2
182 151 2
183 151 2
189 151 2
190 151 2
191 151 2
203 151 2
209 151 2
210 151 2
105 152 2
106 152 2
168 152 2
169 152 2
170 152 2
171 152 2
177 152 2
180 152 2
183 152 2
190 152 2
191 152 2
209 152 2
210 152 2
105 153 2
106 153 2
170 153 2
181 153 2
184 153 2
190 153 2
191 153 2
209 153 2
105 154 2
106 154 2
107 154 2
191 154 2
192 154 2
209 154 2
106 155 2
107 155 2
180 155 2
181 155 2
192 155 2
193 155 2
106 156 2
107 156 2
164 156 2
181 156 2
193 156 2
194 156 2
106 157 2
107 157 2
164 157 2
165 157 2
167 157 2
168 157 2
169 157 2
170 157 2
181 157 2
182 157 2
183 157 2
194 157 2
195 157 2
212 157 2
106 158 2
107 158 2
165 158 2
166 158 2
167 158 2
168 158 2
169 158 2
170 158 2
182 158 2
195 158 2
206 158 2
211 158 2
167 159 2
168 159 2
169 159 2
170 159 2
181 159 2
196 159 2
160 160 2
167 160 2
168 160 2
169 160 2
173 160 2
181 160 2
182 160 2
184 160 2
196 160 2
197 160 2
162 161 2
163 161 2
165 161 2
168 161 2
169 161 2
171 161 2
173 161 2
174 161 2
175 161 2
182 161 2
183 161 2
197 161 2
206 161 2
159 162 2
160 162 2
161 162 2
162 162 2
163 162 2
165 162 2
166 162 2
171 162 2
172 162 2
173 162 2
174 162 2
175 162 2
176 162 2
183 162 2
184 162 2
198 162 2
199 162 2
160 163 2
161 163 2
162 163 2
163 163 2
164 163 2
165 163 2
166 163 2
167 163 2
170 163 2
171 163 2
172 163 2
174 163 2
175 163 2
176 163 2
185 163 2
199 163 2
200 163 2
160 164 2
161 164 2
162 164 2
163 164 2
164 164 2
165 164 2
166 164 2
167 164 2
168 164 2
170 164 2
171 164 2
172 164 2
173 164 2
174 164 2
175 164 2
160 165 2
161 165 2
162 165 2
163 165 2
164 165 2
165 165 2
166 165 2
167 165 2
168 165 2
172 165 2
173 165 2
174 165 2
188 165 2
161 166 2
162 166 2
163 166 2
164 166 2
165 166 2
167 166 2
168 166 2
169 166 2
170 166 2
173 166 2
162 167 2
163 167 2
164 167 2
165 167 2
166 167 2
167 167 2
168 167 2
169 167 2
170 167 2
172 167 2
173 167 2
175 167 2
176 167 2
188 167 2
189 167 2
164 168 2
165 168 2
166 168 2
167 168 2
168 168 2
169 168 2
170 168 2
173 168 2
174 168 2
176 168 2
177 168 2
189 168 2
166 169 2
167 169 2
168 169 2
169 169 2
170 169 2
177 169 2
178 169 2
175 170 2
176 170 2
178 170 2
187 170 2
177 171 2
180 171 2
178 172 2
181 172 2
182 173 2
183 173 2
183 174 2
184 174 2
122 2 3
221 2 3
115 3 3
245 3 3
255 3 3
118 4 3
143 4 3
231 4 3
108 5 3
114 5 3
127 5 3
178 5 3
165 7 3
167 7 3
140 9 3
180 9 3
254 9 3
148 10 3
167 10 3
241 10 3
179 11 3
112 12 3
137 12 3
244 18 3
182 21 3
