159 1 0
151 2 0
159 2 0
167 2 0
168 2 0
169 2 0
170 2 0
180 2 0
181 2 0
182 2 0
183 2 0
260 2 0
151 3 0
152 3 0
160 3 0
161 3 0
167 3 0
169 3 0
180 3 0
181 3 0
182 3 0
183 3 0
152 4 0
163 4 0
167 4 0
168 4 0
169 4 0
180 4 0
181 4 0
182 4 0
183 4 0
220 4 0
252 4 0
151 5 0
160 5 0
162 5 0
163 5 0
166 5 0
167 5 0
168 5 0
169 5 0
180 5 0
181 5 0
182 5 0
183 5 0
219 5 0
224 5 0
258 5 0
271 5 0
160 6 0
162 6 0
163 6 0
166 6 0
167 6 0
168 6 0
169 6 0
180 6 0
181 6 0
182 6 0
219 6 0
222 6 0
224 6 0
247 6 0
260 6 0
166 7 0
167 7 0
168 7 0
169 7 0
179 7 0
180 7 0
181 7 0
182 7 0
219 7 0
222 7 0
224 7 0
275 7 0
321 7 0
322 7 0
340 7 0
166 8 0
168 8 0
169 8 0
180 8 0
182 8 0
219 8 0
222 8 0
224 8 0
239 8 0
240 8 0
251 8 0
268 8 0
339 8 0
340 8 0
168 9 0
185 9 0
186 9 0
219 9 0
240 9 0
243 9 0
246 9 0
281 9 0
339 9 0
179 10 0
180 10 0
181 10 0
182 10 0
184 10 0
185 10 0
186 10 0
187 10 0
218 10 0
219 10 0
245 10 0
288 10 0
289 10 0
320 10 0
338 10 0
339 10 0
174 11 0
175 11 0
176 11 0
177 11 0
184 11 0
185 11 0
186 11 0
187 11 0
218 11 0
219 11 0
288 11 0
289 11 0
338 11 0
184 12 0
185 12 0
186 12 0
187 12 0
218 12 0
219 12 0
337 12 0
184 13 0
185 13 0
186 13 0
187 13 0
217 13 0
218 13 0
239 13 0
250 13 0
337 13 0
184 14 0
185 14 0
186 14 0
187 14 0
217 14 0
218 14 0
221 14 0
222 14 0
223 14 0
228 14 0
239 14 0
250 14 0
337 14 0
71 15 0
184 15 0
186 15 0
187 15 0
217 15 0
218 15 0
221 15 0
223 15 0
228 15 0
239 15 0
285 15 0
184 16 0
185 16 0
186 16 0
217 16 0
218 16 0
255 16 0
290 16 0
335 16 0
184 17 0
185 17 0
186 17 0
216 17 0
217 17 0
290 17 0
335 17 0
185 18 0
186 18 0
216 18 0
217 18 0
241 18 0
242 18 0
249 18 0
334 18 0
183 19 0
185 19 0
186 19 0
216 19 0
217 19 0
243 19 0
249 19 0
183 20 0
185 20 0
186 20 0
216 20 0
217 20 0
228 20 0
234 20 0
241 20 0
333 20 0
185 21 0
186 21 0
216 21 0
241 21 0
288 21 0
308 21 0
333 21 0
216 22 0
238 22 0
240 22 0
288 22 0
332 22 0
155 23 0
215 23 0
216 23 0
240 23 0
248 23 0
270 23 0
287 23 0
331 23 0
332 23 0
158 24 0
215 24 0
229 24 0
241 24 0
243 24 0
248 24 0
287 24 0
331 24 0
234 25 0
281 25 0
282 25 0
287 25 0
288 25 0
319 25 0
330 25 0
281 26 0
288 26 0
330 26 0
158 27 0
247 27 0
252 27 0
286 27 0
287 27 0
288 27 0
320 27 0
321 27 0
329 27 0
222 28 0
247 28 0
286 28 0
316 28 0
329 28 0
214 29 0
221 29 0
247 29 0
286 29 0
287 29 0
328 29 0
214 30 0
220 30 0
221 30 0
222 30 0
226 30 0
280 30 0
285 30 0
286 30 0
328 30 0
221 31 0
225 31 0
280 31 0
285 31 0
286 31 0
327 31 0
220 32 0
225 32 0
246 32 0
286 32 0
318 32 0
327 32 0
219 33 0
220 33 0
251 33 0
286 33 0
326 33 0
219 34 0
220 34 0
279 34 0
284 34 0
285 34 0
286 34 0
325 34 0
326 34 0
329 34 0
218 35 0
274 35 0
279 35 0
284 35 0
285 35 0
319 35 0
325 35 0
328 35 0
329 35 0
244 36 0
245 36 0
273 36 0
274 36 0
284 36 0
285 36 0
316 36 0
324 36 0
325 36 0
327 36 0
328 36 0
213 37 0
283 37 0
310 37 0
311 37 0
316 37 0
324 37 0
327 37 0
283 38 0
310 38 0
323 38 0
327 38 0
216 39 0
248 39 0
282 39 0
283 39 0
316 39 0
323 39 0
216 40 0
219 40 0
278 40 0
282 40 0
283 40 0
316 40 0
322 40 0
215 41 0
217 41 0
218 41 0
219 41 0
231 41 0
232 41 0
273 41 0
282 41 0
285 41 0
286 41 0
316 41 0
322 41 0
216 42 0
218 42 0
223 42 0
228 42 0
282 42 0
285 42 0
321 42 0
217 43 0
218 43 0
223 43 0
225 43 0
226 43 0
228 43 0
281 43 0
282 43 0
292 43 0
321 43 0
209 44 0
211 44 0
212 44 0
213 44 0
223 44 0
225 44 0
226 44 0
227 44 0
228 44 0
250 44 0
277 44 0
281 44 0
282 44 0
291 44 0
292 44 0
293 44 0
314 44 0
315 44 0
209 45 0
212 45 0
213 45 0
222 45 0
225 45 0
226 45 0
228 45 0
249 45 0
276 45 0
277 45 0
292 45 0
293 45 0
314 45 0
319 45 0
320 45 0
209 46 0
212 46 0
224 46 0
225 46 0
226 46 0
228 46 0
231 46 0
232 46 0
252 46 0
283 46 0
284 46 0
292 46 0
313 46 0
319 46 0
175 47 0
212 47 0
224 47 0
225 47 0
256 47 0
284 47 0
292 47 0
313 47 0
318 47 0
319 47 0
214 48 0
221 48 0
223 48 0
224 48 0
228 48 0
284 48 0
292 48 0
312 48 0
318 48 0
167 49 0
168 49 0
185 49 0
214 49 0
215 49 0
222 49 0
223 49 0
224 49 0
228 49 0
231 49 0
275 49 0
276 49 0
284 49 0
311 49 0
171 50 0
175 50 0
214 50 0
217 50 0
222 50 0
223 50 0
231 50 0
311 50 0
312 50 0
316 50 0
165 51 0
166 51 0
171 51 0
213 51 0
218 51 0
221 51 0
222 51 0
223 51 0
231 51 0
235 51 0
280 51 0
281 51 0
311 51 0
312 51 0
218 52 0
221 52 0
222 52 0
280 52 0
283 52 0
294 52 0
311 52 0
312 52 0
168 53 0
218 53 0
220 53 0
221 53 0
222 53 0
223 53 0
234 53 0
274 53 0
279 53 0
280 53 0
287 53 0
310 53 0
311 53 0
220 54 0
221 54 0
224 54 0
267 54 0
274 54 0
279 54 0
284 54 0
287 54 0
288 54 0
310 54 0
311 54 0
176 55 0
189 55 0
220 55 0
221 55 0
228 55 0
247 55 0
279 55 0
284 55 0
288 55 0
309 55 0
310 55 0
231 56 0
233 56 0
234 56 0
279 56 0
284 56 0
288 56 0
309 56 0
179 57 0
187 57 0
197 57 0
202 57 0
228 57 0
229 57 0
230 57 0
231 57 0
272 57 0
273 57 0
278 57 0
279 57 0
284 57 0
288 57 0
174 58 0
180 58 0
201 58 0
202 58 0
203 58 0
272 58 0
273 58 0
278 58 0
284 58 0
304 58 0
307 58 0
175 59 0
187 59 0
277 59 0
283 59 0
284 59 0
176 60 0
185 60 0
186 60 0
194 60 0
197 60 0
236 60 0
257 60 0
265 60 0
276 60 0
277 60 0
283 60 0
284 60 0
306 60 0
158 61 0
181 61 0
186 61 0
193 61 0
198 61 0
257 61 0
267 61 0
276 61 0
283 61 0
304 61 0
181 62 0
190 62 0
196 62 0
197 62 0
202 62 0
242 62 0
257 62 0
264 62 0
271 62 0
272 62 0
304 62 0
164 63 0
165 63 0
181 63 0
205 63 0
264 63 0
282 63 0
283 63 0
301 63 0
304 63 0
181 64 0
304 64 0
150 65 0
180 65 0
181 65 0
190 65 0
202 65 0
204 65 0
211 65 0
218 65 0
303 65 0
149 66 0
153 66 0
154 66 0
178 66 0
179 66 0
202 66 0
226 66 0
276 66 0
277 66 0
303 66 0
154 67 0
178 67 0
193 67 0
194 67 0
202 67 0
231 67 0
276 67 0
281 67 0
152 68 0
153 68 0
154 68 0
188 68 0
189 68 0
193 68 0
194 68 0
201 68 0
209 68 0
229 68 0
234 68 0
238 68 0
275 68 0
276 68 0
188 69 0
193 69 0
209 69 0
234 69 0
237 69 0
239 69 0
275 69 0
301 69 0
145 70 0
151 70 0
180 70 0
184 70 0
187 70 0
199 70 0
233 70 0
236 70 0
275 70 0
280 70 0
150 71 0
151 71 0
184 71 0
186 71 0
188 71 0
195 71 0
197 71 0
219 71 0
220 71 0
221 71 0
236 71 0
237 71 0
247 71 0
274 71 0
300 71 0
149 72 0
150 72 0
190 72 0
193 72 0
195 72 0
197 72 0
198 72 0
199 72 0
219 72 0
220 72 0
221 72 0
235 72 0
236 72 0
274 72 0
299 72 0
142 73 0
143 73 0
148 73 0
164 73 0
173 73 0
195 73 0
197 73 0
198 73 0
201 73 0
235 73 0
246 73 0
274 73 0
299 73 0
147 74 0
173 74 0
196 74 0
197 74 0
198 74 0
299 74 0
145 75 0
146 75 0
144 76 0
145 76 0
194 76 0
248 76 0
271 76 0
278 76 0
287 76 0
143 77 0
144 77 0
176 77 0
217 77 0
219 77 0
223 77 0
247 77 0
255 77 0
287 77 0
288 77 0
142 78 0
143 78 0
146 78 0
147 78 0
158 78 0
159 78 0
177 78 0
187 78 0
215 78 0
217 78 0
228 78 0
245 78 0
278 78 0
298 78 0
141 79 0
142 79 0
145 79 0
147 79 0
148 79 0
157 79 0
158 79 0
159 79 0
160 79 0
176 79 0
177 79 0
180 79 0
181 79 0
216 79 0
217 79 0
223 79 0
228 79 0
232 79 0
233 79 0
245 79 0
295 79 0
140 80 0
144 80 0
146 80 0
147 80 0
179 80 0
181 80 0
191 80 0
203 80 0
217 80 0
221 80 0
222 80 0
227 80 0
229 80 0
232 80 0
245 80 0
254 80 0
255 80 0
256 80 0
257 80 0
287 80 0
294 80 0
295 80 0
298 80 0
139 81 0
142 81 0
143 81 0
144 81 0
145 81 0
146 81 0
154 81 0
158 81 0
179 81 0
180 81 0
184 81 0
185 81 0
257 81 0
293 81 0
294 81 0
297 81 0
137 82 0
138 82 0
141 82 0
142 82 0
155 82 0
160 82 0
161 82 0
185 82 0
186 82 0
215 82 0
220 82 0
221 82 0
226 82 0
248 82 0
252 82 0
293 82 0
297 82 0
136 83 0
137 83 0
140 83 0
141 83 0
142 83 0
143 83 0
155 83 0
156 83 0
157 83 0
158 83 0
159 83 0
160 83 0
175 83 0
181 83 0
182 83 0
185 83 0
186 83 0
188 83 0
225 83 0
248 83 0
252 83 0
135 84 0
139 84 0
145 84 0
154 84 0
156 84 0
157 84 0
159 84 0
181 84 0
185 84 0
186 84 0
188 84 0
190 84 0
191 84 0
219 84 0
220 84 0
225 84 0
296 84 0
130 85 0
133 85 0
134 85 0
135 85 0
138 85 0
140 85 0
158 85 0
179 85 0
180 85 0
185 85 0
190 85 0
191 85 0
228 85 0
296 85 0
129 86 0
130 86 0
132 86 0
133 86 0
136 86 0
137 86 0
145 86 0
146 86 0
179 86 0
184 86 0
185 86 0
187 86 0
191 86 0
192 86 0
193 86 0
228 86 0
131 87 0
132 87 0
136 87 0
178 87 0
183 87 0
184 87 0
190 87 0
191 87 0
192 87 0
229 87 0
295 87 0
131 88 0
178 88 0
182 88 0
183 88 0
190 88 0
191 88 0
192 88 0
229 88 0
233 88 0
234 88 0
255 88 0
130 89 0
182 89 0
185 89 0
189 89 0
190 89 0
191 89 0
230 89 0
235 89 0
129 90 0
133 90 0
152 90 0
176 90 0
181 90 0
182 90 0
185 90 0
189 90 0
190 90 0
191 90 0
225 90 0
129 91 0
152 91 0
181 91 0
184 91 0
189 91 0
190 91 0
215 91 0
127 92 0
128 92 0
130 92 0
174 92 0
175 92 0
180 92 0
187 92 0
189 92 0
215 92 0
230 92 0
234 92 0
127 93 0
131 93 0
161 93 0
167 93 0
179 93 0
204 93 0
215 93 0
217 93 0
222 93 0
223 93 0
234 93 0
124 94 0
125 94 0
126 94 0
127 94 0
128 94 0
161 94 0
172 94 0
178 94 0
179 94 0
217 94 0
222 94 0
223 94 0
224 94 0
123 95 0
124 95 0
127 95 0
131 95 0
132 95 0
138 95 0
143 95 0
165 95 0
172 95 0
173 95 0
178 95 0
211 95 0
223 95 0
224 95 0
243 95 0
123 96 0
130 96 0
131 96 0
137 96 0
177 96 0
191 96 0
192 96 0
211 96 0
219 96 0
224 96 0
241 96 0
253 96 0
254 96 0
121 97 0
122 97 0
123 97 0
124 97 0
126 97 0
130 97 0
136 97 0
170 97 0
171 97 0
176 97 0
182 97 0
211 97 0
224 97 0
241 97 0
246 97 0
247 97 0
123 98 0
129 98 0
135 98 0
136 98 0
175 98 0
176 98 0
185 98 0
187 98 0
194 98 0
198 98 0
200 98 0
219 98 0
220 98 0
224 98 0
241 98 0
253 98 0
119 99 0
120 99 0
121 99 0
122 99 0
124 99 0
125 99 0
128 99 0
134 99 0
135 99 0
162 99 0
168 99 0
169 99 0
175 99 0
188 99 0
214 99 0
233 99 0
234 99 0
235 99 0
237 99 0
238 99 0
239 99 0
253 99 0
126 100 0
127 100 0
133 100 0
134 100 0
156 100 0
174 100 0
180 100 0
184 100 0
187 100 0
188 100 0
225 100 0
233 100 0
234 100 0
235 100 0
237 100 0
238 100 0
239 100 0
253 100 0
257 100 0
117 101 0
126 101 0
160 101 0
166 101 0
167 101 0
177 101 0
179 101 0
210 101 0
234 101 0
235 101 0
237 101 0
238 101 0
116 102 0
158 102 0
166 102 0
167 102 0
172 102 0
177 102 0
180 102 0
181 102 0
210 102 0
211 102 0
214 102 0
226 102 0
234 102 0
237 102 0
256 102 0
116 103 0
153 103 0
158 103 0
172 103 0
237 103 0
115 104 0
135 104 0
153 104 0
157 104 0
163 104 0
164 104 0
165 104 0
171 104 0
187 104 0
192 104 0
237 104 0
115 105 0
163 105 0
164 105 0
165 105 0
170 105 0
191 105 0
213 105 0
134 106 0
191 106 0
193 106 0
214 106 0
134 107 0
148 107 0
154 107 0
161 107 0
162 107 0
163 107 0
174 107 0
178 107 0
192 107 0
220 107 0
247 107 0
134 108 0
137 108 0
161 108 0
162 108 0
168 108 0
178 108 0
192 108 0
204 108 0
167 109 0
173 109 0
177 109 0
191 109 0
166 110 0
191 110 0
206 110 0
104 111 0
165 111 0
177 111 0
207 111 0
211 111 0
104 112 0
164 112 0
172 112 0
175 112 0
208 112 0
219 112 0
242 112 0
162 113 0
171 113 0
242 113 0
161 114 0
171 114 0
176 114 0
187 114 0
192 114 0
200 114 0
210 114 0
217 114 0
221 114 0
241 114 0
242 114 0
245 114 0
248 114 0
135 115 0
141 115 0
142 115 0
145 115 0
161 115 0
175 115 0
186 115 0
211 115 0
221 115 0
227 115 0
241 115 0
242 115 0
245 115 0
160 116 0
161 116 0
191 116 0
221 116 0
224 116 0
241 116 0
245 116 0
153 117 0
154 117 0
160 117 0
167 117 0
191 117 0
212 117 0
227 117 0
245 117 0
251 117 0
153 118 0
154 118 0
160 118 0
162 118 0
185 118 0
212 118 0
236 118 0
250 118 0
251 118 0
99 119 0
101 119 0
176 119 0
179 119 0
184 119 0
190 119 0
236 119 0
250 119 0
99 120 0
100 120 0
101 120 0
152 120 0
166 120 0
168 120 0
170 120 0
174 120 0
204 120 0
205 120 0
206 120 0
97 121 0
98 121 0
99 121 0
100 121 0
101 121 0
138 121 0
151 121 0
152 121 0
153 121 0
159 121 0
170 121 0
174 121 0
189 121 0
204 121 0
207 121 0
209 121 0
97 122 0
98 122 0
99 122 0
100 122 0
137 122 0
143 122 0
159 122 0
173 122 0
209 122 0
248 122 0
250 122 0
98 123 0
99 123 0
137 123 0
143 123 0
145 123 0
147 123 0
148 123 0
149 123 0
173 123 0
208 123 0
209 123 0
215 123 0
248 123 0
249 123 0
250 123 0
251 123 0
252 123 0
143 124 0
144 124 0
145 124 0
146 124 0
147 124 0
148 124 0
149 124 0
150 124 0
152 124 0
153 124 0
154 124 0
155 124 0
158 124 0
173 124 0
207 124 0
208 124 0
209 124 0
248 124 0
249 124 0
250 124 0
251 124 0
99 125 0
144 125 0
145 125 0
146 125 0
147 125 0
149 125 0
150 125 0
151 125 0
152 125 0
153 125 0
154 125 0
155 125 0
156 125 0
157 125 0
158 125 0
207 125 0
208 125 0
215 125 0
247 125 0
250 125 0
253 125 0
98 126 0
136 126 0
137 126 0
143 126 0
144 126 0
145 126 0
146 126 0
147 126 0
148 126 0
149 126 0
150 126 0
151 126 0
152 126 0
154 126 0
155 126 0
156 126 0
157 126 0
180 126 0
204 126 0
209 126 0
247 126 0
253 126 0
136 127 0
143 127 0
149 127 0
150 127 0
151 127 0
152 127 0
154 127 0
155 127 0
156 127 0
157 127 0
203 127 0
223 127 0
242 127 0
243 127 0
244 127 0
90 128 0
97 128 0
136 128 0
139 128 0
143 128 0
154 128 0
155 128 0
156 128 0
157 128 0
178 128 0
206 128 0
207 128 0
223 128 0
238 128 0
242 128 0
243 128 0
244 128 0
245 128 0
251 128 0
252 128 0
86 129 0
149 129 0
150 129 0
157 129 0
177 129 0
203 129 0
206 129 0
207 129 0
243 129 0
244 129 0
251 129 0
252 129 0
140 130 0
142 130 0
148 130 0
149 130 0
150 130 0
161 130 0
164 130 0
169 130 0
172 130 0
173 130 0
174 130 0
175 130 0
176 130 0
178 130 0
214 130 0
250 130 0
251 130 0
87 131 0
95 131 0
140 131 0
142 131 0
150 131 0
156 131 0
161 131 0
165 131 0
166 131 0
167 131 0
168 131 0
169 131 0
170 131 0
171 131 0
172 131 0
173 131 0
174 131 0
176 131 0
178 131 0
206 131 0
214 131 0
217 131 0
230 131 0
250 131 0
251 131 0
86 132 0
87 132 0
88 132 0
95 132 0
141 132 0
156 132 0
165 132 0
166 132 0
167 132 0
168 132 0
171 132 0
172 132 0
174 132 0
175 132 0
176 132 0
206 132 0
207 132 0
231 132 0
234 132 0
238 132 0
243 132 0
251 132 0
252 132 0
85 133 0
86 133 0
87 133 0
94 133 0
96 133 0
141 133 0
155 133 0
165 133 0
171 133 0
172 133 0
173 133 0
174 133 0
175 133 0
200 133 0
201 133 0
203 133 0
205 133 0
206 133 0
207 133 0
224 133 0
225 133 0
231 133 0
234 133 0
238 133 0
243 133 0
94 134 0
147 134 0
148 134 0
149 134 0
155 134 0
159 134 0
165 134 0
167 134 0
168 134 0
170 134 0
173 134 0
201 134 0
203 134 0
205 134 0
206 134 0
217 134 0
225 134 0
226 134 0
231 134 0
232 134 0
233 134 0
234 134 0
235 134 0
239 134 0
243 134 0
93 135 0
97 135 0
147 135 0
148 135 0
149 135 0
155 135 0
159 135 0
164 135 0
165 135 0
166 135 0
168 135 0
182 135 0
205 135 0
206 135 0
217 135 0
235 135 0
243 135 0
250 135 0
251 135 0
252 135 0
83 136 0
85 136 0
93 136 0
96 136 0
155 136 0
163 136 0
164 136 0
166 136 0
168 136 0
169 136 0
170 136 0
171 136 0
172 136 0
173 136 0
175 136 0
183 136 0
206 136 0
217 136 0
218 136 0
232 136 0
235 136 0
244 136 0
250 136 0
251 136 0
83 137 0
84 137 0
92 137 0
154 137 0
158 137 0
159 137 0
160 137 0
166 137 0
167 137 0
168 137 0
172 137 0
178 137 0
181 137 0
206 137 0
215 137 0
218 137 0
232 137 0
235 137 0
240 137 0
250 137 0
91 138 0
92 138 0
146 138 0
147 138 0
148 138 0
154 138 0
163 138 0
165 138 0
166 138 0
167 138 0
169 138 0
170 138 0
172 138 0
178 138 0
205 138 0
208 138 0
218 138 0
232 138 0
233 138 0
235 138 0
236 138 0
240 138 0
243 138 0
250 138 0
91 139 0
145 139 0
146 139 0
147 139 0
154 139 0
157 139 0
160 139 0
163 139 0
164 139 0
166 139 0
167 139 0
169 139 0
177 139 0
178 139 0
205 139 0
216 139 0
217 139 0
218 139 0
225 139 0
236 139 0
240 139 0
250 139 0
251 139 0
90 140 0
161 140 0
164 140 0
205 140 0
225 140 0
236 140 0
245 140 0
80 141 0
81 141 0
82 141 0
89 141 0
90 141 0
153 141 0
156 141 0
161 141 0
225 141 0
240 141 0
80 142 0
81 142 0
89 142 0
93 142 0
144 142 0
145 142 0
146 142 0
153 142 0
161 142 0
225 142 0
238 142 0
250 142 0
79 143 0
89 143 0
92 143 0
93 143 0
144 143 0
145 143 0
146 143 0
152 143 0
153 143 0
224 143 0
226 143 0
250 143 0
251 143 0
89 144 0
144 144 0
145 144 0
146 144 0
153 144 0
163 144 0
165 144 0
171 144 0
223 144 0
232 144 0
159 145 0
160 145 0
166 145 0
205 145 0
214 145 0
226 145 0
244 145 0
250 145 0
77 146 0
78 146 0
79 146 0
159 146 0
226 146 0
233 146 0
243 146 0
249 146 0
250 146 0
76 147 0
77 147 0
78 147 0
143 147 0
144 147 0
145 147 0
158 147 0
249 147 0
76 148 0
143 148 0
144 148 0
145 148 0
158 148 0
164 148 0
232 148 0
237 148 0
238 148 0
151 149 0
158 149 0
245 149 0
156 150 0
157 150 0
158 150 0
159 150 0
205 150 0
208 150 0
209 150 0
212 150 0
245 150 0
74 151 0
152 151 0
156 151 0
157 151 0
158 151 0
159 151 0
219 151 0
73 152 0
74 152 0
75 152 0
141 152 0
142 152 0
143 152 0
150 152 0
153 152 0
156 152 0
157 152 0
158 152 0
159 152 0
160 152 0
173 152 0
183 152 0
225 152 0
73 153 0
74 153 0
141 153 0
142 153 0
143 153 0
149 153 0
150 153 0
156 153 0
157 153 0
158 153 0
159 153 0
160 153 0
161 153 0
162 153 0
232 153 0
240 153 0
149 154 0
157 154 0
159 154 0
160 154 0
161 154 0
162 154 0
240 154 0
241 154 0
59 155 0
149 155 0
151 155 0
158 155 0
140 156 0
149 156 0
150 156 0
163 156 0
206 156 0
140 157 0
141 157 0
148 157 0
241 157 0
86 158 0
140 158 0
141 158 0
148 158 0
151 158 0
219 158 0
220 158 0
226 158 0
299 158 0
86 159 0
87 159 0
90 159 0
91 159 0
148 159 0
151 159 0
218 159 0
219 159 0
220 159 0
221 159 0
222 159 0
302 159 0
84 160 0
87 160 0
148 160 0
187 160 0
217 160 0
218 160 0
219 160 0
220 160 0
221 160 0
222 160 0
223 160 0
230 160 0
244 160 0
304 160 0
305 160 0
83 161 0
84 161 0
89 161 0
92 161 0
93 161 0
94 161 0
147 161 0
159 161 0
160 161 0
249 161 0
82 162 0
86 162 0
91 162 0
92 162 0
147 162 0
160 162 0
162 162 0
209 162 0
238 162 0
51 163 0
82 163 0
83 163 0
87 163 0
88 163 0
91 163 0
92 163 0
138 163 0
139 163 0
140 163 0
147 163 0
180 163 0
186 163 0
187 163 0
223 163 0
231 163 0
79 164 0
80 164 0
83 164 0
84 164 0
90 164 0
91 164 0
92 164 0
130 164 0
138 164 0
139 164 0
146 164 0
149 164 0
186 164 0
187 164 0
249 164 0
80 165 0
81 165 0
84 165 0
86 165 0
90 165 0
91 165 0
130 165 0
146 165 0
149 165 0
167 165 0
231 165 0
238 165 0
77 166 0
78 166 0
80 166 0
81 166 0
82 166 0
83 166 0
88 166 0
90 166 0
92 166 0
129 166 0
146 166 0
155 166 0
166 166 0
167 166 0
168 166 0
189 166 0
231 166 0
238 166 0
77 167 0
78 167 0
79 167 0
80 167 0
82 167 0
83 167 0
84 167 0
85 167 0
88 167 0
89 167 0
91 167 0
92 167 0
94 167 0
128 167 0
146 167 0
150 167 0
155 167 0
158 167 0
159 167 0
160 167 0
165 167 0
166 167 0
167 167 0
168 167 0
189 167 0
237 167 0
243 167 0
81 168 0
84 168 0
88 168 0
95 168 0
136 168 0
137 168 0
138 168 0
145 168 0
155 168 0
156 168 0
157 168 0
158 168 0
159 168 0
160 168 0
166 168 0
167 168 0
189 168 0
243 168 0
59 169 0
60 169 0
61 169 0
71 169 0
72 169 0
81 169 0
83 169 0
86 169 0
136 169 0
137 169 0
138 169 0
145 169 0
156 169 0
157 169 0
159 169 0
189 169 0
244 169 0
59 170 0
70 170 0
98 170 0
100 170 0
101 170 0
136 170 0
137 170 0
160 170 0
187 170 0
189 170 0
225 170 0
243 170 0
244 170 0
245 170 0
246 170 0
247 170 0
248 170 0
69 171 0
100 171 0
102 171 0
144 171 0
158 171 0
160 171 0
161 171 0
162 171 0
163 171 0
187 171 0
189 171 0
196 171 0
243 171 0
244 171 0
245 171 0
246 171 0
247 171 0
248 171 0
249 171 0
73 172 0
105 172 0
106 172 0
144 172 0
147 172 0
160 172 0
161 172 0
162 172 0
163 172 0
189 172 0
243 172 0
244 172 0
245 172 0
246 172 0
247 172 0
248 172 0
249 172 0
83 173 0
105 173 0
133 173 0
134 173 0
135 173 0
144 173 0
148 173 0
189 173 0
205 173 0
243 173 0
244 173 0
245 173 0
246 173 0
247 173 0
248 173 0
249 173 0
53 174 0
54 174 0
55 174 0
56 174 0
74 174 0
83 174 0
119 174 0
124 174 0
126 174 0
132 174 0
133 174 0
134 174 0
143 174 0
144 174 0
148 174 0
245 174 0
246 174 0
247 174 0
248 174 0
249 174 0
52 175 0
54 175 0
55 175 0
73 175 0
76 175 0
77 175 0
78 175 0
82 175 0
143 175 0
148 175 0
233 175 0
241 175 0
244 175 0
42 176 0
45 176 0
46 176 0
52 176 0
72 176 0
75 176 0
80 176 0
143 176 0
198 176 0
238 176 0
244 176 0
41 177 0
42 177 0
44 177 0
48 177 0
62 177 0
79 177 0
142 177 0
144 177 0
197 177 0
225 177 0
234 177 0
235 177 0
244 177 0
43 178 0
44 178 0
45 178 0
47 178 0
61 178 0
62 178 0
70 178 0
81 178 0
82 178 0
96 178 0
103 178 0
104 178 0
141 178 0
188 178 0
200 178 0
201 178 0
225 178 0
234 178 0
235 178 0
42 179 0
43 179 0
51 179 0
69 179 0
82 179 0
83 179 0
103 179 0
104 179 0
105 179 0
140 179 0
145 179 0
188 179 0
225 179 0
234 179 0
235 179 0
244 179 0
41 180 0
42 180 0
46 180 0
50 180 0
53 180 0
54 180 0
67 180 0
68 180 0
83 180 0
103 180 0
104 180 0
105 180 0
139 180 0
145 180 0
188 180 0
204 180 0
225 180 0
234 180 0
235 180 0
244 180 0
37 181 0
41 181 0
48 181 0
49 181 0
52 181 0
56 181 0
66 181 0
67 181 0
69 181 0
83 181 0
89 181 0
90 181 0
92 181 0
103 181 0
104 181 0
105 181 0
112 181 0
136 181 0
137 181 0
146 181 0
153 181 0
154 181 0
158 181 0
183 181 0
188 181 0
204 181 0
213 181 0
218 181 0
225 181 0
235 181 0
39 182 0
40 182 0
43 182 0
52 182 0
55 182 0
82 182 0
83 182 0
88 182 0
89 182 0
91 182 0
92 182 0
111 182 0
149 182 0
158 182 0
188 182 0
204 182 0
207 182 0
213 182 0
214 182 0
235 182 0
239 182 0
244 182 0
39 183 0
40 183 0
43 183 0
50 183 0
54 183 0
55 183 0
82 183 0
87 183 0
88 183 0
90 183 0
95 183 0
111 183 0
187 183 0
188 183 0
203 183 0
204 183 0
214 183 0
235 183 0
239 183 0
245 183 0
42 184 0
49 184 0
50 184 0
53 184 0
86 184 0
87 184 0
89 184 0
95 184 0
111 184 0
144 184 0
152 184 0
203 184 0
204 184 0
209 184 0
210 184 0
211 184 0
235 184 0
239 184 0
243 184 0
45 185 0
78 185 0
79 185 0
86 185 0
88 185 0
89 185 0
91 185 0
95 185 0
111 185 0
136 185 0
144 185 0
153 185 0
186 185 0
187 185 0
203 185 0
204 185 0
209 185 0
235 185 0
239 185 0
243 185 0
42 186 0
45 186 0
48 186 0
51 186 0
75 186 0
86 186 0
87 186 0
88 186 0
95 186 0
102 186 0
103 186 0
104 186 0
111 186 0
136 186 0
146 186 0
153 186 0
159 186 0
187 186 0
195 186 0
203 186 0
204 186 0
209 186 0
211 186 0
222 186 0
225 186 0
235 186 0
239 186 0
243 186 0
38 187 0
39 187 0
47 187 0
48 187 0
75 187 0
84 187 0
87 187 0
102 187 0
103 187 0
136 187 0
143 187 0
146 187 0
159 187 0
187 187 0
197 187 0
203 187 0
204 187 0
209 187 0
235 187 0
236 187 0
243 187 0
37 188 0
38 188 0
39 188 0
75 188 0
83 188 0
84 188 0
85 188 0
86 188 0
90 188 0
94 188 0
101 188 0
102 188 0
103 188 0
134 188 0
158 188 0
159 188 0
181 188 0
187 188 0
195 188 0
203 188 0
204 188 0
209 188 0
222 188 0
240 188 0
242 188 0
243 188 0
36 189 0
37 189 0
38 189 0
75 189 0
82 189 0
84 189 0
85 189 0
90 189 0
94 189 0
157 189 0
159 189 0
181 189 0
187 189 0
194 189 0
195 189 0
196 189 0
203 189 0
204 189 0
209 189 0
211 189 0
221 189 0
222 189 0
238 189 0
245 189 0
57 190 0
58 190 0
60 190 0
74 190 0
81 190 0
83 190 0
84 190 0
90 190 0
91 190 0
150 190 0
157 190 0
159 190 0
187 190 0
194 190 0
195 190 0
196 190 0
220 190 0
221 190 0
222 190 0
223 190 0
47 191 0
56 191 0
59 191 0
74 191 0
80 191 0
82 191 0
83 191 0
90 191 0
139 191 0
157 191 0
159 191 0
194 191 0
195 191 0
196 191 0
222 191 0
239 191 0
246 191 0
55 192 0
72 192 0
79 192 0
80 192 0
82 192 0
102 192 0
140 192 0
149 192 0
157 192 0
159 192 0
186 192 0
187 192 0
207 192 0
208 192 0
222 192 0
238 192 0
56 193 0
62 193 0
63 193 0
78 193 0
81 193 0
90 193 0
101 193 0
102 193 0
103 193 0
141 193 0
157 193 0
158 193 0
208 193 0
209 193 0
222 193 0
53 194 0
65 194 0
77 194 0
80 194 0
81 194 0
93 194 0
101 194 0
102 194 0
103 194 0
142 194 0
157 194 0
184 194 0
186 194 0
187 194 0
208 194 0
209 194 0
222 194 0
52 195 0
67 195 0
76 195 0
79 195 0
90 195 0
101 195 0
102 195 0
144 195 0
186 195 0
194 195 0
195 195 0
209 195 0
239 195 0
50 196 0
51 196 0
53 196 0
54 196 0
68 196 0
75 196 0
78 196 0
82 196 0
83 196 0
84 196 0
90 196 0
100 196 0
101 196 0
102 196 0
146 196 0
155 196 0
181 196 0
186 196 0
194 196 0
195 196 0
196 196 0
210 196 0
223 196 0
238 196 0
41 197 0
50 197 0
67 197 0
68 197 0
74 197 0
75 197 0
76 197 0
83 197 0
84 197 0
116 197 0
120 197 0
181 197 0
186 197 0
193 197 0
194 197 0
195 197 0
196 197 0
210 197 0
211 197 0
224 197 0
66 198 0
67 198 0
73 198 0
74 198 0
75 198 0
76 198 0
85 198 0
89 198 0
92 198 0
107 198 0
110 198 0
116 198 0
117 198 0
181 198 0
186 198 0
194 198 0
195 198 0
196 198 0
211 198 0
45 199 0
66 199 0
72 199 0
73 199 0
75 199 0
83 199 0
98 199 0
99 199 0
102 199 0
104 199 0
105 199 0
107 199 0
116 199 0
130 199 0
186 199 0
195 199 0
205 199 0
207 199 0
226 199 0
238 199 0
71 200 0
74 200 0
93 200 0
95 200 0
96 200 0
98 200 0
99 200 0
101 200 0
102 200 0
104 200 0
105 200 0
107 200 0
119 200 0
131 200 0
186 200 0
203 200 0
205 200 0
207 200 0
208 200 0
226 200 0
227 200 0
238 200 0
63 201 0
70 201 0
72 201 0
73 201 0
92 201 0
93 201 0
95 201 0
96 201 0
98 201 0
99 201 0
101 201 0
102 201 0
104 201 0
105 201 0
107 201 0
108 201 0
109 201 0
119 201 0
136 201 0
186 201 0
204 201 0
205 201 0
209 201 0
214 201 0
227 201 0
228 201 0
62 202 0
72 202 0
92 202 0
93 202 0
94 202 0
95 202 0
96 202 0
98 202 0
99 202 0
101 202 0
104 202 0
105 202 0
107 202 0
119 202 0
134 202 0
193 202 0
194 202 0
195 202 0
203 202 0
204 202 0
205 202 0
210 202 0
215 202 0
220 202 0
227 202 0
228 202 0
229 202 0
68 203 0
69 203 0
71 203 0
72 203 0
92 203 0
93 203 0
94 203 0
95 203 0
98 203 0
99 203 0
100 203 0
101 203 0
104 203 0
107 203 0
108 203 0
119 203 0
138 203 0
183 203 0
186 203 0
193 203 0
194 203 0
195 203 0
204 203 0
205 203 0
211 203 0
217 203 0
227 203 0
229 203 0
67 204 0
68 204 0
70 204 0
71 204 0
92 204 0
93 204 0
94 204 0
95 204 0
98 204 0
100 204 0
101 204 0
103 204 0
104 204 0
106 204 0
107 204 0
108 204 0
120 204 0
136 204 0
181 204 0
182 204 0
185 204 0
193 204 0
194 204 0
195 204 0
204 204 0
205 204 0
212 204 0
217 204 0
227 204 0
229 204 0
69 205 0
70 205 0
91 205 0
92 205 0
94 205 0
95 205 0
97 205 0
98 205 0
99 205 0
100 205 0
101 205 0
103 205 0
104 205 0
106 205 0
107 205 0
108 205 0
137 205 0
141 205 0
180 205 0
193 205 0
195 205 0
204 205 0
205 205 0
213 205 0
226 205 0
227 205 0
229 205 0
87 206 0
91 206 0
92 206 0
94 206 0
95 206 0
97 206 0
98 206 0
100 206 0
101 206 0
103 206 0
106 206 0
108 206 0
143 206 0
179 206 0
185 206 0
204 206 0
205 206 0
214 206 0
232 206 0
233 206 0
234 206 0
67 207 0
91 207 0
94 207 0
95 207 0
96 207 0
97 207 0
100 207 0
101 207 0
108 207 0
127 207 0
137 207 0
145 207 0
180 207 0
185 207 0
204 207 0
205 207 0
214 207 0
227 207 0
233 207 0
90 208 0
91 208 0
136 208 0
181 208 0
185 208 0
204 208 0
205 208 0
214 208 0
221 208 0
233 208 0
234 208 0
169 209 0
185 209 0
193 209 0
194 209 0
204 209 0
205 209 0
214 209 0
222 209 0
75 210 0
153 210 0
158 210 0
185 210 0
193 210 0
194 210 0
195 210 0
204 210 0
214 210 0
221 210 0
222 210 0
130 211 0
160 211 0
171 211 0
172 211 0
185 211 0
192 211 0
193 211 0
194 211 0
204 211 0
214 211 0
220 211 0
221 211 0
80 212 0
161 212 0
173 212 0
184 212 0
192 212 0
193 212 0
194 212 0
202 212 0
203 212 0
214 212 0
218 212 0
219 212 0
82 213 0
135 213 0
151 213 0
174 213 0
182 213 0
194 213 0
202 213 0
203 213 0
214 213 0
217 213 0
138 214 0
151 214 0
175 214 0
181 214 0
202 214 0
203 214 0
214 214 0
217 214 0
113 215 0
116 215 0
141 215 0
163 215 0
176 215 0
180 215 0
202 215 0
214 215 0
217 215 0
90 216 0
102 216 0
107 216 0
112 216 0
118 216 0
144 216 0
152 216 0
171 216 0
184 216 0
202 216 0
214 216 0
216 216 0
152 217 0
164 217 0
171 217 0
184 217 0
192 217 0
194 217 0
202 217 0
214 217 0
216 217 0
95 218 0
122 218 0
126 218 0
164 218 0
184 218 0
192 218 0
193 218 0
194 218 0
202 218 0
214 218 0
216 218 0
124 219 0
127 219 0
169 219 0
184 219 0
192 219 0
193 219 0
194 219 0
202 219 0
214 219 0
216 219 0
183 220 0
192 220 0
194 220 0
202 220 0
214 220 0
216 220 0
131 221 0
133 221 0
169 221 0
177 221 0
183 221 0
202 221 0
214 221 0
216 221 0
105 222 0
106 222 0
133 222 0
136 222 0
170 222 0
177 222 0
202 222 0
108 223 0
177 223 0
183 223 0
202 223 0
140 224 0
141 225 0
182 225 0
116 226 0
205 227 0
208 227 0
149 228 0
205 228 0
215 228 0
243 228 0
149 229 0
154 229 0
155 229 0
204 230 0
205 230 0
214 230 0
159 231 0
204 231 0
214 231 0
132 232 0
159 232 0
214 232 0
135 233 0
164 233 0
204 234 0
214 234 0
227 234 0
167 235 0
168 235 0
204 235 0
214 235 0
218 235 0
228 235 0
235 235 0
240 235 0
341 235 0
342 235 0
144 236 0
168 236 0
173 236 0
229 236 0
230 236 0
333 236 0
338 236 0
339 236 0
147 237 0
203 237 0
204 237 0
329 237 0
330 237 0
334 237 0
335 237 0
336 237 0
150 238 0
203 238 0
214 238 0
318 238 0
319 238 0
325 238 0
326 238 0
332 238 0
152 239 0
203 239 0
315 239 0
316 239 0
317 239 0
321 239 0
322 239 0
155 240 0
312 240 0
313 240 0
314 240 0
203 241 0
213 241 0
311 241 0
312 241 0
202 242 0
203 242 0
213 242 0
309 242 0
305 243 0
306 243 0
303 244 0
304 244 0
305 244 0
191 245 0
233 245 0
294 245 0
301 245 0
302 245 0
169 246 0
191 246 0
291 246 0
292 246 0
191 247 0
233 247 0
237 247 0
286 247 0
287 247 0
288 247 0
190 248 0
284 248 0
285 248 0
286 248 0
281 249 0
282 249 0
283 249 0
241 250 0
280 250 0
281 250 0
210 251 0
237 251 0
276 251 0
277 251 0
279 251 0
197 252 0
234 252 0
276 252 0
277 252 0
190 253 0
277 253 0
213 255 0
235 255 0
277 255 0
210 256 0
125 118 1
122 120 1
123 120 1
120 121 1
121 121 1
122 121 1
123 121 1
124 121 1
120 122 1
121 122 1
122 122 1
123 122 1
124 122 1
125 122 1
117 123 1
118 123 1
119 123 1
120 123 1
121 123 1
122 123 1
123 123 1
124 123 1
125 123 1
116 124 1
117 124 1
119 124 1
120 124 1
121 124 1
122 124 1
130 125 1
124 126 1
126 126 1
127 126 1
128 126 1
129 126 1
130 126 1
131 126 1
132 126 1
124 127 1
127 127 1
128 127 1
129 127 1
130 127 1
131 127 1
133 127 1
115 128 1
127 128 1
128 128 1
131 128 1
132 128 1
133 128 1
134 128 1
117 129 1
121 129 1
128 129 1
134 129 1
135 129 1
121 130 1
122 130 1
128 130 1
134 130 1
135 130 1
136 130 1
137 130 1
106 131 1
107 131 1
116 131 1
120 131 1
122 131 1
128 131 1
129 131 1
135 131 1
136 131 1
108 132 1
114 132 1
115 132 1
122 132 1
128 132 1
129 132 1
135 132 1
136 132 1
137 132 1
111 133 1
112 133 1
114 133 1
122 133 1
123 133 1
124 133 1
128 133 1
129 133 1
135 133 1
136 133 1
137 133 1
138 133 1
139 133 1
114 134 1
116 134 1
118 134 1
122 134 1
123 134 1
124 134 1
128 134 1
129 134 1
135 134 1
136 134 1
137 134 1
138 134 1
139 134 1
114 135 1
118 135 1
122 135 1
123 135 1
124 135 1
128 135 1
129 135 1
136 135 1
137 135 1
139 135 1
140 135 1
122 136 1
123 136 1
129 136 1
136 136 1
137 136 1
138 136 1
139 136 1
140 136 1
122 137 1
123 137 1
124 137 1
129 137 1
130 137 1
134 137 1
135 137 1
136 137 1
137 137 1
138 137 1
139 137 1
143 137 1
123 138 1
124 138 1
129 138 1
130 138 1
133 138 1
134 138 1
135 138 1
136 138 1
137 138 1
138 138 1
139 138 1
142 138 1
123 139 1
124 139 1
129 139 1
130 139 1
131 139 1
133 139 1
136 139 1
137 139 1
138 139 1
139 139 1
140 139 1
144 139 1
123 140 1
124 140 1
130 140 1
133 140 1
134 140 1
137 140 1
138 140 1
139 140 1
124 141 1
125 141 1
129 141 1
130 141 1
132 141 1
135 141 1
137 141 1
138 141 1
139 141 1
124 142 1
125 142 1
129 142 1
130 142 1
131 142 1
134 142 1
135 142 1
136 142 1
137 142 1
138 142 1
124 143 1
125 143 1
130 143 1
131 143 1
135 143 1
137 143 1
138 143 1
145 143 1
124 144 1
125 144 1
130 144 1
131 144 1
132 144 1
138 144 1
142 144 1
125 145 1
126 145 1
130 145 1
131 145 1
132 145 1
138 145 1
139 145 1
125 146 1
137 146 1
138 146 1
139 146 1
142 146 1
143 146 1
137 147 1
138 147 1
139 147 1
125 148 1
126 148 1
137 148 1
138 148 1
139 148 1
126 149 1
136 149 1
137 149 1
138 149 1
139 149 1
140 149 1
141 149 1
126 150 1
127 150 1
130 150 1
131 150 1
132 150 1
133 150 1
134 150 1
135 150 1
136 150 1
137 150 1
138 150 1
139 150 1
126 151 1
130 151 1
131 151 1
132 151 1
133 151 1
134 151 1
135 151 1
136 151 1
137 151 1
138 151 1
139 151 1
141 151 1
103 152 1
132 152 1
133 152 1
134 152 1
135 152 1
136 152 1
137 152 1
138 152 1
141 152 1
142 152 1
127 153 1
133 153 1
134 153 1
143 153 1
121 154 1
127 154 1
128 154 1
132 154 1
133 154 1
134 154 1
139 154 1
120 155 1
121 155 1
122 155 1
123 155 1
124 155 1
125 155 1
126 155 1
127 155 1
128 155 1
129 155 1
130 155 1
131 155 1
132 155 1
133 155 1
134 155 1
135 155 1
120 156 1
121 156 1
122 156 1
123 156 1
124 156 1
125 156 1
126 156 1
127 156 1
128 156 1
129 156 1
130 156 1
131 156 1
132 156 1
133 156 1
134 156 1
135 156 1
119 157 1
120 157 1
121 157 1
122 157 1
123 157 1
124 157 1
125 157 1
126 157 1
127 157 1
128 157 1
129 157 1
130 157 1
131 157 1
133 157 1
134 157 1
135 157 1
117 158 1
118 158 1
119 158 1
120 158 1
121 158 1
122 158 1
123 158 1
124 158 1
125 158 1
128 158 1
129 158 1
130 158 1
132 158 1
133 158 1
134 158 1
115 159 1
116 159 1
117 159 1
118 159 1
119 159 1
120 159 1
121 159 1
122 159 1
123 159 1
130 159 1
131 159 1
132 159 1
134 159 1
135 159 1
114 160 1
115 160 1
116 160 1
117 160 1
118 160 1
119 160 1
120 160 1
121 160 1
122 160 1
123 160 1
124 160 1
125 160 1
126 160 1
127 160 1
133 160 1
134 160 1
136 160 1
115 161 1
116 161 1
117 161 1
118 161 1
119 161 1
120 161 1
122 161 1
124 161 1
125 161 1
126 161 1
127 161 1
134 161 1
107 162 1
116 162 1
117 162 1
118 162 1
119 162 1
125 162 1
128 162 1
114 163 1
115 163 1
116 163 1
138 163 1
141 163 1
112 164 1
113 164 1
114 164 1
115 164 1
116 164 1
117 164 1
108 165 1
109 165 1
110 165 1
111 165 1
112 165 1
113 165 1
114 165 1
115 165 1
116 165 1
117 165 1
118 165 1
135 165 1
108 166 1
109 166 1
110 166 1
111 166 1
112 166 1
113 166 1
114 166 1
115 166 1
116 166 1
117 166 1
118 166 1
136 166 1
109 167 1
110 167 1
111 167 1
112 167 1
113 167 1
114 167 1
115 167 1
116 167 1
117 167 1
118 167 1
119 167 1
111 168 1
113 168 1
116 168 1
220 1 2
165 2 2
166 2 2
167 2 2
218 2 2
219 2 2
100 3 2
125 3 2
218 3 2
126 4 2
166 4 2
122 5 2
123 5 2
164 5 2
178 5 2
217 5 2
218 5 2
219 5 2
107 6 2
177 6 2
120 7 2
177 7 2
110 8 2
164 8 2
165 8 2
125 9 2
135 9 2
177 9 2
178 10 2
215 12 2
214 13 2
159 14 2
161 14 2
174 14 2
159 15 2
213 15 2
287 249 3
287 251 3
288 251 3
287 252 3
288 252 3
288 253 3
289 253 3
288 254 3
289 254 3
289 255 3
290 255 3
289 256 3
290 256 3
291 256 3
290 257 3
291 257 3
291 258 3
