206 5 0
207 5 0
208 5 0
206 6 0
207 6 0
208 6 0
209 6 0
206 7 0
207 7 0
208 7 0
209 7 0
206 8 0
207 8 0
208 8 0
206 9 0
207 9 0
208 9 0
205 10 0
206 10 0
207 10 0
202 11 0
203 11 0
204 11 0
205 11 0
198 12 0
199 12 0
200 12 0
201 12 0
202 12 0
207 12 0
208 12 0
209 12 0
197 13 0
198 13 0
199 13 0
200 13 0
201 13 0
202 13 0
203 13 0
204 13 0
205 13 0
206 13 0
207 13 0
208 13 0
210 13 0
211 13 0
212 13 0
213 13 0
198 14 0
199 14 0
202 14 0
203 14 0
210 14 0
211 14 0
212 14 0
213 14 0
199 15 0
210 15 0
211 15 0
212 15 0
213 15 0
209 16 0
210 16 0
211 16 0
212 16 0
213 16 0
210 17 0
211 17 0
210 18 0
210 19 0
221 19 0
210 20 0
244 20 0
245 20 0
209 21 0
210 21 0
243 21 0
244 21 0
209 22 0
231 22 0
243 22 0
244 22 0
273 22 0
209 23 0
210 23 0
211 23 0
243 23 0
244 23 0
283 23 0
211 24 0
239 24 0
242 24 0
243 24 0
244 24 0
283 24 0
237 25 0
238 25 0
239 25 0
242 25 0
243 25 0
244 25 0
273 25 0
277 25 0
243 26 0
244 26 0
260 26 0
277 26 0
243 27 0
251 27 0
277 27 0
243 28 0
250 28 0
251 28 0
183 29 0
250 29 0
254 29 0
182 30 0
183 30 0
242 30 0
249 30 0
253 30 0
254 30 0
271 30 0
276 30 0
185 31 0
242 31 0
251 31 0
252 31 0
253 31 0
254 31 0
266 31 0
267 31 0
268 31 0
269 31 0
270 31 0
276 31 0
249 32 0
250 32 0
251 32 0
253 32 0
305 32 0
248 33 0
253 33 0
252 34 0
316 34 0
317 34 0
318 34 0
319 34 0
320 34 0
251 35 0
252 35 0
253 35 0
258 35 0
261 35 0
264 35 0
271 35 0
319 35 0
321 35 0
322 35 0
323 35 0
324 35 0
325 35 0
261 36 0
262 36 0
268 36 0
310 36 0
315 36 0
319 36 0
320 36 0
325 36 0
247 37 0
310 37 0
315 37 0
318 37 0
319 37 0
324 37 0
325 37 0
246 38 0
247 38 0
315 38 0
319 38 0
314 39 0
320 39 0
325 39 0
247 40 0
248 40 0
282 40 0
309 40 0
321 40 0
323 40 0
326 40 0
247 41 0
261 41 0
281 41 0
245 42 0
246 42 0
247 42 0
276 42 0
309 42 0
254 43 0
255 43 0
239 44 0
246 44 0
251 44 0
252 44 0
253 44 0
254 44 0
255 44 0
266 44 0
239 45 0
241 45 0
250 45 0
251 45 0
253 45 0
254 45 0
307 45 0
238 46 0
240 46 0
241 46 0
253 46 0
261 46 0
300 46 0
308 46 0
239 47 0
240 47 0
252 47 0
253 47 0
254 47 0
202 48 0
239 48 0
252 48 0
257 48 0
285 48 0
313 48 0
203 49 0
243 49 0
248 49 0
249 49 0
251 49 0
252 49 0
257 49 0
260 49 0
269 49 0
324 49 0
203 50 0
242 50 0
243 50 0
247 50 0
248 50 0
251 50 0
252 50 0
306 50 0
240 51 0
241 51 0
242 51 0
250 51 0
251 51 0
262 51 0
263 51 0
312 51 0
200 52 0
242 52 0
247 52 0
250 52 0
251 52 0
257 52 0
261 52 0
263 52 0
247 53 0
249 53 0
250 53 0
254 53 0
255 53 0
258 53 0
311 53 0
317 53 0
194 54 0
216 54 0
248 54 0
249 54 0
258 54 0
311 54 0
317 54 0
193 55 0
195 55 0
263 55 0
305 55 0
317 55 0
221 56 0
260 56 0
261 56 0
262 56 0
263 56 0
275 56 0
276 56 0
316 56 0
317 56 0
206 57 0
223 57 0
230 57 0
257 57 0
258 57 0
259 57 0
260 57 0
298 57 0
210 58 0
221 58 0
252 58 0
215 59 0
216 59 0
231 59 0
255 59 0
256 59 0
278 59 0
258 60 0
259 60 0
263 60 0
266 60 0
267 60 0
222 61 0
223 61 0
246 61 0
247 61 0
259 61 0
260 61 0
262 61 0
271 61 0
334 61 0
221 62 0
222 62 0
226 62 0
227 62 0
233 62 0
253 62 0
254 62 0
262 62 0
263 62 0
264 62 0
265 62 0
266 62 0
271 62 0
315 62 0
317 62 0
215 63 0
226 63 0
252 63 0
253 63 0
255 63 0
257 63 0
258 63 0
265 63 0
266 63 0
267 63 0
268 63 0
270 63 0
275 63 0
309 63 0
310 63 0
311 63 0
312 63 0
314 63 0
315 63 0
214 64 0
218 64 0
219 64 0
225 64 0
226 64 0
245 64 0
246 64 0
257 64 0
258 64 0
259 64 0
260 64 0
261 64 0
267 64 0
268 64 0
270 64 0
279 64 0
295 64 0
296 64 0
314 64 0
205 65 0
218 65 0
231 65 0
233 65 0
240 65 0
256 65 0
259 65 0
260 65 0
261 65 0
262 65 0
263 65 0
272 65 0
273 65 0
282 65 0
283 65 0
308 65 0
309 65 0
310 65 0
311 65 0
190 66 0
204 66 0
205 66 0
218 66 0
233 66 0
240 66 0
261 66 0
262 66 0
263 66 0
264 66 0
265 66 0
274 66 0
283 66 0
287 66 0
309 66 0
310 66 0
311 66 0
313 66 0
218 67 0
219 67 0
226 67 0
231 67 0
232 67 0
233 67 0
260 67 0
266 67 0
267 67 0
268 67 0
269 67 0
270 67 0
276 67 0
277 67 0
278 67 0
287 67 0
308 67 0
309 67 0
310 67 0
311 67 0
312 67 0
321 67 0
326 67 0
327 67 0
218 68 0
222 68 0
230 68 0
231 68 0
254 68 0
267 68 0
270 68 0
273 68 0
274 68 0
279 68 0
280 68 0
287 68 0
290 68 0
291 68 0
308 68 0
207 69 0
217 69 0
218 69 0
222 69 0
223 69 0
229 69 0
230 69 0
233 69 0
235 69 0
254 69 0
275 69 0
276 69 0
282 69 0
291 69 0
309 69 0
214 70 0
215 70 0
216 70 0
217 70 0
218 70 0
221 70 0
222 70 0
229 70 0
230 70 0
248 70 0
249 70 0
253 70 0
258 70 0
266 70 0
286 70 0
288 70 0
306 70 0
311 70 0
183 71 0
205 71 0
206 71 0
214 71 0
216 71 0
221 71 0
222 71 0
228 71 0
231 71 0
235 71 0
257 71 0
267 71 0
281 71 0
288 71 0
289 71 0
306 71 0
307 71 0
308 71 0
309 71 0
310 71 0
311 71 0
182 72 0
203 72 0
213 72 0
214 72 0
216 72 0
219 72 0
223 72 0
225 72 0
231 72 0
248 72 0
252 72 0
266 72 0
288 72 0
290 72 0
291 72 0
324 72 0
325 72 0
182 73 0
208 73 0
209 73 0
213 73 0
219 73 0
220 73 0
222 73 0
224 73 0
227 73 0
265 73 0
292 73 0
293 73 0
294 73 0
299 73 0
304 73 0
181 74 0
204 74 0
205 74 0
206 74 0
219 74 0
220 74 0
222 74 0
223 74 0
224 74 0
225 74 0
226 74 0
227 74 0
230 74 0
250 74 0
264 74 0
176 75 0
180 75 0
213 75 0
216 75 0
217 75 0
222 75 0
223 75 0
224 75 0
225 75 0
226 75 0
227 75 0
229 75 0
230 75 0
231 75 0
233 75 0
235 75 0
270 75 0
271 75 0
272 75 0
329 75 0
332 75 0
178 76 0
182 76 0
226 76 0
227 76 0
230 76 0
231 76 0
232 76 0
233 76 0
234 76 0
255 76 0
270 76 0
273 76 0
301 76 0
329 76 0
177 77 0
178 77 0
222 77 0
229 77 0
230 77 0
306 77 0
328 77 0
329 77 0
176 78 0
177 78 0
248 78 0
260 78 0
261 78 0
307 78 0
308 78 0
327 78 0
328 78 0
329 78 0
175 79 0
176 79 0
224 79 0
225 79 0
228 79 0
248 79 0
253 79 0
260 79 0
286 79 0
309 79 0
310 79 0
311 79 0
318 79 0
319 79 0
320 79 0
328 79 0
174 80 0
175 80 0
177 80 0
178 80 0
247 80 0
259 80 0
270 80 0
275 80 0
280 80 0
285 80 0
286 80 0
287 80 0
313 80 0
319 80 0
173 81 0
174 81 0
176 81 0
177 81 0
238 81 0
246 81 0
252 81 0
257 81 0
262 81 0
285 81 0
172 82 0
173 82 0
175 82 0
176 82 0
177 82 0
178 82 0
209 82 0
210 82 0
212 82 0
232 82 0
246 82 0
283 82 0
284 82 0
171 83 0
174 83 0
175 83 0
210 83 0
211 83 0
214 83 0
237 83 0
238 83 0
245 83 0
260 83 0
262 83 0
263 83 0
264 83 0
283 83 0
170 84 0
171 84 0
173 84 0
174 84 0
212 84 0
225 84 0
240 84 0
241 84 0
245 84 0
249 84 0
250 84 0
262 84 0
274 84 0
277 84 0
282 84 0
283 84 0
169 85 0
170 85 0
172 85 0
173 85 0
216 85 0
218 85 0
219 85 0
236 85 0
244 85 0
250 85 0
276 85 0
278 85 0
282 85 0
168 86 0
171 86 0
172 86 0
166 87 0
167 87 0
170 87 0
171 87 0
215 87 0
233 87 0
166 88 0
167 88 0
169 88 0
170 88 0
217 88 0
221 88 0
238 88 0
257 88 0
267 88 0
271 88 0
272 88 0
276 88 0
162 89 0
163 89 0
168 89 0
169 89 0
220 89 0
221 89 0
222 89 0
162 90 0
163 90 0
164 90 0
167 90 0
168 90 0
220 90 0
221 90 0
222 90 0
262 90 0
263 90 0
264 90 0
265 90 0
266 90 0
274 90 0
275 90 0
278 90 0
279 90 0
287 90 0
166 91 0
221 91 0
222 91 0
256 91 0
261 91 0
262 91 0
263 91 0
264 91 0
274 91 0
219 92 0
221 92 0
245 92 0
246 92 0
247 92 0
248 92 0
249 92 0
250 92 0
251 92 0
261 92 0
161 93 0
220 93 0
235 93 0
236 93 0
237 93 0
242 93 0
243 93 0
245 93 0
247 93 0
248 93 0
250 93 0
251 93 0
253 93 0
161 94 0
234 94 0
246 94 0
247 94 0
254 94 0
262 94 0
263 94 0
264 94 0
265 94 0
222 95 0
246 95 0
247 95 0
248 95 0
249 95 0
250 95 0
251 95 0
252 95 0
253 95 0
254 95 0
265 95 0
266 95 0
267 95 0
268 95 0
276 95 0
278 95 0
279 95 0
280 95 0
286 95 0
288 95 0
159 96 0
160 96 0
239 96 0
242 96 0
251 96 0
261 96 0
262 96 0
265 96 0
267 96 0
279 96 0
158 97 0
159 97 0
250 97 0
263 97 0
264 97 0
267 97 0
280 97 0
281 97 0
286 97 0
156 98 0
157 98 0
158 98 0
230 98 0
264 98 0
266 98 0
267 98 0
268 98 0
279 98 0
280 98 0
285 98 0
286 98 0
160 99 0
162 99 0
231 99 0
265 99 0
285 99 0
161 100 0
222 100 0
224 100 0
266 100 0
269 100 0
160 101 0
264 101 0
266 101 0
269 101 0
270 101 0
283 101 0
288 101 0
154 102 0
160 102 0
161 102 0
240 102 0
262 102 0
264 102 0
265 102 0
266 102 0
151 103 0
153 103 0
155 103 0
156 103 0
159 103 0
160 103 0
266 103 0
284 103 0
152 104 0
155 104 0
267 104 0
268 104 0
158 105 0
146 106 0
149 106 0
225 106 0
226 106 0
273 106 0
274 106 0
284 106 0
148 107 0
224 107 0
225 107 0
232 107 0
224 108 0
224 109 0
262 109 0
283 110 0
267 111 0
144 112 0
275 112 0
276 112 0
277 112 0
252 113 0
275 113 0
277 113 0
278 113 0
279 113 0
280 113 0
143 114 0
144 114 0
148 114 0
278 114 0
279 114 0
280 114 0
153 115 0
154 115 0
155 115 0
260 115 0
261 115 0
262 115 0
265 115 0
278 115 0
279 115 0
280 115 0
281 115 0
282 115 0
147 116 0
153 116 0
154 116 0
244 116 0
256 116 0
259 116 0
277 116 0
278 116 0
146 117 0
154 117 0
244 117 0
251 117 0
268 117 0
277 117 0
278 117 0
153 118 0
159 118 0
217 118 0
243 118 0
249 118 0
250 118 0
251 118 0
256 118 0
152 119 0
153 119 0
222 119 0
244 119 0
247 119 0
248 119 0
249 119 0
152 120 0
222 120 0
244 120 0
258 120 0
263 120 0
268 120 0
236 121 0
237 121 0
266 121 0
282 121 0
283 121 0
207 122 0
216 122 0
241 122 0
242 122 0
284 122 0
285 122 0
286 122 0
135 123 0
221 123 0
235 123 0
237 123 0
238 123 0
241 123 0
282 123 0
286 123 0
130 124 0
133 124 0
134 124 0
135 124 0
159 124 0
205 124 0
220 124 0
240 124 0
241 124 0
269 124 0
270 124 0
271 124 0
272 124 0
282 124 0
283 124 0
134 125 0
135 125 0
215 125 0
220 125 0
240 125 0
241 125 0
281 125 0
282 125 0
283 125 0
131 126 0
134 126 0
219 126 0
239 126 0
240 126 0
277 126 0
278 126 0
284 126 0
285 126 0
287 126 0
133 127 0
219 127 0
239 127 0
240 127 0
276 127 0
277 127 0
278 127 0
279 127 0
280 127 0
212 128 0
213 128 0
279 128 0
280 128 0
281 128 0
133 129 0
165 129 0
277 129 0
278 129 0
280 129 0
282 129 0
283 129 0
133 130 0
136 130 0
165 130 0
212 130 0
239 130 0
246 130 0
258 130 0
136 131 0
157 131 0
163 131 0
164 131 0
169 131 0
212 131 0
239 131 0
258 131 0
277 131 0
124 132 0
125 132 0
132 132 0
135 132 0
157 132 0
163 132 0
164 132 0
168 132 0
212 132 0
243 132 0
272 132 0
124 133 0
156 133 0
157 133 0
158 133 0
159 133 0
162 133 0
163 133 0
164 133 0
168 133 0
175 133 0
182 133 0
183 133 0
238 133 0
257 133 0
139 134 0
156 134 0
157 134 0
158 134 0
162 134 0
163 134 0
182 134 0
206 134 0
207 134 0
208 134 0
234 134 0
235 134 0
239 134 0
156 135 0
157 135 0
162 135 0
163 135 0
172 135 0
174 135 0
188 135 0
193 135 0
205 135 0
234 135 0
239 135 0
285 135 0
122 136 0
123 136 0
130 136 0
133 136 0
162 136 0
163 136 0
172 136 0
174 136 0
188 136 0
192 136 0
205 136 0
234 136 0
235 136 0
236 136 0
239 136 0
121 137 0
122 137 0
129 137 0
133 137 0
158 137 0
159 137 0
161 137 0
162 137 0
174 137 0
181 137 0
182 137 0
188 137 0
239 137 0
129 138 0
132 138 0
161 138 0
162 138 0
181 138 0
182 138 0
197 138 0
207 138 0
239 138 0
276 138 0
285 138 0
128 139 0
132 139 0
162 139 0
229 139 0
230 139 0
285 139 0
128 140 0
131 140 0
154 140 0
166 140 0
173 140 0
187 140 0
191 140 0
200 140 0
240 140 0
285 140 0
119 141 0
120 141 0
127 141 0
131 141 0
154 141 0
160 141 0
161 141 0
180 141 0
190 141 0
227 141 0
228 141 0
238 141 0
239 141 0
270 141 0
119 142 0
152 142 0
161 142 0
165 142 0
179 142 0
180 142 0
224 142 0
225 142 0
285 142 0
159 143 0
172 143 0
180 143 0
197 143 0
222 143 0
273 143 0
159 144 0
165 144 0
172 144 0
220 144 0
221 144 0
258 144 0
260 144 0
261 144 0
262 144 0
285 144 0
125 145 0
152 145 0
160 145 0
178 145 0
219 145 0
220 145 0
279 145 0
116 146 0
117 146 0
125 146 0
128 146 0
152 146 0
160 146 0
169 146 0
178 146 0
179 146 0
218 146 0
219 146 0
256 146 0
279 146 0
285 146 0
116 147 0
117 147 0
128 147 0
150 147 0
151 147 0
152 147 0
158 147 0
179 147 0
213 147 0
218 147 0
235 147 0
236 147 0
240 147 0
252 147 0
253 147 0
254 147 0
255 147 0
278 147 0
127 148 0
150 148 0
151 148 0
159 148 0
168 148 0
276 148 0
277 148 0
285 148 0
159 149 0
230 149 0
272 149 0
273 149 0
274 149 0
275 149 0
276 149 0
115 150 0
149 150 0
170 150 0
177 150 0
178 150 0
216 150 0
261 150 0
262 150 0
266 150 0
270 150 0
271 150 0
272 150 0
113 151 0
115 151 0
149 151 0
158 151 0
177 151 0
178 151 0
214 151 0
228 151 0
240 151 0
241 151 0
280 151 0
281 151 0
282 151 0
113 152 0
114 152 0
148 152 0
149 152 0
150 152 0
158 152 0
177 152 0
178 152 0
210 152 0
224 152 0
225 152 0
227 152 0
240 152 0
241 152 0
242 152 0
247 152 0
248 152 0
249 152 0
282 152 0
148 153 0
156 153 0
184 153 0
186 153 0
209 153 0
224 153 0
234 153 0
235 153 0
236 153 0
247 153 0
248 153 0
249 153 0
254 153 0
255 153 0
157 154 0
169 154 0
234 154 0
235 154 0
236 154 0
255 154 0
260 154 0
261 154 0
268 154 0
275 154 0
157 155 0
161 155 0
176 155 0
196 155 0
234 155 0
235 155 0
267 155 0
268 155 0
269 155 0
275 155 0
111 156 0
112 156 0
161 156 0
168 156 0
176 156 0
177 156 0
196 156 0
213 156 0
225 156 0
110 157 0
161 157 0
168 157 0
183 157 0
232 157 0
161 158 0
168 158 0
233 158 0
262 158 0
277 158 0
165 159 0
232 159 0
233 159 0
266 159 0
267 159 0
268 159 0
276 159 0
277 159 0
165 160 0
174 160 0
175 160 0
224 160 0
233 160 0
242 160 0
244 160 0
266 160 0
268 160 0
165 161 0
174 161 0
175 161 0
176 161 0
268 161 0
271 161 0
280 161 0
281 161 0
175 162 0
231 162 0
232 162 0
241 162 0
281 162 0
282 162 0
141 163 0
164 163 0
231 163 0
232 163 0
282 163 0
121 164 0
186 164 0
218 164 0
219 164 0
220 164 0
231 164 0
232 164 0
130 165 0
166 165 0
173 165 0
174 165 0
173 166 0
174 166 0
181 166 0
173 167 0
174 167 0
222 167 0
231 167 0
249 167 0
250 167 0
241 168 0
242 168 0
243 168 0
244 168 0
245 168 0
256 168 0
164 169 0
262 169 0
265 169 0
126 170 0
231 170 0
232 170 0
241 170 0
280 170 0
281 170 0
125 171 0
171 171 0
241 171 0
283 171 0
284 171 0
173 172 0
241 172 0
98 173 0
172 173 0
231 173 0
241 173 0
252 173 0
220 174 0
231 175 0
232 175 0
169 176 0
170 176 0
241 176 0
275 176 0
276 176 0
281 176 0
282 176 0
283 176 0
95 177 0
168 177 0
169 177 0
170 177 0
284 177 0
285 177 0
163 178 0
164 178 0
231 178 0
270 178 0
278 178 0
231 179 0
241 179 0
253 179 0
254 179 0
241 180 0
88 181 0
89 181 0
111 181 0
231 181 0
232 181 0
241 181 0
87 182 0
110 182 0
141 183 0
93 184 0
141 184 0
242 184 0
243 184 0
85 185 0
95 185 0
127 185 0
242 185 0
243 185 0
244 185 0
245 185 0
246 185 0
247 185 0
125 186 0
126 186 0
183 186 0
245 186 0
248 186 0
249 186 0
250 186 0
251 186 0
252 186 0
253 186 0
94 187 0
125 187 0
239 187 0
245 187 0
246 187 0
247 187 0
253 187 0
254 187 0
255 187 0
256 187 0
124 188 0
127 188 0
248 188 0
249 188 0
250 188 0
251 188 0
88 189 0
92 189 0
123 189 0
125 189 0
252 189 0
253 189 0
254 189 0
122 190 0
128 190 0
132 190 0
139 190 0
140 190 0
79 191 0
121 191 0
122 191 0
128 191 0
255 191 0
121 192 0
128 192 0
240 192 0
241 192 0
246 192 0
247 192 0
248 192 0
249 192 0
250 192 0
251 192 0
252 192 0
256 192 0
257 192 0
275 192 0
120 193 0
121 193 0
122 193 0
128 193 0
241 193 0
242 193 0
243 193 0
252 193 0
253 193 0
254 193 0
255 193 0
256 193 0
120 194 0
128 194 0
231 194 0
249 195 0
117 196 0
194 196 0
255 196 0
116 197 0
138 197 0
139 197 0
140 197 0
246 197 0
257 197 0
259 197 0
127 198 0
230 198 0
245 198 0
250 198 0
190 199 0
254 199 0
255 199 0
260 199 0
114 200 0
124 200 0
189 200 0
247 200 0
257 200 0
258 200 0
261 200 0
113 201 0
231 201 0
242 201 0
111 202 0
112 202 0
142 202 0
145 202 0
153 202 0
131 203 0
134 203 0
142 203 0
145 203 0
259 203 0
261 203 0
110 204 0
136 204 0
144 204 0
265 204 0
109 205 0
112 205 0
253 205 0
254 205 0
130 206 0
139 206 0
144 206 0
222 206 0
255 206 0
257 206 0
259 206 0
144 207 0
257 207 0
258 207 0
259 207 0
260 207 0
261 207 0
262 207 0
263 207 0
264 207 0
138 208 0
144 208 0
222 208 0
230 208 0
255 208 0
256 208 0
262 208 0
263 208 0
268 208 0
269 208 0
135 209 0
138 209 0
141 209 0
257 209 0
258 209 0
269 209 0
129 210 0
130 210 0
138 210 0
258 210 0
259 210 0
260 210 0
261 210 0
262 210 0
271 210 0
280 211 0
231 216 0
191 222 0
230 224 0
243 228 0
244 228 0
245 228 0
246 228 0
249 228 0
250 228 0
251 228 0
274 228 0
246 229 0
213 230 0
245 230 0
246 230 0
247 230 0
248 230 0
249 230 0
251 230 0
252 230 0
244 232 0
245 232 0
247 232 0
248 232 0
249 232 0
250 232 0
251 232 0
252 232 0
246 233 0
249 233 0
250 233 0
199 234 0
197 235 0
199 235 0
243 235 0
244 235 0
245 235 0
246 235 0
247 235 0
248 235 0
250 235 0
251 235 0
252 235 0
251 236 0
244 237 0
245 237 0
249 237 0
250 237 0
251 237 0
252 237 0
257 238 0
258 238 0
259 238 0
260 238 0
266 238 0
267 238 0
268 238 0
269 238 0
276 238 0
277 238 0
278 238 0
279 238 0
208 239 0
244 239 0
245 239 0
246 239 0
247 239 0
248 239 0
249 239 0
250 239 0
251 239 0
257 239 0
258 239 0
259 239 0
266 239 0
267 239 0
268 239 0
269 239 0
276 239 0
277 239 0
278 239 0
248 240 0
249 240 0
268 240 0
278 240 0
245 242 0
246 242 0
243 243 0
245 243 0
246 243 0
247 243 0
248 243 0
249 243 0
250 243 0
251 243 0
252 243 0
246 244 0
247 244 0
248 244 0
250 244 0
251 244 0
252 244 0
242 246 0
243 246 0
244 246 0
245 246 0
246 246 0
247 246 0
248 246 0
249 246 0
250 246 0
251 246 0
251 247 0
252 247 0
241 249 0
337 256 0
275 257 0
230 1 1
146 2 1
159 2 1
194 2 1
196 2 1
210 2 1
212 2 1
249 2 1
277 2 1
175 3 1
181 3 1
193 3 1
194 3 1
196 3 1
197 3 1
207 3 1
209 3 1
210 3 1
282 3 1
289 3 1
299 3 1
147 4 1
181 4 1
194 4 1
196 4 1
207 4 1
208 4 1
289 4 1
155 5 1
162 5 1
170 5 1
174 5 1
194 5 1
207 5 1
209 5 1
210 5 1
137 6 1
194 6 1
207 6 1
227 6 1
248 6 1
249 6 1
137 7 1
138 7 1
141 7 1
142 7 1
145 7 1
171 7 1
196 7 1
197 7 1
247 7 1
248 7 1
249 7 1
265 7 1
150 8 1
152 8 1
178 8 1
234 8 1
247 8 1
248 8 1
249 8 1
264 8 1
265 8 1
287 8 1
135 9 1
176 9 1
193 9 1
194 9 1
195 9 1
196 9 1
206 9 1
207 9 1
208 9 1
209 9 1
228 9 1
247 9 1
248 9 1
249 9 1
265 9 1
268 9 1
145 10 1
193 10 1
195 10 1
206 10 1
208 10 1
251 10 1
281 10 1
169 11 1
179 11 1
193 11 1
194 11 1
195 11 1
205 11 1
206 11 1
208 11 1
151 12 1
174 12 1
176 12 1
193 12 1
195 12 1
206 12 1
252 12 1
274 12 1
275 12 1
170 13 1
193 13 1
206 13 1
246 13 1
247 13 1
266 13 1
195 14 1
226 14 1
246 14 1
247 14 1
156 15 1
246 15 1
247 15 1
192 16 1
275 16 1
192 17 1
194 17 1
207 17 1
247 17 1
191 18 1
192 18 1
193 18 1
194 18 1
246 18 1
300 18 1
167 19 1
191 19 1
192 19 1
193 19 1
194 19 1
246 19 1
249 19 1
194 20 1
244 20 1
245 20 1
283 20 1
244 21 1
245 21 1
191 22 1
244 22 1
245 22 1
190 23 1
191 23 1
244 23 1
321 23 1
190 24 1
191 24 1
192 24 1
193 24 1
245 24 1
190 25 1
192 25 1
193 25 1
190 26 1
266 26 1
190 27 1
192 27 1
244 27 1
243 28 1
244 28 1
318 28 1
243 29 1
318 29 1
243 30 1
308 30 1
318 30 1
319 30 1
189 31 1
243 31 1
307 31 1
318 31 1
319 31 1
319 32 1
191 33 1
182 34 1
312 34 1
319 34 1
242 35 1
241 36 1
242 36 1
311 36 1
316 38 1
316 39 1
317 39 1
315 40 1
316 40 1
317 40 1
305 41 1
317 41 1
309 44 1
336 46 1
340 46 1
341 53 1
341 54 1
341 55 1
339 63 1
142 10 2
143 10 2
138 11 2
139 11 2
136 12 2
134 13 2
131 14 2
128 15 2
125 16 2
122 17 2
101 25 2
102 26 2
91 29 2
88 30 2
89 30 2
86 31 2
83 32 2
84 32 2
85 32 2
80 33 2
81 33 2
16 55 2
318 115 2
319 116 2
321 116 2
316 117 2
319 117 2
320 117 2
321 117 2
324 117 2
325 117 2
326 117 2
316 118 2
317 118 2
318 118 2
323 118 2
324 118 2
325 118 2
317 119 2
318 119 2
319 119 2
320 119 2
321 119 2
322 119 2
330 119 2
313 120 2
314 120 2
315 120 2
316 120 2
317 120 2
318 120 2
319 120 2
320 120 2
321 120 2
324 120 2
313 121 2
314 121 2
315 121 2
316 121 2
317 121 2
318 121 2
320 121 2
321 121 2
322 121 2
328 121 2
329 121 2
316 122 2
325 122 2
326 122 2
327 122 2
331 122 2
332 123 2
332 124 2
308 125 2
309 125 2
310 125 2
311 125 2
332 125 2
307 126 2
308 126 2
309 126 2
310 126 2
311 126 2
312 126 2
313 126 2
306 127 2
307 127 2
308 127 2
310 127 2
311 127 2
312 127 2
305 128 2
306 128 2
307 128 2
308 128 2
309 128 2
310 128 2
317 128 2
318 128 2
319 128 2
305 129 2
306 129 2
307 129 2
308 129 2
309 129 2
318 129 2
334 129 2
307 130 2
318 130 2
334 130 2
336 130 2
314 131 2
318 131 2
297 132 2
298 132 2
299 132 2
319 132 2
296 133 2
297 133 2
299 133 2
300 133 2
302 133 2
312 133 2
319 133 2
296 134 2
297 134 2
298 134 2
299 134 2
300 134 2
301 134 2
302 134 2
312 134 2
313 134 2
314 134 2
320 134 2
296 135 2
297 135 2
298 135 2
299 135 2
300 135 2
301 135 2
302 135 2
304 135 2
305 135 2
313 135 2
314 135 2
320 135 2
296 136 2
297 136 2
298 136 2
299 136 2
300 136 2
301 136 2
302 136 2
303 136 2
304 136 2
305 136 2
313 136 2
314 136 2
321 136 2
337 136 2
295 137 2
296 137 2
298 137 2
299 137 2
300 137 2
301 137 2
302 137 2
303 137 2
304 137 2
306 137 2
312 137 2
313 137 2
314 137 2
315 137 2
321 137 2
336 137 2
337 137 2
341 137 2
342 137 2
296 138 2
297 138 2
298 138 2
299 138 2
301 138 2
302 138 2
312 138 2
313 138 2
315 138 2
321 138 2
322 138 2
336 138 2
342 138 2
343 138 2
296 139 2
297 139 2
299 139 2
300 139 2
302 139 2
303 139 2
313 139 2
315 139 2
321 139 2
322 139 2
336 139 2
342 139 2
343 139 2
297 140 2
299 140 2
300 140 2
303 140 2
304 140 2
313 140 2
317 140 2
322 140 2
323 140 2
342 140 2
343 140 2
298 141 2
299 141 2
314 141 2
316 141 2
322 141 2
323 141 2
324 141 2
336 141 2
342 141 2
299 142 2
300 142 2
305 142 2
323 142 2
342 142 2
305 143 2
306 143 2
323 143 2
324 143 2
336 143 2
342 143 2
304 144 2
305 144 2
306 144 2
312 144 2
315 144 2
324 144 2
342 144 2
305 145 2
312 145 2
314 145 2
319 145 2
324 145 2
325 145 2
340 145 2
305 146 2
325 146 2
343 146 2
306 147 2
314 147 2
315 147 2
321 147 2
322 147 2
326 147 2
335 147 2
342 147 2
343 147 2
314 148 2
320 148 2
321 148 2
342 148 2
308 149 2
319 149 2
342 149 2
308 150 2
316 150 2
317 150 2
318 150 2
343 150 2
309 151 2
316 151 2
310 152 2
316 152 2
340 152 2
341 152 2
314 153 2
341 153 2
342 153 2
338 154 2
338 157 2
326 159 2
327 159 2
325 160 2
326 160 2
327 160 2
331 160 2
332 160 2
333 160 2
334 160 2
324 161 2
325 161 2
328 161 2
329 161 2
331 161 2
332 161 2
333 161 2
322 162 2
323 162 2
324 162 2
330 162 2
331 162 2
332 162 2
336 162 2
321 163 2
322 163 2
323 163 2
330 163 2
331 163 2
332 163 2
337 163 2
320 164 2
321 164 2
330 164 2
331 164 2
332 164 2
337 164 2
338 164 2
320 165 2
321 165 2
331 165 2
332 165 2
333 165 2
338 165 2
339 165 2
320 166 2
321 166 2
331 166 2
332 166 2
333 166 2
334 166 2
339 166 2
321 167 2
331 167 2
332 167 2
333 167 2
334 167 2
339 167 2
340 167 2
324 168 2
325 168 2
330 168 2
331 168 2
332 168 2
333 168 2
334 168 2
335 168 2
340 168 2
341 168 2
323 169 2
329 169 2
330 169 2
334 169 2
335 169 2
338 169 2
342 169 2
343 169 2
328 170 2
329 170 2
335 170 2
336 170 2
338 170 2
339 170 2
342 170 2
335 171 2
336 171 2
338 171 2
339 171 2
336 172 2
337 172 2
339 172 2
184 74 3
185 74 3
186 74 3
182 75 3
183 75 3
184 75 3
185 75 3
182 76 3
183 76 3
191 76 3
192 76 3
181 77 3
182 77 3
191 77 3
192 77 3
193 77 3
181 78 3
194 78 3
194 79 3
179 80 3
180 80 3
184 80 3
183 81 3
184 81 3
202 81 3
203 81 3
204 81 3
178 82 3
182 82 3
197 82 3
206 82 3
182 83 3
201 83 3
206 83 3
178 84 3
181 84 3
182 84 3
199 84 3
201 84 3
205 84 3
206 84 3
181 85 3
182 85 3
188 85 3
200 85 3
205 85 3
206 85 3
181 86 3
182 86 3
189 86 3
205 86 3
206 86 3
180 87 3
181 87 3
182 87 3
188 87 3
189 87 3
190 87 3
206 87 3
207 87 3
208 87 3
177 88 3
179 88 3
180 88 3
181 88 3
191 88 3
203 88 3
207 88 3
208 88 3
177 89 3
179 89 3
180 89 3
191 89 3
208 89 3
177 90 3
178 90 3
179 90 3
195 90 3
208 90 3
177 91 3
178 91 3
193 91 3
177 92 3
193 92 3
194 92 3
195 93 3
206 93 3
207 93 3
211 93 3
168 94 3
169 94 3
174 94 3
211 94 3
166 95 3
167 95 3
168 95 3
174 95 3
165 96 3
166 96 3
173 96 3
174 96 3
191 96 3
198 96 3
164 97 3
165 97 3
163 98 3
164 98 3
165 98 3
199 98 3
162 99 3
163 99 3
164 99 3
208 99 3
162 100 3
163 100 3
189 100 3
192 100 3
193 100 3
202 100 3
208 100 3
209 100 3
210 100 3
211 100 3
206 101 3
207 101 3
208 101 3
209 101 3
210 101 3
211 101 3
165 102 3
166 102 3
205 102 3
206 102 3
207 102 3
208 102 3
210 102 3
211 102 3
165 103 3
205 103 3
206 103 3
209 103 3
210 103 3
211 103 3
161 104 3
164 104 3
165 104 3
197 104 3
198 104 3
199 104 3
208 104 3
209 104 3
210 104 3
160 105 3
164 105 3
165 105 3
198 105 3
199 105 3
205 105 3
206 105 3
207 105 3
208 105 3
164 106 3
165 106 3
198 106 3
199 106 3
204 106 3
205 106 3
206 106 3
164 107 3
165 107 3
197 107 3
198 107 3
199 107 3
205 107 3
164 108 3
165 108 3
197 108 3
198 108 3
204 108 3
164 109 3
165 109 3
196 109 3
197 109 3
198 109 3
199 109 3
195 110 3
196 110 3
197 110 3
198 110 3
199 110 3
165 111 3
194 111 3
195 111 3
196 111 3
197 111 3
198 111 3
199 111 3
165 112 3
166 112 3
167 112 3
193 112 3
194 112 3
197 112 3
198 112 3
192 113 3
193 113 3
195 113 3
167 114 3
168 114 3
169 114 3
189 114 3
191 114 3
192 114 3
168 115 3
169 115 3
189 115 3
190 115 3
191 115 3
168 116 3
169 116 3
174 116 3
188 116 3
189 116 3
190 116 3
191 116 3
167 117 3
168 117 3
169 117 3
174 117 3
188 117 3
189 117 3
190 117 3
168 118 3
170 118 3
189 118 3
169 119 3
170 119 3
185 119 3
189 119 3
190 119 3
191 119 3
192 119 3
185 120 3
189 120 3
190 120 3
191 120 3
192 120 3
173 121 3
182 121 3
188 121 3
189 121 3
190 121 3
192 121 3
193 121 3
173 122 3
175 122 3
181 122 3
182 122 3
187 122 3
188 122 3
189 122 3
191 122 3
192 122 3
174 123 3
175 123 3
179 123 3
180 123 3
181 123 3
182 123 3
186 123 3
190 123 3
191 123 3
171 124 3
174 124 3
175 124 3
177 124 3
179 124 3
180 124 3
181 124 3
190 124 3
175 125 3
176 125 3
177 125 3
178 125 3
179 125 3
181 125 3
188 125 3
189 125 3
175 126 3
176 126 3
178 126 3
179 126 3
180 126 3
181 126 3
186 126 3
187 126 3
180 127 3
181 127 3
184 127 3
185 127 3
186 127 3
187 127 3
181 128 3
182 128 3
184 128 3
185 128 3
186 128 3
186 129 3
