211 1 0
212 1 0
109 2 0
160 2 0
171 2 0
211 2 0
212 2 0
213 2 0
214 2 0
215 2 0
216 2 0
162 3 0
171 3 0
172 3 0
173 3 0
217 3 0
218 3 0
219 3 0
220 3 0
221 3 0
162 4 0
163 4 0
171 4 0
172 4 0
173 4 0
184 4 0
186 4 0
222 4 0
223 4 0
172 5 0
184 5 0
223 5 0
325 5 0
118 6 0
119 6 0
120 6 0
162 6 0
164 6 0
184 6 0
185 6 0
223 6 0
224 6 0
128 7 0
164 7 0
165 7 0
166 7 0
171 7 0
183 7 0
184 7 0
185 7 0
223 7 0
136 8 0
162 8 0
170 8 0
171 8 0
184 8 0
185 8 0
223 8 0
224 8 0
170 9 0
172 9 0
183 9 0
186 9 0
188 9 0
223 9 0
154 10 0
170 10 0
189 10 0
190 10 0
223 10 0
172 11 0
185 11 0
186 11 0
187 11 0
188 11 0
189 11 0
190 11 0
222 11 0
172 12 0
173 12 0
188 12 0
189 12 0
190 12 0
222 12 0
227 12 0
238 12 0
182 13 0
188 13 0
189 13 0
190 13 0
191 13 0
222 13 0
226 13 0
297 13 0
182 14 0
189 14 0
190 14 0
222 14 0
255 14 0
185 15 0
186 15 0
188 15 0
189 15 0
190 15 0
222 15 0
247 15 0
190 16 0
191 16 0
222 16 0
248 16 0
193 17 0
194 17 0
195 17 0
196 17 0
259 17 0
221 18 0
233 18 0
241 18 0
250 18 0
281 18 0
198 19 0
202 19 0
203 19 0
204 19 0
221 19 0
246 19 0
207 20 0
221 20 0
244 20 0
190 21 0
210 21 0
211 21 0
221 21 0
244 21 0
188 22 0
221 22 0
259 24 0
339 24 0
341 24 0
340 25 0
341 25 0
342 25 0
343 25 0
344 25 0
229 26 0
230 26 0
336 26 0
231 27 0
232 27 0
333 27 0
335 28 0
239 29 0
335 29 0
160 30 0
227 30 0
335 30 0
336 30 0
337 30 0
338 30 0
339 30 0
340 30 0
338 31 0
339 31 0
340 31 0
341 31 0
342 31 0
292 32 0
293 32 0
294 32 0
295 32 0
299 32 0
300 32 0
227 33 0
300 33 0
302 33 0
296 34 0
297 34 0
257 35 0
285 35 0
290 35 0
294 35 0
264 36 0
293 36 0
233 37 0
264 37 0
289 37 0
290 37 0
294 37 0
296 37 0
297 37 0
298 37 0
290 38 0
291 38 0
238 39 0
261 39 0
291 39 0
292 39 0
292 40 0
258 41 0
263 41 0
292 41 0
293 41 0
301 41 0
218 42 0
219 42 0
232 42 0
235 42 0
293 42 0
219 43 0
232 43 0
235 43 0
321 43 0
226 44 0
227 44 0
231 44 0
235 44 0
255 44 0
260 44 0
321 44 0
219 45 0
235 45 0
291 45 0
320 45 0
230 46 0
235 46 0
291 46 0
292 46 0
304 46 0
320 46 0
230 47 0
238 47 0
239 47 0
283 47 0
292 47 0
304 47 0
224 48 0
293 48 0
297 48 0
298 48 0
229 49 0
228 50 0
246 50 0
293 51 0
227 52 0
293 52 0
173 53 0
175 53 0
214 54 0
225 54 0
227 54 0
265 54 0
292 54 0
308 54 0
219 55 0
228 55 0
292 55 0
188 56 0
199 56 0
218 56 0
219 56 0
221 56 0
260 56 0
266 56 0
195 57 0
204 57 0
213 57 0
220 57 0
221 57 0
233 57 0
259 57 0
185 58 0
190 58 0
204 58 0
220 58 0
221 58 0
222 58 0
223 58 0
225 58 0
227 58 0
236 58 0
223 59 0
225 59 0
226 59 0
227 59 0
228 59 0
229 59 0
238 59 0
240 59 0
249 59 0
206 60 0
227 60 0
232 60 0
233 60 0
241 60 0
242 60 0
287 60 0
289 60 0
290 60 0
183 61 0
227 61 0
228 61 0
229 61 0
233 61 0
234 61 0
235 61 0
236 61 0
237 61 0
244 61 0
245 61 0
235 62 0
236 62 0
237 62 0
238 62 0
239 62 0
240 62 0
247 62 0
238 63 0
240 63 0
241 63 0
242 63 0
243 63 0
244 63 0
250 63 0
260 63 0
261 63 0
285 63 0
288 63 0
223 64 0
243 64 0
244 64 0
245 64 0
246 64 0
252 64 0
265 64 0
266 64 0
289 64 0
290 64 0
293 64 0
196 65 0
197 65 0
198 65 0
224 65 0
225 65 0
245 65 0
246 65 0
247 65 0
248 65 0
249 65 0
250 65 0
251 65 0
255 65 0
268 65 0
247 66 0
251 66 0
252 66 0
253 66 0
254 66 0
268 66 0
214 67 0
254 67 0
255 67 0
256 67 0
257 67 0
259 67 0
195 68 0
209 68 0
256 68 0
257 68 0
258 68 0
260 68 0
264 68 0
160 69 0
161 69 0
209 69 0
210 69 0
211 69 0
212 69 0
213 69 0
258 69 0
259 69 0
260 69 0
261 69 0
280 69 0
162 70 0
200 70 0
210 70 0
213 70 0
214 70 0
215 70 0
227 70 0
261 70 0
262 70 0
263 70 0
160 71 0
202 71 0
203 71 0
242 71 0
264 71 0
265 71 0
164 72 0
165 72 0
203 72 0
206 72 0
214 72 0
227 72 0
265 72 0
267 72 0
276 72 0
299 72 0
166 73 0
200 73 0
201 73 0
209 73 0
243 73 0
267 73 0
271 73 0
288 73 0
300 73 0
171 74 0
200 74 0
201 74 0
202 74 0
207 74 0
269 74 0
271 74 0
282 74 0
172 75 0
243 75 0
248 75 0
254 75 0
273 75 0
274 75 0
286 75 0
184 76 0
242 76 0
248 76 0
249 76 0
267 76 0
288 76 0
182 77 0
205 77 0
208 77 0
264 77 0
209 78 0
238 78 0
261 78 0
281 78 0
284 78 0
294 78 0
189 79 0
211 79 0
238 79 0
258 79 0
297 79 0
298 79 0
189 80 0
258 80 0
287 80 0
288 80 0
167 81 0
192 81 0
256 81 0
258 81 0
259 81 0
289 81 0
161 82 0
165 82 0
166 82 0
167 82 0
187 82 0
192 82 0
193 82 0
194 82 0
220 82 0
242 82 0
190 83 0
195 83 0
197 83 0
198 83 0
162 84 0
167 84 0
190 84 0
192 84 0
198 84 0
199 84 0
200 84 0
201 84 0
242 84 0
164 85 0
165 85 0
166 85 0
167 85 0
189 85 0
193 85 0
194 85 0
199 85 0
200 85 0
201 85 0
202 85 0
203 85 0
243 85 0
165 86 0
199 86 0
216 86 0
217 86 0
239 86 0
243 86 0
244 86 0
163 87 0
188 87 0
240 87 0
244 87 0
260 87 0
187 88 0
201 88 0
213 88 0
241 88 0
242 88 0
261 88 0
142 89 0
155 89 0
161 89 0
187 89 0
199 89 0
241 89 0
242 89 0
243 89 0
244 89 0
219 90 0
220 90 0
227 90 0
230 90 0
244 90 0
249 90 0
139 91 0
146 91 0
147 91 0
185 91 0
198 91 0
219 91 0
220 91 0
224 91 0
225 91 0
226 91 0
227 91 0
229 91 0
231 91 0
232 91 0
233 91 0
240 91 0
244 91 0
249 91 0
250 91 0
251 91 0
252 91 0
263 91 0
147 92 0
148 92 0
150 92 0
151 92 0
152 92 0
217 92 0
218 92 0
223 92 0
224 92 0
225 92 0
228 92 0
232 92 0
233 92 0
241 92 0
244 92 0
245 92 0
246 92 0
264 92 0
266 92 0
150 93 0
151 93 0
152 93 0
153 93 0
154 93 0
155 93 0
193 93 0
194 93 0
214 93 0
215 93 0
219 93 0
224 93 0
226 93 0
228 93 0
232 93 0
245 93 0
246 93 0
264 93 0
265 93 0
154 94 0
157 94 0
214 94 0
229 94 0
234 94 0
241 94 0
246 94 0
247 94 0
256 94 0
264 94 0
241 95 0
242 95 0
243 95 0
133 96 0
137 96 0
169 96 0
243 96 0
246 96 0
247 96 0
248 96 0
139 97 0
140 97 0
168 97 0
222 97 0
229 97 0
230 97 0
235 97 0
243 97 0
244 97 0
245 97 0
248 97 0
264 97 0
265 97 0
135 98 0
138 98 0
139 98 0
159 98 0
180 98 0
181 98 0
217 98 0
218 98 0
223 98 0
243 98 0
244 98 0
245 98 0
265 98 0
267 98 0
135 99 0
136 99 0
179 99 0
180 99 0
218 99 0
243 99 0
245 99 0
261 99 0
267 99 0
133 100 0
147 100 0
179 100 0
195 100 0
210 100 0
220 100 0
224 100 0
240 100 0
241 100 0
242 100 0
243 100 0
244 100 0
247 100 0
249 100 0
261 100 0
135 101 0
136 101 0
140 101 0
179 101 0
224 101 0
225 101 0
238 101 0
242 101 0
243 101 0
244 101 0
245 101 0
246 101 0
134 102 0
135 102 0
136 102 0
145 102 0
225 102 0
226 103 0
258 103 0
129 104 0
131 104 0
145 104 0
146 104 0
175 104 0
177 104 0
201 104 0
202 104 0
224 104 0
227 104 0
228 104 0
230 104 0
236 104 0
237 104 0
128 105 0
142 105 0
175 105 0
224 105 0
249 105 0
128 106 0
129 106 0
197 106 0
198 106 0
230 106 0
247 106 0
260 106 0
126 107 0
155 107 0
214 107 0
227 107 0
231 107 0
232 107 0
188 108 0
234 108 0
143 109 0
173 109 0
184 109 0
188 109 0
221 109 0
236 109 0
158 110 0
171 110 0
241 110 0
242 110 0
255 110 0
256 110 0
257 110 0
258 110 0
266 110 0
144 111 0
214 111 0
222 111 0
251 111 0
258 111 0
259 111 0
126 112 0
144 112 0
146 112 0
215 112 0
216 112 0
222 112 0
234 112 0
247 112 0
258 112 0
183 113 0
216 113 0
217 113 0
218 113 0
225 113 0
232 113 0
250 113 0
256 113 0
257 113 0
127 114 0
128 114 0
129 114 0
150 114 0
194 114 0
203 114 0
211 114 0
214 114 0
218 114 0
219 114 0
232 114 0
238 114 0
247 114 0
257 114 0
126 115 0
127 115 0
129 115 0
132 115 0
182 115 0
213 115 0
232 115 0
238 115 0
248 115 0
256 115 0
257 115 0
258 115 0
259 115 0
125 116 0
126 116 0
132 116 0
181 116 0
214 116 0
231 116 0
258 116 0
259 116 0
260 116 0
118 117 0
125 117 0
126 117 0
182 117 0
227 117 0
229 117 0
230 117 0
231 117 0
232 117 0
131 118 0
171 118 0
228 118 0
229 118 0
261 118 0
262 118 0
130 119 0
131 119 0
141 119 0
142 119 0
148 119 0
153 119 0
177 119 0
261 119 0
262 119 0
264 119 0
123 120 0
130 120 0
131 120 0
164 120 0
165 120 0
178 120 0
262 120 0
264 120 0
267 120 0
123 121 0
124 121 0
125 121 0
126 121 0
127 121 0
128 121 0
129 121 0
163 121 0
164 121 0
190 121 0
262 121 0
122 122 0
210 122 0
233 122 0
234 122 0
170 123 0
174 123 0
181 123 0
209 123 0
211 123 0
234 123 0
235 123 0
139 124 0
140 124 0
154 124 0
155 124 0
164 124 0
170 124 0
199 124 0
207 124 0
210 124 0
211 124 0
212 124 0
236 124 0
111 125 0
112 125 0
156 125 0
184 125 0
199 125 0
207 125 0
212 125 0
237 125 0
111 126 0
112 126 0
135 126 0
136 126 0
153 126 0
154 126 0
157 126 0
158 126 0
160 126 0
169 126 0
184 126 0
208 126 0
209 126 0
238 126 0
111 127 0
127 127 0
154 127 0
157 127 0
158 127 0
160 127 0
162 127 0
163 127 0
164 127 0
165 127 0
167 127 0
184 127 0
185 127 0
186 127 0
193 127 0
198 127 0
208 127 0
209 127 0
110 128 0
111 128 0
133 128 0
156 128 0
157 128 0
158 128 0
160 128 0
161 128 0
163 128 0
164 128 0
165 128 0
166 128 0
167 128 0
168 128 0
188 128 0
198 128 0
204 128 0
210 128 0
108 129 0
110 129 0
150 129 0
155 129 0
157 129 0
158 129 0
160 129 0
163 129 0
164 129 0
165 129 0
166 129 0
167 129 0
168 129 0
198 129 0
204 129 0
205 129 0
206 129 0
208 129 0
108 130 0
142 130 0
143 130 0
155 130 0
157 130 0
158 130 0
160 130 0
163 130 0
165 130 0
167 130 0
198 130 0
199 130 0
204 130 0
205 130 0
206 130 0
207 130 0
208 130 0
112 131 0
147 131 0
154 131 0
158 131 0
160 131 0
163 131 0
165 131 0
167 131 0
199 131 0
203 131 0
204 131 0
205 131 0
206 131 0
207 131 0
208 131 0
109 132 0
112 132 0
141 132 0
142 132 0
154 132 0
163 132 0
165 132 0
199 132 0
200 132 0
201 132 0
204 132 0
205 132 0
206 132 0
207 132 0
109 133 0
135 133 0
136 133 0
141 133 0
142 133 0
161 133 0
168 133 0
199 133 0
200 133 0
201 133 0
202 133 0
203 133 0
204 133 0
205 133 0
130 134 0
134 134 0
135 134 0
136 134 0
140 134 0
141 134 0
142 134 0
153 134 0
160 134 0
161 134 0
172 134 0
201 134 0
202 134 0
203 134 0
204 134 0
115 135 0
116 135 0
130 135 0
134 135 0
136 135 0
137 135 0
140 135 0
141 135 0
142 135 0
153 135 0
160 135 0
167 135 0
201 135 0
202 135 0
116 136 0
124 136 0
131 136 0
134 136 0
136 136 0
137 136 0
140 136 0
141 136 0
146 136 0
147 136 0
153 136 0
202 136 0
203 136 0
124 137 0
133 137 0
134 137 0
135 137 0
137 137 0
141 137 0
147 137 0
160 137 0
98 138 0
109 138 0
110 138 0
122 138 0
123 138 0
124 138 0
125 138 0
126 138 0
127 138 0
133 138 0
135 138 0
137 138 0
139 138 0
148 138 0
159 138 0
160 138 0
171 138 0
98 139 0
99 139 0
107 139 0
109 139 0
110 139 0
124 139 0
125 139 0
127 139 0
128 139 0
129 139 0
130 139 0
135 139 0
139 139 0
152 139 0
159 139 0
173 139 0
98 140 0
109 140 0
129 140 0
130 140 0
136 140 0
137 140 0
166 140 0
105 141 0
109 141 0
136 141 0
140 141 0
152 141 0
166 141 0
184 141 0
104 142 0
130 142 0
139 142 0
151 142 0
159 142 0
166 142 0
169 142 0
171 142 0
107 143 0
108 143 0
123 143 0
139 143 0
145 143 0
151 143 0
158 143 0
159 143 0
173 143 0
174 143 0
176 143 0
188 143 0
139 144 0
146 144 0
158 144 0
165 144 0
194 144 0
94 145 0
111 145 0
122 145 0
123 145 0
124 145 0
131 145 0
143 145 0
148 145 0
176 145 0
193 145 0
194 145 0
112 146 0
132 146 0
133 146 0
150 146 0
158 146 0
169 146 0
176 146 0
194 146 0
195 146 0
103 147 0
135 147 0
138 147 0
142 147 0
143 147 0
147 147 0
157 147 0
158 147 0
177 147 0
194 147 0
195 147 0
196 147 0
104 148 0
105 148 0
142 148 0
143 148 0
144 148 0
147 148 0
156 148 0
157 148 0
158 148 0
166 148 0
179 148 0
93 149 0
101 149 0
105 149 0
129 149 0
137 149 0
144 149 0
171 149 0
173 149 0
190 149 0
93 150 0
101 150 0
104 150 0
134 150 0
135 150 0
136 150 0
137 150 0
145 150 0
178 150 0
190 150 0
91 151 0
100 151 0
101 151 0
120 151 0
122 151 0
128 151 0
129 151 0
135 151 0
136 151 0
157 151 0
190 151 0
195 151 0
196 151 0
101 152 0
132 152 0
155 152 0
156 152 0
157 152 0
180 152 0
195 152 0
197 152 0
198 152 0
126 153 0
132 153 0
133 153 0
148 153 0
155 153 0
156 153 0
166 153 0
182 153 0
192 153 0
194 153 0
198 153 0
199 153 0
317 153 0
89 154 0
90 154 0
126 154 0
127 154 0
134 154 0
136 154 0
175 154 0
182 154 0
188 154 0
199 154 0
200 154 0
316 154 0
317 154 0
320 154 0
321 154 0
89 155 0
90 155 0
127 155 0
140 155 0
141 155 0
147 155 0
164 155 0
165 155 0
166 155 0
168 155 0
169 155 0
176 155 0
184 155 0
188 155 0
193 155 0
201 155 0
319 155 0
320 155 0
321 155 0
322 155 0
88 156 0
89 156 0
90 156 0
127 156 0
135 156 0
140 156 0
142 156 0
147 156 0
155 156 0
156 156 0
166 156 0
168 156 0
169 156 0
185 156 0
188 156 0
219 156 0
116 157 0
126 157 0
134 157 0
135 157 0
142 157 0
143 157 0
147 157 0
154 157 0
155 157 0
156 157 0
203 157 0
204 157 0
78 158 0
116 158 0
120 158 0
126 158 0
133 158 0
134 158 0
139 158 0
143 158 0
144 158 0
154 158 0
155 158 0
162 158 0
203 158 0
134 159 0
139 159 0
144 159 0
203 159 0
205 159 0
206 159 0
207 159 0
226 159 0
87 160 0
123 160 0
146 160 0
207 160 0
208 160 0
225 160 0
226 160 0
227 160 0
85 161 0
87 161 0
124 161 0
125 161 0
126 161 0
133 161 0
134 161 0
138 161 0
139 161 0
154 161 0
161 161 0
163 161 0
209 161 0
210 161 0
215 161 0
226 161 0
227 161 0
85 162 0
115 162 0
117 162 0
118 162 0
122 162 0
126 162 0
134 162 0
139 162 0
143 162 0
145 162 0
154 162 0
161 162 0
163 162 0
210 162 0
211 162 0
212 162 0
213 162 0
214 162 0
216 162 0
217 162 0
115 163 0
116 163 0
122 163 0
126 163 0
135 163 0
140 163 0
143 163 0
145 163 0
153 163 0
154 163 0
164 163 0
194 163 0
211 163 0
213 163 0
214 163 0
215 163 0
222 163 0
135 164 0
136 164 0
140 164 0
165 164 0
201 164 0
202 164 0
203 164 0
211 164 0
214 164 0
215 164 0
216 164 0
141 165 0
165 165 0
194 165 0
197 165 0
198 165 0
200 165 0
201 165 0
202 165 0
219 165 0
220 165 0
221 165 0
225 165 0
101 166 0
102 166 0
144 166 0
199 166 0
202 166 0
219 166 0
223 166 0
226 166 0
227 166 0
98 167 0
102 167 0
103 167 0
104 167 0
152 167 0
153 167 0
160 167 0
204 167 0
211 167 0
219 167 0
99 168 0
100 168 0
104 168 0
105 168 0
106 168 0
107 168 0
151 168 0
152 168 0
153 168 0
160 168 0
162 168 0
210 168 0
211 168 0
212 168 0
219 168 0
221 168 0
96 169 0
97 169 0
100 169 0
102 169 0
103 169 0
106 169 0
107 169 0
151 169 0
152 169 0
162 169 0
163 169 0
199 169 0
203 169 0
210 169 0
211 169 0
219 169 0
221 169 0
97 170 0
98 170 0
102 170 0
103 170 0
104 170 0
105 170 0
143 170 0
151 170 0
163 170 0
200 170 0
219 170 0
220 170 0
221 170 0
94 171 0
95 171 0
98 171 0
99 171 0
100 171 0
101 171 0
105 171 0
121 171 0
159 171 0
163 171 0
201 171 0
203 171 0
221 171 0
94 172 0
95 172 0
100 172 0
101 172 0
122 172 0
202 172 0
219 172 0
221 172 0
92 173 0
93 173 0
94 173 0
99 173 0
103 173 0
135 173 0
151 173 0
210 173 0
211 173 0
212 173 0
219 173 0
221 173 0
93 174 0
94 174 0
95 174 0
101 174 0
102 174 0
105 174 0
106 174 0
107 174 0
149 174 0
150 174 0
151 174 0
210 174 0
211 174 0
212 174 0
219 174 0
221 174 0
90 175 0
91 175 0
93 175 0
94 175 0
95 175 0
101 175 0
105 175 0
107 175 0
108 175 0
149 175 0
150 175 0
158 175 0
160 175 0
203 175 0
210 175 0
219 175 0
221 175 0
90 176 0
91 176 0
95 176 0
96 176 0
98 176 0
99 176 0
106 176 0
107 176 0
108 176 0
160 176 0
198 176 0
203 176 0
219 176 0
221 176 0
92 177 0
93 177 0
94 177 0
95 177 0
98 177 0
99 177 0
112 177 0
113 177 0
161 177 0
199 177 0
203 177 0
219 177 0
221 177 0
93 178 0
96 178 0
97 178 0
99 178 0
111 178 0
112 178 0
113 178 0
114 178 0
115 178 0
161 178 0
162 178 0
200 178 0
203 178 0
219 178 0
221 178 0
97 179 0
114 179 0
120 179 0
121 179 0
123 179 0
128 179 0
130 179 0
136 179 0
162 179 0
203 179 0
211 179 0
212 179 0
219 179 0
221 179 0
95 180 0
118 180 0
119 180 0
120 180 0
121 180 0
127 180 0
128 180 0
129 180 0
133 180 0
136 180 0
141 180 0
142 180 0
143 180 0
144 180 0
146 180 0
157 180 0
203 180 0
210 180 0
211 180 0
212 180 0
219 180 0
221 180 0
96 181 0
101 181 0
103 181 0
140 181 0
141 181 0
203 181 0
219 181 0
220 181 0
221 181 0
241 181 0
96 182 0
103 182 0
104 182 0
158 182 0
203 182 0
219 182 0
221 182 0
241 182 0
89 183 0
90 183 0
106 183 0
203 183 0
221 183 0
222 183 0
69 184 0
109 184 0
159 184 0
198 184 0
203 184 0
219 184 0
221 184 0
222 184 0
223 184 0
224 184 0
225 184 0
226 184 0
66 185 0
109 185 0
159 185 0
160 185 0
172 185 0
210 185 0
211 185 0
219 185 0
228 185 0
229 185 0
230 185 0
231 185 0
232 185 0
233 185 0
58 186 0
59 186 0
65 186 0
93 186 0
109 186 0
117 186 0
118 186 0
160 186 0
200 186 0
203 186 0
210 186 0
211 186 0
212 186 0
219 186 0
220 186 0
227 186 0
234 186 0
235 186 0
236 186 0
59 187 0
61 187 0
85 187 0
86 187 0
95 187 0
99 187 0
117 187 0
118 187 0
119 187 0
160 187 0
161 187 0
201 187 0
203 187 0
210 187 0
219 187 0
220 187 0
225 187 0
227 187 0
228 187 0
229 187 0
230 187 0
231 187 0
237 187 0
238 187 0
57 188 0
61 188 0
63 188 0
64 188 0
97 188 0
109 188 0
117 188 0
118 188 0
129 188 0
130 188 0
131 188 0
132 188 0
156 188 0
161 188 0
173 188 0
203 188 0
219 188 0
220 188 0
225 188 0
233 188 0
234 188 0
58 189 0
60 189 0
61 189 0
64 189 0
65 189 0
66 189 0
84 189 0
97 189 0
102 189 0
109 189 0
117 189 0
157 189 0
158 189 0
167 189 0
173 189 0
203 189 0
219 189 0
220 189 0
225 189 0
67 190 0
103 190 0
105 190 0
109 190 0
125 190 0
158 190 0
173 190 0
219 190 0
225 190 0
237 190 0
58 191 0
69 191 0
70 191 0
102 191 0
150 191 0
159 191 0
160 191 0
168 191 0
202 191 0
203 191 0
210 191 0
211 191 0
212 191 0
219 191 0
220 191 0
225 191 0
226 191 0
229 191 0
230 191 0
231 191 0
232 191 0
235 191 0
238 191 0
65 192 0
101 192 0
109 192 0
150 192 0
158 192 0
160 192 0
174 192 0
197 192 0
202 192 0
210 192 0
211 192 0
220 192 0
221 192 0
222 192 0
232 192 0
233 192 0
234 192 0
235 192 0
238 192 0
239 192 0
65 193 0
68 193 0
109 193 0
117 193 0
118 193 0
125 193 0
151 193 0
160 193 0
161 193 0
171 193 0
172 193 0
174 193 0
197 193 0
202 193 0
210 193 0
211 193 0
222 193 0
223 193 0
224 193 0
239 193 0
53 194 0
60 194 0
88 194 0
99 194 0
100 194 0
102 194 0
116 194 0
117 194 0
118 194 0
125 194 0
149 194 0
154 194 0
165 194 0
172 194 0
174 194 0
199 194 0
202 194 0
210 194 0
224 194 0
225 194 0
227 194 0
239 194 0
56 195 0
66 195 0
88 195 0
100 195 0
116 195 0
117 195 0
150 195 0
165 195 0
174 195 0
224 195 0
225 195 0
235 195 0
239 195 0
97 196 0
98 196 0
100 196 0
104 196 0
116 196 0
152 196 0
153 196 0
172 196 0
174 196 0
225 196 0
226 196 0
236 196 0
239 196 0
55 197 0
59 197 0
61 197 0
89 197 0
97 197 0
104 197 0
108 197 0
165 197 0
202 197 0
225 197 0
226 197 0
227 197 0
239 197 0
240 197 0
61 198 0
62 198 0
89 198 0
96 198 0
104 198 0
108 198 0
155 198 0
166 198 0
167 198 0
202 198 0
211 198 0
212 198 0
226 198 0
227 198 0
233 198 0
236 198 0
241 198 0
246 198 0
256 198 0
53 199 0
74 199 0
95 199 0
108 199 0
156 199 0
157 199 0
202 199 0
210 199 0
211 199 0
212 199 0
227 199 0
228 199 0
238 199 0
241 199 0
242 199 0
256 199 0
74 200 0
94 200 0
97 200 0
108 200 0
159 200 0
202 200 0
210 200 0
211 200 0
212 200 0
223 200 0
225 200 0
229 200 0
230 200 0
231 200 0
243 200 0
256 200 0
93 201 0
94 201 0
96 201 0
104 201 0
115 201 0
116 201 0
117 201 0
160 201 0
197 201 0
202 201 0
210 201 0
211 201 0
223 201 0
224 201 0
233 201 0
236 201 0
243 201 0
244 201 0
72 202 0
96 202 0
107 202 0
115 202 0
116 202 0
117 202 0
142 202 0
164 202 0
197 202 0
202 202 0
222 202 0
224 202 0
225 202 0
226 202 0
243 202 0
244 202 0
245 202 0
246 202 0
91 203 0
92 203 0
115 203 0
117 203 0
144 203 0
198 203 0
202 203 0
222 203 0
225 203 0
226 203 0
245 203 0
246 203 0
247 203 0
80 204 0
81 204 0
91 204 0
101 204 0
107 204 0
129 204 0
130 204 0
131 204 0
144 204 0
200 204 0
202 204 0
221 204 0
226 204 0
227 204 0
233 204 0
234 204 0
244 204 0
246 204 0
247 204 0
248 204 0
81 205 0
82 205 0
90 205 0
93 205 0
107 205 0
122 205 0
125 205 0
131 205 0
134 205 0
148 205 0
149 205 0
201 205 0
202 205 0
211 205 0
221 205 0
222 205 0
227 205 0
228 205 0
235 205 0
236 205 0
237 205 0
238 205 0
245 205 0
246 205 0
247 205 0
249 205 0
82 206 0
89 206 0
92 206 0
107 206 0
119 206 0
122 206 0
125 206 0
127 206 0
131 206 0
134 206 0
146 206 0
150 206 0
202 206 0
210 206 0
211 206 0
221 206 0
222 206 0
228 206 0
229 206 0
235 206 0
236 206 0
237 206 0
238 206 0
239 206 0
240 206 0
241 206 0
242 206 0
247 206 0
248 206 0
249 206 0
250 206 0
82 207 0
107 207 0
116 207 0
119 207 0
120 207 0
122 207 0
127 207 0
147 207 0
202 207 0
210 207 0
211 207 0
221 207 0
222 207 0
229 207 0
230 207 0
235 207 0
236 207 0
237 207 0
242 207 0
243 207 0
249 207 0
250 207 0
251 207 0
87 208 0
90 208 0
93 208 0
109 208 0
116 208 0
118 208 0
119 208 0
122 208 0
134 208 0
149 208 0
152 208 0
202 208 0
210 208 0
211 208 0
221 208 0
222 208 0
230 208 0
231 208 0
232 208 0
237 208 0
238 208 0
239 208 0
250 208 0
251 208 0
252 208 0
86 209 0
87 209 0
97 209 0
107 209 0
109 209 0
110 209 0
113 209 0
118 209 0
119 209 0
121 209 0
122 209 0
134 209 0
151 209 0
154 209 0
202 209 0
222 209 0
231 209 0
232 209 0
239 209 0
240 209 0
251 209 0
252 209 0
59 210 0
88 210 0
96 210 0
106 210 0
107 210 0
109 210 0
110 210 0
111 210 0
112 210 0
113 210 0
118 210 0
119 210 0
121 210 0
122 210 0
155 210 0
196 210 0
202 210 0
222 210 0
231 210 0
232 210 0
250 210 0
252 210 0
253 210 0
254 210 0
85 211 0
107 211 0
109 211 0
115 211 0
118 211 0
119 211 0
121 211 0
122 211 0
134 211 0
135 211 0
153 211 0
157 211 0
183 211 0
197 211 0
202 211 0
222 211 0
231 211 0
232 211 0
240 211 0
253 211 0
84 212 0
87 212 0
107 212 0
109 212 0
110 212 0
115 212 0
118 212 0
121 212 0
138 212 0
153 212 0
159 212 0
184 212 0
198 212 0
222 212 0
232 212 0
240 212 0
254 212 0
83 213 0
106 213 0
107 213 0
109 213 0
110 213 0
115 213 0
116 213 0
118 213 0
119 213 0
121 213 0
162 213 0
163 213 0
184 213 0
185 213 0
199 213 0
202 213 0
211 213 0
221 213 0
232 213 0
266 213 0
106 214 0
107 214 0
109 214 0
110 214 0
115 214 0
116 214 0
118 214 0
119 214 0
123 214 0
142 214 0
164 214 0
165 214 0
166 214 0
171 214 0
186 214 0
200 214 0
201 214 0
210 214 0
211 214 0
212 214 0
232 214 0
106 215 0
107 215 0
108 215 0
112 215 0
116 215 0
135 215 0
138 215 0
143 215 0
187 215 0
188 215 0
210 215 0
211 215 0
212 215 0
232 215 0
105 216 0
106 216 0
108 216 0
141 216 0
175 216 0
189 216 0
210 216 0
232 216 0
235 216 0
81 217 0
106 217 0
144 217 0
177 217 0
190 217 0
201 217 0
232 217 0
148 218 0
178 218 0
191 218 0
192 218 0
201 218 0
220 218 0
232 218 0
150 219 0
168 219 0
179 219 0
220 219 0
232 219 0
233 219 0
153 220 0
168 220 0
179 220 0
194 220 0
201 220 0
232 220 0
233 220 0
156 221 0
157 221 0
168 221 0
194 221 0
201 221 0
211 221 0
212 221 0
232 221 0
161 222 0
168 222 0
194 222 0
201 222 0
210 222 0
211 222 0
220 222 0
232 222 0
260 222 0
130 223 0
131 223 0
133 223 0
164 223 0
169 223 0
181 223 0
195 223 0
201 223 0
210 223 0
211 223 0
232 223 0
261 223 0
121 224 0
122 224 0
123 224 0
128 224 0
130 224 0
171 224 0
195 224 0
201 224 0
210 224 0
211 224 0
232 224 0
107 225 0
114 225 0
140 225 0
141 225 0
142 225 0
171 225 0
178 225 0
201 225 0
220 225 0
138 226 0
139 226 0
140 226 0
142 226 0
143 226 0
171 226 0
186 226 0
195 226 0
201 226 0
109 227 0
141 227 0
187 227 0
195 227 0
201 227 0
221 227 0
147 228 0
148 228 0
149 228 0
179 228 0
201 228 0
223 228 0
147 229 0
148 229 0
152 229 0
181 229 0
188 229 0
185 230 0
228 230 0
231 230 0
232 230 0
233 230 0
234 230 0
160 231 0
223 231 0
234 231 0
123 232 0
124 232 0
157 232 0
158 232 0
160 232 0
192 232 0
223 232 0
224 232 0
229 232 0
230 232 0
232 232 0
120 233 0
121 233 0
122 233 0
123 233 0
160 233 0
229 233 0
231 233 0
232 233 0
233 233 0
118 234 0
119 234 0
134 234 0
168 234 0
169 234 0
170 234 0
233 234 0
234 234 0
166 235 0
167 235 0
170 235 0
171 235 0
172 235 0
223 235 0
224 235 0
234 235 0
264 235 0
139 236 0
168 236 0
169 236 0
170 236 0
171 236 0
172 236 0
224 236 0
228 236 0
229 236 0
251 236 0
259 236 0
260 236 0
264 236 0
151 237 0
178 237 0
179 237 0
226 237 0
227 237 0
228 237 0
229 237 0
230 237 0
231 237 0
232 237 0
233 237 0
234 237 0
242 237 0
251 237 0
252 237 0
260 237 0
264 237 0
147 238 0
177 238 0
181 238 0
182 238 0
223 238 0
234 238 0
240 238 0
242 238 0
247 238 0
250 238 0
178 239 0
179 239 0
180 239 0
223 239 0
229 239 0
230 239 0
151 240 0
153 240 0
188 240 0
189 240 0
224 240 0
233 240 0
158 241 0
186 241 0
188 241 0
189 241 0
190 241 0
233 241 0
161 242 0
169 242 0
187 242 0
188 242 0
189 242 0
190 242 0
191 242 0
222 242 0
233 242 0
234 242 0
159 243 0
161 243 0
222 243 0
223 243 0
227 243 0
230 243 0
161 244 0
164 244 0
174 244 0
232 244 0
233 244 0
168 245 0
233 245 0
168 246 0
172 246 0
222 246 0
233 246 0
222 247 0
223 247 0
258 247 0
177 248 0
185 248 0
234 248 0
180 249 0
189 249 0
234 249 0
254 249 0
181 250 0
225 250 0
234 250 0
259 250 0
235 251 0
329 251 0
220 252 0
235 252 0
255 252 0
258 252 0
210 253 0
220 253 0
221 253 0
235 253 0
258 253 0
264 253 0
232 254 0
258 254 0
259 254 0
221 255 0
233 255 0
236 255 0
259 255 0
260 255 0
218 256 0
219 256 0
221 256 0
236 256 0
260 256 0
261 256 0
215 257 0
237 257 0
257 257 0
255 122 1
255 123 1
256 123 1
255 124 1
256 124 1
264 124 1
257 125 1
258 125 1
264 125 1
265 125 1
266 125 1
267 125 1
254 126 1
258 126 1
265 126 1
266 126 1
267 126 1
254 127 1
266 127 1
267 127 1
250 128 1
251 128 1
266 128 1
247 129 1
249 129 1
250 129 1
251 129 1
258 129 1
260 129 1
246 130 1
253 130 1
260 130 1
243 131 1
245 131 1
246 131 1
247 131 1
253 131 1
256 131 1
268 131 1
269 131 1
252 132 1
253 132 1
269 132 1
249 133 1
250 133 1
251 133 1
253 133 1
257 133 1
269 133 1
238 134 1
249 134 1
250 134 1
269 134 1
244 135 1
245 135 1
247 135 1
244 136 1
245 136 1
251 136 1
254 136 1
236 137 1
241 137 1
254 137 1
239 138 1
254 138 1
271 138 1
272 138 1
239 139 1
241 139 1
254 139 1
254 140 1
237 141 1
248 141 1
249 141 1
254 141 1
255 141 1
233 142 1
237 142 1
238 142 1
249 142 1
255 142 1
232 143 1
233 143 1
235 143 1
236 143 1
237 143 1
238 143 1
250 143 1
251 143 1
255 143 1
256 143 1
232 144 1
234 144 1
235 144 1
236 144 1
237 144 1
238 144 1
239 144 1
240 144 1
241 144 1
244 144 1
250 144 1
251 144 1
256 144 1
276 144 1
232 145 1
233 145 1
234 145 1
235 145 1
236 145 1
237 145 1
238 145 1
239 145 1
240 145 1
245 145 1
251 145 1
256 145 1
257 145 1
273 145 1
276 145 1
277 145 1
278 145 1
233 146 1
235 146 1
237 146 1
238 146 1
240 146 1
251 146 1
252 146 1
256 146 1
257 146 1
258 146 1
272 146 1
273 146 1
277 146 1
278 146 1
279 146 1
232 147 1
233 147 1
236 147 1
239 147 1
249 147 1
252 147 1
253 147 1
256 147 1
257 147 1
259 147 1
272 147 1
273 147 1
277 147 1
278 147 1
279 147 1
233 148 1
252 148 1
253 148 1
257 148 1
258 148 1
260 148 1
261 148 1
272 148 1
273 148 1
279 148 1
280 148 1
281 148 1
233 149 1
234 149 1
246 149 1
250 149 1
253 149 1
257 149 1
258 149 1
261 149 1
272 149 1
273 149 1
278 149 1
279 149 1
229 150 1
231 150 1
234 150 1
235 150 1
240 150 1
250 150 1
251 150 1
253 150 1
258 150 1
259 150 1
272 150 1
273 150 1
279 150 1
235 151 1
236 151 1
237 151 1
240 151 1
241 151 1
250 151 1
253 151 1
254 151 1
258 151 1
259 151 1
260 151 1
273 151 1
274 151 1
279 151 1
236 152 1
237 152 1
238 152 1
239 152 1
253 152 1
254 152 1
255 152 1
259 152 1
260 152 1
261 152 1
272 152 1
279 152 1
240 153 1
243 153 1
255 153 1
259 153 1
260 153 1
261 153 1
272 153 1
273 153 1
240 154 1
241 154 1
249 154 1
250 154 1
255 154 1
256 154 1
260 154 1
261 154 1
262 154 1
263 154 1
273 154 1
274 154 1
276 154 1
241 155 1
244 155 1
250 155 1
260 155 1
261 155 1
262 155 1
273 155 1
274 155 1
275 155 1
276 155 1
242 156 1
251 156 1
252 156 1
260 156 1
261 156 1
262 156 1
279 156 1
242 157 1
243 157 1
251 157 1
262 157 1
263 157 1
264 157 1
270 157 1
277 157 1
279 157 1
243 158 1
251 158 1
260 158 1
261 158 1
263 158 1
264 158 1
265 158 1
270 158 1
271 158 1
276 158 1
243 159 1
251 159 1
252 159 1
257 159 1
261 159 1
262 159 1
270 159 1
271 159 1
244 160 1
257 160 1
262 160 1
263 160 1
270 160 1
244 161 1
245 161 1
259 161 1
270 161 1
271 161 1
245 162 1
246 162 1
271 162 1
272 162 1
273 162 1
247 163 1
248 163 1
249 163 1
273 163 1
274 163 1
277 163 1
277 164 1
249 165 1
274 165 1
280 165 1
285 165 1
286 165 1
287 165 1
288 165 1
289 165 1
290 165 1
249 166 1
280 166 1
281 166 1
282 166 1
283 166 1
284 166 1
285 166 1
287 166 1
288 166 1
289 166 1
290 166 1
291 166 1
292 166 1
263 167 1
264 167 1
276 167 1
289 167 1
290 167 1
291 167 1
292 167 1
293 167 1
262 168 1
263 168 1
264 168 1
265 168 1
266 168 1
267 168 1
290 168 1
291 168 1
292 168 1
293 168 1
262 169 1
263 169 1
264 169 1
265 169 1
270 169 1
271 169 1
292 169 1
293 169 1
294 169 1
245 170 1
262 170 1
267 170 1
268 170 1
269 170 1
293 170 1
294 170 1
262 171 1
263 171 1
268 171 1
269 171 1
272 171 1
294 171 1
295 171 1
261 172 1
262 172 1
263 172 1
267 172 1
268 172 1
269 172 1
272 172 1
273 172 1
294 172 1
261 173 1
262 173 1
265 173 1
266 173 1
267 173 1
268 173 1
269 173 1
270 173 1
273 173 1
259 174 1
266 174 1
267 174 1
268 174 1
269 174 1
270 174 1
273 174 1
274 174 1
255 175 1
258 175 1
267 175 1
268 175 1
269 175 1
270 175 1
274 175 1
275 175 1
257 176 1
258 176 1
267 176 1
268 176 1
269 176 1
270 176 1
274 176 1
275 176 1
257 177 1
258 177 1
267 177 1
268 177 1
269 177 1
270 177 1
271 177 1
275 177 1
276 177 1
251 178 1
254 178 1
257 178 1
258 178 1
264 178 1
265 178 1
268 178 1
269 178 1
270 178 1
271 178 1
275 178 1
276 178 1
257 179 1
258 179 1
264 179 1
268 179 1
269 179 1
270 179 1
271 179 1
272 179 1
276 179 1
277 179 1
278 179 1
258 180 1
259 180 1
264 180 1
267 180 1
268 180 1
269 180 1
270 180 1
271 180 1
272 180 1
277 180 1
278 180 1
279 180 1
280 180 1
259 181 1
260 181 1
270 181 1
271 181 1
272 181 1
280 181 1
256 182 1
260 182 1
261 182 1
262 182 1
263 182 1
271 182 1
272 182 1
273 182 1
274 182 1
275 182 1
276 182 1
272 183 1
273 183 1
274 183 1
275 183 1
276 183 1
272 184 1
273 184 1
275 184 1
273 185 1
274 185 1
243 2 2
146 3 2
152 4 2
331 4 2
149 5 2
170 5 2
254 5 2
141 6 2
308 7 2
145 12 2
340 12 2
128 13 2
144 13 2
177 16 2
216 16 2
338 16 2
197 17 2
