192 2 0
193 2 0
146 3 0
149 3 0
150 3 0
196 3 0
197 3 0
198 3 0
102 4 0
103 4 0
148 4 0
152 4 0
153 4 0
178 4 0
179 4 0
202 4 0
142 5 0
178 5 0
206 5 0
207 5 0
110 6 0
111 6 0
112 6 0
114 6 0
115 6 0
210 6 0
211 6 0
116 7 0
117 7 0
212 7 0
158 8 0
113 9 0
130 9 0
165 9 0
155 10 0
156 10 0
157 10 0
177 10 0
106 11 0
107 11 0
176 11 0
177 11 0
216 11 0
163 12 0
175 12 0
176 12 0
181 12 0
162 13 0
163 13 0
169 13 0
170 13 0
171 13 0
172 13 0
173 13 0
174 13 0
167 14 0
168 14 0
169 14 0
175 14 0
176 14 0
178 14 0
92 15 0
168 15 0
173 15 0
91 16 0
83 18 0
84 18 0
85 18 0
185 19 0
214 21 0
195 22 0
69 23 0
70 23 0
213 23 0
65 24 0
66 24 0
203 24 0
63 25 0
64 25 0
182 25 0
60 26 0
53 28 0
50 29 0
46 30 0
153 30 0
154 31 0
326 35 0
22 38 0
237 38 0
19 39 0
211 47 0
223 47 0
224 47 0
209 48 0
222 49 0
221 50 0
222 50 0
173 52 0
221 52 0
222 52 0
230 52 0
230 53 0
220 54 0
232 54 0
165 55 0
170 55 0
219 55 0
220 55 0
165 56 0
166 56 0
218 56 0
219 56 0
185 59 0
271 62 0
189 65 0
228 66 0
229 66 0
160 67 0
162 67 0
173 69 0
202 69 0
210 69 0
279 69 0
200 70 0
201 70 0
229 70 0
188 71 0
193 71 0
205 71 0
150 72 0
151 72 0
185 72 0
187 72 0
188 72 0
191 72 0
192 72 0
199 72 0
200 72 0
151 73 0
172 73 0
192 73 0
202 73 0
273 73 0
277 73 0
193 74 0
194 74 0
195 74 0
177 75 0
188 75 0
189 75 0
190 75 0
235 75 0
174 76 0
190 76 0
193 76 0
195 76 0
196 76 0
197 76 0
148 77 0
196 77 0
197 77 0
294 79 0
149 80 0
294 80 0
144 81 0
148 81 0
145 82 0
145 83 0
157 83 0
179 83 0
180 83 0
144 84 0
151 84 0
158 84 0
179 84 0
180 84 0
215 84 0
143 85 0
144 85 0
145 85 0
179 85 0
180 85 0
184 85 0
142 86 0
143 86 0
144 86 0
294 86 0
137 87 0
138 87 0
144 87 0
146 87 0
153 87 0
154 87 0
155 87 0
156 87 0
135 88 0
139 88 0
140 88 0
147 88 0
153 88 0
154 88 0
155 88 0
156 88 0
185 88 0
139 89 0
153 89 0
154 89 0
155 89 0
157 89 0
170 89 0
179 89 0
137 90 0
155 90 0
156 90 0
168 90 0
136 91 0
137 91 0
168 91 0
177 91 0
190 91 0
191 91 0
192 91 0
130 92 0
144 92 0
145 92 0
177 92 0
178 92 0
190 92 0
191 92 0
232 92 0
131 93 0
175 93 0
189 93 0
190 93 0
230 93 0
231 93 0
175 94 0
181 94 0
184 94 0
190 94 0
191 94 0
215 94 0
128 95 0
129 95 0
152 95 0
221 95 0
223 95 0
128 96 0
151 96 0
174 96 0
221 96 0
223 96 0
179 97 0
231 98 0
123 99 0
146 99 0
172 99 0
124 100 0
125 100 0
126 100 0
127 100 0
131 100 0
137 100 0
143 100 0
144 100 0
177 100 0
122 101 0
127 101 0
130 101 0
137 101 0
170 101 0
191 101 0
193 101 0
233 101 0
237 101 0
238 101 0
122 102 0
128 102 0
129 102 0
136 102 0
137 102 0
162 102 0
170 102 0
185 102 0
192 102 0
233 102 0
234 102 0
235 102 0
237 102 0
129 103 0
135 103 0
136 103 0
150 103 0
162 103 0
168 103 0
226 103 0
234 103 0
235 103 0
237 103 0
118 104 0
120 104 0
121 104 0
126 104 0
127 104 0
128 104 0
134 104 0
135 104 0
149 104 0
162 104 0
168 104 0
169 104 0
186 104 0
237 104 0
121 105 0
123 105 0
127 105 0
128 105 0
132 105 0
133 105 0
134 105 0
156 105 0
161 105 0
177 105 0
185 105 0
237 105 0
119 106 0
122 106 0
123 106 0
124 106 0
132 106 0
133 106 0
158 106 0
166 106 0
253 106 0
116 107 0
118 107 0
119 107 0
125 107 0
158 107 0
166 107 0
187 107 0
188 107 0
238 107 0
115 108 0
116 108 0
120 108 0
121 108 0
122 108 0
123 108 0
124 108 0
125 108 0
157 108 0
112 109 0
115 109 0
134 109 0
156 109 0
157 109 0
164 109 0
128 110 0
133 110 0
142 110 0
164 110 0
132 111 0
139 111 0
109 112 0
132 112 0
161 112 0
162 112 0
168 112 0
130 113 0
162 113 0
192 113 0
111 114 0
130 114 0
133 114 0
145 114 0
115 115 0
118 115 0
145 115 0
109 116 0
115 116 0
117 116 0
118 116 0
119 116 0
120 116 0
123 116 0
128 116 0
138 116 0
146 116 0
173 116 0
246 116 0
109 117 0
110 117 0
114 117 0
118 117 0
119 117 0
120 117 0
121 117 0
172 117 0
246 117 0
247 117 0
103 118 0
106 118 0
113 118 0
114 118 0
118 118 0
119 118 0
246 118 0
247 118 0
105 119 0
106 119 0
107 119 0
113 119 0
114 119 0
115 119 0
117 119 0
120 119 0
121 119 0
246 119 0
113 120 0
115 120 0
117 120 0
118 120 0
119 120 0
120 120 0
125 120 0
142 120 0
113 121 0
116 121 0
118 121 0
119 121 0
135 121 0
136 121 0
137 121 0
138 121 0
142 121 0
144 121 0
145 121 0
113 122 0
114 122 0
115 122 0
116 122 0
117 122 0
119 122 0
153 122 0
154 122 0
160 122 0
163 122 0
101 123 0
108 123 0
117 123 0
118 123 0
119 123 0
153 123 0
249 123 0
250 123 0
112 124 0
113 124 0
168 124 0
249 124 0
250 124 0
251 124 0
252 124 0
168 125 0
174 125 0
251 125 0
252 125 0
99 126 0
100 126 0
127 126 0
152 126 0
153 126 0
95 127 0
99 127 0
100 127 0
131 127 0
139 127 0
152 127 0
153 127 0
97 128 0
99 128 0
100 128 0
145 128 0
146 128 0
147 128 0
148 128 0
149 128 0
95 129 0
99 129 0
144 129 0
145 129 0
147 129 0
149 129 0
150 129 0
151 129 0
152 129 0
153 129 0
94 130 0
95 130 0
96 130 0
98 130 0
99 130 0
126 130 0
127 130 0
145 130 0
146 130 0
147 130 0
149 130 0
150 130 0
154 130 0
155 130 0
98 131 0
145 131 0
146 131 0
147 131 0
149 131 0
152 131 0
156 131 0
157 131 0
98 132 0
99 132 0
131 132 0
132 132 0
136 132 0
144 132 0
145 132 0
146 132 0
149 132 0
150 132 0
151 132 0
152 132 0
154 132 0
155 132 0
156 132 0
157 132 0
98 133 0
130 133 0
131 133 0
132 133 0
136 133 0
143 133 0
148 133 0
151 133 0
153 133 0
154 133 0
156 133 0
157 133 0
101 134 0
130 134 0
131 134 0
143 134 0
153 134 0
154 134 0
156 134 0
97 135 0
123 135 0
130 135 0
131 135 0
143 135 0
149 135 0
150 135 0
162 135 0
163 135 0
88 136 0
89 136 0
123 136 0
125 136 0
130 136 0
131 136 0
140 136 0
142 136 0
150 136 0
88 137 0
123 137 0
124 137 0
129 137 0
130 137 0
140 137 0
142 137 0
150 137 0
101 138 0
122 138 0
123 138 0
124 138 0
129 138 0
130 138 0
139 138 0
142 138 0
161 138 0
165 138 0
105 139 0
112 139 0
113 139 0
129 139 0
130 139 0
139 139 0
148 139 0
149 139 0
85 140 0
86 140 0
94 140 0
98 140 0
113 140 0
114 140 0
115 140 0
117 140 0
118 140 0
124 140 0
125 140 0
128 140 0
129 140 0
148 140 0
149 140 0
165 140 0
84 141 0
85 141 0
86 141 0
94 141 0
97 141 0
98 141 0
125 141 0
128 141 0
129 141 0
149 141 0
86 142 0
93 142 0
97 142 0
96 143 0
97 143 0
120 143 0
126 143 0
128 143 0
140 143 0
155 143 0
169 143 0
83 144 0
92 144 0
96 144 0
119 144 0
120 144 0
126 144 0
128 144 0
132 144 0
140 144 0
147 144 0
148 144 0
154 144 0
77 145 0
82 145 0
83 145 0
95 145 0
96 145 0
107 145 0
118 145 0
128 145 0
132 145 0
139 145 0
147 145 0
148 145 0
157 145 0
165 145 0
83 146 0
97 146 0
110 146 0
118 146 0
119 146 0
126 146 0
127 146 0
128 146 0
154 146 0
157 146 0
164 146 0
165 146 0
96 147 0
127 147 0
90 148 0
118 148 0
146 148 0
80 149 0
89 149 0
117 149 0
118 149 0
124 149 0
126 149 0
136 149 0
145 149 0
146 149 0
80 150 0
81 150 0
89 150 0
93 150 0
99 150 0
116 150 0
117 150 0
130 150 0
135 150 0
138 150 0
146 150 0
147 150 0
72 151 0
79 151 0
80 151 0
81 151 0
88 151 0
92 151 0
104 151 0
105 151 0
116 151 0
117 151 0
124 151 0
125 151 0
135 151 0
80 152 0
90 152 0
91 152 0
92 152 0
115 152 0
117 152 0
125 152 0
90 153 0
91 153 0
125 153 0
134 153 0
137 153 0
144 153 0
145 153 0
116 154 0
123 154 0
124 154 0
134 154 0
144 154 0
145 154 0
76 155 0
77 155 0
78 155 0
114 155 0
124 155 0
144 155 0
145 155 0
67 156 0
76 156 0
77 156 0
78 156 0
114 156 0
115 156 0
124 156 0
136 156 0
155 156 0
76 157 0
77 157 0
113 157 0
123 157 0
124 157 0
128 157 0
136 157 0
151 157 0
157 157 0
113 158 0
114 158 0
123 158 0
128 158 0
132 158 0
143 158 0
157 158 0
112 159 0
113 159 0
123 159 0
128 159 0
135 159 0
142 159 0
143 159 0
144 159 0
157 159 0
163 159 0
73 160 0
74 160 0
106 160 0
117 160 0
121 160 0
122 160 0
127 160 0
142 160 0
143 160 0
144 160 0
150 160 0
308 160 0
73 161 0
74 161 0
122 161 0
127 161 0
132 161 0
155 161 0
73 162 0
74 162 0
122 162 0
134 162 0
152 162 0
73 163 0
105 163 0
131 163 0
141 163 0
142 163 0
62 164 0
108 164 0
131 164 0
141 164 0
142 164 0
58 165 0
61 165 0
109 165 0
110 165 0
113 165 0
131 165 0
141 165 0
142 165 0
133 166 0
142 166 0
86 167 0
88 167 0
108 167 0
130 167 0
154 167 0
85 168 0
90 168 0
112 168 0
148 168 0
84 169 0
85 169 0
87 169 0
93 169 0
112 169 0
132 169 0
139 169 0
140 169 0
56 170 0
90 170 0
92 170 0
110 170 0
131 170 0
132 170 0
139 170 0
140 170 0
141 170 0
148 170 0
82 171 0
83 171 0
84 171 0
92 171 0
93 171 0
94 171 0
131 171 0
139 171 0
140 171 0
87 172 0
89 172 0
91 172 0
92 172 0
131 172 0
209 172 0
79 173 0
80 173 0
81 173 0
83 173 0
89 173 0
91 173 0
92 173 0
130 173 0
191 173 0
207 173 0
208 173 0
209 173 0
86 174 0
129 174 0
138 174 0
191 174 0
209 174 0
77 175 0
78 175 0
79 175 0
82 175 0
88 175 0
89 175 0
90 175 0
125 175 0
126 175 0
127 175 0
128 175 0
138 175 0
139 175 0
151 175 0
190 175 0
191 175 0
198 175 0
207 175 0
48 176 0
51 176 0
82 176 0
89 176 0
94 176 0
137 176 0
138 176 0
139 176 0
146 176 0
148 176 0
189 176 0
191 176 0
198 176 0
199 176 0
200 176 0
207 176 0
208 176 0
209 176 0
47 177 0
79 177 0
85 177 0
87 177 0
88 177 0
94 177 0
95 177 0
138 177 0
139 177 0
146 177 0
191 177 0
198 177 0
199 177 0
200 177 0
207 177 0
209 177 0
72 178 0
81 178 0
99 178 0
191 178 0
199 178 0
207 178 0
208 178 0
209 178 0
59 179 0
60 179 0
82 179 0
84 179 0
85 179 0
86 179 0
191 179 0
58 180 0
59 180 0
60 180 0
84 180 0
85 180 0
101 180 0
102 180 0
103 180 0
106 180 0
135 180 0
145 180 0
191 180 0
207 180 0
209 180 0
58 181 0
59 181 0
107 181 0
109 181 0
113 181 0
114 181 0
115 181 0
116 181 0
117 181 0
120 181 0
121 181 0
122 181 0
123 181 0
133 181 0
134 181 0
135 181 0
136 181 0
191 181 0
198 181 0
199 181 0
206 181 0
207 181 0
208 181 0
209 181 0
108 182 0
109 182 0
114 182 0
115 182 0
116 182 0
117 182 0
122 182 0
123 182 0
124 182 0
127 182 0
128 182 0
129 182 0
130 182 0
134 182 0
135 182 0
136 182 0
150 182 0
191 182 0
198 182 0
199 182 0
206 182 0
207 182 0
208 182 0
209 182 0
67 183 0
128 183 0
129 183 0
130 183 0
147 183 0
190 183 0
198 183 0
199 183 0
207 183 0
208 183 0
209 183 0
54 184 0
65 184 0
74 184 0
75 184 0
76 184 0
144 184 0
191 184 0
199 184 0
200 184 0
207 184 0
209 184 0
52 185 0
53 185 0
54 185 0
65 185 0
69 185 0
75 185 0
76 185 0
79 185 0
143 185 0
186 185 0
207 185 0
209 185 0
42 186 0
43 186 0
51 186 0
52 186 0
53 186 0
54 186 0
68 186 0
72 186 0
73 186 0
74 186 0
142 186 0
147 186 0
190 186 0
207 186 0
208 186 0
42 187 0
43 187 0
44 187 0
52 187 0
53 187 0
67 187 0
71 187 0
74 187 0
104 187 0
141 187 0
198 187 0
207 187 0
41 188 0
43 188 0
44 188 0
45 188 0
70 188 0
72 188 0
104 188 0
105 188 0
139 188 0
140 188 0
160 188 0
198 188 0
199 188 0
206 188 0
207 188 0
42 189 0
44 189 0
46 189 0
47 189 0
48 189 0
69 189 0
70 189 0
71 189 0
72 189 0
104 189 0
105 189 0
137 189 0
190 189 0
198 189 0
199 189 0
207 189 0
212 189 0
213 189 0
38 190 0
41 190 0
42 190 0
43 190 0
46 190 0
68 190 0
70 190 0
71 190 0
84 190 0
90 190 0
91 190 0
96 190 0
105 190 0
151 190 0
190 190 0
199 190 0
207 190 0
212 190 0
213 190 0
40 191 0
41 191 0
44 191 0
45 191 0
46 191 0
49 191 0
52 191 0
67 191 0
69 191 0
83 191 0
84 191 0
89 191 0
90 191 0
96 191 0
139 191 0
140 191 0
149 191 0
161 191 0
190 191 0
206 191 0
207 191 0
212 191 0
36 192 0
39 192 0
40 192 0
41 192 0
45 192 0
48 192 0
52 192 0
53 192 0
55 192 0
83 192 0
88 192 0
89 192 0
138 192 0
148 192 0
161 192 0
187 192 0
190 192 0
37 193 0
38 193 0
39 193 0
42 193 0
50 193 0
51 193 0
54 193 0
55 193 0
68 193 0
82 193 0
87 193 0
88 193 0
90 193 0
96 193 0
146 193 0
161 193 0
186 193 0
190 193 0
207 193 0
212 193 0
213 193 0
214 193 0
36 194 0
38 194 0
41 194 0
42 194 0
43 194 0
46 194 0
47 194 0
49 194 0
50 194 0
51 194 0
53 194 0
54 194 0
81 194 0
86 194 0
87 194 0
89 194 0
90 194 0
91 194 0
103 194 0
122 194 0
123 194 0
124 194 0
126 194 0
145 194 0
155 194 0
161 194 0
190 194 0
197 194 0
198 194 0
199 194 0
214 194 0
215 194 0
39 195 0
40 195 0
45 195 0
46 195 0
48 195 0
52 195 0
53 195 0
79 195 0
80 195 0
86 195 0
87 195 0
88 195 0
89 195 0
103 195 0
104 195 0
144 195 0
145 195 0
161 195 0
190 195 0
197 195 0
198 195 0
199 195 0
41 196 0
43 196 0
47 196 0
48 196 0
49 196 0
51 196 0
52 196 0
85 196 0
86 196 0
88 196 0
91 196 0
95 196 0
103 196 0
104 196 0
161 196 0
190 196 0
198 196 0
199 196 0
42 197 0
46 197 0
47 197 0
50 197 0
84 197 0
85 197 0
86 197 0
87 197 0
91 197 0
95 197 0
103 197 0
104 197 0
152 197 0
161 197 0
189 197 0
38 198 0
39 198 0
40 198 0
45 198 0
49 198 0
50 198 0
83 198 0
84 198 0
85 198 0
86 198 0
104 198 0
152 198 0
159 198 0
161 198 0
189 198 0
212 198 0
37 199 0
38 199 0
39 199 0
48 199 0
55 199 0
75 199 0
82 199 0
83 199 0
85 199 0
91 199 0
95 199 0
159 199 0
161 199 0
189 199 0
36 200 0
37 200 0
38 200 0
54 200 0
58 200 0
75 200 0
81 200 0
82 200 0
83 200 0
84 200 0
160 200 0
37 201 0
53 201 0
57 201 0
59 201 0
74 201 0
80 201 0
81 201 0
83 201 0
160 201 0
197 201 0
214 201 0
56 202 0
57 202 0
59 202 0
73 202 0
79 202 0
80 202 0
82 202 0
83 202 0
102 202 0
159 202 0
185 202 0
189 202 0
197 202 0
198 202 0
199 202 0
51 203 0
55 203 0
57 203 0
58 203 0
72 203 0
78 203 0
79 203 0
81 203 0
82 203 0
94 203 0
102 203 0
103 203 0
119 203 0
121 203 0
157 203 0
189 203 0
197 203 0
198 203 0
199 203 0
209 203 0
50 204 0
54 204 0
57 204 0
68 204 0
77 204 0
78 204 0
80 204 0
81 204 0
83 204 0
94 204 0
102 204 0
103 204 0
155 204 0
189 204 0
198 204 0
199 204 0
209 204 0
53 205 0
77 205 0
79 205 0
80 205 0
103 205 0
123 205 0
208 205 0
209 205 0
48 206 0
52 206 0
55 206 0
76 206 0
79 206 0
86 206 0
87 206 0
112 206 0
121 206 0
189 206 0
208 206 0
209 206 0
231 206 0
47 207 0
51 207 0
53 207 0
75 207 0
76 207 0
78 207 0
86 207 0
87 207 0
90 207 0
104 207 0
106 207 0
107 207 0
112 207 0
117 207 0
118 207 0
188 207 0
189 207 0
208 207 0
209 207 0
228 207 0
231 207 0
233 207 0
46 208 0
50 208 0
51 208 0
52 208 0
53 208 0
67 208 0
74 208 0
75 208 0
76 208 0
77 208 0
85 208 0
100 208 0
101 208 0
103 208 0
108 208 0
117 208 0
121 208 0
189 208 0
197 208 0
198 208 0
208 208 0
221 208 0
222 208 0
224 208 0
231 208 0
232 208 0
235 208 0
236 208 0
51 209 0
66 209 0
67 209 0
73 209 0
74 209 0
75 209 0
76 209 0
89 209 0
93 209 0
97 209 0
98 209 0
100 209 0
103 209 0
108 209 0
116 209 0
117 209 0
120 209 0
121 209 0
186 209 0
197 209 0
198 209 0
208 209 0
224 209 0
230 209 0
231 209 0
66 210 0
72 210 0
73 210 0
75 210 0
82 210 0
83 210 0
87 210 0
89 210 0
93 210 0
94 210 0
95 210 0
97 210 0
100 210 0
102 210 0
105 210 0
108 210 0
115 210 0
185 210 0
189 210 0
197 210 0
198 210 0
199 210 0
208 210 0
230 210 0
237 210 0
238 210 0
65 211 0
71 211 0
72 211 0
74 211 0
85 211 0
89 211 0
93 211 0
95 211 0
97 211 0
99 211 0
105 211 0
108 211 0
109 211 0
121 211 0
184 211 0
189 211 0
198 211 0
199 211 0
208 211 0
209 211 0
218 211 0
248 211 0
47 212 0
64 212 0
70 212 0
71 212 0
73 212 0
74 212 0
81 212 0
82 212 0
89 212 0
93 212 0
95 212 0
96 212 0
97 212 0
98 212 0
99 212 0
102 212 0
105 212 0
106 212 0
108 212 0
109 212 0
208 212 0
218 212 0
242 212 0
50 213 0
69 213 0
70 213 0
72 213 0
73 213 0
80 213 0
93 213 0
95 213 0
96 213 0
98 213 0
99 213 0
102 213 0
104 213 0
105 213 0
107 213 0
108 213 0
208 213 0
218 213 0
233 213 0
68 214 0
69 214 0
71 214 0
72 214 0
78 214 0
93 214 0
95 214 0
96 214 0
98 214 0
101 214 0
102 214 0
104 214 0
105 214 0
107 214 0
108 214 0
166 214 0
188 214 0
208 214 0
218 214 0
239 214 0
57 215 0
67 215 0
68 215 0
69 215 0
70 215 0
71 215 0
75 215 0
76 215 0
92 215 0
93 215 0
95 215 0
98 215 0
99 215 0
101 215 0
102 215 0
104 215 0
105 215 0
107 215 0
108 215 0
140 215 0
188 215 0
196 215 0
197 215 0
208 215 0
218 215 0
219 215 0
227 215 0
69 216 0
70 216 0
88 216 0
92 216 0
95 216 0
98 216 0
99 216 0
101 216 0
104 216 0
106 216 0
107 216 0
114 216 0
139 216 0
188 216 0
196 216 0
197 216 0
198 216 0
208 216 0
218 216 0
219 216 0
225 216 0
62 217 0
92 217 0
94 217 0
95 217 0
96 217 0
98 217 0
100 217 0
101 217 0
103 217 0
104 217 0
112 217 0
117 217 0
132 217 0
133 217 0
188 217 0
196 217 0
197 217 0
198 217 0
218 217 0
219 217 0
91 218 0
92 218 0
94 218 0
97 218 0
100 218 0
101 218 0
156 218 0
188 218 0
197 218 0
198 218 0
218 218 0
219 218 0
93 219 0
94 219 0
155 219 0
186 219 0
188 219 0
197 219 0
198 219 0
218 219 0
219 219 0
133 220 0
185 220 0
188 220 0
206 220 0
218 220 0
246 220 0
247 220 0
155 221 0
184 221 0
188 221 0
218 221 0
219 221 0
221 221 0
246 221 0
90 222 0
154 222 0
183 222 0
188 222 0
219 222 0
245 222 0
246 222 0
79 223 0
196 223 0
197 223 0
218 223 0
219 223 0
245 223 0
174 224 0
188 224 0
196 224 0
197 224 0
198 224 0
218 224 0
87 225 0
107 225 0
114 225 0
115 225 0
116 225 0
148 225 0
149 225 0
167 225 0
174 225 0
187 225 0
196 225 0
197 225 0
198 225 0
218 225 0
219 225 0
89 226 0
103 226 0
104 226 0
105 226 0
106 226 0
107 226 0
108 226 0
115 226 0
116 226 0
117 226 0
118 226 0
119 226 0
125 226 0
167 226 0
173 226 0
187 226 0
196 226 0
197 226 0
198 226 0
206 226 0
220 226 0
103 227 0
104 227 0
105 227 0
106 227 0
107 227 0
124 227 0
125 227 0
173 227 0
182 227 0
187 227 0
197 227 0
173 228 0
181 228 0
187 228 0
127 229 0
128 229 0
129 229 0
181 229 0
187 229 0
101 230 0
133 230 0
181 230 0
187 230 0
138 232 0
185 232 0
186 232 0
217 232 0
218 232 0
110 233 0
184 233 0
185 233 0
209 233 0
210 233 0
212 233 0
219 233 0
220 233 0
105 234 0
106 234 0
107 234 0
108 234 0
147 234 0
148 234 0
183 234 0
184 234 0
209 234 0
214 234 0
216 234 0
217 234 0
219 234 0
220 234 0
104 235 0
105 235 0
106 235 0
107 235 0
108 235 0
147 235 0
148 235 0
182 235 0
183 235 0
211 235 0
212 235 0
213 235 0
214 235 0
215 235 0
216 235 0
217 235 0
218 235 0
219 235 0
106 236 0
153 236 0
209 236 0
210 236 0
214 236 0
216 236 0
217 236 0
209 237 0
219 237 0
220 237 0
249 237 0
126 238 0
157 238 0
158 238 0
212 238 0
213 238 0
214 238 0
215 238 0
216 238 0
217 238 0
218 238 0
219 238 0
157 239 0
162 239 0
163 239 0
210 239 0
211 239 0
217 239 0
218 239 0
241 239 0
242 239 0
244 239 0
209 240 0
210 240 0
211 240 0
212 240 0
214 240 0
219 240 0
220 240 0
224 240 0
225 240 0
226 240 0
232 240 0
233 240 0
237 240 0
243 240 0
245 240 0
246 240 0
164 241 0
167 241 0
168 241 0
208 241 0
209 241 0
219 241 0
225 241 0
227 241 0
228 241 0
235 241 0
236 241 0
237 241 0
167 242 0
172 242 0
173 242 0
210 242 0
211 242 0
212 242 0
213 242 0
214 242 0
215 242 0
216 242 0
217 242 0
218 242 0
219 242 0
249 242 0
342 242 0
343 242 0
209 243 0
213 243 0
214 243 0
337 243 0
338 243 0
339 243 0
340 243 0
341 243 0
342 243 0
145 244 0
208 244 0
209 244 0
219 244 0
331 244 0
332 244 0
333 244 0
334 244 0
335 244 0
336 244 0
337 244 0
148 245 0
177 245 0
208 245 0
213 245 0
217 245 0
218 245 0
219 245 0
326 245 0
327 245 0
328 245 0
329 245 0
330 245 0
331 245 0
211 246 0
212 246 0
214 246 0
215 246 0
216 246 0
217 246 0
218 246 0
323 246 0
324 246 0
325 246 0
326 246 0
327 246 0
208 247 0
209 247 0
211 247 0
214 247 0
216 247 0
218 247 0
219 247 0
321 247 0
322 247 0
323 247 0
324 247 0
208 248 0
218 248 0
219 248 0
248 248 0
319 248 0
320 248 0
321 248 0
322 248 0
208 249 0
209 249 0
210 249 0
212 249 0
213 249 0
214 249 0
215 249 0
216 249 0
217 249 0
218 249 0
219 249 0
317 249 0
318 249 0
319 249 0
320 249 0
210 250 0
211 250 0
314 250 0
315 250 0
316 250 0
317 250 0
312 251 0
313 251 0
314 251 0
316 251 0
309 252 0
310 252 0
311 252 0
312 252 0
196 253 0
206 253 0
207 253 0
243 253 0
302 253 0
303 253 0
307 253 0
308 253 0
309 253 0
206 254 0
299 254 0
300 254 0
301 254 0
206 255 0
221 255 0
243 255 0
294 255 0
295 255 0
296 255 0
298 255 0
299 255 0
300 255 0
195 256 0
206 256 0
291 256 0
292 256 0
293 256 0
294 256 0
290 257 0
291 257 0
292 257 0
290 258 0
219 119 1
200 120 1
201 120 1
202 120 1
203 120 1
204 120 1
205 120 1
200 121 1
201 121 1
203 121 1
204 121 1
205 121 1
206 121 1
207 121 1
215 121 1
199 122 1
200 122 1
201 122 1
202 122 1
205 122 1
208 122 1
212 122 1
213 122 1
214 122 1
214 123 1
217 123 1
218 123 1
220 123 1
192 124 1
218 124 1
219 124 1
208 125 1
218 125 1
219 125 1
220 125 1
189 126 1
219 126 1
220 126 1
221 126 1
219 127 1
220 127 1
221 127 1
184 128 1
185 128 1
186 128 1
187 128 1
188 128 1
210 128 1
211 128 1
219 128 1
220 128 1
221 128 1
183 129 1
184 129 1
187 129 1
188 129 1
210 129 1
211 129 1
219 129 1
220 129 1
221 129 1
229 129 1
186 130 1
187 130 1
189 130 1
210 130 1
211 130 1
212 130 1
213 130 1
219 130 1
220 130 1
221 130 1
229 130 1
183 131 1
186 131 1
187 131 1
188 131 1
208 131 1
209 131 1
211 131 1
212 131 1
213 131 1
218 131 1
219 131 1
220 131 1
221 131 1
222 131 1
226 131 1
227 131 1
228 131 1
230 131 1
186 132 1
187 132 1
188 132 1
189 132 1
211 132 1
212 132 1
213 132 1
216 132 1
217 132 1
220 132 1
221 132 1
222 132 1
225 132 1
226 132 1
229 132 1
230 132 1
187 133 1
188 133 1
197 133 1
205 133 1
211 133 1
212 133 1
213 133 1
216 133 1
217 133 1
218 133 1
219 133 1
220 133 1
221 133 1
222 133 1
223 133 1
226 133 1
227 133 1
229 133 1
233 133 1
187 134 1
188 134 1
197 134 1
212 134 1
213 134 1
217 134 1
218 134 1
219 134 1
220 134 1
221 134 1
223 134 1
224 134 1
225 134 1
226 134 1
227 134 1
233 134 1
187 135 1
188 135 1
189 135 1
197 135 1
208 135 1
213 135 1
214 135 1
225 135 1
227 135 1
229 135 1
231 135 1
232 135 1
184 136 1
185 136 1
187 136 1
188 136 1
189 136 1
197 136 1
198 136 1
217 136 1
218 136 1
219 136 1
220 136 1
221 136 1
222 136 1
223 136 1
225 136 1
226 136 1
227 136 1
228 136 1
229 136 1
183 137 1
184 137 1
185 137 1
188 137 1
189 137 1
190 137 1
197 137 1
198 137 1
209 137 1
216 137 1
217 137 1
218 137 1
219 137 1
220 137 1
222 137 1
223 137 1
224 137 1
229 137 1
184 138 1
185 138 1
187 138 1
189 138 1
190 138 1
191 138 1
211 138 1
217 138 1
218 138 1
225 138 1
189 139 1
190 139 1
191 139 1
217 139 1
218 139 1
219 139 1
188 140 1
189 140 1
190 140 1
191 140 1
216 140 1
217 140 1
218 140 1
189 141 1
190 141 1
215 141 1
216 141 1
217 141 1
218 141 1
219 141 1
189 142 1
190 142 1
200 142 1
215 142 1
216 142 1
217 142 1
218 142 1
219 142 1
221 142 1
189 143 1
190 143 1
191 143 1
204 143 1
213 143 1
215 143 1
216 143 1
189 144 1
190 144 1
215 144 1
216 144 1
220 144 1
189 145 1
190 145 1
191 145 1
216 145 1
217 145 1
218 145 1
219 145 1
220 145 1
222 145 1
189 146 1
190 146 1
216 146 1
217 146 1
218 146 1
219 146 1
189 147 1
190 147 1
191 147 1
216 147 1
217 147 1
218 147 1
219 147 1
220 147 1
222 147 1
224 147 1
184 148 1
189 148 1
190 148 1
191 148 1
216 148 1
217 148 1
218 148 1
220 148 1
221 148 1
223 148 1
225 148 1
178 149 1
189 149 1
190 149 1
202 149 1
216 149 1
217 149 1
218 149 1
221 149 1
189 150 1
190 150 1
191 150 1
217 150 1
218 150 1
219 150 1
220 150 1
221 150 1
222 150 1
223 150 1
226 150 1
189 151 1
190 151 1
191 151 1
215 151 1
217 151 1
218 151 1
219 151 1
220 151 1
221 151 1
222 151 1
223 151 1
224 151 1
189 152 1
190 152 1
191 152 1
217 152 1
218 152 1
219 152 1
220 152 1
221 152 1
222 152 1
223 152 1
224 152 1
225 152 1
187 153 1
188 153 1
189 153 1
202 153 1
218 153 1
219 153 1
220 153 1
221 153 1
222 153 1
223 153 1
184 154 1
185 154 1
186 154 1
187 154 1
188 154 1
219 154 1
220 154 1
221 154 1
222 154 1
223 154 1
224 154 1
226 154 1
184 155 1
185 155 1
186 155 1
187 155 1
219 155 1
220 155 1
221 155 1
222 155 1
223 155 1
224 155 1
183 156 1
184 156 1
185 156 1
186 156 1
187 156 1
200 156 1
219 156 1
220 156 1
221 156 1
222 156 1
223 156 1
224 156 1
225 156 1
183 157 1
184 157 1
185 157 1
186 157 1
187 157 1
188 157 1
189 157 1
209 157 1
210 157 1
211 157 1
212 157 1
213 157 1
219 157 1
220 157 1
221 157 1
222 157 1
223 157 1
183 158 1
184 158 1
185 158 1
186 158 1
187 158 1
188 158 1
189 158 1
195 158 1
209 158 1
210 158 1
211 158 1
212 158 1
220 158 1
221 158 1
222 158 1
223 158 1
183 159 1
184 159 1
185 159 1
186 159 1
187 159 1
209 159 1
210 159 1
211 159 1
212 159 1
213 159 1
214 159 1
219 159 1
220 159 1
221 159 1
222 159 1
223 159 1
224 159 1
184 160 1
185 160 1
186 160 1
187 160 1
208 160 1
209 160 1
210 160 1
211 160 1
212 160 1
213 160 1
214 160 1
215 160 1
217 160 1
218 160 1
219 160 1
220 160 1
221 160 1
222 160 1
224 160 1
184 161 1
185 161 1
186 161 1
187 161 1
188 161 1
189 161 1
209 161 1
210 161 1
211 161 1
212 161 1
213 161 1
214 161 1
215 161 1
217 161 1
218 161 1
219 161 1
220 161 1
221 161 1
222 161 1
223 161 1
226 161 1
186 162 1
187 162 1
188 162 1
189 162 1
207 162 1
208 162 1
211 162 1
212 162 1
213 162 1
214 162 1
215 162 1
218 162 1
220 162 1
221 162 1
222 162 1
187 163 1
188 163 1
189 163 1
209 163 1
211 163 1
212 163 1
213 163 1
214 163 1
215 163 1
216 163 1
221 163 1
188 164 1
189 164 1
190 164 1
191 164 1
209 164 1
210 164 1
212 164 1
215 164 1
216 164 1
217 164 1
218 164 1
189 165 1
190 165 1
191 165 1
209 165 1
210 165 1
211 165 1
212 165 1
213 165 1
215 165 1
216 165 1
217 165 1
218 165 1
189 166 1
190 166 1
191 166 1
201 166 1
205 166 1
207 166 1
208 166 1
209 166 1
210 166 1
211 166 1
212 166 1
213 166 1
214 166 1
215 166 1
216 166 1
217 166 1
190 167 1
191 167 1
192 167 1
195 167 1
196 167 1
197 167 1
200 167 1
201 167 1
202 167 1
203 167 1
204 167 1
205 167 1
212 167 1
213 167 1
214 167 1
215 167 1
216 167 1
195 168 1
198 168 1
199 168 1
200 168 1
201 168 1
202 168 1
203 168 1
204 168 1
205 168 1
213 168 1
214 168 1
215 168 1
216 168 1
199 169 1
200 169 1
201 169 1
202 169 1
203 169 1
204 169 1
205 169 1
206 169 1
208 169 1
216 169 1
200 170 1
201 170 1
202 170 1
203 170 1
204 170 1
205 170 1
249 127 2
248 129 2
236 132 2
246 133 2
230 134 2
234 134 2
237 134 2
238 134 2
246 134 2
247 134 2
227 135 2
229 135 2
234 135 2
235 135 2
237 135 2
247 135 2
235 136 2
236 136 2
240 136 2
249 136 2
255 136 2
234 137 2
235 137 2
239 137 2
246 137 2
247 137 2
228 138 2
230 138 2
233 138 2
234 138 2
235 138 2
232 139 2
233 139 2
234 139 2
227 140 2
231 140 2
236 140 2
237 140 2
238 140 2
240 140 2
247 140 2
247 141 2
247 142 2
238 143 2
247 143 2
248 143 2
238 145 2
239 146 2
240 146 2
248 146 2
239 147 2
240 147 2
241 147 2
239 148 2
240 148 2
241 148 2
248 149 2
249 149 2
248 150 2
249 150 2
241 151 2
248 151 2
248 152 2
247 153 2
248 153 2
247 154 2
248 154 2
240 155 2
241 155 2
243 155 2
244 155 2
246 155 2
247 155 2
240 156 2
241 156 2
242 156 2
243 156 2
244 156 2
245 156 2
246 156 2
240 157 2
241 157 2
244 157 2
245 157 2
246 157 2
240 158 2
241 158 2
245 158 2
246 158 2
240 159 2
241 159 2
242 159 2
246 159 2
247 159 2
240 160 2
241 160 2
242 160 2
246 160 2
247 160 2
240 161 2
241 161 2
245 161 2
246 161 2
241 162 2
245 162 2
231 163 2
240 163 2
241 163 2
244 163 2
245 163 2
231 164 2
240 164 2
241 164 2
243 164 2
245 164 2
240 165 2
241 165 2
242 165 2
243 165 2
245 165 2
225 166 2
242 166 2
245 166 2
225 167 2
239 167 2
223 168 2
224 168 2
239 168 2
222 169 2
223 169 2
224 169 2
228 169 2
238 169 2
239 169 2
222 170 2
228 170 2
229 170 2
235 170 2
236 170 2
239 170 2
250 170 2
228 171 2
229 171 2
235 171 2
236 171 2
248 171 2
249 171 2
251 171 2
252 171 2
222 172 2
230 172 2
236 172 2
241 172 2
249 172 2
250 172 2
251 172 2
252 172 2
253 172 2
222 173 2
230 173 2
236 173 2
243 173 2
250 173 2
253 173 2
254 173 2
243 174 2
255 174 2
241 175 2
242 175 2
244 175 2
251 175 2
242 176 2
249 176 2
255 176 2
256 176 2
241 177 2
243 177 2
245 177 2
254 177 2
255 177 2
256 177 2
257 177 2
258 177 2
241 178 2
255 178 2
256 178 2
257 178 2
258 178 2
226 179 2
227 179 2
229 179 2
231 179 2
232 179 2
234 179 2
236 179 2
256 179 2
257 179 2
258 179 2
259 179 2
225 180 2
226 180 2
232 180 2
233 180 2
234 180 2
258 180 2
259 180 2
224 181 2
225 181 2
226 181 2
227 181 2
228 181 2
229 181 2
230 181 2
231 181 2
235 181 2
236 181 2
238 181 2
258 181 2
259 181 2
226 182 2
227 182 2
228 182 2
229 182 2
230 182 2
234 182 2
235 182 2
236 182 2
238 182 2
259 182 2
224 183 2
229 183 2
230 183 2
231 183 2
234 183 2
235 183 2
238 183 2
239 183 2
258 183 2
259 183 2
220 184 2
222 184 2
223 184 2
230 184 2
231 184 2
232 184 2
233 184 2
234 184 2
235 184 2
238 184 2
239 184 2
240 184 2
257 184 2
258 184 2
221 185 2
222 185 2
226 185 2
227 185 2
228 185 2
231 185 2
232 185 2
233 185 2
234 185 2
235 185 2
239 185 2
240 185 2
256 185 2
221 186 2
222 186 2
226 186 2
227 186 2
228 186 2
231 186 2
232 186 2
233 186 2
234 186 2
235 186 2
239 186 2
240 186 2
220 187 2
221 187 2
228 187 2
231 187 2
232 187 2
233 187 2
234 187 2
235 187 2
236 187 2
239 187 2
240 187 2
253 187 2
220 188 2
221 188 2
222 188 2
223 188 2
228 188 2
231 188 2
232 188 2
233 188 2
234 188 2
235 188 2
236 188 2
240 188 2
241 188 2
242 188 2
250 188 2
220 189 2
221 189 2
222 189 2
223 189 2
227 189 2
228 189 2
231 189 2
232 189 2
233 189 2
235 189 2
236 189 2
240 189 2
241 189 2
242 189 2
248 189 2
221 190 2
222 190 2
223 190 2
224 190 2
227 190 2
230 190 2
231 190 2
232 190 2
235 190 2
236 190 2
237 190 2
241 190 2
242 190 2
222 191 2
223 191 2
224 191 2
229 191 2
230 191 2
235 191 2
236 191 2
237 191 2
242 191 2
243 191 2
223 192 2
224 192 2
225 192 2
229 192 2
236 192 2
237 192 2
238 192 2
239 192 2
240 192 2
241 192 2
242 192 2
223 193 2
226 193 2
227 193 2
237 193 2
238 193 2
239 193 2
240 193 2
241 193 2
242 193 2
223 194 2
237 194 2
238 194 2
239 194 2
240 194 2
238 195 2
239 195 2
240 195 2
241 195 2
