176 1 0
163 2 0
162 3 0
175 5 0
261 5 0
160 6 0
162 6 0
163 8 0
179 9 0
181 10 0
181 11 0
280 13 0
235 18 0
325 21 0
312 25 0
329 32 0
337 33 0
340 34 0
343 35 0
282 36 0
277 38 0
331 38 0
213 39 0
316 40 0
342 42 0
218 47 0
219 47 0
217 49 0
302 49 0
228 50 0
188 59 0
276 64 0
270 67 0
270 68 0
291 68 0
270 71 0
288 78 0
176 80 0
136 82 0
181 82 0
148 83 0
229 83 0
250 87 0
226 89 0
242 91 0
121 92 0
125 93 0
119 94 0
168 94 0
125 95 0
117 96 0
165 96 0
231 96 0
120 97 0
233 97 0
230 99 0
117 100 0
229 101 0
161 102 0
156 107 0
158 107 0
115 109 0
117 109 0
104 110 0
105 110 0
114 110 0
115 110 0
104 111 0
113 111 0
114 111 0
115 111 0
113 112 0
114 112 0
109 114 0
112 114 0
113 114 0
241 114 0
107 115 0
109 115 0
112 115 0
113 115 0
125 115 0
126 115 0
130 115 0
138 115 0
241 115 0
109 116 0
110 116 0
111 116 0
105 117 0
112 117 0
104 119 0
147 121 0
245 121 0
113 122 0
90 124 0
142 124 0
152 125 0
240 126 0
126 129 0
83 130 0
126 130 0
104 132 0
106 133 0
107 133 0
108 133 0
113 134 0
78 137 0
78 139 0
90 139 0
106 139 0
106 140 0
73 145 0
74 145 0
86 145 0
85 146 0
105 146 0
96 151 0
100 152 0
101 152 0
99 154 0
101 154 0
296 154 0
68 155 0
297 155 0
299 155 0
300 155 0
68 156 0
108 156 0
301 156 0
108 157 0
300 157 0
80 160 0
81 160 0
82 160 0
100 160 0
80 161 0
84 161 0
85 161 0
79 162 0
80 162 0
81 162 0
82 162 0
86 162 0
87 163 0
77 164 0
78 164 0
80 164 0
85 164 0
86 164 0
87 164 0
80 165 0
81 165 0
82 165 0
86 165 0
81 166 0
82 166 0
83 166 0
84 166 0
85 166 0
86 166 0
81 167 0
84 167 0
85 167 0
75 168 0
80 168 0
82 168 0
83 168 0
87 168 0
76 169 0
77 169 0
82 169 0
86 169 0
87 169 0
72 170 0
73 170 0
78 170 0
79 170 0
80 170 0
81 170 0
82 170 0
88 170 0
89 170 0
54 171 0
74 171 0
75 171 0
76 171 0
81 171 0
54 172 0
77 172 0
78 172 0
79 172 0
94 172 0
54 173 0
79 173 0
95 173 0
96 173 0
51 174 0
67 174 0
102 174 0
103 174 0
101 175 0
102 175 0
103 175 0
108 175 0
109 175 0
115 175 0
116 175 0
117 175 0
123 175 0
124 175 0
115 176 0
116 176 0
117 176 0
122 176 0
123 176 0
124 176 0
48 177 0
68 177 0
124 177 0
37 178 0
47 178 0
48 178 0
69 178 0
73 178 0
45 179 0
38 180 0
45 180 0
74 180 0
41 181 0
32 182 0
35 182 0
45 182 0
65 182 0
45 183 0
85 183 0
32 184 0
42 184 0
46 184 0
61 184 0
84 184 0
36 185 0
45 185 0
82 185 0
83 185 0
85 185 0
30 186 0
36 186 0
43 186 0
49 186 0
82 186 0
33 187 0
36 187 0
43 187 0
46 187 0
47 187 0
81 187 0
33 188 0
46 188 0
80 188 0
33 189 0
36 189 0
40 189 0
44 189 0
78 189 0
79 189 0
80 189 0
107 189 0
183 189 0
40 190 0
44 190 0
78 190 0
33 191 0
41 191 0
43 191 0
77 191 0
31 192 0
41 192 0
76 192 0
77 192 0
78 192 0
183 192 0
31 193 0
68 193 0
74 193 0
75 193 0
76 193 0
154 193 0
74 194 0
183 194 0
52 195 0
73 195 0
79 195 0
96 195 0
56 196 0
57 196 0
64 196 0
72 196 0
73 196 0
152 196 0
60 197 0
72 197 0
74 197 0
97 197 0
42 198 0
49 198 0
70 198 0
96 198 0
97 198 0
118 198 0
119 198 0
120 198 0
192 198 0
202 198 0
49 199 0
80 199 0
123 199 0
202 199 0
33 200 0
46 200 0
69 200 0
79 200 0
80 200 0
97 200 0
98 200 0
33 201 0
43 201 0
46 201 0
67 201 0
70 201 0
79 201 0
92 201 0
36 202 0
66 202 0
70 202 0
79 202 0
82 202 0
114 202 0
224 202 0
226 202 0
65 203 0
66 203 0
87 203 0
224 203 0
225 203 0
58 204 0
65 204 0
67 204 0
191 204 0
63 205 0
67 205 0
63 206 0
72 206 0
231 206 0
62 207 0
52 208 0
60 208 0
64 208 0
68 208 0
101 208 0
56 209 0
60 209 0
95 209 0
97 209 0
100 209 0
101 209 0
108 209 0
182 209 0
219 209 0
58 210 0
59 210 0
60 210 0
91 210 0
92 210 0
94 210 0
95 210 0
96 210 0
97 210 0
113 210 0
114 210 0
218 210 0
88 211 0
90 211 0
153 211 0
191 211 0
191 212 0
211 212 0
211 213 0
211 214 0
148 215 0
211 215 0
211 216 0
190 217 0
81 218 0
82 218 0
111 218 0
112 218 0
190 218 0
211 218 0
84 219 0
98 219 0
100 219 0
101 219 0
108 219 0
110 219 0
111 219 0
112 219 0
166 219 0
167 219 0
190 219 0
88 220 0
98 220 0
99 220 0
100 220 0
118 220 0
119 220 0
211 220 0
118 221 0
119 221 0
121 222 0
122 222 0
123 222 0
95 223 0
127 223 0
180 223 0
130 224 0
98 227 0
99 227 0
100 227 0
101 227 0
141 227 0
202 227 0
203 227 0
212 227 0
98 228 0
99 228 0
100 228 0
101 228 0
140 228 0
141 228 0
202 228 0
211 228 0
212 228 0
146 229 0
202 230 0
212 230 0
151 231 0
211 231 0
204 232 0
208 232 0
211 232 0
340 232 0
157 234 0
160 234 0
201 234 0
202 234 0
229 234 0
237 234 0
238 234 0
330 234 0
206 235 0
209 235 0
211 235 0
212 235 0
323 235 0
314 236 0
318 236 0
201 237 0
313 237 0
314 237 0
200 238 0
201 238 0
211 238 0
310 238 0
210 239 0
211 239 0
304 240 0
305 240 0
200 241 0
201 241 0
303 241 0
304 241 0
210 242 0
211 242 0
299 242 0
300 242 0
209 243 0
210 243 0
298 243 0
296 244 0
282 245 0
281 246 0
282 246 0
283 246 0
287 246 0
188 247 0
281 247 0
200 125 1
195 126 1
198 126 1
199 126 1
200 126 1
201 126 1
202 126 1
194 127 1
195 127 1
198 127 1
199 127 1
200 127 1
201 127 1
202 127 1
203 127 1
204 127 1
205 127 1
206 127 1
207 127 1
194 128 1
195 128 1
196 128 1
197 128 1
198 128 1
199 128 1
200 128 1
201 128 1
202 128 1
203 128 1
204 128 1
205 128 1
206 128 1
207 128 1
208 128 1
209 128 1
210 128 1
195 129 1
196 129 1
197 129 1
198 129 1
199 129 1
200 129 1
201 129 1
202 129 1
203 129 1
204 129 1
205 129 1
206 129 1
207 129 1
210 129 1
211 129 1
219 129 1
195 130 1
196 130 1
197 130 1
198 130 1
199 130 1
200 130 1
201 130 1
202 130 1
203 130 1
204 130 1
205 130 1
206 130 1
207 130 1
210 130 1
211 130 1
193 131 1
194 131 1
195 131 1
196 131 1
197 131 1
198 131 1
199 131 1
200 131 1
201 131 1
202 131 1
203 131 1
204 131 1
205 131 1
206 131 1
207 131 1
208 131 1
210 131 1
211 131 1
212 131 1
222 131 1
181 132 1
182 132 1
184 132 1
193 132 1
194 132 1
195 132 1
196 132 1
197 132 1
198 132 1
199 132 1
200 132 1
201 132 1
202 132 1
203 132 1
204 132 1
205 132 1
206 132 1
207 132 1
208 132 1
210 132 1
211 132 1
212 132 1
213 132 1
214 132 1
215 132 1
180 133 1
181 133 1
182 133 1
192 133 1
193 133 1
194 133 1
195 133 1
196 133 1
197 133 1
198 133 1
199 133 1
200 133 1
201 133 1
202 133 1
203 133 1
204 133 1
205 133 1
206 133 1
207 133 1
209 133 1
210 133 1
211 133 1
212 133 1
213 133 1
214 133 1
215 133 1
180 134 1
181 134 1
182 134 1
192 134 1
193 134 1
194 134 1
195 134 1
198 134 1
199 134 1
200 134 1
201 134 1
202 134 1
203 134 1
204 134 1
205 134 1
206 134 1
208 134 1
209 134 1
210 134 1
211 134 1
212 134 1
213 134 1
214 134 1
178 135 1
179 135 1
180 135 1
181 135 1
182 135 1
192 135 1
193 135 1
194 135 1
195 135 1
198 135 1
199 135 1
200 135 1
201 135 1
202 135 1
203 135 1
204 135 1
205 135 1
206 135 1
207 135 1
208 135 1
209 135 1
210 135 1
211 135 1
212 135 1
213 135 1
214 135 1
174 136 1
178 136 1
179 136 1
180 136 1
181 136 1
182 136 1
186 136 1
187 136 1
191 136 1
193 136 1
194 136 1
197 136 1
199 136 1
202 136 1
203 136 1
204 136 1
206 136 1
207 136 1
208 136 1
209 136 1
210 136 1
214 136 1
174 137 1
178 137 1
179 137 1
180 137 1
181 137 1
182 137 1
185 137 1
186 137 1
187 137 1
188 137 1
191 137 1
192 137 1
193 137 1
194 137 1
195 137 1
196 137 1
199 137 1
204 137 1
207 137 1
208 137 1
209 137 1
210 137 1
215 137 1
173 138 1
174 138 1
176 138 1
178 138 1
179 138 1
180 138 1
181 138 1
182 138 1
184 138 1
185 138 1
186 138 1
187 138 1
190 138 1
191 138 1
192 138 1
193 138 1
194 138 1
195 138 1
196 138 1
197 138 1
198 138 1
199 138 1
200 138 1
204 138 1
209 138 1
210 138 1
172 139 1
173 139 1
174 139 1
175 139 1
179 139 1
180 139 1
181 139 1
183 139 1
184 139 1
185 139 1
186 139 1
187 139 1
188 139 1
190 139 1
191 139 1
192 139 1
193 139 1
194 139 1
195 139 1
196 139 1
197 139 1
199 139 1
200 139 1
208 139 1
209 139 1
218 139 1
172 140 1
173 140 1
174 140 1
175 140 1
176 140 1
177 140 1
178 140 1
179 140 1
180 140 1
183 140 1
184 140 1
185 140 1
186 140 1
187 140 1
190 140 1
191 140 1
192 140 1
193 140 1
194 140 1
195 140 1
199 140 1
218 140 1
171 141 1
172 141 1
173 141 1
174 141 1
175 141 1
176 141 1
177 141 1
178 141 1
179 141 1
180 141 1
181 141 1
182 141 1
183 141 1
184 141 1
185 141 1
186 141 1
189 141 1
190 141 1
191 141 1
192 141 1
193 141 1
194 141 1
195 141 1
208 141 1
219 141 1
171 142 1
172 142 1
173 142 1
174 142 1
175 142 1
176 142 1
177 142 1
178 142 1
179 142 1
180 142 1
181 142 1
182 142 1
183 142 1
184 142 1
185 142 1
186 142 1
187 142 1
188 142 1
189 142 1
190 142 1
191 142 1
192 142 1
193 142 1
194 142 1
195 142 1
196 142 1
197 142 1
171 143 1
172 143 1
173 143 1
174 143 1
175 143 1
176 143 1
177 143 1
178 143 1
179 143 1
180 143 1
181 143 1
182 143 1
183 143 1
184 143 1
185 143 1
186 143 1
187 143 1
188 143 1
189 143 1
190 143 1
194 143 1
195 143 1
196 143 1
197 143 1
198 143 1
210 143 1
170 144 1
171 144 1
172 144 1
173 144 1
174 144 1
175 144 1
176 144 1
177 144 1
178 144 1
179 144 1
180 144 1
181 144 1
182 144 1
183 144 1
184 144 1
185 144 1
186 144 1
187 144 1
188 144 1
189 144 1
195 144 1
196 144 1
197 144 1
198 144 1
199 144 1
209 144 1
210 144 1
170 145 1
171 145 1
172 145 1
173 145 1
174 145 1
175 145 1
176 145 1
177 145 1
178 145 1
179 145 1
180 145 1
181 145 1
182 145 1
183 145 1
184 145 1
185 145 1
189 145 1
190 145 1
195 145 1
196 145 1
197 145 1
198 145 1
199 145 1
209 145 1
210 145 1
169 146 1
170 146 1
171 146 1
172 146 1
173 146 1
174 146 1
175 146 1
176 146 1
177 146 1
179 146 1
180 146 1
181 146 1
182 146 1
183 146 1
184 146 1
187 146 1
188 146 1
189 146 1
190 146 1
191 146 1
196 146 1
197 146 1
198 146 1
199 146 1
209 146 1
210 146 1
169 147 1
170 147 1
171 147 1
172 147 1
173 147 1
174 147 1
175 147 1
176 147 1
177 147 1
178 147 1
179 147 1
180 147 1
181 147 1
182 147 1
183 147 1
184 147 1
187 147 1
188 147 1
189 147 1
190 147 1
191 147 1
196 147 1
197 147 1
198 147 1
199 147 1
200 147 1
201 147 1
209 147 1
210 147 1
169 148 1
170 148 1
171 148 1
172 148 1
173 148 1
174 148 1
175 148 1
176 148 1
177 148 1
178 148 1
179 148 1
180 148 1
182 148 1
183 148 1
184 148 1
186 148 1
188 148 1
190 148 1
191 148 1
196 148 1
197 148 1
198 148 1
199 148 1
200 148 1
201 148 1
208 148 1
210 148 1
211 148 1
169 149 1
170 149 1
171 149 1
172 149 1
173 149 1
174 149 1
175 149 1
176 149 1
177 149 1
178 149 1
179 149 1
180 149 1
181 149 1
182 149 1
183 149 1
184 149 1
185 149 1
186 149 1
187 149 1
188 149 1
189 149 1
190 149 1
196 149 1
197 149 1
198 149 1
199 149 1
200 149 1
201 149 1
208 149 1
210 149 1
211 149 1
169 150 1
170 150 1
171 150 1
172 150 1
173 150 1
174 150 1
175 150 1
176 150 1
177 150 1
178 150 1
179 150 1
180 150 1
181 150 1
182 150 1
183 150 1
184 150 1
185 150 1
186 150 1
187 150 1
188 150 1
189 150 1
196 150 1
197 150 1
198 150 1
199 150 1
200 150 1
201 150 1
202 150 1
208 150 1
211 150 1
212 150 1
169 151 1
170 151 1
171 151 1
172 151 1
173 151 1
174 151 1
175 151 1
176 151 1
177 151 1
178 151 1
179 151 1
180 151 1
181 151 1
183 151 1
184 151 1
185 151 1
186 151 1
187 151 1
188 151 1
189 151 1
190 151 1
192 151 1
197 151 1
198 151 1
199 151 1
200 151 1
201 151 1
202 151 1
209 151 1
212 151 1
213 151 1
168 152 1
169 152 1
170 152 1
171 152 1
172 152 1
173 152 1
174 152 1
175 152 1
176 152 1
177 152 1
178 152 1
179 152 1
180 152 1
184 152 1
185 152 1
186 152 1
187 152 1
188 152 1
189 152 1
191 152 1
192 152 1
197 152 1
198 152 1
199 152 1
200 152 1
201 152 1
202 152 1
203 152 1
213 152 1
164 153 1
165 153 1
167 153 1
168 153 1
169 153 1
170 153 1
171 153 1
172 153 1
173 153 1
174 153 1
175 153 1
176 153 1
177 153 1
178 153 1
179 153 1
180 153 1
182 153 1
183 153 1
185 153 1
186 153 1
187 153 1
188 153 1
189 153 1
191 153 1
192 153 1
193 153 1
197 153 1
198 153 1
199 153 1
200 153 1
201 153 1
202 153 1
203 153 1
204 153 1
210 153 1
213 153 1
214 153 1
164 154 1
165 154 1
166 154 1
167 154 1
168 154 1
169 154 1
170 154 1
171 154 1
172 154 1
173 154 1
174 154 1
175 154 1
176 154 1
177 154 1
178 154 1
179 154 1
180 154 1
181 154 1
182 154 1
183 154 1
185 154 1
186 154 1
187 154 1
188 154 1
189 154 1
190 154 1
191 154 1
192 154 1
193 154 1
194 154 1
197 154 1
198 154 1
199 154 1
200 154 1
201 154 1
202 154 1
203 154 1
204 154 1
210 154 1
211 154 1
213 154 1
214 154 1
166 155 1
167 155 1
168 155 1
169 155 1
170 155 1
171 155 1
172 155 1
173 155 1
175 155 1
176 155 1
177 155 1
178 155 1
179 155 1
180 155 1
181 155 1
182 155 1
183 155 1
184 155 1
185 155 1
186 155 1
187 155 1
188 155 1
189 155 1
190 155 1
191 155 1
192 155 1
193 155 1
194 155 1
195 155 1
196 155 1
198 155 1
199 155 1
200 155 1
201 155 1
202 155 1
203 155 1
211 155 1
214 155 1
215 155 1
166 156 1
167 156 1
168 156 1
169 156 1
170 156 1
171 156 1
172 156 1
176 156 1
177 156 1
178 156 1
179 156 1
180 156 1
181 156 1
182 156 1
183 156 1
184 156 1
186 156 1
187 156 1
188 156 1
189 156 1
190 156 1
191 156 1
192 156 1
193 156 1
194 156 1
195 156 1
196 156 1
198 156 1
199 156 1
200 156 1
201 156 1
202 156 1
203 156 1
215 156 1
167 157 1
168 157 1
169 157 1
170 157 1
171 157 1
176 157 1
177 157 1
178 157 1
179 157 1
180 157 1
181 157 1
182 157 1
183 157 1
184 157 1
188 157 1
189 157 1
190 157 1
191 157 1
192 157 1
193 157 1
196 157 1
198 157 1
199 157 1
200 157 1
201 157 1
202 157 1
215 157 1
216 157 1
167 158 1
168 158 1
169 158 1
170 158 1
177 158 1
178 158 1
179 158 1
180 158 1
181 158 1
182 158 1
183 158 1
184 158 1
185 158 1
189 158 1
190 158 1
191 158 1
192 158 1
196 158 1
199 158 1
200 158 1
201 158 1
202 158 1
216 158 1
166 159 1
167 159 1
168 159 1
169 159 1
177 159 1
178 159 1
179 159 1
180 159 1
181 159 1
182 159 1
183 159 1
184 159 1
185 159 1
186 159 1
190 159 1
191 159 1
192 159 1
193 159 1
196 159 1
199 159 1
200 159 1
201 159 1
202 159 1
166 160 1
168 160 1
169 160 1
178 160 1
179 160 1
180 160 1
181 160 1
182 160 1
183 160 1
184 160 1
185 160 1
186 160 1
188 160 1
189 160 1
191 160 1
192 160 1
193 160 1
194 160 1
197 160 1
199 160 1
200 160 1
201 160 1
202 160 1
203 160 1
168 161 1
179 161 1
180 161 1
181 161 1
182 161 1
183 161 1
184 161 1
185 161 1
186 161 1
187 161 1
188 161 1
189 161 1
190 161 1
191 161 1
193 161 1
194 161 1
200 161 1
201 161 1
202 161 1
203 161 1
204 161 1
165 162 1
166 162 1
167 162 1
180 162 1
181 162 1
182 162 1
183 162 1
184 162 1
185 162 1
186 162 1
187 162 1
190 162 1
191 162 1
194 162 1
200 162 1
201 162 1
202 162 1
203 162 1
204 162 1
165 163 1
182 163 1
183 163 1
184 163 1
185 163 1
186 163 1
191 163 1
192 163 1
194 163 1
195 163 1
199 163 1
200 163 1
201 163 1
202 163 1
204 163 1
207 163 1
186 164 1
192 164 1
193 164 1
195 164 1
196 164 1
200 164 1
201 164 1
202 164 1
192 165 1
193 165 1
194 165 1
195 165 1
196 165 1
200 165 1
201 165 1
193 166 1
194 166 1
195 166 1
196 166 1
197 166 1
201 166 1
202 166 1
194 167 1
195 167 1
196 167 1
197 167 1
198 167 1
201 167 1
195 168 1
196 168 1
197 168 1
198 168 1
202 168 1
195 169 1
196 169 1
197 169 1
198 169 1
199 169 1
195 170 1
196 170 1
197 170 1
198 170 1
199 170 1
196 171 1
197 171 1
198 171 1
199 171 1
200 171 1
196 172 1
200 173 1
203 173 1
179 124 2
169 125 2
170 125 2
173 125 2
174 125 2
168 126 2
169 126 2
170 126 2
173 126 2
174 126 2
175 126 2
176 126 2
177 126 2
164 127 2
166 127 2
168 127 2
169 127 2
170 127 2
172 127 2
174 127 2
175 127 2
176 127 2
177 127 2
178 127 2
179 127 2
180 127 2
181 127 2
182 127 2
166 128 2
168 128 2
177 128 2
178 128 2
179 128 2
180 128 2
181 128 2
182 128 2
183 128 2
184 128 2
185 128 2
186 128 2
162 129 2
166 129 2
167 129 2
168 129 2
180 129 2
181 129 2
182 129 2
183 129 2
184 129 2
185 129 2
186 129 2
159 130 2
165 130 2
167 130 2
168 130 2
181 130 2
182 130 2
183 130 2
184 130 2
185 130 2
186 130 2
159 131 2
163 131 2
164 131 2
165 131 2
166 131 2
167 131 2
168 131 2
169 131 2
182 131 2
183 131 2
184 131 2
185 131 2
186 131 2
187 131 2
188 131 2
160 132 2
161 132 2
162 132 2
164 132 2
165 132 2
166 132 2
167 132 2
168 132 2
169 132 2
184 132 2
185 132 2
186 132 2
188 132 2
160 133 2
161 133 2
162 133 2
163 133 2
164 133 2
165 133 2
166 133 2
167 133 2
168 133 2
185 133 2
186 133 2
187 133 2
160 134 2
161 134 2
162 134 2
163 134 2
164 134 2
165 134 2
166 134 2
167 134 2
186 134 2
187 134 2
188 134 2
189 134 2
191 134 2
147 135 2
160 135 2
161 135 2
162 135 2
163 135 2
164 135 2
165 135 2
187 135 2
188 135 2
189 135 2
190 135 2
191 135 2
148 136 2
149 136 2
160 136 2
161 136 2
162 136 2
163 136 2
164 136 2
190 136 2
191 136 2
192 136 2
145 137 2
146 137 2
149 137 2
159 137 2
160 137 2
161 137 2
162 137 2
177 137 2
191 137 2
192 137 2
146 138 2
148 138 2
157 138 2
158 138 2
159 138 2
160 138 2
161 138 2
192 138 2
144 139 2
146 139 2
148 139 2
156 139 2
157 139 2
158 139 2
159 139 2
160 139 2
186 139 2
143 140 2
144 140 2
146 140 2
152 140 2
156 140 2
157 140 2
158 140 2
176 140 2
180 140 2
143 141 2
144 141 2
145 141 2
146 141 2
147 141 2
155 141 2
156 141 2
157 141 2
158 141 2
177 141 2
143 142 2
144 142 2
145 142 2
146 142 2
152 142 2
154 142 2
155 142 2
156 142 2
177 142 2
142 143 2
143 143 2
144 143 2
145 143 2
146 143 2
150 143 2
151 143 2
153 143 2
154 143 2
155 143 2
156 143 2
177 143 2
142 144 2
143 144 2
144 144 2
145 144 2
146 144 2
147 144 2
148 144 2
151 144 2
152 144 2
153 144 2
154 144 2
155 144 2
142 145 2
143 145 2
144 145 2
145 145 2
146 145 2
151 145 2
152 145 2
153 145 2
141 146 2
142 146 2
143 146 2
144 146 2
145 146 2
146 146 2
152 146 2
153 146 2
154 146 2
141 147 2
142 147 2
143 147 2
144 147 2
145 147 2
177 147 2
182 147 2
141 148 2
142 148 2
143 148 2
144 148 2
146 148 2
152 148 2
177 148 2
179 148 2
182 148 2
141 149 2
142 149 2
143 149 2
144 149 2
152 149 2
177 149 2
182 149 2
141 150 2
142 150 2
143 150 2
144 150 2
151 150 2
177 150 2
182 150 2
183 150 2
141 151 2
142 151 2
143 151 2
144 151 2
152 151 2
155 151 2
177 151 2
178 151 2
182 151 2
141 152 2
142 152 2
143 152 2
144 152 2
177 152 2
178 152 2
141 153 2
142 153 2
143 153 2
144 153 2
145 153 2
158 153 2
177 153 2
178 153 2
139 154 2
141 154 2
142 154 2
143 154 2
144 154 2
145 154 2
152 154 2
162 154 2
172 154 2
173 154 2
175 154 2
176 154 2
177 154 2
182 154 2
184 154 2
141 155 2
142 155 2
143 155 2
144 155 2
145 155 2
146 155 2
162 155 2
163 155 2
172 155 2
173 155 2
175 155 2
176 155 2
177 155 2
180 155 2
140 156 2
141 156 2
142 156 2
143 156 2
144 156 2
145 156 2
153 156 2
155 156 2
156 156 2
162 156 2
167 156 2
168 156 2
172 156 2
173 156 2
174 156 2
175 156 2
176 156 2
140 157 2
141 157 2
142 157 2
143 157 2
144 157 2
145 157 2
146 157 2
147 157 2
153 157 2
154 157 2
155 157 2
156 157 2
162 157 2
164 157 2
168 157 2
172 157 2
173 157 2
174 157 2
175 157 2
176 157 2
140 158 2
141 158 2
142 158 2
143 158 2
144 158 2
145 158 2
146 158 2
147 158 2
153 158 2
154 158 2
155 158 2
156 158 2
161 158 2
162 158 2
163 158 2
164 158 2
168 158 2
171 158 2
172 158 2
173 158 2
175 158 2
141 159 2
142 159 2
143 159 2
144 159 2
145 159 2
146 159 2
147 159 2
148 159 2
153 159 2
154 159 2
155 159 2
156 159 2
159 159 2
160 159 2
161 159 2
162 159 2
168 159 2
169 159 2
170 159 2
171 159 2
172 159 2
173 159 2
174 159 2
142 160 2
143 160 2
144 160 2
145 160 2
146 160 2
147 160 2
148 160 2
149 160 2
152 160 2
153 160 2
154 160 2
155 160 2
156 160 2
157 160 2
158 160 2
159 160 2
160 160 2
166 160 2
169 160 2
171 160 2
172 160 2
143 161 2
144 161 2
145 161 2
146 161 2
147 161 2
148 161 2
149 161 2
150 161 2
151 161 2
152 161 2
153 161 2
154 161 2
155 161 2
156 161 2
157 161 2
158 161 2
159 161 2
160 161 2
161 161 2
162 161 2
163 161 2
166 161 2
167 161 2
171 161 2
172 161 2
143 162 2
144 162 2
145 162 2
146 162 2
147 162 2
148 162 2
149 162 2
150 162 2
151 162 2
152 162 2
153 162 2
154 162 2
155 162 2
156 162 2
157 162 2
158 162 2
159 162 2
160 162 2
161 162 2
162 162 2
163 162 2
166 162 2
167 162 2
145 163 2
146 163 2
147 163 2
148 163 2
149 163 2
150 163 2
151 163 2
152 163 2
153 163 2
156 163 2
157 163 2
158 163 2
159 163 2
160 163 2
161 163 2
162 163 2
163 163 2
165 163 2
166 163 2
167 163 2
146 164 2
147 164 2
148 164 2
149 164 2
150 164 2
151 164 2
152 164 2
155 164 2
156 164 2
157 164 2
158 164 2
159 164 2
160 164 2
161 164 2
162 164 2
164 164 2
165 164 2
166 164 2
167 164 2
147 165 2
148 165 2
149 165 2
150 165 2
151 165 2
152 165 2
153 165 2
154 165 2
155 165 2
156 165 2
157 165 2
158 165 2
159 165 2
160 165 2
161 165 2
162 165 2
163 165 2
164 165 2
165 165 2
166 165 2
148 166 2
149 166 2
150 166 2
151 166 2
152 166 2
153 166 2
154 166 2
155 166 2
156 166 2
157 166 2
158 166 2
159 166 2
160 166 2
161 166 2
162 166 2
163 166 2
164 166 2
165 166 2
126 167 2
150 167 2
152 167 2
153 167 2
154 167 2
155 167 2
156 167 2
157 167 2
158 167 2
159 167 2
160 167 2
161 167 2
162 167 2
163 167 2
164 167 2
154 168 2
155 168 2
156 168 2
157 168 2
158 168 2
160 168 2
155 169 2
221 140 3
221 141 3
222 142 3
221 143 3
222 143 3
217 144 3
218 144 3
219 144 3
217 145 3
218 145 3
219 145 3
222 145 3
217 146 3
218 146 3
222 147 3
223 147 3
222 148 3
223 148 3
210 149 3
222 149 3
223 149 3
210 150 3
222 150 3
223 150 3
210 151 3
222 151 3
211 152 3
218 152 3
219 152 3
221 152 3
222 152 3
212 153 3
213 153 3
218 153 3
219 153 3
221 153 3
222 153 3
223 153 3
212 154 3
217 154 3
218 154 3
219 154 3
222 154 3
223 154 3
224 154 3
209 155 3
211 155 3
212 155 3
213 155 3
217 155 3
218 155 3
219 155 3
223 155 3
224 155 3
210 156 3
211 156 3
212 156 3
213 156 3
217 156 3
218 156 3
219 156 3
223 156 3
224 156 3
225 156 3
210 157 3
212 157 3
213 157 3
217 157 3
218 157 3
219 157 3
220 157 3
223 157 3
224 157 3
225 157 3
212 158 3
213 158 3
214 158 3
217 158 3
218 158 3
219 158 3
220 158 3
223 158 3
224 158 3
213 159 3
214 159 3
217 159 3
218 159 3
219 159 3
220 159 3
222 159 3
223 159 3
224 159 3
213 160 3
214 160 3
219 160 3
220 160 3
222 160 3
223 160 3
224 160 3
213 161 3
214 161 3
215 161 3
219 161 3
220 161 3
221 161 3
222 161 3
223 161 3
214 162 3
215 162 3
219 162 3
220 162 3
221 162 3
222 162 3
223 162 3
224 162 3
214 163 3
215 163 3
219 163 3
220 163 3
221 163 3
222 163 3
223 163 3
224 163 3
214 164 3
215 164 3
219 164 3
220 164 3
221 164 3
222 164 3
223 164 3
224 164 3
204 165 3
205 165 3
214 165 3
215 165 3
216 165 3
219 165 3
220 165 3
221 165 3
222 165 3
223 165 3
224 165 3
203 166 3
204 166 3
205 166 3
214 166 3
215 166 3
216 166 3
219 166 3
220 166 3
223 166 3
224 166 3
203 167 3
206 167 3
215 167 3
216 167 3
217 167 3
219 167 3
220 167 3
202 168 3
203 168 3
206 168 3
212 168 3
214 168 3
215 168 3
216 168 3
217 168 3
218 168 3
219 168 3
220 168 3
202 169 3
207 169 3
213 169 3
214 169 3
215 169 3
216 169 3
217 169 3
218 169 3
219 169 3
220 169 3
222 169 3
223 169 3
248 169 3
207 170 3
215 170 3
217 170 3
218 170 3
219 170 3
220 170 3
223 170 3
243 170 3
248 170 3
208 171 3
215 171 3
218 171 3
219 171 3
220 171 3
223 171 3
224 171 3
230 171 3
231 171 3
232 171 3
233 171 3
234 171 3
235 171 3
208 172 3
209 172 3
215 172 3
216 172 3
219 172 3
220 172 3
224 172 3
225 172 3
227 172 3
228 172 3
229 172 3
230 172 3
231 172 3
232 172 3
233 172 3
234 172 3
235 172 3
245 172 3
209 173 3
210 173 3
216 173 3
221 173 3
223 173 3
224 173 3
225 173 3
226 173 3
227 173 3
228 173 3
229 173 3
230 173 3
210 174 3
211 174 3
220 174 3
221 174 3
222 174 3
223 174 3
224 174 3
225 174 3
231 174 3
237 174 3
238 174 3
239 174 3
212 175 3
218 175 3
220 175 3
222 175 3
223 175 3
237 175 3
238 175 3
239 175 3
212 176 3
213 176 3
217 176 3
220 176 3
221 176 3
237 176 3
238 176 3
239 176 3
213 177 3
214 177 3
220 177 3
237 177 3
238 177 3
239 177 3
240 177 3
203 178 3
204 178 3
205 178 3
206 178 3
207 178 3
208 178 3
210 178 3
213 178 3
237 178 3
238 178 3
239 178 3
242 178 3
202 179 3
203 179 3
204 179 3
205 179 3
207 179 3
208 179 3
210 179 3
211 179 3
213 179 3
214 179 3
215 179 3
216 179 3
222 179 3
225 179 3
237 179 3
238 179 3
239 179 3
202 180 3
203 180 3
204 180 3
205 180 3
206 180 3
207 180 3
208 180 3
210 180 3
213 180 3
214 180 3
215 180 3
216 180 3
217 180 3
218 180 3
219 180 3
225 180 3
237 180 3
238 180 3
201 181 3
202 181 3
203 181 3
204 181 3
205 181 3
206 181 3
207 181 3
208 181 3
210 181 3
211 181 3
213 181 3
214 181 3
215 181 3
216 181 3
217 181 3
218 181 3
219 181 3
235 181 3
236 181 3
203 182 3
204 182 3
205 182 3
206 182 3
207 182 3
208 182 3
209 182 3
210 182 3
211 182 3
214 182 3
215 182 3
216 182 3
217 182 3
218 182 3
219 182 3
233 182 3
234 182 3
235 182 3
202 183 3
203 183 3
204 183 3
205 183 3
206 183 3
209 183 3
210 183 3
211 183 3
214 183 3
215 183 3
216 183 3
217 183 3
218 183 3
219 183 3
231 183 3
232 183 3
233 183 3
201 184 3
202 184 3
204 184 3
206 184 3
208 184 3
210 184 3
211 184 3
215 184 3
216 184 3
217 184 3
219 184 3
220 184 3
229 184 3
230 184 3
231 184 3
232 184 3
200 185 3
201 185 3
202 185 3
203 185 3
205 185 3
206 185 3
208 185 3
209 185 3
210 185 3
211 185 3
212 185 3
215 185 3
216 185 3
217 185 3
220 185 3
223 185 3
224 185 3
225 185 3
226 185 3
227 185 3
228 185 3
229 185 3
230 185 3
231 185 3
200 186 3
201 186 3
202 186 3
203 186 3
204 186 3
205 186 3
207 186 3
208 186 3
210 186 3
211 186 3
213 186 3
215 186 3
216 186 3
217 186 3
218 186 3
221 186 3
222 186 3
223 186 3
224 186 3
225 186 3
226 186 3
227 186 3
228 186 3
200 187 3
201 187 3
202 187 3
203 187 3
204 187 3
205 187 3
207 187 3
208 187 3
210 187 3
212 187 3
215 187 3
216 187 3
217 187 3
218 187 3
221 187 3
222 187 3
200 188 3
201 188 3
202 188 3
203 188 3
204 188 3
205 188 3
206 188 3
207 188 3
208 188 3
209 188 3
210 188 3
211 188 3
212 188 3
213 188 3
214 188 3
215 188 3
217 188 3
218 188 3
201 189 3
202 189 3
203 189 3
204 189 3
205 189 3
206 189 3
207 189 3
209 189 3
210 189 3
211 189 3
212 189 3
213 189 3
214 189 3
215 189 3
217 189 3
218 189 3
219 189 3
202 190 3
203 190 3
204 190 3
205 190 3
206 190 3
208 190 3
209 190 3
210 190 3
211 190 3
212 190 3
213 190 3
214 190 3
215 190 3
219 190 3
220 190 3
221 190 3
222 190 3
223 190 3
224 190 3
203 191 3
206 191 3
208 191 3
209 191 3
210 191 3
211 191 3
212 191 3
213 191 3
220 191 3
221 191 3
222 191 3
223 191 3
224 191 3
225 191 3
246 191 3
210 192 3
211 192 3
221 192 3
223 192 3
215 198 3
