172 1 0
186 1 0
172 2 0
174 2 0
185 2 0
186 2 0
187 2 0
188 2 0
262 2 0
264 2 0
314 2 0
172 3 0
174 3 0
185 3 0
186 3 0
187 3 0
188 3 0
262 3 0
264 3 0
265 3 0
171 4 0
172 4 0
174 4 0
185 4 0
186 4 0
187 4 0
232 4 0
171 5 0
172 5 0
174 5 0
185 5 0
186 5 0
187 5 0
257 5 0
166 6 0
167 6 0
171 6 0
172 6 0
173 6 0
174 6 0
185 6 0
186 6 0
187 6 0
227 6 0
229 6 0
257 6 0
261 6 0
276 6 0
164 7 0
165 7 0
166 7 0
171 7 0
173 7 0
174 7 0
184 7 0
185 7 0
186 7 0
187 7 0
227 7 0
228 7 0
229 7 0
252 7 0
171 8 0
173 8 0
184 8 0
185 8 0
186 8 0
187 8 0
224 8 0
227 8 0
229 8 0
245 8 0
170 9 0
171 9 0
173 9 0
183 9 0
184 9 0
185 9 0
186 9 0
224 9 0
227 9 0
234 9 0
244 9 0
245 9 0
247 9 0
173 10 0
178 10 0
179 10 0
190 10 0
223 10 0
224 10 0
247 10 0
248 10 0
250 10 0
255 10 0
256 10 0
280 10 0
286 10 0
173 11 0
175 11 0
185 11 0
186 11 0
187 11 0
189 11 0
190 11 0
191 11 0
223 11 0
224 11 0
233 11 0
247 11 0
256 11 0
276 11 0
293 11 0
179 12 0
180 12 0
181 12 0
189 12 0
190 12 0
191 12 0
223 12 0
293 12 0
174 13 0
189 13 0
190 13 0
191 13 0
222 13 0
223 13 0
244 13 0
279 13 0
343 13 0
188 14 0
189 14 0
190 14 0
191 14 0
222 14 0
223 14 0
244 14 0
342 14 0
343 14 0
166 15 0
188 15 0
189 15 0
190 15 0
191 15 0
222 15 0
223 15 0
226 15 0
228 15 0
239 15 0
244 15 0
255 15 0
342 15 0
188 16 0
190 16 0
191 16 0
222 16 0
226 16 0
228 16 0
239 16 0
341 16 0
188 17 0
190 17 0
191 17 0
221 17 0
222 17 0
226 17 0
260 17 0
283 17 0
290 17 0
291 17 0
341 17 0
188 18 0
189 18 0
190 18 0
221 18 0
222 18 0
243 18 0
283 18 0
290 18 0
295 18 0
340 18 0
188 19 0
189 19 0
190 19 0
221 19 0
222 19 0
239 19 0
243 19 0
246 19 0
254 19 0
258 19 0
294 19 0
295 19 0
340 19 0
188 20 0
189 20 0
190 20 0
221 20 0
242 20 0
243 20 0
245 20 0
246 20 0
253 20 0
254 20 0
339 20 0
187 21 0
189 21 0
190 21 0
220 21 0
221 21 0
232 21 0
243 21 0
254 21 0
288 21 0
289 21 0
339 21 0
189 22 0
190 22 0
220 22 0
221 22 0
245 22 0
293 22 0
313 22 0
332 22 0
338 22 0
220 23 0
221 23 0
245 23 0
248 23 0
293 23 0
331 23 0
337 23 0
338 23 0
220 24 0
245 24 0
257 24 0
292 24 0
337 24 0
220 25 0
245 25 0
247 25 0
248 25 0
253 25 0
279 25 0
292 25 0
336 25 0
221 26 0
239 26 0
246 26 0
247 26 0
287 26 0
292 26 0
336 26 0
159 27 0
162 27 0
286 27 0
287 27 0
291 27 0
293 27 0
335 27 0
162 28 0
163 28 0
252 28 0
291 28 0
293 28 0
335 28 0
226 29 0
227 29 0
238 29 0
252 29 0
281 29 0
291 29 0
321 29 0
334 29 0
218 30 0
226 30 0
227 30 0
237 30 0
252 30 0
256 30 0
291 30 0
292 30 0
333 30 0
334 30 0
226 31 0
230 31 0
231 31 0
236 31 0
247 31 0
285 31 0
290 31 0
291 31 0
333 31 0
225 32 0
230 32 0
278 32 0
285 32 0
332 32 0
333 32 0
224 33 0
225 33 0
229 33 0
251 33 0
256 33 0
277 33 0
291 33 0
332 33 0
224 34 0
225 34 0
229 34 0
251 34 0
256 34 0
277 34 0
289 34 0
291 34 0
331 34 0
334 34 0
224 35 0
228 35 0
255 35 0
289 35 0
331 35 0
333 35 0
334 35 0
228 36 0
233 36 0
284 36 0
289 36 0
290 36 0
330 36 0
333 36 0
249 37 0
250 37 0
254 37 0
284 37 0
288 37 0
290 37 0
330 37 0
332 37 0
333 37 0
243 38 0
277 38 0
288 38 0
289 38 0
329 38 0
332 38 0
221 39 0
276 39 0
277 39 0
288 39 0
289 39 0
321 39 0
329 39 0
331 39 0
221 40 0
222 40 0
253 40 0
275 40 0
287 40 0
288 40 0
309 40 0
311 40 0
328 40 0
221 41 0
223 41 0
252 41 0
255 41 0
283 41 0
287 41 0
288 41 0
328 41 0
223 42 0
232 42 0
236 42 0
282 42 0
287 42 0
291 42 0
297 42 0
321 42 0
327 42 0
222 43 0
223 43 0
236 43 0
239 43 0
287 43 0
290 43 0
308 43 0
320 43 0
326 43 0
327 43 0
222 44 0
227 44 0
228 44 0
230 44 0
231 44 0
232 44 0
239 44 0
275 44 0
286 44 0
287 44 0
290 44 0
297 44 0
320 44 0
326 44 0
218 45 0
227 45 0
229 45 0
230 45 0
231 45 0
239 45 0
258 45 0
281 45 0
286 45 0
298 45 0
319 45 0
325 45 0
326 45 0
214 46 0
217 46 0
226 46 0
229 46 0
230 46 0
254 46 0
281 46 0
298 46 0
319 46 0
325 46 0
180 47 0
213 47 0
217 47 0
228 47 0
229 47 0
230 47 0
236 47 0
288 47 0
297 47 0
324 47 0
179 48 0
216 48 0
228 48 0
229 48 0
288 48 0
289 48 0
297 48 0
324 48 0
173 49 0
179 49 0
219 49 0
225 49 0
228 49 0
229 49 0
231 49 0
289 49 0
297 49 0
317 49 0
318 49 0
323 49 0
177 50 0
218 50 0
219 50 0
224 50 0
225 50 0
227 50 0
228 50 0
273 50 0
279 50 0
280 50 0
289 50 0
317 50 0
322 50 0
170 51 0
176 51 0
218 51 0
219 51 0
226 51 0
227 51 0
228 51 0
236 51 0
272 51 0
275 51 0
280 51 0
289 51 0
316 51 0
317 51 0
321 51 0
169 52 0
170 52 0
217 52 0
218 52 0
226 52 0
227 52 0
232 52 0
285 52 0
286 52 0
287 52 0
316 52 0
317 52 0
172 53 0
222 53 0
223 53 0
225 53 0
226 53 0
227 53 0
236 53 0
243 53 0
285 53 0
287 53 0
299 53 0
316 53 0
317 53 0
222 54 0
224 54 0
225 54 0
226 54 0
233 54 0
243 54 0
250 54 0
278 54 0
279 54 0
284 54 0
285 54 0
299 54 0
316 54 0
224 55 0
225 55 0
243 55 0
279 55 0
284 55 0
289 55 0
292 55 0
300 55 0
315 55 0
316 55 0
181 56 0
224 56 0
225 56 0
226 56 0
233 56 0
250 56 0
284 56 0
289 56 0
314 56 0
315 56 0
202 57 0
237 57 0
238 57 0
273 57 0
283 57 0
284 57 0
289 57 0
293 57 0
313 57 0
314 57 0
315 57 0
206 58 0
207 58 0
232 58 0
234 58 0
235 58 0
236 58 0
277 58 0
283 58 0
288 58 0
289 58 0
293 58 0
313 58 0
206 59 0
207 59 0
257 59 0
277 59 0
278 59 0
282 59 0
283 59 0
288 59 0
289 59 0
292 59 0
312 59 0
257 60 0
282 60 0
288 60 0
290 60 0
311 60 0
190 61 0
202 61 0
262 61 0
282 61 0
288 61 0
289 61 0
311 61 0
163 62 0
185 62 0
189 62 0
202 62 0
203 62 0
262 62 0
281 62 0
288 62 0
289 62 0
303 62 0
310 62 0
169 63 0
170 63 0
186 63 0
201 63 0
202 63 0
261 63 0
262 63 0
276 63 0
277 63 0
287 63 0
288 63 0
310 63 0
169 64 0
180 64 0
185 64 0
186 64 0
193 64 0
268 64 0
271 64 0
280 64 0
287 64 0
302 64 0
309 64 0
185 65 0
186 65 0
200 65 0
207 65 0
208 65 0
223 65 0
268 65 0
271 65 0
280 65 0
309 65 0
155 66 0
184 66 0
185 66 0
200 66 0
206 66 0
208 66 0
220 66 0
223 66 0
308 66 0
154 67 0
173 67 0
182 67 0
183 67 0
184 67 0
207 67 0
208 67 0
230 67 0
281 67 0
308 67 0
159 68 0
182 68 0
198 68 0
199 68 0
206 68 0
235 68 0
239 68 0
280 68 0
286 68 0
307 68 0
158 69 0
190 69 0
197 69 0
198 69 0
205 69 0
208 69 0
209 69 0
214 69 0
239 69 0
242 69 0
259 69 0
280 69 0
281 69 0
282 69 0
283 69 0
306 69 0
307 69 0
157 70 0
176 70 0
178 70 0
185 70 0
189 70 0
190 70 0
192 70 0
198 70 0
205 70 0
213 70 0
238 70 0
241 70 0
261 70 0
280 70 0
285 70 0
306 70 0
156 71 0
157 71 0
188 71 0
189 71 0
191 71 0
193 71 0
194 71 0
203 71 0
207 71 0
213 71 0
221 71 0
243 71 0
244 71 0
279 71 0
305 71 0
306 71 0
155 72 0
156 72 0
176 72 0
188 72 0
193 72 0
195 72 0
198 72 0
200 72 0
202 72 0
223 72 0
225 72 0
227 72 0
232 72 0
241 72 0
242 72 0
243 72 0
251 72 0
279 72 0
280 72 0
153 73 0
154 73 0
158 73 0
194 73 0
199 73 0
200 73 0
201 73 0
202 73 0
203 73 0
240 73 0
251 73 0
278 73 0
279 73 0
283 73 0
152 74 0
153 74 0
156 74 0
157 74 0
191 74 0
199 74 0
200 74 0
201 74 0
202 74 0
239 74 0
240 74 0
245 74 0
278 74 0
279 74 0
283 74 0
304 74 0
151 75 0
152 75 0
155 75 0
156 75 0
194 75 0
201 75 0
202 75 0
205 75 0
210 75 0
225 75 0
235 75 0
250 75 0
283 75 0
303 75 0
150 76 0
151 76 0
210 76 0
224 76 0
234 76 0
292 76 0
149 77 0
153 77 0
276 77 0
292 77 0
148 78 0
151 78 0
152 78 0
233 78 0
240 78 0
251 78 0
292 78 0
293 78 0
304 78 0
146 79 0
147 79 0
150 79 0
151 79 0
152 79 0
153 79 0
163 79 0
164 79 0
181 79 0
199 79 0
221 79 0
222 79 0
243 79 0
280 79 0
282 79 0
292 79 0
145 80 0
146 80 0
150 80 0
162 80 0
163 80 0
164 80 0
185 80 0
227 80 0
232 80 0
237 80 0
280 80 0
282 80 0
299 80 0
300 80 0
144 81 0
145 81 0
147 81 0
148 81 0
149 81 0
151 81 0
185 81 0
186 81 0
187 81 0
207 81 0
259 81 0
282 81 0
298 81 0
299 81 0
300 81 0
143 82 0
144 82 0
147 82 0
150 82 0
158 82 0
182 82 0
185 82 0
189 82 0
231 82 0
236 82 0
259 82 0
261 82 0
262 82 0
299 82 0
302 82 0
142 83 0
146 83 0
159 83 0
160 83 0
187 83 0
188 83 0
189 83 0
190 83 0
191 83 0
192 83 0
211 83 0
224 83 0
225 83 0
230 83 0
246 83 0
253 83 0
256 83 0
297 83 0
298 83 0
302 83 0
141 84 0
144 84 0
145 84 0
158 84 0
159 84 0
160 84 0
161 84 0
162 84 0
164 84 0
165 84 0
185 84 0
189 84 0
190 84 0
191 84 0
192 84 0
211 84 0
219 84 0
233 84 0
234 84 0
256 84 0
257 84 0
295 84 0
296 84 0
301 84 0
135 85 0
139 85 0
140 85 0
143 85 0
144 85 0
145 85 0
150 85 0
161 85 0
163 85 0
164 85 0
175 85 0
185 85 0
186 85 0
190 85 0
192 85 0
195 85 0
218 85 0
224 85 0
229 85 0
255 85 0
256 85 0
301 85 0
134 86 0
135 86 0
138 86 0
139 86 0
142 86 0
143 86 0
150 86 0
162 86 0
163 86 0
184 86 0
189 86 0
190 86 0
195 86 0
236 86 0
242 86 0
133 87 0
137 87 0
138 87 0
141 87 0
142 87 0
150 87 0
151 87 0
156 87 0
162 87 0
173 87 0
184 87 0
189 87 0
191 87 0
195 87 0
197 87 0
232 87 0
136 88 0
160 88 0
172 88 0
182 88 0
183 88 0
188 88 0
191 88 0
195 88 0
196 88 0
197 88 0
233 88 0
300 88 0
135 89 0
163 89 0
182 89 0
183 89 0
187 89 0
188 89 0
190 89 0
194 89 0
195 89 0
196 89 0
234 89 0
238 89 0
134 90 0
135 90 0
152 90 0
158 90 0
179 90 0
180 90 0
181 90 0
186 90 0
187 90 0
189 90 0
194 90 0
195 90 0
196 90 0
235 90 0
239 90 0
260 90 0
133 91 0
134 91 0
180 91 0
181 91 0
185 91 0
186 91 0
189 91 0
193 91 0
194 91 0
195 91 0
214 91 0
230 91 0
239 91 0
240 91 0
259 91 0
132 92 0
134 92 0
165 92 0
173 92 0
185 92 0
189 92 0
192 92 0
193 92 0
194 92 0
219 92 0
228 92 0
229 92 0
235 92 0
132 93 0
135 93 0
172 93 0
178 93 0
179 93 0
184 93 0
185 93 0
191 93 0
192 93 0
194 93 0
208 93 0
209 93 0
219 93 0
228 93 0
130 94 0
132 94 0
164 94 0
166 94 0
182 94 0
183 94 0
184 94 0
219 94 0
221 94 0
226 94 0
227 94 0
228 94 0
238 94 0
131 95 0
132 95 0
137 95 0
143 95 0
165 95 0
166 95 0
170 95 0
176 95 0
177 95 0
178 95 0
182 95 0
183 95 0
214 95 0
222 95 0
225 95 0
226 95 0
227 95 0
228 95 0
242 95 0
128 96 0
136 96 0
137 96 0
142 96 0
143 96 0
155 96 0
169 96 0
182 96 0
213 96 0
215 96 0
228 96 0
234 96 0
246 96 0
135 97 0
136 97 0
141 97 0
142 97 0
156 97 0
175 97 0
176 97 0
181 97 0
182 97 0
197 97 0
199 97 0
215 97 0
224 97 0
258 97 0
126 98 0
127 98 0
134 98 0
135 98 0
141 98 0
156 98 0
175 98 0
176 98 0
180 98 0
181 98 0
216 98 0
228 98 0
241 98 0
250 98 0
251 98 0
258 98 0
261 98 0
126 99 0
127 99 0
133 99 0
134 99 0
140 99 0
141 99 0
149 99 0
167 99 0
180 99 0
189 99 0
190 99 0
192 99 0
204 99 0
216 99 0
223 99 0
224 99 0
228 99 0
258 99 0
124 100 0
125 100 0
126 100 0
127 100 0
131 100 0
132 100 0
133 100 0
137 100 0
138 100 0
139 100 0
143 100 0
145 100 0
148 100 0
172 100 0
173 100 0
174 100 0
179 100 0
198 100 0
199 100 0
202 100 0
204 100 0
237 100 0
239 100 0
242 100 0
257 100 0
258 100 0
131 101 0
132 101 0
137 101 0
160 101 0
179 101 0
204 101 0
229 101 0
237 101 0
238 101 0
239 101 0
241 101 0
242 101 0
243 101 0
257 101 0
261 101 0
122 102 0
129 102 0
130 102 0
131 102 0
159 102 0
170 102 0
171 102 0
172 102 0
178 102 0
181 102 0
184 102 0
189 102 0
218 102 0
225 102 0
237 102 0
238 102 0
239 102 0
241 102 0
242 102 0
243 102 0
257 102 0
121 103 0
135 103 0
158 103 0
159 103 0
163 103 0
164 103 0
170 103 0
171 103 0
172 103 0
177 103 0
215 103 0
218 103 0
238 103 0
241 103 0
242 103 0
243 103 0
254 103 0
262 103 0
120 104 0
134 104 0
139 104 0
140 104 0
146 104 0
158 104 0
176 104 0
241 104 0
242 104 0
243 104 0
254 104 0
259 104 0
260 104 0
262 104 0
119 105 0
120 105 0
138 105 0
140 105 0
145 105 0
157 105 0
168 105 0
169 105 0
170 105 0
176 105 0
191 105 0
241 105 0
168 106 0
169 106 0
175 106 0
198 106 0
218 106 0
256 106 0
136 107 0
137 107 0
141 107 0
153 107 0
174 107 0
179 107 0
195 107 0
197 107 0
218 107 0
219 107 0
135 108 0
136 108 0
139 108 0
141 108 0
153 108 0
158 108 0
165 108 0
166 108 0
167 108 0
196 108 0
197 108 0
224 108 0
135 109 0
138 109 0
139 109 0
141 109 0
153 109 0
166 109 0
172 109 0
173 109 0
178 109 0
182 109 0
183 109 0
196 109 0
209 109 0
212 109 0
137 110 0
172 110 0
177 110 0
178 110 0
182 110 0
196 110 0
214 110 0
253 110 0
127 111 0
128 111 0
170 111 0
177 111 0
182 111 0
211 111 0
127 112 0
169 112 0
177 112 0
180 112 0
181 112 0
196 112 0
168 113 0
176 113 0
177 113 0
180 113 0
196 113 0
246 113 0
247 113 0
126 114 0
128 114 0
166 114 0
176 114 0
181 114 0
196 114 0
246 114 0
125 115 0
140 115 0
166 115 0
175 115 0
176 115 0
178 115 0
180 115 0
196 115 0
227 115 0
232 115 0
246 115 0
258 115 0
125 116 0
149 116 0
165 116 0
178 116 0
196 116 0
225 116 0
231 116 0
246 116 0
249 116 0
250 116 0
158 117 0
165 117 0
168 117 0
196 117 0
217 117 0
229 117 0
246 117 0
249 117 0
250 117 0
255 117 0
157 118 0
158 118 0
159 118 0
165 118 0
167 118 0
195 118 0
216 118 0
222 118 0
240 118 0
249 118 0
250 118 0
255 118 0
158 119 0
164 119 0
195 119 0
216 119 0
217 119 0
241 119 0
255 119 0
164 120 0
172 120 0
195 120 0
240 120 0
255 120 0
156 121 0
157 121 0
164 121 0
172 121 0
175 121 0
194 121 0
208 121 0
209 121 0
211 121 0
239 121 0
240 121 0
142 122 0
149 122 0
150 122 0
156 122 0
157 122 0
158 122 0
164 122 0
172 122 0
174 122 0
175 122 0
193 122 0
208 122 0
209 122 0
211 122 0
212 122 0
258 122 0
142 123 0
147 123 0
150 123 0
152 123 0
153 123 0
163 123 0
193 123 0
213 123 0
253 123 0
254 123 0
142 124 0
147 124 0
148 124 0
150 124 0
151 124 0
152 124 0
153 124 0
154 124 0
155 124 0
163 124 0
192 124 0
212 124 0
213 124 0
252 124 0
253 124 0
254 124 0
255 124 0
256 124 0
125 125 0
136 125 0
147 125 0
149 125 0
150 125 0
151 125 0
152 125 0
153 125 0
154 125 0
155 125 0
156 125 0
157 125 0
158 125 0
159 125 0
160 125 0
161 125 0
162 125 0
163 125 0
192 125 0
211 125 0
212 125 0
213 125 0
252 125 0
253 125 0
254 125 0
255 125 0
256 125 0
258 125 0
124 126 0
125 126 0
127 126 0
135 126 0
136 126 0
137 126 0
141 126 0
149 126 0
150 126 0
151 126 0
152 126 0
153 126 0
154 126 0
155 126 0
156 126 0
157 126 0
159 126 0
160 126 0
161 126 0
162 126 0
163 126 0
211 126 0
212 126 0
220 126 0
254 126 0
255 126 0
258 126 0
123 127 0
135 127 0
136 127 0
137 127 0
141 127 0
148 127 0
149 127 0
150 127 0
151 127 0
152 127 0
153 127 0
154 127 0
155 127 0
156 127 0
157 127 0
159 127 0
160 127 0
161 127 0
162 127 0
209 127 0
251 127 0
257 127 0
123 128 0
134 128 0
135 128 0
136 128 0
141 128 0
143 128 0
148 128 0
156 128 0
158 128 0
159 128 0
160 128 0
161 128 0
162 128 0
208 128 0
220 128 0
227 128 0
243 128 0
246 128 0
247 128 0
123 129 0
124 129 0
127 129 0
128 129 0
129 129 0
130 129 0
131 129 0
134 129 0
135 129 0
136 129 0
140 129 0
147 129 0
148 129 0
160 129 0
161 129 0
162 129 0
227 129 0
246 129 0
248 129 0
249 129 0
124 130 0
128 130 0
129 130 0
130 130 0
134 130 0
135 130 0
136 130 0
140 130 0
147 130 0
154 130 0
155 130 0
161 130 0
207 130 0
211 130 0
230 130 0
243 130 0
248 130 0
256 130 0
257 130 0
128 131 0
129 131 0
130 131 0
132 131 0
134 131 0
135 131 0
139 131 0
140 131 0
144 131 0
147 131 0
153 131 0
154 131 0
155 131 0
161 131 0
211 131 0
221 131 0
235 131 0
255 131 0
92 132 0
93 132 0
125 132 0
127 132 0
129 132 0
133 132 0
134 132 0
135 132 0
140 132 0
144 132 0
146 132 0
161 132 0
210 132 0
221 132 0
235 132 0
237 132 0
238 132 0
255 132 0
91 133 0
92 133 0
124 133 0
127 133 0
128 133 0
129 133 0
130 133 0
133 133 0
134 133 0
135 133 0
141 133 0
144 133 0
146 133 0
210 133 0
211 133 0
220 133 0
235 133 0
238 133 0
242 133 0
255 133 0
256 133 0
128 134 0
129 134 0
130 134 0
133 134 0
134 134 0
142 134 0
143 134 0
145 134 0
152 134 0
153 134 0
154 134 0
205 134 0
207 134 0
210 134 0
211 134 0
221 134 0
222 134 0
228 134 0
229 134 0
235 134 0
236 134 0
238 134 0
239 134 0
247 134 0
248 134 0
255 134 0
256 134 0
257 134 0
132 135 0
133 135 0
134 135 0
145 135 0
152 135 0
153 135 0
154 135 0
160 135 0
205 135 0
207 135 0
208 135 0
210 135 0
211 135 0
221 135 0
222 135 0
229 135 0
230 135 0
235 135 0
236 135 0
239 135 0
89 136 0
90 136 0
124 136 0
125 136 0
126 136 0
145 136 0
153 136 0
159 136 0
160 136 0
210 136 0
211 136 0
222 136 0
229 136 0
236 136 0
239 136 0
248 136 0
255 136 0
256 136 0
88 137 0
89 137 0
90 137 0
119 137 0
124 137 0
125 137 0
132 137 0
133 137 0
159 137 0
210 137 0
221 137 0
222 137 0
236 137 0
237 137 0
239 137 0
240 137 0
248 137 0
254 137 0
255 137 0
256 137 0
257 137 0
88 138 0
89 138 0
124 138 0
125 138 0
132 138 0
133 138 0
137 138 0
144 138 0
151 138 0
159 138 0
210 138 0
222 138 0
236 138 0
237 138 0
240 138 0
244 138 0
246 138 0
255 138 0
79 139 0
123 139 0
124 139 0
125 139 0
131 139 0
132 139 0
137 139 0
141 139 0
144 139 0
150 139 0
151 139 0
152 139 0
153 139 0
159 139 0
200 139 0
208 139 0
210 139 0
237 139 0
240 139 0
244 139 0
254 139 0
255 139 0
131 140 0
132 140 0
136 140 0
144 140 0
151 140 0
152 140 0
158 140 0
159 140 0
210 140 0
222 140 0
237 140 0
240 140 0
241 140 0
245 140 0
254 140 0
255 140 0
256 140 0
86 141 0
87 141 0
122 141 0
123 141 0
132 141 0
136 141 0
141 141 0
143 141 0
158 141 0
164 141 0
230 141 0
245 141 0
255 141 0
256 141 0
85 142 0
86 142 0
87 142 0
122 142 0
123 142 0
131 142 0
135 142 0
136 142 0
143 142 0
230 142 0
245 142 0
249 142 0
85 143 0
86 143 0
121 143 0
122 143 0
123 143 0
129 143 0
130 143 0
131 143 0
135 143 0
136 143 0
140 143 0
149 143 0
150 143 0
151 143 0
158 143 0
243 143 0
244 143 0
249 143 0
254 143 0
255 143 0
257 143 0
121 144 0
122 144 0
129 144 0
130 144 0
131 144 0
137 144 0
140 144 0
142 144 0
149 144 0
150 144 0
151 144 0
210 144 0
229 144 0
231 144 0
249 144 0
254 144 0
255 144 0
256 144 0
83 145 0
121 145 0
122 145 0
129 145 0
130 145 0
142 145 0
150 145 0
210 145 0
213 145 0
227 145 0
230 145 0
249 145 0
82 146 0
83 146 0
84 146 0
128 146 0
129 146 0
130 146 0
142 146 0
205 146 0
212 146 0
219 146 0
230 146 0
82 147 0
83 147 0
84 147 0
121 147 0
128 147 0
129 147 0
141 147 0
148 147 0
149 147 0
202 147 0
204 147 0
222 147 0
228 147 0
237 147 0
248 147 0
254 147 0
83 148 0
119 148 0
120 148 0
121 148 0
129 148 0
141 148 0
148 148 0
149 148 0
150 148 0
228 148 0
237 148 0
247 148 0
254 148 0
255 148 0
119 149 0
120 149 0
127 149 0
128 149 0
129 149 0
139 149 0
140 149 0
147 149 0
148 149 0
149 149 0
232 149 0
236 149 0
237 149 0
242 149 0
118 150 0
120 150 0
127 150 0
128 150 0
140 150 0
236 150 0
239 150 0
240 150 0
241 150 0
79 151 0
80 151 0
81 151 0
118 151 0
119 151 0
126 151 0
127 151 0
128 151 0
132 151 0
133 151 0
134 151 0
140 151 0
210 151 0
211 151 0
213 151 0
217 151 0
249 151 0
250 151 0
79 152 0
80 152 0
81 152 0
118 152 0
119 152 0
126 152 0
127 152 0
132 152 0
138 152 0
139 152 0
147 152 0
148 152 0
155 152 0
206 152 0
207 152 0
223 152 0
249 152 0
252 152 0
254 152 0
255 152 0
78 153 0
79 153 0
80 153 0
125 153 0
126 153 0
127 153 0
131 153 0
132 153 0
136 153 0
139 153 0
146 153 0
147 153 0
148 153 0
154 153 0
158 153 0
204 153 0
205 153 0
206 153 0
207 153 0
226 153 0
230 153 0
117 154 0
126 154 0
127 154 0
131 154 0
132 154 0
136 154 0
139 154 0
146 154 0
147 154 0
148 154 0
154 154 0
156 154 0
157 154 0
158 154 0
233 154 0
236 154 0
254 154 0
108 155 0
119 155 0
126 155 0
131 155 0
136 155 0
138 155 0
154 155 0
155 155 0
156 155 0
236 155 0
239 155 0
244 155 0
245 155 0
108 156 0
109 156 0
119 156 0
127 156 0
131 156 0
138 156 0
154 156 0
156 156 0
158 156 0
219 156 0
220 156 0
221 156 0
115 157 0
118 157 0
119 157 0
127 157 0
131 157 0
135 157 0
138 157 0
145 157 0
146 157 0
153 157 0
155 157 0
158 157 0
160 157 0
210 157 0
211 157 0
254 157 0
91 158 0
92 158 0
118 158 0
127 158 0
128 158 0
132 158 0
135 158 0
136 158 0
137 158 0
144 158 0
145 158 0
146 158 0
153 158 0
155 158 0
210 158 0
230 158 0
245 158 0
254 158 0
91 159 0
92 159 0
95 159 0
117 159 0
128 159 0
132 159 0
133 159 0
135 159 0
137 159 0
144 159 0
145 159 0
146 159 0
230 159 0
247 159 0
89 160 0
90 160 0
94 160 0
97 160 0
117 160 0
128 160 0
129 160 0
133 160 0
231 160 0
235 160 0
89 161 0
90 161 0
99 161 0
100 161 0
116 161 0
117 161 0
136 161 0
152 161 0
234 161 0
235 161 0
309 161 0
87 162 0
88 162 0
89 162 0
92 162 0
95 162 0
99 162 0
100 162 0
113 162 0
116 162 0
136 162 0
232 162 0
234 162 0
235 162 0
253 162 0
309 162 0
86 163 0
87 163 0
88 163 0
97 163 0
98 163 0
143 163 0
144 163 0
145 163 0
152 163 0
235 163 0
85 164 0
90 164 0
94 164 0
97 164 0
98 164 0
113 164 0
135 164 0
142 164 0
143 164 0
144 164 0
159 164 0
160 164 0
235 164 0
243 164 0
84 165 0
86 165 0
90 165 0
96 165 0
114 165 0
135 165 0
142 165 0
143 165 0
144 165 0
151 165 0
159 165 0
160 165 0
234 165 0
243 165 0
83 166 0
92 166 0
96 166 0
97 166 0
98 166 0
114 166 0
134 166 0
151 166 0
159 166 0
187 166 0
243 166 0
79 167 0
83 167 0
84 167 0
85 167 0
89 167 0
93 167 0
96 167 0
97 167 0
99 167 0
133 167 0
189 167 0
237 167 0
242 167 0
243 167 0
247 167 0
67 168 0
78 168 0
82 168 0
85 168 0
91 168 0
100 168 0
141 168 0
142 168 0
143 168 0
150 168 0
189 168 0
236 168 0
247 168 0
64 169 0
65 169 0
66 169 0
67 169 0
77 169 0
81 169 0
87 169 0
91 169 0
141 169 0
142 169 0
143 169 0
150 169 0
247 169 0
64 170 0
76 170 0
91 170 0
103 170 0
106 170 0
141 170 0
142 170 0
150 170 0
151 170 0
168 170 0
247 170 0
248 170 0
249 170 0
79 171 0
106 171 0
107 171 0
149 171 0
151 171 0
192 171 0
217 171 0
248 171 0
249 171 0
250 171 0
251 171 0
74 172 0
79 172 0
110 172 0
149 172 0
152 172 0
222 172 0
229 172 0
248 172 0
249 172 0
251 172 0
252 172 0
253 172 0
72 173 0
73 173 0
77 173 0
89 173 0
114 173 0
117 173 0
118 173 0
138 173 0
139 173 0
140 173 0
148 173 0
149 173 0
152 173 0
159 173 0
189 173 0
248 173 0
249 173 0
251 173 0
252 173 0
253 173 0
59 174 0
60 174 0
61 174 0
71 174 0
76 174 0
80 174 0
88 174 0
124 174 0
131 174 0
137 174 0
138 174 0
139 174 0
140 174 0
148 174 0
161 174 0
162 174 0
163 174 0
188 174 0
229 174 0
248 174 0
249 174 0
251 174 0
252 174 0
253 174 0
58 175 0
59 175 0
60 175 0
61 175 0
70 175 0
79 175 0
80 175 0
81 175 0
88 175 0
131 175 0
134 175 0
135 175 0
138 175 0
148 175 0
153 175 0
229 175 0
248 175 0
249 175 0
251 175 0
252 175 0
253 175 0
48 176 0
51 176 0
69 176 0
74 176 0
77 176 0
78 176 0
80 176 0
81 176 0
148 176 0
153 176 0
221 176 0
243 176 0
248 176 0
42 177 0
47 177 0
50 177 0
51 177 0
54 177 0
68 177 0
76 177 0
77 177 0
79 177 0
147 177 0
149 177 0
223 177 0
243 177 0
249 177 0
42 178 0
46 178 0
48 178 0
49 178 0
54 178 0
57 178 0
68 178 0
75 178 0
76 178 0
78 178 0
101 178 0
146 178 0
149 178 0
239 178 0
243 178 0
247 178 0
248 178 0
44 179 0
48 179 0
49 179 0
51 179 0
52 179 0
53 179 0
54 179 0
59 179 0
74 179 0
75 179 0
76 179 0
77 179 0
89 179 0
101 179 0
108 179 0
109 179 0
110 179 0
146 179 0
213 179 0
229 179 0
239 179 0
243 179 0
247 179 0
43 180 0
47 180 0
48 180 0
50 180 0
51 180 0
52 180 0
55 180 0
56 180 0
73 180 0
74 180 0
75 180 0
76 180 0
89 180 0
101 180 0
108 180 0
109 180 0
110 180 0
144 180 0
150 180 0
189 180 0
190 180 0
209 180 0
239 180 0
243 180 0
248 180 0
43 181 0
45 181 0
46 181 0
49 181 0
50 181 0
51 181 0
55 181 0
56 181 0
58 181 0
59 181 0
61 181 0
62 181 0
72 181 0
75 181 0
89 181 0
95 181 0
97 181 0
101 181 0
108 181 0
109 181 0
110 181 0
117 181 0
143 181 0
150 181 0
158 181 0
159 181 0
187 181 0
188 181 0
208 181 0
209 181 0
243 181 0
247 181 0
248 181 0
252 181 0
253 181 0
45 182 0
46 182 0
48 182 0
49 182 0
50 182 0
54 182 0
57 182 0
58 182 0
61 182 0
88 182 0
94 182 0
95 182 0
97 182 0
109 182 0
116 182 0
155 182 0
156 182 0
163 182 0
187 182 0
192 182 0
208 182 0
209 182 0
210 182 0
239 182 0
247 182 0
249 182 0
252 182 0
45 183 0
48 183 0
49 183 0
52 183 0
53 183 0
57 183 0
60 183 0
87 183 0
88 183 0
93 183 0
94 183 0
95 183 0
96 183 0
116 183 0
163 183 0
192 183 0
208 183 0
209 183 0
239 183 0
240 183 0
252 183 0
48 184 0
51 184 0
52 184 0
55 184 0
58 184 0
59 184 0
86 184 0
92 184 0
93 184 0
94 184 0
95 184 0
100 184 0
116 184 0
142 184 0
152 184 0
163 184 0
192 184 0
208 184 0
209 184 0
229 184 0
239 184 0
240 184 0
248 184 0
249 184 0
51 185 0
53 185 0
54 185 0
57 185 0
58 185 0
91 185 0
92 185 0
93 185 0
94 185 0
95 185 0
96 185 0
100 185 0
116 185 0
141 185 0
151 185 0
157 185 0
163 185 0
190 185 0
192 185 0
201 185 0
208 185 0
239 185 0
240 185 0
44 186 0
45 186 0
47 186 0
53 186 0
56 186 0
57 186 0
80 186 0
90 186 0
91 186 0
92 186 0
93 186 0
96 186 0
100 186 0
107 186 0
108 186 0
109 186 0
116 186 0
141 186 0
151 186 0
157 186 0
163 186 0
190 186 0
191 186 0
192 186 0
201 186 0
208 186 0
213 186 0
214 186 0
236 186 0
239 186 0
240 186 0
248 186 0
249 186 0
43 187 0
44 187 0
45 187 0
46 187 0
56 187 0
81 187 0
89 187 0
90 187 0
91 187 0
92 187 0
93 187 0
100 187 0
107 187 0
108 187 0
109 187 0
141 187 0
148 187 0
158 187 0
163 187 0
189 187 0
192 187 0
208 187 0
214 187 0
223 187 0
224 187 0
225 187 0
226 187 0
240 187 0
243 187 0
248 187 0
249 187 0
43 188 0
45 188 0
55 188 0
81 188 0
88 188 0
89 188 0
90 188 0
91 188 0
107 188 0
108 188 0
109 188 0
163 188 0
187 188 0
188 188 0
208 188 0
213 188 0
214 188 0
223 188 0
227 188 0
234 188 0
240 188 0
54 189 0
64 189 0
80 189 0
81 189 0
87 189 0
88 189 0
90 189 0
91 189 0
95 189 0
99 189 0
186 189 0
192 189 0
199 189 0
208 189 0
213 189 0
214 189 0
226 189 0
240 189 0
247 189 0
248 189 0
62 190 0
63 190 0
80 190 0
86 190 0
87 190 0
88 190 0
89 190 0
95 190 0
99 190 0
162 190 0
186 190 0
191 190 0
199 190 0
200 190 0
201 190 0
208 190 0
216 190 0
225 190 0
226 190 0
52 191 0
62 191 0
64 191 0
78 191 0
79 191 0
85 191 0
86 191 0
88 191 0
95 191 0
99 191 0
154 191 0
155 191 0
161 191 0
162 191 0
191 191 0
199 191 0
200 191 0
215 191 0
216 191 0
221 191 0
222 191 0
223 191 0
224 191 0
225 191 0
226 191 0
227 191 0
51 192 0
56 192 0
60 192 0
61 192 0
63 192 0
69 192 0
84 192 0
85 192 0
87 192 0
88 192 0
90 192 0
95 192 0
99 192 0
154 192 0
161 192 0
162 192 0
163 192 0
164 192 0
191 192 0
199 192 0
200 192 0
226 192 0
227 192 0
243 192 0
250 192 0
50 193 0
59 193 0
60 193 0
62 193 0
70 193 0
83 193 0
86 193 0
87 193 0
99 193 0
106 193 0
107 193 0
108 193 0
161 193 0
163 193 0
191 193 0
212 193 0
226 193 0
227 193 0
58 194 0
59 194 0
61 194 0
72 194 0
82 194 0
83 194 0
85 194 0
86 194 0
98 194 0
106 194 0
107 194 0
108 194 0
191 194 0
212 194 0
213 194 0
226 194 0
227 194 0
250 194 0
44 195 0
57 195 0
60 195 0
63 195 0
73 195 0
81 195 0
82 195 0
84 195 0
85 195 0
87 195 0
88 195 0
90 195 0
98 195 0
106 195 0
107 195 0
108 195 0
161 195 0
188 195 0
189 195 0
191 195 0
213 195 0
227 195 0
56 196 0
57 196 0
58 196 0
59 196 0
73 196 0
80 196 0
81 196 0
83 196 0
84 196 0
89 196 0
91 196 0
107 196 0
160 196 0
187 196 0
188 196 0
191 196 0
198 196 0
199 196 0
200 196 0
213 196 0
227 196 0
244 196 0
250 196 0
73 197 0
79 197 0
80 197 0
82 197 0
83 197 0
86 197 0
91 197 0
92 197 0
115 197 0
116 197 0
121 197 0
125 197 0
159 197 0
186 197 0
191 197 0
198 197 0
199 197 0
200 197 0
214 197 0
243 197 0
72 198 0
78 198 0
79 198 0
80 198 0
81 198 0
82 198 0
84 198 0
85 198 0
86 198 0
88 198 0
94 198 0
97 198 0
105 198 0
108 198 0
110 198 0
111 198 0
112 198 0
113 198 0
115 198 0
121 198 0
122 198 0
124 198 0
185 198 0
190 198 0
191 198 0
198 198 0
199 198 0
200 198 0
215 198 0
228 198 0
233 198 0
243 198 0
250 198 0
71 199 0
77 199 0
78 199 0
80 199 0
81 199 0
88 199 0
97 199 0
101 199 0
102 199 0
104 199 0
107 199 0
109 199 0
110 199 0
112 199 0
113 199 0
115 199 0
121 199 0
124 199 0
186 199 0
190 199 0
191 199 0
198 199 0
199 199 0
200 199 0
210 199 0
242 199 0
243 199 0
70 200 0
76 200 0
77 200 0
79 200 0
80 200 0
94 200 0
95 200 0
98 200 0
100 200 0
101 200 0
102 200 0
103 200 0
104 200 0
106 200 0
107 200 0
109 200 0
110 200 0
112 200 0
121 200 0
124 200 0
140 200 0
190 200 0
191 200 0
210 200 0
230 200 0
243 200 0
75 201 0
76 201 0
78 201 0
79 201 0
94 201 0
98 201 0
100 201 0
101 201 0
103 201 0
104 201 0
106 201 0
107 201 0
109 201 0
110 201 0
112 201 0
124 201 0
141 201 0
188 201 0
190 201 0
209 201 0
210 201 0
231 201 0
243 201 0
74 202 0
75 202 0
77 202 0
78 202 0
94 202 0
97 202 0
98 202 0
99 202 0
101 202 0
103 202 0
104 202 0
106 202 0
107 202 0
108 202 0
109 202 0
110 202 0
112 202 0
124 202 0
125 202 0
190 202 0
191 202 0
209 202 0
218 202 0
219 202 0
232 202 0
74 203 0
76 203 0
77 203 0
94 203 0
97 203 0
98 203 0
100 203 0
102 203 0
103 203 0
104 203 0
106 203 0
107 203 0
108 203 0
109 203 0
110 203 0
111 203 0
112 203 0
113 203 0
124 203 0
142 203 0
190 203 0
198 203 0
199 203 0
209 203 0
214 203 0
232 203 0
233 203 0
75 204 0
76 204 0
93 204 0
97 204 0
98 204 0
99 204 0
100 204 0
102 204 0
103 204 0
104 204 0
105 204 0
106 204 0
108 204 0
109 204 0
110 204 0
111 204 0
112 204 0
113 204 0
141 204 0
187 204 0
190 204 0
197 204 0
198 204 0
199 204 0
208 204 0
209 204 0
215 204 0
232 204 0
233 204 0
234 204 0
93 205 0
97 205 0
99 205 0
100 205 0
102 205 0
103 205 0
104 205 0
105 205 0
106 205 0
108 205 0
109 205 0
110 205 0
111 205 0
113 205 0
185 205 0
186 205 0
190 205 0
198 205 0
199 205 0
208 205 0
209 205 0
216 205 0
221 205 0
222 205 0
231 205 0
232 205 0
233 205 0
234 205 0
97 206 0
99 206 0
100 206 0
102 206 0
103 206 0
105 206 0
106 206 0
108 206 0
109 206 0
110 206 0
111 206 0
112 206 0
113 206 0
184 206 0
185 206 0
190 206 0
198 206 0
199 206 0
209 206 0
217 206 0
222 206 0
231 206 0
232 206 0
237 206 0
95 207 0
96 207 0
97 207 0
99 207 0
100 207 0
102 207 0
103 207 0
105 207 0
142 207 0
168 207 0
184 207 0
190 207 0
209 207 0
218 207 0
224 207 0
237 207 0
238 207 0
95 208 0
96 208 0
101 208 0
132 208 0
141 208 0
142 208 0
166 208 0
190 208 0
209 208 0
218 208 0
219 208 0
237 208 0
238 208 0
95 209 0
140 209 0
141 209 0
162 209 0
189 209 0
190 209 0
209 209 0
218 209 0
219 209 0
226 209 0
236 209 0
238 209 0
95 210 0
189 210 0
190 210 0
197 210 0
209 210 0
218 210 0
219 210 0
226 210 0
236 210 0
238 210 0
95 211 0
157 211 0
158 211 0
163 211 0
189 211 0
197 211 0
198 211 0
199 211 0
208 211 0
209 211 0
218 211 0
219 211 0
226 211 0
239 211 0
240 211 0
156 212 0
157 212 0
197 212 0
198 212 0
199 212 0
207 212 0
208 212 0
218 212 0
219 212 0
225 212 0
156 213 0
166 213 0
187 213 0
188 213 0
189 213 0
197 213 0
198 213 0
199 213 0
207 213 0
218 213 0
219 213 0
224 213 0
156 214 0
167 214 0
186 214 0
189 214 0
207 214 0
218 214 0
219 214 0
221 214 0
222 214 0
98 215 0
117 215 0
156 215 0
167 215 0
185 215 0
189 215 0
207 215 0
218 215 0
219 215 0
221 215 0
107 216 0
112 216 0
117 216 0
123 216 0
156 216 0
157 216 0
167 216 0
184 216 0
207 216 0
218 216 0
221 216 0
99 217 0
107 217 0
109 217 0
157 217 0
176 217 0
183 217 0
207 217 0
218 217 0
221 217 0
246 217 0
127 218 0
168 218 0
175 218 0
181 218 0
188 218 0
189 218 0
196 218 0
197 218 0
198 218 0
207 218 0
219 218 0
132 219 0
168 219 0
169 219 0
174 219 0
188 219 0
196 219 0
197 219 0
198 219 0
207 219 0
218 219 0
219 219 0
245 219 0
132 220 0
174 220 0
183 220 0
188 220 0
196 220 0
197 220 0
198 220 0
207 220 0
218 220 0
220 220 0
245 220 0
136 221 0
137 221 0
174 221 0
183 221 0
188 221 0
196 221 0
197 221 0
198 221 0
207 221 0
218 221 0
220 221 0
182 222 0
188 222 0
198 222 0
207 222 0
218 222 0
220 222 0
248 222 0
182 223 0
188 223 0
207 223 0
220 223 0
107 224 0
112 224 0
181 224 0
187 224 0
188 224 0
207 224 0
107 225 0
112 225 0
145 225 0
180 225 0
187 225 0
186 226 0
185 227 0
154 228 0
209 228 0
210 228 0
212 228 0
215 228 0
154 229 0
159 229 0
209 229 0
210 229 0
219 229 0
220 229 0
159 230 0
219 230 0
209 231 0
210 231 0
213 231 0
214 231 0
215 231 0
216 231 0
163 232 0
164 232 0
208 232 0
209 232 0
219 232 0
168 233 0
169 233 0
208 233 0
218 233 0
219 233 0
209 234 0
214 234 0
215 234 0
172 235 0
173 235 0
208 235 0
209 235 0
214 235 0
218 235 0
219 235 0
241 235 0
247 235 0
173 236 0
208 236 0
218 236 0
219 236 0
222 236 0
227 236 0
231 236 0
236 236 0
240 236 0
242 236 0
178 237 0
216 237 0
218 237 0
227 237 0
234 237 0
235 237 0
236 237 0
244 237 0
208 238 0
209 238 0
211 238 0
212 238 0
215 238 0
207 239 0
208 239 0
218 239 0
247 239 0
337 239 0
338 239 0
341 239 0
342 239 0
343 239 0
344 239 0
218 240 0
247 240 0
327 240 0
331 240 0
332 240 0
333 240 0
334 240 0
335 240 0
336 240 0
337 240 0
338 240 0
323 241 0
324 241 0
325 241 0
326 241 0
327 241 0
328 241 0
207 242 0
208 242 0
218 242 0
308 242 0
321 242 0
322 242 0
323 242 0
324 242 0
207 243 0
217 243 0
218 243 0
318 243 0
319 243 0
320 243 0
321 243 0
322 243 0
217 244 0
218 244 0
316 244 0
317 244 0
318 244 0
319 244 0
196 245 0
313 245 0
314 245 0
316 245 0
317 245 0
196 246 0
237 246 0
310 246 0
311 246 0
195 247 0
206 247 0
237 247 0
301 247 0
302 247 0
308 247 0
309 247 0
310 247 0
311 247 0
195 248 0
205 248 0
219 248 0
237 248 0
242 248 0
298 248 0
299 248 0
300 248 0
301 248 0
302 248 0
306 248 0
307 248 0
205 249 0
219 249 0
241 249 0
246 249 0
293 249 0
294 249 0
295 249 0
299 249 0
300 249 0
194 250 0
205 250 0
241 250 0
291 250 0
292 250 0
293 250 0
294 250 0
295 250 0
205 251 0
219 251 0
238 251 0
241 251 0
289 251 0
290 251 0
238 252 0
239 252 0
288 252 0
289 252 0
290 252 0
217 253 0
239 253 0
284 253 0
285 253 0
287 253 0
284 254 0
285 254 0
286 254 0
217 255 0
221 255 0
217 256 0
215 257 0
221 257 0
240 257 0
149 3 1
168 7 1
161 10 1
223 12 1
166 13 1
166 15 1
179 19 1
212 22 1
112 110 2
112 111 2
113 113 2
114 113 2
112 114 2
113 114 2
119 114 2
123 114 2
112 115 2
113 115 2
120 115 2
121 115 2
111 116 2
112 116 2
113 116 2
114 116 2
120 116 2
121 116 2
122 116 2
111 117 2
112 117 2
113 117 2
120 117 2
121 117 2
122 117 2
111 118 2
112 118 2
113 118 2
121 118 2
122 118 2
123 118 2
110 119 2
111 119 2
112 119 2
120 119 2
121 119 2
122 119 2
123 119 2
109 120 2
110 120 2
111 120 2
112 120 2
117 120 2
118 120 2
120 120 2
121 120 2
122 120 2
123 120 2
110 121 2
111 121 2
112 121 2
117 121 2
118 121 2
120 121 2
121 121 2
122 121 2
123 121 2
110 122 2
111 122 2
117 122 2
120 122 2
121 122 2
122 122 2
103 123 2
110 123 2
111 123 2
114 123 2
120 123 2
121 123 2
109 124 2
110 124 2
111 124 2
112 124 2
120 124 2
121 124 2
122 124 2
109 125 2
110 125 2
111 125 2
112 125 2
117 125 2
120 125 2
121 125 2
108 126 2
109 126 2
110 126 2
111 126 2
118 126 2
119 126 2
120 126 2
121 126 2
122 126 2
108 127 2
109 127 2
110 127 2
111 127 2
119 127 2
120 127 2
121 127 2
122 127 2
108 128 2
109 128 2
110 128 2
111 128 2
119 128 2
120 128 2
121 128 2
108 129 2
109 129 2
117 129 2
118 129 2
119 129 2
120 129 2
121 129 2
117 130 2
118 130 2
119 130 2
120 130 2
121 130 2
117 131 2
118 131 2
119 131 2
120 131 2
121 131 2
116 132 2
117 132 2
118 132 2
119 132 2
120 132 2
121 132 2
102 133 2
117 133 2
118 133 2
119 133 2
104 134 2
113 134 2
118 134 2
104 135 2
105 135 2
106 135 2
107 135 2
108 135 2
113 135 2
114 135 2
118 135 2
119 135 2
120 135 2
104 136 2
105 136 2
106 136 2
107 136 2
108 136 2
109 136 2
113 136 2
114 136 2
117 136 2
118 136 2
119 136 2
103 137 2
104 137 2
105 137 2
106 137 2
107 137 2
109 137 2
110 137 2
111 137 2
113 137 2
114 137 2
117 137 2
121 137 2
101 138 2
102 138 2
113 138 2
114 138 2
117 138 2
101 139 2
117 139 2
102 140 2
114 140 2
115 140 2
117 140 2
114 141 2
116 141 2
114 142 2
104 143 2
105 143 2
113 143 2
114 143 2
115 143 2
104 144 2
108 144 2
109 144 2
110 144 2
114 144 2
115 144 2
103 145 2
109 145 2
110 145 2
111 145 2
112 145 2
113 145 2
103 146 2
106 146 2
110 146 2
111 146 2
112 146 2
113 146 2
114 146 2
103 147 2
103 148 2
112 148 2
97 149 2
104 149 2
112 149 2
113 149 2
98 152 2
99 152 2
100 152 2
101 152 2
102 152 2
103 152 2
104 152 2
104 153 2
105 153 2
111 154 2
282 227 3
288 240 3
316 243 3
317 243 3
318 246 3
286 248 3
286 249 3
287 249 3
287 250 3
293 250 3
320 250 3
287 251 3
288 251 3
293 251 3
288 252 3
289 253 3
289 254 3
290 254 3
322 254 3
290 255 3
322 255 3
290 256 3
291 256 3
323 256 3
291 257 3
