240 161 0
242 161 0
243 161 0
245 161 0
214 162 0
218 162 0
236 162 0
241 162 0
242 162 0
245 162 0
246 162 0
247 162 0
248 162 0
249 162 0
250 162 0
251 162 0
213 163 0
214 163 0
215 163 0
216 163 0
217 163 0
218 163 0
219 163 0
227 163 0
245 163 0
247 163 0
251 163 0
254 163 0
255 163 0
256 163 0
258 163 0
259 163 0
214 164 0
215 164 0
216 164 0
217 164 0
218 164 0
219 164 0
221 164 0
222 164 0
223 164 0
224 164 0
225 164 0
226 164 0
227 164 0
231 164 0
245 164 0
254 164 0
255 164 0
256 164 0
257 164 0
258 164 0
259 164 0
260 164 0
261 164 0
263 164 0
216 165 0
217 165 0
218 165 0
219 165 0
220 165 0
221 165 0
222 165 0
223 165 0
224 165 0
225 165 0
227 165 0
228 165 0
229 165 0
230 165 0
231 165 0
234 165 0
235 165 0
236 165 0
239 165 0
250 165 0
251 165 0
257 165 0
258 165 0
259 165 0
261 165 0
262 165 0
263 165 0
264 165 0
265 165 0
266 165 0
267 165 0
268 165 0
269 165 0
270 165 0
220 166 0
221 166 0
222 166 0
223 166 0
224 166 0
225 166 0
226 166 0
227 166 0
228 166 0
229 166 0
230 166 0
231 166 0
232 166 0
233 166 0
244 166 0
264 166 0
266 166 0
267 166 0
269 166 0
270 166 0
271 166 0
272 166 0
274 166 0
223 167 0
227 167 0
230 167 0
231 167 0
232 167 0
272 167 0
274 167 0
203 168 0
204 168 0
205 168 0
211 168 0
212 168 0
219 168 0
227 168 0
232 168 0
195 169 0
201 169 0
202 169 0
203 169 0
205 169 0
206 169 0
219 169 0
229 169 0
230 169 0
232 169 0
235 169 0
194 170 0
195 170 0
203 170 0
211 170 0
218 170 0
219 170 0
230 170 0
235 170 0
192 171 0
193 171 0
200 171 0
201 171 0
206 171 0
207 171 0
211 171 0
233 171 0
235 171 0
191 172 0
192 172 0
193 172 0
201 172 0
202 172 0
203 172 0
204 172 0
210 172 0
214 172 0
215 172 0
221 172 0
231 172 0
232 172 0
233 172 0
248 172 0
249 172 0
250 172 0
251 172 0
252 172 0
253 172 0
254 172 0
255 172 0
256 172 0
257 172 0
258 172 0
259 172 0
260 172 0
261 172 0
262 172 0
263 172 0
268 172 0
189 173 0
190 173 0
191 173 0
193 173 0
199 173 0
200 173 0
201 173 0
203 173 0
206 173 0
208 173 0
209 173 0
212 173 0
213 173 0
215 173 0
218 173 0
227 173 0
231 173 0
239 173 0
241 173 0
242 173 0
243 173 0
244 173 0
245 173 0
246 173 0
247 173 0
248 173 0
249 173 0
250 173 0
251 173 0
252 173 0
253 173 0
254 173 0
255 173 0
256 173 0
257 173 0
258 173 0
259 173 0
260 173 0
261 173 0
262 173 0
263 173 0
264 173 0
265 173 0
266 173 0
267 173 0
268 173 0
269 173 0
271 173 0
272 173 0
188 174 0
189 174 0
190 174 0
193 174 0
198 174 0
199 174 0
203 174 0
205 174 0
206 174 0
208 174 0
210 174 0
215 174 0
218 174 0
219 174 0
220 174 0
222 174 0
223 174 0
224 174 0
225 174 0
226 174 0
227 174 0
237 174 0
238 174 0
239 174 0
240 174 0
241 174 0
242 174 0
243 174 0
244 174 0
245 174 0
246 174 0
247 174 0
248 174 0
249 174 0
250 174 0
251 174 0
252 174 0
253 174 0
254 174 0
255 174 0
256 174 0
257 174 0
258 174 0
259 174 0
260 174 0
261 174 0
262 174 0
263 174 0
264 174 0
265 174 0
266 174 0
267 174 0
268 174 0
269 174 0
270 174 0
271 174 0
272 174 0
273 174 0
275 174 0
187 175 0
188 175 0
189 175 0
191 175 0
197 175 0
198 175 0
199 175 0
200 175 0
205 175 0
206 175 0
208 175 0
210 175 0
211 175 0
217 175 0
218 175 0
222 175 0
223 175 0
224 175 0
225 175 0
226 175 0
227 175 0
228 175 0
233 175 0
234 175 0
235 175 0
236 175 0
237 175 0
238 175 0
239 175 0
240 175 0
241 175 0
242 175 0
243 175 0
244 175 0
245 175 0
246 175 0
247 175 0
248 175 0
250 175 0
252 175 0
253 175 0
254 175 0
255 175 0
256 175 0
257 175 0
259 175 0
261 175 0
262 175 0
263 175 0
264 175 0
266 175 0
267 175 0
271 175 0
274 175 0
275 175 0
276 175 0
186 176 0
187 176 0
188 176 0
189 176 0
190 176 0
192 176 0
196 176 0
197 176 0
198 176 0
199 176 0
200 176 0
201 176 0
202 176 0
206 176 0
208 176 0
209 176 0
210 176 0
211 176 0
223 176 0
226 176 0
230 176 0
231 176 0
232 176 0
233 176 0
234 176 0
235 176 0
236 176 0
237 176 0
238 176 0
239 176 0
240 176 0
242 176 0
243 176 0
244 176 0
245 176 0
246 176 0
248 176 0
249 176 0
250 176 0
251 176 0
252 176 0
253 176 0
254 176 0
255 176 0
257 176 0
258 176 0
259 176 0
260 176 0
185 177 0
186 177 0
187 177 0
188 177 0
189 177 0
191 177 0
192 177 0
194 177 0
195 177 0
198 177 0
199 177 0
203 177 0
204 177 0
205 177 0
206 177 0
211 177 0
213 177 0
227 177 0
228 177 0
229 177 0
230 177 0
231 177 0
232 177 0
233 177 0
234 177 0
235 177 0
236 177 0
237 177 0
238 177 0
239 177 0
242 177 0
243 177 0
244 177 0
245 177 0
246 177 0
248 177 0
249 177 0
250 177 0
251 177 0
252 177 0
255 177 0
258 177 0
261 177 0
184 178 0
185 178 0
186 178 0
187 178 0
188 178 0
192 178 0
193 178 0
194 178 0
195 178 0
196 178 0
197 178 0
198 178 0
199 178 0
200 178 0
203 178 0
206 178 0
209 178 0
213 178 0
216 178 0
220 178 0
227 178 0
228 178 0
229 178 0
230 178 0
231 178 0
232 178 0
233 178 0
234 178 0
235 178 0
236 178 0
237 178 0
238 178 0
239 178 0
242 178 0
250 178 0
251 178 0
184 179 0
185 179 0
186 179 0
187 179 0
191 179 0
192 179 0
193 179 0
194 179 0
195 179 0
196 179 0
197 179 0
198 179 0
200 179 0
202 179 0
203 179 0
206 179 0
208 179 0
209 179 0
225 179 0
226 179 0
229 179 0
233 179 0
239 179 0
245 179 0
248 179 0
249 179 0
250 179 0
257 179 0
182 180 0
183 180 0
184 180 0
185 180 0
186 180 0
187 180 0
188 180 0
189 180 0
191 180 0
192 180 0
193 180 0
194 180 0
197 180 0
199 180 0
200 180 0
202 180 0
209 180 0
210 180 0
244 180 0
245 180 0
253 180 0
254 180 0
259 180 0
263 180 0
182 181 0
183 181 0
184 181 0
185 181 0
186 181 0
187 181 0
189 181 0
190 181 0
191 181 0
192 181 0
193 181 0
197 181 0
200 181 0
205 181 0
244 181 0
245 181 0
246 181 0
248 181 0
249 181 0
250 181 0
251 181 0
252 181 0
253 181 0
254 181 0
257 181 0
262 181 0
263 181 0
181 182 0
182 182 0
183 182 0
184 182 0
185 182 0
186 182 0
188 182 0
189 182 0
190 182 0
191 182 0
193 182 0
195 182 0
196 182 0
197 182 0
198 182 0
245 182 0
246 182 0
250 182 0
251 182 0
252 182 0
253 182 0
260 182 0
262 182 0
181 183 0
182 183 0
183 183 0
184 183 0
185 183 0
186 183 0
188 183 0
189 183 0
190 183 0
191 183 0
192 183 0
193 183 0
194 183 0
199 183 0
245 183 0
246 183 0
249 183 0
250 183 0
260 183 0
267 183 0
268 183 0
273 183 0
181 184 0
182 184 0
183 184 0
184 184 0
185 184 0
187 184 0
188 184 0
189 184 0
190 184 0
191 184 0
192 184 0
193 184 0
194 184 0
196 184 0
197 184 0
198 184 0
200 184 0
201 184 0
209 184 0
211 184 0
212 184 0
213 184 0
214 184 0
215 184 0
245 184 0
246 184 0
248 184 0
180 185 0
181 185 0
182 185 0
183 185 0
184 185 0
185 185 0
186 185 0
187 185 0
188 185 0
190 185 0
191 185 0
197 185 0
200 185 0
209 185 0
210 185 0
211 185 0
212 185 0
213 185 0
214 185 0
215 185 0
246 185 0
247 185 0
180 186 0
181 186 0
182 186 0
183 186 0
184 186 0
185 186 0
186 186 0
187 186 0
189 186 0
190 186 0
192 186 0
195 186 0
196 186 0
197 186 0
207 186 0
208 186 0
209 186 0
210 186 0
211 186 0
212 186 0
213 186 0
214 186 0
215 186 0
246 186 0
247 186 0
248 186 0
180 187 0
181 187 0
182 187 0
183 187 0
184 187 0
185 187 0
186 187 0
187 187 0
188 187 0
189 187 0
190 187 0
191 187 0
192 187 0
193 187 0
196 187 0
197 187 0
198 187 0
205 187 0
206 187 0
207 187 0
208 187 0
209 187 0
210 187 0
211 187 0
212 187 0
213 187 0
214 187 0
215 187 0
247 187 0
248 187 0
249 187 0
179 188 0
180 188 0
181 188 0
182 188 0
183 188 0
184 188 0
185 188 0
188 188 0
189 188 0
190 188 0
191 188 0
192 188 0
193 188 0
203 188 0
204 188 0
205 188 0
206 188 0
207 188 0
208 188 0
209 188 0
210 188 0
211 188 0
212 188 0
213 188 0
214 188 0
215 188 0
218 188 0
247 188 0
248 188 0
249 188 0
179 189 0
180 189 0
181 189 0
182 189 0
183 189 0
184 189 0
185 189 0
186 189 0
187 189 0
188 189 0
189 189 0
191 189 0
192 189 0
197 189 0
202 189 0
203 189 0
204 189 0
205 189 0
206 189 0
207 189 0
208 189 0
209 189 0
210 189 0
211 189 0
212 189 0
213 189 0
214 189 0
215 189 0
216 189 0
217 189 0
218 189 0
248 189 0
249 189 0
179 190 0
180 190 0
181 190 0
182 190 0
183 190 0
184 190 0
185 190 0
186 190 0
187 190 0
188 190 0
190 190 0
191 190 0
202 190 0
203 190 0
204 190 0
205 190 0
206 190 0
207 190 0
208 190 0
209 190 0
210 190 0
211 190 0
212 190 0
213 190 0
214 190 0
216 190 0
217 190 0
218 190 0
249 190 0
250 190 0
179 191 0
180 191 0
181 191 0
182 191 0
183 191 0
184 191 0
185 191 0
186 191 0
187 191 0
190 191 0
191 191 0
201 191 0
202 191 0
203 191 0
204 191 0
205 191 0
206 191 0
207 191 0
209 191 0
210 191 0
211 191 0
212 191 0
213 191 0
214 191 0
215 191 0
216 191 0
217 191 0
218 191 0
223 191 0
251 191 0
179 192 0
180 192 0
181 192 0
182 192 0
183 192 0
184 192 0
185 192 0
186 192 0
187 192 0
189 192 0
201 192 0
202 192 0
203 192 0
204 192 0
205 192 0
206 192 0
207 192 0
208 192 0
209 192 0
210 192 0
211 192 0
212 192 0
213 192 0
216 192 0
220 192 0
221 192 0
224 192 0
251 192 0
252 192 0
178 193 0
179 193 0
180 193 0
181 193 0
182 193 0
183 193 0
184 193 0
185 193 0
186 193 0
187 193 0
201 193 0
202 193 0
203 193 0
204 193 0
205 193 0
206 193 0
207 193 0
208 193 0
209 193 0
210 193 0
211 193 0
212 193 0
213 193 0
216 193 0
217 193 0
218 193 0
224 193 0
225 193 0
226 193 0
251 193 0
252 193 0
178 194 0
179 194 0
180 194 0
181 194 0
182 194 0
183 194 0
184 194 0
186 194 0
187 194 0
201 194 0
202 194 0
203 194 0
204 194 0
205 194 0
206 194 0
207 194 0
208 194 0
209 194 0
210 194 0
211 194 0
212 194 0
213 194 0
216 194 0
217 194 0
218 194 0
219 194 0
220 194 0
224 194 0
225 194 0
226 194 0
255 194 0
256 194 0
257 194 0
178 195 0
179 195 0
180 195 0
181 195 0
182 195 0
183 195 0
186 195 0
200 195 0
201 195 0
202 195 0
203 195 0
204 195 0
205 195 0
206 195 0
207 195 0
208 195 0
209 195 0
210 195 0
211 195 0
212 195 0
216 195 0
217 195 0
218 195 0
224 195 0
225 195 0
226 195 0
227 195 0
252 195 0
253 195 0
254 195 0
178 196 0
179 196 0
180 196 0
181 196 0
182 196 0
183 196 0
184 196 0
185 196 0
186 196 0
200 196 0
201 196 0
202 196 0
203 196 0
204 196 0
205 196 0
206 196 0
207 196 0
208 196 0
209 196 0
210 196 0
211 196 0
212 196 0
214 196 0
225 196 0
226 196 0
227 196 0
254 196 0
179 197 0
180 197 0
181 197 0
182 197 0
183 197 0
184 197 0
200 197 0
201 197 0
202 197 0
203 197 0
204 197 0
205 197 0
206 197 0
207 197 0
208 197 0
209 197 0
210 197 0
211 197 0
212 197 0
214 197 0
225 197 0
226 197 0
227 197 0
228 197 0
253 197 0
179 198 0
180 198 0
181 198 0
182 198 0
183 198 0
184 198 0
189 198 0
200 198 0
201 198 0
202 198 0
203 198 0
204 198 0
205 198 0
206 198 0
207 198 0
208 198 0
209 198 0
210 198 0
211 198 0
213 198 0
226 198 0
227 198 0
228 198 0
253 198 0
255 198 0
256 198 0
179 199 0
180 199 0
181 199 0
182 199 0
183 199 0
184 199 0
186 199 0
201 199 0
202 199 0
203 199 0
204 199 0
205 199 0
206 199 0
207 199 0
208 199 0
209 199 0
210 199 0
227 199 0
228 199 0
229 199 0
230 199 0
255 199 0
256 199 0
179 200 0
180 200 0
181 200 0
182 200 0
183 200 0
184 200 0
201 200 0
202 200 0
203 200 0
204 200 0
205 200 0
207 200 0
208 200 0
227 200 0
228 200 0
229 200 0
255 200 0
256 200 0
259 200 0
179 201 0
180 201 0
181 201 0
182 201 0
183 201 0
184 201 0
201 201 0
202 201 0
203 201 0
204 201 0
205 201 0
206 201 0
228 201 0
229 201 0
230 201 0
255 201 0
256 201 0
257 201 0
258 201 0
179 202 0
180 202 0
181 202 0
182 202 0
184 202 0
202 202 0
203 202 0
204 202 0
205 202 0
206 202 0
207 202 0
210 202 0
228 202 0
229 202 0
230 202 0
231 202 0
232 202 0
255 202 0
256 202 0
258 202 0
180 203 0
181 203 0
182 203 0
183 203 0
184 203 0
185 203 0
187 203 0
202 203 0
203 203 0
204 203 0
205 203 0
206 203 0
207 203 0
208 203 0
209 203 0
210 203 0
229 203 0
230 203 0
231 203 0
232 203 0
255 203 0
256 203 0
257 203 0
258 203 0
180 204 0
181 204 0
182 204 0
183 204 0
184 204 0
202 204 0
203 204 0
204 204 0
205 204 0
206 204 0
207 204 0
208 204 0
209 204 0
229 204 0
230 204 0
231 204 0
255 204 0
256 204 0
257 204 0
258 204 0
260 204 0
180 205 0
181 205 0
182 205 0
183 205 0
184 205 0
187 205 0
188 205 0
203 205 0
204 205 0
205 205 0
206 205 0
207 205 0
208 205 0
211 205 0
230 205 0
231 205 0
232 205 0
233 205 0
234 205 0
255 205 0
256 205 0
257 205 0
258 205 0
259 205 0
260 205 0
180 206 0
181 206 0
182 206 0
183 206 0
184 206 0
203 206 0
204 206 0
205 206 0
206 206 0
207 206 0
208 206 0
230 206 0
231 206 0
232 206 0
233 206 0
234 206 0
255 206 0
256 206 0
257 206 0
258 206 0
259 206 0
181 207 0
182 207 0
183 207 0
184 207 0
204 207 0
205 207 0
206 207 0
207 207 0
231 207 0
232 207 0
233 207 0
234 207 0
255 207 0
256 207 0
257 207 0
258 207 0
259 207 0
260 207 0
261 207 0
181 208 0
182 208 0
183 208 0
184 208 0
185 208 0
186 208 0
204 208 0
205 208 0
206 208 0
207 208 0
231 208 0
232 208 0
233 208 0
234 208 0
254 208 0
255 208 0
256 208 0
257 208 0
258 208 0
259 208 0
260 208 0
181 209 0
182 209 0
183 209 0
184 209 0
185 209 0
186 209 0
204 209 0
205 209 0
206 209 0
207 209 0
231 209 0
232 209 0
233 209 0
234 209 0
235 209 0
236 209 0
255 209 0
256 209 0
257 209 0
258 209 0
259 209 0
260 209 0
182 210 0
183 210 0
184 210 0
185 210 0
204 210 0
205 210 0
206 210 0
207 210 0
208 210 0
232 210 0
233 210 0
234 210 0
235 210 0
236 210 0
254 210 0
255 210 0
256 210 0
257 210 0
258 210 0
259 210 0
260 210 0
262 210 0
263 210 0
182 211 0
183 211 0
184 211 0
185 211 0
186 211 0
187 211 0
204 211 0
205 211 0
206 211 0
208 211 0
232 211 0
233 211 0
234 211 0
235 211 0
236 211 0
254 211 0
255 211 0
256 211 0
257 211 0
258 211 0
259 211 0
260 211 0
261 211 0
262 211 0
263 211 0
182 212 0
183 212 0
184 212 0
185 212 0
186 212 0
204 212 0
205 212 0
206 212 0
207 212 0
208 212 0
209 212 0
210 212 0
212 212 0
233 212 0
234 212 0
235 212 0
236 212 0
237 212 0
238 212 0
253 212 0
255 212 0
256 212 0
257 212 0
258 212 0
259 212 0
260 212 0
261 212 0
262 212 0
263 212 0
264 212 0
183 213 0
184 213 0
185 213 0
204 213 0
205 213 0
206 213 0
207 213 0
208 213 0
209 213 0
210 213 0
233 213 0
234 213 0
235 213 0
236 213 0
237 213 0
238 213 0
239 213 0
253 213 0
254 213 0
255 213 0
256 213 0
257 213 0
258 213 0
259 213 0
260 213 0
261 213 0
262 213 0
183 214 0
184 214 0
185 214 0
186 214 0
187 214 0
205 214 0
207 214 0
208 214 0
209 214 0
234 214 0
235 214 0
236 214 0
237 214 0
238 214 0
239 214 0
240 214 0
253 214 0
254 214 0
255 214 0
256 214 0
257 214 0
258 214 0
259 214 0
260 214 0
261 214 0
262 214 0
263 214 0
264 214 0
184 215 0
185 215 0
186 215 0
187 215 0
205 215 0
207 215 0
208 215 0
212 215 0
234 215 0
235 215 0
236 215 0
237 215 0
238 215 0
240 215 0
253 215 0
254 215 0
255 215 0
256 215 0
257 215 0
258 215 0
259 215 0
260 215 0
261 215 0
262 215 0
263 215 0
264 215 0
184 216 0
185 216 0
186 216 0
205 216 0
206 216 0
207 216 0
211 216 0
212 216 0
235 216 0
236 216 0
239 216 0
240 216 0
241 216 0
251 216 0
252 216 0
253 216 0
254 216 0
255 216 0
256 216 0
257 216 0
258 216 0
260 216 0
261 216 0
262 216 0
263 216 0
184 217 0
185 217 0
186 217 0
187 217 0
205 217 0
209 217 0
235 217 0
236 217 0
237 217 0
238 217 0
239 217 0
240 217 0
250 217 0
251 217 0
252 217 0
253 217 0
254 217 0
255 217 0
256 217 0
257 217 0
258 217 0
259 217 0
260 217 0
261 217 0
263 217 0
264 217 0
185 218 0
186 218 0
187 218 0
235 218 0
236 218 0
238 218 0
239 218 0
240 218 0
244 218 0
249 218 0
250 218 0
251 218 0
252 218 0
253 218 0
254 218 0
255 218 0
256 218 0
257 218 0
258 218 0
259 218 0
260 218 0
261 218 0
185 219 0
186 219 0
187 219 0
188 219 0
235 219 0
239 219 0
240 219 0
243 219 0
247 219 0
248 219 0
249 219 0
250 219 0
251 219 0
252 219 0
253 219 0
254 219 0
255 219 0
256 219 0
257 219 0
258 219 0
260 219 0
261 219 0
262 219 0
185 220 0
186 220 0
187 220 0
188 220 0
189 220 0
210 220 0
246 220 0
247 220 0
248 220 0
249 220 0
250 220 0
251 220 0
252 220 0
253 220 0
254 220 0
255 220 0
256 220 0
257 220 0
258 220 0
259 220 0
260 220 0
186 221 0
187 221 0
188 221 0
189 221 0
250 221 0
253 221 0
254 221 0
255 221 0
256 221 0
258 221 0
262 221 0
185 222 0
186 222 0
187 222 0
188 222 0
189 222 0
211 222 0
214 222 0
238 222 0
239 222 0
253 222 0
254 222 0
255 222 0
256 222 0
186 223 0
187 223 0
188 223 0
239 223 0
255 223 0
187 224 0
188 224 0
189 224 0
212 224 0
213 224 0
214 224 0
236 224 0
239 224 0
187 225 0
188 225 0
189 225 0
187 226 0
188 226 0
189 226 0
190 226 0
237 226 0
238 226 0
188 227 0
189 227 0
190 227 0
237 227 0
238 227 0
188 228 0
189 228 0
190 228 0
236 228 0
237 228 0
238 228 0
189 229 0
190 229 0
191 229 0
189 230 0
190 230 0
191 230 0
236 230 0
190 231 0
191 231 0
192 231 0
235 231 0
191 232 0
192 232 0
235 232 0
192 233 0
193 233 0
192 234 0
194 234 0
221 234 0
194 235 0
216 235 0
220 235 0
216 236 0
220 236 0
195 237 0
195 238 0
196 239 0
196 240 0
197 241 0
208 241 0
208 242 0
223 243 0
220 244 0
223 244 0
226 244 0
221 245 0
211 246 0
213 246 0
215 246 0
221 246 0
231 246 0
210 247 0
213 247 0
213 248 0
214 248 0
212 249 0
217 249 0
222 249 0
223 249 0
209 250 0
212 250 0
213 250 0
217 250 0
211 251 0
212 251 0
213 252 0
213 253 0
217 253 0
218 253 0
223 253 0
224 253 0
213 254 0
217 254 0
223 254 0
226 254 0
332 150 1
334 150 1
335 150 1
337 150 1
338 150 1
340 150 1
341 150 1
300 151 1
301 151 1
302 151 1
303 151 1
304 151 1
305 151 1
329 151 1
330 151 1
331 151 1
332 151 1
333 151 1
334 151 1
335 151 1
336 151 1
337 151 1
338 151 1
296 152 1
298 152 1
299 152 1
300 152 1
301 152 1
302 152 1
303 152 1
304 152 1
305 152 1
306 152 1
307 152 1
308 152 1
309 152 1
310 152 1
311 152 1
312 152 1
313 152 1
314 152 1
315 152 1
316 152 1
321 152 1
324 152 1
326 152 1
327 152 1
328 152 1
329 152 1
330 152 1
331 152 1
332 152 1
333 152 1
334 152 1
337 152 1
296 153 1
297 153 1
298 153 1
299 153 1
300 153 1
301 153 1
302 153 1
303 153 1
304 153 1
305 153 1
306 153 1
307 153 1
308 153 1
309 153 1
310 153 1
311 153 1
312 153 1
313 153 1
314 153 1
315 153 1
316 153 1
317 153 1
320 153 1
321 153 1
322 153 1
323 153 1
324 153 1
325 153 1
326 153 1
327 153 1
328 153 1
329 153 1
330 153 1
331 153 1
343 153 1
296 154 1
300 154 1
301 154 1
302 154 1
303 154 1
304 154 1
305 154 1
306 154 1
307 154 1
308 154 1
309 154 1
310 154 1
311 154 1
312 154 1
313 154 1
314 154 1
321 154 1
323 154 1
324 154 1
325 154 1
326 154 1
327 154 1
328 154 1
295 155 1
299 155 1
300 155 1
301 155 1
304 155 1
305 155 1
309 155 1
310 155 1
311 155 1
320 155 1
324 155 1
299 156 1
324 156 1
300 157 1
304 157 1
324 157 1
297 162 1
298 162 1
303 163 1
293 167 1
286 177 1
287 177 1
288 177 1
281 178 1
285 178 1
286 178 1
287 178 1
288 178 1
289 178 1
290 178 1
291 178 1
283 179 1
284 179 1
285 179 1
286 179 1
287 179 1
288 179 1
289 179 1
290 179 1
291 179 1
292 179 1
293 179 1
294 179 1
296 179 1
283 180 1
284 180 1
285 180 1
286 180 1
287 180 1
288 180 1
289 180 1
290 180 1
291 180 1
292 180 1
293 180 1
294 180 1
295 180 1
296 180 1
297 180 1
298 180 1
299 180 1
301 180 1
286 181 1
287 181 1
288 181 1
289 181 1
290 181 1
291 181 1
292 181 1
293 181 1
294 181 1
295 181 1
296 181 1
297 181 1
298 181 1
299 181 1
300 181 1
301 181 1
302 181 1
303 181 1
304 181 1
305 181 1
306 181 1
307 181 1
308 181 1
309 181 1
292 182 1
294 182 1
295 182 1
296 182 1
297 182 1
298 182 1
299 182 1
300 182 1
301 182 1
302 182 1
303 182 1
304 182 1
305 182 1
306 182 1
307 182 1
308 182 1
309 182 1
310 182 1
311 182 1
312 182 1
314 182 1
315 182 1
300 183 1
301 183 1
302 183 1
303 183 1
304 183 1
305 183 1
306 183 1
307 183 1
308 183 1
309 183 1
310 183 1
311 183 1
312 183 1
313 183 1
314 183 1
315 183 1
316 183 1
317 183 1
318 183 1
319 183 1
320 183 1
321 183 1
322 183 1
323 183 1
325 183 1
326 183 1
327 183 1
328 183 1
329 183 1
330 183 1
331 183 1
332 183 1
302 184 1
303 184 1
304 184 1
306 184 1
307 184 1
308 184 1
309 184 1
310 184 1
311 184 1
312 184 1
313 184 1
314 184 1
315 184 1
316 184 1
317 184 1
318 184 1
319 184 1
320 184 1
321 184 1
322 184 1
323 184 1
324 184 1
325 184 1
326 184 1
327 184 1
328 184 1
329 184 1
330 184 1
331 184 1
332 184 1
333 184 1
334 184 1
335 184 1
336 184 1
337 184 1
338 184 1
339 184 1
340 184 1
341 184 1
342 184 1
343 184 1
344 184 1
308 185 1
311 185 1
313 185 1
314 185 1
316 185 1
317 185 1
318 185 1
319 185 1
320 185 1
321 185 1
322 185 1
323 185 1
324 185 1
325 185 1
326 185 1
327 185 1
328 185 1
329 185 1
330 185 1
331 185 1
332 185 1
333 185 1
334 185 1
335 185 1
336 185 1
337 185 1
338 185 1
339 185 1
340 185 1
341 185 1
342 185 1
343 185 1
344 185 1
311 186 1
316 186 1
322 186 1
323 186 1
325 186 1
327 186 1
330 186 1
333 186 1
334 186 1
335 186 1
336 186 1
337 186 1
338 186 1
339 186 1
340 186 1
341 186 1
342 186 1
343 186 1
344 186 1
336 187 1
339 187 1
342 188 1
287 157 2
288 157 2
289 157 2
290 157 2
291 157 2
281 158 2
282 158 2
283 158 2
284 158 2
285 158 2
286 158 2
289 158 2
290 158 2
291 158 2
292 158 2
293 158 2
272 159 2
273 159 2
274 159 2
279 159 2
280 159 2
281 159 2
282 159 2
283 159 2
284 159 2
285 159 2
286 159 2
287 159 2
288 159 2
289 159 2
291 159 2
258 160 2
259 160 2
260 160 2
261 160 2
262 160 2
263 160 2
264 160 2
265 160 2
266 160 2
267 160 2
268 160 2
269 160 2
270 160 2
271 160 2
272 160 2
273 160 2
274 160 2
275 160 2
278 160 2
279 160 2
281 160 2
283 160 2
284 160 2
285 160 2
289 160 2
255 161 2
256 161 2
257 161 2
258 161 2
259 161 2
260 161 2
261 161 2
262 161 2
263 161 2
264 161 2
265 161 2
266 161 2
267 161 2
268 161 2
269 161 2
270 161 2
271 161 2
272 161 2
273 161 2
274 161 2
275 161 2
276 161 2
277 161 2
280 161 2
283 161 2
255 162 2
256 162 2
257 162 2
258 162 2
259 162 2
260 162 2
261 162 2
262 162 2
263 162 2
264 162 2
265 162 2
266 162 2
267 162 2
270 162 2
271 162 2
272 162 2
273 162 2
274 162 2
275 162 2
276 162 2
280 162 2
281 162 2
282 162 2
283 162 2
257 163 2
264 163 2
265 163 2
269 163 2
270 163 2
271 163 2
272 163 2
274 163 2
275 163 2
276 163 2
277 163 2
269 164 2
270 164 2
274 164 2
275 164 2
276 164 2
277 164 2
278 164 2
279 164 2
268 165 2
274 165 2
275 165 2
276 165 2
277 165 2
274 166 2
275 166 2
276 166 2
277 166 2
279 166 2
274 167 2
275 167 2
276 167 2
277 167 2
278 167 2
279 167 2
274 168 2
275 168 2
276 168 2
277 168 2
278 168 2
273 169 2
274 169 2
275 169 2
276 169 2
277 169 2
258 170 2
264 170 2
272 170 2
273 170 2
274 170 2
275 170 2
276 170 2
277 170 2
279 170 2
257 171 2
258 171 2
259 171 2
260 171 2
261 171 2
262 171 2
265 171 2
266 171 2
269 171 2
270 171 2
271 171 2
272 171 2
273 171 2
274 171 2
275 171 2
276 171 2
277 171 2
258 172 2
259 172 2
260 172 2
261 172 2
262 172 2
263 172 2
264 172 2
265 172 2
268 172 2
269 172 2
270 172 2
271 172 2
272 172 2
273 172 2
274 172 2
275 172 2
276 172 2
277 172 2
287 172 2
261 173 2
262 173 2
263 173 2
264 173 2
265 173 2
266 173 2
267 173 2
269 173 2
270 173 2
271 173 2
274 173 2
275 173 2
276 173 2
277 173 2
278 173 2
279 173 2
280 173 2
284 173 2
287 173 2
262 174 2
263 174 2
265 174 2
266 174 2
267 174 2
268 174 2
269 174 2
272 174 2
273 174 2
274 174 2
275 174 2
276 174 2
277 174 2
278 174 2
279 174 2
267 175 2
268 175 2
278 175 2
272 176 2
273 176 2
265 179 2
267 179 2
278 179 2
265 180 2
277 180 2
279 180 2
280 180 2
281 180 2
286 181 2
287 181 2
288 181 2
283 182 2
284 182 2
285 182 2
286 182 2
287 182 2
288 182 2
289 182 2
290 182 2
283 183 2
284 183 2
285 183 2
287 183 2
288 183 2
289 183 2
286 184 2
287 184 2
289 184 2
291 184 2
