240 159 0
242 159 0
245 159 0
254 159 0
239 160 0
241 160 0
245 160 0
250 160 0
254 160 0
257 160 0
258 160 0
214 161 0
218 161 0
250 161 0
251 161 0
254 161 0
258 161 0
261 161 0
262 161 0
263 161 0
264 161 0
266 161 0
267 161 0
268 161 0
269 161 0
270 161 0
271 161 0
280 161 0
214 162 0
216 162 0
219 162 0
223 162 0
225 162 0
227 162 0
228 162 0
245 162 0
247 162 0
254 162 0
256 162 0
258 162 0
263 162 0
264 162 0
265 162 0
266 162 0
267 162 0
268 162 0
269 162 0
270 162 0
271 162 0
272 162 0
273 162 0
274 162 0
275 162 0
276 162 0
277 162 0
278 162 0
279 162 0
280 162 0
281 162 0
282 162 0
284 162 0
286 162 0
289 162 0
211 163 0
212 163 0
213 163 0
214 163 0
215 163 0
216 163 0
217 163 0
218 163 0
219 163 0
222 163 0
223 163 0
224 163 0
225 163 0
226 163 0
227 163 0
228 163 0
229 163 0
231 163 0
253 163 0
260 163 0
261 163 0
262 163 0
263 163 0
264 163 0
265 163 0
266 163 0
267 163 0
268 163 0
269 163 0
270 163 0
271 163 0
272 163 0
273 163 0
274 163 0
275 163 0
276 163 0
277 163 0
278 163 0
279 163 0
284 163 0
286 163 0
213 164 0
214 164 0
215 164 0
216 164 0
217 164 0
218 164 0
219 164 0
220 164 0
221 164 0
222 164 0
223 164 0
224 164 0
225 164 0
226 164 0
227 164 0
228 164 0
231 164 0
234 164 0
236 164 0
243 164 0
269 164 0
271 164 0
272 164 0
274 164 0
202 165 0
203 165 0
204 165 0
205 165 0
217 165 0
219 165 0
220 165 0
221 165 0
222 165 0
223 165 0
225 165 0
226 165 0
227 165 0
228 165 0
229 165 0
230 165 0
231 165 0
232 165 0
233 165 0
234 165 0
202 166 0
214 166 0
219 166 0
222 166 0
223 166 0
230 166 0
232 166 0
233 166 0
235 166 0
236 166 0
197 167 0
221 167 0
233 167 0
236 167 0
206 168 0
212 168 0
227 168 0
230 168 0
234 168 0
260 168 0
189 169 0
218 169 0
227 169 0
228 169 0
230 169 0
251 169 0
255 169 0
256 169 0
258 169 0
259 169 0
263 169 0
267 169 0
268 169 0
188 170 0
193 170 0
211 170 0
217 170 0
218 170 0
233 170 0
235 170 0
243 170 0
244 170 0
248 170 0
249 170 0
250 170 0
252 170 0
253 170 0
254 170 0
255 170 0
256 170 0
257 170 0
258 170 0
259 170 0
260 170 0
261 170 0
262 170 0
263 170 0
264 170 0
265 170 0
266 170 0
267 170 0
268 170 0
269 170 0
270 170 0
271 170 0
272 170 0
192 171 0
193 171 0
200 171 0
201 171 0
202 171 0
205 171 0
206 171 0
207 171 0
209 171 0
214 171 0
215 171 0
216 171 0
217 171 0
218 171 0
219 171 0
221 171 0
231 171 0
232 171 0
240 171 0
241 171 0
242 171 0
243 171 0
246 171 0
248 171 0
249 171 0
250 171 0
251 171 0
252 171 0
253 171 0
254 171 0
255 171 0
256 171 0
257 171 0
258 171 0
259 171 0
260 171 0
261 171 0
262 171 0
263 171 0
264 171 0
265 171 0
266 171 0
267 171 0
268 171 0
269 171 0
270 171 0
271 171 0
272 171 0
273 171 0
274 171 0
275 171 0
276 171 0
277 171 0
191 172 0
192 172 0
193 172 0
198 172 0
201 172 0
203 172 0
204 172 0
205 172 0
208 172 0
209 172 0
210 172 0
219 172 0
221 172 0
222 172 0
224 172 0
225 172 0
226 172 0
231 172 0
232 172 0
238 172 0
241 172 0
242 172 0
243 172 0
244 172 0
245 172 0
246 172 0
247 172 0
248 172 0
249 172 0
250 172 0
251 172 0
252 172 0
253 172 0
254 172 0
255 172 0
256 172 0
257 172 0
258 172 0
259 172 0
260 172 0
261 172 0
262 172 0
263 172 0
264 172 0
265 172 0
266 172 0
267 172 0
268 172 0
269 172 0
270 172 0
271 172 0
272 172 0
273 172 0
274 172 0
275 172 0
276 172 0
277 172 0
278 172 0
279 172 0
185 173 0
189 173 0
190 173 0
198 173 0
200 173 0
201 173 0
202 173 0
206 173 0
208 173 0
210 173 0
211 173 0
213 173 0
215 173 0
219 173 0
224 173 0
225 173 0
226 173 0
227 173 0
228 173 0
229 173 0
231 173 0
232 173 0
233 173 0
234 173 0
236 173 0
237 173 0
238 173 0
239 173 0
240 173 0
241 173 0
242 173 0
243 173 0
244 173 0
245 173 0
246 173 0
247 173 0
248 173 0
249 173 0
250 173 0
251 173 0
252 173 0
253 173 0
254 173 0
255 173 0
256 173 0
257 173 0
260 173 0
261 173 0
262 173 0
263 173 0
266 173 0
267 173 0
270 173 0
272 173 0
273 173 0
274 173 0
275 173 0
276 173 0
277 173 0
278 173 0
280 173 0
281 173 0
283 173 0
187 174 0
188 174 0
189 174 0
190 174 0
191 174 0
194 174 0
196 174 0
197 174 0
198 174 0
199 174 0
200 174 0
205 174 0
206 174 0
208 174 0
210 174 0
211 174 0
213 174 0
217 174 0
219 174 0
222 174 0
223 174 0
224 174 0
225 174 0
226 174 0
227 174 0
229 174 0
231 174 0
234 174 0
235 174 0
236 174 0
237 174 0
238 174 0
239 174 0
240 174 0
241 174 0
242 174 0
243 174 0
244 174 0
245 174 0
246 174 0
247 174 0
248 174 0
249 174 0
250 174 0
252 174 0
254 174 0
255 174 0
256 174 0
257 174 0
258 174 0
259 174 0
260 174 0
261 174 0
262 174 0
264 174 0
265 174 0
266 174 0
270 174 0
271 174 0
274 174 0
277 174 0
278 174 0
281 174 0
284 174 0
286 174 0
186 175 0
187 175 0
188 175 0
189 175 0
191 175 0
192 175 0
193 175 0
196 175 0
198 175 0
199 175 0
200 175 0
202 175 0
203 175 0
204 175 0
205 175 0
206 175 0
208 175 0
210 175 0
211 175 0
223 175 0
225 175 0
226 175 0
231 175 0
232 175 0
233 175 0
234 175 0
235 175 0
236 175 0
237 175 0
238 175 0
239 175 0
240 175 0
241 175 0
242 175 0
244 175 0
245 175 0
246 175 0
247 175 0
248 175 0
249 175 0
250 175 0
251 175 0
252 175 0
253 175 0
254 175 0
275 175 0
276 175 0
286 175 0
287 175 0
183 176 0
184 176 0
185 176 0
186 176 0
187 176 0
188 176 0
189 176 0
190 176 0
191 176 0
192 176 0
193 176 0
194 176 0
195 176 0
197 176 0
199 176 0
200 176 0
202 176 0
204 176 0
205 176 0
208 176 0
213 176 0
214 176 0
215 176 0
219 176 0
220 176 0
230 176 0
231 176 0
232 176 0
233 176 0
234 176 0
235 176 0
236 176 0
237 176 0
238 176 0
239 176 0
240 176 0
241 176 0
242 176 0
243 176 0
244 176 0
245 176 0
247 176 0
248 176 0
249 176 0
250 176 0
251 176 0
182 177 0
183 177 0
184 177 0
185 177 0
186 177 0
187 177 0
188 177 0
189 177 0
190 177 0
191 177 0
192 177 0
193 177 0
194 177 0
195 177 0
196 177 0
197 177 0
198 177 0
199 177 0
200 177 0
201 177 0
203 177 0
205 177 0
209 177 0
211 177 0
228 177 0
229 177 0
230 177 0
231 177 0
232 177 0
233 177 0
234 177 0
236 177 0
237 177 0
238 177 0
239 177 0
242 177 0
243 177 0
244 177 0
245 177 0
246 177 0
248 177 0
250 177 0
253 177 0
254 177 0
257 177 0
258 177 0
283 177 0
182 178 0
183 178 0
184 178 0
185 178 0
186 178 0
187 178 0
188 178 0
189 178 0
190 178 0
191 178 0
192 178 0
193 178 0
194 178 0
195 178 0
196 178 0
197 178 0
199 178 0
200 178 0
204 178 0
206 178 0
227 178 0
229 178 0
243 178 0
244 178 0
246 178 0
249 178 0
250 178 0
251 178 0
252 178 0
253 178 0
254 178 0
256 178 0
261 178 0
262 178 0
263 178 0
264 178 0
267 178 0
275 178 0
182 179 0
183 179 0
184 179 0
185 179 0
186 179 0
187 179 0
189 179 0
190 179 0
191 179 0
192 179 0
193 179 0
194 179 0
196 179 0
198 179 0
199 179 0
238 179 0
244 179 0
245 179 0
246 179 0
247 179 0
248 179 0
249 179 0
250 179 0
252 179 0
253 179 0
256 179 0
257 179 0
262 179 0
268 179 0
269 179 0
273 179 0
280 179 0
181 180 0
182 180 0
183 180 0
184 180 0
185 180 0
186 180 0
188 180 0
189 180 0
190 180 0
191 180 0
192 180 0
193 180 0
194 180 0
197 180 0
205 180 0
244 180 0
245 180 0
246 180 0
248 180 0
249 180 0
250 180 0
259 180 0
260 180 0
267 180 0
268 180 0
273 180 0
284 180 0
285 180 0
181 181 0
182 181 0
183 181 0
184 181 0
185 181 0
187 181 0
188 181 0
189 181 0
190 181 0
191 181 0
192 181 0
193 181 0
194 181 0
195 181 0
197 181 0
245 181 0
246 181 0
248 181 0
273 181 0
282 181 0
180 182 0
181 182 0
182 182 0
183 182 0
184 182 0
185 182 0
186 182 0
187 182 0
188 182 0
189 182 0
190 182 0
191 182 0
193 182 0
194 182 0
196 182 0
197 182 0
200 182 0
211 182 0
212 182 0
214 182 0
215 182 0
246 182 0
180 183 0
181 183 0
182 183 0
183 183 0
184 183 0
185 183 0
186 183 0
187 183 0
188 183 0
189 183 0
190 183 0
191 183 0
192 183 0
193 183 0
194 183 0
195 183 0
196 183 0
197 183 0
208 183 0
209 183 0
210 183 0
211 183 0
212 183 0
213 183 0
214 183 0
215 183 0
246 183 0
247 183 0
249 183 0
180 184 0
181 184 0
182 184 0
183 184 0
184 184 0
185 184 0
186 184 0
187 184 0
188 184 0
189 184 0
190 184 0
191 184 0
192 184 0
197 184 0
200 184 0
207 184 0
208 184 0
209 184 0
210 184 0
211 184 0
212 184 0
213 184 0
214 184 0
215 184 0
247 184 0
248 184 0
180 185 0
181 185 0
182 185 0
183 185 0
184 185 0
187 185 0
188 185 0
189 185 0
190 185 0
191 185 0
192 185 0
197 185 0
203 185 0
204 185 0
205 185 0
206 185 0
207 185 0
208 185 0
209 185 0
210 185 0
211 185 0
212 185 0
213 185 0
214 185 0
215 185 0
247 185 0
248 185 0
179 186 0
180 186 0
181 186 0
182 186 0
183 186 0
184 186 0
187 186 0
188 186 0
197 186 0
202 186 0
203 186 0
204 186 0
205 186 0
206 186 0
207 186 0
208 186 0
209 186 0
210 186 0
211 186 0
212 186 0
213 186 0
214 186 0
215 186 0
248 186 0
179 187 0
180 187 0
181 187 0
182 187 0
183 187 0
184 187 0
185 187 0
186 187 0
187 187 0
188 187 0
192 187 0
196 187 0
198 187 0
202 187 0
203 187 0
204 187 0
205 187 0
206 187 0
207 187 0
208 187 0
209 187 0
210 187 0
211 187 0
212 187 0
213 187 0
214 187 0
215 187 0
217 187 0
218 187 0
247 187 0
248 187 0
249 187 0
179 188 0
180 188 0
181 188 0
182 188 0
183 188 0
184 188 0
185 188 0
186 188 0
188 188 0
189 188 0
190 188 0
191 188 0
201 188 0
202 188 0
203 188 0
204 188 0
205 188 0
206 188 0
207 188 0
208 188 0
209 188 0
210 188 0
211 188 0
212 188 0
213 188 0
214 188 0
215 188 0
216 188 0
217 188 0
218 188 0
248 188 0
179 189 0
180 189 0
181 189 0
182 189 0
183 189 0
184 189 0
185 189 0
186 189 0
187 189 0
190 189 0
191 189 0
201 189 0
202 189 0
203 189 0
204 189 0
205 189 0
206 189 0
207 189 0
208 189 0
209 189 0
210 189 0
211 189 0
212 189 0
213 189 0
214 189 0
215 189 0
216 189 0
217 189 0
218 189 0
220 189 0
223 189 0
224 189 0
252 189 0
178 190 0
179 190 0
180 190 0
181 190 0
182 190 0
183 190 0
184 190 0
185 190 0
186 190 0
190 190 0
191 190 0
201 190 0
202 190 0
203 190 0
204 190 0
205 190 0
206 190 0
207 190 0
208 190 0
209 190 0
210 190 0
211 190 0
212 190 0
213 190 0
216 190 0
217 190 0
224 190 0
225 190 0
251 190 0
256 190 0
178 191 0
179 191 0
180 191 0
181 191 0
182 191 0
183 191 0
184 191 0
186 191 0
201 191 0
202 191 0
203 191 0
204 191 0
205 191 0
206 191 0
207 191 0
208 191 0
209 191 0
210 191 0
211 191 0
212 191 0
213 191 0
216 191 0
217 191 0
218 191 0
220 191 0
224 191 0
225 191 0
226 191 0
251 191 0
252 191 0
254 191 0
178 192 0
179 192 0
180 192 0
181 192 0
182 192 0
183 192 0
184 192 0
186 192 0
200 192 0
201 192 0
202 192 0
203 192 0
204 192 0
205 192 0
206 192 0
207 192 0
208 192 0
209 192 0
210 192 0
211 192 0
212 192 0
213 192 0
217 192 0
219 192 0
220 192 0
224 192 0
225 192 0
226 192 0
252 192 0
178 193 0
179 193 0
180 193 0
181 193 0
182 193 0
183 193 0
185 193 0
200 193 0
201 193 0
202 193 0
203 193 0
204 193 0
205 193 0
206 193 0
207 193 0
208 193 0
209 193 0
210 193 0
211 193 0
212 193 0
218 193 0
219 193 0
220 193 0
224 193 0
225 193 0
226 193 0
227 193 0
178 194 0
179 194 0
180 194 0
181 194 0
182 194 0
183 194 0
185 194 0
186 194 0
200 194 0
201 194 0
202 194 0
203 194 0
204 194 0
205 194 0
206 194 0
207 194 0
208 194 0
209 194 0
211 194 0
212 194 0
213 194 0
216 194 0
224 194 0
225 194 0
226 194 0
227 194 0
178 195 0
179 195 0
180 195 0
181 195 0
182 195 0
183 195 0
184 195 0
200 195 0
201 195 0
202 195 0
203 195 0
204 195 0
205 195 0
206 195 0
207 195 0
208 195 0
209 195 0
210 195 0
212 195 0
225 195 0
226 195 0
227 195 0
228 195 0
252 195 0
253 195 0
178 196 0
179 196 0
180 196 0
181 196 0
182 196 0
183 196 0
184 196 0
185 196 0
186 196 0
200 196 0
201 196 0
202 196 0
203 196 0
204 196 0
205 196 0
206 196 0
207 196 0
208 196 0
209 196 0
210 196 0
211 196 0
226 196 0
227 196 0
228 196 0
229 196 0
254 196 0
178 197 0
179 197 0
180 197 0
181 197 0
182 197 0
183 197 0
184 197 0
200 197 0
201 197 0
202 197 0
203 197 0
204 197 0
205 197 0
206 197 0
207 197 0
208 197 0
209 197 0
210 197 0
213 197 0
226 197 0
227 197 0
228 197 0
229 197 0
255 197 0
258 197 0
178 198 0
179 198 0
180 198 0
181 198 0
182 198 0
183 198 0
184 198 0
200 198 0
201 198 0
202 198 0
203 198 0
204 198 0
205 198 0
206 198 0
207 198 0
209 198 0
210 198 0
227 198 0
228 198 0
229 198 0
230 198 0
254 198 0
255 198 0
179 199 0
180 199 0
181 199 0
182 199 0
183 199 0
184 199 0
201 199 0
202 199 0
203 199 0
204 199 0
205 199 0
206 199 0
208 199 0
209 199 0
210 199 0
227 199 0
228 199 0
229 199 0
230 199 0
231 199 0
255 199 0
256 199 0
179 200 0
180 200 0
181 200 0
182 200 0
183 200 0
184 200 0
201 200 0
202 200 0
203 200 0
204 200 0
205 200 0
206 200 0
207 200 0
208 200 0
210 200 0
228 200 0
229 200 0
230 200 0
231 200 0
255 200 0
256 200 0
257 200 0
258 200 0
179 201 0
180 201 0
181 201 0
182 201 0
183 201 0
184 201 0
186 201 0
202 201 0
203 201 0
204 201 0
205 201 0
206 201 0
207 201 0
208 201 0
229 201 0
230 201 0
231 201 0
255 201 0
256 201 0
257 201 0
258 201 0
180 202 0
181 202 0
182 202 0
183 202 0
184 202 0
185 202 0
202 202 0
203 202 0
204 202 0
205 202 0
206 202 0
207 202 0
208 202 0
229 202 0
230 202 0
231 202 0
232 202 0
255 202 0
256 202 0
257 202 0
180 203 0
181 203 0
182 203 0
183 203 0
184 203 0
188 203 0
202 203 0
203 203 0
204 203 0
205 203 0
206 203 0
207 203 0
210 203 0
230 203 0
231 203 0
232 203 0
255 203 0
256 203 0
257 203 0
258 203 0
259 203 0
260 203 0
180 204 0
181 204 0
182 204 0
183 204 0
203 204 0
204 204 0
205 204 0
206 204 0
207 204 0
230 204 0
231 204 0
232 204 0
233 204 0
254 204 0
255 204 0
256 204 0
257 204 0
258 204 0
259 204 0
260 204 0
261 204 0
180 205 0
181 205 0
182 205 0
183 205 0
185 205 0
186 205 0
187 205 0
203 205 0
204 205 0
205 205 0
206 205 0
207 205 0
211 205 0
231 205 0
232 205 0
233 205 0
234 205 0
253 205 0
254 205 0
255 205 0
256 205 0
257 205 0
258 205 0
259 205 0
181 206 0
182 206 0
183 206 0
185 206 0
203 206 0
204 206 0
205 206 0
206 206 0
231 206 0
232 206 0
233 206 0
234 206 0
235 206 0
236 206 0
255 206 0
256 206 0
257 206 0
258 206 0
259 206 0
260 206 0
261 206 0
181 207 0
182 207 0
183 207 0
184 207 0
185 207 0
186 207 0
203 207 0
204 207 0
205 207 0
206 207 0
207 207 0
232 207 0
233 207 0
234 207 0
235 207 0
254 207 0
255 207 0
256 207 0
257 207 0
258 207 0
259 207 0
260 207 0
181 208 0
182 208 0
183 208 0
184 208 0
185 208 0
186 208 0
204 208 0
205 208 0
206 208 0
207 208 0
208 208 0
209 208 0
232 208 0
233 208 0
234 208 0
235 208 0
237 208 0
254 208 0
255 208 0
256 208 0
257 208 0
258 208 0
259 208 0
260 208 0
262 208 0
263 208 0
181 209 0
182 209 0
183 209 0
184 209 0
185 209 0
203 209 0
204 209 0
205 209 0
206 209 0
207 209 0
209 209 0
210 209 0
233 209 0
234 209 0
235 209 0
236 209 0
237 209 0
253 209 0
255 209 0
256 209 0
257 209 0
258 209 0
259 209 0
260 209 0
262 209 0
263 209 0
182 210 0
183 210 0
184 210 0
185 210 0
204 210 0
205 210 0
209 210 0
210 210 0
233 210 0
234 210 0
235 210 0
236 210 0
237 210 0
253 210 0
254 210 0
255 210 0
256 210 0
257 210 0
258 210 0
259 210 0
260 210 0
261 210 0
262 210 0
263 210 0
264 210 0
182 211 0
183 211 0
184 211 0
185 211 0
204 211 0
205 211 0
206 211 0
207 211 0
233 211 0
234 211 0
235 211 0
236 211 0
237 211 0
238 211 0
252 211 0
253 211 0
254 211 0
255 211 0
256 211 0
257 211 0
258 211 0
259 211 0
260 211 0
261 211 0
262 211 0
263 211 0
183 212 0
184 212 0
185 212 0
186 212 0
204 212 0
205 212 0
206 212 0
208 212 0
209 212 0
212 212 0
234 212 0
235 212 0
236 212 0
237 212 0
238 212 0
239 212 0
253 212 0
254 212 0
255 212 0
256 212 0
257 212 0
258 212 0
259 212 0
260 212 0
261 212 0
262 212 0
183 213 0
184 213 0
185 213 0
186 213 0
204 213 0
205 213 0
206 213 0
208 213 0
234 213 0
235 213 0
236 213 0
238 213 0
239 213 0
240 213 0
252 213 0
253 213 0
254 213 0
255 213 0
256 213 0
257 213 0
258 213 0
259 213 0
260 213 0
262 213 0
264 213 0
184 214 0
185 214 0
186 214 0
204 214 0
234 214 0
235 214 0
236 214 0
238 214 0
239 214 0
240 214 0
252 214 0
253 214 0
254 214 0
255 214 0
256 214 0
257 214 0
258 214 0
259 214 0
260 214 0
261 214 0
262 214 0
263 214 0
184 215 0
185 215 0
186 215 0
188 215 0
208 215 0
234 215 0
235 215 0
237 215 0
238 215 0
239 215 0
240 215 0
243 215 0
251 215 0
252 215 0
253 215 0
254 215 0
255 215 0
256 215 0
257 215 0
258 215 0
259 215 0
260 215 0
261 215 0
262 215 0
263 215 0
184 216 0
185 216 0
186 216 0
187 216 0
234 216 0
239 216 0
240 216 0
250 216 0
251 216 0
252 216 0
253 216 0
254 216 0
255 216 0
256 216 0
257 216 0
258 216 0
259 216 0
260 216 0
261 216 0
263 216 0
184 217 0
185 217 0
186 217 0
187 217 0
209 217 0
249 217 0
250 217 0
251 217 0
252 217 0
253 217 0
254 217 0
255 217 0
256 217 0
257 217 0
258 217 0
259 217 0
260 217 0
261 217 0
184 218 0
185 218 0
186 218 0
187 218 0
188 218 0
210 218 0
246 218 0
247 218 0
248 218 0
249 218 0
250 218 0
252 218 0
253 218 0
254 218 0
255 218 0
256 218 0
257 218 0
258 218 0
262 218 0
185 219 0
186 219 0
187 219 0
188 219 0
213 219 0
246 219 0
247 219 0
248 219 0
249 219 0
250 219 0
251 219 0
252 219 0
253 219 0
254 219 0
255 219 0
256 219 0
257 219 0
186 220 0
187 220 0
188 220 0
189 220 0
250 220 0
252 220 0
253 220 0
254 220 0
256 220 0
186 221 0
187 221 0
188 221 0
235 221 0
238 221 0
239 221 0
253 221 0
254 221 0
255 221 0
256 221 0
186 222 0
187 222 0
188 222 0
189 222 0
213 222 0
239 222 0
254 222 0
255 222 0
187 223 0
188 223 0
189 223 0
212 223 0
236 223 0
239 223 0
187 224 0
188 224 0
189 224 0
214 224 0
236 224 0
239 224 0
188 225 0
189 225 0
237 225 0
188 226 0
189 226 0
190 226 0
213 226 0
237 226 0
189 227 0
190 227 0
237 227 0
189 228 0
190 228 0
191 228 0
235 228 0
190 229 0
191 229 0
235 229 0
191 230 0
191 231 0
192 231 0
215 231 0
192 232 0
193 233 0
193 234 0
194 235 0
219 235 0
220 235 0
194 236 0
195 237 0
196 239 0
197 241 0
223 242 0
220 243 0
223 243 0
226 244 0
213 245 0
215 246 0
212 247 0
213 247 0
215 247 0
210 248 0
214 248 0
223 248 0
227 248 0
209 249 0
212 249 0
213 249 0
222 249 0
212 250 0
212 251 0
213 251 0
217 251 0
222 251 0
217 252 0
218 252 0
223 252 0
213 253 0
217 253 0
222 253 0
223 253 0
337 150 1
339 150 1
340 150 1
342 150 1
343 150 1
331 151 1
332 151 1
333 151 1
334 151 1
335 151 1
336 151 1
337 151 1
339 151 1
288 152 1
289 152 1
303 152 1
304 152 1
305 152 1
306 152 1
307 152 1
308 152 1
309 152 1
310 152 1
311 152 1
312 152 1
313 152 1
314 152 1
315 152 1
316 152 1
317 152 1
318 152 1
319 152 1
320 152 1
329 152 1
330 152 1
331 152 1
332 152 1
333 152 1
334 152 1
335 152 1
336 152 1
337 152 1
342 152 1
277 153 1
278 153 1
282 153 1
283 153 1
288 153 1
297 153 1
298 153 1
299 153 1
300 153 1
301 153 1
302 153 1
303 153 1
304 153 1
305 153 1
306 153 1
307 153 1
308 153 1
309 153 1
310 153 1
311 153 1
312 153 1
313 153 1
314 153 1
315 153 1
316 153 1
317 153 1
318 153 1
319 153 1
320 153 1
321 153 1
322 153 1
325 153 1
326 153 1
328 153 1
329 153 1
330 153 1
331 153 1
332 153 1
333 153 1
334 153 1
335 153 1
336 153 1
277 154 1
278 154 1
279 154 1
280 154 1
281 154 1
282 154 1
283 154 1
284 154 1
286 154 1
287 154 1
289 154 1
290 154 1
301 154 1
302 154 1
303 154 1
304 154 1
305 154 1
306 154 1
307 154 1
308 154 1
309 154 1
310 154 1
311 154 1
312 154 1
313 154 1
314 154 1
315 154 1
316 154 1
317 154 1
318 154 1
319 154 1
320 154 1
326 154 1
327 154 1
328 154 1
329 154 1
330 154 1
331 154 1
269 155 1
271 155 1
276 155 1
277 155 1
278 155 1
280 155 1
281 155 1
282 155 1
283 155 1
284 155 1
285 155 1
286 155 1
289 155 1
290 155 1
296 155 1
299 155 1
302 155 1
303 155 1
304 155 1
305 155 1
307 155 1
308 155 1
310 155 1
313 155 1
314 155 1
315 155 1
316 155 1
317 155 1
325 155 1
327 155 1
328 155 1
329 155 1
330 155 1
266 156 1
268 156 1
269 156 1
270 156 1
271 156 1
272 156 1
274 156 1
275 156 1
276 156 1
277 156 1
279 156 1
280 156 1
282 156 1
287 156 1
303 156 1
304 156 1
305 156 1
324 156 1
325 156 1
265 157 1
266 157 1
268 157 1
269 157 1
270 157 1
271 157 1
272 157 1
273 157 1
274 157 1
278 157 1
288 157 1
307 157 1
264 158 1
265 158 1
266 158 1
267 158 1
268 158 1
269 158 1
270 158 1
271 158 1
272 158 1
273 158 1
274 158 1
289 158 1
266 159 1
267 159 1
268 159 1
269 159 1
270 159 1
271 159 1
272 159 1
273 159 1
274 159 1
275 159 1
266 160 1
268 160 1
269 160 1
270 160 1
271 160 1
272 160 1
273 160 1
274 160 1
275 160 1
276 160 1
267 161 1
268 161 1
269 161 1
270 161 1
271 161 1
272 161 1
273 161 1
274 161 1
275 161 1
283 161 1
267 162 1
269 162 1
270 162 1
271 162 1
272 162 1
273 162 1
274 162 1
275 162 1
276 162 1
302 162 1
318 162 1
269 163 1
270 163 1
271 163 1
272 163 1
273 163 1
274 163 1
275 163 1
276 163 1
277 163 1
300 163 1
267 164 1
268 164 1
269 164 1
270 164 1
271 164 1
272 164 1
273 164 1
274 164 1
275 164 1
276 164 1
269 165 1
270 165 1
271 165 1
272 165 1
273 165 1
274 165 1
275 165 1
269 166 1
271 166 1
272 166 1
273 166 1
274 166 1
275 166 1
276 166 1
269 167 1
271 167 1
272 167 1
274 167 1
275 167 1
276 167 1
279 167 1
288 167 1
291 167 1
293 167 1
294 167 1
271 168 1
272 168 1
274 168 1
275 168 1
276 168 1
273 169 1
274 169 1
275 169 1
276 169 1
289 169 1
290 169 1
272 170 1
274 170 1
275 170 1
276 170 1
277 170 1
278 170 1
282 170 1
273 171 1
274 171 1
275 171 1
276 171 1
277 171 1
281 171 1
273 172 1
274 172 1
276 172 1
278 176 1
279 176 1
280 176 1
282 176 1
283 176 1
284 176 1
285 176 1
278 177 1
279 177 1
280 177 1
281 177 1
282 177 1
283 177 1
284 177 1
285 177 1
286 177 1
287 177 1
288 177 1
289 177 1
290 177 1
291 177 1
280 178 1
281 178 1
282 178 1
283 178 1
284 178 1
285 178 1
286 178 1
287 178 1
288 178 1
289 178 1
290 178 1
291 178 1
292 178 1
293 178 1
282 179 1
283 179 1
284 179 1
285 179 1
286 179 1
287 179 1
288 179 1
289 179 1
290 179 1
291 179 1
292 179 1
293 179 1
294 179 1
295 179 1
282 180 1
284 180 1
285 180 1
286 180 1
287 180 1
288 180 1
289 180 1
290 180 1
291 180 1
292 180 1
293 180 1
294 180 1
295 180 1
296 180 1
297 180 1
298 180 1
287 181 1
289 181 1
290 181 1
291 181 1
293 181 1
294 181 1
295 181 1
296 181 1
297 181 1
298 181 1
299 181 1
300 181 1
301 181 1
302 181 1
303 181 1
304 181 1
305 181 1
306 181 1
307 181 1
308 181 1
309 181 1
310 181 1
311 181 1
288 182 1
291 182 1
296 182 1
298 182 1
299 182 1
300 182 1
301 182 1
302 182 1
303 182 1
304 182 1
305 182 1
306 182 1
307 182 1
308 182 1
309 182 1
310 182 1
311 182 1
312 182 1
313 182 1
295 183 1
299 183 1
301 183 1
302 183 1
303 183 1
304 183 1
305 183 1
306 183 1
307 183 1
308 183 1
309 183 1
310 183 1
311 183 1
312 183 1
313 183 1
314 183 1
315 183 1
316 183 1
317 183 1
318 183 1
319 183 1
320 183 1
321 183 1
322 183 1
327 183 1
329 183 1
303 184 1
304 184 1
305 184 1
306 184 1
307 184 1
308 184 1
309 184 1
310 184 1
311 184 1
313 184 1
314 184 1
315 184 1
316 184 1
317 184 1
318 184 1
319 184 1
320 184 1
321 184 1
322 184 1
323 184 1
324 184 1
325 184 1
326 184 1
327 184 1
328 184 1
329 184 1
330 184 1
331 184 1
332 184 1
333 184 1
334 184 1
335 184 1
336 184 1
337 184 1
338 184 1
339 184 1
340 184 1
341 184 1
342 184 1
343 184 1
301 185 1
306 185 1
307 185 1
310 185 1
313 185 1
315 185 1
316 185 1
317 185 1
318 185 1
319 185 1
320 185 1
321 185 1
322 185 1
323 185 1
324 185 1
325 185 1
326 185 1
327 185 1
328 185 1
329 185 1
330 185 1
331 185 1
332 185 1
333 185 1
334 185 1
335 185 1
336 185 1
337 185 1
338 185 1
339 185 1
340 185 1
341 185 1
342 185 1
343 185 1
344 185 1
318 186 1
320 186 1
323 186 1
324 186 1
325 186 1
326 186 1
327 186 1
328 186 1
329 186 1
330 186 1
331 186 1
333 186 1
334 186 1
335 186 1
336 186 1
337 186 1
338 186 1
339 186 1
340 186 1
341 186 1
342 186 1
343 186 1
344 186 1
335 187 1
338 187 1
339 187 1
340 187 1
341 187 1
342 187 1
