169 171 0
182 172 0
184 172 0
182 173 0
181 174 0
182 174 0
183 174 0
181 175 0
182 175 0
181 176 0
182 176 0
183 176 0
200 176 0
204 176 0
182 177 0
183 177 0
184 177 0
187 177 0
190 177 0
203 177 0
204 177 0
205 177 0
206 177 0
180 178 0
181 178 0
182 178 0
183 178 0
184 178 0
204 178 0
205 178 0
206 178 0
208 178 0
181 179 0
182 179 0
183 179 0
187 179 0
190 179 0
192 179 0
204 179 0
205 179 0
206 179 0
207 179 0
208 179 0
182 180 0
183 180 0
184 180 0
185 180 0
187 180 0
205 180 0
206 180 0
207 180 0
208 180 0
209 180 0
182 181 0
183 181 0
184 181 0
187 181 0
188 181 0
189 181 0
191 181 0
205 181 0
206 181 0
207 181 0
208 181 0
209 181 0
210 181 0
231 181 0
232 181 0
233 181 0
182 182 0
183 182 0
184 182 0
186 182 0
187 182 0
189 182 0
191 182 0
206 182 0
207 182 0
208 182 0
209 182 0
210 182 0
236 182 0
181 183 0
182 183 0
183 183 0
184 183 0
185 183 0
186 183 0
187 183 0
189 183 0
191 183 0
206 183 0
207 183 0
208 183 0
209 183 0
210 183 0
232 183 0
233 183 0
234 183 0
235 183 0
181 184 0
182 184 0
183 184 0
184 184 0
185 184 0
186 184 0
192 184 0
207 184 0
208 184 0
209 184 0
210 184 0
211 184 0
232 184 0
233 184 0
234 184 0
235 184 0
237 184 0
181 185 0
182 185 0
183 185 0
184 185 0
185 185 0
186 185 0
187 185 0
188 185 0
189 185 0
190 185 0
207 185 0
208 185 0
209 185 0
210 185 0
211 185 0
212 185 0
214 185 0
232 185 0
233 185 0
234 185 0
183 186 0
184 186 0
185 186 0
186 186 0
188 186 0
189 186 0
190 186 0
208 186 0
209 186 0
210 186 0
211 186 0
212 186 0
232 186 0
233 186 0
234 186 0
236 186 0
183 187 0
184 187 0
185 187 0
186 187 0
187 187 0
188 187 0
192 187 0
209 187 0
210 187 0
211 187 0
212 187 0
214 187 0
232 187 0
233 187 0
234 187 0
183 188 0
184 188 0
185 188 0
186 188 0
187 188 0
188 188 0
209 188 0
210 188 0
211 188 0
212 188 0
213 188 0
214 188 0
215 188 0
232 188 0
233 188 0
234 188 0
235 188 0
238 188 0
240 188 0
183 189 0
184 189 0
185 189 0
186 189 0
210 189 0
211 189 0
212 189 0
213 189 0
214 189 0
217 189 0
232 189 0
233 189 0
234 189 0
235 189 0
236 189 0
238 189 0
243 189 0
184 190 0
185 190 0
187 190 0
188 190 0
210 190 0
211 190 0
212 190 0
213 190 0
214 190 0
232 190 0
233 190 0
234 190 0
235 190 0
236 190 0
237 190 0
238 190 0
239 190 0
241 190 0
184 191 0
185 191 0
186 191 0
187 191 0
188 191 0
191 191 0
192 191 0
211 191 0
212 191 0
213 191 0
214 191 0
215 191 0
217 191 0
232 191 0
233 191 0
234 191 0
235 191 0
236 191 0
237 191 0
238 191 0
239 191 0
240 191 0
242 191 0
183 192 0
184 192 0
185 192 0
186 192 0
187 192 0
191 192 0
211 192 0
212 192 0
213 192 0
214 192 0
215 192 0
216 192 0
217 192 0
232 192 0
233 192 0
234 192 0
235 192 0
236 192 0
237 192 0
239 192 0
240 192 0
241 192 0
183 193 0
184 193 0
185 193 0
186 193 0
189 193 0
190 193 0
211 193 0
212 193 0
213 193 0
214 193 0
215 193 0
216 193 0
217 193 0
218 193 0
232 193 0
233 193 0
234 193 0
235 193 0
236 193 0
237 193 0
238 193 0
241 193 0
184 194 0
185 194 0
186 194 0
187 194 0
188 194 0
192 194 0
211 194 0
212 194 0
213 194 0
214 194 0
215 194 0
216 194 0
217 194 0
218 194 0
232 194 0
233 194 0
234 194 0
235 194 0
236 194 0
237 194 0
238 194 0
239 194 0
240 194 0
183 195 0
184 195 0
185 195 0
186 195 0
187 195 0
188 195 0
189 195 0
191 195 0
192 195 0
211 195 0
212 195 0
213 195 0
214 195 0
215 195 0
216 195 0
217 195 0
218 195 0
232 195 0
233 195 0
234 195 0
235 195 0
236 195 0
237 195 0
238 195 0
240 195 0
241 195 0
242 195 0
243 195 0
183 196 0
184 196 0
185 196 0
186 196 0
187 196 0
188 196 0
189 196 0
191 196 0
211 196 0
212 196 0
213 196 0
214 196 0
215 196 0
216 196 0
217 196 0
218 196 0
231 196 0
232 196 0
233 196 0
234 196 0
235 196 0
236 196 0
237 196 0
239 196 0
241 196 0
242 196 0
243 196 0
184 197 0
185 197 0
186 197 0
187 197 0
188 197 0
212 197 0
213 197 0
214 197 0
215 197 0
216 197 0
217 197 0
218 197 0
231 197 0
232 197 0
233 197 0
234 197 0
235 197 0
236 197 0
237 197 0
238 197 0
239 197 0
240 197 0
241 197 0
184 198 0
185 198 0
187 198 0
188 198 0
191 198 0
192 198 0
212 198 0
213 198 0
214 198 0
215 198 0
216 198 0
217 198 0
218 198 0
219 198 0
231 198 0
232 198 0
233 198 0
234 198 0
235 198 0
236 198 0
237 198 0
238 198 0
239 198 0
240 198 0
241 198 0
242 198 0
184 199 0
185 199 0
186 199 0
192 199 0
212 199 0
213 199 0
214 199 0
215 199 0
216 199 0
217 199 0
218 199 0
219 199 0
220 199 0
221 199 0
230 199 0
231 199 0
232 199 0
233 199 0
234 199 0
235 199 0
236 199 0
237 199 0
238 199 0
239 199 0
240 199 0
241 199 0
185 200 0
186 200 0
212 200 0
213 200 0
214 200 0
215 200 0
216 200 0
217 200 0
218 200 0
219 200 0
220 200 0
230 200 0
231 200 0
232 200 0
233 200 0
234 200 0
235 200 0
236 200 0
237 200 0
238 200 0
239 200 0
240 200 0
243 200 0
185 201 0
212 201 0
213 201 0
214 201 0
215 201 0
216 201 0
217 201 0
218 201 0
219 201 0
220 201 0
223 201 0
229 201 0
230 201 0
231 201 0
232 201 0
233 201 0
234 201 0
235 201 0
236 201 0
237 201 0
238 201 0
239 201 0
240 201 0
243 201 0
193 202 0
212 202 0
213 202 0
214 202 0
215 202 0
216 202 0
217 202 0
218 202 0
219 202 0
220 202 0
228 202 0
229 202 0
230 202 0
231 202 0
232 202 0
233 202 0
234 202 0
235 202 0
236 202 0
237 202 0
238 202 0
239 202 0
240 202 0
241 202 0
243 202 0
244 202 0
213 203 0
214 203 0
215 203 0
218 203 0
226 203 0
227 203 0
228 203 0
229 203 0
230 203 0
231 203 0
232 203 0
233 203 0
234 203 0
235 203 0
236 203 0
237 203 0
238 203 0
240 203 0
241 203 0
242 203 0
213 204 0
214 204 0
215 204 0
221 204 0
222 204 0
223 204 0
224 204 0
225 204 0
226 204 0
227 204 0
228 204 0
229 204 0
230 204 0
231 204 0
232 204 0
233 204 0
234 204 0
235 204 0
236 204 0
237 204 0
238 204 0
240 204 0
193 205 0
213 205 0
214 205 0
215 205 0
219 205 0
220 205 0
221 205 0
222 205 0
223 205 0
224 205 0
225 205 0
226 205 0
227 205 0
228 205 0
229 205 0
230 205 0
231 205 0
232 205 0
233 205 0
234 205 0
235 205 0
236 205 0
237 205 0
214 206 0
215 206 0
216 206 0
218 206 0
219 206 0
222 206 0
223 206 0
226 206 0
227 206 0
228 206 0
229 206 0
230 206 0
231 206 0
232 206 0
234 206 0
235 206 0
236 206 0
237 206 0
238 206 0
241 206 0
214 207 0
215 207 0
216 207 0
219 207 0
220 207 0
224 207 0
225 207 0
228 207 0
229 207 0
231 207 0
232 207 0
233 207 0
235 207 0
237 207 0
242 207 0
215 208 0
216 208 0
218 208 0
219 208 0
220 208 0
233 208 0
216 209 0
217 209 0
218 209 0
219 209 0
221 209 0
222 209 0
223 209 0
216 210 0
218 210 0
219 210 0
215 211 0
216 211 0
218 211 0
223 213 0
182 142 1
189 142 1
181 143 1
175 144 1
199 144 1
203 144 1
174 145 1
203 145 1
205 145 1
186 146 1
206 146 1
207 146 1
171 147 1
175 147 1
181 147 1
182 147 1
206 147 1
175 148 1
177 148 1
178 148 1
207 148 1
173 149 1
174 149 1
175 149 1
177 149 1
206 149 1
169 150 1
171 150 1
172 150 1
173 150 1
174 150 1
176 150 1
206 150 1
167 151 1
168 151 1
169 151 1
171 151 1
172 151 1
173 151 1
174 151 1
176 151 1
177 151 1
179 151 1
187 151 1
189 151 1
201 151 1
209 151 1
167 152 1
168 152 1
169 152 1
170 152 1
171 152 1
172 152 1
174 152 1
179 152 1
181 152 1
182 152 1
183 152 1
184 152 1
186 152 1
187 152 1
189 152 1
191 152 1
192 152 1
167 153 1
168 153 1
169 153 1
171 153 1
172 153 1
173 153 1
174 153 1
175 153 1
178 153 1
179 153 1
180 153 1
181 153 1
182 153 1
184 153 1
189 153 1
190 153 1
210 153 1
211 153 1
212 153 1
167 154 1
168 154 1
169 154 1
170 154 1
171 154 1
172 154 1
173 154 1
174 154 1
175 154 1
178 154 1
179 154 1
188 154 1
189 154 1
195 154 1
212 154 1
165 155 1
166 155 1
167 155 1
168 155 1
169 155 1
171 155 1
174 155 1
178 155 1
179 155 1
200 155 1
164 156 1
165 156 1
166 156 1
167 156 1
168 156 1
169 156 1
173 156 1
179 156 1
198 156 1
204 156 1
206 156 1
207 156 1
164 157 1
165 157 1
166 157 1
167 157 1
168 157 1
169 157 1
170 157 1
173 157 1
199 157 1
200 157 1
204 157 1
211 157 1
162 158 1
163 158 1
164 158 1
165 158 1
166 158 1
168 158 1
169 158 1
170 158 1
171 158 1
173 158 1
179 158 1
180 158 1
184 158 1
185 158 1
195 158 1
204 158 1
163 159 1
164 159 1
165 159 1
166 159 1
168 159 1
169 159 1
170 159 1
171 159 1
173 159 1
200 159 1
201 159 1
202 159 1
203 159 1
204 159 1
212 159 1
218 159 1
162 160 1
163 160 1
164 160 1
165 160 1
166 160 1
167 160 1
169 160 1
180 160 1
186 160 1
187 160 1
203 160 1
204 160 1
205 160 1
212 160 1
219 160 1
162 161 1
163 161 1
164 161 1
165 161 1
173 161 1
176 161 1
181 161 1
184 161 1
206 161 1
207 161 1
208 161 1
209 161 1
215 161 1
219 161 1
220 161 1
161 162 1
162 162 1
163 162 1
164 162 1
165 162 1
170 162 1
184 162 1
207 162 1
214 162 1
216 162 1
219 162 1
220 162 1
161 163 1
162 163 1
163 163 1
165 163 1
167 163 1
172 163 1
173 163 1
174 163 1
175 163 1
182 163 1
211 163 1
212 163 1
217 163 1
219 163 1
220 163 1
225 163 1
160 164 1
161 164 1
162 164 1
163 164 1
164 164 1
165 164 1
172 164 1
175 164 1
176 164 1
221 164 1
222 164 1
223 164 1
160 165 1
161 165 1
162 165 1
164 165 1
165 165 1
171 165 1
175 165 1
221 165 1
222 165 1
223 165 1
224 165 1
159 166 1
160 166 1
161 166 1
162 166 1
163 166 1
164 166 1
165 166 1
174 166 1
221 166 1
222 166 1
223 166 1
224 166 1
159 167 1
160 167 1
161 167 1
162 167 1
163 167 1
165 167 1
168 167 1
174 167 1
221 167 1
222 167 1
223 167 1
159 168 1
160 168 1
161 168 1
177 168 1
222 168 1
223 168 1
224 168 1
226 168 1
159 169 1
160 169 1
161 169 1
162 169 1
165 169 1
175 169 1
176 169 1
223 169 1
224 169 1
225 169 1
226 169 1
227 169 1
158 170 1
159 170 1
160 170 1
161 170 1
162 170 1
173 170 1
174 170 1
223 170 1
224 170 1
225 170 1
226 170 1
158 171 1
159 171 1
160 171 1
161 171 1
162 171 1
163 171 1
166 171 1
173 171 1
174 171 1
224 171 1
225 171 1
226 171 1
227 171 1
158 172 1
159 172 1
160 172 1
161 172 1
162 172 1
224 172 1
225 172 1
226 172 1
227 172 1
158 173 1
159 173 1
160 173 1
161 173 1
162 173 1
168 173 1
224 173 1
225 173 1
226 173 1
158 174 1
159 174 1
160 174 1
161 174 1
162 174 1
163 174 1
167 174 1
225 174 1
158 175 1
159 175 1
160 175 1
161 175 1
163 175 1
164 175 1
172 175 1
225 175 1
158 176 1
159 176 1
160 176 1
161 176 1
162 176 1
163 176 1
164 176 1
226 176 1
158 177 1
159 177 1
160 177 1
161 177 1
162 177 1
163 177 1
164 177 1
226 177 1
227 177 1
229 177 1
158 178 1
159 178 1
160 178 1
161 178 1
162 178 1
163 178 1
164 178 1
226 178 1
158 179 1
159 179 1
160 179 1
161 179 1
162 179 1
158 180 1
159 180 1
160 180 1
161 180 1
162 180 1
158 181 1
159 181 1
160 181 1
161 181 1
162 181 1
164 181 1
158 182 1
159 182 1
160 182 1
161 182 1
162 182 1
163 182 1
164 182 1
165 182 1
166 182 1
167 182 1
179 182 1
158 183 1
159 183 1
160 183 1
161 183 1
162 183 1
165 183 1
158 184 1
159 184 1
160 184 1
161 184 1
162 184 1
163 184 1
164 184 1
165 184 1
180 184 1
158 185 1
159 185 1
160 185 1
161 185 1
162 185 1
163 185 1
178 185 1
179 185 1
180 185 1
158 186 1
159 186 1
160 186 1
161 186 1
163 186 1
167 186 1
178 186 1
179 186 1
180 186 1
158 187 1
159 187 1
160 187 1
161 187 1
162 187 1
163 187 1
165 187 1
177 187 1
179 187 1
180 187 1
157 188 1
158 188 1
159 188 1
160 188 1
161 188 1
162 188 1
164 188 1
178 188 1
179 188 1
180 188 1
181 188 1
157 189 1
158 189 1
159 189 1
160 189 1
161 189 1
164 189 1
166 189 1
176 189 1
178 189 1
179 189 1
180 189 1
181 189 1
157 190 1
158 190 1
159 190 1
160 190 1
161 190 1
162 190 1
163 190 1
165 190 1
177 190 1
178 190 1
179 190 1
180 190 1
158 191 1
159 191 1
160 191 1
161 191 1
162 191 1
167 191 1
168 191 1
177 191 1
178 191 1
179 191 1
180 191 1
181 191 1
182 191 1
157 192 1
158 192 1
159 192 1
160 192 1
161 192 1
163 192 1
164 192 1
165 192 1
177 192 1
178 192 1
179 192 1
180 192 1
182 192 1
159 193 1
160 193 1
161 193 1
163 193 1
164 193 1
165 193 1
177 193 1
178 193 1
179 193 1
180 193 1
181 193 1
159 194 1
160 194 1
161 194 1
162 194 1
163 194 1
177 194 1
178 194 1
179 194 1
180 194 1
181 194 1
184 194 1
159 195 1
160 195 1
161 195 1
162 195 1
163 195 1
164 195 1
177 195 1
178 195 1
179 195 1
180 195 1
159 196 1
160 196 1
161 196 1
162 196 1
163 196 1
177 196 1
178 196 1
179 196 1
180 196 1
160 197 1
161 197 1
162 197 1
163 197 1
164 197 1
177 197 1
178 197 1
179 197 1
160 198 1
161 198 1
162 198 1
163 198 1
177 198 1
178 198 1
179 198 1
180 198 1
181 198 1
182 198 1
160 199 1
161 199 1
162 199 1
163 199 1
164 199 1
177 199 1
178 199 1
179 199 1
180 199 1
181 199 1
182 199 1
160 200 1
161 200 1
162 200 1
163 200 1
176 200 1
177 200 1
178 200 1
179 200 1
180 200 1
181 200 1
185 200 1
161 201 1
162 201 1
163 201 1
164 201 1
176 201 1
177 201 1
178 201 1
179 201 1
180 201 1
161 202 1
162 202 1
163 202 1
164 202 1
176 202 1
177 202 1
178 202 1
179 202 1
180 202 1
162 203 1
163 203 1
164 203 1
165 203 1
177 203 1
179 203 1
180 203 1
162 204 1
163 204 1
164 204 1
165 204 1
177 204 1
178 204 1
179 204 1
180 204 1
181 204 1
164 205 1
165 205 1
178 205 1
179 205 1
180 205 1
181 205 1
182 205 1
183 205 1
162 206 1
163 206 1
164 206 1
165 206 1
178 206 1
179 206 1
180 206 1
165 207 1
175 207 1
177 207 1
178 207 1
179 207 1
180 207 1
166 208 1
175 208 1
177 208 1
179 208 1
180 208 1
181 208 1
182 208 1
165 209 1
166 209 1
174 209 1
175 209 1
176 209 1
177 209 1
178 209 1
179 209 1
165 210 1
166 210 1
182 210 1
187 210 1
168 211 1
183 211 1
166 212 1
167 212 1
170 213 1
168 214 1
275 141 2
285 141 2
286 141 2
287 141 2
288 141 2
289 141 2
282 142 2
283 142 2
284 142 2
285 142 2
286 142 2
287 142 2
288 142 2
289 142 2
290 142 2
291 142 2
292 142 2
293 142 2
275 143 2
277 143 2
278 143 2
279 143 2
280 143 2
282 143 2
283 143 2
284 143 2
285 143 2
286 143 2
287 143 2
292 143 2
293 143 2
294 143 2
295 143 2
296 143 2
297 143 2
299 143 2
300 143 2
301 143 2
302 143 2
279 144 2
280 144 2
282 144 2
283 144 2
284 144 2
285 144 2
286 144 2
287 144 2
298 144 2
299 144 2
300 144 2
301 144 2
302 144 2
303 144 2
304 144 2
305 144 2
306 144 2
307 144 2
308 144 2
310 144 2
332 144 2
280 145 2
282 145 2
286 145 2
287 145 2
298 145 2
299 145 2
300 145 2
301 145 2
302 145 2
303 145 2
304 145 2
305 145 2
306 145 2
307 145 2
308 145 2
309 145 2
310 145 2
311 145 2
312 145 2
313 145 2
314 145 2
315 145 2
325 145 2
326 145 2
327 145 2
328 145 2
329 145 2
330 145 2
331 145 2
332 145 2
279 146 2
286 146 2
300 146 2
301 146 2
302 146 2
303 146 2
304 146 2
305 146 2
306 146 2
307 146 2
308 146 2
309 146 2
310 146 2
311 146 2
312 146 2
313 146 2
314 146 2
315 146 2
316 146 2
317 146 2
319 146 2
320 146 2
321 146 2
322 146 2
323 146 2
324 146 2
325 146 2
326 146 2
327 146 2
328 146 2
329 146 2
330 146 2
331 146 2
332 146 2
335 146 2
341 146 2
342 146 2
343 146 2
344 146 2
297 147 2
307 147 2
308 147 2
309 147 2
310 147 2
311 147 2
312 147 2
313 147 2
314 147 2
315 147 2
316 147 2
317 147 2
318 147 2
319 147 2
320 147 2
321 147 2
322 147 2
323 147 2
324 147 2
325 147 2
326 147 2
335 147 2
338 147 2
341 147 2
342 147 2
344 147 2
310 148 2
311 148 2
314 148 2
315 148 2
318 148 2
319 148 2
320 148 2
322 148 2
338 148 2
339 148 2
341 148 2
285 149 2
314 149 2
315 149 2
318 149 2
321 149 2
318 150 2
289 160 2
277 169 2
280 169 2
281 169 2
282 169 2
283 169 2
282 170 2
283 170 2
284 170 2
285 170 2
286 170 2
284 171 2
285 171 2
286 171 2
287 171 2
288 171 2
287 172 2
288 172 2
289 172 2
290 172 2
291 172 2
292 172 2
293 172 2
295 172 2
298 172 2
289 173 2
290 173 2
291 173 2
292 173 2
293 173 2
294 173 2
295 173 2
296 173 2
297 173 2
298 173 2
299 173 2
300 173 2
301 173 2
303 173 2
292 174 2
293 174 2
294 174 2
295 174 2
296 174 2
297 174 2
298 174 2
299 174 2
300 174 2
301 174 2
302 174 2
303 174 2
304 174 2
305 174 2
306 174 2
308 174 2
309 174 2
302 175 2
303 175 2
304 175 2
305 175 2
306 175 2
307 175 2
308 175 2
309 175 2
310 175 2
311 175 2
312 175 2
313 175 2
314 175 2
315 175 2
316 175 2
317 175 2
305 176 2
306 176 2
307 176 2
308 176 2
309 176 2
310 176 2
311 176 2
312 176 2
313 176 2
314 176 2
315 176 2
316 176 2
317 176 2
318 176 2
319 176 2
320 176 2
321 176 2
322 176 2
323 176 2
324 176 2
325 176 2
326 176 2
328 176 2
303 177 2
309 177 2
310 177 2
312 177 2
313 177 2
314 177 2
315 177 2
316 177 2
317 177 2
318 177 2
319 177 2
320 177 2
321 177 2
322 177 2
323 177 2
324 177 2
325 177 2
326 177 2
327 177 2
328 177 2
329 177 2
330 177 2
331 177 2
334 177 2
314 178 2
315 178 2
317 178 2
318 178 2
321 178 2
322 178 2
323 178 2
324 178 2
325 178 2
326 178 2
327 178 2
328 178 2
329 178 2
330 178 2
331 178 2
332 178 2
333 178 2
334 178 2
335 178 2
337 178 2
340 178 2
316 179 2
327 179 2
328 179 2
331 179 2
332 179 2
333 179 2
334 179 2
335 179 2
336 179 2
337 179 2
339 179 2
340 179 2
342 179 2
343 179 2
324 180 2
331 180 2
332 180 2
333 180 2
335 180 2
338 180 2
339 180 2
341 180 2
343 180 2
215 142 3
216 142 3
217 142 3
217 143 3
218 143 3
220 143 3
218 144 3
219 144 3
220 144 3
221 144 3
222 144 3
223 144 3
221 145 3
222 145 3
223 145 3
224 145 3
225 145 3
226 145 3
227 145 3
225 146 3
226 146 3
227 146 3
228 146 3
229 146 3
230 146 3
231 146 3
232 146 3
219 147 3
228 147 3
229 147 3
230 147 3
231 147 3
232 147 3
233 147 3
234 147 3
235 147 3
236 147 3
237 147 3
238 147 3
275 147 3
276 147 3
219 148 3
220 148 3
221 148 3
222 148 3
228 148 3
230 148 3
231 148 3
232 148 3
233 148 3
234 148 3
235 148 3
236 148 3
237 148 3
238 148 3
239 148 3
240 148 3
241 148 3
242 148 3
243 148 3
244 148 3
245 148 3
246 148 3
247 148 3
248 148 3
249 148 3
250 148 3
251 148 3
252 148 3
253 148 3
254 148 3
255 148 3
256 148 3
257 148 3
258 148 3
259 148 3
260 148 3
261 148 3
262 148 3
263 148 3
264 148 3
265 148 3
266 148 3
276 148 3
277 148 3
222 149 3
230 149 3
231 149 3
234 149 3
235 149 3
236 149 3
237 149 3
238 149 3
239 149 3
240 149 3
241 149 3
242 149 3
243 149 3
244 149 3
245 149 3
246 149 3
247 149 3
248 149 3
249 149 3
250 149 3
251 149 3
252 149 3
253 149 3
254 149 3
255 149 3
256 149 3
257 149 3
258 149 3
259 149 3
260 149 3
261 149 3
262 149 3
263 149 3
264 149 3
265 149 3
266 149 3
268 149 3
273 149 3
275 149 3
276 149 3
223 150 3
237 150 3
238 150 3
239 150 3
241 150 3
242 150 3
243 150 3
244 150 3
245 150 3
246 150 3
247 150 3
248 150 3
249 150 3
250 150 3
251 150 3
253 150 3
254 150 3
255 150 3
256 150 3
257 150 3
258 150 3
259 150 3
260 150 3
267 150 3
268 150 3
275 150 3
276 150 3
277 150 3
245 151 3
253 151 3
256 151 3
260 151 3
262 151 3
263 151 3
264 151 3
266 151 3
267 151 3
268 151 3
269 151 3
270 151 3
271 151 3
272 151 3
273 151 3
275 151 3
276 151 3
218 152 3
219 152 3
224 152 3
225 152 3
266 152 3
267 152 3
268 152 3
269 152 3
270 152 3
271 152 3
273 152 3
274 152 3
275 152 3
215 153 3
216 153 3
217 153 3
219 153 3
223 153 3
224 153 3
225 153 3
229 153 3
230 153 3
265 153 3
266 153 3
267 153 3
268 153 3
269 153 3
270 153 3
224 154 3
225 154 3
226 154 3
227 154 3
228 154 3
229 154 3
230 154 3
231 154 3
232 154 3
238 154 3
239 154 3
265 154 3
266 154 3
267 154 3
268 154 3
269 154 3
219 155 3
225 155 3
226 155 3
227 155 3
228 155 3
229 155 3
230 155 3
231 155 3
232 155 3
233 155 3
234 155 3
235 155 3
236 155 3
237 155 3
238 155 3
239 155 3
240 155 3
241 155 3
242 155 3
243 155 3
265 155 3
266 155 3
267 155 3
268 155 3
217 156 3
222 156 3
223 156 3
226 156 3
227 156 3
228 156 3
229 156 3
230 156 3
231 156 3
232 156 3
233 156 3
234 156 3
235 156 3
236 156 3
237 156 3
238 156 3
239 156 3
240 156 3
241 156 3
242 156 3
243 156 3
244 156 3
245 156 3
246 156 3
247 156 3
264 156 3
265 156 3
266 156 3
267 156 3
268 156 3
219 157 3
221 157 3
222 157 3
223 157 3
224 157 3
226 157 3
227 157 3
228 157 3
229 157 3
230 157 3
231 157 3
232 157 3
233 157 3
234 157 3
235 157 3
236 157 3
237 157 3
238 157 3
239 157 3
240 157 3
241 157 3
242 157 3
243 157 3
244 157 3
245 157 3
246 157 3
247 157 3
248 157 3
249 157 3
264 157 3
265 157 3
266 157 3
267 157 3
268 157 3
269 157 3
219 158 3
221 158 3
222 158 3
223 158 3
227 158 3
229 158 3
230 158 3
234 158 3
235 158 3
236 158 3
237 158 3
238 158 3
239 158 3
240 158 3
242 158 3
243 158 3
244 158 3
245 158 3
246 158 3
247 158 3
248 158 3
249 158 3
250 158 3
264 158 3
265 158 3
266 158 3
267 158 3
219 159 3
220 159 3
229 159 3
232 159 3
233 159 3
239 159 3
247 159 3
248 159 3
249 159 3
250 159 3
251 159 3
252 159 3
253 159 3
254 159 3
257 159 3
258 159 3
262 159 3
263 159 3
264 159 3
265 159 3
266 159 3
267 159 3
228 160 3
237 160 3
248 160 3
249 160 3
250 160 3
251 160 3
252 160 3
253 160 3
254 160 3
256 160 3
257 160 3
258 160 3
262 160 3
263 160 3
264 160 3
265 160 3
266 160 3
267 160 3
279 160 3
222 161 3
223 161 3
250 161 3
252 161 3
253 161 3
255 161 3
256 161 3
257 161 3
258 161 3
259 161 3
260 161 3
261 161 3
263 161 3
264 161 3
265 161 3
266 161 3
267 161 3
268 161 3
269 161 3
275 161 3
276 161 3
262 162 3
264 162 3
265 162 3
266 162 3
267 162 3
270 162 3
271 162 3
273 162 3
278 162 3
222 163 3
223 163 3
225 163 3
230 163 3
231 163 3
232 163 3
233 163 3
234 163 3
261 163 3
265 163 3
266 163 3
267 163 3
270 163 3
271 163 3
221 164 3
222 164 3
223 164 3
224 164 3
225 164 3
226 164 3
228 164 3
229 164 3
230 164 3
235 164 3
236 164 3
238 164 3
245 164 3
256 164 3
259 164 3
260 164 3
264 164 3
266 164 3
270 164 3
274 164 3
223 165 3
224 165 3
225 165 3
226 165 3
227 165 3
228 165 3
229 165 3
230 165 3
236 165 3
237 165 3
238 165 3
255 165 3
256 165 3
261 165 3
262 165 3
264 165 3
265 165 3
224 166 3
225 166 3
226 166 3
227 166 3
233 166 3
239 166 3
241 166 3
242 166 3
248 166 3
258 166 3
259 166 3
260 166 3
261 166 3
262 166 3
225 167 3
226 167 3
228 167 3
229 167 3
254 167 3
258 167 3
260 167 3
261 167 3
262 168 3
265 168 3
277 170 3
275 171 3
276 172 3
280 175 3
