165 124 0
166 124 0
167 124 0
162 125 0
163 125 0
164 125 0
165 125 0
166 125 0
167 125 0
168 125 0
169 125 0
170 125 0
171 125 0
172 125 0
173 125 0
174 125 0
176 125 0
160 126 0
161 126 0
162 126 0
163 126 0
164 126 0
165 126 0
166 126 0
167 126 0
168 126 0
169 126 0
170 126 0
171 126 0
172 126 0
173 126 0
174 126 0
175 126 0
176 126 0
177 126 0
178 126 0
158 127 0
159 127 0
160 127 0
161 127 0
162 127 0
163 127 0
164 127 0
165 127 0
166 127 0
168 127 0
169 127 0
170 127 0
171 127 0
172 127 0
173 127 0
174 127 0
175 127 0
176 127 0
178 127 0
179 127 0
180 127 0
156 128 0
157 128 0
158 128 0
159 128 0
160 128 0
161 128 0
162 128 0
166 128 0
167 128 0
168 128 0
170 128 0
171 128 0
173 128 0
176 128 0
178 128 0
179 128 0
180 128 0
181 128 0
182 128 0
155 129 0
156 129 0
157 129 0
158 129 0
159 129 0
160 129 0
161 129 0
164 129 0
166 129 0
167 129 0
168 129 0
178 129 0
179 129 0
180 129 0
181 129 0
182 129 0
183 129 0
184 129 0
185 129 0
154 130 0
155 130 0
156 130 0
157 130 0
158 130 0
159 130 0
160 130 0
161 130 0
162 130 0
163 130 0
164 130 0
165 130 0
166 130 0
167 130 0
168 130 0
169 130 0
170 130 0
182 130 0
183 130 0
184 130 0
185 130 0
186 130 0
152 131 0
153 131 0
154 131 0
155 131 0
156 131 0
157 131 0
158 131 0
159 131 0
160 131 0
161 131 0
162 131 0
163 131 0
164 131 0
165 131 0
166 131 0
167 131 0
168 131 0
169 131 0
170 131 0
171 131 0
173 131 0
174 131 0
175 131 0
176 131 0
186 131 0
187 131 0
188 131 0
151 132 0
152 132 0
153 132 0
154 132 0
155 132 0
156 132 0
158 132 0
159 132 0
160 132 0
161 132 0
162 132 0
163 132 0
164 132 0
165 132 0
166 132 0
167 132 0
168 132 0
169 132 0
170 132 0
171 132 0
173 132 0
174 132 0
175 132 0
176 132 0
179 132 0
181 132 0
188 132 0
189 132 0
151 133 0
152 133 0
153 133 0
154 133 0
155 133 0
156 133 0
158 133 0
159 133 0
160 133 0
163 133 0
164 133 0
165 133 0
166 133 0
173 133 0
176 133 0
179 133 0
181 133 0
182 133 0
150 134 0
151 134 0
152 134 0
153 134 0
154 134 0
155 134 0
156 134 0
158 134 0
159 134 0
160 134 0
161 134 0
164 134 0
165 134 0
166 134 0
170 134 0
171 134 0
174 134 0
180 134 0
149 135 0
150 135 0
151 135 0
152 135 0
153 135 0
154 135 0
155 135 0
156 135 0
157 135 0
158 135 0
159 135 0
160 135 0
164 135 0
165 135 0
166 135 0
168 135 0
170 135 0
171 135 0
173 135 0
179 135 0
148 136 0
149 136 0
150 136 0
151 136 0
152 136 0
153 136 0
154 136 0
155 136 0
156 136 0
157 136 0
158 136 0
159 136 0
160 136 0
162 136 0
164 136 0
165 136 0
166 136 0
177 136 0
182 136 0
148 137 0
149 137 0
150 137 0
151 137 0
152 137 0
153 137 0
154 137 0
155 137 0
156 137 0
157 137 0
160 137 0
161 137 0
162 137 0
164 137 0
165 137 0
166 137 0
185 137 0
147 138 0
148 138 0
149 138 0
150 138 0
151 138 0
152 138 0
153 138 0
154 138 0
155 138 0
156 138 0
157 138 0
158 138 0
159 138 0
160 138 0
165 138 0
170 138 0
181 138 0
187 138 0
146 139 0
147 139 0
148 139 0
149 139 0
150 139 0
151 139 0
152 139 0
153 139 0
155 139 0
157 139 0
158 139 0
160 139 0
161 139 0
165 139 0
181 139 0
145 140 0
146 140 0
147 140 0
148 140 0
149 140 0
150 140 0
151 140 0
152 140 0
153 140 0
154 140 0
155 140 0
156 140 0
157 140 0
158 140 0
159 140 0
197 140 0
198 140 0
145 141 0
146 141 0
147 141 0
148 141 0
149 141 0
150 141 0
151 141 0
152 141 0
153 141 0
154 141 0
156 141 0
170 141 0
144 142 0
145 142 0
146 142 0
147 142 0
148 142 0
149 142 0
150 142 0
151 142 0
152 142 0
153 142 0
144 143 0
145 143 0
146 143 0
147 143 0
148 143 0
149 143 0
151 143 0
152 143 0
144 144 0
145 144 0
146 144 0
147 144 0
148 144 0
149 144 0
150 144 0
152 144 0
153 144 0
158 144 0
159 144 0
160 144 0
161 144 0
143 145 0
144 145 0
145 145 0
146 145 0
147 145 0
149 145 0
151 145 0
152 145 0
155 145 0
157 145 0
158 145 0
159 145 0
160 145 0
169 145 0
170 145 0
171 145 0
172 145 0
173 145 0
143 146 0
144 146 0
145 146 0
146 146 0
147 146 0
148 146 0
149 146 0
152 146 0
153 146 0
168 146 0
169 146 0
170 146 0
171 146 0
172 146 0
142 147 0
143 147 0
144 147 0
145 147 0
146 147 0
147 147 0
148 147 0
149 147 0
151 147 0
155 147 0
158 147 0
168 147 0
169 147 0
170 147 0
171 147 0
172 147 0
173 147 0
142 148 0
143 148 0
144 148 0
145 148 0
146 148 0
147 148 0
148 148 0
150 148 0
152 148 0
156 148 0
166 148 0
167 148 0
168 148 0
142 149 0
143 149 0
144 149 0
145 149 0
146 149 0
147 149 0
148 149 0
150 149 0
152 149 0
156 149 0
167 149 0
168 149 0
142 150 0
143 150 0
144 150 0
145 150 0
146 150 0
147 150 0
156 150 0
166 150 0
167 150 0
168 150 0
142 151 0
143 151 0
144 151 0
145 151 0
146 151 0
147 151 0
148 151 0
141 152 0
142 152 0
143 152 0
144 152 0
145 152 0
146 152 0
147 152 0
141 153 0
142 153 0
143 153 0
144 153 0
145 153 0
164 153 0
141 154 0
142 154 0
143 154 0
144 154 0
146 154 0
163 154 0
164 154 0
141 155 0
142 155 0
143 155 0
144 155 0
146 155 0
148 155 0
163 155 0
164 155 0
141 156 0
142 156 0
143 156 0
144 156 0
145 156 0
147 156 0
163 156 0
164 156 0
140 157 0
141 157 0
142 157 0
143 157 0
144 157 0
147 157 0
163 157 0
164 157 0
140 158 0
141 158 0
142 158 0
143 158 0
146 158 0
140 159 0
141 159 0
142 159 0
143 159 0
145 159 0
146 159 0
156 159 0
166 159 0
140 160 0
141 160 0
142 160 0
146 160 0
156 160 0
139 161 0
140 161 0
141 161 0
142 161 0
145 161 0
146 161 0
162 161 0
163 161 0
139 162 0
140 162 0
141 162 0
142 162 0
139 163 0
140 163 0
141 163 0
142 163 0
145 163 0
161 163 0
162 163 0
139 164 0
140 164 0
141 164 0
142 164 0
161 164 0
163 164 0
139 165 0
140 165 0
141 165 0
159 165 0
139 166 0
140 166 0
141 166 0
142 166 0
143 166 0
146 166 0
139 167 0
140 167 0
141 167 0
148 167 0
138 168 0
139 168 0
140 168 0
144 168 0
138 169 0
139 169 0
140 169 0
141 169 0
143 169 0
144 169 0
157 169 0
158 169 0
159 169 0
138 170 0
139 170 0
140 170 0
141 170 0
142 170 0
143 170 0
146 170 0
148 170 0
138 171 0
139 171 0
140 171 0
141 171 0
142 171 0
144 171 0
146 171 0
148 171 0
157 171 0
138 172 0
139 172 0
140 172 0
141 172 0
142 172 0
143 172 0
147 172 0
150 172 0
156 172 0
157 172 0
161 172 0
138 173 0
139 173 0
140 173 0
141 173 0
142 173 0
146 173 0
147 173 0
150 173 0
151 173 0
155 173 0
156 173 0
157 173 0
159 173 0
138 174 0
139 174 0
140 174 0
141 174 0
150 174 0
154 174 0
155 174 0
156 174 0
157 174 0
158 174 0
139 175 0
140 175 0
141 175 0
143 175 0
148 175 0
149 175 0
154 175 0
155 175 0
156 175 0
157 175 0
158 175 0
159 175 0
139 176 0
140 176 0
141 176 0
142 176 0
144 176 0
149 176 0
150 176 0
151 176 0
153 176 0
155 176 0
156 176 0
140 177 0
141 177 0
142 177 0
146 177 0
147 177 0
149 177 0
150 177 0
151 177 0
152 177 0
153 177 0
154 177 0
155 177 0
156 177 0
140 178 0
141 178 0
145 178 0
149 178 0
150 178 0
154 178 0
155 178 0
156 178 0
157 178 0
140 179 0
141 179 0
145 179 0
149 179 0
150 179 0
152 179 0
155 179 0
156 179 0
157 179 0
145 180 0
147 180 0
149 180 0
150 180 0
151 180 0
152 180 0
153 180 0
154 180 0
155 180 0
156 180 0
157 180 0
177 180 0
149 181 0
151 181 0
152 181 0
155 181 0
156 181 0
157 181 0
158 181 0
176 181 0
147 182 0
155 182 0
156 182 0
175 182 0
147 183 0
151 183 0
152 183 0
155 183 0
156 183 0
175 183 0
158 184 0
174 184 0
175 184 0
174 185 0
174 187 0
173 188 0
174 188 0
172 189 0
173 189 0
172 190 0
173 194 0
200 146 1
190 147 1
187 150 1
167 165 1
165 166 1
163 167 1
165 167 1
163 168 1
162 169 1
163 169 1
164 169 1
161 170 1
163 170 1
164 170 1
165 170 1
166 170 1
161 171 1
162 171 1
163 171 1
164 171 1
165 171 1
184 171 1
160 172 1
161 172 1
162 172 1
163 172 1
165 172 1
186 172 1
207 172 1
160 173 1
161 173 1
162 173 1
163 173 1
164 173 1
165 173 1
185 173 1
186 173 1
187 173 1
207 173 1
208 173 1
160 174 1
161 174 1
162 174 1
163 174 1
164 174 1
167 174 1
168 174 1
185 174 1
186 174 1
187 174 1
188 174 1
208 174 1
160 175 1
161 175 1
162 175 1
163 175 1
164 175 1
165 175 1
166 175 1
185 175 1
186 175 1
187 175 1
188 175 1
208 175 1
209 175 1
210 175 1
160 176 1
161 176 1
162 176 1
163 176 1
186 176 1
187 176 1
188 176 1
208 176 1
209 176 1
212 176 1
160 177 1
161 177 1
186 177 1
187 177 1
188 177 1
189 177 1
192 177 1
207 177 1
208 177 1
209 177 1
160 178 1
186 178 1
187 178 1
188 178 1
189 178 1
192 178 1
206 178 1
207 178 1
208 178 1
209 178 1
210 178 1
211 178 1
216 178 1
159 179 1
170 179 1
172 179 1
186 179 1
187 179 1
188 179 1
189 179 1
190 179 1
192 179 1
206 179 1
207 179 1
208 179 1
209 179 1
210 179 1
211 179 1
216 179 1
159 180 1
160 180 1
162 180 1
165 180 1
167 180 1
186 180 1
187 180 1
188 180 1
189 180 1
207 180 1
208 180 1
209 180 1
210 180 1
211 180 1
216 180 1
159 181 1
160 181 1
185 181 1
186 181 1
187 181 1
188 181 1
189 181 1
192 181 1
206 181 1
207 181 1
208 181 1
209 181 1
210 181 1
211 181 1
212 181 1
185 182 1
186 182 1
187 182 1
188 182 1
189 182 1
192 182 1
205 182 1
207 182 1
208 182 1
209 182 1
210 182 1
213 182 1
168 183 1
184 183 1
185 183 1
186 183 1
187 183 1
188 183 1
189 183 1
190 183 1
191 183 1
193 183 1
205 183 1
206 183 1
207 183 1
208 183 1
209 183 1
210 183 1
211 183 1
212 183 1
218 183 1
158 184 1
159 184 1
184 184 1
185 184 1
186 184 1
187 184 1
188 184 1
189 184 1
190 184 1
191 184 1
193 184 1
194 184 1
205 184 1
206 184 1
207 184 1
208 184 1
209 184 1
210 184 1
211 184 1
213 184 1
214 184 1
158 185 1
184 185 1
185 185 1
186 185 1
187 185 1
188 185 1
189 185 1
190 185 1
191 185 1
192 185 1
195 185 1
205 185 1
206 185 1
207 185 1
208 185 1
209 185 1
210 185 1
212 185 1
215 185 1
169 186 1
185 186 1
186 186 1
187 186 1
188 186 1
189 186 1
190 186 1
191 186 1
192 186 1
194 186 1
203 186 1
204 186 1
205 186 1
206 186 1
207 186 1
208 186 1
209 186 1
210 186 1
213 186 1
214 186 1
185 187 1
186 187 1
187 187 1
188 187 1
189 187 1
190 187 1
191 187 1
192 187 1
193 187 1
194 187 1
195 187 1
202 187 1
203 187 1
204 187 1
205 187 1
206 187 1
207 187 1
208 187 1
209 187 1
212 187 1
213 187 1
217 187 1
186 188 1
187 188 1
188 188 1
189 188 1
190 188 1
191 188 1
192 188 1
193 188 1
194 188 1
195 188 1
201 188 1
202 188 1
203 188 1
204 188 1
205 188 1
206 188 1
207 188 1
208 188 1
209 188 1
211 188 1
212 188 1
213 188 1
214 188 1
218 188 1
159 189 1
187 189 1
188 189 1
189 189 1
190 189 1
192 189 1
194 189 1
195 189 1
199 189 1
200 189 1
201 189 1
202 189 1
203 189 1
204 189 1
205 189 1
206 189 1
207 189 1
208 189 1
209 189 1
210 189 1
211 189 1
212 189 1
214 189 1
216 189 1
217 189 1
218 189 1
161 190 1
187 190 1
188 190 1
189 190 1
190 190 1
191 190 1
192 190 1
193 190 1
194 190 1
196 190 1
198 190 1
199 190 1
200 190 1
201 190 1
202 190 1
203 190 1
204 190 1
205 190 1
206 190 1
207 190 1
208 190 1
209 190 1
210 190 1
211 190 1
212 190 1
213 190 1
214 190 1
216 190 1
217 190 1
219 190 1
188 191 1
189 191 1
190 191 1
193 191 1
194 191 1
195 191 1
196 191 1
197 191 1
198 191 1
199 191 1
200 191 1
201 191 1
202 191 1
203 191 1
204 191 1
205 191 1
206 191 1
207 191 1
208 191 1
210 191 1
211 191 1
212 191 1
213 191 1
215 191 1
217 191 1
161 192 1
188 192 1
189 192 1
190 192 1
193 192 1
194 192 1
195 192 1
196 192 1
197 192 1
198 192 1
199 192 1
200 192 1
201 192 1
202 192 1
203 192 1
204 192 1
205 192 1
206 192 1
207 192 1
208 192 1
209 192 1
210 192 1
211 192 1
212 192 1
213 192 1
215 192 1
217 192 1
158 193 1
161 193 1
189 193 1
190 193 1
193 193 1
194 193 1
195 193 1
196 193 1
197 193 1
198 193 1
199 193 1
200 193 1
201 193 1
202 193 1
203 193 1
204 193 1
205 193 1
206 193 1
207 193 1
208 193 1
209 193 1
211 193 1
212 193 1
213 193 1
216 193 1
217 193 1
166 194 1
190 194 1
191 194 1
194 194 1
195 194 1
196 194 1
197 194 1
198 194 1
199 194 1
200 194 1
201 194 1
202 194 1
203 194 1
204 194 1
205 194 1
206 194 1
207 194 1
208 194 1
209 194 1
210 194 1
211 194 1
212 194 1
213 194 1
215 194 1
217 194 1
160 195 1
190 195 1
194 195 1
195 195 1
197 195 1
198 195 1
199 195 1
200 195 1
201 195 1
204 195 1
205 195 1
206 195 1
207 195 1
208 195 1
209 195 1
210 195 1
212 195 1
193 196 1
194 196 1
196 196 1
198 196 1
199 196 1
200 196 1
201 196 1
204 196 1
212 196 1
213 196 1
215 196 1
193 197 1
194 197 1
196 197 1
197 197 1
198 197 1
201 197 1
206 197 1
193 198 1
194 198 1
197 199 1
199 199 1
215 199 1
287 134 2
288 134 2
289 134 2
290 134 2
291 134 2
292 134 2
293 134 2
284 135 2
285 135 2
286 135 2
287 135 2
288 135 2
289 135 2
290 135 2
291 135 2
292 135 2
293 135 2
294 135 2
295 135 2
296 135 2
284 136 2
285 136 2
286 136 2
289 136 2
290 136 2
291 136 2
292 136 2
293 136 2
294 136 2
295 136 2
296 136 2
297 136 2
298 136 2
299 136 2
284 137 2
285 137 2
292 137 2
293 137 2
294 137 2
295 137 2
296 137 2
297 137 2
298 137 2
299 137 2
300 137 2
301 137 2
302 137 2
303 137 2
296 138 2
298 138 2
299 138 2
300 138 2
301 138 2
302 138 2
303 138 2
304 138 2
305 138 2
306 138 2
307 138 2
308 138 2
309 138 2
310 138 2
311 138 2
299 139 2
300 139 2
302 139 2
303 139 2
304 139 2
305 139 2
306 139 2
307 139 2
308 139 2
309 139 2
310 139 2
311 139 2
312 139 2
313 139 2
314 139 2
315 139 2
320 139 2
321 139 2
322 139 2
323 139 2
324 139 2
326 139 2
327 139 2
328 139 2
302 140 2
303 140 2
304 140 2
305 140 2
306 140 2
307 140 2
308 140 2
309 140 2
310 140 2
311 140 2
312 140 2
313 140 2
314 140 2
315 140 2
316 140 2
317 140 2
318 140 2
319 140 2
320 140 2
321 140 2
322 140 2
323 140 2
324 140 2
325 140 2
326 140 2
327 140 2
328 140 2
329 140 2
330 140 2
331 140 2
332 140 2
343 140 2
308 141 2
309 141 2
310 141 2
311 141 2
312 141 2
313 141 2
314 141 2
315 141 2
316 141 2
317 141 2
318 141 2
319 141 2
320 141 2
321 141 2
322 141 2
323 141 2
324 141 2
325 141 2
326 141 2
327 141 2
328 141 2
329 141 2
330 141 2
331 141 2
332 141 2
333 141 2
340 141 2
341 141 2
342 141 2
343 141 2
344 141 2
312 142 2
313 142 2
314 142 2
316 142 2
317 142 2
318 142 2
319 142 2
320 142 2
321 142 2
322 142 2
323 142 2
324 142 2
325 142 2
327 142 2
329 142 2
330 142 2
331 142 2
332 142 2
333 142 2
334 142 2
340 142 2
341 142 2
342 142 2
343 142 2
315 143 2
316 143 2
333 143 2
334 143 2
335 143 2
336 143 2
337 143 2
338 143 2
339 143 2
340 143 2
341 143 2
342 143 2
316 144 2
336 144 2
337 144 2
338 144 2
339 144 2
340 144 2
341 144 2
342 144 2
343 144 2
315 145 2
337 145 2
338 145 2
339 145 2
340 145 2
341 145 2
342 145 2
343 145 2
342 149 2
281 163 2
283 163 2
283 164 2
285 164 2
287 164 2
285 165 2
286 165 2
287 165 2
288 165 2
289 165 2
290 165 2
291 165 2
289 166 2
290 166 2
291 166 2
292 166 2
293 166 2
294 166 2
295 166 2
296 166 2
297 166 2
298 166 2
295 167 2
296 167 2
297 167 2
298 167 2
299 167 2
300 167 2
301 167 2
302 167 2
298 168 2
300 168 2
301 168 2
302 168 2
303 168 2
304 168 2
305 168 2
306 168 2
307 168 2
308 168 2
309 168 2
303 169 2
304 169 2
305 169 2
306 169 2
307 169 2
308 169 2
309 169 2
310 169 2
311 169 2
312 169 2
313 169 2
314 169 2
315 169 2
316 169 2
317 169 2
307 170 2
308 170 2
309 170 2
310 170 2
311 170 2
312 170 2
313 170 2
314 170 2
315 170 2
316 170 2
317 170 2
318 170 2
319 170 2
320 170 2
321 170 2
322 170 2
323 170 2
324 170 2
325 170 2
315 171 2
316 171 2
317 171 2
318 171 2
319 171 2
320 171 2
321 171 2
322 171 2
323 171 2
324 171 2
325 171 2
326 171 2
327 171 2
328 171 2
329 171 2
322 172 2
323 172 2
324 172 2
325 172 2
326 172 2
327 172 2
328 172 2
329 172 2
330 172 2
331 172 2
332 172 2
333 172 2
334 172 2
325 173 2
327 173 2
328 173 2
329 173 2
330 173 2
331 173 2
332 173 2
333 173 2
334 173 2
335 173 2
336 173 2
337 173 2
338 173 2
339 173 2
340 173 2
341 173 2
342 173 2
343 173 2
332 174 2
333 174 2
334 174 2
335 174 2
336 174 2
337 174 2
338 174 2
339 174 2
340 174 2
341 174 2
342 174 2
343 174 2
338 175 2
339 175 2
341 175 2
342 175 2
343 175 2
212 127 3
213 127 3
214 127 3
213 128 3
214 128 3
215 128 3
216 128 3
215 129 3
216 129 3
217 129 3
215 130 3
217 130 3
218 130 3
219 130 3
220 130 3
221 130 3
212 131 3
218 131 3
219 131 3
220 131 3
221 131 3
222 131 3
223 131 3
224 131 3
220 132 3
221 132 3
222 132 3
223 132 3
224 132 3
225 132 3
226 132 3
227 132 3
228 132 3
229 132 3
223 133 3
224 133 3
225 133 3
226 133 3
227 133 3
228 133 3
229 133 3
230 133 3
231 133 3
232 133 3
226 134 3
227 134 3
228 134 3
229 134 3
230 134 3
231 134 3
232 134 3
233 134 3
234 134 3
235 134 3
236 134 3
237 134 3
238 134 3
239 134 3
240 134 3
248 134 3
215 135 3
216 135 3
217 135 3
230 135 3
231 135 3
232 135 3
233 135 3
234 135 3
235 135 3
236 135 3
237 135 3
238 135 3
239 135 3
240 135 3
241 135 3
242 135 3
243 135 3
244 135 3
245 135 3
246 135 3
247 135 3
248 135 3
249 135 3
250 135 3
251 135 3
252 135 3
253 135 3
254 135 3
210 136 3
211 136 3
214 136 3
215 136 3
216 136 3
217 136 3
218 136 3
219 136 3
234 136 3
235 136 3
236 136 3
237 136 3
238 136 3
239 136 3
240 136 3
241 136 3
242 136 3
243 136 3
244 136 3
245 136 3
246 136 3
247 136 3
248 136 3
249 136 3
250 136 3
251 136 3
252 136 3
253 136 3
254 136 3
255 136 3
256 136 3
257 136 3
258 136 3
259 136 3
265 136 3
215 137 3
216 137 3
217 137 3
218 137 3
219 137 3
220 137 3
221 137 3
239 137 3
242 137 3
243 137 3
244 137 3
245 137 3
246 137 3
247 137 3
248 137 3
249 137 3
250 137 3
251 137 3
252 137 3
253 137 3
254 137 3
255 137 3
256 137 3
257 137 3
258 137 3
259 137 3
260 137 3
261 137 3
262 137 3
264 137 3
265 137 3
267 137 3
268 137 3
272 137 3
273 137 3
274 137 3
275 137 3
276 137 3
277 137 3
278 137 3
279 137 3
280 137 3
215 138 3
216 138 3
219 138 3
220 138 3
221 138 3
222 138 3
223 138 3
224 138 3
225 138 3
249 138 3
251 138 3
252 138 3
253 138 3
254 138 3
255 138 3
256 138 3
257 138 3
258 138 3
259 138 3
260 138 3
261 138 3
262 138 3
263 138 3
264 138 3
265 138 3
266 138 3
267 138 3
268 138 3
269 138 3
270 138 3
271 138 3
272 138 3
273 138 3
275 138 3
276 138 3
277 138 3
278 138 3
279 138 3
283 138 3
220 139 3
221 139 3
222 139 3
223 139 3
224 139 3
225 139 3
226 139 3
227 139 3
228 139 3
259 139 3
262 139 3
263 139 3
264 139 3
265 139 3
266 139 3
267 139 3
268 139 3
269 139 3
270 139 3
271 139 3
272 139 3
277 139 3
278 139 3
279 139 3
280 139 3
282 139 3
220 140 3
221 140 3
222 140 3
223 140 3
224 140 3
225 140 3
226 140 3
227 140 3
228 140 3
229 140 3
230 140 3
231 140 3
232 140 3
233 140 3
234 140 3
235 140 3
236 140 3
261 140 3
262 140 3
263 140 3
264 140 3
265 140 3
266 140 3
268 140 3
279 140 3
221 141 3
222 141 3
223 141 3
224 141 3
225 141 3
226 141 3
227 141 3
228 141 3
229 141 3
230 141 3
231 141 3
232 141 3
233 141 3
234 141 3
235 141 3
236 141 3
237 141 3
238 141 3
261 141 3
262 141 3
263 141 3
264 141 3
265 141 3
270 141 3
279 141 3
282 141 3
220 142 3
225 142 3
226 142 3
227 142 3
228 142 3
229 142 3
230 142 3
231 142 3
232 142 3
233 142 3
234 142 3
235 142 3
236 142 3
237 142 3
238 142 3
239 142 3
240 142 3
261 142 3
262 142 3
263 142 3
264 142 3
265 142 3
270 142 3
283 142 3
218 143 3
219 143 3
220 143 3
228 143 3
230 143 3
232 143 3
233 143 3
234 143 3
235 143 3
236 143 3
237 143 3
238 143 3
239 143 3
240 143 3
241 143 3
242 143 3
261 143 3
262 143 3
263 143 3
264 143 3
265 143 3
270 143 3
218 144 3
220 144 3
227 144 3
229 144 3
234 144 3
235 144 3
236 144 3
237 144 3
238 144 3
239 144 3
240 144 3
241 144 3
242 144 3
243 144 3
244 144 3
260 144 3
261 144 3
262 144 3
263 144 3
264 144 3
237 145 3
238 145 3
241 145 3
242 145 3
243 145 3
244 145 3
245 145 3
246 145 3
260 145 3
261 145 3
262 145 3
263 145 3
242 146 3
243 146 3
244 146 3
245 146 3
246 146 3
247 146 3
248 146 3
249 146 3
250 146 3
260 146 3
261 146 3
262 146 3
241 147 3
244 147 3
245 147 3
246 147 3
247 147 3
248 147 3
249 147 3
250 147 3
252 147 3
260 147 3
261 147 3
262 147 3
247 148 3
249 148 3
250 148 3
251 148 3
252 148 3
253 148 3
254 148 3
260 148 3
261 148 3
262 148 3
263 148 3
264 148 3
267 148 3
268 148 3
244 149 3
249 149 3
251 149 3
252 149 3
253 149 3
254 149 3
256 149 3
260 149 3
261 149 3
262 149 3
266 149 3
267 149 3
268 149 3
269 149 3
271 149 3
249 150 3
251 150 3
252 150 3
253 150 3
254 150 3
256 150 3
257 150 3
258 150 3
259 150 3
260 150 3
261 150 3
262 150 3
263 150 3
264 150 3
268 150 3
221 151 3
223 151 3
250 151 3
255 151 3
256 151 3
257 151 3
259 151 3
260 151 3
261 151 3
262 151 3
263 151 3
271 151 3
272 151 3
278 151 3
221 152 3
225 152 3
229 152 3
258 152 3
259 152 3
260 152 3
261 152 3
262 152 3
254 153 3
255 153 3
256 153 3
261 153 3
262 155 3
263 155 3
267 160 3
270 161 3
271 161 3
272 161 3
269 162 3
270 162 3
272 162 3
273 162 3
274 162 3
270 163 3
273 163 3
273 164 3
275 164 3
276 164 3
