146 107 0
147 107 0
148 107 0
149 107 0
150 107 0
159 107 0
161 107 0
162 107 0
143 108 0
144 108 0
145 108 0
146 108 0
147 108 0
148 108 0
149 108 0
150 108 0
151 108 0
152 108 0
153 108 0
154 108 0
155 108 0
156 108 0
157 108 0
159 108 0
161 108 0
164 108 0
141 109 0
142 109 0
143 109 0
144 109 0
145 109 0
146 109 0
147 109 0
148 109 0
149 109 0
150 109 0
151 109 0
152 109 0
153 109 0
154 109 0
155 109 0
156 109 0
157 109 0
158 109 0
159 109 0
161 109 0
140 110 0
141 110 0
142 110 0
143 110 0
144 110 0
145 110 0
146 110 0
147 110 0
148 110 0
149 110 0
150 110 0
151 110 0
153 110 0
154 110 0
155 110 0
156 110 0
157 110 0
158 110 0
159 110 0
160 110 0
161 110 0
138 111 0
139 111 0
140 111 0
141 111 0
142 111 0
143 111 0
144 111 0
145 111 0
146 111 0
148 111 0
149 111 0
154 111 0
155 111 0
156 111 0
157 111 0
159 111 0
160 111 0
161 111 0
162 111 0
163 111 0
164 111 0
136 112 0
137 112 0
138 112 0
139 112 0
140 112 0
141 112 0
142 112 0
143 112 0
144 112 0
145 112 0
146 112 0
148 112 0
149 112 0
150 112 0
152 112 0
153 112 0
154 112 0
160 112 0
161 112 0
162 112 0
163 112 0
164 112 0
165 112 0
166 112 0
167 112 0
135 113 0
136 113 0
137 113 0
138 113 0
139 113 0
140 113 0
141 113 0
142 113 0
143 113 0
144 113 0
145 113 0
147 113 0
148 113 0
149 113 0
150 113 0
151 113 0
153 113 0
156 113 0
161 113 0
162 113 0
164 113 0
165 113 0
166 113 0
167 113 0
168 113 0
169 113 0
134 114 0
135 114 0
136 114 0
137 114 0
138 114 0
139 114 0
140 114 0
141 114 0
142 114 0
143 114 0
144 114 0
145 114 0
147 114 0
148 114 0
149 114 0
150 114 0
152 114 0
154 114 0
162 114 0
170 114 0
133 115 0
134 115 0
135 115 0
136 115 0
137 115 0
138 115 0
139 115 0
140 115 0
141 115 0
142 115 0
143 115 0
145 115 0
147 115 0
149 115 0
151 115 0
152 115 0
154 115 0
155 115 0
156 115 0
157 115 0
160 115 0
162 115 0
163 115 0
164 115 0
167 115 0
170 115 0
132 116 0
133 116 0
134 116 0
135 116 0
136 116 0
137 116 0
138 116 0
139 116 0
140 116 0
141 116 0
142 116 0
144 116 0
145 116 0
146 116 0
147 116 0
150 116 0
151 116 0
152 116 0
155 116 0
156 116 0
157 116 0
158 116 0
159 116 0
163 116 0
132 117 0
133 117 0
134 117 0
135 117 0
136 117 0
137 117 0
138 117 0
139 117 0
140 117 0
141 117 0
144 117 0
145 117 0
146 117 0
147 117 0
149 117 0
151 117 0
152 117 0
158 117 0
161 117 0
164 117 0
131 118 0
132 118 0
133 118 0
134 118 0
135 118 0
136 118 0
137 118 0
138 118 0
139 118 0
140 118 0
141 118 0
142 118 0
144 118 0
145 118 0
146 118 0
147 118 0
148 118 0
151 118 0
152 118 0
153 118 0
158 118 0
160 118 0
161 118 0
130 119 0
131 119 0
132 119 0
133 119 0
134 119 0
135 119 0
136 119 0
137 119 0
138 119 0
139 119 0
140 119 0
141 119 0
142 119 0
143 119 0
145 119 0
146 119 0
147 119 0
148 119 0
149 119 0
151 119 0
152 119 0
163 119 0
129 120 0
130 120 0
131 120 0
132 120 0
133 120 0
134 120 0
135 120 0
136 120 0
137 120 0
138 120 0
139 120 0
141 120 0
142 120 0
143 120 0
144 120 0
145 120 0
146 120 0
147 120 0
149 120 0
166 120 0
168 120 0
173 120 0
129 121 0
130 121 0
131 121 0
132 121 0
133 121 0
134 121 0
135 121 0
136 121 0
137 121 0
138 121 0
139 121 0
140 121 0
141 121 0
142 121 0
143 121 0
144 121 0
145 121 0
147 121 0
174 121 0
128 122 0
129 122 0
130 122 0
131 122 0
132 122 0
133 122 0
134 122 0
135 122 0
136 122 0
137 122 0
138 122 0
140 122 0
141 122 0
143 122 0
146 122 0
147 122 0
175 122 0
179 122 0
128 123 0
129 123 0
130 123 0
131 123 0
132 123 0
133 123 0
134 123 0
135 123 0
136 123 0
137 123 0
139 123 0
141 123 0
142 123 0
143 123 0
146 123 0
149 123 0
150 123 0
173 123 0
127 124 0
128 124 0
129 124 0
130 124 0
131 124 0
132 124 0
133 124 0
134 124 0
135 124 0
136 124 0
137 124 0
139 124 0
140 124 0
142 124 0
144 124 0
159 124 0
175 124 0
178 124 0
179 124 0
127 125 0
128 125 0
129 125 0
130 125 0
131 125 0
132 125 0
133 125 0
134 125 0
135 125 0
136 125 0
137 125 0
138 125 0
139 125 0
140 125 0
142 125 0
143 125 0
144 125 0
146 125 0
153 125 0
155 125 0
156 125 0
157 125 0
158 125 0
179 125 0
126 126 0
127 126 0
128 126 0
129 126 0
130 126 0
131 126 0
132 126 0
133 126 0
134 126 0
135 126 0
138 126 0
139 126 0
140 126 0
143 126 0
152 126 0
153 126 0
154 126 0
155 126 0
156 126 0
178 126 0
179 126 0
183 126 0
126 127 0
127 127 0
128 127 0
129 127 0
130 127 0
131 127 0
132 127 0
133 127 0
134 127 0
135 127 0
136 127 0
137 127 0
138 127 0
140 127 0
142 127 0
151 127 0
152 127 0
153 127 0
154 127 0
155 127 0
156 127 0
157 127 0
183 127 0
126 128 0
127 128 0
128 128 0
129 128 0
130 128 0
132 128 0
133 128 0
134 128 0
136 128 0
138 128 0
139 128 0
141 128 0
142 128 0
143 128 0
149 128 0
150 128 0
151 128 0
152 128 0
153 128 0
154 128 0
155 128 0
156 128 0
157 128 0
184 128 0
125 129 0
126 129 0
127 129 0
128 129 0
129 129 0
130 129 0
131 129 0
132 129 0
136 129 0
139 129 0
141 129 0
149 129 0
150 129 0
151 129 0
152 129 0
153 129 0
154 129 0
155 129 0
157 129 0
158 129 0
184 129 0
185 129 0
186 129 0
125 130 0
126 130 0
127 130 0
128 130 0
129 130 0
130 130 0
131 130 0
132 130 0
134 130 0
135 130 0
136 130 0
137 130 0
147 130 0
148 130 0
149 130 0
150 130 0
151 130 0
152 130 0
153 130 0
154 130 0
155 130 0
156 130 0
164 130 0
183 130 0
184 130 0
185 130 0
186 130 0
187 130 0
188 130 0
125 131 0
126 131 0
127 131 0
128 131 0
129 131 0
130 131 0
131 131 0
132 131 0
133 131 0
134 131 0
135 131 0
137 131 0
139 131 0
147 131 0
148 131 0
149 131 0
150 131 0
151 131 0
152 131 0
153 131 0
154 131 0
155 131 0
185 131 0
186 131 0
187 131 0
124 132 0
125 132 0
126 132 0
127 132 0
128 132 0
129 132 0
130 132 0
131 132 0
132 132 0
138 132 0
140 132 0
147 132 0
148 132 0
149 132 0
150 132 0
151 132 0
152 132 0
154 132 0
185 132 0
186 132 0
187 132 0
124 133 0
125 133 0
126 133 0
127 133 0
128 133 0
129 133 0
130 133 0
131 133 0
132 133 0
135 133 0
136 133 0
137 133 0
138 133 0
139 133 0
146 133 0
147 133 0
148 133 0
149 133 0
150 133 0
151 133 0
162 133 0
164 133 0
185 133 0
186 133 0
187 133 0
188 133 0
189 133 0
123 134 0
124 134 0
125 134 0
126 134 0
132 134 0
134 134 0
135 134 0
136 134 0
137 134 0
145 134 0
146 134 0
147 134 0
148 134 0
149 134 0
150 134 0
151 134 0
163 134 0
164 134 0
185 134 0
186 134 0
187 134 0
123 135 0
124 135 0
125 135 0
126 135 0
127 135 0
131 135 0
132 135 0
133 135 0
134 135 0
136 135 0
137 135 0
144 135 0
145 135 0
146 135 0
147 135 0
148 135 0
149 135 0
150 135 0
151 135 0
163 135 0
185 135 0
186 135 0
187 135 0
190 135 0
123 136 0
124 136 0
125 136 0
126 136 0
127 136 0
130 136 0
131 136 0
133 136 0
134 136 0
138 136 0
141 136 0
142 136 0
143 136 0
144 136 0
145 136 0
146 136 0
147 136 0
148 136 0
149 136 0
163 136 0
164 136 0
165 136 0
166 136 0
185 136 0
186 136 0
187 136 0
188 136 0
189 136 0
122 137 0
123 137 0
124 137 0
125 137 0
126 137 0
127 137 0
129 137 0
130 137 0
132 137 0
133 137 0
137 137 0
140 137 0
141 137 0
142 137 0
143 137 0
144 137 0
145 137 0
146 137 0
147 137 0
148 137 0
164 137 0
165 137 0
166 137 0
185 137 0
186 137 0
187 137 0
188 137 0
122 138 0
123 138 0
124 138 0
125 138 0
129 138 0
133 138 0
135 138 0
136 138 0
139 138 0
140 138 0
141 138 0
142 138 0
143 138 0
144 138 0
145 138 0
146 138 0
147 138 0
148 138 0
164 138 0
165 138 0
166 138 0
184 138 0
185 138 0
186 138 0
187 138 0
188 138 0
122 139 0
123 139 0
124 139 0
125 139 0
127 139 0
129 139 0
132 139 0
135 139 0
136 139 0
139 139 0
140 139 0
141 139 0
142 139 0
143 139 0
144 139 0
145 139 0
146 139 0
147 139 0
159 139 0
164 139 0
165 139 0
185 139 0
186 139 0
187 139 0
188 139 0
122 140 0
123 140 0
124 140 0
125 140 0
126 140 0
127 140 0
128 140 0
129 140 0
133 140 0
138 140 0
139 140 0
140 140 0
141 140 0
142 140 0
143 140 0
144 140 0
145 140 0
146 140 0
147 140 0
148 140 0
163 140 0
164 140 0
165 140 0
166 140 0
185 140 0
186 140 0
187 140 0
188 140 0
121 141 0
122 141 0
123 141 0
124 141 0
125 141 0
127 141 0
132 141 0
133 141 0
137 141 0
138 141 0
139 141 0
140 141 0
141 141 0
142 141 0
143 141 0
144 141 0
145 141 0
147 141 0
163 141 0
164 141 0
165 141 0
166 141 0
167 141 0
184 141 0
185 141 0
186 141 0
187 141 0
188 141 0
121 142 0
122 142 0
123 142 0
124 142 0
126 142 0
127 142 0
131 142 0
133 142 0
137 142 0
138 142 0
139 142 0
140 142 0
141 142 0
142 142 0
143 142 0
144 142 0
145 142 0
163 142 0
164 142 0
165 142 0
166 142 0
167 142 0
184 142 0
185 142 0
186 142 0
187 142 0
188 142 0
121 143 0
122 143 0
123 143 0
126 143 0
127 143 0
129 143 0
130 143 0
131 143 0
137 143 0
138 143 0
139 143 0
140 143 0
141 143 0
142 143 0
143 143 0
144 143 0
145 143 0
147 143 0
163 143 0
164 143 0
165 143 0
166 143 0
167 143 0
184 143 0
185 143 0
186 143 0
187 143 0
188 143 0
121 144 0
122 144 0
123 144 0
127 144 0
134 144 0
137 144 0
138 144 0
139 144 0
140 144 0
141 144 0
142 144 0
143 144 0
144 144 0
147 144 0
163 144 0
164 144 0
165 144 0
166 144 0
184 144 0
185 144 0
186 144 0
187 144 0
189 144 0
121 145 0
122 145 0
136 145 0
137 145 0
138 145 0
139 145 0
140 145 0
141 145 0
142 145 0
143 145 0
144 145 0
163 145 0
164 145 0
165 145 0
166 145 0
184 145 0
185 145 0
186 145 0
187 145 0
120 146 0
121 146 0
122 146 0
127 146 0
128 146 0
129 146 0
132 146 0
133 146 0
136 146 0
137 146 0
138 146 0
139 146 0
140 146 0
141 146 0
142 146 0
163 146 0
164 146 0
165 146 0
166 146 0
167 146 0
184 146 0
185 146 0
186 146 0
187 146 0
120 147 0
121 147 0
122 147 0
136 147 0
137 147 0
138 147 0
139 147 0
140 147 0
141 147 0
142 147 0
145 147 0
162 147 0
163 147 0
164 147 0
184 147 0
185 147 0
120 148 0
121 148 0
131 148 0
132 148 0
136 148 0
137 148 0
138 148 0
139 148 0
140 148 0
141 148 0
161 148 0
162 148 0
163 148 0
164 148 0
183 148 0
184 148 0
186 148 0
120 149 0
121 149 0
136 149 0
137 149 0
139 149 0
140 149 0
141 149 0
160 149 0
161 149 0
162 149 0
163 149 0
164 149 0
183 149 0
184 149 0
185 149 0
120 150 0
121 150 0
132 150 0
135 150 0
136 150 0
137 150 0
138 150 0
139 150 0
159 150 0
160 150 0
161 150 0
162 150 0
183 150 0
185 150 0
186 150 0
136 151 0
137 151 0
143 151 0
159 151 0
160 151 0
161 151 0
162 151 0
165 151 0
183 151 0
132 152 0
136 152 0
137 152 0
158 152 0
159 152 0
160 152 0
161 152 0
162 152 0
163 152 0
165 152 0
182 152 0
183 152 0
184 152 0
185 152 0
128 153 0
138 153 0
157 153 0
158 153 0
159 153 0
160 153 0
161 153 0
162 153 0
163 153 0
166 153 0
183 153 0
184 153 0
131 154 0
135 154 0
137 154 0
156 154 0
157 154 0
158 154 0
159 154 0
162 154 0
182 154 0
131 155 0
132 155 0
135 155 0
137 155 0
156 155 0
157 155 0
158 155 0
159 155 0
161 155 0
154 156 0
155 156 0
156 156 0
157 156 0
158 156 0
154 157 0
155 157 0
156 157 0
157 157 0
158 157 0
153 158 0
154 158 0
155 158 0
156 158 0
157 158 0
180 158 0
153 159 0
154 159 0
155 159 0
156 159 0
152 160 0
153 160 0
154 160 0
151 161 0
152 161 0
153 161 0
154 161 0
149 162 0
150 162 0
151 162 0
152 162 0
153 162 0
154 162 0
179 162 0
180 162 0
147 163 0
148 163 0
149 163 0
150 163 0
151 163 0
152 163 0
153 163 0
154 163 0
177 163 0
178 163 0
179 163 0
148 164 0
149 164 0
151 164 0
152 164 0
153 164 0
143 165 0
148 165 0
149 165 0
150 165 0
151 165 0
178 165 0
179 165 0
142 166 0
145 166 0
149 166 0
150 166 0
142 167 0
148 167 0
149 167 0
150 167 0
145 168 0
149 168 0
150 168 0
145 169 0
150 169 0
147 170 0
150 170 0
151 171 0
270 125 1
268 126 1
269 126 1
270 126 1
272 126 1
273 126 1
275 126 1
282 126 1
286 126 1
287 126 1
288 126 1
289 126 1
270 127 1
271 127 1
272 127 1
273 127 1
274 127 1
275 127 1
282 127 1
284 127 1
285 127 1
286 127 1
287 127 1
288 127 1
289 127 1
290 127 1
271 128 1
272 128 1
273 128 1
274 128 1
275 128 1
276 128 1
277 128 1
278 128 1
279 128 1
280 128 1
282 128 1
286 128 1
287 128 1
288 128 1
289 128 1
290 128 1
291 128 1
292 128 1
293 128 1
269 129 1
277 129 1
287 129 1
288 129 1
289 129 1
290 129 1
291 129 1
292 129 1
293 129 1
294 129 1
295 129 1
288 130 1
290 130 1
291 130 1
292 130 1
293 130 1
294 130 1
295 130 1
296 130 1
297 130 1
298 130 1
299 130 1
304 130 1
305 130 1
306 130 1
307 130 1
308 130 1
292 131 1
293 131 1
294 131 1
295 131 1
296 131 1
297 131 1
298 131 1
299 131 1
300 131 1
301 131 1
302 131 1
303 131 1
304 131 1
305 131 1
306 131 1
307 131 1
308 131 1
309 131 1
310 131 1
311 131 1
314 131 1
315 131 1
316 131 1
317 131 1
318 131 1
319 131 1
292 132 1
293 132 1
294 132 1
295 132 1
297 132 1
298 132 1
299 132 1
300 132 1
301 132 1
302 132 1
303 132 1
304 132 1
305 132 1
306 132 1
307 132 1
308 132 1
309 132 1
310 132 1
311 132 1
312 132 1
313 132 1
314 132 1
315 132 1
316 132 1
317 132 1
318 132 1
319 132 1
320 132 1
321 132 1
322 132 1
323 132 1
295 133 1
298 133 1
300 133 1
302 133 1
303 133 1
304 133 1
305 133 1
306 133 1
307 133 1
308 133 1
309 133 1
310 133 1
311 133 1
312 133 1
313 133 1
314 133 1
315 133 1
316 133 1
317 133 1
318 133 1
319 133 1
320 133 1
321 133 1
322 133 1
323 133 1
324 133 1
325 133 1
326 133 1
298 134 1
309 134 1
310 134 1
311 134 1
312 134 1
313 134 1
314 134 1
315 134 1
316 134 1
317 134 1
318 134 1
319 134 1
320 134 1
321 134 1
322 134 1
323 134 1
324 134 1
325 134 1
326 134 1
327 134 1
328 134 1
270 135 1
313 135 1
314 135 1
319 135 1
321 135 1
322 135 1
323 135 1
324 135 1
325 135 1
326 135 1
327 135 1
328 135 1
329 135 1
339 135 1
340 135 1
341 135 1
342 135 1
327 136 1
328 136 1
329 136 1
330 136 1
331 136 1
332 136 1
333 136 1
334 136 1
335 136 1
336 136 1
337 136 1
338 136 1
339 136 1
340 136 1
342 136 1
311 137 1
330 137 1
331 137 1
332 137 1
333 137 1
334 137 1
335 137 1
336 137 1
337 137 1
338 137 1
339 137 1
330 138 1
331 138 1
332 138 1
333 138 1
335 138 1
336 138 1
337 138 1
336 139 1
336 142 1
270 145 1
283 147 1
270 152 1
271 152 1
272 152 1
271 153 1
272 153 1
273 153 1
272 154 1
273 154 1
274 154 1
275 154 1
276 154 1
277 154 1
276 155 1
277 155 1
278 155 1
279 155 1
280 155 1
278 156 1
279 156 1
280 156 1
281 156 1
282 156 1
281 157 1
282 157 1
283 157 1
284 157 1
285 157 1
285 158 1
286 158 1
287 158 1
288 158 1
289 158 1
290 158 1
288 159 1
289 159 1
290 159 1
291 159 1
292 159 1
293 159 1
293 160 1
294 160 1
295 160 1
296 160 1
297 160 1
298 160 1
299 160 1
300 160 1
296 161 1
297 161 1
298 161 1
299 161 1
300 161 1
301 161 1
302 161 1
303 161 1
304 161 1
305 161 1
299 162 1
301 162 1
302 162 1
303 162 1
304 162 1
305 162 1
306 162 1
307 162 1
308 162 1
309 162 1
310 162 1
311 162 1
312 162 1
313 162 1
304 163 1
306 163 1
307 163 1
308 163 1
309 163 1
310 163 1
311 163 1
312 163 1
313 163 1
314 163 1
315 163 1
316 163 1
317 163 1
318 163 1
319 163 1
310 164 1
311 164 1
312 164 1
313 164 1
314 164 1
315 164 1
316 164 1
317 164 1
318 164 1
319 164 1
320 164 1
321 164 1
322 164 1
323 164 1
324 164 1
318 165 1
319 165 1
320 165 1
321 165 1
322 165 1
323 165 1
324 165 1
325 165 1
326 165 1
327 165 1
328 165 1
329 165 1
330 165 1
324 166 1
325 166 1
326 166 1
327 166 1
328 166 1
329 166 1
330 166 1
331 166 1
332 166 1
333 166 1
334 166 1
336 166 1
325 167 1
328 167 1
329 167 1
330 167 1
331 167 1
332 167 1
333 167 1
334 167 1
335 167 1
336 167 1
337 167 1
338 167 1
339 167 1
340 167 1
342 167 1
331 168 1
332 168 1
333 168 1
334 168 1
335 168 1
336 168 1
337 168 1
338 168 1
339 168 1
340 168 1
341 168 1
342 168 1
343 168 1
334 169 1
340 169 1
341 169 1
342 169 1
343 169 1
343 170 1
122 149 2
121 151 2
121 152 2
121 153 2
142 153 2
121 154 2
126 155 2
144 156 2
141 157 2
144 157 2
139 158 2
141 158 2
131 159 2
139 159 2
141 159 2
142 159 2
143 159 2
137 160 2
138 160 2
141 160 2
142 160 2
163 160 2
164 160 2
137 161 2
138 161 2
139 161 2
140 161 2
136 162 2
137 162 2
138 162 2
143 162 2
162 162 2
163 162 2
132 163 2
137 163 2
138 163 2
140 163 2
141 163 2
142 163 2
143 163 2
162 163 2
163 163 2
132 164 2
133 164 2
134 164 2
137 164 2
138 164 2
139 164 2
140 164 2
162 164 2
163 164 2
164 164 2
132 165 2
137 165 2
138 165 2
140 165 2
162 165 2
163 165 2
164 165 2
138 166 2
140 166 2
161 166 2
162 166 2
163 166 2
164 166 2
137 167 2
161 167 2
162 167 2
163 167 2
164 167 2
165 167 2
161 168 2
162 168 2
163 168 2
164 168 2
161 169 2
162 169 2
163 169 2
164 169 2
167 169 2
160 170 2
161 170 2
162 170 2
163 170 2
160 171 2
161 171 2
162 171 2
163 171 2
159 172 2
160 172 2
161 172 2
162 172 2
163 172 2
159 173 2
160 173 2
161 173 2
162 173 2
180 173 2
182 173 2
183 173 2
159 174 2
160 174 2
161 174 2
162 174 2
164 174 2
166 174 2
179 174 2
180 174 2
182 174 2
183 174 2
184 174 2
186 174 2
188 174 2
159 175 2
160 175 2
161 175 2
162 175 2
169 175 2
178 175 2
179 175 2
180 175 2
181 175 2
182 175 2
159 176 2
160 176 2
161 176 2
162 176 2
163 176 2
164 176 2
165 176 2
168 176 2
169 176 2
177 176 2
178 176 2
179 176 2
180 176 2
181 176 2
184 176 2
158 177 2
159 177 2
160 177 2
161 177 2
162 177 2
163 177 2
164 177 2
165 177 2
166 177 2
169 177 2
172 177 2
176 177 2
177 177 2
178 177 2
179 177 2
180 177 2
181 177 2
182 177 2
183 177 2
184 177 2
186 177 2
189 177 2
158 178 2
160 178 2
161 178 2
162 178 2
163 178 2
164 178 2
165 178 2
169 178 2
175 178 2
176 178 2
177 178 2
178 178 2
179 178 2
180 178 2
181 178 2
182 178 2
183 178 2
185 178 2
191 178 2
160 179 2
161 179 2
162 179 2
174 179 2
175 179 2
176 179 2
177 179 2
178 179 2
179 179 2
180 179 2
181 179 2
182 179 2
183 179 2
184 179 2
185 179 2
195 179 2
162 180 2
163 180 2
164 180 2
165 180 2
166 180 2
171 180 2
172 180 2
173 180 2
174 180 2
175 180 2
176 180 2
177 180 2
178 180 2
179 180 2
181 180 2
182 180 2
183 180 2
184 180 2
185 180 2
162 181 2
163 181 2
164 181 2
165 181 2
166 181 2
167 181 2
168 181 2
169 181 2
170 181 2
171 181 2
172 181 2
173 181 2
174 181 2
175 181 2
176 181 2
177 181 2
178 181 2
179 181 2
180 181 2
181 181 2
182 181 2
183 181 2
184 181 2
186 181 2
187 181 2
166 182 2
168 182 2
169 182 2
170 182 2
171 182 2
172 182 2
173 182 2
174 182 2
175 182 2
176 182 2
177 182 2
178 182 2
179 182 2
180 182 2
181 182 2
182 182 2
183 182 2
186 182 2
188 182 2
168 183 2
169 183 2
170 183 2
171 183 2
172 183 2
173 183 2
174 183 2
175 183 2
176 183 2
177 183 2
178 183 2
179 183 2
180 183 2
181 183 2
183 183 2
169 184 2
173 184 2
174 184 2
175 184 2
177 184 2
178 184 2
179 184 2
180 184 2
181 184 2
182 184 2
183 184 2
176 185 2
178 185 2
180 185 2
183 185 2
184 186 2
183 188 2
210 115 3
211 115 3
209 116 3
210 116 3
211 116 3
212 116 3
205 117 3
210 117 3
211 117 3
212 117 3
213 117 3
214 117 3
204 118 3
205 118 3
208 118 3
212 118 3
213 118 3
214 118 3
215 118 3
216 118 3
209 119 3
210 119 3
211 119 3
213 119 3
214 119 3
215 119 3
216 119 3
217 119 3
218 119 3
209 120 3
210 120 3
211 120 3
216 120 3
217 120 3
218 120 3
219 120 3
220 120 3
221 120 3
222 120 3
223 120 3
206 121 3
209 121 3
210 121 3
218 121 3
219 121 3
220 121 3
221 121 3
222 121 3
223 121 3
224 121 3
225 121 3
221 122 3
222 122 3
223 122 3
224 122 3
225 122 3
226 122 3
227 122 3
228 122 3
225 123 3
227 123 3
228 123 3
229 123 3
230 123 3
231 123 3
232 123 3
211 124 3
212 124 3
213 124 3
214 124 3
227 124 3
228 124 3
229 124 3
230 124 3
231 124 3
232 124 3
233 124 3
234 124 3
235 124 3
236 124 3
237 124 3
238 124 3
239 124 3
240 124 3
241 124 3
242 124 3
243 124 3
212 125 3
213 125 3
214 125 3
215 125 3
216 125 3
217 125 3
231 125 3
232 125 3
233 125 3
234 125 3
235 125 3
236 125 3
237 125 3
238 125 3
239 125 3
240 125 3
241 125 3
242 125 3
243 125 3
244 125 3
245 125 3
246 125 3
247 125 3
248 125 3
249 125 3
250 125 3
251 125 3
214 126 3
215 126 3
216 126 3
217 126 3
218 126 3
219 126 3
238 126 3
239 126 3
240 126 3
241 126 3
242 126 3
243 126 3
244 126 3
245 126 3
246 126 3
247 126 3
248 126 3
249 126 3
250 126 3
251 126 3
252 126 3
253 126 3
254 126 3
255 126 3
256 126 3
216 127 3
217 127 3
218 127 3
219 127 3
220 127 3
221 127 3
222 127 3
223 127 3
224 127 3
245 127 3
247 127 3
248 127 3
249 127 3
250 127 3
251 127 3
252 127 3
253 127 3
254 127 3
255 127 3
256 127 3
257 127 3
258 127 3
259 127 3
260 127 3
265 127 3
218 128 3
219 128 3
220 128 3
221 128 3
222 128 3
223 128 3
224 128 3
225 128 3
226 128 3
227 128 3
251 128 3
252 128 3
253 128 3
254 128 3
255 128 3
256 128 3
257 128 3
258 128 3
259 128 3
260 128 3
261 128 3
264 128 3
218 129 3
219 129 3
220 129 3
221 129 3
222 129 3
223 129 3
224 129 3
225 129 3
226 129 3
227 129 3
228 129 3
229 129 3
230 129 3
231 129 3
256 129 3
257 129 3
258 129 3
259 129 3
260 129 3
261 129 3
262 129 3
263 129 3
264 129 3
265 129 3
266 129 3
267 129 3
269 129 3
219 130 3
221 130 3
223 130 3
224 130 3
225 130 3
226 130 3
227 130 3
228 130 3
229 130 3
230 130 3
231 130 3
232 130 3
233 130 3
234 130 3
235 130 3
259 130 3
260 130 3
261 130 3
262 130 3
263 130 3
264 130 3
265 130 3
266 130 3
267 130 3
222 131 3
223 131 3
224 131 3
225 131 3
226 131 3
227 131 3
228 131 3
229 131 3
230 131 3
231 131 3
232 131 3
233 131 3
234 131 3
235 131 3
236 131 3
237 131 3
258 131 3
259 131 3
260 131 3
261 131 3
262 131 3
266 131 3
227 132 3
228 132 3
230 132 3
232 132 3
233 132 3
234 132 3
235 132 3
236 132 3
237 132 3
238 132 3
239 132 3
258 132 3
259 132 3
260 132 3
261 132 3
230 133 3
232 133 3
233 133 3
234 133 3
235 133 3
236 133 3
237 133 3
239 133 3
240 133 3
241 133 3
242 133 3
258 133 3
259 133 3
232 134 3
237 134 3
238 134 3
240 134 3
241 134 3
242 134 3
243 134 3
244 134 3
257 134 3
258 134 3
259 134 3
260 134 3
261 134 3
239 135 3
240 135 3
241 135 3
242 135 3
243 135 3
244 135 3
247 135 3
257 135 3
258 135 3
259 135 3
260 135 3
242 136 3
243 136 3
244 136 3
245 136 3
246 136 3
247 136 3
257 136 3
258 136 3
259 136 3
245 137 3
246 137 3
247 137 3
248 137 3
249 137 3
250 137 3
251 137 3
252 137 3
257 137 3
258 137 3
259 137 3
261 137 3
241 138 3
247 138 3
249 138 3
250 138 3
251 138 3
252 138 3
253 138 3
254 138 3
257 138 3
258 138 3
259 138 3
260 138 3
262 138 3
264 138 3
265 138 3
266 138 3
268 138 3
246 139 3
249 139 3
250 139 3
252 139 3
253 139 3
254 139 3
255 139 3
257 139 3
258 139 3
259 139 3
260 139 3
261 139 3
267 139 3
268 139 3
248 140 3
252 140 3
253 140 3
257 140 3
258 140 3
259 140 3
260 140 3
266 140 3
268 140 3
247 141 3
251 141 3
252 141 3
253 141 3
256 141 3
258 141 3
259 141 3
268 141 3
252 142 3
258 142 3
251 143 3
254 143 3
258 143 3
259 143 3
253 144 3
254 144 3
259 144 3
260 146 3
260 148 3
262 149 3
262 150 3
263 150 3
262 151 3
263 151 3
264 151 3
265 151 3
266 151 3
267 151 3
268 151 3
269 151 3
265 152 3
266 152 3
267 152 3
268 152 3
269 152 3
270 152 3
271 152 3
265 153 3
266 153 3
267 153 3
268 153 3
269 153 3
270 153 3
271 153 3
267 154 3
271 154 3
