136 93 0
139 95 0
142 95 0
130 96 0
141 96 0
142 96 0
143 96 0
123 97 0
124 97 0
125 97 0
126 97 0
127 97 0
145 97 0
146 97 0
121 98 0
122 98 0
123 98 0
124 98 0
125 98 0
146 98 0
147 98 0
120 99 0
121 99 0
122 99 0
123 99 0
124 99 0
145 99 0
148 99 0
117 100 0
118 100 0
119 100 0
120 100 0
121 100 0
122 100 0
123 100 0
124 100 0
125 100 0
126 100 0
127 100 0
134 100 0
135 100 0
136 100 0
137 100 0
142 100 0
143 100 0
148 100 0
149 100 0
117 101 0
118 101 0
119 101 0
120 101 0
121 101 0
122 101 0
123 101 0
124 101 0
125 101 0
126 101 0
127 101 0
128 101 0
129 101 0
130 101 0
131 101 0
133 101 0
134 101 0
135 101 0
136 101 0
137 101 0
138 101 0
140 101 0
142 101 0
143 101 0
145 101 0
116 102 0
117 102 0
118 102 0
119 102 0
121 102 0
122 102 0
123 102 0
124 102 0
125 102 0
126 102 0
127 102 0
128 102 0
129 102 0
130 102 0
131 102 0
133 102 0
134 102 0
135 102 0
136 102 0
137 102 0
138 102 0
139 102 0
140 102 0
141 102 0
143 102 0
144 102 0
145 102 0
115 103 0
116 103 0
117 103 0
118 103 0
119 103 0
120 103 0
121 103 0
122 103 0
123 103 0
124 103 0
125 103 0
126 103 0
127 103 0
128 103 0
129 103 0
130 103 0
131 103 0
133 103 0
134 103 0
136 103 0
138 103 0
143 103 0
114 104 0
115 104 0
116 104 0
117 104 0
118 104 0
119 104 0
120 104 0
121 104 0
122 104 0
123 104 0
124 104 0
125 104 0
126 104 0
127 104 0
128 104 0
129 104 0
130 104 0
131 104 0
133 104 0
135 104 0
136 104 0
142 104 0
143 104 0
113 105 0
114 105 0
115 105 0
116 105 0
117 105 0
118 105 0
119 105 0
120 105 0
121 105 0
122 105 0
123 105 0
124 105 0
125 105 0
126 105 0
127 105 0
130 105 0
133 105 0
134 105 0
113 106 0
114 106 0
115 106 0
116 106 0
117 106 0
118 106 0
119 106 0
120 106 0
121 106 0
122 106 0
123 106 0
124 106 0
125 106 0
126 106 0
127 106 0
128 106 0
129 106 0
130 106 0
144 106 0
112 107 0
113 107 0
114 107 0
115 107 0
116 107 0
117 107 0
118 107 0
119 107 0
120 107 0
121 107 0
122 107 0
123 107 0
124 107 0
125 107 0
127 107 0
128 107 0
131 107 0
132 107 0
137 107 0
111 108 0
112 108 0
113 108 0
114 108 0
115 108 0
116 108 0
117 108 0
118 108 0
119 108 0
120 108 0
121 108 0
122 108 0
123 108 0
124 108 0
125 108 0
126 108 0
127 108 0
130 108 0
131 108 0
132 108 0
154 108 0
111 109 0
112 109 0
113 109 0
114 109 0
115 109 0
116 109 0
117 109 0
118 109 0
119 109 0
120 109 0
121 109 0
122 109 0
124 109 0
125 109 0
126 109 0
130 109 0
131 109 0
132 109 0
110 110 0
111 110 0
112 110 0
113 110 0
114 110 0
115 110 0
116 110 0
117 110 0
118 110 0
119 110 0
120 110 0
121 110 0
122 110 0
123 110 0
124 110 0
125 110 0
126 110 0
155 110 0
109 111 0
110 111 0
111 111 0
112 111 0
113 111 0
114 111 0
115 111 0
116 111 0
117 111 0
118 111 0
119 111 0
120 111 0
126 111 0
127 111 0
108 112 0
109 112 0
110 112 0
111 112 0
112 112 0
113 112 0
114 112 0
115 112 0
116 112 0
117 112 0
118 112 0
119 112 0
121 112 0
125 112 0
126 112 0
129 112 0
130 112 0
159 112 0
107 113 0
108 113 0
109 113 0
110 113 0
111 113 0
112 113 0
113 113 0
114 113 0
115 113 0
116 113 0
118 113 0
119 113 0
120 113 0
121 113 0
124 113 0
126 113 0
127 113 0
129 113 0
130 113 0
132 113 0
133 113 0
159 113 0
107 114 0
108 114 0
109 114 0
110 114 0
111 114 0
112 114 0
113 114 0
114 114 0
115 114 0
116 114 0
119 114 0
120 114 0
123 114 0
124 114 0
125 114 0
126 114 0
127 114 0
132 114 0
133 114 0
134 114 0
135 114 0
136 114 0
137 114 0
160 114 0
106 115 0
107 115 0
108 115 0
109 115 0
110 115 0
111 115 0
112 115 0
113 115 0
114 115 0
115 115 0
116 115 0
117 115 0
118 115 0
119 115 0
120 115 0
121 115 0
122 115 0
124 115 0
125 115 0
127 115 0
131 115 0
132 115 0
133 115 0
134 115 0
135 115 0
136 115 0
137 115 0
152 115 0
157 115 0
162 115 0
163 115 0
106 116 0
107 116 0
108 116 0
109 116 0
110 116 0
111 116 0
112 116 0
113 116 0
114 116 0
115 116 0
116 116 0
118 116 0
119 116 0
124 116 0
125 116 0
127 116 0
130 116 0
131 116 0
132 116 0
133 116 0
134 116 0
135 116 0
136 116 0
139 116 0
152 116 0
105 117 0
106 117 0
107 117 0
108 117 0
109 117 0
110 117 0
111 117 0
113 117 0
114 117 0
115 117 0
116 117 0
118 117 0
125 117 0
129 117 0
130 117 0
131 117 0
132 117 0
133 117 0
134 117 0
136 117 0
162 117 0
163 117 0
164 117 0
105 118 0
106 118 0
107 118 0
108 118 0
109 118 0
110 118 0
111 118 0
112 118 0
113 118 0
114 118 0
116 118 0
121 118 0
123 118 0
129 118 0
130 118 0
131 118 0
132 118 0
133 118 0
134 118 0
135 118 0
136 118 0
158 118 0
162 118 0
163 118 0
164 118 0
166 118 0
105 119 0
106 119 0
107 119 0
108 119 0
109 119 0
110 119 0
112 119 0
113 119 0
114 119 0
115 119 0
116 119 0
119 119 0
120 119 0
121 119 0
129 119 0
130 119 0
131 119 0
132 119 0
133 119 0
134 119 0
135 119 0
136 119 0
137 119 0
138 119 0
163 119 0
166 119 0
104 120 0
105 120 0
106 120 0
107 120 0
108 120 0
109 120 0
110 120 0
111 120 0
114 120 0
115 120 0
116 120 0
118 120 0
119 120 0
128 120 0
129 120 0
130 120 0
131 120 0
132 120 0
133 120 0
134 120 0
135 120 0
143 120 0
162 120 0
163 120 0
164 120 0
165 120 0
104 121 0
105 121 0
106 121 0
107 121 0
108 121 0
109 121 0
110 121 0
111 121 0
112 121 0
113 121 0
114 121 0
115 121 0
116 121 0
117 121 0
118 121 0
119 121 0
120 121 0
123 121 0
125 121 0
126 121 0
127 121 0
128 121 0
129 121 0
130 121 0
131 121 0
132 121 0
133 121 0
134 121 0
143 121 0
160 121 0
162 121 0
163 121 0
164 121 0
165 121 0
104 122 0
105 122 0
106 122 0
107 122 0
110 122 0
112 122 0
113 122 0
114 122 0
115 122 0
116 122 0
117 122 0
118 122 0
119 122 0
121 122 0
122 122 0
123 122 0
124 122 0
125 122 0
126 122 0
127 122 0
128 122 0
129 122 0
130 122 0
131 122 0
132 122 0
133 122 0
134 122 0
143 122 0
144 122 0
163 122 0
164 122 0
165 122 0
166 122 0
167 122 0
103 123 0
104 123 0
105 123 0
106 123 0
107 123 0
108 123 0
112 123 0
113 123 0
114 123 0
115 123 0
116 123 0
117 123 0
118 123 0
120 123 0
121 123 0
122 123 0
123 123 0
124 123 0
125 123 0
126 123 0
127 123 0
128 123 0
129 123 0
130 123 0
131 123 0
132 123 0
143 123 0
144 123 0
163 123 0
164 123 0
165 123 0
166 123 0
167 123 0
103 124 0
104 124 0
105 124 0
107 124 0
108 124 0
110 124 0
111 124 0
112 124 0
113 124 0
114 124 0
116 124 0
117 124 0
118 124 0
119 124 0
120 124 0
121 124 0
122 124 0
123 124 0
124 124 0
125 124 0
126 124 0
127 124 0
128 124 0
129 124 0
130 124 0
143 124 0
144 124 0
145 124 0
163 124 0
164 124 0
165 124 0
166 124 0
103 125 0
104 125 0
105 125 0
106 125 0
110 125 0
111 125 0
114 125 0
118 125 0
119 125 0
120 125 0
121 125 0
122 125 0
123 125 0
124 125 0
125 125 0
126 125 0
127 125 0
128 125 0
129 125 0
130 125 0
132 125 0
144 125 0
145 125 0
164 125 0
165 125 0
166 125 0
168 125 0
103 126 0
104 126 0
105 126 0
108 126 0
109 126 0
112 126 0
113 126 0
114 126 0
117 126 0
118 126 0
119 126 0
120 126 0
121 126 0
122 126 0
123 126 0
124 126 0
125 126 0
126 126 0
127 126 0
128 126 0
129 126 0
130 126 0
143 126 0
144 126 0
145 126 0
146 126 0
164 126 0
165 126 0
166 126 0
167 126 0
103 127 0
104 127 0
105 127 0
110 127 0
111 127 0
112 127 0
118 127 0
119 127 0
120 127 0
121 127 0
122 127 0
123 127 0
124 127 0
125 127 0
126 127 0
127 127 0
128 127 0
129 127 0
130 127 0
144 127 0
145 127 0
146 127 0
164 127 0
165 127 0
166 127 0
167 127 0
103 128 0
104 128 0
105 128 0
108 128 0
110 128 0
111 128 0
112 128 0
117 128 0
118 128 0
119 128 0
120 128 0
121 128 0
122 128 0
123 128 0
124 128 0
125 128 0
126 128 0
127 128 0
144 128 0
145 128 0
164 128 0
165 128 0
166 128 0
167 128 0
103 129 0
104 129 0
105 129 0
117 129 0
118 129 0
119 129 0
120 129 0
121 129 0
122 129 0
123 129 0
124 129 0
125 129 0
126 129 0
127 129 0
128 129 0
144 129 0
145 129 0
146 129 0
147 129 0
164 129 0
165 129 0
166 129 0
167 129 0
103 130 0
104 130 0
111 130 0
116 130 0
117 130 0
118 130 0
119 130 0
120 130 0
121 130 0
122 130 0
123 130 0
124 130 0
125 130 0
126 130 0
127 130 0
143 130 0
144 130 0
145 130 0
146 130 0
147 130 0
148 130 0
163 130 0
164 130 0
165 130 0
166 130 0
167 130 0
111 131 0
117 131 0
118 131 0
119 131 0
120 131 0
121 131 0
122 131 0
123 131 0
124 131 0
125 131 0
126 131 0
130 131 0
143 131 0
144 131 0
145 131 0
146 131 0
147 131 0
163 131 0
164 131 0
165 131 0
166 131 0
167 131 0
110 132 0
116 132 0
117 132 0
118 132 0
119 132 0
120 132 0
121 132 0
122 132 0
123 132 0
124 132 0
125 132 0
143 132 0
144 132 0
145 132 0
146 132 0
149 132 0
163 132 0
164 132 0
165 132 0
166 132 0
167 132 0
110 133 0
112 133 0
116 133 0
117 133 0
118 133 0
119 133 0
120 133 0
121 133 0
122 133 0
123 133 0
125 133 0
126 133 0
127 133 0
143 133 0
144 133 0
145 133 0
146 133 0
147 133 0
163 133 0
164 133 0
165 133 0
166 133 0
167 133 0
168 133 0
116 134 0
117 134 0
118 134 0
119 134 0
120 134 0
121 134 0
122 134 0
123 134 0
124 134 0
126 134 0
134 134 0
142 134 0
143 134 0
144 134 0
145 134 0
146 134 0
147 134 0
148 134 0
149 134 0
163 134 0
164 134 0
165 134 0
166 134 0
111 135 0
112 135 0
116 135 0
117 135 0
118 135 0
121 135 0
122 135 0
126 135 0
133 135 0
142 135 0
143 135 0
144 135 0
145 135 0
146 135 0
147 135 0
162 135 0
163 135 0
164 135 0
165 135 0
166 135 0
167 135 0
114 136 0
116 136 0
117 136 0
118 136 0
121 136 0
126 136 0
141 136 0
142 136 0
143 136 0
144 136 0
145 136 0
146 136 0
162 136 0
163 136 0
164 136 0
165 136 0
166 136 0
167 136 0
116 137 0
117 137 0
118 137 0
120 137 0
121 137 0
140 137 0
141 137 0
142 137 0
143 137 0
144 137 0
145 137 0
146 137 0
149 137 0
162 137 0
163 137 0
164 137 0
165 137 0
166 137 0
115 138 0
117 138 0
118 138 0
120 138 0
123 138 0
139 138 0
140 138 0
141 138 0
142 138 0
143 138 0
144 138 0
145 138 0
146 138 0
148 138 0
149 138 0
161 138 0
162 138 0
163 138 0
164 138 0
165 138 0
115 139 0
117 139 0
118 139 0
138 139 0
139 139 0
140 139 0
141 139 0
142 139 0
143 139 0
144 139 0
145 139 0
151 139 0
161 139 0
162 139 0
163 139 0
164 139 0
165 139 0
166 139 0
113 140 0
117 140 0
118 140 0
138 140 0
139 140 0
140 140 0
141 140 0
142 140 0
143 140 0
144 140 0
145 140 0
146 140 0
147 140 0
151 140 0
161 140 0
162 140 0
163 140 0
164 140 0
165 140 0
113 141 0
118 141 0
119 141 0
137 141 0
138 141 0
139 141 0
140 141 0
141 141 0
142 141 0
143 141 0
144 141 0
145 141 0
161 141 0
162 141 0
163 141 0
164 141 0
165 141 0
166 141 0
116 142 0
118 142 0
136 142 0
137 142 0
138 142 0
139 142 0
140 142 0
141 142 0
142 142 0
143 142 0
144 142 0
145 142 0
160 142 0
161 142 0
162 142 0
163 142 0
164 142 0
116 143 0
119 143 0
135 143 0
136 143 0
137 143 0
138 143 0
139 143 0
140 143 0
141 143 0
142 143 0
143 143 0
144 143 0
146 143 0
149 143 0
150 143 0
153 143 0
159 143 0
160 143 0
161 143 0
162 143 0
163 143 0
164 143 0
133 144 0
134 144 0
135 144 0
136 144 0
137 144 0
138 144 0
139 144 0
140 144 0
141 144 0
142 144 0
143 144 0
144 144 0
146 144 0
158 144 0
159 144 0
160 144 0
161 144 0
162 144 0
163 144 0
164 144 0
115 145 0
132 145 0
133 145 0
134 145 0
135 145 0
136 145 0
137 145 0
138 145 0
139 145 0
140 145 0
141 145 0
142 145 0
143 145 0
144 145 0
148 145 0
162 145 0
163 145 0
165 145 0
166 145 0
120 146 0
121 146 0
122 146 0
131 146 0
132 146 0
133 146 0
134 146 0
135 146 0
136 146 0
137 146 0
138 146 0
139 146 0
140 146 0
141 146 0
142 146 0
159 146 0
160 146 0
161 146 0
162 146 0
163 146 0
165 146 0
115 147 0
117 147 0
118 147 0
119 147 0
120 147 0
121 147 0
122 147 0
123 147 0
124 147 0
125 147 0
126 147 0
127 147 0
128 147 0
129 147 0
130 147 0
131 147 0
132 147 0
133 147 0
134 147 0
135 147 0
136 147 0
137 147 0
138 147 0
139 147 0
140 147 0
151 147 0
159 147 0
162 147 0
163 147 0
165 147 0
115 148 0
116 148 0
117 148 0
118 148 0
119 148 0
120 148 0
123 148 0
124 148 0
125 148 0
126 148 0
127 148 0
128 148 0
129 148 0
130 148 0
131 148 0
132 148 0
133 148 0
134 148 0
135 148 0
136 148 0
137 148 0
158 148 0
159 148 0
161 148 0
162 148 0
163 148 0
115 149 0
119 149 0
120 149 0
121 149 0
124 149 0
125 149 0
126 149 0
127 149 0
128 149 0
129 149 0
130 149 0
131 149 0
132 149 0
133 149 0
134 149 0
135 149 0
136 149 0
137 149 0
158 149 0
159 149 0
160 149 0
161 149 0
162 149 0
163 149 0
118 150 0
119 150 0
120 150 0
123 150 0
124 150 0
125 150 0
126 150 0
127 150 0
128 150 0
129 150 0
130 150 0
131 150 0
132 150 0
133 150 0
134 150 0
135 150 0
136 150 0
158 150 0
159 150 0
160 150 0
161 150 0
162 150 0
116 151 0
117 151 0
118 151 0
119 151 0
120 151 0
123 151 0
124 151 0
125 151 0
126 151 0
127 151 0
128 151 0
129 151 0
130 151 0
131 151 0
132 151 0
133 151 0
134 151 0
136 151 0
140 151 0
145 151 0
146 151 0
149 151 0
156 151 0
157 151 0
158 151 0
159 151 0
160 151 0
161 151 0
164 151 0
117 152 0
118 152 0
121 152 0
122 152 0
123 152 0
124 152 0
125 152 0
126 152 0
127 152 0
128 152 0
129 152 0
130 152 0
131 152 0
132 152 0
133 152 0
134 152 0
135 152 0
136 152 0
137 152 0
138 152 0
143 152 0
154 152 0
155 152 0
156 152 0
157 152 0
158 152 0
159 152 0
160 152 0
164 152 0
121 153 0
122 153 0
123 153 0
124 153 0
125 153 0
126 153 0
127 153 0
128 153 0
129 153 0
130 153 0
131 153 0
132 153 0
133 153 0
134 153 0
135 153 0
136 153 0
154 153 0
155 153 0
156 153 0
157 153 0
158 153 0
159 153 0
160 153 0
162 153 0
120 154 0
121 154 0
122 154 0
123 154 0
124 154 0
125 154 0
126 154 0
127 154 0
128 154 0
129 154 0
130 154 0
131 154 0
132 154 0
133 154 0
135 154 0
136 154 0
139 154 0
152 154 0
153 154 0
154 154 0
155 154 0
156 154 0
157 154 0
158 154 0
159 154 0
120 155 0
121 155 0
122 155 0
123 155 0
124 155 0
125 155 0
126 155 0
127 155 0
128 155 0
129 155 0
130 155 0
131 155 0
132 155 0
133 155 0
134 155 0
136 155 0
151 155 0
152 155 0
153 155 0
154 155 0
155 155 0
156 155 0
157 155 0
120 156 0
121 156 0
122 156 0
123 156 0
124 156 0
125 156 0
126 156 0
127 156 0
128 156 0
129 156 0
130 156 0
131 156 0
132 156 0
134 156 0
137 156 0
146 156 0
150 156 0
151 156 0
152 156 0
153 156 0
154 156 0
155 156 0
156 156 0
157 156 0
158 156 0
159 156 0
122 157 0
123 157 0
124 157 0
125 157 0
126 157 0
127 157 0
128 157 0
129 157 0
130 157 0
131 157 0
132 157 0
133 157 0
134 157 0
141 157 0
147 157 0
148 157 0
149 157 0
150 157 0
151 157 0
152 157 0
153 157 0
154 157 0
157 157 0
122 158 0
123 158 0
124 158 0
125 158 0
126 158 0
127 158 0
128 158 0
129 158 0
130 158 0
131 158 0
132 158 0
133 158 0
134 158 0
135 158 0
136 158 0
137 158 0
140 158 0
146 158 0
147 158 0
148 158 0
149 158 0
150 158 0
151 158 0
152 158 0
153 158 0
154 158 0
155 158 0
156 158 0
157 158 0
123 159 0
124 159 0
125 159 0
126 159 0
127 159 0
128 159 0
129 159 0
130 159 0
131 159 0
132 159 0
133 159 0
134 159 0
136 159 0
143 159 0
144 159 0
145 159 0
146 159 0
147 159 0
148 159 0
149 159 0
150 159 0
151 159 0
152 159 0
153 159 0
154 159 0
155 159 0
156 159 0
123 160 0
124 160 0
125 160 0
126 160 0
127 160 0
128 160 0
129 160 0
130 160 0
131 160 0
132 160 0
133 160 0
134 160 0
141 160 0
142 160 0
143 160 0
144 160 0
145 160 0
146 160 0
147 160 0
148 160 0
149 160 0
150 160 0
151 160 0
152 160 0
153 160 0
154 160 0
155 160 0
127 161 0
128 161 0
129 161 0
130 161 0
131 161 0
132 161 0
134 161 0
138 161 0
139 161 0
140 161 0
141 161 0
142 161 0
143 161 0
144 161 0
145 161 0
146 161 0
147 161 0
148 161 0
151 161 0
152 161 0
153 161 0
155 161 0
128 162 0
129 162 0
132 162 0
133 162 0
134 162 0
135 162 0
136 162 0
137 162 0
138 162 0
139 162 0
140 162 0
141 162 0
142 162 0
143 162 0
144 162 0
145 162 0
146 162 0
147 162 0
148 162 0
149 162 0
150 162 0
151 162 0
152 162 0
153 162 0
154 162 0
155 162 0
128 163 0
129 163 0
130 163 0
131 163 0
133 163 0
134 163 0
135 163 0
136 163 0
137 163 0
138 163 0
139 163 0
140 163 0
141 163 0
142 163 0
143 163 0
144 163 0
145 163 0
146 163 0
147 163 0
148 163 0
149 163 0
150 163 0
151 163 0
152 163 0
153 163 0
154 163 0
155 163 0
127 164 0
128 164 0
129 164 0
130 164 0
131 164 0
132 164 0
133 164 0
134 164 0
135 164 0
136 164 0
137 164 0
138 164 0
139 164 0
140 164 0
141 164 0
142 164 0
143 164 0
144 164 0
145 164 0
146 164 0
147 164 0
148 164 0
149 164 0
150 164 0
151 164 0
152 164 0
153 164 0
128 165 0
130 165 0
131 165 0
132 165 0
133 165 0
134 165 0
135 165 0
136 165 0
137 165 0
138 165 0
139 165 0
140 165 0
141 165 0
142 165 0
143 165 0
144 165 0
145 165 0
146 165 0
147 165 0
148 165 0
149 165 0
150 165 0
151 165 0
152 165 0
153 165 0
131 166 0
133 166 0
134 166 0
135 166 0
136 166 0
137 166 0
138 166 0
139 166 0
140 166 0
141 166 0
142 166 0
143 166 0
144 166 0
145 166 0
146 166 0
147 166 0
148 166 0
150 166 0
151 166 0
152 166 0
135 167 0
136 167 0
137 167 0
138 167 0
139 167 0
140 167 0
141 167 0
142 167 0
143 167 0
144 167 0
145 167 0
146 167 0
147 167 0
148 167 0
149 167 0
150 167 0
137 168 0
138 168 0
139 168 0
140 168 0
141 168 0
142 168 0
143 168 0
144 168 0
146 168 0
147 168 0
148 168 0
151 168 0
136 169 0
142 169 0
143 169 0
148 169 0
146 170 0
206 107 1
207 107 1
207 108 1
208 108 1
200 109 1
201 109 1
202 109 1
209 109 1
210 109 1
200 110 1
203 110 1
204 110 1
210 110 1
211 110 1
212 110 1
213 110 1
214 110 1
204 111 1
211 111 1
212 111 1
213 111 1
214 111 1
215 111 1
216 111 1
217 111 1
214 112 1
216 112 1
217 112 1
218 112 1
219 112 1
220 112 1
218 113 1
219 113 1
220 113 1
221 113 1
222 113 1
223 113 1
224 113 1
225 113 1
202 114 1
222 114 1
223 114 1
224 114 1
225 114 1
226 114 1
227 114 1
228 114 1
229 114 1
230 114 1
231 114 1
232 114 1
233 114 1
237 114 1
206 115 1
208 115 1
226 115 1
227 115 1
228 115 1
230 115 1
231 115 1
232 115 1
233 115 1
234 115 1
235 115 1
236 115 1
237 115 1
238 115 1
239 115 1
240 115 1
241 115 1
209 116 1
210 116 1
211 116 1
212 116 1
228 116 1
229 116 1
230 116 1
233 116 1
234 116 1
236 116 1
237 116 1
238 116 1
239 116 1
240 116 1
241 116 1
242 116 1
243 116 1
244 116 1
245 116 1
208 117 1
209 117 1
210 117 1
211 117 1
212 117 1
213 117 1
215 117 1
234 117 1
236 117 1
238 117 1
240 117 1
241 117 1
242 117 1
243 117 1
244 117 1
245 117 1
246 117 1
247 117 1
248 117 1
249 117 1
250 117 1
212 118 1
213 118 1
214 118 1
215 118 1
216 118 1
217 118 1
245 118 1
246 118 1
247 118 1
248 118 1
249 118 1
250 118 1
251 118 1
252 118 1
253 118 1
214 119 1
215 119 1
216 119 1
217 119 1
218 119 1
219 119 1
220 119 1
221 119 1
222 119 1
223 119 1
224 119 1
229 119 1
247 119 1
249 119 1
250 119 1
251 119 1
252 119 1
253 119 1
254 119 1
255 119 1
214 120 1
215 120 1
216 120 1
217 120 1
218 120 1
219 120 1
220 120 1
221 120 1
222 120 1
223 120 1
224 120 1
225 120 1
226 120 1
227 120 1
228 120 1
252 120 1
253 120 1
254 120 1
255 120 1
256 120 1
257 120 1
258 120 1
261 120 1
268 120 1
217 121 1
218 121 1
219 121 1
220 121 1
221 121 1
222 121 1
223 121 1
224 121 1
225 121 1
226 121 1
227 121 1
229 121 1
230 121 1
231 121 1
252 121 1
253 121 1
254 121 1
255 121 1
256 121 1
257 121 1
273 121 1
287 121 1
219 122 1
220 122 1
221 122 1
222 122 1
223 122 1
224 122 1
225 122 1
226 122 1
227 122 1
228 122 1
229 122 1
230 122 1
251 122 1
252 122 1
253 122 1
254 122 1
255 122 1
256 122 1
257 122 1
275 122 1
286 122 1
287 122 1
288 122 1
289 122 1
220 123 1
221 123 1
229 123 1
230 123 1
231 123 1
232 123 1
233 123 1
234 123 1
251 123 1
252 123 1
253 123 1
254 123 1
255 123 1
256 123 1
258 123 1
287 123 1
288 123 1
289 123 1
290 123 1
291 123 1
231 124 1
232 124 1
233 124 1
234 124 1
235 124 1
236 124 1
237 124 1
251 124 1
252 124 1
253 124 1
254 124 1
255 124 1
288 124 1
289 124 1
290 124 1
291 124 1
292 124 1
293 124 1
294 124 1
231 125 1
232 125 1
235 125 1
236 125 1
237 125 1
238 125 1
239 125 1
240 125 1
250 125 1
251 125 1
252 125 1
253 125 1
254 125 1
255 125 1
290 125 1
292 125 1
293 125 1
294 125 1
295 125 1
296 125 1
297 125 1
307 125 1
234 126 1
236 126 1
237 126 1
238 126 1
240 126 1
241 126 1
250 126 1
251 126 1
252 126 1
253 126 1
291 126 1
292 126 1
293 126 1
294 126 1
295 126 1
296 126 1
297 126 1
298 126 1
299 126 1
304 126 1
305 126 1
306 126 1
307 126 1
308 126 1
309 126 1
310 126 1
315 126 1
234 127 1
236 127 1
241 127 1
242 127 1
250 127 1
251 127 1
252 127 1
253 127 1
254 127 1
293 127 1
294 127 1
295 127 1
296 127 1
297 127 1
298 127 1
299 127 1
300 127 1
301 127 1
302 127 1
303 127 1
304 127 1
305 127 1
306 127 1
307 127 1
308 127 1
309 127 1
310 127 1
311 127 1
313 127 1
314 127 1
315 127 1
316 127 1
317 127 1
318 127 1
319 127 1
320 127 1
235 128 1
238 128 1
239 128 1
243 128 1
244 128 1
245 128 1
249 128 1
250 128 1
251 128 1
252 128 1
253 128 1
254 128 1
255 128 1
256 128 1
292 128 1
295 128 1
296 128 1
297 128 1
298 128 1
299 128 1
300 128 1
301 128 1
302 128 1
303 128 1
304 128 1
305 128 1
308 128 1
309 128 1
310 128 1
311 128 1
312 128 1
313 128 1
314 128 1
315 128 1
316 128 1
317 128 1
318 128 1
319 128 1
320 128 1
321 128 1
322 128 1
323 128 1
242 129 1
243 129 1
244 129 1
247 129 1
248 129 1
249 129 1
250 129 1
251 129 1
252 129 1
253 129 1
254 129 1
255 129 1
256 129 1
257 129 1
258 129 1
259 129 1
301 129 1
302 129 1
303 129 1
304 129 1
310 129 1
311 129 1
312 129 1
313 129 1
314 129 1
316 129 1
317 129 1
318 129 1
319 129 1
320 129 1
321 129 1
322 129 1
323 129 1
324 129 1
325 129 1
245 130 1
246 130 1
248 130 1
249 130 1
250 130 1
251 130 1
252 130 1
253 130 1
254 130 1
255 130 1
260 130 1
261 130 1
318 130 1
319 130 1
320 130 1
322 130 1
323 130 1
324 130 1
325 130 1
326 130 1
327 130 1
250 131 1
251 131 1
252 131 1
253 131 1
258 131 1
297 131 1
322 131 1
323 131 1
324 131 1
325 131 1
326 131 1
327 131 1
328 131 1
329 131 1
338 131 1
339 131 1
325 132 1
326 132 1
327 132 1
328 132 1
329 132 1
330 132 1
331 132 1
332 132 1
335 132 1
336 132 1
337 132 1
338 132 1
339 132 1
344 132 1
246 133 1
247 133 1
248 133 1
329 133 1
330 133 1
331 133 1
332 133 1
333 133 1
334 133 1
335 133 1
336 133 1
337 133 1
338 133 1
249 134 1
329 134 1
330 134 1
331 134 1
332 134 1
333 134 1
334 134 1
335 134 1
336 134 1
337 134 1
338 134 1
250 135 1
330 135 1
335 135 1
336 135 1
252 136 1
251 137 1
252 137 1
252 138 1
253 138 1
257 142 1
258 142 1
259 142 1
260 142 1
258 143 1
259 143 1
260 143 1
261 143 1
262 143 1
263 143 1
264 143 1
275 143 1
262 144 1
263 144 1
264 144 1
265 144 1
264 145 1
265 145 1
266 145 1
267 146 1
274 146 1
267 147 1
268 147 1
269 147 1
269 148 1
270 148 1
271 148 1
271 149 1
272 149 1
273 149 1
274 149 1
275 149 1
273 150 1
274 150 1
275 150 1
276 150 1
277 150 1
275 151 1
276 151 1
277 151 1
278 151 1
279 151 1
280 151 1
279 152 1
280 152 1
281 152 1
282 152 1
283 152 1
285 152 1
280 153 1
282 153 1
283 153 1
284 153 1
285 153 1
286 153 1
287 153 1
285 154 1
286 154 1
288 154 1
289 154 1
290 154 1
291 155 1
292 155 1
293 155 1
294 155 1
295 155 1
293 156 1
294 156 1
295 156 1
296 156 1
297 156 1
298 156 1
299 156 1
300 156 1
296 157 1
297 157 1
298 157 1
299 157 1
300 157 1
301 157 1
302 157 1
303 157 1
304 157 1
305 157 1
306 157 1
299 158 1
301 158 1
302 158 1
304 158 1
305 158 1
306 158 1
307 158 1
308 158 1
309 158 1
310 158 1
311 158 1
309 159 1
310 159 1
311 159 1
312 159 1
313 159 1
314 159 1
315 159 1
316 159 1
317 159 1
314 160 1
315 160 1
316 160 1
317 160 1
318 160 1
319 160 1
320 160 1
321 160 1
322 160 1
323 160 1
317 161 1
320 161 1
321 161 1
322 161 1
323 161 1
324 161 1
325 161 1
326 161 1
327 161 1
330 161 1
324 162 1
325 162 1
326 162 1
327 162 1
328 162 1
329 162 1
330 162 1
331 162 1
332 162 1
333 162 1
330 163 1
331 163 1
332 163 1
333 163 1
334 163 1
335 163 1
336 163 1
337 163 1
338 163 1
339 163 1
330 164 1
333 164 1
336 164 1
337 164 1
338 164 1
339 164 1
340 164 1
341 164 1
342 164 1
337 165 1
340 165 1
342 165 1
343 165 1
342 166 1
