69 40 0
70 40 0
74 40 0
66 41 0
67 41 0
68 41 0
69 41 0
70 41 0
71 41 0
72 41 0
73 41 0
74 41 0
77 41 0
65 42 0
72 42 0
73 42 0
76 42 0
77 42 0
67 43 0
70 43 0
72 43 0
80 43 0
80 44 0
67 45 0
84 45 0
80 47 0
88 51 0
68 55 0
94 56 0
70 57 0
71 57 0
72 57 0
70 58 0
73 58 0
95 58 0
75 59 0
68 60 0
96 60 0
96 61 0
96 62 0
97 62 0
79 63 0
97 63 0
80 64 0
97 64 0
80 65 0
97 65 0
98 65 0
80 66 0
81 66 0
82 66 0
85 66 0
98 66 0
85 67 0
98 67 0
99 67 0
100 67 0
84 68 0
85 68 0
98 68 0
99 68 0
83 69 0
84 69 0
85 69 0
86 69 0
98 69 0
99 69 0
84 70 0
85 70 0
86 70 0
98 70 0
99 70 0
82 71 0
83 71 0
84 71 0
85 71 0
86 71 0
98 71 0
99 71 0
102 71 0
82 72 0
83 72 0
84 72 0
85 72 0
86 72 0
87 72 0
99 72 0
83 73 0
84 73 0
85 73 0
86 73 0
87 73 0
98 73 0
99 73 0
100 73 0
83 74 0
84 74 0
85 74 0
86 74 0
87 74 0
89 74 0
98 74 0
99 74 0
100 74 0
101 74 0
82 75 0
83 75 0
84 75 0
85 75 0
86 75 0
87 75 0
89 75 0
99 75 0
100 75 0
101 75 0
102 75 0
103 75 0
57 76 0
58 76 0
82 76 0
83 76 0
84 76 0
85 76 0
86 76 0
87 76 0
88 76 0
92 76 0
99 76 0
100 76 0
101 76 0
102 76 0
103 76 0
104 76 0
57 77 0
61 77 0
62 77 0
83 77 0
84 77 0
85 77 0
86 77 0
87 77 0
88 77 0
89 77 0
92 77 0
94 77 0
99 77 0
100 77 0
101 77 0
102 77 0
103 77 0
104 77 0
60 78 0
61 78 0
62 78 0
67 78 0
82 78 0
83 78 0
84 78 0
85 78 0
86 78 0
87 78 0
88 78 0
89 78 0
91 78 0
92 78 0
93 78 0
99 78 0
100 78 0
101 78 0
102 78 0
103 78 0
105 78 0
57 79 0
58 79 0
59 79 0
60 79 0
61 79 0
62 79 0
63 79 0
70 79 0
72 79 0
82 79 0
83 79 0
84 79 0
85 79 0
86 79 0
87 79 0
88 79 0
99 79 0
100 79 0
101 79 0
102 79 0
103 79 0
104 79 0
105 79 0
107 79 0
57 80 0
58 80 0
59 80 0
60 80 0
61 80 0
62 80 0
63 80 0
70 80 0
71 80 0
82 80 0
83 80 0
84 80 0
85 80 0
86 80 0
87 80 0
88 80 0
90 80 0
92 80 0
99 80 0
100 80 0
101 80 0
102 80 0
103 80 0
104 80 0
58 81 0
59 81 0
60 81 0
61 81 0
62 81 0
67 81 0
69 81 0
70 81 0
71 81 0
72 81 0
73 81 0
81 81 0
82 81 0
83 81 0
84 81 0
85 81 0
86 81 0
87 81 0
88 81 0
89 81 0
90 81 0
92 81 0
99 81 0
100 81 0
101 81 0
102 81 0
103 81 0
104 81 0
58 82 0
59 82 0
64 82 0
65 82 0
66 82 0
67 82 0
68 82 0
69 82 0
70 82 0
71 82 0
72 82 0
73 82 0
75 82 0
81 82 0
82 82 0
83 82 0
84 82 0
85 82 0
86 82 0
87 82 0
88 82 0
89 82 0
90 82 0
91 82 0
92 82 0
94 82 0
99 82 0
100 82 0
101 82 0
102 82 0
103 82 0
104 82 0
59 83 0
64 83 0
69 83 0
70 83 0
71 83 0
73 83 0
74 83 0
75 83 0
76 83 0
81 83 0
82 83 0
83 83 0
84 83 0
85 83 0
86 83 0
89 83 0
91 83 0
92 83 0
99 83 0
100 83 0
101 83 0
102 83 0
103 83 0
104 83 0
59 84 0
60 84 0
63 84 0
64 84 0
69 84 0
70 84 0
71 84 0
72 84 0
73 84 0
74 84 0
75 84 0
76 84 0
77 84 0
80 84 0
81 84 0
82 84 0
83 84 0
84 84 0
85 84 0
86 84 0
96 84 0
97 84 0
99 84 0
100 84 0
101 84 0
102 84 0
103 84 0
104 84 0
58 85 0
59 85 0
61 85 0
62 85 0
63 85 0
64 85 0
70 85 0
72 85 0
73 85 0
74 85 0
75 85 0
76 85 0
77 85 0
78 85 0
79 85 0
80 85 0
81 85 0
82 85 0
83 85 0
84 85 0
85 85 0
86 85 0
90 85 0
99 85 0
100 85 0
101 85 0
102 85 0
103 85 0
104 85 0
58 86 0
59 86 0
60 86 0
61 86 0
62 86 0
64 86 0
72 86 0
74 86 0
76 86 0
77 86 0
78 86 0
79 86 0
80 86 0
81 86 0
82 86 0
83 86 0
84 86 0
85 86 0
86 86 0
88 86 0
89 86 0
90 86 0
96 86 0
99 86 0
100 86 0
101 86 0
102 86 0
103 86 0
104 86 0
105 86 0
58 87 0
59 87 0
70 87 0
73 87 0
74 87 0
76 87 0
77 87 0
78 87 0
79 87 0
80 87 0
81 87 0
82 87 0
83 87 0
84 87 0
85 87 0
86 87 0
87 87 0
88 87 0
89 87 0
90 87 0
92 87 0
99 87 0
100 87 0
101 87 0
102 87 0
103 87 0
104 87 0
58 88 0
59 88 0
73 88 0
74 88 0
79 88 0
80 88 0
81 88 0
82 88 0
83 88 0
84 88 0
85 88 0
86 88 0
87 88 0
88 88 0
89 88 0
92 88 0
93 88 0
98 88 0
99 88 0
100 88 0
101 88 0
102 88 0
103 88 0
60 89 0
61 89 0
78 89 0
79 89 0
80 89 0
81 89 0
82 89 0
83 89 0
84 89 0
85 89 0
86 89 0
88 89 0
91 89 0
92 89 0
93 89 0
95 89 0
98 89 0
99 89 0
100 89 0
101 89 0
102 89 0
103 89 0
104 89 0
105 89 0
59 90 0
60 90 0
61 90 0
75 90 0
78 90 0
79 90 0
80 90 0
81 90 0
82 90 0
83 90 0
84 90 0
85 90 0
86 90 0
87 90 0
90 90 0
93 90 0
97 90 0
98 90 0
99 90 0
100 90 0
101 90 0
102 90 0
104 90 0
78 91 0
79 91 0
80 91 0
81 91 0
82 91 0
83 91 0
84 91 0
85 91 0
87 91 0
88 91 0
89 91 0
90 91 0
92 91 0
93 91 0
97 91 0
98 91 0
99 91 0
100 91 0
101 91 0
102 91 0
103 91 0
75 92 0
77 92 0
78 92 0
79 92 0
80 92 0
82 92 0
83 92 0
84 92 0
85 92 0
87 92 0
88 92 0
89 92 0
92 92 0
96 92 0
97 92 0
98 92 0
99 92 0
100 92 0
101 92 0
102 92 0
103 92 0
77 93 0
79 93 0
80 93 0
81 93 0
82 93 0
83 93 0
84 93 0
86 93 0
87 93 0
91 93 0
92 93 0
96 93 0
97 93 0
98 93 0
99 93 0
100 93 0
101 93 0
102 93 0
103 93 0
104 93 0
105 93 0
79 94 0
80 94 0
81 94 0
82 94 0
83 94 0
84 94 0
85 94 0
86 94 0
88 94 0
95 94 0
96 94 0
97 94 0
98 94 0
99 94 0
100 94 0
101 94 0
102 94 0
103 94 0
78 95 0
80 95 0
81 95 0
82 95 0
84 95 0
86 95 0
87 95 0
94 95 0
95 95 0
96 95 0
97 95 0
98 95 0
99 95 0
100 95 0
101 95 0
102 95 0
64 96 0
75 96 0
79 96 0
84 96 0
86 96 0
87 96 0
89 96 0
90 96 0
93 96 0
94 96 0
95 96 0
96 96 0
97 96 0
98 96 0
99 96 0
100 96 0
101 96 0
105 96 0
66 97 0
78 97 0
79 97 0
80 97 0
81 97 0
82 97 0
85 97 0
86 97 0
92 97 0
93 97 0
94 97 0
95 97 0
96 97 0
97 97 0
98 97 0
99 97 0
100 97 0
101 97 0
68 98 0
69 98 0
78 98 0
80 98 0
81 98 0
82 98 0
83 98 0
92 98 0
93 98 0
94 98 0
95 98 0
96 98 0
97 98 0
98 98 0
99 98 0
100 98 0
101 98 0
103 98 0
67 99 0
68 99 0
69 99 0
70 99 0
71 99 0
76 99 0
78 99 0
79 99 0
80 99 0
81 99 0
83 99 0
91 99 0
92 99 0
93 99 0
94 99 0
95 99 0
96 99 0
97 99 0
98 99 0
99 99 0
100 99 0
67 100 0
68 100 0
69 100 0
70 100 0
71 100 0
72 100 0
74 100 0
77 100 0
78 100 0
79 100 0
80 100 0
81 100 0
84 100 0
90 100 0
91 100 0
92 100 0
93 100 0
94 100 0
95 100 0
96 100 0
97 100 0
98 100 0
99 100 0
70 101 0
71 101 0
72 101 0
73 101 0
74 101 0
75 101 0
76 101 0
77 101 0
78 101 0
79 101 0
88 101 0
89 101 0
90 101 0
91 101 0
92 101 0
93 101 0
94 101 0
95 101 0
96 101 0
97 101 0
98 101 0
99 101 0
72 102 0
73 102 0
74 102 0
75 102 0
76 102 0
77 102 0
78 102 0
79 102 0
80 102 0
87 102 0
88 102 0
89 102 0
90 102 0
91 102 0
92 102 0
93 102 0
94 102 0
95 102 0
96 102 0
97 102 0
98 102 0
99 102 0
74 103 0
75 103 0
76 103 0
77 103 0
78 103 0
79 103 0
80 103 0
81 103 0
82 103 0
83 103 0
84 103 0
85 103 0
86 103 0
87 103 0
88 103 0
89 103 0
90 103 0
91 103 0
92 103 0
93 103 0
94 103 0
95 103 0
96 103 0
97 103 0
98 103 0
99 103 0
100 103 0
74 104 0
75 104 0
77 104 0
78 104 0
79 104 0
80 104 0
81 104 0
82 104 0
83 104 0
84 104 0
85 104 0
86 104 0
87 104 0
88 104 0
89 104 0
90 104 0
91 104 0
92 104 0
93 104 0
94 104 0
95 104 0
96 104 0
79 105 0
80 105 0
81 105 0
82 105 0
83 105 0
84 105 0
85 105 0
86 105 0
87 105 0
88 105 0
89 105 0
90 105 0
91 105 0
92 105 0
93 105 0
94 105 0
95 105 0
80 106 0
81 106 0
82 106 0
83 106 0
84 106 0
85 106 0
86 106 0
87 106 0
88 106 0
89 106 0
90 106 0
91 106 0
92 106 0
93 106 0
94 106 0
95 106 0
99 106 0
79 107 0
80 107 0
81 107 0
82 107 0
83 107 0
84 107 0
85 107 0
86 107 0
87 107 0
88 107 0
89 107 0
90 107 0
93 107 0
97 107 0
78 108 0
79 108 0
80 108 0
81 108 0
82 108 0
83 108 0
84 108 0
85 108 0
86 108 0
87 108 0
88 108 0
89 108 0
90 108 0
83 109 0
84 109 0
85 109 0
86 109 0
87 109 0
88 109 0
22 1 1
21 2 1
22 2 1
23 2 1
21 3 1
22 3 1
23 3 1
24 3 1
26 3 1
27 3 1
28 3 1
21 4 1
22 4 1
23 4 1
24 4 1
25 4 1
26 4 1
27 4 1
28 4 1
29 4 1
21 5 1
22 5 1
23 5 1
24 5 1
25 5 1
26 5 1
27 5 1
28 5 1
29 5 1
30 5 1
31 5 1
32 5 1
21 6 1
22 6 1
23 6 1
24 6 1
25 6 1
26 6 1
27 6 1
28 6 1
29 6 1
30 6 1
31 6 1
32 6 1
33 6 1
21 7 1
22 7 1
23 7 1
24 7 1
25 7 1
26 7 1
27 7 1
28 7 1
29 7 1
30 7 1
31 7 1
32 7 1
33 7 1
34 7 1
35 7 1
21 8 1
22 8 1
23 8 1
24 8 1
25 8 1
26 8 1
27 8 1
28 8 1
29 8 1
30 8 1
31 8 1
32 8 1
33 8 1
34 8 1
35 8 1
36 8 1
37 8 1
22 9 1
23 9 1
24 9 1
25 9 1
26 9 1
27 9 1
28 9 1
29 9 1
30 9 1
31 9 1
32 9 1
33 9 1
34 9 1
35 9 1
36 9 1
37 9 1
38 9 1
39 9 1
22 10 1
23 10 1
24 10 1
25 10 1
26 10 1
27 10 1
28 10 1
29 10 1
30 10 1
31 10 1
32 10 1
33 10 1
34 10 1
35 10 1
36 10 1
37 10 1
38 10 1
39 10 1
40 10 1
41 10 1
22 11 1
23 11 1
24 11 1
25 11 1
26 11 1
27 11 1
28 11 1
29 11 1
30 11 1
31 11 1
32 11 1
33 11 1
34 11 1
35 11 1
36 11 1
38 11 1
42 11 1
43 11 1
22 12 1
23 12 1
24 12 1
25 12 1
26 12 1
27 12 1
28 12 1
29 12 1
30 12 1
31 12 1
32 12 1
33 12 1
34 12 1
35 12 1
36 12 1
37 12 1
38 12 1
39 12 1
41 12 1
22 13 1
23 13 1
24 13 1
25 13 1
26 13 1
27 13 1
28 13 1
29 13 1
30 13 1
31 13 1
32 13 1
33 13 1
34 13 1
35 13 1
36 13 1
37 13 1
44 13 1
22 14 1
23 14 1
24 14 1
25 14 1
26 14 1
27 14 1
28 14 1
29 14 1
30 14 1
31 14 1
32 14 1
33 14 1
34 14 1
35 14 1
36 14 1
37 14 1
40 14 1
42 14 1
23 15 1
24 15 1
26 15 1
27 15 1
28 15 1
29 15 1
30 15 1
31 15 1
32 15 1
33 15 1
34 15 1
35 15 1
36 15 1
37 15 1
39 15 1
40 15 1
23 16 1
24 16 1
25 16 1
26 16 1
27 16 1
28 16 1
29 16 1
30 16 1
31 16 1
32 16 1
33 16 1
34 16 1
35 16 1
36 16 1
37 16 1
23 17 1
24 17 1
25 17 1
26 17 1
28 17 1
29 17 1
30 17 1
31 17 1
32 17 1
33 17 1
34 17 1
35 17 1
36 17 1
37 17 1
41 17 1
23 18 1
24 18 1
25 18 1
28 18 1
29 18 1
30 18 1
31 18 1
32 18 1
33 18 1
34 18 1
35 18 1
36 18 1
37 18 1
38 18 1
24 19 1
25 19 1
27 19 1
28 19 1
29 19 1
30 19 1
31 19 1
32 19 1
33 19 1
34 19 1
35 19 1
36 19 1
37 19 1
38 19 1
39 19 1
40 19 1
41 19 1
24 20 1
25 20 1
28 20 1
29 20 1
30 20 1
31 20 1
32 20 1
33 20 1
34 20 1
35 20 1
36 20 1
37 20 1
39 20 1
40 20 1
41 20 1
25 21 1
26 21 1
27 21 1
28 21 1
29 21 1
30 21 1
31 21 1
32 21 1
33 21 1
34 21 1
35 21 1
36 21 1
37 21 1
39 21 1
40 21 1
43 21 1
25 22 1
26 22 1
27 22 1
28 22 1
30 22 1
31 22 1
32 22 1
33 22 1
34 22 1
35 22 1
36 22 1
37 22 1
38 22 1
39 22 1
40 22 1
42 22 1
25 23 1
26 23 1
27 23 1
29 23 1
32 23 1
33 23 1
34 23 1
35 23 1
36 23 1
37 23 1
38 23 1
40 23 1
26 24 1
27 24 1
28 24 1
29 24 1
30 24 1
31 24 1
32 24 1
34 24 1
35 24 1
36 24 1
37 24 1
38 24 1
39 24 1
40 24 1
41 24 1
42 24 1
43 24 1
44 24 1
27 25 1
28 25 1
30 25 1
31 25 1
35 25 1
36 25 1
37 25 1
38 25 1
39 25 1
40 25 1
41 25 1
42 25 1
43 25 1
44 25 1
27 26 1
36 26 1
37 26 1
38 26 1
39 26 1
40 26 1
41 26 1
42 26 1
43 26 1
45 26 1
37 27 1
38 27 1
40 27 1
45 27 1
31 28 1
32 28 1
34 28 1
35 28 1
36 28 1
47 28 1
28 29 1
29 29 1
31 29 1
32 29 1
33 29 1
29 30 1
30 30 1
31 30 1
32 30 1
31 31 1
32 31 1
35 31 1
37 31 1
39 31 1
30 32 1
39 32 1
30 33 1
32 36 1
33 36 1
36 36 1
32 37 1
33 37 1
33 38 1
33 39 1
34 39 1
33 40 1
34 40 1
36 40 1
34 41 1
35 41 1
35 44 1
38 45 1
40 49 1
40 50 1
42 51 1
40 52 1
41 52 1
42 52 1
243 104 2
243 105 2
244 105 2
245 105 2
246 105 2
247 105 2
248 105 2
245 106 2
246 106 2
247 106 2
248 106 2
249 106 2
258 107 2
281 110 2
283 110 2
286 112 2
286 113 2
287 113 2
288 113 2
289 113 2
287 114 2
288 114 2
289 114 2
290 114 2
291 114 2
292 114 2
293 114 2
289 115 2
290 115 2
291 115 2
292 115 2
293 115 2
294 115 2
295 115 2
296 115 2
301 115 2
302 115 2
303 115 2
304 115 2
305 115 2
306 115 2
307 115 2
308 115 2
309 115 2
310 115 2
311 115 2
312 115 2
313 115 2
314 115 2
315 115 2
316 115 2
317 115 2
318 115 2
319 115 2
293 116 2
294 116 2
295 116 2
296 116 2
297 116 2
298 116 2
299 116 2
300 116 2
301 116 2
302 116 2
303 116 2
304 116 2
305 116 2
306 116 2
307 116 2
308 116 2
309 116 2
310 116 2
311 116 2
312 116 2
313 116 2
314 116 2
315 116 2
316 116 2
317 116 2
318 116 2
319 116 2
320 116 2
321 116 2
322 116 2
296 117 2
297 117 2
298 117 2
299 117 2
319 117 2
320 117 2
321 117 2
322 117 2
323 117 2
324 117 2
247 118 2
322 118 2
323 118 2
324 118 2
325 118 2
326 118 2
324 119 2
325 119 2
326 119 2
327 119 2
328 119 2
327 120 2
328 120 2
329 120 2
330 120 2
334 120 2
335 120 2
336 120 2
337 120 2
338 120 2
339 120 2
246 121 2
247 121 2
248 121 2
329 121 2
330 121 2
331 121 2
332 121 2
333 121 2
336 121 2
337 121 2
338 121 2
246 122 2
247 122 2
248 122 2
331 122 2
247 123 2
248 123 2
247 124 2
248 124 2
279 124 2
247 125 2
248 125 2
249 125 2
248 126 2
248 127 2
249 127 2
248 128 2
249 128 2
250 128 2
248 129 2
249 129 2
250 129 2
251 129 2
252 129 2
253 129 2
255 129 2
249 130 2
250 130 2
251 130 2
252 130 2
253 130 2
254 130 2
255 130 2
256 130 2
257 130 2
254 131 2
255 131 2
256 131 2
257 131 2
258 131 2
259 131 2
254 132 2
255 132 2
256 132 2
257 132 2
258 132 2
259 132 2
260 132 2
261 132 2
258 133 2
259 133 2
260 133 2
261 133 2
262 133 2
263 133 2
264 133 2
260 134 2
261 134 2
262 134 2
263 134 2
264 134 2
266 134 2
262 135 2
263 135 2
264 135 2
265 135 2
266 135 2
267 135 2
264 136 2
265 136 2
266 136 2
267 136 2
268 136 2
269 136 2
267 137 2
268 137 2
269 137 2
270 137 2
271 137 2
272 137 2
273 137 2
274 137 2
270 138 2
271 138 2
272 138 2
273 138 2
274 138 2
275 138 2
276 138 2
273 139 2
274 139 2
275 139 2
276 139 2
277 139 2
278 139 2
275 140 2
276 140 2
277 140 2
278 140 2
279 140 2
280 140 2
281 140 2
279 141 2
280 141 2
281 141 2
282 141 2
283 141 2
284 141 2
285 141 2
286 141 2
284 142 2
285 142 2
286 142 2
287 142 2
288 142 2
289 142 2
292 142 2
290 143 2
291 143 2
292 143 2
293 143 2
294 143 2
293 144 2
294 144 2
295 144 2
296 144 2
297 144 2
296 145 2
297 145 2
298 145 2
299 145 2
300 145 2
301 145 2
302 145 2
299 146 2
300 146 2
301 146 2
302 146 2
303 146 2
304 146 2
305 146 2
301 147 2
302 147 2
303 147 2
304 147 2
305 147 2
306 147 2
307 147 2
308 147 2
309 147 2
306 148 2
307 148 2
308 148 2
309 148 2
310 148 2
311 148 2
312 148 2
313 148 2
314 148 2
309 149 2
310 149 2
311 149 2
312 149 2
313 149 2
314 149 2
315 149 2
316 149 2
317 149 2
318 149 2
313 150 2
314 150 2
315 150 2
316 150 2
317 150 2
318 150 2
319 150 2
320 150 2
321 150 2
322 150 2
323 150 2
324 150 2
319 151 2
320 151 2
321 151 2
322 151 2
323 151 2
324 151 2
325 151 2
326 151 2
327 151 2
328 151 2
329 151 2
323 152 2
324 152 2
325 152 2
326 152 2
327 152 2
328 152 2
329 152 2
330 152 2
331 152 2
332 152 2
333 152 2
334 152 2
330 153 2
331 153 2
332 153 2
333 153 2
334 153 2
335 153 2
336 153 2
337 153 2
338 153 2
335 154 2
336 154 2
337 154 2
338 154 2
339 154 2
340 154 2
341 154 2
338 155 2
339 155 2
340 155 2
341 155 2
342 155 2
343 155 2
341 156 2
342 156 2
343 156 2
344 156 2
192 94 3
193 94 3
194 94 3
195 94 3
189 95 3
190 95 3
191 95 3
192 95 3
193 95 3
194 95 3
195 95 3
196 95 3
197 95 3
189 96 3
190 96 3
191 96 3
192 96 3
193 96 3
194 96 3
195 96 3
196 96 3
197 96 3
198 96 3
199 96 3
200 96 3
203 96 3
204 96 3
205 96 3
208 96 3
209 96 3
189 97 3
190 97 3
191 97 3
192 97 3
193 97 3
194 97 3
195 97 3
196 97 3
197 97 3
199 97 3
201 97 3
202 97 3
203 97 3
204 97 3
205 97 3
206 97 3
208 97 3
209 97 3
210 97 3
211 97 3
212 97 3
213 97 3
214 97 3
215 97 3
216 97 3
217 97 3
218 97 3
219 97 3
220 97 3
221 97 3
243 97 3
190 98 3
191 98 3
192 98 3
193 98 3
194 98 3
195 98 3
196 98 3
197 98 3
198 98 3
199 98 3
200 98 3
201 98 3
202 98 3
203 98 3
204 98 3
205 98 3
206 98 3
207 98 3
208 98 3
209 98 3
210 98 3
211 98 3
212 98 3
213 98 3
215 98 3
216 98 3
217 98 3
218 98 3
219 98 3
220 98 3
221 98 3
222 98 3
223 98 3
224 98 3
225 98 3
227 98 3
228 98 3
229 98 3
230 98 3
231 98 3
232 98 3
233 98 3
234 98 3
235 98 3
236 98 3
238 98 3
239 98 3
240 98 3
243 98 3
191 99 3
192 99 3
193 99 3
194 99 3
195 99 3
196 99 3
197 99 3
198 99 3
199 99 3
200 99 3
201 99 3
202 99 3
203 99 3
204 99 3
205 99 3
206 99 3
207 99 3
209 99 3
228 99 3
239 99 3
247 99 3
248 99 3
251 99 3
192 100 3
193 100 3
194 100 3
195 100 3
196 100 3
197 100 3
198 100 3
199 100 3
200 100 3
201 100 3
202 100 3
203 100 3
204 100 3
205 100 3
206 100 3
233 100 3
249 100 3
251 100 3
252 100 3
253 100 3
254 100 3
255 100 3
192 101 3
193 101 3
194 101 3
195 101 3
196 101 3
197 101 3
198 101 3
199 101 3
200 101 3
201 101 3
202 101 3
203 101 3
204 101 3
205 101 3
206 101 3
235 101 3
245 101 3
250 101 3
194 102 3
195 102 3
196 102 3
197 102 3
198 102 3
199 102 3
200 102 3
201 102 3
202 102 3
203 102 3
204 102 3
205 102 3
206 102 3
207 102 3
208 102 3
209 102 3
210 102 3
211 102 3
212 102 3
213 102 3
214 102 3
215 102 3
216 102 3
234 102 3
235 102 3
236 102 3
239 102 3
242 102 3
195 103 3
196 103 3
197 103 3
199 103 3
200 103 3
201 103 3
202 103 3
203 103 3
204 103 3
205 103 3
206 103 3
207 103 3
208 103 3
209 103 3
210 103 3
211 103 3
212 103 3
213 103 3
214 103 3
215 103 3
216 103 3
217 103 3
218 103 3
219 103 3
220 103 3
221 103 3
222 103 3
226 103 3
227 103 3
228 103 3
229 103 3
230 103 3
231 103 3
232 103 3
233 103 3
234 103 3
236 103 3
237 103 3
238 103 3
239 103 3
241 103 3
242 103 3
243 103 3
198 104 3
200 104 3
201 104 3
202 104 3
203 104 3
204 104 3
205 104 3
206 104 3
207 104 3
208 104 3
209 104 3
210 104 3
211 104 3
212 104 3
213 104 3
214 104 3
215 104 3
216 104 3
217 104 3
218 104 3
219 104 3
220 104 3
221 104 3
222 104 3
223 104 3
224 104 3
225 104 3
226 104 3
227 104 3
229 104 3
230 104 3
231 104 3
232 104 3
233 104 3
234 104 3
236 104 3
237 104 3
238 104 3
239 104 3
241 104 3
243 104 3
245 104 3
196 105 3
200 105 3
201 105 3
202 105 3
203 105 3
204 105 3
205 105 3
210 105 3
211 105 3
212 105 3
213 105 3
214 105 3
215 105 3
216 105 3
217 105 3
219 105 3
220 105 3
221 105 3
222 105 3
223 105 3
224 105 3
225 105 3
226 105 3
227 105 3
243 105 3
201 106 3
212 106 3
194 107 3
197 107 3
195 108 3
199 110 3
204 110 3
208 110 3
199 111 3
204 111 3
205 111 3
207 111 3
211 111 3
216 111 3
217 111 3
218 111 3
219 111 3
230 111 3
197 112 3
198 112 3
204 112 3
205 112 3
220 112 3
221 112 3
222 112 3
223 112 3
224 112 3
225 112 3
226 112 3
227 112 3
228 112 3
229 112 3
230 112 3
231 112 3
232 112 3
234 112 3
235 112 3
236 112 3
224 113 3
225 113 3
227 113 3
237 113 3
238 113 3
239 113 3
97 52 4
98 52 4
98 53 4
98 54 4
99 54 4
98 55 4
99 55 4
99 56 4
100 56 4
99 57 4
100 57 4
99 58 4
100 58 4
101 58 4
100 59 4
101 59 4
102 59 4
103 59 4
100 60 4
101 60 4
102 60 4
103 60 4
100 61 4
101 61 4
102 61 4
103 61 4
104 61 4
100 62 4
101 62 4
102 62 4
103 62 4
104 62 4
100 63 4
101 63 4
102 63 4
103 63 4
104 63 4
100 64 4
101 64 4
102 64 4
103 64 4
104 64 4
105 64 4
100 65 4
101 65 4
102 65 4
103 65 4
104 65 4
105 65 4
100 66 4
101 66 4
102 66 4
103 66 4
104 66 4
104 67 4
