106 84 0
107 84 0
106 85 0
107 85 0
108 85 0
113 85 0
114 85 0
115 85 0
116 85 0
119 85 0
122 85 0
104 86 0
105 86 0
106 86 0
107 86 0
108 86 0
109 86 0
110 86 0
111 86 0
112 86 0
113 86 0
114 86 0
115 86 0
116 86 0
122 86 0
103 87 0
104 87 0
105 87 0
106 87 0
107 87 0
108 87 0
109 87 0
110 87 0
111 87 0
112 87 0
113 87 0
114 87 0
115 87 0
116 87 0
118 87 0
119 87 0
123 87 0
124 87 0
101 88 0
102 88 0
103 88 0
104 88 0
105 88 0
106 88 0
107 88 0
108 88 0
109 88 0
110 88 0
111 88 0
112 88 0
113 88 0
114 88 0
115 88 0
116 88 0
117 88 0
118 88 0
121 88 0
98 89 0
99 89 0
100 89 0
101 89 0
102 89 0
103 89 0
104 89 0
105 89 0
106 89 0
107 89 0
108 89 0
109 89 0
110 89 0
111 89 0
112 89 0
113 89 0
114 89 0
115 89 0
116 89 0
117 89 0
118 89 0
96 90 0
97 90 0
98 90 0
99 90 0
100 90 0
101 90 0
102 90 0
103 90 0
104 90 0
105 90 0
106 90 0
107 90 0
108 90 0
109 90 0
110 90 0
111 90 0
112 90 0
113 90 0
114 90 0
115 90 0
116 90 0
117 90 0
118 90 0
120 90 0
122 90 0
125 90 0
126 90 0
127 90 0
94 91 0
95 91 0
96 91 0
97 91 0
98 91 0
99 91 0
100 91 0
101 91 0
102 91 0
103 91 0
104 91 0
105 91 0
106 91 0
107 91 0
108 91 0
109 91 0
110 91 0
111 91 0
112 91 0
113 91 0
114 91 0
115 91 0
116 91 0
117 91 0
118 91 0
119 91 0
121 91 0
125 91 0
93 92 0
94 92 0
95 92 0
96 92 0
97 92 0
98 92 0
99 92 0
100 92 0
101 92 0
102 92 0
103 92 0
104 92 0
105 92 0
106 92 0
107 92 0
108 92 0
109 92 0
110 92 0
111 92 0
112 92 0
113 92 0
114 92 0
115 92 0
116 92 0
117 92 0
118 92 0
119 92 0
120 92 0
92 93 0
93 93 0
94 93 0
95 93 0
96 93 0
97 93 0
98 93 0
99 93 0
100 93 0
101 93 0
102 93 0
103 93 0
104 93 0
106 93 0
107 93 0
108 93 0
109 93 0
110 93 0
111 93 0
112 93 0
113 93 0
114 93 0
115 93 0
118 93 0
123 93 0
126 93 0
127 93 0
91 94 0
92 94 0
93 94 0
94 94 0
95 94 0
96 94 0
97 94 0
98 94 0
99 94 0
100 94 0
101 94 0
102 94 0
103 94 0
104 94 0
106 94 0
107 94 0
108 94 0
109 94 0
110 94 0
111 94 0
112 94 0
113 94 0
114 94 0
115 94 0
116 94 0
117 94 0
119 94 0
91 95 0
92 95 0
93 95 0
94 95 0
95 95 0
96 95 0
97 95 0
98 95 0
99 95 0
100 95 0
101 95 0
102 95 0
103 95 0
104 95 0
105 95 0
106 95 0
107 95 0
108 95 0
111 95 0
112 95 0
113 95 0
114 95 0
115 95 0
117 95 0
118 95 0
119 95 0
90 96 0
91 96 0
92 96 0
93 96 0
94 96 0
95 96 0
96 96 0
97 96 0
98 96 0
99 96 0
100 96 0
101 96 0
103 96 0
104 96 0
105 96 0
106 96 0
107 96 0
108 96 0
109 96 0
110 96 0
111 96 0
115 96 0
116 96 0
117 96 0
124 96 0
125 96 0
90 97 0
91 97 0
92 97 0
93 97 0
94 97 0
95 97 0
96 97 0
97 97 0
98 97 0
99 97 0
102 97 0
103 97 0
105 97 0
106 97 0
107 97 0
108 97 0
110 97 0
111 97 0
113 97 0
114 97 0
115 97 0
119 97 0
123 97 0
125 97 0
141 97 0
89 98 0
90 98 0
91 98 0
92 98 0
93 98 0
94 98 0
95 98 0
97 98 0
98 98 0
99 98 0
101 98 0
102 98 0
103 98 0
105 98 0
106 98 0
107 98 0
108 98 0
109 98 0
110 98 0
112 98 0
113 98 0
114 98 0
115 98 0
89 99 0
90 99 0
91 99 0
92 99 0
93 99 0
94 99 0
95 99 0
99 99 0
102 99 0
103 99 0
104 99 0
105 99 0
106 99 0
109 99 0
114 99 0
118 99 0
119 99 0
120 99 0
89 100 0
90 100 0
91 100 0
92 100 0
93 100 0
94 100 0
96 100 0
97 100 0
98 100 0
99 100 0
102 100 0
103 100 0
104 100 0
105 100 0
106 100 0
109 100 0
111 100 0
117 100 0
118 100 0
119 100 0
136 100 0
142 100 0
89 101 0
90 101 0
91 101 0
92 101 0
94 101 0
98 101 0
99 101 0
100 101 0
103 101 0
104 101 0
105 101 0
108 101 0
109 101 0
116 101 0
118 101 0
119 101 0
143 101 0
89 102 0
90 102 0
91 102 0
92 102 0
94 102 0
97 102 0
100 102 0
103 102 0
104 102 0
107 102 0
115 102 0
116 102 0
117 102 0
118 102 0
119 102 0
129 102 0
136 102 0
88 103 0
89 103 0
90 103 0
91 103 0
92 103 0
93 103 0
94 103 0
95 103 0
100 103 0
102 103 0
104 103 0
113 103 0
114 103 0
115 103 0
116 103 0
117 103 0
118 103 0
119 103 0
137 103 0
89 104 0
90 104 0
95 104 0
96 104 0
97 104 0
98 104 0
100 104 0
102 104 0
103 104 0
105 104 0
108 104 0
109 104 0
110 104 0
111 104 0
112 104 0
113 104 0
114 104 0
115 104 0
116 104 0
117 104 0
118 104 0
119 104 0
133 104 0
136 104 0
88 105 0
89 105 0
90 105 0
91 105 0
92 105 0
95 105 0
96 105 0
97 105 0
99 105 0
100 105 0
101 105 0
102 105 0
103 105 0
104 105 0
105 105 0
106 105 0
107 105 0
108 105 0
109 105 0
110 105 0
111 105 0
112 105 0
113 105 0
114 105 0
115 105 0
116 105 0
117 105 0
118 105 0
119 105 0
136 105 0
89 106 0
95 106 0
96 106 0
97 106 0
99 106 0
100 106 0
101 106 0
102 106 0
103 106 0
104 106 0
105 106 0
106 106 0
107 106 0
108 106 0
109 106 0
110 106 0
111 106 0
112 106 0
113 106 0
114 106 0
115 106 0
116 106 0
117 106 0
118 106 0
119 106 0
144 106 0
89 107 0
94 107 0
95 107 0
97 107 0
98 107 0
99 107 0
100 107 0
101 107 0
102 107 0
103 107 0
104 107 0
105 107 0
106 107 0
107 107 0
108 107 0
109 107 0
110 107 0
111 107 0
112 107 0
113 107 0
114 107 0
115 107 0
116 107 0
117 107 0
118 107 0
137 107 0
138 107 0
139 107 0
147 107 0
93 108 0
94 108 0
96 108 0
97 108 0
99 108 0
100 108 0
101 108 0
102 108 0
103 108 0
104 108 0
105 108 0
106 108 0
107 108 0
108 108 0
109 108 0
110 108 0
111 108 0
112 108 0
113 108 0
114 108 0
115 108 0
116 108 0
117 108 0
118 108 0
126 108 0
146 108 0
147 108 0
94 109 0
98 109 0
99 109 0
100 109 0
101 109 0
102 109 0
103 109 0
104 109 0
105 109 0
106 109 0
107 109 0
108 109 0
109 109 0
110 109 0
111 109 0
112 109 0
113 109 0
114 109 0
115 109 0
116 109 0
118 109 0
137 109 0
94 110 0
96 110 0
97 110 0
98 110 0
99 110 0
100 110 0
101 110 0
102 110 0
103 110 0
104 110 0
105 110 0
106 110 0
107 110 0
108 110 0
109 110 0
110 110 0
111 110 0
112 110 0
113 110 0
114 110 0
126 110 0
137 110 0
139 110 0
149 110 0
152 110 0
94 111 0
95 111 0
96 111 0
98 111 0
99 111 0
100 111 0
101 111 0
102 111 0
103 111 0
104 111 0
105 111 0
106 111 0
107 111 0
108 111 0
109 111 0
110 111 0
111 111 0
112 111 0
113 111 0
116 111 0
127 111 0
128 111 0
146 111 0
148 111 0
149 111 0
150 111 0
93 112 0
94 112 0
98 112 0
99 112 0
100 112 0
101 112 0
102 112 0
103 112 0
104 112 0
105 112 0
106 112 0
108 112 0
109 112 0
110 112 0
119 112 0
122 112 0
123 112 0
125 112 0
127 112 0
128 112 0
140 112 0
146 112 0
147 112 0
148 112 0
149 112 0
150 112 0
93 113 0
98 113 0
99 113 0
100 113 0
101 113 0
102 113 0
103 113 0
104 113 0
105 113 0
106 113 0
107 113 0
108 113 0
109 113 0
122 113 0
123 113 0
124 113 0
125 113 0
126 113 0
127 113 0
128 113 0
145 113 0
146 113 0
147 113 0
148 113 0
150 113 0
99 114 0
100 114 0
101 114 0
102 114 0
103 114 0
104 114 0
105 114 0
107 114 0
108 114 0
109 114 0
110 114 0
111 114 0
113 114 0
117 114 0
122 114 0
123 114 0
124 114 0
125 114 0
126 114 0
127 114 0
128 114 0
137 114 0
138 114 0
146 114 0
147 114 0
148 114 0
149 114 0
150 114 0
99 115 0
100 115 0
101 115 0
102 115 0
103 115 0
104 115 0
106 115 0
107 115 0
109 115 0
122 115 0
123 115 0
124 115 0
126 115 0
127 115 0
128 115 0
137 115 0
139 115 0
145 115 0
146 115 0
147 115 0
148 115 0
149 115 0
99 116 0
100 116 0
101 116 0
102 116 0
103 116 0
104 116 0
105 116 0
106 116 0
108 116 0
109 116 0
113 116 0
122 116 0
123 116 0
124 116 0
125 116 0
126 116 0
127 116 0
128 116 0
142 116 0
143 116 0
145 116 0
147 116 0
148 116 0
149 116 0
150 116 0
151 116 0
99 117 0
100 117 0
101 117 0
102 117 0
103 117 0
104 117 0
122 117 0
123 117 0
125 117 0
126 117 0
127 117 0
128 117 0
144 117 0
145 117 0
146 117 0
147 117 0
148 117 0
149 117 0
100 118 0
101 118 0
102 118 0
103 118 0
104 118 0
122 118 0
123 118 0
124 118 0
125 118 0
126 118 0
127 118 0
128 118 0
146 118 0
147 118 0
148 118 0
149 118 0
150 118 0
122 119 0
123 119 0
124 119 0
125 119 0
126 119 0
127 119 0
128 119 0
129 119 0
146 119 0
147 119 0
148 119 0
100 120 0
101 120 0
102 120 0
122 120 0
123 120 0
124 120 0
125 120 0
126 120 0
127 120 0
143 120 0
144 120 0
145 120 0
146 120 0
147 120 0
148 120 0
149 120 0
150 120 0
122 121 0
123 121 0
124 121 0
125 121 0
126 121 0
127 121 0
128 121 0
130 121 0
143 121 0
144 121 0
145 121 0
146 121 0
147 121 0
148 121 0
149 121 0
150 121 0
122 122 0
123 122 0
124 122 0
125 122 0
126 122 0
128 122 0
129 122 0
133 122 0
137 122 0
144 122 0
145 122 0
146 122 0
147 122 0
148 122 0
149 122 0
122 123 0
123 123 0
124 123 0
125 123 0
126 123 0
127 123 0
128 123 0
129 123 0
143 123 0
144 123 0
145 123 0
146 123 0
147 123 0
148 123 0
121 124 0
122 124 0
123 124 0
124 124 0
125 124 0
126 124 0
127 124 0
128 124 0
129 124 0
130 124 0
132 124 0
134 124 0
143 124 0
144 124 0
145 124 0
146 124 0
147 124 0
119 125 0
120 125 0
121 125 0
122 125 0
123 125 0
124 125 0
125 125 0
126 125 0
127 125 0
132 125 0
142 125 0
143 125 0
144 125 0
145 125 0
146 125 0
147 125 0
119 126 0
120 126 0
121 126 0
122 126 0
123 126 0
124 126 0
125 126 0
126 126 0
132 126 0
142 126 0
143 126 0
144 126 0
145 126 0
146 126 0
93 127 0
94 127 0
95 127 0
96 127 0
117 127 0
118 127 0
119 127 0
120 127 0
121 127 0
122 127 0
123 127 0
124 127 0
125 127 0
126 127 0
127 127 0
128 127 0
131 127 0
142 127 0
143 127 0
144 127 0
145 127 0
146 127 0
93 128 0
94 128 0
95 128 0
96 128 0
97 128 0
98 128 0
99 128 0
100 128 0
101 128 0
116 128 0
117 128 0
118 128 0
119 128 0
120 128 0
121 128 0
122 128 0
123 128 0
124 128 0
125 128 0
126 128 0
127 128 0
128 128 0
129 128 0
130 128 0
131 128 0
134 128 0
135 128 0
141 128 0
142 128 0
143 128 0
144 128 0
145 128 0
146 128 0
93 129 0
94 129 0
95 129 0
96 129 0
97 129 0
98 129 0
99 129 0
100 129 0
101 129 0
102 129 0
114 129 0
115 129 0
116 129 0
117 129 0
118 129 0
119 129 0
120 129 0
121 129 0
122 129 0
123 129 0
124 129 0
125 129 0
127 129 0
128 129 0
129 129 0
130 129 0
131 129 0
141 129 0
142 129 0
143 129 0
144 129 0
145 129 0
94 130 0
95 130 0
96 130 0
97 130 0
98 130 0
99 130 0
100 130 0
101 130 0
102 130 0
103 130 0
104 130 0
112 130 0
113 130 0
114 130 0
115 130 0
116 130 0
117 130 0
118 130 0
119 130 0
120 130 0
121 130 0
122 130 0
123 130 0
124 130 0
125 130 0
128 130 0
129 130 0
141 130 0
142 130 0
143 130 0
144 130 0
145 130 0
95 131 0
96 131 0
97 131 0
98 131 0
99 131 0
100 131 0
101 131 0
102 131 0
103 131 0
104 131 0
105 131 0
106 131 0
107 131 0
108 131 0
109 131 0
110 131 0
111 131 0
112 131 0
113 131 0
114 131 0
115 131 0
116 131 0
117 131 0
118 131 0
119 131 0
120 131 0
121 131 0
122 131 0
123 131 0
124 131 0
129 131 0
130 131 0
131 131 0
140 131 0
141 131 0
142 131 0
143 131 0
144 131 0
145 131 0
94 132 0
95 132 0
96 132 0
97 132 0
98 132 0
99 132 0
100 132 0
101 132 0
102 132 0
103 132 0
104 132 0
105 132 0
106 132 0
107 132 0
108 132 0
109 132 0
110 132 0
111 132 0
112 132 0
113 132 0
114 132 0
115 132 0
116 132 0
117 132 0
118 132 0
119 132 0
120 132 0
121 132 0
122 132 0
123 132 0
124 132 0
125 132 0
126 132 0
128 132 0
129 132 0
130 132 0
131 132 0
140 132 0
141 132 0
142 132 0
143 132 0
144 132 0
94 133 0
95 133 0
96 133 0
97 133 0
98 133 0
99 133 0
100 133 0
101 133 0
102 133 0
103 133 0
104 133 0
105 133 0
106 133 0
107 133 0
108 133 0
109 133 0
110 133 0
111 133 0
112 133 0
113 133 0
114 133 0
115 133 0
116 133 0
117 133 0
118 133 0
119 133 0
120 133 0
121 133 0
122 133 0
123 133 0
124 133 0
127 133 0
128 133 0
129 133 0
135 133 0
139 133 0
140 133 0
141 133 0
142 133 0
143 133 0
144 133 0
145 133 0
95 134 0
96 134 0
97 134 0
98 134 0
99 134 0
100 134 0
101 134 0
102 134 0
103 134 0
104 134 0
105 134 0
106 134 0
107 134 0
108 134 0
109 134 0
110 134 0
111 134 0
112 134 0
113 134 0
114 134 0
115 134 0
116 134 0
117 134 0
118 134 0
119 134 0
120 134 0
121 134 0
122 134 0
123 134 0
124 134 0
125 134 0
128 134 0
134 134 0
138 134 0
139 134 0
140 134 0
141 134 0
142 134 0
143 134 0
144 134 0
145 134 0
96 135 0
97 135 0
98 135 0
99 135 0
100 135 0
101 135 0
102 135 0
103 135 0
104 135 0
105 135 0
106 135 0
107 135 0
108 135 0
109 135 0
110 135 0
111 135 0
112 135 0
113 135 0
114 135 0
115 135 0
116 135 0
117 135 0
118 135 0
119 135 0
120 135 0
121 135 0
122 135 0
123 135 0
124 135 0
125 135 0
127 135 0
128 135 0
129 135 0
130 135 0
137 135 0
138 135 0
139 135 0
140 135 0
141 135 0
142 135 0
143 135 0
96 136 0
97 136 0
98 136 0
99 136 0
100 136 0
101 136 0
102 136 0
103 136 0
104 136 0
105 136 0
106 136 0
107 136 0
108 136 0
109 136 0
110 136 0
111 136 0
112 136 0
113 136 0
114 136 0
115 136 0
116 136 0
117 136 0
118 136 0
119 136 0
120 136 0
121 136 0
122 136 0
123 136 0
124 136 0
125 136 0
127 136 0
128 136 0
129 136 0
130 136 0
131 136 0
132 136 0
135 136 0
136 136 0
137 136 0
138 136 0
139 136 0
140 136 0
141 136 0
142 136 0
96 137 0
97 137 0
98 137 0
99 137 0
100 137 0
101 137 0
102 137 0
103 137 0
104 137 0
105 137 0
106 137 0
107 137 0
108 137 0
109 137 0
110 137 0
111 137 0
112 137 0
113 137 0
114 137 0
115 137 0
116 137 0
117 137 0
118 137 0
119 137 0
120 137 0
121 137 0
122 137 0
124 137 0
128 137 0
129 137 0
130 137 0
131 137 0
134 137 0
135 137 0
136 137 0
137 137 0
138 137 0
139 137 0
140 137 0
141 137 0
142 137 0
143 137 0
144 137 0
97 138 0
98 138 0
99 138 0
100 138 0
101 138 0
102 138 0
103 138 0
104 138 0
105 138 0
106 138 0
107 138 0
108 138 0
109 138 0
110 138 0
111 138 0
112 138 0
113 138 0
114 138 0
115 138 0
118 138 0
119 138 0
121 138 0
122 138 0
123 138 0
128 138 0
133 138 0
134 138 0
135 138 0
136 138 0
137 138 0
138 138 0
139 138 0
140 138 0
141 138 0
142 138 0
143 138 0
97 139 0
98 139 0
99 139 0
100 139 0
101 139 0
102 139 0
103 139 0
104 139 0
106 139 0
107 139 0
108 139 0
109 139 0
110 139 0
111 139 0
112 139 0
113 139 0
114 139 0
115 139 0
116 139 0
117 139 0
118 139 0
119 139 0
120 139 0
121 139 0
122 139 0
123 139 0
124 139 0
125 139 0
126 139 0
128 139 0
129 139 0
132 139 0
133 139 0
134 139 0
135 139 0
136 139 0
137 139 0
138 139 0
139 139 0
140 139 0
141 139 0
142 139 0
143 139 0
97 140 0
98 140 0
99 140 0
100 140 0
101 140 0
102 140 0
103 140 0
104 140 0
105 140 0
106 140 0
107 140 0
108 140 0
109 140 0
110 140 0
111 140 0
112 140 0
113 140 0
117 140 0
120 140 0
121 140 0
124 140 0
128 140 0
130 140 0
131 140 0
132 140 0
133 140 0
134 140 0
135 140 0
136 140 0
137 140 0
138 140 0
139 140 0
140 140 0
141 140 0
142 140 0
143 140 0
98 141 0
99 141 0
100 141 0
101 141 0
102 141 0
103 141 0
104 141 0
105 141 0
106 141 0
107 141 0
108 141 0
109 141 0
110 141 0
111 141 0
112 141 0
113 141 0
119 141 0
120 141 0
121 141 0
123 141 0
124 141 0
125 141 0
127 141 0
128 141 0
129 141 0
130 141 0
131 141 0
132 141 0
133 141 0
134 141 0
135 141 0
136 141 0
137 141 0
138 141 0
139 141 0
140 141 0
141 141 0
98 142 0
99 142 0
100 142 0
101 142 0
102 142 0
103 142 0
104 142 0
105 142 0
106 142 0
107 142 0
108 142 0
109 142 0
110 142 0
112 142 0
113 142 0
117 142 0
118 142 0
119 142 0
120 142 0
121 142 0
122 142 0
124 142 0
126 142 0
127 142 0
128 142 0
129 142 0
130 142 0
131 142 0
132 142 0
133 142 0
134 142 0
135 142 0
136 142 0
137 142 0
138 142 0
139 142 0
140 142 0
99 143 0
100 143 0
101 143 0
102 143 0
103 143 0
104 143 0
105 143 0
106 143 0
107 143 0
108 143 0
112 143 0
113 143 0
114 143 0
115 143 0
116 143 0
123 143 0
124 143 0
125 143 0
126 143 0
127 143 0
128 143 0
129 143 0
130 143 0
131 143 0
132 143 0
133 143 0
134 143 0
135 143 0
136 143 0
137 143 0
138 143 0
139 143 0
140 143 0
101 144 0
102 144 0
103 144 0
104 144 0
107 144 0
108 144 0
113 144 0
115 144 0
116 144 0
117 144 0
121 144 0
122 144 0
123 144 0
124 144 0
125 144 0
126 144 0
127 144 0
128 144 0
129 144 0
130 144 0
131 144 0
132 144 0
133 144 0
134 144 0
135 144 0
136 144 0
137 144 0
138 144 0
139 144 0
140 144 0
110 145 0
112 145 0
116 145 0
119 145 0
120 145 0
121 145 0
122 145 0
123 145 0
124 145 0
125 145 0
126 145 0
127 145 0
128 145 0
129 145 0
130 145 0
131 145 0
132 145 0
133 145 0
134 145 0
135 145 0
136 145 0
137 145 0
138 145 0
139 145 0
140 145 0
142 145 0
103 146 0
104 146 0
110 146 0
114 146 0
117 146 0
118 146 0
119 146 0
120 146 0
121 146 0
122 146 0
123 146 0
124 146 0
125 146 0
126 146 0
127 146 0
128 146 0
129 146 0
130 146 0
131 146 0
132 146 0
133 146 0
134 146 0
135 146 0
136 146 0
137 146 0
138 146 0
139 146 0
140 146 0
103 147 0
104 147 0
105 147 0
106 147 0
107 147 0
108 147 0
109 147 0
110 147 0
111 147 0
112 147 0
113 147 0
114 147 0
115 147 0
116 147 0
117 147 0
118 147 0
119 147 0
120 147 0
121 147 0
122 147 0
123 147 0
124 147 0
125 147 0
126 147 0
127 147 0
128 147 0
129 147 0
130 147 0
131 147 0
132 147 0
133 147 0
134 147 0
135 147 0
136 147 0
138 147 0
139 147 0
104 148 0
105 148 0
106 148 0
107 148 0
108 148 0
109 148 0
110 148 0
111 148 0
112 148 0
113 148 0
114 148 0
115 148 0
116 148 0
117 148 0
118 148 0
119 148 0
120 148 0
121 148 0
122 148 0
123 148 0
124 148 0
125 148 0
126 148 0
127 148 0
128 148 0
129 148 0
130 148 0
131 148 0
133 148 0
134 148 0
135 148 0
136 148 0
137 148 0
142 148 0
105 149 0
106 149 0
107 149 0
108 149 0
109 149 0
110 149 0
111 149 0
112 149 0
113 149 0
114 149 0
115 149 0
116 149 0
117 149 0
118 149 0
119 149 0
120 149 0
121 149 0
122 149 0
123 149 0
124 149 0
125 149 0
126 149 0
127 149 0
128 149 0
129 149 0
130 149 0
131 149 0
133 149 0
134 149 0
107 150 0
108 150 0
109 150 0
110 150 0
111 150 0
112 150 0
113 150 0
114 150 0
115 150 0
116 150 0
117 150 0
118 150 0
119 150 0
120 150 0
121 150 0
122 150 0
123 150 0
124 150 0
125 150 0
126 150 0
127 150 0
129 150 0
130 150 0
131 150 0
134 150 0
135 150 0
109 151 0
110 151 0
111 151 0
112 151 0
115 151 0
116 151 0
117 151 0
118 151 0
119 151 0
120 151 0
121 151 0
122 151 0
123 151 0
124 151 0
125 151 0
126 151 0
127 151 0
130 151 0
131 151 0
132 151 0
136 151 0
110 152 0
111 152 0
114 152 0
115 152 0
116 152 0
117 152 0
119 152 0
120 152 0
121 152 0
122 152 0
123 152 0
124 152 0
125 152 0
126 152 0
127 152 0
128 152 0
129 152 0
130 152 0
131 152 0
134 152 0
137 152 0
116 153 0
118 153 0
119 153 0
120 153 0
121 153 0
123 153 0
124 153 0
125 153 0
127 153 0
128 153 0
130 153 0
137 153 0
118 154 0
125 154 0
127 154 0
125 155 0
140 156 0
202 101 1
203 101 1
201 102 1
202 102 1
204 102 1
201 103 1
198 105 1
202 105 1
203 105 1
204 105 1
211 105 1
197 106 1
202 106 1
203 106 1
213 106 1
215 106 1
216 106 1
204 107 1
217 107 1
218 107 1
220 108 1
223 109 1
224 109 1
226 109 1
227 109 1
228 109 1
228 110 1
229 110 1
230 110 1
231 110 1
232 110 1
233 110 1
234 110 1
235 110 1
233 111 1
235 111 1
238 111 1
239 111 1
240 111 1
241 111 1
242 111 1
243 111 1
211 112 1
212 112 1
239 112 1
242 112 1
243 112 1
244 112 1
245 112 1
247 112 1
210 113 1
211 113 1
213 113 1
247 113 1
248 113 1
249 113 1
250 113 1
251 113 1
216 114 1
217 114 1
218 114 1
250 114 1
251 114 1
252 114 1
253 114 1
254 114 1
255 114 1
214 115 1
215 115 1
220 115 1
223 115 1
224 115 1
225 115 1
226 115 1
227 115 1
253 115 1
254 115 1
255 115 1
256 115 1
257 115 1
219 116 1
222 116 1
223 116 1
224 116 1
225 116 1
226 116 1
227 116 1
228 116 1
229 116 1
230 116 1
254 116 1
255 116 1
256 116 1
257 116 1
259 116 1
260 116 1
263 116 1
264 116 1
221 117 1
223 117 1
224 117 1
225 117 1
227 117 1
228 117 1
230 117 1
231 117 1
232 117 1
254 117 1
255 117 1
256 117 1
257 117 1
259 117 1
230 118 1
254 118 1
255 118 1
256 118 1
257 118 1
233 119 1
236 119 1
253 119 1
254 119 1
255 119 1
256 119 1
277 119 1
288 119 1
289 119 1
290 119 1
291 119 1
231 120 1
236 120 1
238 120 1
253 120 1
254 120 1
255 120 1
256 120 1
287 120 1
290 120 1
291 120 1
292 120 1
293 120 1
241 121 1
253 121 1
254 121 1
291 121 1
292 121 1
293 121 1
294 121 1
295 121 1
240 122 1
252 122 1
253 122 1
254 122 1
256 122 1
293 122 1
295 122 1
296 122 1
298 122 1
307 122 1
246 123 1
252 123 1
253 123 1
254 123 1
293 123 1
296 123 1
297 123 1
298 123 1
299 123 1
305 123 1
306 123 1
307 123 1
308 123 1
309 123 1
310 123 1
240 124 1
246 124 1
247 124 1
252 124 1
253 124 1
254 124 1
298 124 1
299 124 1
300 124 1
301 124 1
302 124 1
303 124 1
304 124 1
305 124 1
306 124 1
308 124 1
309 124 1
310 124 1
311 124 1
314 124 1
315 124 1
316 124 1
317 124 1
318 124 1
319 124 1
320 124 1
321 124 1
245 125 1
251 125 1
252 125 1
253 125 1
255 125 1
256 125 1
258 125 1
259 125 1
301 125 1
302 125 1
303 125 1
304 125 1
305 125 1
306 125 1
311 125 1
312 125 1
313 125 1
314 125 1
315 125 1
316 125 1
317 125 1
318 125 1
319 125 1
320 125 1
321 125 1
322 125 1
323 125 1
324 125 1
250 126 1
251 126 1
252 126 1
253 126 1
254 126 1
255 126 1
304 126 1
307 126 1
311 126 1
313 126 1
314 126 1
315 126 1
320 126 1
322 126 1
323 126 1
324 126 1
325 126 1
326 126 1
252 127 1
253 127 1
254 127 1
255 127 1
316 127 1
319 127 1
320 127 1
322 127 1
323 127 1
324 127 1
325 127 1
326 127 1
327 127 1
253 128 1
254 128 1
324 128 1
325 128 1
326 128 1
327 128 1
328 128 1
329 128 1
251 129 1
253 129 1
254 129 1
328 129 1
329 129 1
330 129 1
331 129 1
254 130 1
330 130 1
331 130 1
332 130 1
333 130 1
334 130 1
335 130 1
336 130 1
337 130 1
338 130 1
254 131 1
331 131 1
332 131 1
333 131 1
334 131 1
335 131 1
336 131 1
337 131 1
254 132 1
333 132 1
335 132 1
336 132 1
337 132 1
338 132 1
254 133 1
335 133 1
336 133 1
255 134 1
256 134 1
256 136 1
258 138 1
259 139 1
260 139 1
261 139 1
262 139 1
263 139 1
264 140 1
265 140 1
265 141 1
271 145 1
272 145 1
273 145 1
274 145 1
273 146 1
274 146 1
275 146 1
276 146 1
277 146 1
276 147 1
277 147 1
278 147 1
279 147 1
279 148 1
281 148 1
284 149 1
285 149 1
285 150 1
286 150 1
287 150 1
288 150 1
289 151 1
293 152 1
294 152 1
297 153 1
298 153 1
299 153 1
300 153 1
301 153 1
301 154 1
302 154 1
303 154 1
304 154 1
305 154 1
304 155 1
305 155 1
306 155 1
307 155 1
308 155 1
309 155 1
310 155 1
310 156 1
311 156 1
312 156 1
313 156 1
315 157 1
318 157 1
319 157 1
320 158 1
321 158 1
322 158 1
323 158 1
324 158 1
327 159 1
328 159 1
329 159 1
341 162 1
