101 72 0
97 73 0
98 73 0
99 73 0
100 73 0
101 73 0
102 73 0
103 73 0
104 73 0
105 73 0
106 73 0
108 73 0
94 74 0
95 74 0
96 74 0
97 74 0
98 74 0
99 74 0
100 74 0
101 74 0
102 74 0
103 74 0
104 74 0
105 74 0
106 74 0
107 74 0
108 74 0
109 74 0
110 74 0
111 74 0
112 74 0
113 74 0
115 74 0
116 74 0
93 75 0
94 75 0
95 75 0
97 75 0
98 75 0
99 75 0
100 75 0
101 75 0
102 75 0
103 75 0
104 75 0
105 75 0
106 75 0
107 75 0
108 75 0
109 75 0
110 75 0
111 75 0
112 75 0
113 75 0
115 75 0
116 75 0
117 75 0
118 75 0
92 76 0
93 76 0
94 76 0
96 76 0
97 76 0
98 76 0
99 76 0
100 76 0
101 76 0
102 76 0
103 76 0
104 76 0
105 76 0
106 76 0
107 76 0
108 76 0
109 76 0
110 76 0
111 76 0
112 76 0
113 76 0
114 76 0
115 76 0
116 76 0
117 76 0
90 77 0
91 77 0
92 77 0
93 77 0
94 77 0
95 77 0
96 77 0
97 77 0
98 77 0
99 77 0
100 77 0
101 77 0
102 77 0
103 77 0
104 77 0
105 77 0
106 77 0
107 77 0
108 77 0
109 77 0
110 77 0
111 77 0
112 77 0
113 77 0
114 77 0
115 77 0
116 77 0
117 77 0
118 77 0
119 77 0
120 77 0
121 77 0
90 78 0
91 78 0
92 78 0
93 78 0
94 78 0
95 78 0
96 78 0
97 78 0
98 78 0
99 78 0
100 78 0
101 78 0
102 78 0
103 78 0
104 78 0
105 78 0
106 78 0
107 78 0
108 78 0
109 78 0
110 78 0
111 78 0
112 78 0
113 78 0
114 78 0
115 78 0
116 78 0
117 78 0
121 78 0
88 79 0
89 79 0
90 79 0
91 79 0
92 79 0
93 79 0
94 79 0
95 79 0
96 79 0
97 79 0
98 79 0
99 79 0
100 79 0
102 79 0
103 79 0
104 79 0
105 79 0
107 79 0
108 79 0
110 79 0
111 79 0
112 79 0
113 79 0
115 79 0
116 79 0
117 79 0
87 80 0
88 80 0
89 80 0
90 80 0
91 80 0
92 80 0
93 80 0
94 80 0
95 80 0
96 80 0
97 80 0
98 80 0
99 80 0
100 80 0
101 80 0
102 80 0
103 80 0
104 80 0
105 80 0
107 80 0
108 80 0
111 80 0
112 80 0
113 80 0
116 80 0
117 80 0
118 80 0
119 80 0
120 80 0
122 80 0
87 81 0
88 81 0
89 81 0
90 81 0
91 81 0
92 81 0
93 81 0
94 81 0
95 81 0
96 81 0
97 81 0
98 81 0
99 81 0
100 81 0
101 81 0
102 81 0
103 81 0
104 81 0
105 81 0
106 81 0
112 81 0
113 81 0
116 81 0
119 81 0
120 81 0
122 81 0
86 82 0
87 82 0
88 82 0
89 82 0
90 82 0
91 82 0
92 82 0
93 82 0
94 82 0
95 82 0
96 82 0
97 82 0
98 82 0
100 82 0
101 82 0
102 82 0
103 82 0
104 82 0
105 82 0
109 82 0
111 82 0
112 82 0
116 82 0
122 82 0
86 83 0
87 83 0
88 83 0
89 83 0
90 83 0
91 83 0
92 83 0
93 83 0
94 83 0
95 83 0
97 83 0
98 83 0
99 83 0
100 83 0
101 83 0
102 83 0
103 83 0
104 83 0
107 83 0
109 83 0
85 84 0
86 84 0
87 84 0
88 84 0
89 84 0
90 84 0
91 84 0
92 84 0
93 84 0
94 84 0
95 84 0
99 84 0
102 84 0
103 84 0
106 84 0
107 84 0
108 84 0
85 85 0
86 85 0
87 85 0
88 85 0
89 85 0
90 85 0
91 85 0
92 85 0
93 85 0
94 85 0
97 85 0
98 85 0
100 85 0
102 85 0
105 85 0
84 86 0
85 86 0
86 86 0
87 86 0
88 86 0
89 86 0
90 86 0
91 86 0
92 86 0
97 86 0
99 86 0
100 86 0
105 86 0
106 86 0
130 86 0
84 87 0
85 87 0
86 87 0
87 87 0
88 87 0
89 87 0
90 87 0
91 87 0
92 87 0
93 87 0
94 87 0
99 87 0
100 87 0
101 87 0
104 87 0
130 87 0
131 87 0
83 88 0
84 88 0
85 88 0
86 88 0
87 88 0
88 88 0
89 88 0
90 88 0
91 88 0
92 88 0
93 88 0
99 88 0
100 88 0
101 88 0
102 88 0
103 88 0
105 88 0
107 88 0
123 88 0
131 88 0
83 89 0
84 89 0
85 89 0
86 89 0
87 89 0
88 89 0
89 89 0
91 89 0
92 89 0
97 89 0
98 89 0
99 89 0
100 89 0
101 89 0
102 89 0
103 89 0
104 89 0
105 89 0
106 89 0
108 89 0
127 89 0
131 89 0
83 90 0
84 90 0
85 90 0
86 90 0
87 90 0
88 90 0
89 90 0
91 90 0
97 90 0
98 90 0
99 90 0
100 90 0
101 90 0
102 90 0
103 90 0
104 90 0
105 90 0
106 90 0
125 90 0
127 90 0
131 90 0
132 90 0
83 91 0
84 91 0
85 91 0
86 91 0
88 91 0
95 91 0
96 91 0
97 91 0
98 91 0
99 91 0
100 91 0
101 91 0
102 91 0
103 91 0
104 91 0
105 91 0
106 91 0
107 91 0
108 91 0
113 91 0
127 91 0
132 91 0
83 92 0
84 92 0
85 92 0
88 92 0
89 92 0
92 92 0
95 92 0
96 92 0
97 92 0
98 92 0
99 92 0
100 92 0
101 92 0
102 92 0
103 92 0
104 92 0
105 92 0
106 92 0
107 92 0
108 92 0
109 92 0
110 92 0
111 92 0
112 92 0
113 92 0
132 92 0
133 92 0
137 92 0
83 93 0
84 93 0
94 93 0
95 93 0
96 93 0
97 93 0
98 93 0
99 93 0
100 93 0
101 93 0
102 93 0
103 93 0
104 93 0
105 93 0
106 93 0
107 93 0
108 93 0
109 93 0
110 93 0
111 93 0
112 93 0
113 93 0
130 93 0
131 93 0
132 93 0
133 93 0
137 93 0
83 94 0
94 94 0
95 94 0
96 94 0
97 94 0
98 94 0
99 94 0
100 94 0
101 94 0
102 94 0
103 94 0
104 94 0
105 94 0
106 94 0
107 94 0
108 94 0
109 94 0
110 94 0
111 94 0
112 94 0
113 94 0
130 94 0
132 94 0
133 94 0
134 94 0
136 94 0
137 94 0
84 95 0
89 95 0
94 95 0
95 95 0
96 95 0
97 95 0
98 95 0
99 95 0
100 95 0
101 95 0
102 95 0
103 95 0
104 95 0
105 95 0
106 95 0
107 95 0
108 95 0
109 95 0
110 95 0
111 95 0
112 95 0
113 95 0
114 95 0
133 95 0
134 95 0
83 96 0
89 96 0
90 96 0
91 96 0
93 96 0
94 96 0
95 96 0
96 96 0
97 96 0
98 96 0
99 96 0
100 96 0
101 96 0
102 96 0
103 96 0
104 96 0
105 96 0
106 96 0
107 96 0
108 96 0
109 96 0
110 96 0
113 96 0
114 96 0
133 96 0
134 96 0
85 97 0
88 97 0
89 97 0
93 97 0
94 97 0
95 97 0
96 97 0
97 97 0
98 97 0
99 97 0
100 97 0
101 97 0
102 97 0
103 97 0
104 97 0
105 97 0
106 97 0
107 97 0
108 97 0
109 97 0
116 97 0
117 97 0
134 97 0
135 97 0
137 97 0
139 97 0
93 98 0
94 98 0
95 98 0
96 98 0
97 98 0
98 98 0
99 98 0
100 98 0
101 98 0
102 98 0
103 98 0
104 98 0
105 98 0
106 98 0
107 98 0
114 98 0
116 98 0
117 98 0
118 98 0
119 98 0
129 98 0
134 98 0
135 98 0
136 98 0
137 98 0
88 99 0
91 99 0
92 99 0
93 99 0
94 99 0
95 99 0
96 99 0
97 99 0
98 99 0
99 99 0
100 99 0
101 99 0
102 99 0
103 99 0
104 99 0
105 99 0
106 99 0
107 99 0
116 99 0
117 99 0
118 99 0
134 99 0
135 99 0
136 99 0
137 99 0
139 99 0
92 100 0
93 100 0
94 100 0
95 100 0
96 100 0
97 100 0
98 100 0
99 100 0
100 100 0
102 100 0
104 100 0
116 100 0
117 100 0
118 100 0
120 100 0
131 100 0
135 100 0
139 100 0
92 101 0
93 101 0
94 101 0
95 101 0
96 101 0
97 101 0
98 101 0
99 101 0
100 101 0
102 101 0
103 101 0
104 101 0
116 101 0
117 101 0
118 101 0
119 101 0
120 101 0
131 101 0
132 101 0
136 101 0
137 101 0
138 101 0
88 102 0
92 102 0
93 102 0
94 102 0
95 102 0
96 102 0
97 102 0
98 102 0
99 102 0
100 102 0
101 102 0
102 102 0
117 102 0
118 102 0
119 102 0
120 102 0
133 102 0
135 102 0
136 102 0
137 102 0
138 102 0
139 102 0
140 102 0
88 103 0
92 103 0
93 103 0
95 103 0
96 103 0
97 103 0
98 103 0
101 103 0
103 103 0
116 103 0
117 103 0
118 103 0
119 103 0
120 103 0
121 103 0
122 103 0
136 103 0
137 103 0
138 103 0
139 103 0
140 103 0
141 103 0
93 104 0
95 104 0
96 104 0
97 104 0
98 104 0
116 104 0
117 104 0
118 104 0
119 104 0
120 104 0
121 104 0
122 104 0
124 104 0
136 104 0
137 104 0
138 104 0
139 104 0
140 104 0
93 105 0
94 105 0
96 105 0
97 105 0
98 105 0
116 105 0
117 105 0
118 105 0
119 105 0
120 105 0
121 105 0
122 105 0
123 105 0
131 105 0
136 105 0
137 105 0
138 105 0
139 105 0
140 105 0
141 105 0
142 105 0
94 106 0
95 106 0
116 106 0
117 106 0
118 106 0
119 106 0
120 106 0
121 106 0
122 106 0
137 106 0
139 106 0
140 106 0
142 106 0
90 107 0
91 107 0
92 107 0
93 107 0
95 107 0
116 107 0
117 107 0
118 107 0
119 107 0
120 107 0
121 107 0
122 107 0
123 107 0
137 107 0
138 107 0
139 107 0
140 107 0
141 107 0
142 107 0
89 108 0
90 108 0
93 108 0
94 108 0
96 108 0
97 108 0
116 108 0
117 108 0
118 108 0
119 108 0
120 108 0
121 108 0
122 108 0
124 108 0
136 108 0
137 108 0
138 108 0
139 108 0
140 108 0
141 108 0
142 108 0
90 109 0
91 109 0
92 109 0
93 109 0
97 109 0
116 109 0
117 109 0
118 109 0
119 109 0
120 109 0
121 109 0
123 109 0
124 109 0
126 109 0
127 109 0
136 109 0
137 109 0
138 109 0
139 109 0
140 109 0
141 109 0
142 109 0
144 109 0
88 110 0
92 110 0
93 110 0
94 110 0
96 110 0
97 110 0
116 110 0
117 110 0
118 110 0
119 110 0
120 110 0
121 110 0
122 110 0
123 110 0
126 110 0
127 110 0
135 110 0
136 110 0
137 110 0
138 110 0
139 110 0
140 110 0
141 110 0
142 110 0
88 111 0
89 111 0
90 111 0
91 111 0
92 111 0
93 111 0
94 111 0
95 111 0
96 111 0
97 111 0
98 111 0
116 111 0
117 111 0
118 111 0
119 111 0
120 111 0
121 111 0
122 111 0
125 111 0
126 111 0
127 111 0
129 111 0
135 111 0
136 111 0
137 111 0
138 111 0
139 111 0
140 111 0
142 111 0
87 112 0
89 112 0
90 112 0
91 112 0
92 112 0
93 112 0
94 112 0
95 112 0
96 112 0
97 112 0
102 112 0
116 112 0
117 112 0
118 112 0
119 112 0
120 112 0
121 112 0
122 112 0
123 112 0
124 112 0
125 112 0
126 112 0
130 112 0
136 112 0
137 112 0
138 112 0
139 112 0
140 112 0
141 112 0
87 113 0
88 113 0
89 113 0
90 113 0
91 113 0
92 113 0
93 113 0
94 113 0
95 113 0
97 113 0
98 113 0
99 113 0
100 113 0
101 113 0
102 113 0
103 113 0
115 113 0
116 113 0
117 113 0
118 113 0
119 113 0
120 113 0
121 113 0
122 113 0
123 113 0
125 113 0
136 113 0
137 113 0
138 113 0
139 113 0
140 113 0
141 113 0
87 114 0
88 114 0
89 114 0
90 114 0
91 114 0
92 114 0
93 114 0
94 114 0
95 114 0
96 114 0
97 114 0
98 114 0
99 114 0
100 114 0
101 114 0
102 114 0
103 114 0
104 114 0
105 114 0
106 114 0
115 114 0
116 114 0
117 114 0
118 114 0
119 114 0
120 114 0
122 114 0
123 114 0
124 114 0
125 114 0
126 114 0
136 114 0
137 114 0
138 114 0
139 114 0
140 114 0
141 114 0
88 115 0
89 115 0
90 115 0
91 115 0
92 115 0
93 115 0
94 115 0
95 115 0
96 115 0
97 115 0
98 115 0
99 115 0
100 115 0
101 115 0
102 115 0
103 115 0
104 115 0
105 115 0
106 115 0
113 115 0
114 115 0
115 115 0
116 115 0
117 115 0
118 115 0
119 115 0
120 115 0
121 115 0
122 115 0
124 115 0
125 115 0
131 115 0
135 115 0
136 115 0
137 115 0
138 115 0
139 115 0
141 115 0
90 116 0
91 116 0
92 116 0
93 116 0
94 116 0
95 116 0
96 116 0
97 116 0
98 116 0
99 116 0
100 116 0
101 116 0
102 116 0
103 116 0
104 116 0
105 116 0
106 116 0
107 116 0
112 116 0
113 116 0
114 116 0
115 116 0
116 116 0
117 116 0
118 116 0
119 116 0
120 116 0
121 116 0
122 116 0
123 116 0
124 116 0
125 116 0
129 116 0
135 116 0
136 116 0
137 116 0
138 116 0
139 116 0
140 116 0
141 116 0
88 117 0
89 117 0
90 117 0
91 117 0
92 117 0
93 117 0
94 117 0
95 117 0
96 117 0
97 117 0
98 117 0
99 117 0
100 117 0
101 117 0
102 117 0
103 117 0
104 117 0
105 117 0
106 117 0
107 117 0
108 117 0
109 117 0
110 117 0
111 117 0
112 117 0
113 117 0
114 117 0
115 117 0
116 117 0
117 117 0
118 117 0
119 117 0
120 117 0
121 117 0
122 117 0
123 117 0
128 117 0
135 117 0
136 117 0
137 117 0
138 117 0
139 117 0
140 117 0
90 118 0
91 118 0
92 118 0
93 118 0
94 118 0
95 118 0
96 118 0
97 118 0
98 118 0
99 118 0
100 118 0
101 118 0
102 118 0
103 118 0
104 118 0
105 118 0
106 118 0
107 118 0
108 118 0
109 118 0
110 118 0
111 118 0
112 118 0
113 118 0
114 118 0
115 118 0
116 118 0
117 118 0
118 118 0
119 118 0
120 118 0
121 118 0
122 118 0
123 118 0
124 118 0
125 118 0
128 118 0
135 118 0
136 118 0
137 118 0
138 118 0
139 118 0
140 118 0
90 119 0
91 119 0
92 119 0
93 119 0
94 119 0
95 119 0
96 119 0
97 119 0
98 119 0
99 119 0
100 119 0
101 119 0
102 119 0
103 119 0
104 119 0
105 119 0
106 119 0
107 119 0
108 119 0
109 119 0
110 119 0
111 119 0
112 119 0
113 119 0
114 119 0
115 119 0
116 119 0
117 119 0
118 119 0
119 119 0
121 119 0
122 119 0
123 119 0
124 119 0
125 119 0
126 119 0
128 119 0
134 119 0
135 119 0
136 119 0
137 119 0
138 119 0
139 119 0
88 120 0
90 120 0
91 120 0
92 120 0
93 120 0
94 120 0
95 120 0
96 120 0
97 120 0
98 120 0
99 120 0
100 120 0
101 120 0
102 120 0
103 120 0
104 120 0
105 120 0
106 120 0
107 120 0
108 120 0
109 120 0
110 120 0
111 120 0
112 120 0
113 120 0
114 120 0
115 120 0
116 120 0
117 120 0
118 120 0
119 120 0
121 120 0
122 120 0
123 120 0
124 120 0
125 120 0
128 120 0
134 120 0
135 120 0
136 120 0
137 120 0
138 120 0
139 120 0
140 120 0
89 121 0
90 121 0
91 121 0
92 121 0
93 121 0
94 121 0
95 121 0
96 121 0
97 121 0
98 121 0
99 121 0
100 121 0
101 121 0
102 121 0
103 121 0
104 121 0
105 121 0
106 121 0
107 121 0
108 121 0
109 121 0
110 121 0
111 121 0
112 121 0
113 121 0
114 121 0
115 121 0
116 121 0
117 121 0
118 121 0
119 121 0
120 121 0
121 121 0
122 121 0
123 121 0
124 121 0
125 121 0
126 121 0
133 121 0
134 121 0
135 121 0
136 121 0
137 121 0
138 121 0
139 121 0
140 121 0
89 122 0
90 122 0
91 122 0
92 122 0
93 122 0
94 122 0
95 122 0
96 122 0
97 122 0
98 122 0
99 122 0
100 122 0
101 122 0
102 122 0
103 122 0
104 122 0
105 122 0
106 122 0
107 122 0
108 122 0
109 122 0
110 122 0
111 122 0
112 122 0
113 122 0
114 122 0
115 122 0
116 122 0
117 122 0
118 122 0
119 122 0
120 122 0
121 122 0
122 122 0
123 122 0
125 122 0
126 122 0
133 122 0
134 122 0
135 122 0
136 122 0
137 122 0
138 122 0
139 122 0
89 123 0
91 123 0
92 123 0
93 123 0
94 123 0
95 123 0
96 123 0
97 123 0
98 123 0
99 123 0
100 123 0
101 123 0
102 123 0
103 123 0
104 123 0
105 123 0
106 123 0
107 123 0
108 123 0
109 123 0
110 123 0
111 123 0
112 123 0
113 123 0
114 123 0
115 123 0
116 123 0
117 123 0
118 123 0
119 123 0
122 123 0
123 123 0
124 123 0
125 123 0
126 123 0
127 123 0
128 123 0
132 123 0
133 123 0
134 123 0
135 123 0
136 123 0
137 123 0
91 124 0
92 124 0
93 124 0
94 124 0
95 124 0
96 124 0
97 124 0
98 124 0
100 124 0
101 124 0
102 124 0
103 124 0
104 124 0
105 124 0
106 124 0
107 124 0
108 124 0
110 124 0
111 124 0
112 124 0
113 124 0
114 124 0
115 124 0
116 124 0
117 124 0
118 124 0
119 124 0
121 124 0
122 124 0
123 124 0
126 124 0
127 124 0
128 124 0
131 124 0
132 124 0
133 124 0
134 124 0
135 124 0
136 124 0
137 124 0
91 125 0
92 125 0
93 125 0
94 125 0
95 125 0
96 125 0
97 125 0
98 125 0
99 125 0
100 125 0
101 125 0
102 125 0
103 125 0
104 125 0
105 125 0
106 125 0
107 125 0
108 125 0
109 125 0
110 125 0
112 125 0
113 125 0
114 125 0
115 125 0
116 125 0
117 125 0
118 125 0
119 125 0
120 125 0
121 125 0
122 125 0
123 125 0
124 125 0
125 125 0
126 125 0
128 125 0
130 125 0
131 125 0
132 125 0
133 125 0
134 125 0
135 125 0
136 125 0
137 125 0
138 125 0
90 126 0
91 126 0
92 126 0
93 126 0
94 126 0
95 126 0
96 126 0
97 126 0
98 126 0
99 126 0
100 126 0
101 126 0
102 126 0
103 126 0
104 126 0
105 126 0
106 126 0
107 126 0
110 126 0
111 126 0
112 126 0
113 126 0
114 126 0
115 126 0
116 126 0
117 126 0
118 126 0
120 126 0
121 126 0
122 126 0
123 126 0
126 126 0
128 126 0
129 126 0
130 126 0
131 126 0
132 126 0
133 126 0
134 126 0
135 126 0
136 126 0
92 127 0
93 127 0
94 127 0
95 127 0
96 127 0
97 127 0
98 127 0
99 127 0
100 127 0
101 127 0
102 127 0
103 127 0
104 127 0
105 127 0
107 127 0
116 127 0
117 127 0
120 127 0
121 127 0
122 127 0
123 127 0
127 127 0
128 127 0
129 127 0
130 127 0
131 127 0
132 127 0
133 127 0
134 127 0
135 127 0
136 127 0
137 127 0
139 127 0
141 127 0
92 128 0
93 128 0
94 128 0
95 128 0
96 128 0
97 128 0
98 128 0
99 128 0
100 128 0
101 128 0
102 128 0
103 128 0
104 128 0
105 128 0
107 128 0
110 128 0
116 128 0
117 128 0
119 128 0
120 128 0
121 128 0
122 128 0
123 128 0
127 128 0
128 128 0
129 128 0
130 128 0
131 128 0
132 128 0
133 128 0
134 128 0
135 128 0
136 128 0
137 128 0
93 129 0
94 129 0
95 129 0
96 129 0
97 129 0
98 129 0
99 129 0
100 129 0
101 129 0
102 129 0
105 129 0
110 129 0
111 129 0
115 129 0
116 129 0
117 129 0
118 129 0
119 129 0
120 129 0
122 129 0
124 129 0
125 129 0
126 129 0
127 129 0
128 129 0
129 129 0
130 129 0
131 129 0
132 129 0
133 129 0
134 129 0
135 129 0
137 129 0
138 129 0
94 130 0
95 130 0
96 130 0
97 130 0
98 130 0
99 130 0
100 130 0
101 130 0
102 130 0
103 130 0
104 130 0
107 130 0
108 130 0
114 130 0
115 130 0
116 130 0
117 130 0
118 130 0
119 130 0
124 130 0
125 130 0
126 130 0
127 130 0
128 130 0
129 130 0
130 130 0
131 130 0
132 130 0
133 130 0
134 130 0
135 130 0
136 130 0
95 131 0
96 131 0
97 131 0
98 131 0
99 131 0
100 131 0
101 131 0
102 131 0
114 131 0
115 131 0
116 131 0
120 131 0
121 131 0
122 131 0
123 131 0
124 131 0
125 131 0
126 131 0
127 131 0
128 131 0
129 131 0
130 131 0
131 131 0
132 131 0
133 131 0
134 131 0
96 132 0
97 132 0
98 132 0
99 132 0
100 132 0
101 132 0
102 132 0
103 132 0
104 132 0
105 132 0
114 132 0
115 132 0
116 132 0
117 132 0
118 132 0
119 132 0
120 132 0
121 132 0
122 132 0
123 132 0
124 132 0
125 132 0
126 132 0
127 132 0
128 132 0
129 132 0
130 132 0
131 132 0
132 132 0
133 132 0
134 132 0
135 132 0
97 133 0
98 133 0
99 133 0
100 133 0
101 133 0
102 133 0
103 133 0
104 133 0
105 133 0
106 133 0
107 133 0
108 133 0
109 133 0
110 133 0
111 133 0
112 133 0
113 133 0
114 133 0
115 133 0
116 133 0
117 133 0
118 133 0
119 133 0
120 133 0
121 133 0
122 133 0
123 133 0
124 133 0
125 133 0
126 133 0
127 133 0
128 133 0
129 133 0
130 133 0
131 133 0
132 133 0
133 133 0
134 133 0
98 134 0
99 134 0
100 134 0
101 134 0
102 134 0
103 134 0
104 134 0
105 134 0
106 134 0
107 134 0
108 134 0
109 134 0
110 134 0
111 134 0
112 134 0
113 134 0
114 134 0
115 134 0
116 134 0
117 134 0
118 134 0
119 134 0
120 134 0
121 134 0
122 134 0
123 134 0
124 134 0
125 134 0
126 134 0
127 134 0
128 134 0
129 134 0
130 134 0
131 134 0
132 134 0
133 134 0
134 134 0
100 135 0
101 135 0
102 135 0
103 135 0
104 135 0
105 135 0
106 135 0
107 135 0
108 135 0
109 135 0
110 135 0
111 135 0
112 135 0
113 135 0
114 135 0
115 135 0
116 135 0
117 135 0
118 135 0
119 135 0
120 135 0
121 135 0
122 135 0
123 135 0
124 135 0
125 135 0
126 135 0
127 135 0
128 135 0
129 135 0
130 135 0
131 135 0
132 135 0
133 135 0
101 136 0
102 136 0
103 136 0
104 136 0
105 136 0
106 136 0
107 136 0
108 136 0
109 136 0
110 136 0
111 136 0
112 136 0
113 136 0
114 136 0
115 136 0
116 136 0
117 136 0
118 136 0
119 136 0
120 136 0
121 136 0
122 136 0
124 136 0
125 136 0
126 136 0
127 136 0
128 136 0
129 136 0
130 136 0
131 136 0
103 137 0
104 137 0
105 137 0
106 137 0
107 137 0
108 137 0
109 137 0
110 137 0
111 137 0
112 137 0
113 137 0
114 137 0
115 137 0
116 137 0
117 137 0
118 137 0
119 137 0
120 137 0
121 137 0
122 137 0
123 137 0
124 137 0
125 137 0
126 137 0
127 137 0
128 137 0
129 137 0
130 137 0
131 137 0
132 137 0
103 138 0
104 138 0
105 138 0
106 138 0
107 138 0
108 138 0
109 138 0
110 138 0
111 138 0
112 138 0
113 138 0
114 138 0
115 138 0
116 138 0
117 138 0
118 138 0
119 138 0
120 138 0
121 138 0
122 138 0
123 138 0
124 138 0
125 138 0
126 138 0
127 138 0
128 138 0
104 139 0
105 139 0
106 139 0
107 139 0
108 139 0
109 139 0
110 139 0
111 139 0
112 139 0
113 139 0
114 139 0
115 139 0
116 139 0
117 139 0
118 139 0
119 139 0
120 139 0
121 139 0
122 139 0
123 139 0
124 139 0
125 139 0
126 139 0
127 139 0
128 139 0
107 140 0
110 140 0
111 140 0
113 140 0
114 140 0
115 140 0
116 140 0
117 140 0
118 140 0
119 140 0
120 140 0
121 140 0
124 140 0
125 140 0
126 140 0
109 141 0
110 141 0
112 141 0
113 141 0
114 141 0
115 141 0
116 141 0
117 141 0
118 141 0
119 141 0
114 142 0
115 142 0
124 142 0
110 143 0
120 143 0
121 143 0
120 144 0
190 102 1
190 103 1
193 103 1
194 103 1
202 103 1
192 104 1
193 104 1
196 104 1
199 104 1
212 104 1
213 104 1
192 105 1
202 105 1
215 105 1
216 105 1
220 107 1
221 107 1
225 107 1
227 107 1
229 108 1
231 108 1
238 108 1
237 109 1
238 109 1
240 109 1
244 110 1
246 111 1
248 111 1
249 111 1
252 112 1
253 112 1
254 112 1
221 113 1
222 113 1
223 113 1
252 113 1
253 113 1
254 113 1
220 114 1
227 114 1
252 114 1
253 114 1
254 114 1
220 115 1
221 115 1
222 115 1
252 115 1
253 115 1
254 115 1
252 116 1
253 116 1
251 117 1
252 117 1
253 117 1
288 117 1
236 118 1
251 118 1
252 118 1
289 118 1
291 118 1
251 119 1
252 119 1
250 120 1
251 120 1
252 120 1
294 120 1
295 120 1
250 121 1
251 121 1
297 121 1
298 121 1
304 121 1
305 121 1
306 121 1
307 121 1
308 121 1
244 122 1
250 122 1
251 122 1
298 122 1
299 122 1
300 122 1
302 122 1
303 122 1
304 122 1
305 122 1
308 122 1
309 122 1
310 122 1
314 122 1
315 122 1
316 122 1
317 122 1
318 122 1
319 122 1
250 123 1
251 123 1
287 123 1
301 123 1
302 123 1
303 123 1
311 123 1
312 123 1
313 123 1
314 123 1
315 123 1
316 123 1
317 123 1
318 123 1
319 123 1
320 123 1
321 123 1
322 123 1
248 124 1
249 124 1
250 124 1
251 124 1
311 124 1
312 124 1
314 124 1
318 124 1
320 124 1
322 124 1
323 124 1
324 124 1
325 124 1
250 125 1
251 125 1
252 125 1
322 125 1
323 125 1
324 125 1
325 125 1
326 125 1
327 125 1
250 126 1
251 126 1
325 126 1
326 126 1
327 126 1
328 126 1
329 126 1
251 127 1
268 127 1
328 127 1
329 127 1
330 127 1
338 127 1
339 127 1
251 128 1
330 128 1
331 128 1
332 128 1
333 128 1
334 128 1
335 128 1
336 128 1
337 128 1
338 128 1
339 128 1
251 129 1
332 129 1
333 129 1
334 129 1
335 129 1
336 129 1
337 129 1
251 130 1
252 130 1
337 130 1
251 131 1
252 131 1
252 132 1
252 133 1
258 136 1
260 137 1
261 137 1
263 138 1
264 139 1
262 140 1
269 142 1
270 143 1
271 143 1
273 144 1
276 145 1
281 147 1
283 147 1
285 148 1
286 148 1
293 150 1
297 151 1
298 151 1
300 151 1
300 152 1
301 152 1
302 152 1
303 152 1
304 153 1
305 153 1
306 153 1
307 154 1
308 154 1
309 154 1
310 154 1
311 154 1
312 154 1
314 155 1
315 155 1
316 155 1
317 156 1
318 156 1
319 156 1
320 156 1
321 156 1
323 157 1
324 157 1
325 157 1
326 157 1
328 158 1
329 158 1
330 158 1
339 160 1
340 160 1
