84 67 0
85 67 0
86 67 0
87 67 0
88 67 0
89 67 0
82 68 0
83 68 0
84 68 0
85 68 0
86 68 0
87 68 0
88 68 0
89 68 0
90 68 0
91 68 0
96 68 0
97 68 0
98 68 0
99 68 0
100 68 0
101 68 0
81 69 0
82 69 0
83 69 0
84 69 0
85 69 0
86 69 0
87 69 0
88 69 0
89 69 0
90 69 0
91 69 0
92 69 0
93 69 0
94 69 0
95 69 0
96 69 0
97 69 0
98 69 0
99 69 0
100 69 0
101 69 0
102 69 0
103 69 0
104 69 0
106 69 0
107 69 0
109 69 0
80 70 0
81 70 0
82 70 0
83 70 0
84 70 0
85 70 0
86 70 0
87 70 0
88 70 0
89 70 0
90 70 0
91 70 0
92 70 0
93 70 0
94 70 0
95 70 0
96 70 0
97 70 0
98 70 0
99 70 0
100 70 0
101 70 0
102 70 0
104 70 0
105 70 0
106 70 0
79 71 0
80 71 0
81 71 0
82 71 0
83 71 0
84 71 0
85 71 0
86 71 0
87 71 0
88 71 0
89 71 0
90 71 0
91 71 0
92 71 0
93 71 0
94 71 0
95 71 0
96 71 0
97 71 0
98 71 0
99 71 0
100 71 0
101 71 0
103 71 0
104 71 0
105 71 0
79 72 0
80 72 0
81 72 0
82 72 0
83 72 0
84 72 0
85 72 0
86 72 0
87 72 0
88 72 0
89 72 0
90 72 0
91 72 0
92 72 0
93 72 0
94 72 0
95 72 0
96 72 0
97 72 0
98 72 0
99 72 0
100 72 0
101 72 0
102 72 0
103 72 0
104 72 0
105 72 0
109 72 0
110 72 0
78 73 0
79 73 0
80 73 0
81 73 0
82 73 0
83 73 0
84 73 0
85 73 0
86 73 0
87 73 0
88 73 0
89 73 0
90 73 0
91 73 0
92 73 0
93 73 0
94 73 0
95 73 0
96 73 0
97 73 0
98 73 0
99 73 0
102 73 0
103 73 0
104 73 0
105 73 0
78 74 0
79 74 0
80 74 0
81 74 0
82 74 0
83 74 0
84 74 0
85 74 0
86 74 0
87 74 0
88 74 0
89 74 0
90 74 0
91 74 0
92 74 0
93 74 0
94 74 0
95 74 0
96 74 0
97 74 0
98 74 0
99 74 0
100 74 0
101 74 0
105 74 0
77 75 0
78 75 0
79 75 0
80 75 0
81 75 0
82 75 0
83 75 0
84 75 0
85 75 0
86 75 0
87 75 0
88 75 0
89 75 0
91 75 0
92 75 0
93 75 0
94 75 0
96 75 0
97 75 0
98 75 0
99 75 0
100 75 0
101 75 0
104 75 0
105 75 0
109 75 0
77 76 0
78 76 0
79 76 0
80 76 0
81 76 0
82 76 0
83 76 0
84 76 0
85 76 0
86 76 0
87 76 0
88 76 0
91 76 0
92 76 0
94 76 0
95 76 0
97 76 0
99 76 0
100 76 0
102 76 0
103 76 0
104 76 0
77 77 0
78 77 0
79 77 0
80 77 0
81 77 0
82 77 0
83 77 0
84 77 0
85 77 0
86 77 0
87 77 0
88 77 0
91 77 0
92 77 0
93 77 0
94 77 0
95 77 0
97 77 0
99 77 0
100 77 0
101 77 0
107 77 0
77 78 0
78 78 0
79 78 0
80 78 0
81 78 0
82 78 0
83 78 0
84 78 0
85 78 0
93 78 0
95 78 0
99 78 0
100 78 0
101 78 0
102 78 0
77 79 0
78 79 0
79 79 0
80 79 0
81 79 0
82 79 0
85 79 0
87 79 0
89 79 0
91 79 0
92 79 0
77 80 0
78 80 0
79 80 0
81 80 0
82 80 0
83 80 0
84 80 0
85 80 0
87 80 0
88 80 0
92 80 0
95 80 0
117 80 0
76 81 0
77 81 0
78 81 0
79 81 0
80 81 0
81 81 0
83 81 0
84 81 0
85 81 0
86 81 0
87 81 0
88 81 0
89 81 0
99 81 0
100 81 0
101 81 0
77 82 0
78 82 0
79 82 0
80 82 0
82 82 0
83 82 0
85 82 0
86 82 0
89 82 0
93 82 0
94 82 0
117 82 0
77 83 0
78 83 0
80 83 0
81 83 0
83 83 0
85 83 0
86 83 0
87 83 0
89 83 0
90 83 0
91 83 0
92 83 0
93 83 0
95 83 0
77 84 0
78 84 0
80 84 0
82 84 0
84 84 0
85 84 0
86 84 0
87 84 0
88 84 0
90 84 0
91 84 0
94 84 0
84 85 0
85 85 0
86 85 0
87 85 0
88 85 0
89 85 0
90 85 0
91 85 0
92 85 0
93 85 0
94 85 0
115 85 0
117 85 0
80 86 0
81 86 0
83 86 0
84 86 0
85 86 0
86 86 0
87 86 0
88 86 0
89 86 0
90 86 0
91 86 0
92 86 0
93 86 0
94 86 0
95 86 0
96 86 0
97 86 0
98 86 0
99 86 0
80 87 0
83 87 0
84 87 0
85 87 0
86 87 0
87 87 0
88 87 0
89 87 0
90 87 0
91 87 0
92 87 0
93 87 0
94 87 0
95 87 0
96 87 0
97 87 0
98 87 0
99 87 0
100 87 0
101 87 0
102 87 0
103 87 0
82 88 0
83 88 0
84 88 0
85 88 0
86 88 0
87 88 0
88 88 0
89 88 0
90 88 0
91 88 0
92 88 0
93 88 0
94 88 0
95 88 0
96 88 0
97 88 0
98 88 0
99 88 0
100 88 0
117 88 0
118 88 0
83 89 0
84 89 0
85 89 0
86 89 0
87 89 0
88 89 0
89 89 0
90 89 0
91 89 0
92 89 0
93 89 0
94 89 0
95 89 0
96 89 0
97 89 0
98 89 0
99 89 0
101 89 0
114 89 0
116 89 0
117 89 0
83 90 0
84 90 0
85 90 0
86 90 0
87 90 0
88 90 0
89 90 0
90 90 0
91 90 0
92 90 0
93 90 0
94 90 0
95 90 0
96 90 0
97 90 0
98 90 0
117 90 0
118 90 0
81 91 0
83 91 0
84 91 0
85 91 0
86 91 0
87 91 0
88 91 0
89 91 0
90 91 0
91 91 0
92 91 0
93 91 0
94 91 0
95 91 0
96 91 0
97 91 0
99 91 0
115 91 0
84 92 0
85 92 0
86 92 0
87 92 0
88 92 0
89 92 0
90 92 0
91 92 0
92 92 0
93 92 0
94 92 0
97 92 0
102 92 0
103 92 0
104 92 0
115 92 0
116 92 0
83 93 0
84 93 0
85 93 0
86 93 0
87 93 0
88 93 0
89 93 0
90 93 0
91 93 0
92 93 0
93 93 0
94 93 0
97 93 0
102 93 0
103 93 0
104 93 0
112 93 0
117 93 0
84 94 0
85 94 0
86 94 0
87 94 0
88 94 0
89 94 0
90 94 0
92 94 0
94 94 0
102 94 0
103 94 0
104 94 0
112 94 0
113 94 0
115 94 0
117 94 0
118 94 0
119 94 0
120 94 0
121 94 0
85 95 0
86 95 0
87 95 0
88 95 0
89 95 0
94 95 0
95 95 0
96 95 0
101 95 0
102 95 0
103 95 0
117 95 0
84 96 0
85 96 0
86 96 0
89 96 0
90 96 0
91 96 0
92 96 0
101 96 0
102 96 0
103 96 0
104 96 0
105 96 0
113 96 0
115 96 0
116 96 0
119 96 0
84 97 0
85 97 0
86 97 0
87 97 0
92 97 0
101 97 0
102 97 0
103 97 0
104 97 0
116 97 0
117 97 0
119 97 0
120 97 0
86 98 0
87 98 0
91 98 0
96 98 0
101 98 0
102 98 0
103 98 0
104 98 0
113 98 0
115 98 0
116 98 0
117 98 0
118 98 0
119 98 0
86 99 0
87 99 0
88 99 0
101 99 0
102 99 0
103 99 0
104 99 0
105 99 0
114 99 0
117 99 0
100 100 0
101 100 0
102 100 0
103 100 0
104 100 0
105 100 0
107 100 0
115 100 0
116 100 0
117 100 0
120 100 0
72 101 0
73 101 0
75 101 0
99 101 0
100 101 0
101 101 0
102 101 0
103 101 0
104 101 0
105 101 0
106 101 0
115 101 0
116 101 0
117 101 0
119 101 0
120 101 0
72 102 0
73 102 0
77 102 0
100 102 0
101 102 0
102 102 0
103 102 0
104 102 0
105 102 0
115 102 0
116 102 0
117 102 0
118 102 0
119 102 0
120 102 0
121 102 0
72 103 0
73 103 0
74 103 0
79 103 0
100 103 0
101 103 0
102 103 0
103 103 0
104 103 0
105 103 0
116 103 0
119 103 0
120 103 0
72 104 0
73 104 0
74 104 0
75 104 0
76 104 0
77 104 0
79 104 0
99 104 0
100 104 0
101 104 0
102 104 0
103 104 0
104 104 0
105 104 0
116 104 0
117 104 0
118 104 0
119 104 0
73 105 0
74 105 0
75 105 0
76 105 0
77 105 0
78 105 0
79 105 0
80 105 0
99 105 0
100 105 0
101 105 0
102 105 0
103 105 0
104 105 0
105 105 0
106 105 0
108 105 0
116 105 0
117 105 0
118 105 0
119 105 0
120 105 0
122 105 0
73 106 0
74 106 0
75 106 0
76 106 0
77 106 0
78 106 0
79 106 0
80 106 0
81 106 0
83 106 0
84 106 0
99 106 0
100 106 0
101 106 0
102 106 0
103 106 0
104 106 0
105 106 0
106 106 0
109 106 0
116 106 0
117 106 0
118 106 0
119 106 0
120 106 0
73 107 0
74 107 0
75 107 0
76 107 0
77 107 0
78 107 0
79 107 0
80 107 0
81 107 0
82 107 0
83 107 0
84 107 0
99 107 0
100 107 0
101 107 0
102 107 0
103 107 0
104 107 0
105 107 0
106 107 0
109 107 0
110 107 0
111 107 0
116 107 0
117 107 0
118 107 0
119 107 0
120 107 0
73 108 0
74 108 0
75 108 0
76 108 0
77 108 0
78 108 0
79 108 0
80 108 0
81 108 0
82 108 0
83 108 0
84 108 0
85 108 0
86 108 0
99 108 0
100 108 0
101 108 0
102 108 0
103 108 0
104 108 0
105 108 0
116 108 0
117 108 0
118 108 0
119 108 0
120 108 0
121 108 0
73 109 0
74 109 0
75 109 0
76 109 0
77 109 0
78 109 0
79 109 0
80 109 0
81 109 0
82 109 0
83 109 0
84 109 0
85 109 0
86 109 0
87 109 0
88 109 0
98 109 0
99 109 0
100 109 0
101 109 0
102 109 0
103 109 0
104 109 0
105 109 0
116 109 0
117 109 0
118 109 0
119 109 0
120 109 0
121 109 0
73 110 0
74 110 0
75 110 0
76 110 0
77 110 0
78 110 0
79 110 0
80 110 0
81 110 0
82 110 0
83 110 0
84 110 0
85 110 0
86 110 0
87 110 0
88 110 0
89 110 0
90 110 0
98 110 0
99 110 0
100 110 0
101 110 0
102 110 0
103 110 0
104 110 0
105 110 0
106 110 0
107 110 0
108 110 0
109 110 0
116 110 0
117 110 0
118 110 0
119 110 0
120 110 0
73 111 0
74 111 0
75 111 0
76 111 0
77 111 0
78 111 0
79 111 0
80 111 0
81 111 0
82 111 0
83 111 0
84 111 0
85 111 0
86 111 0
87 111 0
88 111 0
89 111 0
90 111 0
91 111 0
92 111 0
93 111 0
98 111 0
99 111 0
100 111 0
101 111 0
102 111 0
103 111 0
104 111 0
105 111 0
106 111 0
107 111 0
108 111 0
116 111 0
117 111 0
118 111 0
119 111 0
73 112 0
74 112 0
75 112 0
76 112 0
77 112 0
78 112 0
79 112 0
80 112 0
81 112 0
82 112 0
83 112 0
84 112 0
85 112 0
86 112 0
87 112 0
88 112 0
89 112 0
90 112 0
91 112 0
92 112 0
93 112 0
94 112 0
95 112 0
96 112 0
97 112 0
98 112 0
99 112 0
100 112 0
101 112 0
102 112 0
103 112 0
104 112 0
105 112 0
106 112 0
107 112 0
108 112 0
116 112 0
117 112 0
118 112 0
119 112 0
120 112 0
74 113 0
75 113 0
76 113 0
77 113 0
78 113 0
79 113 0
80 113 0
81 113 0
82 113 0
83 113 0
84 113 0
85 113 0
86 113 0
87 113 0
88 113 0
89 113 0
90 113 0
91 113 0
92 113 0
93 113 0
94 113 0
95 113 0
96 113 0
97 113 0
98 113 0
99 113 0
100 113 0
101 113 0
102 113 0
103 113 0
104 113 0
105 113 0
106 113 0
107 113 0
108 113 0
116 113 0
117 113 0
118 113 0
119 113 0
120 113 0
74 114 0
75 114 0
76 114 0
77 114 0
78 114 0
79 114 0
80 114 0
81 114 0
82 114 0
83 114 0
84 114 0
85 114 0
86 114 0
87 114 0
88 114 0
89 114 0
90 114 0
91 114 0
92 114 0
93 114 0
94 114 0
95 114 0
96 114 0
97 114 0
98 114 0
99 114 0
100 114 0
101 114 0
102 114 0
103 114 0
104 114 0
105 114 0
106 114 0
107 114 0
108 114 0
116 114 0
117 114 0
118 114 0
119 114 0
74 115 0
75 115 0
76 115 0
77 115 0
78 115 0
79 115 0
80 115 0
81 115 0
82 115 0
83 115 0
84 115 0
85 115 0
86 115 0
87 115 0
88 115 0
89 115 0
90 115 0
91 115 0
92 115 0
93 115 0
94 115 0
95 115 0
96 115 0
97 115 0
98 115 0
99 115 0
100 115 0
101 115 0
102 115 0
103 115 0
104 115 0
105 115 0
106 115 0
107 115 0
108 115 0
115 115 0
116 115 0
117 115 0
118 115 0
119 115 0
74 116 0
75 116 0
76 116 0
77 116 0
78 116 0
79 116 0
80 116 0
81 116 0
82 116 0
83 116 0
84 116 0
85 116 0
86 116 0
87 116 0
88 116 0
89 116 0
90 116 0
91 116 0
92 116 0
93 116 0
94 116 0
95 116 0
96 116 0
97 116 0
98 116 0
99 116 0
100 116 0
101 116 0
102 116 0
103 116 0
104 116 0
106 116 0
107 116 0
108 116 0
109 116 0
115 116 0
116 116 0
117 116 0
118 116 0
76 117 0
77 117 0
78 117 0
79 117 0
80 117 0
81 117 0
82 117 0
83 117 0
84 117 0
85 117 0
86 117 0
87 117 0
88 117 0
89 117 0
90 117 0
91 117 0
92 117 0
93 117 0
94 117 0
95 117 0
96 117 0
97 117 0
98 117 0
99 117 0
100 117 0
101 117 0
102 117 0
103 117 0
106 117 0
107 117 0
109 117 0
115 117 0
116 117 0
117 117 0
118 117 0
119 117 0
77 118 0
78 118 0
79 118 0
80 118 0
81 118 0
82 118 0
83 118 0
84 118 0
85 118 0
86 118 0
87 118 0
88 118 0
89 118 0
90 118 0
91 118 0
92 118 0
93 118 0
94 118 0
95 118 0
96 118 0
97 118 0
98 118 0
99 118 0
100 118 0
101 118 0
102 118 0
104 118 0
105 118 0
106 118 0
107 118 0
109 118 0
110 118 0
111 118 0
114 118 0
115 118 0
116 118 0
117 118 0
118 118 0
119 118 0
77 119 0
78 119 0
79 119 0
80 119 0
81 119 0
82 119 0
83 119 0
84 119 0
85 119 0
86 119 0
87 119 0
88 119 0
90 119 0
91 119 0
92 119 0
93 119 0
94 119 0
95 119 0
96 119 0
97 119 0
98 119 0
99 119 0
100 119 0
102 119 0
103 119 0
104 119 0
106 119 0
107 119 0
108 119 0
109 119 0
114 119 0
115 119 0
116 119 0
117 119 0
118 119 0
78 120 0
80 120 0
81 120 0
82 120 0
83 120 0
84 120 0
85 120 0
86 120 0
87 120 0
88 120 0
89 120 0
90 120 0
92 120 0
93 120 0
94 120 0
95 120 0
96 120 0
97 120 0
98 120 0
99 120 0
100 120 0
101 120 0
102 120 0
103 120 0
104 120 0
105 120 0
106 120 0
107 120 0
108 120 0
109 120 0
114 120 0
115 120 0
116 120 0
117 120 0
80 121 0
81 121 0
82 121 0
83 121 0
84 121 0
85 121 0
86 121 0
87 121 0
88 121 0
90 121 0
91 121 0
92 121 0
93 121 0
94 121 0
95 121 0
96 121 0
97 121 0
98 121 0
99 121 0
100 121 0
101 121 0
102 121 0
103 121 0
104 121 0
105 121 0
107 121 0
108 121 0
113 121 0
114 121 0
115 121 0
116 121 0
117 121 0
118 121 0
80 122 0
81 122 0
82 122 0
83 122 0
84 122 0
85 122 0
86 122 0
87 122 0
88 122 0
89 122 0
90 122 0
91 122 0
92 122 0
93 122 0
94 122 0
95 122 0
96 122 0
97 122 0
98 122 0
100 122 0
102 122 0
103 122 0
104 122 0
113 122 0
114 122 0
115 122 0
116 122 0
117 122 0
81 123 0
82 123 0
85 123 0
86 123 0
87 123 0
88 123 0
89 123 0
91 123 0
92 123 0
95 123 0
96 123 0
97 123 0
98 123 0
100 123 0
101 123 0
102 123 0
103 123 0
104 123 0
105 123 0
106 123 0
107 123 0
108 123 0
109 123 0
112 123 0
113 123 0
114 123 0
115 123 0
116 123 0
117 123 0
81 124 0
82 124 0
83 124 0
85 124 0
87 124 0
88 124 0
89 124 0
91 124 0
92 124 0
93 124 0
95 124 0
96 124 0
97 124 0
99 124 0
100 124 0
101 124 0
102 124 0
103 124 0
104 124 0
105 124 0
107 124 0
111 124 0
112 124 0
113 124 0
114 124 0
115 124 0
116 124 0
82 125 0
83 125 0
84 125 0
85 125 0
86 125 0
87 125 0
88 125 0
89 125 0
90 125 0
91 125 0
93 125 0
95 125 0
96 125 0
97 125 0
98 125 0
99 125 0
100 125 0
101 125 0
102 125 0
104 125 0
105 125 0
111 125 0
112 125 0
113 125 0
114 125 0
115 125 0
116 125 0
117 125 0
82 126 0
83 126 0
84 126 0
85 126 0
86 126 0
87 126 0
88 126 0
89 126 0
90 126 0
91 126 0
95 126 0
96 126 0
97 126 0
100 126 0
102 126 0
106 126 0
107 126 0
109 126 0
110 126 0
111 126 0
112 126 0
113 126 0
114 126 0
115 126 0
116 126 0
84 127 0
85 127 0
86 127 0
87 127 0
88 127 0
89 127 0
90 127 0
91 127 0
92 127 0
93 127 0
94 127 0
95 127 0
96 127 0
97 127 0
99 127 0
103 127 0
105 127 0
106 127 0
107 127 0
108 127 0
109 127 0
110 127 0
111 127 0
112 127 0
113 127 0
114 127 0
115 127 0
116 127 0
85 128 0
86 128 0
87 128 0
88 128 0
89 128 0
90 128 0
91 128 0
92 128 0
93 128 0
94 128 0
95 128 0
96 128 0
97 128 0
98 128 0
99 128 0
100 128 0
101 128 0
102 128 0
103 128 0
104 128 0
105 128 0
106 128 0
107 128 0
108 128 0
109 128 0
110 128 0
111 128 0
112 128 0
113 128 0
114 128 0
115 128 0
87 129 0
88 129 0
89 129 0
90 129 0
91 129 0
92 129 0
93 129 0
94 129 0
95 129 0
96 129 0
97 129 0
98 129 0
99 129 0
100 129 0
101 129 0
102 129 0
103 129 0
104 129 0
105 129 0
106 129 0
107 129 0
108 129 0
109 129 0
110 129 0
111 129 0
112 129 0
113 129 0
114 129 0
115 129 0
116 129 0
89 130 0
90 130 0
91 130 0
92 130 0
93 130 0
94 130 0
95 130 0
96 130 0
97 130 0
98 130 0
99 130 0
100 130 0
101 130 0
102 130 0
103 130 0
104 130 0
105 130 0
106 130 0
107 130 0
108 130 0
109 130 0
110 130 0
111 130 0
112 130 0
113 130 0
114 130 0
115 130 0
116 130 0
90 131 0
91 131 0
92 131 0
93 131 0
94 131 0
95 131 0
96 131 0
97 131 0
98 131 0
99 131 0
100 131 0
101 131 0
102 131 0
103 131 0
104 131 0
105 131 0
106 131 0
107 131 0
108 131 0
109 131 0
110 131 0
111 131 0
112 131 0
115 131 0
90 132 0
91 132 0
92 132 0
93 132 0
94 132 0
95 132 0
96 132 0
97 132 0
98 132 0
99 132 0
100 132 0
101 132 0
102 132 0
103 132 0
104 132 0
105 132 0
106 132 0
107 132 0
108 132 0
109 132 0
110 132 0
111 132 0
112 132 0
113 132 0
114 132 0
92 133 0
93 133 0
94 133 0
95 133 0
97 133 0
98 133 0
99 133 0
100 133 0
101 133 0
102 133 0
103 133 0
104 133 0
105 133 0
106 133 0
107 133 0
108 133 0
109 133 0
110 133 0
111 133 0
112 133 0
113 133 0
115 133 0
94 134 0
97 134 0
98 134 0
99 134 0
100 134 0
101 134 0
102 134 0
103 134 0
104 134 0
105 134 0
106 134 0
107 134 0
108 134 0
109 134 0
110 134 0
111 134 0
93 135 0
94 135 0
95 135 0
96 135 0
97 135 0
98 135 0
99 135 0
100 135 0
101 135 0
102 135 0
103 135 0
104 135 0
105 135 0
106 135 0
107 135 0
108 135 0
109 135 0
110 135 0
94 136 0
95 136 0
96 136 0
97 136 0
100 136 0
101 136 0
102 136 0
103 136 0
104 136 0
105 136 0
106 136 0
107 136 0
93 137 0
96 137 0
98 137 0
99 137 0
100 137 0
101 137 0
102 137 0
103 137 0
104 137 0
105 137 0
107 137 0
108 137 0
96 138 0
97 138 0
98 138 0
99 138 0
100 138 0
101 138 0
102 138 0
103 138 0
104 138 0
107 138 0
96 139 0
97 139 0
98 139 0
99 139 0
100 139 0
101 139 0
102 139 0
103 139 0
106 139 0
101 140 0
102 140 0
105 142 0
278 51 1
188 98 1
187 99 1
188 99 1
189 99 1
187 100 1
188 100 1
189 100 1
201 100 1
187 101 1
188 101 1
189 101 1
201 101 1
202 101 1
187 102 1
188 102 1
190 102 1
192 102 1
194 102 1
195 102 1
198 102 1
199 102 1
202 102 1
203 102 1
189 103 1
191 103 1
188 104 1
189 104 1
195 104 1
188 105 1
194 105 1
237 107 1
238 107 1
245 109 1
247 109 1
245 110 1
247 110 1
248 110 1
251 110 1
252 110 1
251 111 1
252 111 1
250 112 1
251 112 1
252 112 1
252 113 1
249 115 1
250 115 1
251 115 1
248 116 1
249 116 1
250 116 1
251 116 1
287 116 1
248 117 1
249 117 1
250 117 1
289 118 1
290 118 1
248 119 1
250 119 1
291 119 1
295 119 1
296 119 1
304 119 1
306 119 1
247 120 1
248 120 1
249 120 1
296 120 1
297 120 1
298 120 1
302 120 1
303 120 1
304 120 1
305 120 1
306 120 1
307 120 1
308 120 1
309 120 1
310 120 1
311 120 1
312 120 1
313 120 1
314 120 1
315 120 1
316 120 1
317 120 1
318 120 1
247 121 1
248 121 1
249 121 1
298 121 1
299 121 1
300 121 1
301 121 1
302 121 1
310 121 1
311 121 1
312 121 1
313 121 1
315 121 1
318 121 1
319 121 1
320 121 1
321 121 1
322 121 1
248 122 1
320 122 1
321 122 1
322 122 1
323 122 1
324 122 1
248 123 1
249 123 1
322 123 1
323 123 1
324 123 1
325 123 1
326 123 1
248 124 1
325 124 1
326 124 1
327 124 1
328 124 1
329 124 1
344 124 1
248 125 1
327 125 1
328 125 1
329 125 1
330 125 1
331 125 1
332 125 1
335 125 1
336 125 1
338 125 1
248 126 1
249 126 1
329 126 1
330 126 1
331 126 1
332 126 1
335 126 1
336 126 1
338 126 1
332 127 1
335 127 1
249 128 1
248 129 1
259 135 1
260 136 1
261 136 1
261 137 1
262 137 1
263 137 1
262 138 1
263 138 1
264 138 1
266 138 1
266 139 1
267 139 1
268 140 1
269 140 1
270 140 1
269 141 1
270 141 1
271 141 1
272 141 1
274 142 1
274 143 1
275 143 1
280 145 1
285 146 1
299 149 1
300 149 1
299 150 1
300 150 1
301 150 1
302 150 1
303 150 1
303 151 1
304 151 1
305 151 1
306 152 1
307 152 1
308 152 1
309 152 1
311 153 1
312 153 1
313 153 1
314 153 1
315 153 1
317 154 1
320 154 1
320 155 1
321 155 1
323 155 1
324 155 1
324 156 1
327 156 1
328 156 1
329 156 1
330 156 1
333 157 1
334 157 1
336 157 1
339 158 1
340 158 1
339 159 1
340 159 1
342 159 1
342 160 1
124 86 2
106 87 2
132 93 2
112 94 2
115 96 2
113 97 2
114 97 2
115 97 2
133 97 2
114 98 2
125 98 2
113 99 2
114 99 2
117 99 2
131 99 2
136 99 2
113 100 2
114 100 2
115 100 2
132 100 2
133 100 2
111 101 2
112 101 2
113 101 2
114 101 2
112 102 2
113 102 2
131 102 2
112 103 2
113 103 2
114 103 2
115 103 2
116 103 2
125 103 2
130 103 2
131 103 2
134 103 2
111 104 2
112 104 2
113 104 2
114 104 2
117 104 2
130 104 2
131 104 2
134 104 2
110 105 2
111 105 2
112 105 2
113 105 2
130 105 2
131 105 2
132 105 2
133 105 2
110 106 2
111 106 2
112 106 2
129 106 2
130 106 2
131 106 2
132 106 2
133 106 2
109 107 2
110 107 2
111 107 2
112 107 2
113 107 2
129 107 2
130 107 2
108 108 2
109 108 2
110 108 2
111 108 2
112 108 2
117 108 2
129 108 2
130 108 2
132 108 2
133 108 2
107 109 2
108 109 2
109 109 2
110 109 2
128 109 2
129 109 2
130 109 2
131 109 2
108 110 2
109 110 2
110 110 2
128 110 2
129 110 2
130 110 2
131 110 2
132 110 2
118 111 2
129 111 2
130 111 2
131 111 2
132 111 2
116 112 2
118 112 2
122 112 2
127 112 2
128 112 2
129 112 2
130 112 2
131 112 2
132 112 2
116 113 2
127 113 2
128 113 2
129 113 2
130 113 2
131 113 2
132 113 2
126 114 2
127 114 2
128 114 2
129 114 2
130 114 2
117 115 2
125 115 2
126 115 2
127 115 2
128 115 2
129 115 2
130 115 2
124 116 2
125 116 2
126 116 2
127 116 2
128 116 2
129 116 2
130 116 2
123 117 2
124 117 2
125 117 2
126 117 2
127 117 2
128 117 2
129 117 2
131 117 2
122 118 2
123 118 2
124 118 2
125 118 2
126 118 2
127 118 2
121 119 2
122 119 2
123 119 2
124 119 2
125 119 2
126 119 2
127 119 2
136 119 2
120 120 2
121 120 2
122 120 2
123 120 2
124 120 2
125 120 2
126 120 2
127 120 2
119 121 2
120 121 2
121 121 2
122 121 2
123 121 2
124 121 2
125 121 2
126 121 2
127 121 2
133 121 2
119 122 2
120 122 2
121 122 2
122 122 2
123 122 2
124 122 2
125 122 2
126 122 2
118 123 2
119 123 2
120 123 2
121 123 2
122 123 2
123 123 2
124 123 2
118 124 2
119 124 2
120 124 2
121 124 2
122 124 2
123 124 2
124 124 2
128 124 2
117 125 2
118 125 2
122 127 2
