75 60 0
76 60 0
77 60 0
73 61 0
74 61 0
75 61 0
76 61 0
77 61 0
78 61 0
79 61 0
94 61 0
95 61 0
96 61 0
72 62 0
73 62 0
74 62 0
75 62 0
76 62 0
77 62 0
78 62 0
79 62 0
80 62 0
81 62 0
83 62 0
88 62 0
89 62 0
90 62 0
91 62 0
92 62 0
93 62 0
94 62 0
95 62 0
96 62 0
97 62 0
71 63 0
72 63 0
73 63 0
74 63 0
75 63 0
76 63 0
77 63 0
78 63 0
79 63 0
80 63 0
81 63 0
82 63 0
83 63 0
84 63 0
85 63 0
86 63 0
87 63 0
88 63 0
89 63 0
90 63 0
91 63 0
92 63 0
93 63 0
94 63 0
95 63 0
96 63 0
98 63 0
99 63 0
71 64 0
72 64 0
73 64 0
74 64 0
75 64 0
76 64 0
77 64 0
78 64 0
79 64 0
80 64 0
81 64 0
82 64 0
83 64 0
84 64 0
85 64 0
86 64 0
87 64 0
88 64 0
89 64 0
90 64 0
91 64 0
92 64 0
93 64 0
94 64 0
95 64 0
98 64 0
71 65 0
72 65 0
73 65 0
74 65 0
75 65 0
76 65 0
77 65 0
78 65 0
79 65 0
80 65 0
81 65 0
82 65 0
83 65 0
84 65 0
85 65 0
86 65 0
87 65 0
88 65 0
89 65 0
90 65 0
91 65 0
92 65 0
93 65 0
97 65 0
100 65 0
102 65 0
103 65 0
70 66 0
71 66 0
72 66 0
73 66 0
74 66 0
75 66 0
76 66 0
77 66 0
78 66 0
79 66 0
80 66 0
81 66 0
82 66 0
83 66 0
84 66 0
85 66 0
86 66 0
87 66 0
88 66 0
89 66 0
90 66 0
91 66 0
93 66 0
98 66 0
99 66 0
71 67 0
72 67 0
73 67 0
74 67 0
75 67 0
76 67 0
77 67 0
78 67 0
79 67 0
80 67 0
81 67 0
82 67 0
83 67 0
84 67 0
85 67 0
86 67 0
87 67 0
88 67 0
89 67 0
90 67 0
95 67 0
96 67 0
70 68 0
71 68 0
72 68 0
73 68 0
74 68 0
75 68 0
76 68 0
77 68 0
78 68 0
79 68 0
80 68 0
81 68 0
82 68 0
83 68 0
84 68 0
85 68 0
86 68 0
87 68 0
88 68 0
90 68 0
93 68 0
95 68 0
99 68 0
70 69 0
71 69 0
72 69 0
73 69 0
74 69 0
75 69 0
76 69 0
77 69 0
78 69 0
79 69 0
80 69 0
81 69 0
83 69 0
84 69 0
85 69 0
86 69 0
87 69 0
88 69 0
89 69 0
92 69 0
93 69 0
71 70 0
72 70 0
73 70 0
74 70 0
75 70 0
76 70 0
81 70 0
82 70 0
83 70 0
84 70 0
85 70 0
87 70 0
88 70 0
90 70 0
97 70 0
71 71 0
72 71 0
73 71 0
74 71 0
75 71 0
79 71 0
82 71 0
83 71 0
71 72 0
72 72 0
73 72 0
74 72 0
75 72 0
76 72 0
78 72 0
79 72 0
83 72 0
87 72 0
88 72 0
71 73 0
72 73 0
73 73 0
74 73 0
75 73 0
76 73 0
88 73 0
89 73 0
92 73 0
93 73 0
71 74 0
72 74 0
73 74 0
74 74 0
75 74 0
76 74 0
78 74 0
79 74 0
82 74 0
90 74 0
73 75 0
74 75 0
75 75 0
76 75 0
79 75 0
80 75 0
82 75 0
84 75 0
85 75 0
73 76 0
74 76 0
75 76 0
76 76 0
77 76 0
78 76 0
79 76 0
80 76 0
84 76 0
85 76 0
89 76 0
73 77 0
74 77 0
75 77 0
76 77 0
77 77 0
78 77 0
79 77 0
80 77 0
89 77 0
90 77 0
74 78 0
75 78 0
76 78 0
77 78 0
78 78 0
79 78 0
80 78 0
81 78 0
82 78 0
83 78 0
84 78 0
85 78 0
86 78 0
87 78 0
89 78 0
74 79 0
75 79 0
76 79 0
77 79 0
78 79 0
79 79 0
80 79 0
81 79 0
82 79 0
83 79 0
84 79 0
85 79 0
86 79 0
87 79 0
88 79 0
89 79 0
90 79 0
91 79 0
92 79 0
74 80 0
75 80 0
76 80 0
77 80 0
78 80 0
79 80 0
80 80 0
81 80 0
82 80 0
83 80 0
84 80 0
85 80 0
86 80 0
87 80 0
88 80 0
89 80 0
90 80 0
91 80 0
92 80 0
93 80 0
94 80 0
74 81 0
75 81 0
76 81 0
77 81 0
78 81 0
79 81 0
80 81 0
81 81 0
82 81 0
83 81 0
84 81 0
85 81 0
86 81 0
87 81 0
88 81 0
89 81 0
90 81 0
91 81 0
92 81 0
93 81 0
75 82 0
76 82 0
77 82 0
78 82 0
79 82 0
80 82 0
81 82 0
82 82 0
83 82 0
84 82 0
85 82 0
86 82 0
87 82 0
88 82 0
89 82 0
90 82 0
91 82 0
92 82 0
101 82 0
102 82 0
104 82 0
75 83 0
76 83 0
77 83 0
78 83 0
79 83 0
80 83 0
81 83 0
82 83 0
83 83 0
84 83 0
85 83 0
86 83 0
87 83 0
88 83 0
89 83 0
90 83 0
77 84 0
78 84 0
79 84 0
80 84 0
81 84 0
82 84 0
83 84 0
84 84 0
85 84 0
86 84 0
87 84 0
88 84 0
89 84 0
90 84 0
91 84 0
92 84 0
93 84 0
94 84 0
104 84 0
76 85 0
77 85 0
78 85 0
79 85 0
80 85 0
81 85 0
82 85 0
83 85 0
84 85 0
85 85 0
86 85 0
87 85 0
88 85 0
90 85 0
91 85 0
92 85 0
93 85 0
94 85 0
95 85 0
101 85 0
78 86 0
79 86 0
80 86 0
81 86 0
84 86 0
86 86 0
87 86 0
88 86 0
89 86 0
90 86 0
91 86 0
92 86 0
93 86 0
94 86 0
95 86 0
78 87 0
79 87 0
80 87 0
81 87 0
82 87 0
83 87 0
84 87 0
87 87 0
89 87 0
90 87 0
91 87 0
92 87 0
93 87 0
94 87 0
95 87 0
102 87 0
103 87 0
105 87 0
79 88 0
80 88 0
81 88 0
82 88 0
85 88 0
89 88 0
90 88 0
91 88 0
92 88 0
93 88 0
94 88 0
95 88 0
101 88 0
62 89 0
79 89 0
80 89 0
81 89 0
83 89 0
84 89 0
87 89 0
88 89 0
89 89 0
90 89 0
91 89 0
92 89 0
93 89 0
94 89 0
95 89 0
96 89 0
62 90 0
79 90 0
80 90 0
81 90 0
83 90 0
84 90 0
88 90 0
89 90 0
90 90 0
91 90 0
92 90 0
93 90 0
94 90 0
95 90 0
96 90 0
98 90 0
99 90 0
100 90 0
103 90 0
105 90 0
60 91 0
61 91 0
62 91 0
63 91 0
67 91 0
79 91 0
80 91 0
81 91 0
82 91 0
83 91 0
87 91 0
88 91 0
89 91 0
90 91 0
91 91 0
92 91 0
93 91 0
94 91 0
95 91 0
96 91 0
97 91 0
100 91 0
103 91 0
61 92 0
62 92 0
64 92 0
65 92 0
66 92 0
67 92 0
80 92 0
81 92 0
82 92 0
85 92 0
86 92 0
87 92 0
88 92 0
89 92 0
90 92 0
91 92 0
92 92 0
93 92 0
94 92 0
95 92 0
96 92 0
100 92 0
101 92 0
102 92 0
106 92 0
61 93 0
62 93 0
63 93 0
65 93 0
66 93 0
67 93 0
68 93 0
69 93 0
80 93 0
81 93 0
86 93 0
87 93 0
88 93 0
89 93 0
90 93 0
91 93 0
92 93 0
93 93 0
94 93 0
95 93 0
96 93 0
98 93 0
99 93 0
100 93 0
103 93 0
104 93 0
61 94 0
62 94 0
63 94 0
64 94 0
65 94 0
66 94 0
67 94 0
68 94 0
80 94 0
85 94 0
86 94 0
87 94 0
88 94 0
89 94 0
90 94 0
91 94 0
92 94 0
93 94 0
94 94 0
95 94 0
96 94 0
97 94 0
98 94 0
100 94 0
101 94 0
102 94 0
103 94 0
61 95 0
62 95 0
63 95 0
64 95 0
65 95 0
66 95 0
67 95 0
68 95 0
69 95 0
80 95 0
81 95 0
84 95 0
85 95 0
86 95 0
87 95 0
88 95 0
89 95 0
90 95 0
91 95 0
92 95 0
93 95 0
94 95 0
95 95 0
96 95 0
97 95 0
98 95 0
102 95 0
103 95 0
60 96 0
61 96 0
62 96 0
63 96 0
64 96 0
65 96 0
66 96 0
67 96 0
68 96 0
69 96 0
70 96 0
71 96 0
80 96 0
81 96 0
82 96 0
83 96 0
85 96 0
86 96 0
87 96 0
88 96 0
89 96 0
90 96 0
91 96 0
92 96 0
93 96 0
94 96 0
95 96 0
96 96 0
97 96 0
98 96 0
99 96 0
100 96 0
101 96 0
102 96 0
104 96 0
60 97 0
61 97 0
62 97 0
63 97 0
64 97 0
65 97 0
66 97 0
67 97 0
68 97 0
69 97 0
70 97 0
71 97 0
72 97 0
80 97 0
81 97 0
82 97 0
83 97 0
84 97 0
85 97 0
86 97 0
87 97 0
88 97 0
89 97 0
90 97 0
91 97 0
92 97 0
93 97 0
94 97 0
95 97 0
98 97 0
99 97 0
100 97 0
101 97 0
104 97 0
105 97 0
60 98 0
61 98 0
62 98 0
63 98 0
64 98 0
65 98 0
66 98 0
67 98 0
68 98 0
69 98 0
70 98 0
71 98 0
72 98 0
73 98 0
80 98 0
81 98 0
84 98 0
85 98 0
86 98 0
87 98 0
88 98 0
89 98 0
90 98 0
91 98 0
92 98 0
93 98 0
94 98 0
95 98 0
96 98 0
97 98 0
98 98 0
99 98 0
100 98 0
102 98 0
103 98 0
104 98 0
105 98 0
60 99 0
61 99 0
62 99 0
63 99 0
64 99 0
65 99 0
66 99 0
67 99 0
68 99 0
69 99 0
70 99 0
71 99 0
72 99 0
73 99 0
74 99 0
80 99 0
81 99 0
82 99 0
83 99 0
84 99 0
85 99 0
86 99 0
87 99 0
88 99 0
89 99 0
90 99 0
91 99 0
92 99 0
93 99 0
94 99 0
95 99 0
97 99 0
98 99 0
99 99 0
100 99 0
101 99 0
102 99 0
104 99 0
60 100 0
61 100 0
62 100 0
63 100 0
64 100 0
66 100 0
67 100 0
68 100 0
69 100 0
70 100 0
71 100 0
72 100 0
73 100 0
74 100 0
75 100 0
76 100 0
81 100 0
82 100 0
83 100 0
84 100 0
85 100 0
86 100 0
87 100 0
88 100 0
89 100 0
90 100 0
91 100 0
92 100 0
93 100 0
94 100 0
95 100 0
96 100 0
97 100 0
98 100 0
99 100 0
100 100 0
101 100 0
102 100 0
103 100 0
104 100 0
105 100 0
60 101 0
61 101 0
62 101 0
64 101 0
65 101 0
66 101 0
67 101 0
68 101 0
69 101 0
70 101 0
71 101 0
72 101 0
73 101 0
74 101 0
75 101 0
76 101 0
77 101 0
78 101 0
79 101 0
80 101 0
81 101 0
82 101 0
83 101 0
84 101 0
85 101 0
86 101 0
87 101 0
88 101 0
89 101 0
90 101 0
91 101 0
92 101 0
93 101 0
94 101 0
95 101 0
96 101 0
97 101 0
98 101 0
99 101 0
100 101 0
101 101 0
102 101 0
104 101 0
105 101 0
63 102 0
64 102 0
66 102 0
67 102 0
68 102 0
69 102 0
70 102 0
71 102 0
72 102 0
73 102 0
74 102 0
75 102 0
76 102 0
77 102 0
78 102 0
79 102 0
80 102 0
81 102 0
82 102 0
83 102 0
84 102 0
85 102 0
86 102 0
87 102 0
88 102 0
89 102 0
90 102 0
91 102 0
92 102 0
93 102 0
94 102 0
95 102 0
96 102 0
97 102 0
98 102 0
99 102 0
100 102 0
101 102 0
61 103 0
62 103 0
63 103 0
64 103 0
65 103 0
66 103 0
67 103 0
68 103 0
69 103 0
70 103 0
71 103 0
72 103 0
73 103 0
74 103 0
75 103 0
76 103 0
77 103 0
78 103 0
79 103 0
80 103 0
81 103 0
82 103 0
83 103 0
84 103 0
85 103 0
86 103 0
87 103 0
88 103 0
89 103 0
90 103 0
91 103 0
92 103 0
93 103 0
94 103 0
95 103 0
97 103 0
98 103 0
99 103 0
100 103 0
101 103 0
102 103 0
62 104 0
63 104 0
66 104 0
67 104 0
68 104 0
69 104 0
70 104 0
71 104 0
72 104 0
73 104 0
74 104 0
75 104 0
76 104 0
77 104 0
78 104 0
79 104 0
80 104 0
81 104 0
82 104 0
83 104 0
84 104 0
85 104 0
86 104 0
87 104 0
88 104 0
89 104 0
90 104 0
91 104 0
92 104 0
93 104 0
94 104 0
95 104 0
96 104 0
97 104 0
98 104 0
99 104 0
100 104 0
101 104 0
62 105 0
63 105 0
66 105 0
67 105 0
68 105 0
69 105 0
70 105 0
71 105 0
72 105 0
73 105 0
74 105 0
75 105 0
76 105 0
77 105 0
78 105 0
79 105 0
80 105 0
81 105 0
82 105 0
83 105 0
84 105 0
85 105 0
86 105 0
87 105 0
88 105 0
89 105 0
90 105 0
91 105 0
92 105 0
93 105 0
94 105 0
95 105 0
96 105 0
97 105 0
98 105 0
99 105 0
100 105 0
101 105 0
63 106 0
64 106 0
65 106 0
66 106 0
67 106 0
68 106 0
69 106 0
70 106 0
71 106 0
72 106 0
73 106 0
74 106 0
75 106 0
76 106 0
77 106 0
78 106 0
79 106 0
80 106 0
81 106 0
82 106 0
83 106 0
84 106 0
85 106 0
86 106 0
87 106 0
88 106 0
89 106 0
90 106 0
91 106 0
92 106 0
93 106 0
96 106 0
97 106 0
98 106 0
99 106 0
100 106 0
101 106 0
64 107 0
65 107 0
66 107 0
67 107 0
68 107 0
69 107 0
71 107 0
73 107 0
74 107 0
75 107 0
76 107 0
77 107 0
78 107 0
79 107 0
80 107 0
81 107 0
82 107 0
83 107 0
84 107 0
85 107 0
86 107 0
87 107 0
88 107 0
89 107 0
90 107 0
91 107 0
92 107 0
93 107 0
95 107 0
96 107 0
97 107 0
98 107 0
99 107 0
100 107 0
66 108 0
67 108 0
69 108 0
70 108 0
71 108 0
73 108 0
74 108 0
75 108 0
76 108 0
77 108 0
78 108 0
79 108 0
80 108 0
81 108 0
82 108 0
83 108 0
84 108 0
85 108 0
86 108 0
87 108 0
88 108 0
89 108 0
90 108 0
91 108 0
92 108 0
93 108 0
94 108 0
95 108 0
96 108 0
97 108 0
98 108 0
99 108 0
100 108 0
101 108 0
102 108 0
63 109 0
64 109 0
70 109 0
71 109 0
73 109 0
74 109 0
75 109 0
76 109 0
77 109 0
78 109 0
79 109 0
80 109 0
81 109 0
82 109 0
83 109 0
84 109 0
85 109 0
86 109 0
87 109 0
88 109 0
89 109 0
90 109 0
91 109 0
92 109 0
93 109 0
94 109 0
95 109 0
96 109 0
97 109 0
98 109 0
99 109 0
100 109 0
64 110 0
68 110 0
69 110 0
70 110 0
71 110 0
72 110 0
73 110 0
74 110 0
75 110 0
76 110 0
77 110 0
78 110 0
79 110 0
80 110 0
81 110 0
82 110 0
83 110 0
84 110 0
85 110 0
86 110 0
87 110 0
88 110 0
89 110 0
90 110 0
91 110 0
92 110 0
93 110 0
94 110 0
95 110 0
96 110 0
97 110 0
98 110 0
99 110 0
64 111 0
71 111 0
72 111 0
77 111 0
78 111 0
79 111 0
80 111 0
81 111 0
82 111 0
83 111 0
84 111 0
85 111 0
86 111 0
87 111 0
88 111 0
89 111 0
90 111 0
91 111 0
92 111 0
93 111 0
94 111 0
95 111 0
96 111 0
97 111 0
98 111 0
99 111 0
100 111 0
70 112 0
71 112 0
72 112 0
73 112 0
74 112 0
76 112 0
77 112 0
78 112 0
79 112 0
80 112 0
81 112 0
82 112 0
83 112 0
84 112 0
85 112 0
86 112 0
87 112 0
88 112 0
89 112 0
90 112 0
91 112 0
94 112 0
95 112 0
96 112 0
97 112 0
98 112 0
99 112 0
100 112 0
68 113 0
69 113 0
70 113 0
73 113 0
74 113 0
75 113 0
76 113 0
77 113 0
78 113 0
79 113 0
80 113 0
81 113 0
82 113 0
83 113 0
84 113 0
85 113 0
86 113 0
89 113 0
90 113 0
91 113 0
93 113 0
94 113 0
95 113 0
96 113 0
97 113 0
98 113 0
99 113 0
100 113 0
70 114 0
71 114 0
72 114 0
73 114 0
74 114 0
75 114 0
76 114 0
77 114 0
78 114 0
79 114 0
80 114 0
81 114 0
82 114 0
83 114 0
84 114 0
85 114 0
86 114 0
87 114 0
88 114 0
89 114 0
90 114 0
92 114 0
93 114 0
94 114 0
95 114 0
96 114 0
97 114 0
98 114 0
99 114 0
71 115 0
72 115 0
73 115 0
74 115 0
75 115 0
76 115 0
77 115 0
78 115 0
79 115 0
80 115 0
81 115 0
82 115 0
84 115 0
85 115 0
87 115 0
88 115 0
89 115 0
92 115 0
93 115 0
94 115 0
95 115 0
96 115 0
97 115 0
98 115 0
99 115 0
71 116 0
72 116 0
73 116 0
74 116 0
75 116 0
76 116 0
77 116 0
78 116 0
79 116 0
80 116 0
81 116 0
82 116 0
83 116 0
84 116 0
90 116 0
91 116 0
92 116 0
93 116 0
94 116 0
95 116 0
96 116 0
97 116 0
98 116 0
72 117 0
73 117 0
74 117 0
75 117 0
76 117 0
77 117 0
78 117 0
79 117 0
80 117 0
81 117 0
82 117 0
84 117 0
89 117 0
90 117 0
91 117 0
92 117 0
93 117 0
94 117 0
95 117 0
96 117 0
97 117 0
100 117 0
67 118 0
72 118 0
73 118 0
75 118 0
76 118 0
77 118 0
78 118 0
79 118 0
80 118 0
81 118 0
82 118 0
83 118 0
84 118 0
85 118 0
88 118 0
89 118 0
90 118 0
91 118 0
92 118 0
93 118 0
94 118 0
95 118 0
96 118 0
97 118 0
98 118 0
73 119 0
74 119 0
75 119 0
76 119 0
77 119 0
78 119 0
79 119 0
80 119 0
81 119 0
82 119 0
83 119 0
84 119 0
85 119 0
86 119 0
87 119 0
88 119 0
89 119 0
90 119 0
91 119 0
92 119 0
93 119 0
94 119 0
95 119 0
96 119 0
97 119 0
67 120 0
68 120 0
73 120 0
74 120 0
75 120 0
76 120 0
77 120 0
78 120 0
79 120 0
80 120 0
81 120 0
82 120 0
83 120 0
84 120 0
85 120 0
86 120 0
87 120 0
88 120 0
89 120 0
90 120 0
91 120 0
92 120 0
93 120 0
94 120 0
95 120 0
96 120 0
97 120 0
77 121 0
78 121 0
79 121 0
80 121 0
81 121 0
82 121 0
83 121 0
84 121 0
85 121 0
86 121 0
87 121 0
88 121 0
89 121 0
90 121 0
91 121 0
92 121 0
93 121 0
94 121 0
95 121 0
96 121 0
73 122 0
74 122 0
75 122 0
76 122 0
78 122 0
79 122 0
80 122 0
81 122 0
82 122 0
83 122 0
84 122 0
85 122 0
86 122 0
87 122 0
88 122 0
89 122 0
90 122 0
91 122 0
92 122 0
93 122 0
95 122 0
72 123 0
73 123 0
75 123 0
76 123 0
77 123 0
78 123 0
79 123 0
80 123 0
81 123 0
82 123 0
83 123 0
84 123 0
85 123 0
86 123 0
87 123 0
88 123 0
89 123 0
90 123 0
91 123 0
92 123 0
93 123 0
94 123 0
76 124 0
78 124 0
80 124 0
81 124 0
82 124 0
83 124 0
84 124 0
85 124 0
86 124 0
87 124 0
88 124 0
89 124 0
90 124 0
91 124 0
94 124 0
78 125 0
79 125 0
80 125 0
81 125 0
82 125 0
83 125 0
84 125 0
85 125 0
86 125 0
87 125 0
88 125 0
89 125 0
90 125 0
91 125 0
77 126 0
78 126 0
79 126 0
80 126 0
81 126 0
82 126 0
83 126 0
84 126 0
85 126 0
86 126 0
89 126 0
90 126 0
77 127 0
78 127 0
79 127 0
80 127 0
81 127 0
82 127 0
83 127 0
84 127 0
85 127 0
86 127 0
87 127 0
75 128 0
77 128 0
78 128 0
79 128 0
80 128 0
81 128 0
82 128 0
83 128 0
79 129 0
196 97 1
197 97 1
196 98 1
197 98 1
198 98 1
194 99 1
195 99 1
196 99 1
197 99 1
198 99 1
194 100 1
195 100 1
196 100 1
197 100 1
198 100 1
199 100 1
195 101 1
196 101 1
197 101 1
198 101 1
199 101 1
200 101 1
194 102 1
195 102 1
196 102 1
197 102 1
198 102 1
199 102 1
200 102 1
209 102 1
194 103 1
195 103 1
196 103 1
197 103 1
198 103 1
199 103 1
204 103 1
195 104 1
196 104 1
197 104 1
198 104 1
217 104 1
193 105 1
195 105 1
196 105 1
197 105 1
198 105 1
200 105 1
206 105 1
196 106 1
197 106 1
198 106 1
199 106 1
200 106 1
201 106 1
206 106 1
207 106 1
240 106 1
196 107 1
197 107 1
198 107 1
199 107 1
201 107 1
235 107 1
196 108 1
197 108 1
198 108 1
199 108 1
200 108 1
206 108 1
207 108 1
242 108 1
245 108 1
246 108 1
198 109 1
204 109 1
207 109 1
208 109 1
214 109 1
248 109 1
198 110 1
201 110 1
207 110 1
208 110 1
209 110 1
212 110 1
257 110 1
199 111 1
201 111 1
204 111 1
208 111 1
214 111 1
215 111 1
224 111 1
253 111 1
254 111 1
256 111 1
257 111 1
200 112 1
201 112 1
226 112 1
253 112 1
254 112 1
259 112 1
210 113 1
216 113 1
220 113 1
223 113 1
230 113 1
253 113 1
220 114 1
252 114 1
253 114 1
252 115 1
253 115 1
198 116 1
252 116 1
295 118 1
296 118 1
251 119 1
297 119 1
298 119 1
299 119 1
299 120 1
300 120 1
301 120 1
302 120 1
303 120 1
305 120 1
313 120 1
314 120 1
316 120 1
317 120 1
318 120 1
319 120 1
320 120 1
299 121 1
301 121 1
302 121 1
303 121 1
304 121 1
305 121 1
306 121 1
312 121 1
313 121 1
314 121 1
315 121 1
316 121 1
317 121 1
319 121 1
320 121 1
322 121 1
323 121 1
324 121 1
325 121 1
326 121 1
305 122 1
323 122 1
324 122 1
325 122 1
326 122 1
328 122 1
329 122 1
330 122 1
252 123 1
305 123 1
324 123 1
325 123 1
326 123 1
328 123 1
329 123 1
330 123 1
331 123 1
332 123 1
327 124 1
328 124 1
329 124 1
330 124 1
331 124 1
332 124 1
334 124 1
330 125 1
334 125 1
335 125 1
337 125 1
338 125 1
339 125 1
336 126 1
337 126 1
338 126 1
339 127 1
340 127 1
341 128 1
342 128 1
259 133 1
259 134 1
260 134 1
261 135 1
262 135 1
266 135 1
266 137 1
268 137 1
269 137 1
270 137 1
270 138 1
271 138 1
271 139 1
272 139 1
273 139 1
272 140 1
273 140 1
274 140 1
274 141 1
276 141 1
277 141 1
277 142 1
279 142 1
280 142 1
281 142 1
281 143 1
282 143 1
284 144 1
285 144 1
286 144 1
285 145 1
286 145 1
286 146 1
289 146 1
292 148 1
296 148 1
306 150 1
307 150 1
308 150 1
306 151 1
308 151 1
310 151 1
311 151 1
312 151 1
309 152 1
310 152 1
311 152 1
312 152 1
312 153 1
313 153 1
314 153 1
315 153 1
316 153 1
318 153 1
318 154 1
319 154 1
320 154 1
321 154 1
322 154 1
323 154 1
323 155 1
324 155 1
326 155 1
327 155 1
328 155 1
327 156 1
328 156 1
331 156 1
329 157 1
330 157 1
331 157 1
332 157 1
333 157 1
334 157 1
335 157 1
336 157 1
338 157 1
337 158 1
338 158 1
339 158 1
342 158 1
343 158 1
342 159 1
342 160 1
119 84 2
120 85 2
126 87 2
126 90 2
127 91 2
127 92 2
114 93 2
125 93 2
107 94 2
125 94 2
126 94 2
106 95 2
107 95 2
124 95 2
125 95 2
126 95 2
127 95 2
105 96 2
124 96 2
125 96 2
126 96 2
124 97 2
125 97 2
126 97 2
128 97 2
108 98 2
124 98 2
125 98 2
126 98 2
105 99 2
106 99 2
108 99 2
124 99 2
125 99 2
126 99 2
127 99 2
104 100 2
105 100 2
106 100 2
123 100 2
124 100 2
125 100 2
126 100 2
127 100 2
102 101 2
103 101 2
104 101 2
105 101 2
106 101 2
123 101 2
124 101 2
125 101 2
101 102 2
102 102 2
103 102 2
104 102 2
106 102 2
123 102 2
124 102 2
99 103 2
100 103 2
101 103 2
102 103 2
103 103 2
104 103 2
105 103 2
123 103 2
124 103 2
126 103 2
98 104 2
99 104 2
100 104 2
101 104 2
102 104 2
103 104 2
123 104 2
124 104 2
125 104 2
126 104 2
96 105 2
97 105 2
99 105 2
100 105 2
102 105 2
123 105 2
124 105 2
125 105 2
126 105 2
95 106 2
98 106 2
99 106 2
100 106 2
102 106 2
122 106 2
123 106 2
124 106 2
125 106 2
126 106 2
100 107 2
121 107 2
122 107 2
123 107 2
124 107 2
125 107 2
126 107 2
117 108 2
121 108 2
122 108 2
123 108 2
124 108 2
125 108 2
104 109 2
114 109 2
120 109 2
121 109 2
122 109 2
123 109 2
124 109 2
119 110 2
120 110 2
121 110 2
122 110 2
123 110 2
124 110 2
108 111 2
118 111 2
119 111 2
120 111 2
121 111 2
122 111 2
123 111 2
125 111 2
117 112 2
118 112 2
119 112 2
120 112 2
121 112 2
122 112 2
116 113 2
117 113 2
118 113 2
119 113 2
120 113 2
121 113 2
114 114 2
115 114 2
116 114 2
117 114 2
118 114 2
119 114 2
120 114 2
121 114 2
113 115 2
114 115 2
115 115 2
116 115 2
117 115 2
118 115 2
119 115 2
120 115 2
112 116 2
113 116 2
114 116 2
115 116 2
116 116 2
117 116 2
120 116 2
107 117 2
109 117 2
110 117 2
111 117 2
112 117 2
113 117 2
114 117 2
115 117 2
116 117 2
117 117 2
106 118 2
107 118 2
108 118 2
109 118 2
110 118 2
111 118 2
112 118 2
113 118 2
114 118 2
117 118 2
118 118 2
104 119 2
105 119 2
106 119 2
107 119 2
108 119 2
109 119 2
110 119 2
111 119 2
112 119 2
117 119 2
118 119 2
102 120 2
103 120 2
104 120 2
105 120 2
106 120 2
107 120 2
108 120 2
109 120 2
99 121 2
101 121 2
102 121 2
103 121 2
104 121 2
105 121 2
106 121 2
107 121 2
108 121 2
116 121 2
100 122 2
102 122 2
103 122 2
106 122 2
107 122 2
97 123 2
99 123 2
