79 49 0
80 49 0
81 49 0
82 49 0
84 49 0
85 49 0
77 50 0
78 50 0
79 50 0
80 50 0
81 50 0
83 50 0
84 50 0
75 51 0
76 51 0
77 51 0
78 51 0
79 51 0
80 51 0
81 51 0
82 51 0
83 51 0
84 51 0
85 51 0
86 51 0
87 51 0
88 51 0
74 52 0
75 52 0
76 52 0
77 52 0
78 52 0
79 52 0
80 52 0
81 52 0
82 52 0
83 52 0
84 52 0
85 52 0
86 52 0
87 52 0
91 52 0
73 53 0
74 53 0
75 53 0
76 53 0
77 53 0
78 53 0
79 53 0
80 53 0
81 53 0
82 53 0
84 53 0
85 53 0
86 53 0
89 53 0
90 53 0
91 53 0
73 54 0
74 54 0
75 54 0
76 54 0
77 54 0
78 54 0
79 54 0
80 54 0
81 54 0
83 54 0
84 54 0
85 54 0
86 54 0
87 54 0
90 54 0
91 54 0
72 55 0
73 55 0
74 55 0
75 55 0
76 55 0
77 55 0
78 55 0
79 55 0
82 55 0
83 55 0
84 55 0
85 55 0
86 55 0
87 55 0
88 55 0
89 55 0
90 55 0
91 55 0
92 55 0
93 55 0
94 55 0
95 55 0
96 55 0
71 56 0
72 56 0
73 56 0
74 56 0
75 56 0
76 56 0
77 56 0
79 56 0
80 56 0
81 56 0
82 56 0
83 56 0
84 56 0
85 56 0
86 56 0
87 56 0
88 56 0
89 56 0
90 56 0
91 56 0
92 56 0
93 56 0
94 56 0
95 56 0
96 56 0
97 56 0
98 56 0
71 57 0
72 57 0
73 57 0
74 57 0
75 57 0
76 57 0
77 57 0
78 57 0
79 57 0
80 57 0
81 57 0
82 57 0
83 57 0
84 57 0
85 57 0
86 57 0
87 57 0
88 57 0
89 57 0
90 57 0
91 57 0
92 57 0
93 57 0
94 57 0
95 57 0
96 57 0
97 57 0
98 57 0
100 57 0
70 58 0
71 58 0
72 58 0
73 58 0
74 58 0
77 58 0
78 58 0
79 58 0
80 58 0
81 58 0
82 58 0
83 58 0
84 58 0
85 58 0
86 58 0
88 58 0
89 58 0
90 58 0
91 58 0
92 58 0
93 58 0
94 58 0
95 58 0
96 58 0
97 58 0
101 58 0
102 58 0
70 59 0
71 59 0
72 59 0
73 59 0
76 59 0
77 59 0
80 59 0
81 59 0
82 59 0
84 59 0
87 59 0
89 59 0
91 59 0
93 59 0
96 59 0
97 59 0
98 59 0
100 59 0
101 59 0
70 60 0
71 60 0
72 60 0
75 60 0
80 60 0
81 60 0
89 60 0
93 60 0
94 60 0
95 60 0
96 60 0
97 60 0
98 60 0
99 60 0
100 60 0
101 60 0
102 60 0
71 61 0
72 61 0
74 61 0
85 61 0
86 61 0
88 61 0
89 61 0
97 61 0
98 61 0
99 61 0
77 62 0
84 62 0
69 63 0
76 63 0
87 63 0
69 64 0
100 64 0
103 64 0
104 64 0
78 65 0
102 65 0
108 65 0
110 65 0
79 66 0
80 66 0
82 66 0
87 66 0
105 66 0
108 66 0
109 66 0
110 66 0
79 67 0
80 67 0
81 67 0
82 67 0
86 67 0
87 67 0
106 67 0
109 67 0
110 67 0
111 67 0
74 68 0
78 68 0
79 68 0
80 68 0
83 68 0
85 68 0
86 68 0
105 68 0
106 68 0
107 68 0
108 68 0
109 68 0
110 68 0
111 68 0
77 69 0
78 69 0
79 69 0
80 69 0
83 69 0
84 69 0
85 69 0
87 69 0
88 69 0
106 69 0
107 69 0
109 69 0
110 69 0
111 69 0
76 70 0
77 70 0
78 70 0
79 70 0
81 70 0
82 70 0
83 70 0
84 70 0
85 70 0
86 70 0
87 70 0
88 70 0
89 70 0
90 70 0
107 70 0
108 70 0
109 70 0
110 70 0
111 70 0
113 70 0
76 71 0
77 71 0
78 71 0
79 71 0
80 71 0
81 71 0
82 71 0
83 71 0
84 71 0
85 71 0
86 71 0
87 71 0
88 71 0
89 71 0
90 71 0
91 71 0
107 71 0
108 71 0
109 71 0
110 71 0
111 71 0
75 72 0
76 72 0
77 72 0
78 72 0
79 72 0
80 72 0
81 72 0
82 72 0
83 72 0
84 72 0
85 72 0
86 72 0
87 72 0
88 72 0
89 72 0
90 72 0
91 72 0
92 72 0
93 72 0
107 72 0
108 72 0
109 72 0
110 72 0
111 72 0
112 72 0
75 73 0
76 73 0
77 73 0
78 73 0
79 73 0
80 73 0
81 73 0
82 73 0
83 73 0
84 73 0
85 73 0
86 73 0
87 73 0
88 73 0
89 73 0
90 73 0
91 73 0
92 73 0
93 73 0
107 73 0
108 73 0
109 73 0
110 73 0
111 73 0
112 73 0
75 74 0
76 74 0
77 74 0
78 74 0
79 74 0
80 74 0
81 74 0
82 74 0
84 74 0
85 74 0
86 74 0
87 74 0
88 74 0
89 74 0
90 74 0
91 74 0
92 74 0
93 74 0
108 74 0
109 74 0
110 74 0
111 74 0
112 74 0
113 74 0
73 75 0
75 75 0
76 75 0
77 75 0
78 75 0
79 75 0
80 75 0
83 75 0
84 75 0
85 75 0
87 75 0
88 75 0
89 75 0
90 75 0
91 75 0
92 75 0
93 75 0
95 75 0
108 75 0
109 75 0
110 75 0
111 75 0
112 75 0
113 75 0
114 75 0
74 76 0
75 76 0
76 76 0
81 76 0
82 76 0
83 76 0
84 76 0
85 76 0
89 76 0
90 76 0
91 76 0
92 76 0
93 76 0
94 76 0
95 76 0
96 76 0
109 76 0
110 76 0
111 76 0
112 76 0
113 76 0
114 76 0
72 77 0
73 77 0
74 77 0
75 77 0
76 77 0
77 77 0
78 77 0
79 77 0
80 77 0
83 77 0
84 77 0
85 77 0
90 77 0
91 77 0
92 77 0
93 77 0
94 77 0
95 77 0
96 77 0
97 77 0
105 77 0
109 77 0
110 77 0
111 77 0
112 77 0
113 77 0
114 77 0
72 78 0
74 78 0
76 78 0
77 78 0
78 78 0
79 78 0
91 78 0
92 78 0
93 78 0
94 78 0
95 78 0
96 78 0
97 78 0
109 78 0
110 78 0
111 78 0
112 78 0
113 78 0
114 78 0
72 79 0
73 79 0
74 79 0
75 79 0
76 79 0
79 79 0
91 79 0
92 79 0
93 79 0
94 79 0
95 79 0
96 79 0
97 79 0
108 79 0
109 79 0
110 79 0
111 79 0
112 79 0
113 79 0
114 79 0
115 79 0
69 80 0
72 80 0
74 80 0
79 80 0
82 80 0
83 80 0
91 80 0
92 80 0
93 80 0
94 80 0
95 80 0
96 80 0
97 80 0
98 80 0
109 80 0
110 80 0
111 80 0
112 80 0
113 80 0
114 80 0
115 80 0
116 80 0
66 81 0
70 81 0
71 81 0
72 81 0
73 81 0
91 81 0
92 81 0
93 81 0
94 81 0
95 81 0
96 81 0
97 81 0
98 81 0
100 81 0
109 81 0
110 81 0
111 81 0
112 81 0
113 81 0
114 81 0
115 81 0
70 82 0
71 82 0
73 82 0
77 82 0
92 82 0
93 82 0
94 82 0
95 82 0
96 82 0
97 82 0
98 82 0
110 82 0
111 82 0
112 82 0
113 82 0
114 82 0
118 82 0
67 83 0
68 83 0
69 83 0
70 83 0
72 83 0
78 83 0
92 83 0
93 83 0
94 83 0
95 83 0
96 83 0
97 83 0
98 83 0
99 83 0
109 83 0
110 83 0
111 83 0
112 83 0
113 83 0
114 83 0
115 83 0
68 84 0
69 84 0
70 84 0
72 84 0
78 84 0
92 84 0
93 84 0
94 84 0
95 84 0
96 84 0
97 84 0
98 84 0
99 84 0
100 84 0
101 84 0
106 84 0
109 84 0
110 84 0
111 84 0
112 84 0
113 84 0
114 84 0
115 84 0
67 85 0
68 85 0
69 85 0
70 85 0
71 85 0
72 85 0
78 85 0
79 85 0
81 85 0
92 85 0
93 85 0
94 85 0
95 85 0
96 85 0
97 85 0
98 85 0
99 85 0
100 85 0
104 85 0
106 85 0
110 85 0
111 85 0
112 85 0
113 85 0
114 85 0
115 85 0
116 85 0
117 85 0
67 86 0
68 86 0
69 86 0
70 86 0
71 86 0
72 86 0
76 86 0
77 86 0
81 86 0
83 86 0
93 86 0
94 86 0
95 86 0
96 86 0
97 86 0
98 86 0
99 86 0
100 86 0
101 86 0
102 86 0
103 86 0
104 86 0
106 86 0
110 86 0
111 86 0
112 86 0
113 86 0
114 86 0
115 86 0
66 87 0
67 87 0
68 87 0
69 87 0
70 87 0
71 87 0
72 87 0
73 87 0
77 87 0
93 87 0
94 87 0
95 87 0
96 87 0
97 87 0
98 87 0
99 87 0
100 87 0
101 87 0
102 87 0
110 87 0
111 87 0
112 87 0
113 87 0
114 87 0
115 87 0
120 87 0
67 88 0
68 88 0
69 88 0
70 88 0
71 88 0
72 88 0
73 88 0
77 88 0
78 88 0
93 88 0
94 88 0
95 88 0
96 88 0
97 88 0
98 88 0
99 88 0
100 88 0
101 88 0
102 88 0
103 88 0
104 88 0
105 88 0
111 88 0
112 88 0
113 88 0
114 88 0
115 88 0
116 88 0
67 89 0
68 89 0
69 89 0
70 89 0
71 89 0
72 89 0
73 89 0
77 89 0
80 89 0
82 89 0
83 89 0
93 89 0
94 89 0
95 89 0
96 89 0
97 89 0
98 89 0
99 89 0
100 89 0
102 89 0
104 89 0
105 89 0
108 89 0
110 89 0
111 89 0
112 89 0
113 89 0
114 89 0
115 89 0
116 89 0
118 89 0
67 90 0
68 90 0
69 90 0
70 90 0
71 90 0
72 90 0
73 90 0
75 90 0
76 90 0
77 90 0
78 90 0
79 90 0
80 90 0
81 90 0
82 90 0
83 90 0
92 90 0
93 90 0
94 90 0
95 90 0
96 90 0
97 90 0
98 90 0
99 90 0
100 90 0
101 90 0
102 90 0
103 90 0
105 90 0
110 90 0
111 90 0
112 90 0
113 90 0
114 90 0
115 90 0
116 90 0
117 90 0
119 90 0
66 91 0
67 91 0
68 91 0
69 91 0
70 91 0
71 91 0
72 91 0
73 91 0
76 91 0
77 91 0
78 91 0
79 91 0
80 91 0
81 91 0
82 91 0
83 91 0
84 91 0
92 91 0
93 91 0
94 91 0
95 91 0
96 91 0
97 91 0
98 91 0
99 91 0
100 91 0
101 91 0
103 91 0
105 91 0
108 91 0
111 91 0
112 91 0
113 91 0
114 91 0
115 91 0
116 91 0
117 91 0
66 92 0
67 92 0
68 92 0
69 92 0
70 92 0
71 92 0
72 92 0
73 92 0
74 92 0
75 92 0
76 92 0
77 92 0
79 92 0
80 92 0
81 92 0
82 92 0
83 92 0
84 92 0
86 92 0
92 92 0
93 92 0
94 92 0
95 92 0
96 92 0
97 92 0
98 92 0
99 92 0
100 92 0
102 92 0
103 92 0
104 92 0
110 92 0
111 92 0
112 92 0
113 92 0
114 92 0
115 92 0
116 92 0
117 92 0
118 92 0
119 92 0
67 93 0
68 93 0
69 93 0
70 93 0
71 93 0
72 93 0
73 93 0
74 93 0
75 93 0
76 93 0
77 93 0
78 93 0
79 93 0
80 93 0
81 93 0
82 93 0
83 93 0
84 93 0
85 93 0
86 93 0
87 93 0
91 93 0
92 93 0
93 93 0
94 93 0
95 93 0
96 93 0
97 93 0
98 93 0
99 93 0
100 93 0
101 93 0
102 93 0
103 93 0
105 93 0
111 93 0
112 93 0
113 93 0
114 93 0
115 93 0
117 93 0
118 93 0
67 94 0
68 94 0
69 94 0
70 94 0
71 94 0
72 94 0
73 94 0
74 94 0
75 94 0
76 94 0
77 94 0
78 94 0
79 94 0
80 94 0
81 94 0
82 94 0
83 94 0
84 94 0
85 94 0
86 94 0
87 94 0
88 94 0
91 94 0
92 94 0
93 94 0
94 94 0
95 94 0
96 94 0
97 94 0
99 94 0
100 94 0
101 94 0
103 94 0
104 94 0
108 94 0
110 94 0
111 94 0
112 94 0
113 94 0
114 94 0
115 94 0
116 94 0
117 94 0
67 95 0
68 95 0
69 95 0
70 95 0
71 95 0
72 95 0
73 95 0
74 95 0
75 95 0
76 95 0
77 95 0
78 95 0
79 95 0
80 95 0
81 95 0
82 95 0
83 95 0
84 95 0
85 95 0
86 95 0
87 95 0
88 95 0
89 95 0
90 95 0
91 95 0
92 95 0
93 95 0
94 95 0
95 95 0
96 95 0
97 95 0
98 95 0
99 95 0
104 95 0
105 95 0
108 95 0
110 95 0
111 95 0
112 95 0
113 95 0
114 95 0
115 95 0
116 95 0
117 95 0
68 96 0
69 96 0
70 96 0
71 96 0
72 96 0
73 96 0
74 96 0
75 96 0
76 96 0
77 96 0
78 96 0
79 96 0
80 96 0
81 96 0
82 96 0
83 96 0
84 96 0
85 96 0
86 96 0
87 96 0
88 96 0
89 96 0
90 96 0
91 96 0
92 96 0
93 96 0
94 96 0
95 96 0
96 96 0
97 96 0
98 96 0
99 96 0
100 96 0
101 96 0
102 96 0
103 96 0
107 96 0
110 96 0
111 96 0
112 96 0
113 96 0
114 96 0
115 96 0
116 96 0
68 97 0
69 97 0
70 97 0
71 97 0
72 97 0
73 97 0
74 97 0
75 97 0
76 97 0
78 97 0
79 97 0
80 97 0
81 97 0
82 97 0
83 97 0
84 97 0
85 97 0
86 97 0
87 97 0
88 97 0
89 97 0
90 97 0
91 97 0
92 97 0
93 97 0
94 97 0
95 97 0
96 97 0
97 97 0
98 97 0
99 97 0
100 97 0
101 97 0
103 97 0
104 97 0
110 97 0
111 97 0
112 97 0
113 97 0
114 97 0
115 97 0
116 97 0
68 98 0
69 98 0
70 98 0
71 98 0
72 98 0
73 98 0
74 98 0
75 98 0
76 98 0
77 98 0
78 98 0
79 98 0
80 98 0
81 98 0
82 98 0
83 98 0
84 98 0
85 98 0
86 98 0
87 98 0
88 98 0
89 98 0
90 98 0
91 98 0
92 98 0
93 98 0
94 98 0
95 98 0
96 98 0
97 98 0
98 98 0
99 98 0
100 98 0
101 98 0
103 98 0
104 98 0
109 98 0
110 98 0
111 98 0
112 98 0
113 98 0
114 98 0
115 98 0
117 98 0
69 99 0
70 99 0
71 99 0
72 99 0
73 99 0
74 99 0
75 99 0
76 99 0
78 99 0
79 99 0
80 99 0
81 99 0
82 99 0
83 99 0
84 99 0
85 99 0
86 99 0
87 99 0
88 99 0
89 99 0
90 99 0
91 99 0
92 99 0
93 99 0
94 99 0
95 99 0
96 99 0
97 99 0
98 99 0
99 99 0
100 99 0
101 99 0
103 99 0
104 99 0
105 99 0
106 99 0
109 99 0
110 99 0
111 99 0
112 99 0
113 99 0
114 99 0
115 99 0
116 99 0
117 99 0
69 100 0
70 100 0
71 100 0
72 100 0
73 100 0
74 100 0
75 100 0
80 100 0
81 100 0
82 100 0
83 100 0
84 100 0
85 100 0
86 100 0
87 100 0
88 100 0
89 100 0
90 100 0
91 100 0
92 100 0
93 100 0
94 100 0
95 100 0
96 100 0
97 100 0
98 100 0
99 100 0
100 100 0
101 100 0
102 100 0
103 100 0
104 100 0
105 100 0
106 100 0
109 100 0
110 100 0
111 100 0
112 100 0
113 100 0
114 100 0
115 100 0
116 100 0
117 100 0
118 100 0
70 101 0
71 101 0
72 101 0
73 101 0
74 101 0
75 101 0
76 101 0
77 101 0
82 101 0
83 101 0
84 101 0
85 101 0
86 101 0
87 101 0
88 101 0
89 101 0
90 101 0
91 101 0
92 101 0
93 101 0
94 101 0
95 101 0
96 101 0
97 101 0
98 101 0
99 101 0
100 101 0
101 101 0
103 101 0
104 101 0
105 101 0
108 101 0
109 101 0
110 101 0
111 101 0
112 101 0
113 101 0
115 101 0
116 101 0
117 101 0
70 102 0
71 102 0
72 102 0
74 102 0
75 102 0
76 102 0
77 102 0
84 102 0
85 102 0
86 102 0
87 102 0
88 102 0
89 102 0
90 102 0
91 102 0
92 102 0
93 102 0
94 102 0
95 102 0
96 102 0
97 102 0
98 102 0
99 102 0
100 102 0
103 102 0
104 102 0
107 102 0
108 102 0
109 102 0
110 102 0
111 102 0
112 102 0
113 102 0
114 102 0
115 102 0
116 102 0
70 103 0
71 103 0
72 103 0
73 103 0
74 103 0
75 103 0
76 103 0
81 103 0
82 103 0
83 103 0
84 103 0
87 103 0
88 103 0
89 103 0
90 103 0
91 103 0
92 103 0
93 103 0
94 103 0
95 103 0
96 103 0
97 103 0
98 103 0
99 103 0
100 103 0
101 103 0
102 103 0
103 103 0
106 103 0
107 103 0
108 103 0
109 103 0
110 103 0
111 103 0
112 103 0
113 103 0
114 103 0
115 103 0
116 103 0
117 103 0
71 104 0
72 104 0
73 104 0
74 104 0
75 104 0
76 104 0
78 104 0
79 104 0
81 104 0
87 104 0
89 104 0
90 104 0
91 104 0
92 104 0
93 104 0
94 104 0
95 104 0
96 104 0
97 104 0
98 104 0
99 104 0
105 104 0
106 104 0
107 104 0
108 104 0
109 104 0
110 104 0
111 104 0
112 104 0
113 104 0
114 104 0
115 104 0
116 104 0
117 104 0
71 105 0
72 105 0
73 105 0
74 105 0
75 105 0
76 105 0
77 105 0
78 105 0
88 105 0
90 105 0
91 105 0
92 105 0
93 105 0
94 105 0
95 105 0
96 105 0
97 105 0
103 105 0
105 105 0
106 105 0
107 105 0
108 105 0
109 105 0
110 105 0
111 105 0
112 105 0
113 105 0
114 105 0
115 105 0
116 105 0
72 106 0
73 106 0
74 106 0
75 106 0
76 106 0
88 106 0
89 106 0
90 106 0
91 106 0
92 106 0
93 106 0
94 106 0
95 106 0
96 106 0
97 106 0
99 106 0
100 106 0
101 106 0
105 106 0
106 106 0
107 106 0
108 106 0
109 106 0
110 106 0
111 106 0
112 106 0
113 106 0
114 106 0
115 106 0
116 106 0
72 107 0
73 107 0
74 107 0
75 107 0
76 107 0
77 107 0
79 107 0
87 107 0
88 107 0
89 107 0
90 107 0
91 107 0
92 107 0
93 107 0
94 107 0
95 107 0
96 107 0
97 107 0
98 107 0
99 107 0
101 107 0
104 107 0
105 107 0
106 107 0
107 107 0
108 107 0
109 107 0
110 107 0
111 107 0
112 107 0
113 107 0
114 107 0
74 108 0
75 108 0
76 108 0
77 108 0
78 108 0
79 108 0
85 108 0
86 108 0
87 108 0
89 108 0
90 108 0
91 108 0
92 108 0
93 108 0
95 108 0
96 108 0
103 108 0
104 108 0
105 108 0
106 108 0
107 108 0
108 108 0
109 108 0
110 108 0
111 108 0
112 108 0
113 108 0
114 108 0
74 109 0
75 109 0
76 109 0
77 109 0
78 109 0
79 109 0
80 109 0
81 109 0
82 109 0
88 109 0
89 109 0
90 109 0
91 109 0
92 109 0
93 109 0
94 109 0
102 109 0
103 109 0
104 109 0
105 109 0
106 109 0
107 109 0
108 109 0
109 109 0
110 109 0
111 109 0
112 109 0
113 109 0
75 110 0
76 110 0
77 110 0
78 110 0
79 110 0
80 110 0
81 110 0
82 110 0
87 110 0
88 110 0
89 110 0
90 110 0
91 110 0
92 110 0
94 110 0
95 110 0
100 110 0
101 110 0
102 110 0
103 110 0
104 110 0
105 110 0
106 110 0
107 110 0
108 110 0
109 110 0
110 110 0
111 110 0
113 110 0
77 111 0
78 111 0
79 111 0
80 111 0
81 111 0
82 111 0
83 111 0
84 111 0
85 111 0
88 111 0
89 111 0
90 111 0
91 111 0
92 111 0
93 111 0
94 111 0
97 111 0
100 111 0
101 111 0
102 111 0
103 111 0
104 111 0
105 111 0
106 111 0
107 111 0
108 111 0
109 111 0
110 111 0
111 111 0
78 112 0
79 112 0
80 112 0
81 112 0
82 112 0
83 112 0
84 112 0
85 112 0
86 112 0
87 112 0
88 112 0
89 112 0
90 112 0
94 112 0
98 112 0
99 112 0
100 112 0
101 112 0
102 112 0
103 112 0
104 112 0
105 112 0
106 112 0
107 112 0
108 112 0
109 112 0
110 112 0
111 112 0
78 113 0
80 113 0
81 113 0
82 113 0
83 113 0
84 113 0
85 113 0
86 113 0
87 113 0
88 113 0
89 113 0
90 113 0
91 113 0
92 113 0
93 113 0
94 113 0
95 113 0
96 113 0
97 113 0
98 113 0
99 113 0
100 113 0
101 113 0
102 113 0
103 113 0
104 113 0
105 113 0
106 113 0
107 113 0
108 113 0
109 113 0
110 113 0
111 113 0
80 114 0
81 114 0
82 114 0
83 114 0
84 114 0
85 114 0
86 114 0
87 114 0
88 114 0
89 114 0
90 114 0
91 114 0
92 114 0
93 114 0
94 114 0
95 114 0
96 114 0
97 114 0
98 114 0
99 114 0
100 114 0
101 114 0
102 114 0
103 114 0
104 114 0
105 114 0
106 114 0
107 114 0
108 114 0
109 114 0
110 114 0
80 115 0
81 115 0
82 115 0
83 115 0
84 115 0
85 115 0
86 115 0
87 115 0
88 115 0
89 115 0
90 115 0
91 115 0
92 115 0
93 115 0
94 115 0
95 115 0
96 115 0
97 115 0
98 115 0
99 115 0
100 115 0
101 115 0
102 115 0
103 115 0
104 115 0
105 115 0
106 115 0
107 115 0
84 116 0
85 116 0
86 116 0
88 116 0
89 116 0
90 116 0
91 116 0
92 116 0
93 116 0
94 116 0
95 116 0
96 116 0
97 116 0
98 116 0
99 116 0
100 116 0
101 116 0
102 116 0
103 116 0
104 116 0
105 116 0
106 116 0
107 116 0
84 117 0
86 117 0
89 117 0
90 117 0
91 117 0
92 117 0
93 117 0
94 117 0
95 117 0
96 117 0
97 117 0
98 117 0
99 117 0
100 117 0
101 117 0
102 117 0
103 117 0
104 117 0
105 117 0
106 117 0
107 117 0
85 118 0
86 118 0
87 118 0
88 118 0
89 118 0
90 118 0
91 118 0
92 118 0
93 118 0
94 118 0
95 118 0
96 118 0
97 118 0
98 118 0
99 118 0
100 118 0
101 118 0
102 118 0
104 118 0
89 119 0
90 119 0
91 119 0
92 119 0
93 119 0
94 119 0
95 119 0
96 119 0
97 119 0
98 119 0
99 119 0
90 120 0
95 120 0
96 120 0
97 120 0
98 120 0
99 120 0
102 120 0
149 91 1
153 91 1
156 91 1
157 91 1
158 91 1
159 91 1
161 91 1
162 91 1
163 91 1
164 91 1
165 91 1
166 91 1
167 91 1
168 91 1
169 91 1
170 91 1
171 91 1
172 91 1
173 91 1
180 91 1
149 92 1
150 92 1
151 92 1
152 92 1
153 92 1
154 92 1
155 92 1
156 92 1
157 92 1
158 92 1
159 92 1
160 92 1
161 92 1
162 92 1
163 92 1
164 92 1
167 92 1
168 92 1
169 92 1
170 92 1
171 92 1
172 92 1
173 92 1
174 92 1
175 92 1
176 92 1
177 92 1
178 92 1
179 92 1
180 92 1
192 92 1
195 92 1
154 93 1
155 93 1
156 93 1
157 93 1
158 93 1
159 93 1
160 93 1
161 93 1
162 93 1
163 93 1
164 93 1
165 93 1
168 93 1
172 93 1
173 93 1
175 93 1
176 93 1
177 93 1
178 93 1
179 93 1
180 93 1
181 93 1
182 93 1
184 93 1
194 93 1
195 93 1
196 93 1
197 93 1
198 93 1
199 93 1
154 94 1
156 94 1
163 94 1
165 94 1
167 94 1
169 94 1
170 94 1
171 94 1
172 94 1
173 94 1
174 94 1
175 94 1
177 94 1
178 94 1
179 94 1
180 94 1
181 94 1
182 94 1
183 94 1
184 94 1
185 94 1
186 94 1
187 94 1
188 94 1
189 94 1
198 94 1
199 94 1
200 94 1
201 94 1
202 94 1
204 94 1
155 95 1
156 95 1
157 95 1
159 95 1
160 95 1
161 95 1
162 95 1
163 95 1
164 95 1
165 95 1
169 95 1
170 95 1
171 95 1
175 95 1
177 95 1
178 95 1
179 95 1
180 95 1
181 95 1
184 95 1
186 95 1
187 95 1
188 95 1
189 95 1
190 95 1
193 95 1
206 95 1
207 95 1
157 96 1
158 96 1
159 96 1
160 96 1
161 96 1
162 96 1
163 96 1
164 96 1
165 96 1
166 96 1
167 96 1
168 96 1
169 96 1
170 96 1
171 96 1
172 96 1
173 96 1
174 96 1
175 96 1
177 96 1
178 96 1
179 96 1
182 96 1
183 96 1
184 96 1
186 96 1
187 96 1
188 96 1
189 96 1
190 96 1
192 96 1
210 96 1
158 97 1
160 97 1
163 97 1
164 97 1
166 97 1
167 97 1
168 97 1
169 97 1
170 97 1
171 97 1
172 97 1
173 97 1
174 97 1
175 97 1
176 97 1
177 97 1
178 97 1
179 97 1
180 97 1
181 97 1
182 97 1
184 97 1
186 97 1
189 97 1
190 97 1
215 97 1
177 98 1
178 98 1
179 98 1
180 98 1
181 98 1
183 98 1
184 98 1
186 98 1
187 98 1
189 98 1
190 98 1
193 98 1
230 98 1
232 98 1
238 98 1
183 99 1
184 99 1
187 99 1
233 99 1
234 99 1
235 99 1
236 99 1
237 99 1
238 99 1
239 99 1
253 99 1
254 99 1
236 100 1
237 100 1
238 100 1
239 100 1
257 100 1
258 100 1
163 101 1
174 101 1
242 101 1
244 101 1
247 101 1
253 101 1
254 101 1
257 101 1
259 101 1
260 101 1
261 101 1
262 101 1
173 102 1
174 102 1
182 102 1
183 102 1
244 102 1
248 102 1
262 102 1
265 102 1
266 102 1
181 103 1
185 103 1
248 103 1
250 103 1
265 103 1
266 103 1
268 103 1
270 103 1
181 104 1
253 104 1
255 104 1
272 104 1
256 105 1
275 105 1
213 106 1
200 107 1
266 108 1
284 108 1
207 109 1
205 111 1
208 112 1
209 112 1
210 113 1
211 113 1
212 113 1
213 113 1
212 114 1
213 114 1
214 114 1
215 114 1
215 115 1
216 115 1
217 115 1
218 115 1
219 115 1
216 116 1
217 116 1
218 116 1
219 116 1
220 116 1
221 116 1
220 117 1
221 117 1
222 117 1
223 117 1
223 118 1
224 118 1
225 118 1
226 118 1
226 119 1
227 119 1
228 119 1
229 119 1
230 119 1
234 119 1
314 119 1
228 120 1
229 120 1
230 120 1
231 120 1
232 120 1
236 120 1
237 120 1
231 121 1
232 121 1
233 121 1
234 121 1
239 121 1
240 121 1
243 121 1
246 121 1
233 122 1
234 122 1
235 122 1
236 122 1
242 122 1
243 122 1
246 122 1
249 122 1
235 123 1
236 123 1
237 123 1
238 123 1
248 123 1
252 123 1
238 124 1
239 124 1
240 124 1
246 124 1
248 124 1
252 124 1
240 125 1
241 125 1
242 125 1
251 125 1
265 125 1
266 125 1
267 125 1
243 126 1
262 126 1
267 126 1
269 126 1
270 126 1
260 127 1
262 127 1
272 127 1
276 127 1
257 128 1
260 128 1
269 128 1
275 128 1
260 129 1
264 129 1
272 129 1
275 129 1
278 129 1
280 129 1
281 129 1
264 130 1
277 130 1
278 130 1
282 130 1
284 130 1
265 131 1
281 131 1
282 131 1
283 131 1
280 132 1
283 132 1
286 132 1
277 133 1
286 133 1
292 133 1
284 134 1
290 134 1
293 135 1
298 136 1
298 137 1
298 138 1
298 139 1
307 140 1
