74 44 0
75 44 0
76 44 0
77 44 0
78 44 0
79 44 0
72 45 0
73 45 0
74 45 0
75 45 0
76 45 0
78 45 0
79 45 0
84 45 0
70 46 0
71 46 0
72 46 0
73 46 0
74 46 0
75 46 0
76 46 0
77 46 0
78 46 0
79 46 0
81 46 0
82 46 0
83 46 0
69 47 0
70 47 0
71 47 0
72 47 0
73 47 0
74 47 0
75 47 0
76 47 0
77 47 0
78 47 0
79 47 0
80 47 0
81 47 0
82 47 0
68 48 0
69 48 0
70 48 0
71 48 0
72 48 0
73 48 0
74 48 0
75 48 0
76 48 0
77 48 0
79 48 0
80 48 0
83 48 0
85 48 0
68 49 0
69 49 0
70 49 0
71 49 0
72 49 0
73 49 0
74 49 0
75 49 0
77 49 0
78 49 0
79 49 0
80 49 0
81 49 0
82 49 0
84 49 0
85 49 0
67 50 0
68 50 0
69 50 0
70 50 0
71 50 0
72 50 0
73 50 0
74 50 0
77 50 0
78 50 0
79 50 0
80 50 0
81 50 0
82 50 0
83 50 0
84 50 0
85 50 0
86 50 0
87 50 0
88 50 0
89 50 0
66 51 0
67 51 0
68 51 0
69 51 0
70 51 0
71 51 0
72 51 0
73 51 0
75 51 0
76 51 0
77 51 0
79 51 0
80 51 0
81 51 0
84 51 0
86 51 0
87 51 0
88 51 0
89 51 0
66 52 0
68 52 0
69 52 0
70 52 0
71 52 0
73 52 0
75 52 0
76 52 0
77 52 0
79 52 0
80 52 0
81 52 0
83 52 0
84 52 0
85 52 0
86 52 0
87 52 0
88 52 0
90 52 0
92 52 0
66 53 0
69 53 0
71 53 0
73 53 0
75 53 0
76 53 0
83 53 0
84 53 0
85 53 0
86 53 0
87 53 0
88 53 0
68 54 0
70 54 0
71 54 0
87 54 0
90 54 0
91 54 0
92 54 0
93 54 0
96 54 0
66 55 0
70 55 0
74 55 0
87 55 0
89 55 0
90 55 0
91 55 0
92 55 0
93 55 0
95 55 0
82 56 0
92 56 0
93 56 0
71 58 0
82 59 0
97 59 0
73 60 0
95 60 0
96 60 0
97 60 0
73 61 0
74 61 0
75 61 0
76 61 0
77 61 0
98 61 0
99 61 0
105 61 0
71 62 0
73 62 0
74 62 0
75 62 0
76 62 0
80 62 0
81 62 0
99 62 0
103 62 0
105 62 0
73 63 0
74 63 0
75 63 0
78 63 0
80 63 0
81 63 0
99 63 0
100 63 0
101 63 0
103 63 0
105 63 0
72 64 0
73 64 0
74 64 0
77 64 0
78 64 0
81 64 0
82 64 0
100 64 0
101 64 0
103 64 0
105 64 0
71 65 0
72 65 0
73 65 0
76 65 0
77 65 0
79 65 0
80 65 0
81 65 0
82 65 0
83 65 0
100 65 0
101 65 0
103 65 0
104 65 0
105 65 0
106 65 0
71 66 0
72 66 0
73 66 0
76 66 0
79 66 0
80 66 0
81 66 0
82 66 0
83 66 0
84 66 0
86 66 0
101 66 0
102 66 0
103 66 0
104 66 0
105 66 0
71 67 0
72 67 0
74 67 0
75 67 0
82 67 0
83 67 0
84 67 0
85 67 0
86 67 0
100 67 0
101 67 0
102 67 0
103 67 0
104 67 0
105 67 0
106 67 0
70 68 0
71 68 0
72 68 0
73 68 0
74 68 0
75 68 0
76 68 0
83 68 0
84 68 0
85 68 0
86 68 0
87 68 0
101 68 0
102 68 0
103 68 0
104 68 0
105 68 0
106 68 0
69 69 0
70 69 0
71 69 0
72 69 0
73 69 0
74 69 0
75 69 0
76 69 0
77 69 0
80 69 0
83 69 0
84 69 0
85 69 0
86 69 0
87 69 0
101 69 0
102 69 0
103 69 0
104 69 0
105 69 0
106 69 0
72 70 0
79 70 0
80 70 0
83 70 0
84 70 0
85 70 0
86 70 0
87 70 0
89 70 0
101 70 0
102 70 0
103 70 0
104 70 0
105 70 0
107 70 0
108 70 0
68 71 0
69 71 0
70 71 0
71 71 0
73 71 0
77 71 0
78 71 0
84 71 0
85 71 0
86 71 0
87 71 0
88 71 0
89 71 0
90 71 0
100 71 0
102 71 0
103 71 0
104 71 0
105 71 0
106 71 0
107 71 0
109 71 0
66 72 0
67 72 0
68 72 0
69 72 0
70 72 0
71 72 0
75 72 0
77 72 0
78 72 0
84 72 0
85 72 0
86 72 0
87 72 0
88 72 0
89 72 0
90 72 0
91 72 0
92 72 0
99 72 0
102 72 0
103 72 0
104 72 0
105 72 0
106 72 0
107 72 0
66 73 0
67 73 0
68 73 0
69 73 0
70 73 0
71 73 0
73 73 0
85 73 0
86 73 0
87 73 0
88 73 0
89 73 0
90 73 0
91 73 0
92 73 0
101 73 0
102 73 0
103 73 0
104 73 0
105 73 0
106 73 0
107 73 0
108 73 0
66 74 0
67 74 0
68 74 0
69 74 0
76 74 0
85 74 0
86 74 0
87 74 0
88 74 0
89 74 0
90 74 0
91 74 0
101 74 0
102 74 0
103 74 0
104 74 0
105 74 0
106 74 0
107 74 0
108 74 0
63 75 0
64 75 0
65 75 0
66 75 0
67 75 0
68 75 0
76 75 0
85 75 0
86 75 0
87 75 0
88 75 0
89 75 0
90 75 0
91 75 0
92 75 0
93 75 0
102 75 0
103 75 0
104 75 0
105 75 0
106 75 0
107 75 0
108 75 0
109 75 0
65 76 0
66 76 0
68 76 0
85 76 0
86 76 0
87 76 0
88 76 0
89 76 0
90 76 0
91 76 0
92 76 0
95 76 0
102 76 0
103 76 0
104 76 0
105 76 0
106 76 0
107 76 0
108 76 0
109 76 0
62 77 0
63 77 0
64 77 0
65 77 0
66 77 0
71 77 0
86 77 0
87 77 0
88 77 0
89 77 0
90 77 0
91 77 0
92 77 0
97 77 0
103 77 0
104 77 0
105 77 0
106 77 0
107 77 0
108 77 0
110 77 0
60 78 0
61 78 0
62 78 0
63 78 0
64 78 0
66 78 0
78 78 0
86 78 0
87 78 0
88 78 0
89 78 0
90 78 0
91 78 0
92 78 0
93 78 0
100 78 0
102 78 0
103 78 0
104 78 0
105 78 0
106 78 0
107 78 0
109 78 0
62 79 0
63 79 0
64 79 0
65 79 0
72 79 0
75 79 0
86 79 0
88 79 0
89 79 0
90 79 0
91 79 0
92 79 0
93 79 0
94 79 0
95 79 0
97 79 0
99 79 0
100 79 0
103 79 0
104 79 0
105 79 0
106 79 0
107 79 0
108 79 0
109 79 0
61 80 0
62 80 0
63 80 0
64 80 0
65 80 0
66 80 0
67 80 0
72 80 0
73 80 0
75 80 0
77 80 0
86 80 0
87 80 0
88 80 0
89 80 0
90 80 0
91 80 0
92 80 0
93 80 0
94 80 0
98 80 0
99 80 0
103 80 0
104 80 0
105 80 0
106 80 0
107 80 0
108 80 0
111 80 0
61 81 0
62 81 0
63 81 0
64 81 0
65 81 0
67 81 0
70 81 0
71 81 0
77 81 0
86 81 0
87 81 0
88 81 0
89 81 0
90 81 0
91 81 0
92 81 0
93 81 0
94 81 0
95 81 0
96 81 0
97 81 0
99 81 0
103 81 0
104 81 0
105 81 0
106 81 0
107 81 0
108 81 0
109 81 0
61 82 0
62 82 0
63 82 0
64 82 0
66 82 0
67 82 0
71 82 0
72 82 0
75 82 0
86 82 0
87 82 0
88 82 0
89 82 0
90 82 0
91 82 0
92 82 0
93 82 0
94 82 0
96 82 0
97 82 0
98 82 0
99 82 0
104 82 0
105 82 0
106 82 0
107 82 0
108 82 0
109 82 0
115 82 0
61 83 0
62 83 0
63 83 0
64 83 0
65 83 0
66 83 0
67 83 0
71 83 0
72 83 0
75 83 0
77 83 0
78 83 0
87 83 0
88 83 0
89 83 0
90 83 0
91 83 0
92 83 0
93 83 0
94 83 0
95 83 0
96 83 0
97 83 0
98 83 0
99 83 0
104 83 0
105 83 0
106 83 0
107 83 0
108 83 0
109 83 0
110 83 0
111 83 0
61 84 0
62 84 0
63 84 0
64 84 0
65 84 0
66 84 0
67 84 0
68 84 0
69 84 0
70 84 0
71 84 0
73 84 0
74 84 0
75 84 0
76 84 0
77 84 0
87 84 0
88 84 0
89 84 0
90 84 0
91 84 0
92 84 0
93 84 0
95 84 0
97 84 0
98 84 0
99 84 0
100 84 0
103 84 0
104 84 0
105 84 0
106 84 0
107 84 0
108 84 0
109 84 0
110 84 0
112 84 0
61 85 0
62 85 0
63 85 0
64 85 0
65 85 0
66 85 0
67 85 0
68 85 0
70 85 0
72 85 0
73 85 0
74 85 0
76 85 0
77 85 0
78 85 0
79 85 0
85 85 0
86 85 0
87 85 0
88 85 0
89 85 0
90 85 0
91 85 0
92 85 0
93 85 0
94 85 0
95 85 0
96 85 0
97 85 0
102 85 0
104 85 0
105 85 0
106 85 0
107 85 0
108 85 0
109 85 0
61 86 0
62 86 0
63 86 0
64 86 0
65 86 0
66 86 0
67 86 0
68 86 0
69 86 0
71 86 0
72 86 0
73 86 0
74 86 0
75 86 0
76 86 0
77 86 0
78 86 0
86 86 0
87 86 0
88 86 0
89 86 0
90 86 0
91 86 0
92 86 0
93 86 0
94 86 0
95 86 0
96 86 0
99 86 0
100 86 0
101 86 0
102 86 0
104 86 0
105 86 0
106 86 0
107 86 0
108 86 0
109 86 0
110 86 0
61 87 0
62 87 0
63 87 0
64 87 0
65 87 0
66 87 0
67 87 0
69 87 0
70 87 0
71 87 0
72 87 0
73 87 0
74 87 0
75 87 0
76 87 0
77 87 0
78 87 0
79 87 0
80 87 0
81 87 0
85 87 0
86 87 0
87 87 0
88 87 0
89 87 0
90 87 0
91 87 0
92 87 0
93 87 0
94 87 0
95 87 0
96 87 0
97 87 0
99 87 0
104 87 0
105 87 0
106 87 0
107 87 0
108 87 0
109 87 0
111 87 0
62 88 0
63 88 0
64 88 0
65 88 0
66 88 0
67 88 0
68 88 0
69 88 0
70 88 0
71 88 0
72 88 0
73 88 0
74 88 0
75 88 0
76 88 0
77 88 0
78 88 0
79 88 0
80 88 0
81 88 0
85 88 0
86 88 0
87 88 0
88 88 0
89 88 0
90 88 0
91 88 0
92 88 0
93 88 0
95 88 0
97 88 0
104 88 0
105 88 0
106 88 0
107 88 0
108 88 0
109 88 0
62 89 0
63 89 0
64 89 0
65 89 0
66 89 0
67 89 0
68 89 0
69 89 0
70 89 0
71 89 0
72 89 0
73 89 0
74 89 0
75 89 0
76 89 0
77 89 0
78 89 0
79 89 0
80 89 0
81 89 0
82 89 0
84 89 0
85 89 0
86 89 0
87 89 0
88 89 0
89 89 0
90 89 0
91 89 0
92 89 0
93 89 0
95 89 0
97 89 0
98 89 0
101 89 0
102 89 0
104 89 0
105 89 0
106 89 0
107 89 0
108 89 0
111 89 0
62 90 0
63 90 0
64 90 0
65 90 0
66 90 0
67 90 0
68 90 0
69 90 0
70 90 0
71 90 0
72 90 0
73 90 0
74 90 0
75 90 0
76 90 0
77 90 0
78 90 0
79 90 0
80 90 0
81 90 0
82 90 0
83 90 0
84 90 0
85 90 0
86 90 0
87 90 0
88 90 0
89 90 0
90 90 0
91 90 0
92 90 0
93 90 0
95 90 0
104 90 0
105 90 0
106 90 0
107 90 0
108 90 0
62 91 0
63 91 0
64 91 0
65 91 0
66 91 0
67 91 0
68 91 0
69 91 0
70 91 0
71 91 0
72 91 0
73 91 0
74 91 0
75 91 0
76 91 0
77 91 0
78 91 0
79 91 0
80 91 0
81 91 0
82 91 0
83 91 0
84 91 0
85 91 0
86 91 0
87 91 0
88 91 0
89 91 0
90 91 0
91 91 0
92 91 0
93 91 0
94 91 0
95 91 0
97 91 0
101 91 0
103 91 0
104 91 0
105 91 0
106 91 0
107 91 0
108 91 0
109 91 0
110 91 0
63 92 0
64 92 0
65 92 0
66 92 0
67 92 0
68 92 0
69 92 0
70 92 0
73 92 0
74 92 0
75 92 0
76 92 0
77 92 0
78 92 0
79 92 0
80 92 0
81 92 0
82 92 0
83 92 0
84 92 0
85 92 0
86 92 0
87 92 0
88 92 0
89 92 0
90 92 0
91 92 0
92 92 0
93 92 0
94 92 0
96 92 0
97 92 0
98 92 0
103 92 0
104 92 0
105 92 0
106 92 0
107 92 0
108 92 0
110 92 0
63 93 0
64 93 0
65 93 0
66 93 0
67 93 0
68 93 0
69 93 0
70 93 0
72 93 0
73 93 0
74 93 0
75 93 0
76 93 0
78 93 0
79 93 0
80 93 0
82 93 0
83 93 0
84 93 0
85 93 0
86 93 0
87 93 0
88 93 0
89 93 0
90 93 0
91 93 0
92 93 0
93 93 0
94 93 0
96 93 0
97 93 0
98 93 0
103 93 0
104 93 0
105 93 0
106 93 0
107 93 0
108 93 0
110 93 0
64 94 0
65 94 0
66 94 0
67 94 0
68 94 0
69 94 0
70 94 0
77 94 0
78 94 0
79 94 0
81 94 0
82 94 0
83 94 0
84 94 0
85 94 0
86 94 0
87 94 0
88 94 0
89 94 0
90 94 0
91 94 0
92 94 0
93 94 0
94 94 0
95 94 0
96 94 0
97 94 0
98 94 0
99 94 0
102 94 0
103 94 0
104 94 0
105 94 0
106 94 0
107 94 0
108 94 0
109 94 0
110 94 0
111 94 0
64 95 0
65 95 0
66 95 0
67 95 0
68 95 0
69 95 0
70 95 0
77 95 0
79 95 0
80 95 0
81 95 0
82 95 0
83 95 0
84 95 0
85 95 0
86 95 0
87 95 0
88 95 0
89 95 0
90 95 0
91 95 0
92 95 0
93 95 0
94 95 0
95 95 0
97 95 0
98 95 0
101 95 0
102 95 0
103 95 0
104 95 0
105 95 0
106 95 0
107 95 0
108 95 0
112 95 0
65 96 0
66 96 0
67 96 0
68 96 0
69 96 0
70 96 0
79 96 0
81 96 0
82 96 0
83 96 0
84 96 0
85 96 0
86 96 0
87 96 0
88 96 0
89 96 0
90 96 0
91 96 0
92 96 0
93 96 0
94 96 0
95 96 0
97 96 0
100 96 0
101 96 0
102 96 0
103 96 0
104 96 0
105 96 0
106 96 0
107 96 0
108 96 0
112 96 0
65 97 0
66 97 0
67 97 0
68 97 0
69 97 0
70 97 0
78 97 0
79 97 0
81 97 0
82 97 0
83 97 0
84 97 0
85 97 0
86 97 0
87 97 0
88 97 0
89 97 0
90 97 0
91 97 0
92 97 0
93 97 0
94 97 0
95 97 0
96 97 0
97 97 0
101 97 0
102 97 0
103 97 0
104 97 0
105 97 0
106 97 0
107 97 0
108 97 0
109 97 0
110 97 0
65 98 0
66 98 0
67 98 0
69 98 0
70 98 0
81 98 0
82 98 0
84 98 0
85 98 0
86 98 0
87 98 0
88 98 0
89 98 0
90 98 0
91 98 0
92 98 0
93 98 0
95 98 0
96 98 0
97 98 0
100 98 0
101 98 0
102 98 0
103 98 0
104 98 0
105 98 0
106 98 0
107 98 0
108 98 0
109 98 0
110 98 0
111 98 0
66 99 0
67 99 0
69 99 0
70 99 0
84 99 0
85 99 0
86 99 0
87 99 0
88 99 0
89 99 0
90 99 0
91 99 0
92 99 0
93 99 0
94 99 0
99 99 0
100 99 0
101 99 0
102 99 0
103 99 0
104 99 0
105 99 0
106 99 0
107 99 0
108 99 0
109 99 0
111 99 0
114 99 0
66 100 0
69 100 0
70 100 0
80 100 0
82 100 0
83 100 0
84 100 0
85 100 0
86 100 0
87 100 0
88 100 0
89 100 0
90 100 0
91 100 0
92 100 0
93 100 0
95 100 0
97 100 0
99 100 0
100 100 0
101 100 0
102 100 0
103 100 0
104 100 0
105 100 0
106 100 0
107 100 0
108 100 0
109 100 0
68 101 0
69 101 0
70 101 0
71 101 0
73 101 0
80 101 0
81 101 0
83 101 0
84 101 0
85 101 0
86 101 0
88 101 0
89 101 0
90 101 0
91 101 0
92 101 0
93 101 0
94 101 0
95 101 0
98 101 0
99 101 0
100 101 0
101 101 0
102 101 0
103 101 0
104 101 0
105 101 0
106 101 0
108 101 0
109 101 0
110 101 0
70 102 0
71 102 0
72 102 0
73 102 0
80 102 0
82 102 0
83 102 0
84 102 0
85 102 0
86 102 0
87 102 0
89 102 0
90 102 0
91 102 0
92 102 0
97 102 0
98 102 0
99 102 0
100 102 0
101 102 0
102 102 0
103 102 0
104 102 0
105 102 0
106 102 0
107 102 0
108 102 0
69 103 0
70 103 0
71 103 0
72 103 0
73 103 0
74 103 0
75 103 0
83 103 0
84 103 0
85 103 0
86 103 0
87 103 0
90 103 0
96 103 0
97 103 0
98 103 0
99 103 0
100 103 0
101 103 0
102 103 0
103 103 0
104 103 0
105 103 0
106 103 0
107 103 0
108 103 0
70 104 0
71 104 0
72 104 0
73 104 0
74 104 0
75 104 0
76 104 0
77 104 0
81 104 0
82 104 0
83 104 0
84 104 0
85 104 0
86 104 0
87 104 0
88 104 0
89 104 0
95 104 0
96 104 0
97 104 0
98 104 0
99 104 0
100 104 0
101 104 0
102 104 0
103 104 0
104 104 0
105 104 0
106 104 0
107 104 0
108 104 0
70 105 0
71 105 0
72 105 0
73 105 0
74 105 0
75 105 0
76 105 0
77 105 0
78 105 0
79 105 0
82 105 0
83 105 0
84 105 0
85 105 0
86 105 0
87 105 0
88 105 0
89 105 0
94 105 0
95 105 0
96 105 0
97 105 0
98 105 0
99 105 0
100 105 0
101 105 0
102 105 0
103 105 0
104 105 0
105 105 0
71 106 0
72 106 0
74 106 0
75 106 0
76 106 0
77 106 0
78 106 0
79 106 0
80 106 0
81 106 0
82 106 0
83 106 0
84 106 0
88 106 0
92 106 0
93 106 0
94 106 0
95 106 0
96 106 0
97 106 0
98 106 0
99 106 0
100 106 0
101 106 0
102 106 0
103 106 0
104 106 0
105 106 0
73 107 0
74 107 0
75 107 0
76 107 0
77 107 0
78 107 0
79 107 0
80 107 0
81 107 0
82 107 0
83 107 0
84 107 0
86 107 0
91 107 0
92 107 0
93 107 0
94 107 0
95 107 0
96 107 0
97 107 0
98 107 0
99 107 0
100 107 0
101 107 0
102 107 0
103 107 0
104 107 0
75 108 0
77 108 0
78 108 0
79 108 0
80 108 0
81 108 0
82 108 0
83 108 0
84 108 0
85 108 0
86 108 0
87 108 0
88 108 0
89 108 0
90 108 0
91 108 0
92 108 0
93 108 0
94 108 0
95 108 0
96 108 0
97 108 0
98 108 0
99 108 0
100 108 0
101 108 0
102 108 0
103 108 0
104 108 0
108 108 0
76 109 0
78 109 0
79 109 0
80 109 0
81 109 0
82 109 0
83 109 0
84 109 0
85 109 0
86 109 0
87 109 0
88 109 0
89 109 0
90 109 0
91 109 0
92 109 0
93 109 0
94 109 0
95 109 0
96 109 0
97 109 0
98 109 0
99 109 0
100 109 0
102 109 0
103 109 0
104 109 0
83 110 0
84 110 0
85 110 0
86 110 0
87 110 0
88 110 0
89 110 0
90 110 0
91 110 0
92 110 0
93 110 0
94 110 0
95 110 0
96 110 0
97 110 0
98 110 0
99 110 0
100 110 0
104 110 0
81 111 0
84 111 0
85 111 0
86 111 0
87 111 0
88 111 0
89 111 0
90 111 0
91 111 0
92 111 0
93 111 0
94 111 0
95 111 0
96 111 0
97 111 0
98 111 0
99 111 0
100 111 0
102 111 0
104 111 0
82 112 0
83 112 0
84 112 0
85 112 0
86 112 0
87 112 0
88 112 0
89 112 0
90 112 0
91 112 0
92 112 0
93 112 0
94 112 0
95 112 0
97 112 0
98 112 0
101 112 0
102 112 0
80 113 0
81 113 0
82 113 0
83 113 0
84 113 0
85 113 0
86 113 0
87 113 0
88 113 0
89 113 0
90 113 0
91 113 0
92 113 0
93 113 0
94 113 0
95 113 0
83 114 0
85 114 0
88 114 0
89 114 0
90 114 0
91 114 0
92 114 0
93 114 0
94 114 0
95 114 0
96 114 0
98 114 0
91 115 0
94 115 0
95 115 0
96 115 0
92 116 0
96 116 0
96 117 0
91 118 0
233 102 1
234 102 1
236 102 1
237 102 1
238 102 1
236 103 1
237 103 1
238 103 1
239 103 1
240 103 1
241 103 1
242 103 1
243 103 1
243 104 1
244 104 1
245 104 1
246 104 1
247 104 1
248 104 1
236 105 1
246 105 1
247 105 1
248 105 1
257 105 1
258 105 1
257 106 1
280 108 1
282 109 1
283 109 1
285 111 1
286 112 1
287 112 1
288 112 1
289 112 1
287 113 1
288 113 1
289 113 1
290 113 1
291 113 1
292 113 1
249 114 1
289 114 1
290 114 1
291 114 1
292 114 1
293 114 1
294 114 1
295 114 1
296 114 1
300 114 1
301 114 1
302 114 1
303 114 1
304 114 1
305 114 1
306 114 1
307 114 1
308 114 1
309 114 1
310 114 1
311 114 1
312 114 1
313 114 1
314 114 1
315 114 1
316 114 1
317 114 1
318 114 1
292 115 1
294 115 1
295 115 1
296 115 1
297 115 1
298 115 1
299 115 1
300 115 1
301 115 1
302 115 1
303 115 1
304 115 1
305 115 1
306 115 1
307 115 1
308 115 1
309 115 1
310 115 1
311 115 1
312 115 1
313 115 1
314 115 1
315 115 1
316 115 1
317 115 1
318 115 1
319 115 1
320 115 1
321 115 1
248 116 1
297 116 1
320 116 1
321 116 1
322 116 1
323 116 1
324 116 1
247 117 1
322 117 1
323 117 1
324 117 1
325 117 1
325 118 1
326 118 1
327 118 1
326 119 1
327 119 1
328 119 1
334 119 1
335 119 1
336 119 1
337 119 1
246 120 1
247 120 1
248 120 1
329 120 1
330 120 1
331 120 1
338 120 1
246 121 1
247 121 1
248 121 1
247 122 1
248 122 1
247 123 1
248 123 1
249 124 1
249 125 1
248 126 1
249 126 1
249 127 1
250 127 1
249 128 1
250 128 1
251 128 1
252 128 1
253 128 1
254 128 1
250 129 1
251 129 1
252 129 1
253 129 1
254 129 1
255 129 1
256 129 1
257 129 1
255 130 1
256 130 1
257 130 1
258 130 1
259 130 1
258 131 1
259 131 1
260 131 1
261 131 1
259 132 1
260 132 1
261 132 1
262 132 1
263 132 1
261 133 1
262 133 1
263 133 1
264 133 1
265 133 1
266 133 1
262 134 1
263 134 1
264 134 1
265 134 1
266 134 1
267 134 1
265 135 1
266 135 1
267 135 1
268 135 1
269 135 1
268 136 1
269 136 1
270 136 1
271 136 1
272 136 1
273 136 1
280 136 1
271 137 1
272 137 1
273 137 1
274 137 1
275 137 1
274 138 1
275 138 1
276 138 1
277 138 1
278 138 1
277 139 1
278 139 1
279 139 1
280 139 1
281 139 1
280 140 1
282 140 1
283 140 1
284 140 1
285 140 1
286 140 1
284 141 1
285 141 1
286 141 1
287 141 1
289 141 1
290 142 1
291 142 1
292 142 1
293 142 1
294 142 1
294 143 1
295 143 1
296 143 1
297 143 1
298 143 1
296 144 1
297 144 1
298 144 1
299 144 1
300 144 1
301 144 1
302 144 1
299 145 1
300 145 1
301 145 1
302 145 1
303 145 1
304 145 1
305 145 1
302 146 1
303 146 1
304 146 1
305 146 1
306 146 1
307 146 1
308 146 1
309 146 1
313 146 1
306 147 1
307 147 1
308 147 1
309 147 1
310 147 1
311 147 1
312 147 1
313 147 1
310 148 1
311 148 1
312 148 1
313 148 1
314 148 1
315 148 1
316 148 1
317 148 1
330 148 1
315 149 1
316 149 1
317 149 1
318 149 1
319 149 1
320 149 1
321 149 1
322 149 1
323 149 1
320 150 1
321 150 1
322 150 1
323 150 1
324 150 1
325 150 1
326 150 1
327 150 1
328 150 1
324 151 1
325 151 1
326 151 1
327 151 1
328 151 1
329 151 1
330 151 1
331 151 1
332 151 1
333 151 1
330 152 1
331 152 1
332 152 1
333 152 1
334 152 1
335 152 1
336 152 1
334 153 1
335 153 1
336 153 1
337 153 1
338 153 1
339 153 1
340 153 1
338 154 1
339 154 1
340 154 1
341 154 1
342 154 1
343 154 1
340 155 1
341 155 1
342 155 1
343 155 1
344 155 1
194 92 2
195 92 2
191 93 2
192 93 2
193 93 2
194 93 2
195 93 2
196 93 2
197 93 2
198 93 2
190 94 2
191 94 2
192 94 2
193 94 2
194 94 2
196 94 2
197 94 2
198 94 2
199 94 2
200 94 2
201 94 2
190 95 2
191 95 2
192 95 2
193 95 2
194 95 2
195 95 2
196 95 2
197 95 2
198 95 2
199 95 2
200 95 2
201 95 2
203 95 2
204 95 2
205 95 2
206 95 2
207 95 2
208 95 2
210 95 2
212 95 2
213 95 2
214 95 2
215 95 2
216 95 2
217 95 2
218 95 2
221 95 2
222 95 2
191 96 2
192 96 2
193 96 2
194 96 2
195 96 2
196 96 2
197 96 2
198 96 2
199 96 2
203 96 2
204 96 2
205 96 2
206 96 2
207 96 2
214 96 2
215 96 2
216 96 2
217 96 2
218 96 2
219 96 2
220 96 2
221 96 2
222 96 2
223 96 2
224 96 2
227 96 2
229 96 2
233 96 2
235 96 2
236 96 2
237 96 2
240 96 2
245 96 2
192 97 2
193 97 2
194 97 2
195 97 2
196 97 2
197 97 2
198 97 2
199 97 2
200 97 2
201 97 2
202 97 2
203 97 2
204 97 2
205 97 2
235 97 2
194 98 2
195 98 2
196 98 2
197 98 2
198 98 2
199 98 2
200 98 2
201 98 2
202 98 2
203 98 2
204 98 2
205 98 2
206 98 2
208 98 2
193 99 2
194 99 2
195 99 2
196 99 2
197 99 2
198 99 2
199 99 2
200 99 2
201 99 2
202 99 2
203 99 2
206 99 2
192 100 2
193 100 2
195 100 2
196 100 2
197 100 2
198 100 2
199 100 2
200 100 2
201 100 2
202 100 2
203 100 2
204 100 2
205 100 2
206 100 2
207 100 2
208 100 2
210 100 2
215 100 2
216 100 2
217 100 2
236 100 2
237 100 2
195 101 2
196 101 2
197 101 2
198 101 2
199 101 2
200 101 2
201 101 2
202 101 2
203 101 2
204 101 2
205 101 2
206 101 2
207 101 2
208 101 2
209 101 2
210 101 2
211 101 2
212 101 2
213 101 2
214 101 2
215 101 2
216 101 2
217 101 2
218 101 2
219 101 2
222 101 2
228 101 2
231 101 2
233 101 2
236 101 2
238 101 2
241 101 2
199 102 2
204 102 2
205 102 2
206 102 2
207 102 2
208 102 2
209 102 2
210 102 2
211 102 2
212 102 2
213 102 2
214 102 2
215 102 2
216 102 2
217 102 2
218 102 2
219 102 2
220 102 2
221 102 2
222 102 2
224 102 2
225 102 2
226 102 2
228 102 2
229 102 2
230 102 2
231 102 2
232 102 2
233 102 2
235 102 2
238 102 2
239 102 2
243 102 2
197 103 2
202 103 2
204 103 2
205 103 2
206 103 2
207 103 2
212 103 2
213 103 2
217 103 2
218 103 2
220 103 2
221 103 2
222 103 2
223 103 2
224 103 2
225 103 2
226 103 2
227 103 2
228 103 2
198 104 2
202 104 2
203 104 2
196 106 2
197 106 2
198 106 2
205 109 2
206 109 2
207 109 2
213 109 2
215 109 2
218 109 2
219 109 2
206 110 2
220 110 2
221 110 2
222 110 2
228 110 2
233 110 2
226 111 2
229 111 2
230 111 2
