69 32 0
70 32 0
72 32 0
66 33 0
67 33 0
74 33 0
75 33 0
64 34 0
65 34 0
66 34 0
70 34 0
75 34 0
64 35 0
65 35 0
66 35 0
68 35 0
69 35 0
70 35 0
72 35 0
75 35 0
65 36 0
66 36 0
67 36 0
68 36 0
70 36 0
71 36 0
72 36 0
76 36 0
62 37 0
63 37 0
64 37 0
65 37 0
66 37 0
67 37 0
68 37 0
70 37 0
71 37 0
72 37 0
61 38 0
62 38 0
63 38 0
64 38 0
65 38 0
66 38 0
68 38 0
70 38 0
75 38 0
76 38 0
78 38 0
79 38 0
61 39 0
62 39 0
63 39 0
64 39 0
74 39 0
75 39 0
78 39 0
61 40 0
62 40 0
73 40 0
60 41 0
61 41 0
62 41 0
82 41 0
60 42 0
78 44 0
90 44 0
90 45 0
74 46 0
90 46 0
91 46 0
72 47 0
85 47 0
91 47 0
92 47 0
91 48 0
92 48 0
71 49 0
77 49 0
87 49 0
92 49 0
93 49 0
64 50 0
65 50 0
74 50 0
75 50 0
80 50 0
92 50 0
93 50 0
94 50 0
64 51 0
66 51 0
73 51 0
74 51 0
86 51 0
92 51 0
93 51 0
94 51 0
60 52 0
61 52 0
74 52 0
75 52 0
79 52 0
92 52 0
93 52 0
94 52 0
59 53 0
74 53 0
75 53 0
92 53 0
93 53 0
94 53 0
95 53 0
74 54 0
75 54 0
76 54 0
89 54 0
93 54 0
94 54 0
95 54 0
96 54 0
74 55 0
75 55 0
76 55 0
78 55 0
93 55 0
94 55 0
95 55 0
96 55 0
57 56 0
75 56 0
76 56 0
77 56 0
79 56 0
94 56 0
95 56 0
96 56 0
97 56 0
75 57 0
76 57 0
83 57 0
92 57 0
93 57 0
94 57 0
95 57 0
96 57 0
97 57 0
56 58 0
57 58 0
59 58 0
76 58 0
77 58 0
87 58 0
91 58 0
92 58 0
93 58 0
94 58 0
95 58 0
96 58 0
97 58 0
98 58 0
56 59 0
57 59 0
76 59 0
77 59 0
78 59 0
80 59 0
81 59 0
92 59 0
93 59 0
94 59 0
95 59 0
96 59 0
97 59 0
98 59 0
76 60 0
77 60 0
78 60 0
79 60 0
80 60 0
91 60 0
93 60 0
94 60 0
95 60 0
96 60 0
97 60 0
98 60 0
66 61 0
77 61 0
78 61 0
79 61 0
80 61 0
94 61 0
95 61 0
96 61 0
97 61 0
98 61 0
99 61 0
54 62 0
55 62 0
57 62 0
77 62 0
78 62 0
79 62 0
80 62 0
81 62 0
91 62 0
92 62 0
93 62 0
94 62 0
95 62 0
96 62 0
97 62 0
98 62 0
99 62 0
56 63 0
77 63 0
78 63 0
79 63 0
80 63 0
81 63 0
82 63 0
94 63 0
95 63 0
96 63 0
97 63 0
98 63 0
99 63 0
100 63 0
53 64 0
55 64 0
56 64 0
58 64 0
77 64 0
78 64 0
79 64 0
80 64 0
81 64 0
82 64 0
83 64 0
89 64 0
90 64 0
95 64 0
96 64 0
97 64 0
98 64 0
99 64 0
100 64 0
101 64 0
103 64 0
52 65 0
53 65 0
54 65 0
55 65 0
58 65 0
63 65 0
65 65 0
77 65 0
78 65 0
79 65 0
80 65 0
81 65 0
82 65 0
90 65 0
95 65 0
96 65 0
97 65 0
98 65 0
99 65 0
100 65 0
101 65 0
52 66 0
53 66 0
54 66 0
57 66 0
61 66 0
62 66 0
77 66 0
78 66 0
79 66 0
80 66 0
81 66 0
82 66 0
83 66 0
90 66 0
92 66 0
93 66 0
95 66 0
96 66 0
97 66 0
98 66 0
99 66 0
100 66 0
101 66 0
52 67 0
53 67 0
57 67 0
67 67 0
78 67 0
79 67 0
80 67 0
81 67 0
82 67 0
83 67 0
84 67 0
85 67 0
95 67 0
96 67 0
97 67 0
98 67 0
99 67 0
100 67 0
52 68 0
53 68 0
57 68 0
78 68 0
79 68 0
80 68 0
81 68 0
82 68 0
83 68 0
84 68 0
95 68 0
96 68 0
97 68 0
98 68 0
99 68 0
100 68 0
101 68 0
52 69 0
53 69 0
54 69 0
57 69 0
58 69 0
78 69 0
79 69 0
80 69 0
81 69 0
82 69 0
83 69 0
84 69 0
85 69 0
87 69 0
88 69 0
89 69 0
90 69 0
95 69 0
96 69 0
97 69 0
98 69 0
99 69 0
100 69 0
101 69 0
52 70 0
53 70 0
54 70 0
57 70 0
58 70 0
61 70 0
62 70 0
63 70 0
75 70 0
76 70 0
77 70 0
78 70 0
79 70 0
80 70 0
81 70 0
82 70 0
83 70 0
84 70 0
87 70 0
88 70 0
89 70 0
90 70 0
95 70 0
96 70 0
97 70 0
98 70 0
99 70 0
100 70 0
52 71 0
53 71 0
54 71 0
55 71 0
56 71 0
57 71 0
58 71 0
60 71 0
61 71 0
62 71 0
63 71 0
75 71 0
76 71 0
77 71 0
78 71 0
79 71 0
80 71 0
81 71 0
82 71 0
83 71 0
84 71 0
85 71 0
87 71 0
95 71 0
96 71 0
97 71 0
98 71 0
99 71 0
100 71 0
101 71 0
102 71 0
52 72 0
53 72 0
54 72 0
55 72 0
56 72 0
57 72 0
58 72 0
59 72 0
60 72 0
61 72 0
62 72 0
63 72 0
67 72 0
75 72 0
76 72 0
77 72 0
78 72 0
79 72 0
80 72 0
81 72 0
82 72 0
83 72 0
84 72 0
87 72 0
92 72 0
95 72 0
96 72 0
97 72 0
98 72 0
99 72 0
100 72 0
101 72 0
52 73 0
53 73 0
54 73 0
55 73 0
56 73 0
57 73 0
58 73 0
59 73 0
60 73 0
61 73 0
62 73 0
63 73 0
64 73 0
65 73 0
66 73 0
70 73 0
75 73 0
76 73 0
77 73 0
78 73 0
79 73 0
80 73 0
81 73 0
82 73 0
83 73 0
88 73 0
95 73 0
96 73 0
97 73 0
98 73 0
99 73 0
100 73 0
101 73 0
102 73 0
52 74 0
53 74 0
54 74 0
55 74 0
56 74 0
58 74 0
59 74 0
60 74 0
63 74 0
64 74 0
65 74 0
68 74 0
69 74 0
75 74 0
76 74 0
77 74 0
78 74 0
79 74 0
80 74 0
81 74 0
82 74 0
83 74 0
84 74 0
85 74 0
86 74 0
87 74 0
88 74 0
90 74 0
92 74 0
95 74 0
96 74 0
97 74 0
98 74 0
99 74 0
100 74 0
101 74 0
102 74 0
52 75 0
53 75 0
54 75 0
55 75 0
58 75 0
59 75 0
60 75 0
61 75 0
62 75 0
63 75 0
64 75 0
65 75 0
67 75 0
75 75 0
76 75 0
77 75 0
78 75 0
79 75 0
80 75 0
81 75 0
82 75 0
83 75 0
84 75 0
85 75 0
86 75 0
87 75 0
88 75 0
89 75 0
90 75 0
92 75 0
95 75 0
96 75 0
97 75 0
98 75 0
99 75 0
100 75 0
101 75 0
53 76 0
54 76 0
55 76 0
58 76 0
59 76 0
60 76 0
61 76 0
62 76 0
63 76 0
64 76 0
65 76 0
66 76 0
75 76 0
76 76 0
77 76 0
78 76 0
79 76 0
80 76 0
81 76 0
82 76 0
83 76 0
84 76 0
85 76 0
87 76 0
88 76 0
95 76 0
96 76 0
97 76 0
98 76 0
99 76 0
100 76 0
101 76 0
53 77 0
54 77 0
55 77 0
59 77 0
60 77 0
61 77 0
64 77 0
65 77 0
66 77 0
67 77 0
68 77 0
70 77 0
71 77 0
75 77 0
76 77 0
77 77 0
78 77 0
79 77 0
80 77 0
81 77 0
82 77 0
84 77 0
85 77 0
87 77 0
88 77 0
91 77 0
93 77 0
95 77 0
96 77 0
97 77 0
98 77 0
99 77 0
100 77 0
101 77 0
54 78 0
59 78 0
60 78 0
61 78 0
62 78 0
63 78 0
71 78 0
75 78 0
76 78 0
77 78 0
78 78 0
79 78 0
80 78 0
81 78 0
82 78 0
83 78 0
84 78 0
85 78 0
86 78 0
88 78 0
94 78 0
95 78 0
96 78 0
97 78 0
98 78 0
99 78 0
100 78 0
101 78 0
53 79 0
54 79 0
59 79 0
60 79 0
61 79 0
71 79 0
75 79 0
76 79 0
77 79 0
78 79 0
79 79 0
80 79 0
81 79 0
82 79 0
83 79 0
84 79 0
85 79 0
86 79 0
88 79 0
94 79 0
95 79 0
96 79 0
97 79 0
98 79 0
99 79 0
100 79 0
101 79 0
53 80 0
58 80 0
60 80 0
61 80 0
62 80 0
69 80 0
73 80 0
74 80 0
75 80 0
76 80 0
77 80 0
78 80 0
79 80 0
80 80 0
81 80 0
82 80 0
83 80 0
84 80 0
85 80 0
86 80 0
88 80 0
89 80 0
94 80 0
95 80 0
96 80 0
97 80 0
98 80 0
99 80 0
100 80 0
101 80 0
53 81 0
54 81 0
58 81 0
60 81 0
61 81 0
62 81 0
73 81 0
74 81 0
75 81 0
76 81 0
77 81 0
78 81 0
79 81 0
80 81 0
81 81 0
82 81 0
83 81 0
84 81 0
85 81 0
86 81 0
88 81 0
89 81 0
93 81 0
94 81 0
95 81 0
96 81 0
97 81 0
98 81 0
99 81 0
101 81 0
102 81 0
60 82 0
61 82 0
65 82 0
66 82 0
71 82 0
73 82 0
75 82 0
76 82 0
77 82 0
78 82 0
79 82 0
80 82 0
81 82 0
82 82 0
83 82 0
84 82 0
85 82 0
87 82 0
88 82 0
89 82 0
93 82 0
94 82 0
95 82 0
96 82 0
97 82 0
98 82 0
99 82 0
100 82 0
101 82 0
102 82 0
60 83 0
61 83 0
63 83 0
72 83 0
75 83 0
76 83 0
77 83 0
78 83 0
79 83 0
80 83 0
81 83 0
82 83 0
83 83 0
84 83 0
87 83 0
88 83 0
92 83 0
93 83 0
94 83 0
95 83 0
96 83 0
97 83 0
98 83 0
99 83 0
100 83 0
61 84 0
62 84 0
63 84 0
72 84 0
73 84 0
74 84 0
75 84 0
76 84 0
77 84 0
78 84 0
79 84 0
80 84 0
81 84 0
82 84 0
84 84 0
85 84 0
92 84 0
93 84 0
94 84 0
95 84 0
96 84 0
97 84 0
98 84 0
99 84 0
100 84 0
61 85 0
62 85 0
63 85 0
70 85 0
71 85 0
72 85 0
74 85 0
75 85 0
76 85 0
77 85 0
78 85 0
80 85 0
81 85 0
82 85 0
83 85 0
84 85 0
85 85 0
88 85 0
89 85 0
91 85 0
92 85 0
93 85 0
94 85 0
95 85 0
96 85 0
97 85 0
63 86 0
73 86 0
74 86 0
75 86 0
76 86 0
77 86 0
78 86 0
79 86 0
80 86 0
81 86 0
83 86 0
85 86 0
87 86 0
88 86 0
90 86 0
91 86 0
92 86 0
93 86 0
94 86 0
95 86 0
96 86 0
97 86 0
100 86 0
62 87 0
63 87 0
73 87 0
74 87 0
75 87 0
76 87 0
77 87 0
78 87 0
82 87 0
83 87 0
87 87 0
90 87 0
91 87 0
92 87 0
93 87 0
94 87 0
95 87 0
96 87 0
97 87 0
63 88 0
64 88 0
65 88 0
69 88 0
73 88 0
74 88 0
75 88 0
76 88 0
77 88 0
78 88 0
79 88 0
80 88 0
81 88 0
82 88 0
83 88 0
86 88 0
87 88 0
88 88 0
89 88 0
90 88 0
91 88 0
92 88 0
93 88 0
94 88 0
95 88 0
96 88 0
97 88 0
63 89 0
64 89 0
65 89 0
72 89 0
76 89 0
77 89 0
78 89 0
79 89 0
80 89 0
82 89 0
83 89 0
87 89 0
88 89 0
89 89 0
90 89 0
91 89 0
92 89 0
93 89 0
94 89 0
95 89 0
96 89 0
98 89 0
99 89 0
64 90 0
65 90 0
71 90 0
73 90 0
74 90 0
75 90 0
76 90 0
77 90 0
78 90 0
80 90 0
82 90 0
86 90 0
87 90 0
88 90 0
89 90 0
90 90 0
91 90 0
92 90 0
93 90 0
94 90 0
95 90 0
99 90 0
65 91 0
69 91 0
70 91 0
71 91 0
72 91 0
74 91 0
75 91 0
76 91 0
77 91 0
78 91 0
79 91 0
80 91 0
81 91 0
85 91 0
86 91 0
87 91 0
88 91 0
89 91 0
90 91 0
91 91 0
92 91 0
93 91 0
94 91 0
95 91 0
66 92 0
70 92 0
72 92 0
74 92 0
75 92 0
76 92 0
77 92 0
78 92 0
79 92 0
80 92 0
81 92 0
82 92 0
83 92 0
84 92 0
85 92 0
86 92 0
87 92 0
88 92 0
89 92 0
90 92 0
91 92 0
92 92 0
93 92 0
94 92 0
95 92 0
65 93 0
67 93 0
68 93 0
70 93 0
72 93 0
73 93 0
74 93 0
75 93 0
76 93 0
77 93 0
78 93 0
81 93 0
82 93 0
83 93 0
84 93 0
85 93 0
86 93 0
87 93 0
88 93 0
89 93 0
90 93 0
91 93 0
92 93 0
93 93 0
94 93 0
95 93 0
67 94 0
73 94 0
74 94 0
75 94 0
76 94 0
77 94 0
79 94 0
80 94 0
81 94 0
82 94 0
83 94 0
84 94 0
85 94 0
86 94 0
87 94 0
88 94 0
89 94 0
90 94 0
91 94 0
92 94 0
93 94 0
94 94 0
66 95 0
67 95 0
69 95 0
70 95 0
71 95 0
72 95 0
73 95 0
74 95 0
75 95 0
76 95 0
77 95 0
78 95 0
79 95 0
80 95 0
81 95 0
82 95 0
83 95 0
84 95 0
85 95 0
86 95 0
87 95 0
88 95 0
89 95 0
90 95 0
91 95 0
92 95 0
93 95 0
96 95 0
108 95 0
69 96 0
70 96 0
71 96 0
72 96 0
73 96 0
74 96 0
75 96 0
76 96 0
77 96 0
78 96 0
79 96 0
80 96 0
81 96 0
82 96 0
83 96 0
84 96 0
85 96 0
86 96 0
87 96 0
88 96 0
89 96 0
90 96 0
91 96 0
92 96 0
93 96 0
70 97 0
71 97 0
72 97 0
73 97 0
74 97 0
75 97 0
76 97 0
77 97 0
78 97 0
79 97 0
80 97 0
81 97 0
82 97 0
83 97 0
84 97 0
85 97 0
86 97 0
87 97 0
88 97 0
89 97 0
90 97 0
91 97 0
74 98 0
75 98 0
76 98 0
77 98 0
78 98 0
79 98 0
80 98 0
81 98 0
82 98 0
83 98 0
84 98 0
85 98 0
86 98 0
87 98 0
88 98 0
89 98 0
90 98 0
91 98 0
75 99 0
77 99 0
78 99 0
79 99 0
80 99 0
81 99 0
82 99 0
83 99 0
84 99 0
85 99 0
86 99 0
87 99 0
78 100 0
79 100 0
80 100 0
81 100 0
82 100 0
86 100 0
82 101 0
81 102 0
256 107 1
257 107 1
258 107 1
258 108 1
281 110 1
283 111 1
285 112 1
286 113 1
287 113 1
287 114 1
288 114 1
289 114 1
290 114 1
291 114 1
287 115 1
288 115 1
289 115 1
290 115 1
291 115 1
292 115 1
293 115 1
294 115 1
295 115 1
304 115 1
310 115 1
312 115 1
314 115 1
315 115 1
316 115 1
318 115 1
290 116 1
291 116 1
292 116 1
293 116 1
294 116 1
295 116 1
296 116 1
297 116 1
298 116 1
299 116 1
300 116 1
301 116 1
302 116 1
303 116 1
304 116 1
305 116 1
306 116 1
307 116 1
308 116 1
309 116 1
310 116 1
311 116 1
312 116 1
313 116 1
314 116 1
315 116 1
316 116 1
317 116 1
318 116 1
319 116 1
320 116 1
321 116 1
293 117 1
294 117 1
295 117 1
296 117 1
297 117 1
298 117 1
299 117 1
300 117 1
301 117 1
302 117 1
303 117 1
304 117 1
305 117 1
306 117 1
307 117 1
308 117 1
309 117 1
310 117 1
311 117 1
312 117 1
313 117 1
314 117 1
316 117 1
317 117 1
318 117 1
319 117 1
320 117 1
321 117 1
322 117 1
323 117 1
324 117 1
298 118 1
321 118 1
322 118 1
323 118 1
324 118 1
325 118 1
326 118 1
285 119 1
324 119 1
325 119 1
326 119 1
327 119 1
340 119 1
341 119 1
326 120 1
327 120 1
328 120 1
329 120 1
333 120 1
334 120 1
335 120 1
336 120 1
337 120 1
338 120 1
339 120 1
328 121 1
329 121 1
330 121 1
331 121 1
332 121 1
333 121 1
334 121 1
335 121 1
336 121 1
337 121 1
338 121 1
246 122 1
247 122 1
330 122 1
331 122 1
246 123 1
247 123 1
248 123 1
247 124 1
248 124 1
247 125 1
248 125 1
247 126 1
248 126 1
249 126 1
248 127 1
248 128 1
249 128 1
248 129 1
249 129 1
250 129 1
251 129 1
249 130 1
250 130 1
251 130 1
252 130 1
253 130 1
254 130 1
255 130 1
249 131 1
250 131 1
251 131 1
252 131 1
253 131 1
254 131 1
255 131 1
256 131 1
257 131 1
254 132 1
255 132 1
256 132 1
257 132 1
258 132 1
259 132 1
260 132 1
254 133 1
255 133 1
256 133 1
257 133 1
258 133 1
259 133 1
260 133 1
261 133 1
262 133 1
257 134 1
258 134 1
259 134 1
260 134 1
261 134 1
262 134 1
263 134 1
264 134 1
260 135 1
261 135 1
262 135 1
263 135 1
264 135 1
265 135 1
266 135 1
262 136 1
263 136 1
264 136 1
265 136 1
266 136 1
267 136 1
268 136 1
269 136 1
265 137 1
266 137 1
267 137 1
268 137 1
269 137 1
270 137 1
271 137 1
274 137 1
267 138 1
268 138 1
269 138 1
270 138 1
271 138 1
272 138 1
273 138 1
274 138 1
276 138 1
271 139 1
272 139 1
273 139 1
274 139 1
275 139 1
276 139 1
273 140 1
274 140 1
275 140 1
276 140 1
277 140 1
278 140 1
279 140 1
280 140 1
276 141 1
277 141 1
278 141 1
279 141 1
280 141 1
281 141 1
282 141 1
283 141 1
284 141 1
280 142 1
281 142 1
282 142 1
283 142 1
284 142 1
285 142 1
286 142 1
287 142 1
288 142 1
285 143 1
286 143 1
287 143 1
288 143 1
289 143 1
290 143 1
291 143 1
292 143 1
290 144 1
291 144 1
292 144 1
293 144 1
294 144 1
295 144 1
296 144 1
295 145 1
296 145 1
297 145 1
298 145 1
299 145 1
300 145 1
296 146 1
297 146 1
298 146 1
299 146 1
300 146 1
301 146 1
302 146 1
303 146 1
304 146 1
300 147 1
301 147 1
302 147 1
303 147 1
304 147 1
305 147 1
306 147 1
307 147 1
308 147 1
304 148 1
305 148 1
306 148 1
307 148 1
308 148 1
309 148 1
310 148 1
311 148 1
312 148 1
313 148 1
314 148 1
308 149 1
309 149 1
310 149 1
311 149 1
312 149 1
313 149 1
314 149 1
315 149 1
316 149 1
317 149 1
319 149 1
311 150 1
312 150 1
313 150 1
314 150 1
315 150 1
316 150 1
317 150 1
318 150 1
319 150 1
320 150 1
321 150 1
322 150 1
323 150 1
331 150 1
316 151 1
317 151 1
318 151 1
319 151 1
320 151 1
321 151 1
322 151 1
323 151 1
324 151 1
325 151 1
326 151 1
327 151 1
328 151 1
329 151 1
322 152 1
323 152 1
324 152 1
325 152 1
326 152 1
327 152 1
328 152 1
329 152 1
330 152 1
331 152 1
332 152 1
333 152 1
334 152 1
336 152 1
327 153 1
328 153 1
329 153 1
330 153 1
331 153 1
332 153 1
333 153 1
334 153 1
335 153 1
336 153 1
337 153 1
333 154 1
334 154 1
335 154 1
336 154 1
337 154 1
338 154 1
339 154 1
340 154 1
341 154 1
336 155 1
337 155 1
338 155 1
339 155 1
340 155 1
341 155 1
342 155 1
343 155 1
339 156 1
340 156 1
341 156 1
342 156 1
343 156 1
344 156 1
342 157 1
343 157 1
344 157 1
191 95 2
192 95 2
188 96 2
189 96 2
190 96 2
191 96 2
192 96 2
193 96 2
194 96 2
195 96 2
187 97 2
188 97 2
189 97 2
190 97 2
191 97 2
192 97 2
193 97 2
194 97 2
195 97 2
196 97 2
198 97 2
187 98 2
188 98 2
189 98 2
190 98 2
191 98 2
192 98 2
193 98 2
194 98 2
195 98 2
196 98 2
197 98 2
198 98 2
200 98 2
201 98 2
202 98 2
203 98 2
204 98 2
205 98 2
207 98 2
209 98 2
210 98 2
211 98 2
212 98 2
213 98 2
214 98 2
215 98 2
219 98 2
188 99 2
189 99 2
190 99 2
191 99 2
192 99 2
193 99 2
194 99 2
195 99 2
196 99 2
199 99 2
200 99 2
201 99 2
202 99 2
203 99 2
204 99 2
205 99 2
207 99 2
209 99 2
210 99 2
211 99 2
212 99 2
213 99 2
214 99 2
215 99 2
216 99 2
217 99 2
218 99 2
219 99 2
220 99 2
221 99 2
222 99 2
223 99 2
226 99 2
229 99 2
230 99 2
231 99 2
232 99 2
233 99 2
237 99 2
239 99 2
241 99 2
242 99 2
188 100 2
189 100 2
190 100 2
191 100 2
192 100 2
193 100 2
194 100 2
195 100 2
196 100 2
197 100 2
198 100 2
199 100 2
200 100 2
201 100 2
202 100 2
203 100 2
204 100 2
205 100 2
206 100 2
207 100 2
208 100 2
209 100 2
210 100 2
211 100 2
212 100 2
214 100 2
215 100 2
217 100 2
218 100 2
219 100 2
220 100 2
221 100 2
222 100 2
223 100 2
224 100 2
225 100 2
226 100 2
227 100 2
228 100 2
229 100 2
230 100 2
232 100 2
233 100 2
234 100 2
237 100 2
238 100 2
239 100 2
243 100 2
245 100 2
246 100 2
247 100 2
248 100 2
190 101 2
191 101 2
192 101 2
193 101 2
194 101 2
195 101 2
196 101 2
197 101 2
198 101 2
199 101 2
200 101 2
201 101 2
202 101 2
203 101 2
204 101 2
205 101 2
206 101 2
220 101 2
225 101 2
226 101 2
228 101 2
242 101 2
245 101 2
246 101 2
247 101 2
248 101 2
249 101 2
250 101 2
251 101 2
252 101 2
254 101 2
190 102 2
191 102 2
192 102 2
193 102 2
194 102 2
195 102 2
196 102 2
197 102 2
198 102 2
199 102 2
200 102 2
201 102 2
202 102 2
203 102 2
204 102 2
208 102 2
231 102 2
233 102 2
248 102 2
250 102 2
251 102 2
252 102 2
253 102 2
254 102 2
255 102 2
256 102 2
257 102 2
258 102 2
259 102 2
261 102 2
190 103 2
192 103 2
193 103 2
194 103 2
195 103 2
196 103 2
197 103 2
198 103 2
199 103 2
200 103 2
201 103 2
202 103 2
203 103 2
204 103 2
205 103 2
206 103 2
207 103 2
208 103 2
213 103 2
227 103 2
233 103 2
234 103 2
237 103 2
240 103 2
247 103 2
249 103 2
251 103 2
253 103 2
254 103 2
255 103 2
257 103 2
258 103 2
259 103 2
260 103 2
261 103 2
264 103 2
192 104 2
193 104 2
194 104 2
195 104 2
196 104 2
197 104 2
198 104 2
199 104 2
200 104 2
201 104 2
202 104 2
203 104 2
204 104 2
205 104 2
206 104 2
207 104 2
208 104 2
209 104 2
210 104 2
211 104 2
212 104 2
213 104 2
214 104 2
215 104 2
216 104 2
219 104 2
225 104 2
227 104 2
228 104 2
230 104 2
232 104 2
233 104 2
234 104 2
235 104 2
237 104 2
238 104 2
240 104 2
241 104 2
245 104 2
252 104 2
253 104 2
254 104 2
194 105 2
196 105 2
198 105 2
199 105 2
200 105 2
201 105 2
202 105 2
203 105 2
204 105 2
205 105 2
206 105 2
207 105 2
208 105 2
209 105 2
210 105 2
211 105 2
212 105 2
213 105 2
214 105 2
215 105 2
216 105 2
217 105 2
218 105 2
219 105 2
220 105 2
221 105 2
222 105 2
223 105 2
224 105 2
225 105 2
226 105 2
227 105 2
228 105 2
229 105 2
230 105 2
231 105 2
232 105 2
233 105 2
234 105 2
235 105 2
236 105 2
237 105 2
238 105 2
239 105 2
240 105 2
241 105 2
194 106 2
196 106 2
199 106 2
200 106 2
201 106 2
202 106 2
203 106 2
204 106 2
205 106 2
206 106 2
207 106 2
208 106 2
209 106 2
210 106 2
211 106 2
212 106 2
213 106 2
214 106 2
215 106 2
216 106 2
217 106 2
218 106 2
219 106 2
220 106 2
221 106 2
222 106 2
223 106 2
224 106 2
225 106 2
228 106 2
230 106 2
232 106 2
235 106 2
236 106 2
237 106 2
238 106 2
240 106 2
241 106 2
242 106 2
243 106 2
244 106 2
247 106 2
255 106 2
195 107 2
199 107 2
200 107 2
201 107 2
202 107 2
203 107 2
204 107 2
208 107 2
209 107 2
210 107 2
211 107 2
212 107 2
213 107 2
214 107 2
215 107 2
217 107 2
218 107 2
219 107 2
220 107 2
222 107 2
223 107 2
224 107 2
225 107 2
226 107 2
244 107 2
248 107 2
252 107 2
259 107 2
200 108 2
201 108 2
204 108 2
210 108 2
211 108 2
215 108 2
217 108 2
248 108 2
250 108 2
193 109 2
202 109 2
213 109 2
248 109 2
202 110 2
203 110 2
204 111 2
258 111 2
197 112 2
198 112 2
202 112 2
203 112 2
204 112 2
207 112 2
212 112 2
215 112 2
221 112 2
233 112 2
195 113 2
196 113 2
202 113 2
203 113 2
216 113 2
217 113 2
218 113 2
219 113 2
220 113 2
223 113 2
224 113 2
225 113 2
228 113 2
229 113 2
230 113 2
196 114 2
220 114 2
221 114 2
222 114 2
223 114 2
224 114 2
225 114 2
226 114 2
227 114 2
230 114 2
231 114 2
232 114 2
235 114 2
236 114 2
237 114 2
236 115 2
237 115 2
31 18 3
31 19 3
30 20 3
31 20 3
32 20 3
28 21 3
29 21 3
30 21 3
31 21 3
32 21 3
27 22 3
28 22 3
29 22 3
30 22 3
31 22 3
32 22 3
33 22 3
27 23 3
28 23 3
29 23 3
30 23 3
31 23 3
32 23 3
27 24 3
28 24 3
29 24 3
30 24 3
31 24 3
32 24 3
33 24 3
27 25 3
28 25 3
29 25 3
30 25 3
31 25 3
32 25 3
33 25 3
34 25 3
27 26 3
28 26 3
29 26 3
30 26 3
31 26 3
32 26 3
33 26 3
34 26 3
35 26 3
27 27 3
28 27 3
29 27 3
32 27 3
35 27 3
27 28 3
28 28 3
29 28 3
30 28 3
31 28 3
26 29 3
27 29 3
28 29 3
29 29 3
30 29 3
31 29 3
26 30 3
27 30 3
28 30 3
29 30 3
30 30 3
31 30 3
32 30 3
26 31 3
27 31 3
28 31 3
29 31 3
30 31 3
31 31 3
27 32 3
28 32 3
29 32 3
30 32 3
27 33 3
28 33 3
29 33 3
30 33 3
31 33 3
27 34 3
28 34 3
29 34 3
30 34 3
31 34 3
27 35 3
28 35 3
29 35 3
29 36 3
