87 49 0
88 49 0
88 50 0
88 51 0
89 51 0
88 52 0
89 52 0
90 52 0
88 53 0
89 53 0
90 53 0
71 54 0
88 54 0
89 54 0
90 54 0
91 54 0
71 55 0
72 55 0
88 55 0
89 55 0
90 55 0
91 55 0
72 56 0
88 56 0
89 56 0
90 56 0
91 56 0
72 57 0
73 57 0
89 57 0
90 57 0
91 57 0
73 58 0
89 58 0
90 58 0
91 58 0
92 58 0
73 59 0
74 59 0
89 59 0
90 59 0
91 59 0
92 59 0
94 59 0
89 60 0
90 60 0
91 60 0
92 60 0
94 60 0
74 61 0
75 61 0
76 61 0
89 61 0
90 61 0
91 61 0
92 61 0
93 61 0
94 61 0
73 62 0
74 62 0
75 62 0
76 62 0
89 62 0
90 62 0
91 62 0
92 62 0
93 62 0
94 62 0
95 62 0
73 63 0
74 63 0
75 63 0
76 63 0
89 63 0
90 63 0
91 63 0
92 63 0
93 63 0
94 63 0
73 64 0
74 64 0
75 64 0
89 64 0
90 64 0
91 64 0
92 64 0
93 64 0
94 64 0
48 65 0
49 65 0
53 65 0
73 65 0
74 65 0
75 65 0
76 65 0
77 65 0
83 65 0
90 65 0
91 65 0
92 65 0
93 65 0
95 65 0
48 66 0
49 66 0
73 66 0
74 66 0
75 66 0
76 66 0
77 66 0
78 66 0
79 66 0
90 66 0
91 66 0
92 66 0
93 66 0
94 66 0
48 67 0
73 67 0
74 67 0
75 67 0
76 67 0
90 67 0
91 67 0
92 67 0
93 67 0
94 67 0
48 68 0
49 68 0
57 68 0
72 68 0
73 68 0
74 68 0
75 68 0
76 68 0
77 68 0
78 68 0
82 68 0
90 68 0
91 68 0
92 68 0
93 68 0
94 68 0
47 69 0
48 69 0
72 69 0
73 69 0
74 69 0
75 69 0
76 69 0
77 69 0
78 69 0
90 69 0
91 69 0
92 69 0
93 69 0
94 69 0
47 70 0
48 70 0
64 70 0
71 70 0
72 70 0
73 70 0
74 70 0
75 70 0
76 70 0
77 70 0
78 70 0
90 70 0
91 70 0
92 70 0
93 70 0
94 70 0
47 71 0
71 71 0
72 71 0
73 71 0
74 71 0
75 71 0
76 71 0
79 71 0
80 71 0
81 71 0
82 71 0
85 71 0
90 71 0
91 71 0
92 71 0
93 71 0
94 71 0
71 72 0
72 72 0
73 72 0
74 72 0
75 72 0
76 72 0
77 72 0
78 72 0
79 72 0
80 72 0
81 72 0
90 72 0
91 72 0
92 72 0
93 72 0
94 72 0
66 73 0
70 73 0
71 73 0
72 73 0
73 73 0
74 73 0
75 73 0
76 73 0
77 73 0
79 73 0
89 73 0
90 73 0
91 73 0
92 73 0
93 73 0
94 73 0
70 74 0
71 74 0
72 74 0
73 74 0
74 74 0
75 74 0
76 74 0
77 74 0
79 74 0
89 74 0
90 74 0
91 74 0
92 74 0
93 74 0
94 74 0
70 75 0
71 75 0
72 75 0
73 75 0
74 75 0
75 75 0
76 75 0
77 75 0
83 75 0
89 75 0
90 75 0
91 75 0
92 75 0
93 75 0
94 75 0
69 76 0
70 76 0
71 76 0
72 76 0
73 76 0
74 76 0
75 76 0
76 76 0
77 76 0
79 76 0
88 76 0
89 76 0
90 76 0
91 76 0
92 76 0
93 76 0
94 76 0
68 77 0
69 77 0
70 77 0
71 77 0
72 77 0
73 77 0
74 77 0
75 77 0
79 77 0
83 77 0
88 77 0
89 77 0
90 77 0
91 77 0
92 77 0
93 77 0
94 77 0
68 78 0
70 78 0
71 78 0
72 78 0
74 78 0
75 78 0
76 78 0
78 78 0
79 78 0
88 78 0
89 78 0
90 78 0
91 78 0
92 78 0
93 78 0
94 78 0
70 79 0
71 79 0
73 79 0
74 79 0
75 79 0
78 79 0
87 79 0
88 79 0
89 79 0
90 79 0
91 79 0
92 79 0
93 79 0
94 79 0
67 80 0
68 80 0
69 80 0
70 80 0
71 80 0
74 80 0
75 80 0
87 80 0
88 80 0
89 80 0
90 80 0
91 80 0
92 80 0
93 80 0
66 81 0
67 81 0
69 81 0
70 81 0
71 81 0
72 81 0
75 81 0
77 81 0
78 81 0
79 81 0
86 81 0
87 81 0
88 81 0
89 81 0
90 81 0
91 81 0
92 81 0
68 82 0
69 82 0
70 82 0
71 82 0
73 82 0
74 82 0
75 82 0
80 82 0
85 82 0
86 82 0
87 82 0
88 82 0
89 82 0
90 82 0
91 82 0
92 82 0
68 83 0
69 83 0
70 83 0
71 83 0
72 83 0
73 83 0
77 83 0
78 83 0
84 83 0
85 83 0
86 83 0
87 83 0
88 83 0
89 83 0
90 83 0
91 83 0
58 84 0
68 84 0
69 84 0
71 84 0
77 84 0
83 84 0
84 84 0
85 84 0
86 84 0
87 84 0
88 84 0
89 84 0
90 84 0
91 84 0
59 85 0
71 85 0
72 85 0
75 85 0
82 85 0
83 85 0
84 85 0
85 85 0
86 85 0
87 85 0
88 85 0
89 85 0
90 85 0
93 85 0
59 86 0
60 86 0
66 86 0
67 86 0
68 86 0
69 86 0
70 86 0
71 86 0
72 86 0
75 86 0
81 86 0
82 86 0
83 86 0
84 86 0
85 86 0
86 86 0
87 86 0
88 86 0
89 86 0
90 86 0
65 87 0
66 87 0
67 87 0
69 87 0
70 87 0
71 87 0
72 87 0
80 87 0
81 87 0
82 87 0
83 87 0
84 87 0
85 87 0
86 87 0
87 87 0
88 87 0
89 87 0
65 88 0
67 88 0
69 88 0
70 88 0
71 88 0
78 88 0
79 88 0
80 88 0
81 88 0
82 88 0
83 88 0
84 88 0
85 88 0
86 88 0
87 88 0
88 88 0
89 88 0
63 89 0
65 89 0
67 89 0
68 89 0
69 89 0
70 89 0
71 89 0
73 89 0
76 89 0
77 89 0
78 89 0
79 89 0
80 89 0
81 89 0
82 89 0
83 89 0
84 89 0
85 89 0
86 89 0
87 89 0
88 89 0
89 89 0
68 90 0
69 90 0
70 90 0
71 90 0
74 90 0
75 90 0
76 90 0
77 90 0
78 90 0
79 90 0
80 90 0
81 90 0
82 90 0
83 90 0
84 90 0
85 90 0
86 90 0
87 90 0
64 91 0
65 91 0
67 91 0
68 91 0
69 91 0
70 91 0
71 91 0
72 91 0
73 91 0
74 91 0
75 91 0
76 91 0
77 91 0
78 91 0
79 91 0
80 91 0
81 91 0
82 91 0
83 91 0
84 91 0
85 91 0
86 91 0
87 91 0
65 92 0
66 92 0
67 92 0
68 92 0
69 92 0
70 92 0
71 92 0
72 92 0
73 92 0
74 92 0
75 92 0
76 92 0
77 92 0
78 92 0
79 92 0
80 92 0
81 92 0
82 92 0
83 92 0
84 92 0
85 92 0
86 92 0
67 93 0
68 93 0
69 93 0
70 93 0
71 93 0
72 93 0
73 93 0
74 93 0
75 93 0
76 93 0
77 93 0
78 93 0
79 93 0
80 93 0
81 93 0
82 93 0
83 93 0
84 93 0
85 93 0
70 94 0
71 94 0
72 94 0
73 94 0
74 94 0
75 94 0
76 94 0
77 94 0
78 94 0
79 94 0
80 94 0
81 94 0
82 94 0
83 94 0
85 94 0
72 95 0
73 95 0
74 95 0
75 95 0
76 95 0
77 95 0
78 95 0
79 95 0
80 95 0
81 95 0
73 96 0
74 96 0
75 96 0
77 97 0
41 1 1
42 1 1
43 1 1
40 2 1
41 2 1
42 2 1
43 2 1
44 2 1
45 2 1
49 2 1
50 2 1
40 3 1
41 3 1
42 3 1
43 3 1
44 3 1
45 3 1
47 3 1
48 3 1
49 3 1
53 3 1
54 3 1
55 3 1
56 3 1
57 3 1
39 4 1
40 4 1
41 4 1
42 4 1
43 4 1
44 4 1
49 4 1
51 4 1
52 4 1
53 4 1
54 4 1
55 4 1
56 4 1
57 4 1
58 4 1
39 5 1
40 5 1
41 5 1
42 5 1
43 5 1
44 5 1
45 5 1
46 5 1
48 5 1
49 5 1
50 5 1
51 5 1
54 5 1
55 5 1
56 5 1
57 5 1
58 5 1
59 5 1
39 6 1
40 6 1
41 6 1
42 6 1
43 6 1
44 6 1
45 6 1
47 6 1
50 6 1
55 6 1
56 6 1
57 6 1
58 6 1
59 6 1
60 6 1
39 7 1
40 7 1
41 7 1
42 7 1
43 7 1
44 7 1
45 7 1
49 7 1
50 7 1
51 7 1
52 7 1
53 7 1
55 7 1
56 7 1
57 7 1
58 7 1
59 7 1
60 7 1
39 8 1
40 8 1
41 8 1
42 8 1
43 8 1
44 8 1
45 8 1
46 8 1
49 8 1
50 8 1
51 8 1
52 8 1
53 8 1
54 8 1
55 8 1
56 8 1
57 8 1
58 8 1
59 8 1
60 8 1
38 9 1
39 9 1
40 9 1
41 9 1
42 9 1
43 9 1
44 9 1
45 9 1
46 9 1
49 9 1
50 9 1
51 9 1
52 9 1
53 9 1
54 9 1
55 9 1
56 9 1
57 9 1
58 9 1
59 9 1
60 9 1
61 9 1
38 10 1
39 10 1
40 10 1
41 10 1
42 10 1
43 10 1
44 10 1
45 10 1
46 10 1
47 10 1
49 10 1
50 10 1
51 10 1
52 10 1
53 10 1
54 10 1
55 10 1
56 10 1
57 10 1
59 10 1
60 10 1
61 10 1
38 11 1
39 11 1
40 11 1
41 11 1
42 11 1
43 11 1
44 11 1
45 11 1
46 11 1
47 11 1
48 11 1
49 11 1
50 11 1
51 11 1
52 11 1
53 11 1
54 11 1
55 11 1
56 11 1
57 11 1
59 11 1
60 11 1
61 11 1
62 11 1
38 12 1
39 12 1
40 12 1
41 12 1
42 12 1
43 12 1
44 12 1
45 12 1
46 12 1
49 12 1
50 12 1
51 12 1
52 12 1
54 12 1
55 12 1
56 12 1
57 12 1
59 12 1
60 12 1
61 12 1
62 12 1
39 13 1
40 13 1
41 13 1
42 13 1
43 13 1
44 13 1
45 13 1
46 13 1
47 13 1
49 13 1
50 13 1
51 13 1
52 13 1
53 13 1
54 13 1
55 13 1
56 13 1
57 13 1
59 13 1
60 13 1
61 13 1
62 13 1
63 13 1
39 14 1
40 14 1
41 14 1
42 14 1
43 14 1
44 14 1
45 14 1
49 14 1
50 14 1
51 14 1
52 14 1
53 14 1
54 14 1
55 14 1
56 14 1
57 14 1
58 14 1
59 14 1
60 14 1
61 14 1
62 14 1
63 14 1
40 15 1
41 15 1
42 15 1
43 15 1
44 15 1
45 15 1
48 15 1
49 15 1
50 15 1
51 15 1
52 15 1
53 15 1
54 15 1
55 15 1
56 15 1
58 15 1
59 15 1
60 15 1
61 15 1
62 15 1
63 15 1
64 15 1
39 16 1
40 16 1
41 16 1
42 16 1
43 16 1
44 16 1
45 16 1
49 16 1
50 16 1
51 16 1
52 16 1
53 16 1
54 16 1
55 16 1
56 16 1
57 16 1
58 16 1
59 16 1
60 16 1
61 16 1
62 16 1
63 16 1
64 16 1
65 16 1
39 17 1
40 17 1
41 17 1
42 17 1
43 17 1
44 17 1
45 17 1
49 17 1
50 17 1
51 17 1
52 17 1
53 17 1
54 17 1
55 17 1
56 17 1
57 17 1
59 17 1
60 17 1
61 17 1
62 17 1
63 17 1
64 17 1
65 17 1
42 18 1
43 18 1
46 18 1
48 18 1
49 18 1
50 18 1
51 18 1
52 18 1
53 18 1
54 18 1
55 18 1
56 18 1
59 18 1
60 18 1
61 18 1
62 18 1
63 18 1
64 18 1
65 18 1
66 18 1
41 19 1
42 19 1
43 19 1
44 19 1
50 19 1
51 19 1
52 19 1
53 19 1
54 19 1
55 19 1
60 19 1
61 19 1
62 19 1
63 19 1
65 19 1
66 19 1
67 19 1
40 20 1
41 20 1
42 20 1
43 20 1
45 20 1
50 20 1
51 20 1
52 20 1
53 20 1
54 20 1
55 20 1
56 20 1
60 20 1
61 20 1
62 20 1
63 20 1
67 20 1
40 21 1
41 21 1
42 21 1
43 21 1
44 21 1
45 21 1
50 21 1
51 21 1
52 21 1
53 21 1
54 21 1
55 21 1
56 21 1
58 21 1
61 21 1
62 21 1
63 21 1
41 22 1
42 22 1
43 22 1
44 22 1
45 22 1
51 22 1
52 22 1
53 22 1
54 22 1
55 22 1
56 22 1
58 22 1
68 22 1
40 23 1
41 23 1
42 23 1
43 23 1
46 23 1
51 23 1
53 23 1
54 23 1
55 23 1
56 23 1
59 23 1
40 24 1
41 24 1
42 24 1
43 24 1
44 24 1
51 24 1
52 24 1
53 24 1
54 24 1
55 24 1
56 24 1
59 24 1
60 24 1
42 25 1
43 25 1
44 25 1
45 25 1
46 25 1
47 25 1
52 25 1
53 25 1
54 25 1
55 25 1
56 25 1
57 25 1
59 25 1
40 26 1
42 26 1
43 26 1
44 26 1
45 26 1
46 26 1
47 26 1
52 26 1
53 26 1
54 26 1
55 26 1
56 26 1
57 26 1
58 26 1
62 26 1
63 26 1
40 27 1
42 27 1
43 27 1
52 27 1
53 27 1
54 27 1
55 27 1
56 27 1
57 27 1
40 28 1
42 28 1
43 28 1
45 28 1
52 28 1
53 28 1
54 28 1
55 28 1
56 28 1
57 28 1
58 28 1
40 29 1
41 29 1
42 29 1
43 29 1
44 29 1
52 29 1
53 29 1
54 29 1
55 29 1
56 29 1
57 29 1
42 30 1
43 30 1
53 30 1
54 30 1
55 30 1
56 30 1
57 30 1
58 30 1
40 31 1
41 31 1
42 31 1
53 31 1
54 31 1
55 31 1
56 31 1
57 31 1
58 31 1
60 31 1
41 32 1
42 32 1
43 32 1
44 32 1
56 32 1
57 32 1
58 32 1
59 32 1
41 33 1
42 33 1
43 33 1
44 33 1
57 33 1
58 33 1
59 33 1
41 34 1
42 34 1
43 34 1
44 34 1
45 34 1
58 34 1
59 34 1
42 35 1
43 35 1
45 35 1
57 35 1
58 35 1
59 35 1
60 36 1
42 39 1
43 39 1
42 40 1
43 40 1
44 40 1
42 48 1
185 97 2
186 97 2
187 97 2
188 97 2
189 97 2
180 98 2
182 98 2
184 98 2
185 98 2
186 98 2
187 98 2
188 98 2
189 98 2
191 98 2
178 99 2
179 99 2
180 99 2
181 99 2
182 99 2
183 99 2
184 99 2
185 99 2
186 99 2
187 99 2
188 99 2
192 99 2
194 99 2
195 99 2
199 99 2
200 99 2
176 100 2
177 100 2
178 100 2
179 100 2
180 100 2
181 100 2
182 100 2
183 100 2
184 100 2
185 100 2
186 100 2
187 100 2
188 100 2
189 100 2
190 100 2
194 100 2
197 100 2
198 100 2
199 100 2
200 100 2
201 100 2
202 100 2
203 100 2
204 100 2
205 100 2
206 100 2
207 100 2
208 100 2
226 100 2
176 101 2
177 101 2
178 101 2
179 101 2
180 101 2
181 101 2
182 101 2
183 101 2
184 101 2
185 101 2
186 101 2
187 101 2
188 101 2
189 101 2
190 101 2
191 101 2
192 101 2
193 101 2
194 101 2
195 101 2
199 101 2
200 101 2
201 101 2
202 101 2
203 101 2
204 101 2
205 101 2
206 101 2
207 101 2
208 101 2
209 101 2
210 101 2
211 101 2
212 101 2
213 101 2
214 101 2
215 101 2
216 101 2
217 101 2
218 101 2
220 101 2
221 101 2
222 101 2
223 101 2
224 101 2
225 101 2
226 101 2
227 101 2
228 101 2
229 101 2
230 101 2
233 101 2
175 102 2
176 102 2
177 102 2
178 102 2
179 102 2
180 102 2
181 102 2
182 102 2
183 102 2
184 102 2
185 102 2
186 102 2
187 102 2
188 102 2
189 102 2
190 102 2
191 102 2
192 102 2
193 102 2
194 102 2
195 102 2
197 102 2
201 102 2
202 102 2
203 102 2
204 102 2
205 102 2
206 102 2
207 102 2
208 102 2
209 102 2
210 102 2
211 102 2
212 102 2
213 102 2
216 102 2
217 102 2
218 102 2
222 102 2
223 102 2
227 102 2
229 102 2
230 102 2
231 102 2
232 102 2
233 102 2
234 102 2
236 102 2
237 102 2
238 102 2
176 103 2
177 103 2
178 103 2
179 103 2
180 103 2
181 103 2
182 103 2
183 103 2
184 103 2
185 103 2
186 103 2
187 103 2
188 103 2
189 103 2
190 103 2
191 103 2
192 103 2
208 103 2
223 103 2
233 103 2
235 103 2
236 103 2
237 103 2
238 103 2
239 103 2
240 103 2
241 103 2
243 103 2
177 104 2
178 104 2
179 104 2
180 104 2
181 104 2
182 104 2
184 104 2
185 104 2
186 104 2
187 104 2
188 104 2
189 104 2
190 104 2
191 104 2
192 104 2
193 104 2
194 104 2
196 104 2
223 104 2
224 104 2
225 104 2
226 104 2
233 104 2
236 104 2
237 104 2
239 104 2
240 104 2
241 104 2
242 104 2
243 104 2
244 104 2
245 104 2
246 104 2
247 104 2
177 105 2
178 105 2
179 105 2
180 105 2
181 105 2
182 105 2
183 105 2
184 105 2
185 105 2
186 105 2
187 105 2
188 105 2
189 105 2
190 105 2
191 105 2
192 105 2
193 105 2
194 105 2
195 105 2
196 105 2
197 105 2
200 105 2
201 105 2
202 105 2
203 105 2
204 105 2
205 105 2
210 105 2
216 105 2
217 105 2
218 105 2
221 105 2
224 105 2
225 105 2
226 105 2
230 105 2
236 105 2
238 105 2
239 105 2
243 105 2
244 105 2
245 105 2
246 105 2
247 105 2
248 105 2
177 106 2
178 106 2
179 106 2
182 106 2
183 106 2
184 106 2
185 106 2
186 106 2
188 106 2
189 106 2
190 106 2
191 106 2
192 106 2
194 106 2
195 106 2
196 106 2
197 106 2
198 106 2
199 106 2
200 106 2
201 106 2
202 106 2
203 106 2
204 106 2
205 106 2
206 106 2
207 106 2
208 106 2
209 106 2
211 106 2
213 106 2
214 106 2
215 106 2
216 106 2
217 106 2
218 106 2
219 106 2
220 106 2
221 106 2
222 106 2
223 106 2
224 106 2
225 106 2
226 106 2
227 106 2
228 106 2
229 106 2
247 106 2
248 106 2
182 107 2
183 107 2
184 107 2
185 107 2
186 107 2
188 107 2
189 107 2
190 107 2
191 107 2
192 107 2
193 107 2
194 107 2
195 107 2
196 107 2
197 107 2
198 107 2
199 107 2
200 107 2
201 107 2
202 107 2
203 107 2
204 107 2
205 107 2
206 107 2
207 107 2
208 107 2
209 107 2
210 107 2
211 107 2
212 107 2
213 107 2
214 107 2
215 107 2
216 107 2
217 107 2
218 107 2
219 107 2
220 107 2
221 107 2
222 107 2
223 107 2
224 107 2
225 107 2
226 107 2
227 107 2
228 107 2
229 107 2
230 107 2
235 107 2
240 107 2
246 107 2
182 108 2
183 108 2
184 108 2
185 108 2
186 108 2
187 108 2
188 108 2
189 108 2
190 108 2
191 108 2
192 108 2
193 108 2
194 108 2
195 108 2
196 108 2
197 108 2
198 108 2
199 108 2
200 108 2
201 108 2
203 108 2
204 108 2
205 108 2
206 108 2
207 108 2
208 108 2
209 108 2
210 108 2
211 108 2
212 108 2
213 108 2
214 108 2
215 108 2
216 108 2
217 108 2
218 108 2
219 108 2
227 108 2
228 108 2
229 108 2
230 108 2
231 108 2
183 109 2
184 109 2
185 109 2
186 109 2
187 109 2
188 109 2
189 109 2
190 109 2
191 109 2
192 109 2
193 109 2
194 109 2
195 109 2
196 109 2
197 109 2
198 109 2
199 109 2
200 109 2
201 109 2
202 109 2
203 109 2
204 109 2
206 109 2
207 109 2
208 109 2
209 109 2
210 109 2
211 109 2
213 109 2
214 109 2
231 109 2
232 109 2
234 109 2
235 109 2
242 109 2
246 109 2
184 110 2
185 110 2
186 110 2
187 110 2
189 110 2
192 110 2
193 110 2
194 110 2
195 110 2
196 110 2
197 110 2
198 110 2
199 110 2
200 110 2
201 110 2
235 110 2
237 110 2
238 110 2
241 110 2
242 110 2
246 110 2
182 111 2
184 111 2
185 111 2
186 111 2
187 111 2
188 111 2
189 111 2
190 111 2
191 111 2
192 111 2
193 111 2
194 111 2
195 111 2
196 111 2
197 111 2
198 111 2
237 111 2
238 111 2
239 111 2
244 111 2
187 112 2
189 112 2
194 112 2
195 112 2
196 112 2
186 113 2
187 113 2
188 113 2
193 113 2
194 113 2
181 114 2
182 114 2
191 114 2
193 114 2
194 114 2
195 114 2
197 114 2
198 114 2
202 114 2
204 114 2
206 114 2
208 114 2
210 114 2
211 114 2
217 114 2
180 115 2
181 115 2
182 115 2
189 115 2
206 115 2
207 115 2
208 115 2
209 115 2
210 115 2
211 115 2
212 115 2
213 115 2
214 115 2
215 115 2
216 115 2
217 115 2
218 115 2
219 115 2
220 115 2
221 115 2
180 116 2
206 116 2
207 116 2
210 116 2
212 116 2
213 116 2
214 116 2
215 116 2
220 116 2
221 116 2
222 116 2
223 116 2
224 116 2
180 117 2
210 117 2
211 117 2
180 118 2
181 118 2
247 122 2
247 123 2
248 125 2
255 107 3
257 108 3
258 108 3
259 108 3
260 108 3
258 109 3
280 110 3
281 110 3
282 111 3
283 111 3
284 112 3
285 112 3
285 113 3
286 113 3
287 113 3
286 114 3
287 114 3
288 114 3
289 114 3
290 114 3
291 114 3
287 115 3
288 115 3
289 115 3
290 115 3
291 115 3
292 115 3
293 115 3
294 115 3
301 115 3
302 115 3
303 115 3
304 115 3
305 115 3
307 115 3
310 115 3
311 115 3
312 115 3
313 115 3
314 115 3
315 115 3
316 115 3
317 115 3
318 115 3
290 116 3
291 116 3
292 116 3
293 116 3
294 116 3
295 116 3
296 116 3
297 116 3
298 116 3
299 116 3
300 116 3
301 116 3
302 116 3
303 116 3
304 116 3
305 116 3
306 116 3
307 116 3
308 116 3
309 116 3
310 116 3
311 116 3
312 116 3
313 116 3
314 116 3
315 116 3
316 116 3
317 116 3
318 116 3
319 116 3
320 116 3
321 116 3
293 117 3
294 117 3
295 117 3
296 117 3
297 117 3
298 117 3
299 117 3
300 117 3
301 117 3
302 117 3
303 117 3
304 117 3
305 117 3
306 117 3
307 117 3
308 117 3
309 117 3
310 117 3
311 117 3
313 117 3
316 117 3
317 117 3
318 117 3
319 117 3
320 117 3
321 117 3
322 117 3
323 117 3
324 117 3
297 118 3
298 118 3
320 118 3
321 118 3
322 118 3
323 118 3
324 118 3
325 118 3
326 118 3
339 118 3
340 118 3
324 119 3
325 119 3
326 119 3
327 119 3
328 119 3
334 119 3
335 119 3
336 119 3
337 119 3
338 119 3
339 119 3
340 119 3
325 120 3
327 120 3
328 120 3
329 120 3
330 120 3
331 120 3
332 120 3
333 120 3
334 120 3
335 120 3
336 120 3
337 120 3
328 121 3
329 121 3
330 121 3
331 121 3
332 121 3
336 121 3
337 121 3
330 122 3
331 122 3
246 123 3
246 124 3
247 124 3
247 125 3
247 126 3
248 126 3
248 127 3
249 127 3
248 128 3
249 128 3
248 129 3
249 129 3
248 130 3
249 130 3
250 130 3
251 130 3
252 130 3
253 130 3
255 130 3
248 131 3
249 131 3
250 131 3
251 131 3
252 131 3
253 131 3
254 131 3
255 131 3
256 131 3
257 131 3
249 132 3
250 132 3
251 132 3
252 132 3
253 132 3
254 132 3
255 132 3
256 132 3
257 132 3
258 132 3
259 132 3
252 133 3
253 133 3
254 133 3
255 133 3
256 133 3
257 133 3
258 133 3
259 133 3
260 133 3
261 133 3
262 133 3
256 134 3
257 134 3
258 134 3
259 134 3
260 134 3
261 134 3
262 134 3
260 135 3
261 135 3
262 135 3
263 135 3
264 135 3
265 135 3
261 136 3
262 136 3
263 136 3
264 136 3
265 136 3
266 136 3
267 136 3
268 136 3
263 137 3
264 137 3
265 137 3
266 137 3
267 137 3
268 137 3
269 137 3
270 137 3
267 138 3
268 138 3
269 138 3
270 138 3
271 138 3
272 138 3
273 138 3
274 138 3
276 138 3
269 139 3
270 139 3
271 139 3
272 139 3
273 139 3
274 139 3
275 139 3
276 139 3
277 139 3
272 140 3
273 140 3
274 140 3
275 140 3
276 140 3
277 140 3
278 140 3
279 140 3
280 140 3
275 141 3
276 141 3
277 141 3
278 141 3
279 141 3
280 141 3
281 141 3
282 141 3
283 141 3
284 141 3
285 141 3
280 142 3
281 142 3
282 142 3
283 142 3
284 142 3
285 142 3
286 142 3
287 142 3
285 143 3
286 143 3
287 143 3
279 142 4
281 142 4
276 143 4
278 143 4
279 143 4
280 143 4
281 143 4
282 143 4
284 143 4
282 144 4
283 144 4
284 144 4
285 144 4
286 144 4
287 144 4
288 144 4
289 144 4
285 145 4
286 145 4
287 145 4
288 145 4
289 145 4
290 145 4
291 145 4
292 145 4
293 145 4
289 146 4
290 146 4
291 146 4
292 146 4
293 146 4
294 146 4
295 146 4
296 146 4
297 146 4
292 147 4
293 147 4
294 147 4
295 147 4
296 147 4
297 147 4
298 147 4
299 147 4
300 147 4
301 147 4
302 147 4
303 147 4
308 147 4
295 148 4
296 148 4
297 148 4
298 148 4
299 148 4
300 148 4
301 148 4
302 148 4
303 148 4
304 148 4
305 148 4
306 148 4
307 148 4
300 149 4
301 149 4
302 149 4
303 149 4
304 149 4
305 149 4
306 149 4
307 149 4
308 149 4
309 149 4
310 149 4
311 149 4
312 149 4
305 150 4
306 150 4
307 150 4
308 150 4
309 150 4
310 150 4
311 150 4
312 150 4
313 150 4
314 150 4
315 150 4
316 150 4
317 150 4
318 150 4
319 150 4
321 150 4
311 151 4
312 151 4
313 151 4
314 151 4
315 151 4
316 151 4
317 151 4
318 151 4
319 151 4
320 151 4
321 151 4
322 151 4
323 151 4
316 152 4
317 152 4
318 152 4
319 152 4
320 152 4
321 152 4
322 152 4
323 152 4
324 152 4
325 152 4
321 153 4
322 153 4
323 153 4
324 153 4
325 153 4
326 153 4
327 153 4
328 153 4
329 153 4
330 153 4
331 153 4
325 154 4
326 154 4
327 154 4
328 154 4
329 154 4
330 154 4
331 154 4
332 154 4
333 154 4
334 154 4
335 154 4
329 155 4
330 155 4
331 155 4
332 155 4
333 155 4
334 155 4
335 155 4
336 155 4
337 155 4
338 155 4
333 156 4
334 156 4
335 156 4
336 156 4
337 156 4
338 156 4
339 156 4
340 156 4
341 156 4
337 157 4
338 157 4
339 157 4
340 157 4
341 157 4
342 157 4
343 157 4
344 157 4
341 158 4
342 158 4
343 158 4
344 158 4
