65 27 0
62 28 0
64 28 0
62 29 0
60 30 0
61 30 0
62 30 0
64 31 0
75 36 0
78 36 0
79 38 0
63 39 0
79 39 0
80 39 0
80 40 0
80 41 0
81 41 0
61 42 0
63 42 0
66 42 0
80 42 0
81 42 0
62 43 0
63 43 0
64 43 0
65 43 0
66 43 0
81 43 0
82 43 0
63 44 0
64 44 0
81 44 0
82 44 0
83 44 0
63 45 0
64 45 0
68 45 0
81 45 0
82 45 0
83 45 0
63 46 0
64 46 0
65 46 0
82 46 0
83 46 0
84 46 0
64 47 0
65 47 0
82 47 0
83 47 0
84 47 0
64 48 0
65 48 0
66 48 0
67 48 0
82 48 0
83 48 0
84 48 0
65 49 0
66 49 0
67 49 0
68 49 0
82 49 0
83 49 0
84 49 0
85 49 0
65 50 0
66 50 0
80 50 0
82 50 0
83 50 0
84 50 0
85 50 0
87 50 0
46 51 0
47 51 0
48 51 0
49 51 0
65 51 0
66 51 0
67 51 0
71 51 0
80 51 0
82 51 0
83 51 0
84 51 0
85 51 0
86 51 0
46 52 0
47 52 0
65 52 0
66 52 0
67 52 0
69 52 0
80 52 0
82 52 0
83 52 0
84 52 0
85 52 0
86 52 0
66 53 0
67 53 0
68 53 0
69 53 0
82 53 0
83 53 0
84 53 0
85 53 0
86 53 0
66 54 0
67 54 0
68 54 0
69 54 0
82 54 0
83 54 0
84 54 0
85 54 0
86 54 0
87 54 0
44 55 0
45 55 0
66 55 0
67 55 0
68 55 0
69 55 0
70 55 0
82 55 0
83 55 0
84 55 0
85 55 0
86 55 0
87 55 0
89 55 0
46 56 0
51 56 0
66 56 0
67 56 0
68 56 0
69 56 0
70 56 0
72 56 0
73 56 0
77 56 0
83 56 0
84 56 0
85 56 0
86 56 0
87 56 0
89 56 0
43 57 0
44 57 0
45 57 0
46 57 0
47 57 0
48 57 0
55 57 0
66 57 0
67 57 0
68 57 0
69 57 0
70 57 0
72 57 0
76 57 0
83 57 0
84 57 0
85 57 0
86 57 0
87 57 0
89 57 0
43 58 0
44 58 0
47 58 0
53 58 0
55 58 0
66 58 0
67 58 0
68 58 0
69 58 0
71 58 0
81 58 0
83 58 0
84 58 0
85 58 0
86 58 0
87 58 0
88 58 0
89 58 0
43 59 0
44 59 0
47 59 0
51 59 0
67 59 0
68 59 0
69 59 0
70 59 0
71 59 0
72 59 0
75 59 0
78 59 0
80 59 0
81 59 0
83 59 0
84 59 0
85 59 0
86 59 0
87 59 0
88 59 0
89 59 0
42 60 0
43 60 0
47 60 0
67 60 0
68 60 0
69 60 0
70 60 0
71 60 0
72 60 0
83 60 0
84 60 0
85 60 0
86 60 0
87 60 0
88 60 0
89 60 0
42 61 0
47 61 0
66 61 0
67 61 0
68 61 0
69 61 0
70 61 0
71 61 0
72 61 0
73 61 0
79 61 0
84 61 0
85 61 0
86 61 0
87 61 0
88 61 0
89 61 0
90 61 0
47 62 0
66 62 0
67 62 0
68 62 0
69 62 0
70 62 0
71 62 0
72 62 0
73 62 0
74 62 0
77 62 0
78 62 0
83 62 0
84 62 0
85 62 0
86 62 0
87 62 0
88 62 0
89 62 0
90 62 0
51 63 0
64 63 0
65 63 0
66 63 0
67 63 0
68 63 0
69 63 0
70 63 0
71 63 0
72 63 0
73 63 0
78 63 0
79 63 0
83 63 0
84 63 0
85 63 0
86 63 0
87 63 0
88 63 0
89 63 0
46 64 0
47 64 0
64 64 0
65 64 0
66 64 0
67 64 0
68 64 0
69 64 0
70 64 0
71 64 0
72 64 0
73 64 0
83 64 0
84 64 0
85 64 0
86 64 0
87 64 0
88 64 0
89 64 0
46 65 0
48 65 0
49 65 0
64 65 0
65 65 0
67 65 0
68 65 0
69 65 0
70 65 0
71 65 0
72 65 0
73 65 0
76 65 0
83 65 0
84 65 0
85 65 0
86 65 0
87 65 0
88 65 0
89 65 0
90 65 0
91 65 0
59 66 0
64 66 0
65 66 0
66 66 0
67 66 0
68 66 0
69 66 0
70 66 0
71 66 0
72 66 0
73 66 0
76 66 0
77 66 0
80 66 0
83 66 0
84 66 0
85 66 0
86 66 0
87 66 0
88 66 0
89 66 0
90 66 0
48 67 0
49 67 0
59 67 0
64 67 0
65 67 0
66 67 0
67 67 0
68 67 0
69 67 0
70 67 0
71 67 0
72 67 0
73 67 0
74 67 0
75 67 0
76 67 0
77 67 0
78 67 0
80 67 0
83 67 0
84 67 0
85 67 0
86 67 0
87 67 0
88 67 0
89 67 0
48 68 0
49 68 0
50 68 0
64 68 0
65 68 0
66 68 0
67 68 0
68 68 0
69 68 0
70 68 0
71 68 0
72 68 0
73 68 0
75 68 0
76 68 0
83 68 0
84 68 0
85 68 0
86 68 0
87 68 0
88 68 0
89 68 0
49 69 0
64 69 0
65 69 0
66 69 0
67 69 0
68 69 0
69 69 0
70 69 0
71 69 0
72 69 0
73 69 0
74 69 0
75 69 0
79 69 0
81 69 0
83 69 0
84 69 0
85 69 0
86 69 0
87 69 0
88 69 0
89 69 0
49 70 0
65 70 0
66 70 0
67 70 0
68 70 0
69 70 0
70 70 0
71 70 0
72 70 0
73 70 0
74 70 0
79 70 0
83 70 0
84 70 0
85 70 0
86 70 0
87 70 0
88 70 0
89 70 0
49 71 0
65 71 0
66 71 0
67 71 0
68 71 0
69 71 0
70 71 0
71 71 0
72 71 0
73 71 0
74 71 0
83 71 0
84 71 0
85 71 0
86 71 0
87 71 0
88 71 0
64 72 0
65 72 0
66 72 0
67 72 0
68 72 0
69 72 0
70 72 0
71 72 0
72 72 0
73 72 0
77 72 0
78 72 0
83 72 0
84 72 0
85 72 0
86 72 0
87 72 0
88 72 0
89 72 0
90 72 0
49 73 0
64 73 0
65 73 0
66 73 0
67 73 0
68 73 0
69 73 0
71 73 0
72 73 0
73 73 0
74 73 0
78 73 0
82 73 0
83 73 0
84 73 0
85 73 0
86 73 0
87 73 0
88 73 0
89 73 0
49 74 0
63 74 0
65 74 0
66 74 0
67 74 0
68 74 0
69 74 0
70 74 0
71 74 0
72 74 0
73 74 0
75 74 0
82 74 0
83 74 0
84 74 0
85 74 0
86 74 0
87 74 0
88 74 0
89 74 0
91 74 0
50 75 0
65 75 0
66 75 0
67 75 0
68 75 0
69 75 0
70 75 0
72 75 0
73 75 0
74 75 0
75 75 0
81 75 0
82 75 0
83 75 0
84 75 0
85 75 0
86 75 0
87 75 0
88 75 0
89 75 0
50 76 0
51 76 0
64 76 0
65 76 0
66 76 0
68 76 0
69 76 0
70 76 0
71 76 0
73 76 0
74 76 0
77 76 0
81 76 0
82 76 0
83 76 0
84 76 0
85 76 0
86 76 0
87 76 0
88 76 0
89 76 0
53 77 0
60 77 0
61 77 0
64 77 0
65 77 0
66 77 0
67 77 0
68 77 0
73 77 0
80 77 0
81 77 0
82 77 0
83 77 0
84 77 0
85 77 0
86 77 0
87 77 0
88 77 0
89 77 0
52 78 0
65 78 0
66 78 0
67 78 0
69 78 0
70 78 0
71 78 0
74 78 0
79 78 0
80 78 0
81 78 0
82 78 0
83 78 0
84 78 0
85 78 0
86 78 0
87 78 0
88 78 0
89 78 0
52 79 0
54 79 0
63 79 0
65 79 0
66 79 0
67 79 0
68 79 0
69 79 0
70 79 0
71 79 0
74 79 0
75 79 0
79 79 0
80 79 0
81 79 0
82 79 0
83 79 0
84 79 0
85 79 0
87 79 0
88 79 0
52 80 0
53 80 0
54 80 0
63 80 0
64 80 0
65 80 0
66 80 0
67 80 0
68 80 0
71 80 0
72 80 0
73 80 0
77 80 0
78 80 0
79 80 0
80 80 0
81 80 0
82 80 0
83 80 0
84 80 0
87 80 0
88 80 0
53 81 0
54 81 0
63 81 0
66 81 0
67 81 0
68 81 0
77 81 0
78 81 0
79 81 0
80 81 0
81 81 0
82 81 0
83 81 0
84 81 0
85 81 0
86 81 0
87 81 0
88 81 0
89 81 0
54 82 0
55 82 0
61 82 0
62 82 0
63 82 0
64 82 0
65 82 0
66 82 0
67 82 0
68 82 0
69 82 0
70 82 0
76 82 0
77 82 0
78 82 0
79 82 0
80 82 0
81 82 0
82 82 0
83 82 0
84 82 0
88 82 0
60 83 0
61 83 0
64 83 0
65 83 0
66 83 0
67 83 0
68 83 0
74 83 0
75 83 0
76 83 0
77 83 0
78 83 0
79 83 0
80 83 0
81 83 0
82 83 0
83 83 0
88 83 0
60 84 0
61 84 0
62 84 0
64 84 0
65 84 0
67 84 0
71 84 0
72 84 0
73 84 0
74 84 0
75 84 0
76 84 0
77 84 0
78 84 0
79 84 0
80 84 0
81 84 0
82 84 0
58 85 0
59 85 0
60 85 0
63 85 0
64 85 0
70 85 0
71 85 0
72 85 0
73 85 0
74 85 0
75 85 0
76 85 0
77 85 0
78 85 0
79 85 0
80 85 0
81 85 0
82 85 0
83 85 0
85 85 0
63 86 0
64 86 0
66 86 0
67 86 0
68 86 0
69 86 0
70 86 0
71 86 0
72 86 0
73 86 0
74 86 0
75 86 0
76 86 0
77 86 0
78 86 0
79 86 0
80 86 0
81 86 0
82 86 0
83 86 0
62 87 0
63 87 0
64 87 0
65 87 0
66 87 0
67 87 0
68 87 0
69 87 0
70 87 0
71 87 0
72 87 0
73 87 0
74 87 0
75 87 0
76 87 0
77 87 0
78 87 0
79 87 0
80 87 0
81 87 0
82 87 0
83 87 0
87 87 0
62 88 0
63 88 0
64 88 0
65 88 0
66 88 0
67 88 0
68 88 0
69 88 0
70 88 0
71 88 0
72 88 0
73 88 0
74 88 0
75 88 0
76 88 0
77 88 0
78 88 0
79 88 0
80 88 0
81 88 0
63 89 0
64 89 0
65 89 0
66 89 0
67 89 0
68 89 0
69 89 0
70 89 0
71 89 0
72 89 0
73 89 0
74 89 0
75 89 0
76 89 0
77 89 0
78 89 0
79 89 0
80 89 0
81 89 0
64 90 0
65 90 0
66 90 0
67 90 0
68 90 0
69 90 0
70 90 0
71 90 0
72 90 0
73 90 0
74 90 0
75 90 0
77 90 0
78 90 0
79 90 0
81 90 0
68 91 0
69 91 0
70 91 0
71 91 0
72 91 0
74 91 0
75 91 0
81 91 0
82 91 0
67 92 0
68 92 0
69 92 0
71 92 0
83 93 0
75 95 0
180 99 1
184 99 1
185 99 1
186 99 1
187 99 1
188 99 1
189 99 1
179 100 1
180 100 1
182 100 1
183 100 1
184 100 1
185 100 1
186 100 1
187 100 1
188 100 1
177 101 1
178 101 1
179 101 1
180 101 1
181 101 1
182 101 1
183 101 1
184 101 1
185 101 1
186 101 1
187 101 1
188 101 1
190 101 1
192 101 1
194 101 1
195 101 1
197 101 1
198 101 1
199 101 1
200 101 1
201 101 1
205 101 1
176 102 1
177 102 1
178 102 1
179 102 1
180 102 1
181 102 1
182 102 1
183 102 1
184 102 1
185 102 1
186 102 1
187 102 1
188 102 1
189 102 1
190 102 1
192 102 1
194 102 1
198 102 1
199 102 1
200 102 1
201 102 1
202 102 1
203 102 1
204 102 1
205 102 1
206 102 1
207 102 1
208 102 1
209 102 1
211 102 1
212 102 1
213 102 1
214 102 1
221 102 1
222 102 1
223 102 1
224 102 1
226 102 1
227 102 1
228 102 1
176 103 1
177 103 1
178 103 1
179 103 1
180 103 1
181 103 1
182 103 1
183 103 1
184 103 1
185 103 1
186 103 1
187 103 1
188 103 1
189 103 1
190 103 1
191 103 1
192 103 1
193 103 1
194 103 1
195 103 1
199 103 1
200 103 1
201 103 1
202 103 1
203 103 1
204 103 1
205 103 1
206 103 1
207 103 1
208 103 1
209 103 1
210 103 1
211 103 1
212 103 1
213 103 1
214 103 1
216 103 1
217 103 1
218 103 1
219 103 1
220 103 1
221 103 1
222 103 1
223 103 1
225 103 1
226 103 1
227 103 1
228 103 1
229 103 1
230 103 1
231 103 1
233 103 1
175 104 1
176 104 1
177 104 1
178 104 1
179 104 1
180 104 1
181 104 1
182 104 1
183 104 1
184 104 1
185 104 1
186 104 1
187 104 1
188 104 1
189 104 1
190 104 1
191 104 1
192 104 1
193 104 1
194 104 1
195 104 1
202 104 1
204 104 1
206 104 1
207 104 1
208 104 1
210 104 1
211 104 1
216 104 1
222 104 1
223 104 1
229 104 1
230 104 1
231 104 1
232 104 1
233 104 1
234 104 1
235 104 1
236 104 1
237 104 1
238 104 1
239 104 1
176 105 1
177 105 1
178 105 1
179 105 1
180 105 1
181 105 1
182 105 1
183 105 1
184 105 1
185 105 1
186 105 1
187 105 1
188 105 1
189 105 1
190 105 1
191 105 1
192 105 1
193 105 1
199 105 1
223 105 1
233 105 1
235 105 1
236 105 1
237 105 1
238 105 1
239 105 1
240 105 1
241 105 1
242 105 1
243 105 1
244 105 1
245 105 1
177 106 1
178 106 1
179 106 1
180 106 1
181 106 1
182 106 1
183 106 1
184 106 1
185 106 1
186 106 1
187 106 1
188 106 1
189 106 1
190 106 1
191 106 1
192 106 1
193 106 1
194 106 1
195 106 1
196 106 1
197 106 1
198 106 1
210 106 1
223 106 1
224 106 1
225 106 1
226 106 1
230 106 1
232 106 1
233 106 1
236 106 1
237 106 1
238 106 1
239 106 1
240 106 1
241 106 1
242 106 1
243 106 1
244 106 1
245 106 1
246 106 1
247 106 1
248 106 1
254 106 1
255 106 1
257 106 1
259 106 1
173 107 1
174 107 1
175 107 1
176 107 1
177 107 1
178 107 1
179 107 1
180 107 1
181 107 1
182 107 1
183 107 1
184 107 1
185 107 1
186 107 1
187 107 1
188 107 1
189 107 1
190 107 1
191 107 1
192 107 1
193 107 1
194 107 1
195 107 1
196 107 1
197 107 1
198 107 1
199 107 1
200 107 1
201 107 1
202 107 1
203 107 1
204 107 1
205 107 1
206 107 1
207 107 1
215 107 1
216 107 1
217 107 1
218 107 1
219 107 1
220 107 1
221 107 1
222 107 1
223 107 1
224 107 1
225 107 1
226 107 1
227 107 1
228 107 1
230 107 1
236 107 1
243 107 1
244 107 1
245 107 1
246 107 1
247 107 1
248 107 1
250 107 1
254 107 1
255 107 1
256 107 1
257 107 1
258 107 1
259 107 1
260 107 1
261 107 1
262 107 1
263 107 1
264 107 1
265 107 1
266 107 1
268 107 1
269 107 1
270 107 1
273 107 1
275 107 1
176 108 1
177 108 1
178 108 1
179 108 1
180 108 1
182 108 1
183 108 1
184 108 1
185 108 1
186 108 1
187 108 1
188 108 1
189 108 1
190 108 1
191 108 1
192 108 1
193 108 1
194 108 1
195 108 1
196 108 1
197 108 1
198 108 1
199 108 1
200 108 1
201 108 1
202 108 1
203 108 1
204 108 1
205 108 1
206 108 1
207 108 1
208 108 1
209 108 1
210 108 1
211 108 1
212 108 1
213 108 1
214 108 1
215 108 1
216 108 1
217 108 1
218 108 1
219 108 1
220 108 1
221 108 1
222 108 1
223 108 1
224 108 1
225 108 1
226 108 1
227 108 1
228 108 1
229 108 1
233 108 1
246 108 1
247 108 1
248 108 1
260 108 1
261 108 1
268 108 1
269 108 1
270 108 1
172 109 1
176 109 1
177 109 1
178 109 1
179 109 1
180 109 1
181 109 1
182 109 1
183 109 1
184 109 1
185 109 1
186 109 1
187 109 1
188 109 1
189 109 1
190 109 1
191 109 1
192 109 1
193 109 1
194 109 1
195 109 1
196 109 1
197 109 1
198 109 1
199 109 1
200 109 1
201 109 1
202 109 1
203 109 1
204 109 1
205 109 1
206 109 1
207 109 1
208 109 1
209 109 1
210 109 1
211 109 1
212 109 1
213 109 1
214 109 1
215 109 1
216 109 1
217 109 1
218 109 1
219 109 1
220 109 1
221 109 1
222 109 1
223 109 1
224 109 1
225 109 1
226 109 1
227 109 1
228 109 1
229 109 1
230 109 1
231 109 1
232 109 1
236 109 1
239 109 1
240 109 1
175 110 1
176 110 1
179 110 1
180 110 1
182 110 1
183 110 1
184 110 1
185 110 1
186 110 1
187 110 1
188 110 1
189 110 1
190 110 1
191 110 1
192 110 1
193 110 1
194 110 1
195 110 1
196 110 1
197 110 1
198 110 1
199 110 1
200 110 1
201 110 1
202 110 1
203 110 1
204 110 1
205 110 1
206 110 1
207 110 1
208 110 1
209 110 1
210 110 1
211 110 1
212 110 1
213 110 1
214 110 1
215 110 1
216 110 1
217 110 1
218 110 1
220 110 1
227 110 1
228 110 1
229 110 1
231 110 1
232 110 1
234 110 1
245 110 1
246 110 1
182 111 1
183 111 1
184 111 1
185 111 1
186 111 1
187 111 1
188 111 1
189 111 1
190 111 1
191 111 1
192 111 1
193 111 1
194 111 1
195 111 1
196 111 1
197 111 1
198 111 1
199 111 1
200 111 1
201 111 1
202 111 1
203 111 1
204 111 1
207 111 1
208 111 1
209 111 1
210 111 1
213 111 1
214 111 1
231 111 1
233 111 1
234 111 1
235 111 1
237 111 1
241 111 1
242 111 1
243 111 1
246 111 1
173 112 1
182 112 1
183 112 1
184 112 1
185 112 1
186 112 1
187 112 1
188 112 1
189 112 1
190 112 1
191 112 1
192 112 1
193 112 1
194 112 1
195 112 1
196 112 1
197 112 1
198 112 1
199 112 1
200 112 1
201 112 1
202 112 1
205 112 1
206 112 1
210 112 1
235 112 1
236 112 1
237 112 1
238 112 1
239 112 1
240 112 1
241 112 1
242 112 1
243 112 1
244 112 1
246 112 1
182 113 1
183 113 1
184 113 1
185 113 1
186 113 1
187 113 1
188 113 1
189 113 1
190 113 1
191 113 1
192 113 1
193 113 1
194 113 1
195 113 1
196 113 1
197 113 1
198 113 1
237 113 1
238 113 1
239 113 1
240 113 1
244 113 1
182 114 1
183 114 1
184 114 1
185 114 1
186 114 1
187 114 1
189 114 1
190 114 1
191 114 1
192 114 1
193 114 1
194 114 1
195 114 1
196 114 1
242 114 1
243 114 1
182 115 1
183 115 1
184 115 1
185 115 1
186 115 1
187 115 1
188 115 1
189 115 1
190 115 1
191 115 1
192 115 1
193 115 1
194 115 1
195 115 1
196 115 1
197 115 1
198 115 1
202 115 1
204 115 1
208 115 1
217 115 1
218 115 1
181 116 1
182 116 1
183 116 1
191 116 1
193 116 1
194 116 1
195 116 1
197 116 1
202 116 1
204 116 1
206 116 1
208 116 1
210 116 1
211 116 1
213 116 1
214 116 1
217 116 1
220 116 1
180 117 1
189 117 1
190 117 1
206 117 1
207 117 1
208 117 1
209 117 1
210 117 1
212 117 1
213 117 1
214 117 1
215 117 1
216 117 1
217 117 1
218 117 1
219 117 1
220 117 1
221 117 1
222 117 1
223 117 1
180 118 1
190 118 1
206 118 1
210 118 1
211 118 1
212 118 1
214 118 1
219 118 1
220 118 1
221 118 1
222 118 1
223 118 1
224 118 1
180 119 1
210 119 1
211 119 1
213 119 1
180 120 1
210 120 1
245 122 1
246 122 1
246 123 1
247 123 1
246 124 1
247 124 1
248 124 1
247 125 1
248 126 1
247 127 1
248 127 1
247 128 1
248 128 1
249 128 1
250 128 1
248 129 1
249 129 1
250 129 1
251 129 1
252 129 1
253 129 1
254 129 1
255 129 1
256 129 1
248 130 1
249 130 1
250 130 1
251 130 1
252 130 1
253 130 1
254 130 1
255 130 1
256 130 1
257 130 1
258 130 1
251 131 1
252 131 1
253 131 1
254 131 1
255 131 1
256 131 1
257 131 1
258 131 1
259 131 1
260 131 1
257 132 1
258 132 1
259 132 1
260 132 1
261 132 1
259 133 1
260 133 1
260 134 1
261 134 1
262 134 1
261 135 1
262 135 1
262 136 1
280 143 2
283 143 2
276 144 2
278 144 2
280 144 2
281 144 2
282 144 2
283 144 2
286 144 2
279 145 2
281 145 2
283 145 2
284 145 2
285 145 2
286 145 2
287 145 2
288 145 2
289 145 2
290 145 2
283 146 2
284 146 2
285 146 2
286 146 2
287 146 2
288 146 2
289 146 2
290 146 2
291 146 2
292 146 2
293 146 2
294 146 2
295 146 2
290 147 2
291 147 2
292 147 2
293 147 2
294 147 2
295 147 2
296 147 2
297 147 2
298 147 2
299 147 2
300 147 2
301 147 2
292 148 2
293 148 2
294 148 2
295 148 2
296 148 2
297 148 2
298 148 2
299 148 2
300 148 2
301 148 2
302 148 2
303 148 2
304 148 2
305 148 2
309 148 2
310 148 2
297 149 2
298 149 2
299 149 2
300 149 2
301 149 2
302 149 2
303 149 2
304 149 2
305 149 2
306 149 2
307 149 2
308 149 2
309 149 2
311 149 2
301 150 2
302 150 2
303 150 2
304 150 2
305 150 2
306 150 2
307 150 2
308 150 2
309 150 2
310 150 2
311 150 2
312 150 2
313 150 2
314 150 2
315 150 2
306 151 2
307 151 2
308 151 2
309 151 2
310 151 2
311 151 2
312 151 2
313 151 2
314 151 2
315 151 2
316 151 2
317 151 2
318 151 2
319 151 2
320 151 2
321 151 2
322 151 2
313 152 2
314 152 2
315 152 2
316 152 2
317 152 2
318 152 2
319 152 2
320 152 2
321 152 2
322 152 2
323 152 2
324 152 2
325 152 2
318 153 2
319 153 2
320 153 2
321 153 2
322 153 2
323 153 2
324 153 2
325 153 2
326 153 2
327 153 2
322 154 2
323 154 2
324 154 2
325 154 2
326 154 2
327 154 2
328 154 2
329 154 2
330 154 2
331 154 2
332 154 2
326 155 2
327 155 2
328 155 2
329 155 2
330 155 2
331 155 2
332 155 2
333 155 2
334 155 2
335 155 2
336 155 2
331 156 2
332 156 2
333 156 2
334 156 2
335 156 2
336 156 2
337 156 2
338 156 2
340 156 2
334 157 2
335 157 2
336 157 2
337 157 2
338 157 2
339 157 2
340 157 2
341 157 2
342 157 2
343 157 2
338 158 2
339 158 2
340 158 2
341 158 2
342 158 2
343 158 2
344 158 2
344 159 2
278 111 3
280 112 3
281 112 3
282 112 3
283 112 3
280 113 3
281 113 3
282 113 3
283 113 3
284 113 3
284 114 3
285 114 3
286 114 3
286 115 3
287 115 3
288 115 3
286 116 3
287 116 3
288 116 3
289 116 3
290 116 3
291 116 3
292 116 3
293 116 3
315 116 3
288 117 3
289 117 3
290 117 3
291 117 3
292 117 3
293 117 3
294 117 3
295 117 3
298 117 3
299 117 3
300 117 3
301 117 3
302 117 3
303 117 3
304 117 3
305 117 3
306 117 3
307 117 3
308 117 3
309 117 3
310 117 3
311 117 3
312 117 3
313 117 3
314 117 3
315 117 3
316 117 3
317 117 3
318 117 3
319 117 3
291 118 3
292 118 3
293 118 3
294 118 3
295 118 3
296 118 3
297 118 3
298 118 3
299 118 3
300 118 3
301 118 3
302 118 3
303 118 3
304 118 3
305 118 3
306 118 3
307 118 3
308 118 3
309 118 3
310 118 3
311 118 3
312 118 3
313 118 3
314 118 3
315 118 3
316 118 3
317 118 3
318 118 3
319 118 3
320 118 3
321 118 3
322 118 3
323 118 3
293 119 3
294 119 3
295 119 3
296 119 3
297 119 3
298 119 3
299 119 3
300 119 3
303 119 3
304 119 3
305 119 3
306 119 3
307 119 3
318 119 3
319 119 3
320 119 3
321 119 3
322 119 3
323 119 3
324 119 3
325 119 3
326 119 3
321 120 3
322 120 3
323 120 3
324 120 3
325 120 3
326 120 3
327 120 3
338 120 3
339 120 3
340 120 3
341 120 3
324 121 3
325 121 3
326 121 3
327 121 3
328 121 3
329 121 3
332 121 3
333 121 3
334 121 3
335 121 3
336 121 3
337 121 3
338 121 3
339 121 3
327 122 3
328 122 3
329 122 3
330 122 3
331 122 3
332 122 3
333 122 3
334 122 3
335 122 3
336 122 3
337 122 3
328 123 3
329 123 3
330 123 3
331 123 3
262 136 3
262 137 3
263 137 3
264 137 3
265 137 3
266 137 3
267 137 3
261 138 3
262 138 3
263 138 3
264 138 3
265 138 3
266 138 3
267 138 3
268 138 3
269 138 3
263 139 3
264 139 3
265 139 3
266 139 3
267 139 3
268 139 3
269 139 3
270 139 3
271 139 3
274 139 3
267 140 3
269 140 3
270 140 3
271 140 3
272 140 3
273 140 3
274 140 3
275 140 3
276 140 3
270 141 3
271 141 3
272 141 3
273 141 3
274 141 3
275 141 3
276 141 3
277 141 3
273 142 3
274 142 3
275 142 3
276 142 3
277 142 3
278 142 3
279 142 3
280 142 3
281 142 3
282 142 3
278 143 3
279 143 3
280 143 3
281 143 3
282 143 3
283 143 3
284 143 3
285 143 3
286 143 3
283 144 3
284 144 3
285 144 3
286 144 3
287 144 3
288 144 3
286 145 3
39 24 4
40 24 4
41 24 4
42 24 4
44 24 4
38 25 4
39 25 4
40 25 4
41 25 4
42 25 4
43 25 4
44 25 4
45 25 4
37 26 4
38 26 4
39 26 4
40 26 4
41 26 4
42 26 4
43 26 4
44 26 4
36 27 4
37 27 4
38 27 4
39 27 4
40 27 4
41 27 4
42 27 4
43 27 4
44 27 4
36 28 4
37 28 4
38 28 4
39 28 4
40 28 4
41 28 4
42 28 4
36 29 4
37 29 4
38 29 4
39 29 4
40 29 4
41 29 4
42 29 4
35 30 4
36 30 4
37 30 4
38 30 4
39 30 4
40 30 4
41 30 4
42 30 4
43 30 4
35 31 4
36 31 4
37 31 4
38 31 4
39 31 4
41 31 4
42 31 4
43 31 4
49 31 4
35 32 4
36 32 4
37 32 4
38 32 4
39 32 4
40 32 4
41 32 4
42 32 4
48 32 4
35 33 4
36 33 4
37 33 4
38 33 4
39 33 4
40 33 4
41 33 4
49 33 4
50 33 4
34 34 4
35 34 4
36 34 4
37 34 4
38 34 4
39 34 4
40 34 4
41 34 4
42 34 4
43 34 4
47 34 4
48 34 4
49 34 4
50 34 4
34 35 4
35 35 4
36 35 4
37 35 4
38 35 4
39 35 4
40 35 4
41 35 4
47 35 4
48 35 4
49 35 4
50 35 4
33 36 4
34 36 4
35 36 4
36 36 4
37 36 4
38 36 4
39 36 4
40 36 4
43 36 4
48 36 4
49 36 4
50 36 4
33 37 4
34 37 4
35 37 4
36 37 4
37 37 4
38 37 4
39 37 4
48 37 4
49 37 4
33 38 4
34 38 4
35 38 4
36 38 4
37 38 4
38 38 4
40 38 4
41 38 4
47 38 4
48 38 4
32 39 4
33 39 4
34 39 4
35 39 4
36 39 4
37 39 4
38 39 4
47 39 4
48 39 4
31 40 4
32 40 4
33 40 4
34 40 4
35 40 4
36 40 4
42 40 4
45 40 4
46 40 4
47 40 4
31 41 4
32 41 4
33 41 4
34 41 4
35 41 4
36 41 4
39 41 4
43 41 4
44 41 4
45 41 4
46 41 4
31 42 4
32 42 4
33 42 4
34 42 4
35 42 4
36 42 4
37 42 4
43 42 4
44 42 4
45 42 4
30 43 4
31 43 4
32 43 4
33 43 4
35 43 4
38 43 4
42 43 4
43 43 4
44 43 4
45 43 4
30 44 4
31 44 4
32 44 4
33 44 4
34 44 4
35 44 4
42 44 4
43 44 4
30 45 4
32 45 4
33 45 4
34 45 4
41 45 4
42 45 4
43 45 4
30 46 4
31 46 4
32 46 4
33 46 4
34 46 4
41 46 4
42 46 4
30 47 4
31 47 4
32 47 4
33 47 4
42 47 4
30 48 4
31 48 4
32 48 4
33 48 4
42 48 4
45 48 4
30 49 4
31 49 4
32 49 4
33 49 4
42 49 4
30 50 4
31 50 4
32 50 4
33 50 4
43 50 4
31 51 4
32 51 4
33 51 4
31 52 4
32 52 4
31 53 4
32 53 4
31 54 4
32 54 4
31 55 4
32 55 4
31 56 4
32 56 4
32 57 4
33 57 4
33 58 4
34 58 4
34 59 4
