3 130 0
14 131 0
7 132 0
8 132 0
14 132 0
6 133 0
10 133 0
11 133 0
12 133 0
13 133 0
18 133 0
19 133 0
20 133 0
2 134 0
4 134 0
5 134 0
14 134 0
15 134 0
17 134 0
22 134 0
2 135 0
4 135 0
9 135 0
10 135 0
14 135 0
2 136 0
4 136 0
5 136 0
6 136 0
13 136 0
14 136 0
2 137 0
3 137 0
4 137 0
12 137 0
13 137 0
1 138 0
2 138 0
4 138 0
14 138 0
15 138 0
9 139 0
18 139 0
23 139 0
2 140 0
8 140 0
15 140 0
17 140 0
23 140 0
12 141 0
8 142 0
14 142 0
16 142 0
17 142 0
7 143 0
9 143 0
14 143 0
6 144 0
9 144 0
18 150 0
