182 142 0
189 142 0
181 143 0
175 144 0
199 144 0
203 144 0
174 145 0
203 145 0
205 145 0
186 146 0
206 146 0
207 146 0
171 147 0
175 147 0
181 147 0
182 147 0
206 147 0
175 148 0
177 148 0
178 148 0
207 148 0
173 149 0
174 149 0
175 149 0
177 149 0
206 149 0
169 150 0
171 150 0
172 150 0
173 150 0
174 150 0
176 150 0
206 150 0
167 151 0
168 151 0
169 151 0
171 151 0
172 151 0
173 151 0
174 151 0
176 151 0
177 151 0
179 151 0
187 151 0
189 151 0
201 151 0
209 151 0
167 152 0
168 152 0
169 152 0
170 152 0
171 152 0
172 152 0
174 152 0
179 152 0
181 152 0
182 152 0
183 152 0
184 152 0
186 152 0
187 152 0
189 152 0
191 152 0
192 152 0
167 153 0
168 153 0
169 153 0
171 153 0
172 153 0
173 153 0
174 153 0
175 153 0
178 153 0
179 153 0
180 153 0
181 153 0
182 153 0
184 153 0
189 153 0
190 153 0
210 153 0
211 153 0
212 153 0
167 154 0
168 154 0
169 154 0
170 154 0
171 154 0
172 154 0
173 154 0
174 154 0
175 154 0
178 154 0
179 154 0
188 154 0
189 154 0
195 154 0
212 154 0
165 155 0
166 155 0
167 155 0
168 155 0
169 155 0
171 155 0
174 155 0
178 155 0
179 155 0
200 155 0
164 156 0
165 156 0
166 156 0
167 156 0
168 156 0
169 156 0
173 156 0
179 156 0
198 156 0
204 156 0
206 156 0
207 156 0
164 157 0
165 157 0
166 157 0
167 157 0
168 157 0
169 157 0
170 157 0
173 157 0
199 157 0
200 157 0
204 157 0
211 157 0
162 158 0
163 158 0
164 158 0
165 158 0
166 158 0
168 158 0
169 158 0
170 158 0
171 158 0
173 158 0
179 158 0
180 158 0
184 158 0
185 158 0
195 158 0
204 158 0
163 159 0
164 159 0
165 159 0
166 159 0
168 159 0
169 159 0
170 159 0
171 159 0
173 159 0
200 159 0
201 159 0
202 159 0
203 159 0
204 159 0
212 159 0
218 159 0
162 160 0
163 160 0
164 160 0
165 160 0
166 160 0
167 160 0
169 160 0
180 160 0
186 160 0
187 160 0
203 160 0
204 160 0
205 160 0
212 160 0
219 160 0
162 161 0
163 161 0
164 161 0
165 161 0
173 161 0
176 161 0
181 161 0
184 161 0
206 161 0
207 161 0
208 161 0
209 161 0
215 161 0
219 161 0
220 161 0
161 162 0
162 162 0
163 162 0
164 162 0
165 162 0
170 162 0
184 162 0
207 162 0
214 162 0
216 162 0
219 162 0
220 162 0
161 163 0
162 163 0
163 163 0
165 163 0
167 163 0
172 163 0
173 163 0
174 163 0
175 163 0
182 163 0
211 163 0
212 163 0
217 163 0
219 163 0
220 163 0
225 163 0
160 164 0
161 164 0
162 164 0
163 164 0
164 164 0
165 164 0
172 164 0
175 164 0
176 164 0
221 164 0
222 164 0
223 164 0
160 165 0
161 165 0
162 165 0
164 165 0
165 165 0
171 165 0
175 165 0
221 165 0
222 165 0
223 165 0
224 165 0
159 166 0
160 166 0
161 166 0
162 166 0
163 166 0
164 166 0
165 166 0
174 166 0
221 166 0
222 166 0
223 166 0
224 166 0
159 167 0
160 167 0
161 167 0
162 167 0
163 167 0
165 167 0
167 167 0
168 167 0
174 167 0
221 167 0
222 167 0
223 167 0
159 168 0
160 168 0
161 168 0
165 168 0
167 168 0
168 168 0
177 168 0
222 168 0
223 168 0
224 168 0
226 168 0
159 169 0
160 169 0
161 169 0
162 169 0
164 169 0
165 169 0
175 169 0
176 169 0
223 169 0
224 169 0
225 169 0
226 169 0
158 170 0
159 170 0
160 170 0
161 170 0
162 170 0
163 170 0
165 170 0
173 170 0
174 170 0
223 170 0
224 170 0
225 170 0
226 170 0
158 171 0
159 171 0
160 171 0
161 171 0
162 171 0
163 171 0
166 171 0
167 171 0
168 171 0
171 171 0
173 171 0
174 171 0
224 171 0
225 171 0
226 171 0
227 171 0
158 172 0
159 172 0
160 172 0
161 172 0
162 172 0
168 172 0
169 172 0
170 172 0
224 172 0
225 172 0
226 172 0
227 172 0
158 173 0
159 173 0
160 173 0
161 173 0
162 173 0
168 173 0
224 173 0
225 173 0
226 173 0
158 174 0
159 174 0
160 174 0
161 174 0
162 174 0
163 174 0
166 174 0
167 174 0
225 174 0
158 175 0
159 175 0
160 175 0
161 175 0
163 175 0
164 175 0
172 175 0
175 175 0
225 175 0
158 176 0
159 176 0
160 176 0
161 176 0
162 176 0
163 176 0
164 176 0
226 176 0
158 177 0
159 177 0
160 177 0
161 177 0
162 177 0
163 177 0
164 177 0
226 177 0
227 177 0
229 177 0
158 178 0
159 178 0
160 178 0
161 178 0
162 178 0
163 178 0
164 178 0
226 178 0
158 179 0
159 179 0
160 179 0
161 179 0
162 179 0
158 180 0
159 180 0
160 180 0
161 180 0
162 180 0
158 181 0
159 181 0
160 181 0
161 181 0
162 181 0
164 181 0
179 181 0
158 182 0
159 182 0
160 182 0
161 182 0
162 182 0
163 182 0
164 182 0
165 182 0
166 182 0
167 182 0
179 182 0
158 183 0
159 183 0
160 183 0
161 183 0
162 183 0
165 183 0
182 183 0
158 184 0
159 184 0
160 184 0
161 184 0
162 184 0
163 184 0
164 184 0
165 184 0
180 184 0
181 184 0
158 185 0
159 185 0
160 185 0
161 185 0
162 185 0
163 185 0
178 185 0
179 185 0
180 185 0
181 185 0
158 186 0
159 186 0
160 186 0
161 186 0
163 186 0
167 186 0
178 186 0
179 186 0
180 186 0
184 186 0
158 187 0
159 187 0
160 187 0
161 187 0
162 187 0
163 187 0
165 187 0
177 187 0
179 187 0
180 187 0
157 188 0
158 188 0
159 188 0
160 188 0
161 188 0
162 188 0
164 188 0
178 188 0
179 188 0
180 188 0
181 188 0
157 189 0
158 189 0
159 189 0
160 189 0
161 189 0
164 189 0
166 189 0
176 189 0
178 189 0
179 189 0
180 189 0
181 189 0
157 190 0
158 190 0
159 190 0
160 190 0
161 190 0
162 190 0
163 190 0
165 190 0
177 190 0
178 190 0
179 190 0
180 190 0
181 190 0
185 190 0
158 191 0
159 191 0
160 191 0
161 191 0
162 191 0
167 191 0
168 191 0
177 191 0
178 191 0
179 191 0
180 191 0
181 191 0
182 191 0
157 192 0
158 192 0
159 192 0
160 192 0
161 192 0
163 192 0
164 192 0
165 192 0
171 192 0
177 192 0
178 192 0
179 192 0
180 192 0
181 192 0
182 192 0
159 193 0
160 193 0
161 193 0
163 193 0
164 193 0
165 193 0
177 193 0
178 193 0
179 193 0
180 193 0
181 193 0
182 193 0
159 194 0
160 194 0
161 194 0
162 194 0
163 194 0
177 194 0
178 194 0
179 194 0
180 194 0
181 194 0
184 194 0
159 195 0
160 195 0
161 195 0
162 195 0
163 195 0
164 195 0
177 195 0
178 195 0
179 195 0
180 195 0
181 195 0
187 195 0
159 196 0
160 196 0
161 196 0
162 196 0
163 196 0
177 196 0
178 196 0
179 196 0
180 196 0
181 196 0
183 196 0
160 197 0
161 197 0
162 197 0
163 197 0
164 197 0
177 197 0
178 197 0
179 197 0
180 197 0
181 197 0
182 197 0
160 198 0
161 198 0
162 198 0
163 198 0
177 198 0
178 198 0
179 198 0
180 198 0
181 198 0
182 198 0
160 199 0
161 199 0
162 199 0
163 199 0
164 199 0
177 199 0
178 199 0
179 199 0
180 199 0
181 199 0
182 199 0
160 200 0
161 200 0
162 200 0
163 200 0
176 200 0
177 200 0
178 200 0
179 200 0
180 200 0
181 200 0
185 200 0
161 201 0
162 201 0
163 201 0
164 201 0
176 201 0
177 201 0
178 201 0
179 201 0
180 201 0
181 201 0
161 202 0
162 202 0
163 202 0
164 202 0
176 202 0
177 202 0
178 202 0
179 202 0
180 202 0
162 203 0
163 203 0
164 203 0
165 203 0
177 203 0
179 203 0
180 203 0
162 204 0
163 204 0
164 204 0
165 204 0
177 204 0
178 204 0
179 204 0
180 204 0
181 204 0
164 205 0
165 205 0
178 205 0
179 205 0
180 205 0
181 205 0
182 205 0
183 205 0
184 205 0
186 205 0
162 206 0
163 206 0
164 206 0
165 206 0
178 206 0
179 206 0
180 206 0
165 207 0
175 207 0
177 207 0
178 207 0
179 207 0
180 207 0
166 208 0
175 208 0
177 208 0
179 208 0
180 208 0
181 208 0
182 208 0
165 209 0
166 209 0
174 209 0
175 209 0
176 209 0
177 209 0
178 209 0
179 209 0
165 210 0
166 210 0
182 210 0
187 210 0
168 211 0
183 211 0
166 212 0
167 212 0
170 213 0
168 214 0
182 172 1
184 172 1
182 173 1
181 174 1
182 174 1
183 174 1
181 175 1
181 176 1
183 176 1
200 176 1
204 176 1
182 177 1
183 177 1
184 177 1
187 177 1
190 177 1
203 177 1
204 177 1
205 177 1
206 177 1
180 178 1
181 178 1
182 178 1
183 178 1
204 178 1
205 178 1
206 178 1
208 178 1
181 179 1
182 179 1
183 179 1
187 179 1
192 179 1
204 179 1
205 179 1
206 179 1
207 179 1
208 179 1
182 180 1
183 180 1
205 180 1
206 180 1
207 180 1
208 180 1
209 180 1
182 181 1
183 181 1
184 181 1
187 181 1
188 181 1
189 181 1
191 181 1
205 181 1
206 181 1
207 181 1
208 181 1
209 181 1
210 181 1
231 181 1
232 181 1
233 181 1
182 182 1
183 182 1
184 182 1
186 182 1
187 182 1
189 182 1
191 182 1
206 182 1
207 182 1
208 182 1
209 182 1
210 182 1
236 182 1
181 183 1
182 183 1
183 183 1
184 183 1
206 183 1
207 183 1
208 183 1
209 183 1
210 183 1
232 183 1
233 183 1
234 183 1
235 183 1
181 184 1
182 184 1
183 184 1
185 184 1
192 184 1
207 184 1
208 184 1
209 184 1
210 184 1
211 184 1
232 184 1
233 184 1
234 184 1
235 184 1
237 184 1
181 185 1
182 185 1
183 185 1
185 185 1
186 185 1
188 185 1
189 185 1
190 185 1
207 185 1
208 185 1
209 185 1
210 185 1
211 185 1
212 185 1
214 185 1
232 185 1
233 185 1
234 185 1
183 186 1
185 186 1
186 186 1
188 186 1
189 186 1
190 186 1
208 186 1
209 186 1
210 186 1
211 186 1
212 186 1
232 186 1
233 186 1
234 186 1
236 186 1
183 187 1
184 187 1
185 187 1
186 187 1
187 187 1
188 187 1
209 187 1
210 187 1
211 187 1
212 187 1
214 187 1
232 187 1
233 187 1
234 187 1
183 188 1
184 188 1
185 188 1
186 188 1
187 188 1
188 188 1
209 188 1
210 188 1
211 188 1
212 188 1
213 188 1
214 188 1
215 188 1
232 188 1
233 188 1
234 188 1
235 188 1
238 188 1
240 188 1
183 189 1
184 189 1
185 189 1
210 189 1
211 189 1
212 189 1
213 189 1
214 189 1
217 189 1
232 189 1
233 189 1
234 189 1
235 189 1
236 189 1
238 189 1
243 189 1
184 190 1
185 190 1
188 190 1
210 190 1
211 190 1
212 190 1
213 190 1
214 190 1
232 190 1
233 190 1
234 190 1
235 190 1
236 190 1
237 190 1
238 190 1
239 190 1
241 190 1
184 191 1
185 191 1
186 191 1
187 191 1
211 191 1
212 191 1
213 191 1
214 191 1
215 191 1
217 191 1
232 191 1
233 191 1
234 191 1
235 191 1
236 191 1
237 191 1
238 191 1
239 191 1
240 191 1
242 191 1
183 192 1
184 192 1
185 192 1
186 192 1
187 192 1
211 192 1
212 192 1
213 192 1
214 192 1
215 192 1
216 192 1
217 192 1
232 192 1
233 192 1
234 192 1
235 192 1
236 192 1
237 192 1
239 192 1
240 192 1
241 192 1
183 193 1
184 193 1
185 193 1
186 193 1
190 193 1
211 193 1
212 193 1
213 193 1
214 193 1
215 193 1
216 193 1
217 193 1
218 193 1
232 193 1
233 193 1
234 193 1
235 193 1
236 193 1
237 193 1
238 193 1
241 193 1
184 194 1
185 194 1
187 194 1
188 194 1
192 194 1
211 194 1
212 194 1
213 194 1
214 194 1
215 194 1
216 194 1
217 194 1
218 194 1
232 194 1
233 194 1
234 194 1
235 194 1
236 194 1
237 194 1
238 194 1
239 194 1
240 194 1
183 195 1
184 195 1
185 195 1
186 195 1
187 195 1
188 195 1
189 195 1
192 195 1
211 195 1
212 195 1
213 195 1
214 195 1
215 195 1
216 195 1
217 195 1
218 195 1
232 195 1
233 195 1
234 195 1
235 195 1
236 195 1
237 195 1
238 195 1
240 195 1
241 195 1
242 195 1
243 195 1
184 196 1
185 196 1
188 196 1
189 196 1
191 196 1
211 196 1
212 196 1
213 196 1
214 196 1
215 196 1
216 196 1
217 196 1
218 196 1
231 196 1
232 196 1
233 196 1
234 196 1
235 196 1
236 196 1
237 196 1
239 196 1
241 196 1
242 196 1
243 196 1
184 197 1
185 197 1
186 197 1
187 197 1
188 197 1
212 197 1
213 197 1
214 197 1
215 197 1
216 197 1
217 197 1
218 197 1
231 197 1
232 197 1
233 197 1
234 197 1
235 197 1
236 197 1
237 197 1
238 197 1
239 197 1
240 197 1
241 197 1
184 198 1
185 198 1
187 198 1
191 198 1
192 198 1
212 198 1
213 198 1
214 198 1
215 198 1
216 198 1
217 198 1
218 198 1
219 198 1
231 198 1
232 198 1
233 198 1
234 198 1
235 198 1
236 198 1
237 198 1
238 198 1
239 198 1
240 198 1
241 198 1
242 198 1
185 199 1
186 199 1
192 199 1
212 199 1
213 199 1
214 199 1
215 199 1
216 199 1
217 199 1
218 199 1
219 199 1
220 199 1
221 199 1
230 199 1
231 199 1
232 199 1
233 199 1
234 199 1
235 199 1
236 199 1
237 199 1
238 199 1
239 199 1
240 199 1
241 199 1
185 200 1
186 200 1
212 200 1
213 200 1
214 200 1
215 200 1
216 200 1
217 200 1
218 200 1
219 200 1
220 200 1
230 200 1
231 200 1
232 200 1
233 200 1
234 200 1
235 200 1
236 200 1
237 200 1
238 200 1
239 200 1
240 200 1
243 200 1
185 201 1
212 201 1
213 201 1
214 201 1
215 201 1
216 201 1
217 201 1
218 201 1
219 201 1
220 201 1
223 201 1
229 201 1
230 201 1
231 201 1
232 201 1
233 201 1
234 201 1
235 201 1
236 201 1
237 201 1
238 201 1
239 201 1
240 201 1
243 201 1
193 202 1
212 202 1
213 202 1
214 202 1
215 202 1
216 202 1
217 202 1
218 202 1
219 202 1
220 202 1
228 202 1
229 202 1
230 202 1
231 202 1
232 202 1
233 202 1
234 202 1
235 202 1
236 202 1
237 202 1
238 202 1
239 202 1
240 202 1
241 202 1
243 202 1
244 202 1
213 203 1
214 203 1
215 203 1
218 203 1
226 203 1
227 203 1
228 203 1
229 203 1
230 203 1
231 203 1
232 203 1
233 203 1
234 203 1
235 203 1
236 203 1
237 203 1
238 203 1
240 203 1
241 203 1
242 203 1
213 204 1
214 204 1
215 204 1
221 204 1
222 204 1
223 204 1
224 204 1
225 204 1
226 204 1
227 204 1
228 204 1
229 204 1
230 204 1
231 204 1
232 204 1
233 204 1
234 204 1
235 204 1
236 204 1
237 204 1
238 204 1
240 204 1
193 205 1
213 205 1
214 205 1
215 205 1
219 205 1
220 205 1
221 205 1
222 205 1
223 205 1
224 205 1
225 205 1
226 205 1
227 205 1
228 205 1
229 205 1
230 205 1
231 205 1
232 205 1
233 205 1
234 205 1
235 205 1
236 205 1
237 205 1
214 206 1
215 206 1
216 206 1
218 206 1
219 206 1
222 206 1
223 206 1
226 206 1
227 206 1
228 206 1
229 206 1
230 206 1
231 206 1
232 206 1
234 206 1
235 206 1
236 206 1
237 206 1
238 206 1
241 206 1
214 207 1
215 207 1
216 207 1
219 207 1
220 207 1
224 207 1
225 207 1
228 207 1
229 207 1
231 207 1
232 207 1
233 207 1
235 207 1
237 207 1
242 207 1
215 208 1
216 208 1
218 208 1
219 208 1
220 208 1
233 208 1
216 209 1
217 209 1
218 209 1
219 209 1
221 209 1
222 209 1
223 209 1
216 210 1
218 210 1
219 210 1
215 211 1
216 211 1
218 211 1
223 213 1
285 141 2
286 141 2
287 141 2
288 141 2
289 141 2
282 142 2
283 142 2
284 142 2
285 142 2
286 142 2
287 142 2
288 142 2
289 142 2
290 142 2
291 142 2
292 142 2
275 143 2
277 143 2
278 143 2
279 143 2
280 143 2
282 143 2
283 143 2
284 143 2
285 143 2
286 143 2
287 143 2
292 143 2
293 143 2
294 143 2
295 143 2
296 143 2
297 143 2
299 143 2
300 143 2
279 144 2
280 144 2
282 144 2
283 144 2
284 144 2
285 144 2
286 144 2
287 144 2
298 144 2
299 144 2
300 144 2
301 144 2
302 144 2
303 144 2
304 144 2
305 144 2
306 144 2
307 144 2
308 144 2
310 144 2
332 144 2
280 145 2
282 145 2
286 145 2
287 145 2
298 145 2
299 145 2
300 145 2
301 145 2
302 145 2
303 145 2
304 145 2
305 145 2
306 145 2
307 145 2
308 145 2
309 145 2
310 145 2
311 145 2
312 145 2
313 145 2
314 145 2
315 145 2
325 145 2
326 145 2
327 145 2
328 145 2
329 145 2
330 145 2
331 145 2
332 145 2
279 146 2
286 146 2
300 146 2
301 146 2
302 146 2
303 146 2
304 146 2
305 146 2
306 146 2
307 146 2
308 146 2
309 146 2
310 146 2
311 146 2
312 146 2
313 146 2
314 146 2
315 146 2
316 146 2
319 146 2
320 146 2
321 146 2
322 146 2
323 146 2
324 146 2
325 146 2
326 146 2
327 146 2
328 146 2
329 146 2
330 146 2
331 146 2
332 146 2
335 146 2
341 146 2
342 146 2
343 146 2
344 146 2
297 147 2
307 147 2
308 147 2
309 147 2
310 147 2
311 147 2
312 147 2
313 147 2
314 147 2
315 147 2
316 147 2
317 147 2
318 147 2
319 147 2
320 147 2
321 147 2
322 147 2
323 147 2
324 147 2
325 147 2
326 147 2
335 147 2
338 147 2
341 147 2
342 147 2
343 147 2
344 147 2
310 148 2
311 148 2
314 148 2
318 148 2
319 148 2
320 148 2
322 148 2
338 148 2
339 148 2
341 148 2
285 149 2
314 149 2
315 149 2
318 149 2
321 149 2
318 150 2
289 160 2
277 169 2
280 169 2
281 169 2
282 169 2
283 169 2
282 170 2
283 170 2
284 170 2
285 170 2
286 170 2
284 171 2
285 171 2
286 171 2
287 171 2
288 171 2
287 172 2
288 172 2
289 172 2
290 172 2
291 172 2
292 172 2
293 172 2
298 172 2
289 173 2
290 173 2
291 173 2
292 173 2
293 173 2
294 173 2
295 173 2
296 173 2
297 173 2
298 173 2
299 173 2
300 173 2
301 173 2
303 173 2
292 174 2
293 174 2
294 174 2
295 174 2
296 174 2
297 174 2
298 174 2
299 174 2
300 174 2
301 174 2
302 174 2
303 174 2
304 174 2
305 174 2
306 174 2
308 174 2
302 175 2
303 175 2
304 175 2
305 175 2
306 175 2
307 175 2
308 175 2
309 175 2
310 175 2
311 175 2
312 175 2
313 175 2
314 175 2
315 175 2
316 175 2
317 175 2
305 176 2
306 176 2
307 176 2
308 176 2
309 176 2
310 176 2
311 176 2
312 176 2
313 176 2
314 176 2
315 176 2
316 176 2
317 176 2
318 176 2
319 176 2
320 176 2
321 176 2
322 176 2
323 176 2
324 176 2
325 176 2
326 176 2
328 176 2
303 177 2
309 177 2
310 177 2
312 177 2
313 177 2
314 177 2
315 177 2
316 177 2
317 177 2
318 177 2
319 177 2
320 177 2
321 177 2
322 177 2
323 177 2
324 177 2
325 177 2
326 177 2
327 177 2
328 177 2
329 177 2
330 177 2
331 177 2
334 177 2
314 178 2
315 178 2
317 178 2
318 178 2
321 178 2
322 178 2
323 178 2
324 178 2
325 178 2
326 178 2
327 178 2
328 178 2
329 178 2
330 178 2
331 178 2
332 178 2
333 178 2
334 178 2
335 178 2
337 178 2
340 178 2
316 179 2
327 179 2
328 179 2
331 179 2
332 179 2
333 179 2
334 179 2
335 179 2
336 179 2
337 179 2
339 179 2
340 179 2
342 179 2
343 179 2
324 180 2
331 180 2
332 180 2
333 180 2
335 180 2
338 180 2
339 180 2
341 180 2
343 180 2
215 142 3
216 142 3
217 142 3
217 143 3
218 143 3
220 143 3
218 144 3
219 144 3
220 144 3
221 144 3
222 144 3
223 144 3
221 145 3
222 145 3
223 145 3
224 145 3
225 145 3
226 145 3
227 145 3
225 146 3
226 146 3
227 146 3
228 146 3
229 146 3
230 146 3
231 146 3
232 146 3
219 147 3
228 147 3
229 147 3
230 147 3
231 147 3
232 147 3
233 147 3
234 147 3
235 147 3
236 147 3
237 147 3
238 147 3
275 147 3
276 147 3
219 148 3
220 148 3
221 148 3
222 148 3
228 148 3
230 148 3
231 148 3
232 148 3
233 148 3
234 148 3
235 148 3
236 148 3
237 148 3
238 148 3
239 148 3
240 148 3
241 148 3
242 148 3
243 148 3
244 148 3
245 148 3
246 148 3
247 148 3
248 148 3
249 148 3
250 148 3
251 148 3
252 148 3
253 148 3
254 148 3
255 148 3
256 148 3
257 148 3
258 148 3
259 148 3
260 148 3
261 148 3
262 148 3
263 148 3
264 148 3
265 148 3
266 148 3
276 148 3
277 148 3
222 149 3
230 149 3
231 149 3
234 149 3
235 149 3
236 149 3
237 149 3
238 149 3
239 149 3
240 149 3
241 149 3
242 149 3
243 149 3
244 149 3
245 149 3
246 149 3
247 149 3
248 149 3
249 149 3
250 149 3
251 149 3
252 149 3
253 149 3
254 149 3
255 149 3
256 149 3
257 149 3
258 149 3
259 149 3
260 149 3
261 149 3
262 149 3
263 149 3
264 149 3
265 149 3
266 149 3
268 149 3
273 149 3
275 149 3
276 149 3
223 150 3
237 150 3
238 150 3
239 150 3
241 150 3
242 150 3
243 150 3
244 150 3
245 150 3
246 150 3
247 150 3
248 150 3
249 150 3
250 150 3
251 150 3
253 150 3
254 150 3
255 150 3
256 150 3
257 150 3
258 150 3
259 150 3
260 150 3
267 150 3
268 150 3
275 150 3
276 150 3
277 150 3
245 151 3
253 151 3
256 151 3
260 151 3
262 151 3
263 151 3
264 151 3
266 151 3
267 151 3
268 151 3
269 151 3
270 151 3
271 151 3
272 151 3
273 151 3
275 151 3
276 151 3
218 152 3
219 152 3
224 152 3
225 152 3
266 152 3
267 152 3
268 152 3
269 152 3
270 152 3
271 152 3
273 152 3
274 152 3
275 152 3
215 153 3
216 153 3
217 153 3
219 153 3
223 153 3
224 153 3
225 153 3
229 153 3
230 153 3
265 153 3
266 153 3
267 153 3
268 153 3
269 153 3
270 153 3
224 154 3
225 154 3
226 154 3
227 154 3
228 154 3
229 154 3
230 154 3
231 154 3
232 154 3
238 154 3
239 154 3
265 154 3
266 154 3
267 154 3
268 154 3
269 154 3
219 155 3
225 155 3
226 155 3
227 155 3
228 155 3
229 155 3
230 155 3
231 155 3
232 155 3
233 155 3
234 155 3
235 155 3
236 155 3
237 155 3
238 155 3
239 155 3
240 155 3
241 155 3
242 155 3
243 155 3
265 155 3
266 155 3
267 155 3
268 155 3
217 156 3
222 156 3
223 156 3
226 156 3
227 156 3
228 156 3
229 156 3
230 156 3
231 156 3
232 156 3
233 156 3
234 156 3
235 156 3
236 156 3
237 156 3
238 156 3
239 156 3
240 156 3
241 156 3
242 156 3
243 156 3
244 156 3
245 156 3
246 156 3
247 156 3
264 156 3
265 156 3
266 156 3
267 156 3
268 156 3
219 157 3
221 157 3
222 157 3
223 157 3
224 157 3
226 157 3
227 157 3
228 157 3
229 157 3
230 157 3
231 157 3
232 157 3
233 157 3
234 157 3
235 157 3
236 157 3
237 157 3
238 157 3
239 157 3
240 157 3
241 157 3
242 157 3
243 157 3
244 157 3
245 157 3
246 157 3
247 157 3
248 157 3
249 157 3
264 157 3
265 157 3
266 157 3
267 157 3
268 157 3
269 157 3
219 158 3
221 158 3
222 158 3
223 158 3
227 158 3
229 158 3
230 158 3
234 158 3
235 158 3
236 158 3
237 158 3
238 158 3
239 158 3
240 158 3
242 158 3
243 158 3
244 158 3
245 158 3
246 158 3
247 158 3
248 158 3
249 158 3
250 158 3
264 158 3
265 158 3
266 158 3
267 158 3
219 159 3
220 159 3
229 159 3
232 159 3
233 159 3
239 159 3
247 159 3
248 159 3
249 159 3
250 159 3
251 159 3
252 159 3
253 159 3
254 159 3
257 159 3
258 159 3
262 159 3
263 159 3
264 159 3
265 159 3
266 159 3
267 159 3
228 160 3
237 160 3
248 160 3
249 160 3
250 160 3
251 160 3
252 160 3
253 160 3
254 160 3
256 160 3
257 160 3
258 160 3
262 160 3
263 160 3
264 160 3
265 160 3
266 160 3
267 160 3
279 160 3
222 161 3
223 161 3
250 161 3
252 161 3
253 161 3
255 161 3
256 161 3
257 161 3
258 161 3
259 161 3
260 161 3
261 161 3
263 161 3
264 161 3
265 161 3
266 161 3
267 161 3
268 161 3
269 161 3
275 161 3
276 161 3
262 162 3
264 162 3
265 162 3
266 162 3
267 162 3
270 162 3
271 162 3
273 162 3
278 162 3
222 163 3
223 163 3
225 163 3
230 163 3
231 163 3
232 163 3
233 163 3
234 163 3
261 163 3
265 163 3
266 163 3
267 163 3
270 163 3
271 163 3
221 164 3
222 164 3
223 164 3
224 164 3
225 164 3
226 164 3
228 164 3
229 164 3
230 164 3
235 164 3
236 164 3
238 164 3
245 164 3
256 164 3
259 164 3
260 164 3
264 164 3
266 164 3
270 164 3
274 164 3
223 165 3
224 165 3
225 165 3
226 165 3
227 165 3
228 165 3
229 165 3
230 165 3
236 165 3
237 165 3
238 165 3
255 165 3
256 165 3
261 165 3
262 165 3
264 165 3
265 165 3
224 166 3
225 166 3
226 166 3
227 166 3
233 166 3
239 166 3
241 166 3
242 166 3
248 166 3
258 166 3
259 166 3
260 166 3
261 166 3
262 166 3
225 167 3
226 167 3
228 167 3
229 167 3
254 167 3
258 167 3
260 167 3
261 167 3
262 168 3
265 168 3
277 170 3
275 171 3
276 172 3
280 175 3
