188 144 0
201 147 0
141 157 0
142 157 0
141 160 0
142 160 0
143 160 0
140 161 0
141 161 0
142 161 0
141 163 0
143 163 0
140 164 0
143 164 0
144 164 0
140 165 0
144 165 0
166 165 0
169 165 0
140 166 0
141 166 0
143 166 0
141 167 0
142 167 0
143 167 0
141 168 0
143 168 0
144 168 0
165 168 0
166 168 0
169 168 0
141 169 0
143 169 0
144 169 0
164 169 0
165 169 0
166 169 0
167 169 0
168 169 0
141 170 0
142 170 0
143 170 0
144 170 0
164 170 0
141 171 0
142 171 0
143 171 0
144 171 0
161 171 0
163 171 0
164 171 0
165 171 0
166 171 0
207 171 0
142 172 0
143 172 0
144 172 0
145 172 0
149 172 0
158 172 0
161 172 0
162 172 0
163 172 0
164 172 0
165 172 0
166 172 0
167 172 0
168 172 0
171 172 0
185 172 0
142 173 0
143 173 0
144 173 0
161 173 0
162 173 0
163 173 0
164 173 0
165 173 0
166 173 0
167 173 0
168 173 0
169 173 0
185 173 0
187 173 0
190 173 0
208 173 0
142 174 0
143 174 0
160 174 0
161 174 0
162 174 0
163 174 0
164 174 0
165 174 0
166 174 0
168 174 0
186 174 0
187 174 0
208 174 0
142 175 0
143 175 0
144 175 0
147 175 0
154 175 0
160 175 0
161 175 0
162 175 0
163 175 0
164 175 0
165 175 0
166 175 0
167 175 0
168 175 0
169 175 0
186 175 0
187 175 0
192 175 0
142 176 0
143 176 0
144 176 0
145 176 0
146 176 0
160 176 0
161 176 0
162 176 0
163 176 0
164 176 0
165 176 0
166 176 0
186 176 0
187 176 0
188 176 0
208 176 0
209 176 0
142 177 0
143 177 0
146 177 0
147 177 0
160 177 0
161 177 0
162 177 0
163 177 0
164 177 0
165 177 0
166 177 0
167 177 0
186 177 0
187 177 0
188 177 0
189 177 0
190 177 0
208 177 0
209 177 0
210 177 0
142 178 0
160 178 0
161 178 0
162 178 0
163 178 0
164 178 0
165 178 0
166 178 0
167 178 0
186 178 0
187 178 0
188 178 0
189 178 0
190 178 0
208 178 0
209 178 0
210 178 0
216 178 0
159 179 0
160 179 0
161 179 0
162 179 0
163 179 0
165 179 0
166 179 0
169 179 0
170 179 0
172 179 0
187 179 0
188 179 0
189 179 0
190 179 0
191 179 0
192 179 0
193 179 0
208 179 0
209 179 0
210 179 0
211 179 0
150 180 0
158 180 0
159 180 0
160 180 0
162 180 0
163 180 0
164 180 0
165 180 0
187 180 0
188 180 0
189 180 0
190 180 0
191 180 0
192 180 0
208 180 0
209 180 0
210 180 0
212 180 0
214 180 0
215 180 0
142 181 0
158 181 0
159 181 0
160 181 0
162 181 0
163 181 0
164 181 0
165 181 0
166 181 0
167 181 0
168 181 0
187 181 0
188 181 0
189 181 0
190 181 0
191 181 0
192 181 0
208 181 0
209 181 0
210 181 0
211 181 0
212 181 0
156 182 0
158 182 0
159 182 0
160 182 0
163 182 0
165 182 0
187 182 0
188 182 0
189 182 0
190 182 0
191 182 0
192 182 0
193 182 0
197 182 0
208 182 0
209 182 0
210 182 0
211 182 0
212 182 0
213 182 0
159 183 0
160 183 0
162 183 0
163 183 0
164 183 0
165 183 0
170 183 0
187 183 0
188 183 0
189 183 0
190 183 0
191 183 0
192 183 0
208 183 0
209 183 0
210 183 0
211 183 0
212 183 0
213 183 0
214 183 0
218 183 0
158 184 0
159 184 0
164 184 0
167 184 0
168 184 0
169 184 0
187 184 0
188 184 0
189 184 0
190 184 0
191 184 0
192 184 0
193 184 0
194 184 0
195 184 0
207 184 0
208 184 0
209 184 0
210 184 0
211 184 0
212 184 0
213 184 0
214 184 0
158 185 0
170 185 0
187 185 0
188 185 0
189 185 0
190 185 0
191 185 0
192 185 0
194 185 0
195 185 0
207 185 0
208 185 0
209 185 0
210 185 0
211 185 0
215 185 0
146 186 0
158 186 0
166 186 0
170 186 0
187 186 0
188 186 0
189 186 0
190 186 0
191 186 0
207 186 0
208 186 0
209 186 0
210 186 0
211 186 0
213 186 0
214 186 0
215 186 0
187 187 0
188 187 0
189 187 0
190 187 0
191 187 0
194 187 0
196 187 0
197 187 0
206 187 0
207 187 0
208 187 0
209 187 0
210 187 0
211 187 0
212 187 0
214 187 0
216 187 0
187 188 0
188 188 0
189 188 0
190 188 0
191 188 0
192 188 0
193 188 0
194 188 0
199 188 0
200 188 0
206 188 0
207 188 0
208 188 0
209 188 0
210 188 0
211 188 0
212 188 0
214 188 0
216 188 0
221 188 0
166 189 0
187 189 0
188 189 0
189 189 0
190 189 0
191 189 0
192 189 0
193 189 0
194 189 0
205 189 0
206 189 0
207 189 0
208 189 0
209 189 0
210 189 0
211 189 0
212 189 0
214 189 0
222 189 0
161 190 0
163 190 0
187 190 0
188 190 0
189 190 0
190 190 0
191 190 0
192 190 0
193 190 0
194 190 0
199 190 0
204 190 0
205 190 0
206 190 0
207 190 0
208 190 0
209 190 0
210 190 0
211 190 0
212 190 0
213 190 0
214 190 0
217 190 0
219 190 0
160 191 0
187 191 0
188 191 0
189 191 0
190 191 0
191 191 0
192 191 0
193 191 0
194 191 0
195 191 0
196 191 0
197 191 0
204 191 0
205 191 0
206 191 0
207 191 0
208 191 0
209 191 0
210 191 0
211 191 0
213 191 0
215 191 0
217 191 0
220 191 0
158 192 0
161 192 0
188 192 0
189 192 0
190 192 0
191 192 0
192 192 0
193 192 0
194 192 0
195 192 0
196 192 0
197 192 0
198 192 0
199 192 0
201 192 0
202 192 0
203 192 0
204 192 0
205 192 0
206 192 0
207 192 0
208 192 0
209 192 0
210 192 0
211 192 0
212 192 0
215 192 0
220 192 0
188 193 0
189 193 0
190 193 0
191 193 0
192 193 0
193 193 0
194 193 0
196 193 0
197 193 0
198 193 0
199 193 0
200 193 0
201 193 0
202 193 0
203 193 0
204 193 0
205 193 0
206 193 0
207 193 0
208 193 0
209 193 0
210 193 0
211 193 0
212 193 0
213 193 0
216 193 0
217 193 0
189 194 0
190 194 0
191 194 0
192 194 0
194 194 0
196 194 0
197 194 0
198 194 0
199 194 0
200 194 0
201 194 0
202 194 0
203 194 0
204 194 0
205 194 0
206 194 0
207 194 0
208 194 0
209 194 0
210 194 0
211 194 0
212 194 0
213 194 0
216 194 0
217 194 0
218 194 0
219 194 0
166 195 0
190 195 0
191 195 0
192 195 0
194 195 0
195 195 0
197 195 0
198 195 0
199 195 0
200 195 0
201 195 0
202 195 0
203 195 0
204 195 0
205 195 0
206 195 0
207 195 0
208 195 0
209 195 0
210 195 0
211 195 0
212 195 0
213 195 0
214 195 0
216 195 0
218 195 0
220 195 0
190 196 0
191 196 0
192 196 0
193 196 0
196 196 0
197 196 0
198 196 0
199 196 0
200 196 0
201 196 0
202 196 0
203 196 0
204 196 0
205 196 0
206 196 0
207 196 0
208 196 0
209 196 0
210 196 0
211 196 0
212 196 0
213 196 0
214 196 0
216 196 0
220 196 0
169 197 0
191 197 0
192 197 0
195 197 0
196 197 0
197 197 0
198 197 0
199 197 0
200 197 0
201 197 0
202 197 0
203 197 0
204 197 0
206 197 0
207 197 0
208 197 0
209 197 0
210 197 0
211 197 0
213 197 0
214 197 0
215 197 0
194 198 0
195 198 0
196 198 0
197 198 0
198 198 0
199 198 0
200 198 0
201 198 0
202 198 0
203 198 0
204 198 0
206 198 0
207 198 0
208 198 0
209 198 0
210 198 0
213 198 0
214 198 0
216 198 0
194 199 0
195 199 0
197 199 0
198 199 0
199 199 0
200 199 0
201 199 0
202 199 0
203 199 0
206 199 0
207 199 0
208 199 0
209 199 0
194 200 0
201 200 0
202 200 0
203 200 0
211 200 0
204 201 0
201 202 0
165 124 1
166 124 1
167 124 1
162 125 1
163 125 1
164 125 1
165 125 1
166 125 1
167 125 1
168 125 1
169 125 1
170 125 1
171 125 1
172 125 1
173 125 1
174 125 1
176 125 1
160 126 1
161 126 1
162 126 1
163 126 1
164 126 1
165 126 1
166 126 1
167 126 1
168 126 1
169 126 1
170 126 1
171 126 1
172 126 1
173 126 1
174 126 1
175 126 1
176 126 1
177 126 1
178 126 1
158 127 1
159 127 1
160 127 1
161 127 1
162 127 1
163 127 1
164 127 1
165 127 1
166 127 1
168 127 1
169 127 1
170 127 1
171 127 1
172 127 1
173 127 1
174 127 1
175 127 1
176 127 1
178 127 1
179 127 1
180 127 1
156 128 1
157 128 1
158 128 1
159 128 1
160 128 1
161 128 1
162 128 1
166 128 1
167 128 1
168 128 1
170 128 1
171 128 1
173 128 1
176 128 1
178 128 1
179 128 1
180 128 1
181 128 1
182 128 1
155 129 1
156 129 1
157 129 1
158 129 1
159 129 1
160 129 1
161 129 1
164 129 1
166 129 1
167 129 1
168 129 1
178 129 1
179 129 1
180 129 1
181 129 1
182 129 1
183 129 1
184 129 1
185 129 1
154 130 1
155 130 1
156 130 1
157 130 1
158 130 1
159 130 1
160 130 1
161 130 1
162 130 1
163 130 1
164 130 1
165 130 1
166 130 1
167 130 1
168 130 1
169 130 1
170 130 1
182 130 1
183 130 1
184 130 1
185 130 1
186 130 1
187 130 1
188 130 1
152 131 1
153 131 1
154 131 1
155 131 1
156 131 1
157 131 1
158 131 1
159 131 1
160 131 1
161 131 1
162 131 1
163 131 1
164 131 1
165 131 1
166 131 1
167 131 1
168 131 1
169 131 1
170 131 1
171 131 1
173 131 1
174 131 1
175 131 1
176 131 1
186 131 1
187 131 1
188 131 1
151 132 1
152 132 1
153 132 1
154 132 1
155 132 1
156 132 1
158 132 1
159 132 1
160 132 1
161 132 1
162 132 1
163 132 1
164 132 1
165 132 1
166 132 1
167 132 1
168 132 1
169 132 1
170 132 1
171 132 1
173 132 1
174 132 1
175 132 1
176 132 1
179 132 1
181 132 1
188 132 1
189 132 1
151 133 1
152 133 1
153 133 1
154 133 1
155 133 1
156 133 1
158 133 1
159 133 1
160 133 1
163 133 1
164 133 1
165 133 1
166 133 1
173 133 1
176 133 1
179 133 1
181 133 1
182 133 1
150 134 1
151 134 1
152 134 1
153 134 1
154 134 1
155 134 1
156 134 1
158 134 1
159 134 1
160 134 1
161 134 1
164 134 1
165 134 1
166 134 1
170 134 1
171 134 1
174 134 1
180 134 1
190 134 1
149 135 1
150 135 1
151 135 1
152 135 1
153 135 1
154 135 1
155 135 1
156 135 1
157 135 1
158 135 1
159 135 1
160 135 1
164 135 1
165 135 1
166 135 1
168 135 1
170 135 1
171 135 1
179 135 1
148 136 1
149 136 1
150 136 1
151 136 1
152 136 1
153 136 1
154 136 1
155 136 1
156 136 1
157 136 1
158 136 1
159 136 1
160 136 1
162 136 1
164 136 1
165 136 1
166 136 1
177 136 1
182 136 1
148 137 1
149 137 1
150 137 1
151 137 1
152 137 1
153 137 1
154 137 1
155 137 1
156 137 1
157 137 1
159 137 1
160 137 1
161 137 1
162 137 1
164 137 1
165 137 1
166 137 1
185 137 1
147 138 1
148 138 1
149 138 1
150 138 1
151 138 1
152 138 1
153 138 1
154 138 1
155 138 1
156 138 1
157 138 1
158 138 1
159 138 1
160 138 1
165 138 1
170 138 1
181 138 1
187 138 1
146 139 1
147 139 1
148 139 1
149 139 1
150 139 1
151 139 1
152 139 1
153 139 1
154 139 1
155 139 1
156 139 1
157 139 1
158 139 1
160 139 1
161 139 1
165 139 1
181 139 1
145 140 1
146 140 1
147 140 1
148 140 1
149 140 1
150 140 1
151 140 1
152 140 1
153 140 1
154 140 1
155 140 1
156 140 1
157 140 1
158 140 1
159 140 1
160 140 1
197 140 1
198 140 1
145 141 1
146 141 1
147 141 1
148 141 1
149 141 1
150 141 1
151 141 1
152 141 1
153 141 1
154 141 1
156 141 1
170 141 1
144 142 1
145 142 1
146 142 1
147 142 1
148 142 1
149 142 1
150 142 1
151 142 1
152 142 1
153 142 1
160 142 1
163 142 1
144 143 1
145 143 1
146 143 1
147 143 1
148 143 1
149 143 1
151 143 1
152 143 1
153 143 1
155 143 1
156 143 1
159 143 1
160 143 1
144 144 1
145 144 1
146 144 1
147 144 1
148 144 1
149 144 1
150 144 1
152 144 1
153 144 1
158 144 1
159 144 1
160 144 1
161 144 1
163 144 1
143 145 1
144 145 1
145 145 1
146 145 1
147 145 1
149 145 1
151 145 1
152 145 1
155 145 1
157 145 1
158 145 1
159 145 1
160 145 1
168 145 1
169 145 1
170 145 1
171 145 1
172 145 1
173 145 1
143 146 1
144 146 1
145 146 1
146 146 1
147 146 1
148 146 1
149 146 1
152 146 1
153 146 1
168 146 1
169 146 1
170 146 1
171 146 1
172 146 1
142 147 1
143 147 1
144 147 1
145 147 1
146 147 1
147 147 1
148 147 1
149 147 1
151 147 1
155 147 1
158 147 1
168 147 1
169 147 1
170 147 1
171 147 1
172 147 1
173 147 1
142 148 1
143 148 1
144 148 1
145 148 1
146 148 1
147 148 1
148 148 1
150 148 1
152 148 1
156 148 1
166 148 1
167 148 1
168 148 1
169 148 1
170 148 1
142 149 1
143 149 1
144 149 1
145 149 1
146 149 1
147 149 1
152 149 1
156 149 1
167 149 1
168 149 1
174 149 1
142 150 1
143 150 1
144 150 1
145 150 1
146 150 1
147 150 1
156 150 1
166 150 1
167 150 1
168 150 1
170 150 1
171 150 1
142 151 1
143 151 1
144 151 1
145 151 1
170 151 1
142 152 1
143 152 1
144 152 1
145 152 1
146 152 1
141 153 1
142 153 1
143 153 1
144 153 1
145 153 1
164 153 1
141 154 1
142 154 1
143 154 1
144 154 1
146 154 1
163 154 1
164 154 1
141 155 1
142 155 1
143 155 1
144 155 1
146 155 1
163 155 1
164 155 1
141 156 1
142 156 1
143 156 1
144 156 1
163 156 1
164 156 1
140 157 1
141 157 1
142 157 1
143 157 1
144 157 1
163 157 1
164 157 1
140 158 1
141 158 1
142 158 1
143 158 1
146 158 1
182 158 1
140 159 1
141 159 1
142 159 1
143 159 1
145 159 1
146 159 1
156 159 1
166 159 1
140 160 1
141 160 1
142 160 1
156 160 1
140 161 1
141 161 1
142 161 1
146 161 1
163 161 1
139 162 1
140 162 1
141 162 1
142 162 1
139 163 1
140 163 1
141 163 1
162 163 1
139 164 1
140 164 1
141 164 1
163 164 1
139 165 1
140 165 1
141 165 1
139 166 1
140 166 1
141 166 1
139 167 1
140 167 1
141 167 1
138 168 1
139 168 1
140 168 1
144 168 1
138 169 1
139 169 1
140 169 1
157 169 1
159 169 1
138 170 1
139 170 1
140 170 1
148 170 1
138 171 1
139 171 1
142 171 1
146 171 1
148 171 1
157 171 1
139 172 1
147 172 1
150 172 1
157 172 1
139 173 1
147 173 1
150 173 1
151 173 1
154 174 1
155 174 1
150 176 1
151 176 1
155 176 1
149 177 1
150 177 1
151 177 1
152 177 1
153 177 1
149 178 1
150 178 1
156 178 1
157 178 1
149 179 1
150 179 1
155 179 1
149 180 1
287 134 2
288 134 2
289 134 2
290 134 2
291 134 2
292 134 2
293 134 2
284 135 2
285 135 2
286 135 2
287 135 2
288 135 2
289 135 2
290 135 2
291 135 2
292 135 2
293 135 2
294 135 2
295 135 2
296 135 2
284 136 2
285 136 2
286 136 2
289 136 2
290 136 2
291 136 2
292 136 2
293 136 2
294 136 2
295 136 2
296 136 2
297 136 2
298 136 2
299 136 2
284 137 2
285 137 2
292 137 2
293 137 2
294 137 2
295 137 2
296 137 2
297 137 2
298 137 2
299 137 2
300 137 2
301 137 2
302 137 2
303 137 2
296 138 2
298 138 2
299 138 2
300 138 2
301 138 2
302 138 2
303 138 2
304 138 2
305 138 2
306 138 2
307 138 2
308 138 2
309 138 2
310 138 2
311 138 2
299 139 2
300 139 2
302 139 2
303 139 2
304 139 2
305 139 2
306 139 2
307 139 2
308 139 2
309 139 2
310 139 2
311 139 2
312 139 2
313 139 2
314 139 2
315 139 2
320 139 2
321 139 2
322 139 2
323 139 2
324 139 2
326 139 2
327 139 2
328 139 2
302 140 2
303 140 2
304 140 2
305 140 2
306 140 2
307 140 2
308 140 2
309 140 2
310 140 2
311 140 2
312 140 2
313 140 2
314 140 2
315 140 2
316 140 2
317 140 2
318 140 2
319 140 2
320 140 2
321 140 2
322 140 2
323 140 2
324 140 2
325 140 2
326 140 2
327 140 2
328 140 2
329 140 2
330 140 2
331 140 2
332 140 2
343 140 2
308 141 2
309 141 2
310 141 2
311 141 2
312 141 2
313 141 2
314 141 2
315 141 2
316 141 2
317 141 2
318 141 2
319 141 2
320 141 2
321 141 2
322 141 2
323 141 2
324 141 2
325 141 2
326 141 2
327 141 2
328 141 2
329 141 2
330 141 2
331 141 2
332 141 2
333 141 2
340 141 2
341 141 2
342 141 2
343 141 2
344 141 2
312 142 2
313 142 2
314 142 2
316 142 2
317 142 2
318 142 2
319 142 2
320 142 2
321 142 2
322 142 2
323 142 2
324 142 2
325 142 2
327 142 2
329 142 2
330 142 2
331 142 2
332 142 2
333 142 2
334 142 2
340 142 2
341 142 2
342 142 2
343 142 2
315 143 2
316 143 2
333 143 2
334 143 2
335 143 2
336 143 2
337 143 2
338 143 2
339 143 2
340 143 2
341 143 2
342 143 2
316 144 2
336 144 2
337 144 2
338 144 2
339 144 2
340 144 2
341 144 2
342 144 2
343 144 2
315 145 2
337 145 2
338 145 2
339 145 2
340 145 2
341 145 2
342 145 2
343 145 2
342 149 2
281 163 2
283 163 2
283 164 2
285 164 2
287 164 2
285 165 2
286 165 2
287 165 2
288 165 2
289 165 2
290 165 2
291 165 2
289 166 2
290 166 2
291 166 2
292 166 2
293 166 2
294 166 2
295 166 2
296 166 2
297 166 2
298 166 2
295 167 2
296 167 2
297 167 2
298 167 2
299 167 2
300 167 2
301 167 2
302 167 2
298 168 2
300 168 2
301 168 2
302 168 2
303 168 2
304 168 2
305 168 2
306 168 2
307 168 2
308 168 2
309 168 2
303 169 2
304 169 2
305 169 2
306 169 2
307 169 2
308 169 2
309 169 2
310 169 2
311 169 2
312 169 2
313 169 2
314 169 2
315 169 2
316 169 2
317 169 2
307 170 2
308 170 2
309 170 2
310 170 2
311 170 2
312 170 2
313 170 2
314 170 2
315 170 2
316 170 2
317 170 2
318 170 2
319 170 2
320 170 2
321 170 2
322 170 2
323 170 2
324 170 2
325 170 2
315 171 2
316 171 2
317 171 2
318 171 2
319 171 2
320 171 2
321 171 2
322 171 2
323 171 2
324 171 2
325 171 2
326 171 2
327 171 2
328 171 2
329 171 2
322 172 2
323 172 2
324 172 2
325 172 2
326 172 2
327 172 2
328 172 2
329 172 2
330 172 2
331 172 2
332 172 2
333 172 2
334 172 2
325 173 2
327 173 2
328 173 2
329 173 2
330 173 2
331 173 2
332 173 2
333 173 2
334 173 2
335 173 2
336 173 2
337 173 2
338 173 2
339 173 2
340 173 2
341 173 2
342 173 2
343 173 2
332 174 2
333 174 2
334 174 2
335 174 2
336 174 2
337 174 2
338 174 2
339 174 2
340 174 2
341 174 2
342 174 2
343 174 2
338 175 2
339 175 2
341 175 2
342 175 2
343 175 2
212 127 3
213 127 3
214 127 3
213 128 3
214 128 3
215 128 3
216 128 3
208 129 3
215 129 3
216 129 3
217 129 3
215 130 3
217 130 3
218 130 3
219 130 3
220 130 3
221 130 3
212 131 3
218 131 3
219 131 3
220 131 3
221 131 3
222 131 3
223 131 3
224 131 3
220 132 3
221 132 3
222 132 3
223 132 3
224 132 3
225 132 3
226 132 3
227 132 3
228 132 3
229 132 3
223 133 3
224 133 3
225 133 3
226 133 3
227 133 3
228 133 3
229 133 3
230 133 3
231 133 3
232 133 3
226 134 3
227 134 3
228 134 3
229 134 3
230 134 3
231 134 3
232 134 3
233 134 3
234 134 3
235 134 3
236 134 3
237 134 3
238 134 3
239 134 3
240 134 3
248 134 3
215 135 3
216 135 3
217 135 3
230 135 3
231 135 3
232 135 3
233 135 3
234 135 3
235 135 3
236 135 3
237 135 3
238 135 3
239 135 3
240 135 3
241 135 3
242 135 3
243 135 3
244 135 3
245 135 3
246 135 3
247 135 3
248 135 3
249 135 3
250 135 3
251 135 3
252 135 3
253 135 3
254 135 3
210 136 3
211 136 3
214 136 3
215 136 3
216 136 3
217 136 3
218 136 3
219 136 3
234 136 3
235 136 3
236 136 3
237 136 3
238 136 3
239 136 3
240 136 3
241 136 3
242 136 3
243 136 3
244 136 3
245 136 3
246 136 3
247 136 3
248 136 3
249 136 3
250 136 3
251 136 3
252 136 3
253 136 3
254 136 3
255 136 3
256 136 3
257 136 3
258 136 3
259 136 3
265 136 3
215 137 3
216 137 3
217 137 3
218 137 3
219 137 3
220 137 3
221 137 3
239 137 3
242 137 3
243 137 3
244 137 3
245 137 3
246 137 3
247 137 3
248 137 3
249 137 3
250 137 3
251 137 3
252 137 3
253 137 3
254 137 3
255 137 3
256 137 3
257 137 3
258 137 3
259 137 3
260 137 3
261 137 3
262 137 3
264 137 3
265 137 3
267 137 3
268 137 3
272 137 3
273 137 3
274 137 3
275 137 3
276 137 3
277 137 3
278 137 3
279 137 3
280 137 3
215 138 3
216 138 3
219 138 3
220 138 3
221 138 3
222 138 3
223 138 3
224 138 3
225 138 3
249 138 3
251 138 3
252 138 3
253 138 3
254 138 3
255 138 3
256 138 3
257 138 3
258 138 3
259 138 3
260 138 3
261 138 3
262 138 3
263 138 3
264 138 3
265 138 3
266 138 3
267 138 3
268 138 3
269 138 3
270 138 3
271 138 3
272 138 3
273 138 3
275 138 3
276 138 3
277 138 3
278 138 3
279 138 3
283 138 3
220 139 3
221 139 3
222 139 3
223 139 3
224 139 3
225 139 3
226 139 3
227 139 3
228 139 3
259 139 3
262 139 3
263 139 3
264 139 3
265 139 3
266 139 3
267 139 3
268 139 3
269 139 3
270 139 3
271 139 3
272 139 3
277 139 3
278 139 3
279 139 3
280 139 3
282 139 3
220 140 3
221 140 3
222 140 3
223 140 3
224 140 3
225 140 3
226 140 3
227 140 3
228 140 3
229 140 3
230 140 3
231 140 3
232 140 3
233 140 3
234 140 3
235 140 3
236 140 3
261 140 3
262 140 3
263 140 3
264 140 3
265 140 3
266 140 3
268 140 3
279 140 3
221 141 3
222 141 3
223 141 3
224 141 3
225 141 3
226 141 3
227 141 3
228 141 3
229 141 3
230 141 3
231 141 3
232 141 3
233 141 3
234 141 3
235 141 3
236 141 3
237 141 3
238 141 3
261 141 3
262 141 3
263 141 3
264 141 3
265 141 3
270 141 3
279 141 3
282 141 3
220 142 3
225 142 3
226 142 3
227 142 3
228 142 3
229 142 3
230 142 3
231 142 3
232 142 3
233 142 3
234 142 3
235 142 3
236 142 3
237 142 3
238 142 3
239 142 3
240 142 3
261 142 3
262 142 3
263 142 3
264 142 3
265 142 3
270 142 3
283 142 3
218 143 3
219 143 3
220 143 3
228 143 3
230 143 3
232 143 3
233 143 3
234 143 3
235 143 3
236 143 3
237 143 3
238 143 3
239 143 3
240 143 3
241 143 3
242 143 3
261 143 3
262 143 3
263 143 3
264 143 3
265 143 3
270 143 3
218 144 3
220 144 3
227 144 3
229 144 3
234 144 3
235 144 3
236 144 3
237 144 3
238 144 3
239 144 3
240 144 3
241 144 3
242 144 3
243 144 3
244 144 3
260 144 3
261 144 3
262 144 3
263 144 3
264 144 3
237 145 3
238 145 3
241 145 3
242 145 3
243 145 3
244 145 3
245 145 3
246 145 3
260 145 3
261 145 3
262 145 3
263 145 3
242 146 3
243 146 3
244 146 3
245 146 3
246 146 3
247 146 3
248 146 3
249 146 3
250 146 3
260 146 3
261 146 3
262 146 3
241 147 3
244 147 3
245 147 3
246 147 3
247 147 3
248 147 3
249 147 3
250 147 3
252 147 3
260 147 3
261 147 3
262 147 3
247 148 3
249 148 3
250 148 3
251 148 3
252 148 3
253 148 3
254 148 3
260 148 3
261 148 3
262 148 3
263 148 3
264 148 3
267 148 3
268 148 3
244 149 3
249 149 3
251 149 3
252 149 3
253 149 3
254 149 3
256 149 3
260 149 3
261 149 3
262 149 3
266 149 3
267 149 3
268 149 3
269 149 3
271 149 3
249 150 3
251 150 3
252 150 3
253 150 3
254 150 3
256 150 3
257 150 3
258 150 3
259 150 3
260 150 3
261 150 3
262 150 3
263 150 3
264 150 3
268 150 3
221 151 3
223 151 3
250 151 3
255 151 3
256 151 3
257 151 3
259 151 3
260 151 3
261 151 3
262 151 3
263 151 3
271 151 3
272 151 3
278 151 3
221 152 3
225 152 3
229 152 3
258 152 3
259 152 3
260 152 3
261 152 3
262 152 3
254 153 3
255 153 3
256 153 3
261 153 3
262 155 3
263 155 3
267 160 3
270 161 3
271 161 3
272 161 3
269 162 3
270 162 3
272 162 3
273 162 3
274 162 3
270 163 3
273 163 3
273 164 3
275 164 3
276 164 3
