89 66 0
90 66 0
91 66 0
85 67 0
86 67 0
87 67 0
88 67 0
89 67 0
90 67 0
91 67 0
92 67 0
93 67 0
94 67 0
83 68 0
84 68 0
85 68 0
86 68 0
87 68 0
88 68 0
89 68 0
90 68 0
92 68 0
93 68 0
94 68 0
95 68 0
96 68 0
97 68 0
98 68 0
99 68 0
100 68 0
101 68 0
102 68 0
103 68 0
104 68 0
105 68 0
107 68 0
108 68 0
82 69 0
83 69 0
84 69 0
85 69 0
86 69 0
87 69 0
88 69 0
89 69 0
90 69 0
91 69 0
92 69 0
93 69 0
94 69 0
95 69 0
96 69 0
97 69 0
98 69 0
99 69 0
100 69 0
101 69 0
102 69 0
103 69 0
104 69 0
105 69 0
106 69 0
107 69 0
108 69 0
109 69 0
110 69 0
81 70 0
82 70 0
83 70 0
84 70 0
85 70 0
86 70 0
87 70 0
88 70 0
89 70 0
90 70 0
91 70 0
92 70 0
93 70 0
94 70 0
95 70 0
96 70 0
97 70 0
98 70 0
99 70 0
100 70 0
101 70 0
102 70 0
103 70 0
104 70 0
105 70 0
106 70 0
107 70 0
108 70 0
81 71 0
82 71 0
83 71 0
84 71 0
85 71 0
86 71 0
87 71 0
88 71 0
89 71 0
90 71 0
91 71 0
92 71 0
93 71 0
94 71 0
95 71 0
96 71 0
97 71 0
98 71 0
99 71 0
100 71 0
101 71 0
102 71 0
103 71 0
104 71 0
105 71 0
106 71 0
107 71 0
108 71 0
110 71 0
111 71 0
112 71 0
80 72 0
81 72 0
82 72 0
83 72 0
84 72 0
85 72 0
86 72 0
87 72 0
88 72 0
89 72 0
90 72 0
91 72 0
92 72 0
93 72 0
94 72 0
95 72 0
96 72 0
97 72 0
98 72 0
99 72 0
100 72 0
101 72 0
102 72 0
103 72 0
104 72 0
105 72 0
106 72 0
107 72 0
80 73 0
81 73 0
82 73 0
83 73 0
84 73 0
85 73 0
86 73 0
87 73 0
88 73 0
89 73 0
90 73 0
91 73 0
92 73 0
93 73 0
94 73 0
95 73 0
96 73 0
97 73 0
98 73 0
100 73 0
101 73 0
102 73 0
103 73 0
104 73 0
109 73 0
111 73 0
79 74 0
80 74 0
81 74 0
82 74 0
83 74 0
84 74 0
85 74 0
86 74 0
87 74 0
88 74 0
89 74 0
90 74 0
91 74 0
92 74 0
93 74 0
94 74 0
95 74 0
96 74 0
97 74 0
98 74 0
99 74 0
100 74 0
102 74 0
103 74 0
104 74 0
106 74 0
108 74 0
111 74 0
79 75 0
80 75 0
81 75 0
82 75 0
83 75 0
84 75 0
85 75 0
86 75 0
87 75 0
88 75 0
89 75 0
90 75 0
91 75 0
95 75 0
96 75 0
97 75 0
99 75 0
102 75 0
103 75 0
104 75 0
105 75 0
106 75 0
107 75 0
78 76 0
79 76 0
80 76 0
81 76 0
82 76 0
83 76 0
84 76 0
85 76 0
86 76 0
87 76 0
88 76 0
89 76 0
90 76 0
91 76 0
94 76 0
95 76 0
96 76 0
99 76 0
100 76 0
101 76 0
102 76 0
103 76 0
104 76 0
105 76 0
106 76 0
110 76 0
78 77 0
79 77 0
80 77 0
81 77 0
82 77 0
83 77 0
84 77 0
85 77 0
86 77 0
87 77 0
88 77 0
89 77 0
94 77 0
95 77 0
96 77 0
103 77 0
78 78 0
79 78 0
80 78 0
81 78 0
82 78 0
83 78 0
85 78 0
86 78 0
87 78 0
90 78 0
93 78 0
95 78 0
78 79 0
79 79 0
80 79 0
82 79 0
83 79 0
86 79 0
90 79 0
92 79 0
77 80 0
78 80 0
79 80 0
80 80 0
81 80 0
82 80 0
83 80 0
84 80 0
88 80 0
89 80 0
90 80 0
92 80 0
105 80 0
77 81 0
78 81 0
79 81 0
80 81 0
81 81 0
86 81 0
87 81 0
88 81 0
89 81 0
120 81 0
77 82 0
78 82 0
82 82 0
83 82 0
88 82 0
89 82 0
93 82 0
94 82 0
95 82 0
77 83 0
78 83 0
81 83 0
82 83 0
85 83 0
88 83 0
89 83 0
90 83 0
91 83 0
92 83 0
93 83 0
96 83 0
120 83 0
77 84 0
78 84 0
81 84 0
84 84 0
87 84 0
88 84 0
89 84 0
90 84 0
91 84 0
92 84 0
93 84 0
95 84 0
96 84 0
119 84 0
120 84 0
121 84 0
86 85 0
87 85 0
88 85 0
89 85 0
90 85 0
91 85 0
92 85 0
93 85 0
94 85 0
95 85 0
96 85 0
97 85 0
98 85 0
81 86 0
85 86 0
86 86 0
87 86 0
88 86 0
89 86 0
90 86 0
91 86 0
92 86 0
93 86 0
94 86 0
95 86 0
96 86 0
97 86 0
98 86 0
99 86 0
100 86 0
101 86 0
102 86 0
103 86 0
104 86 0
80 87 0
81 87 0
85 87 0
86 87 0
87 87 0
88 87 0
89 87 0
90 87 0
91 87 0
92 87 0
93 87 0
94 87 0
95 87 0
96 87 0
97 87 0
98 87 0
99 87 0
100 87 0
101 87 0
102 87 0
103 87 0
104 87 0
105 87 0
118 87 0
119 87 0
120 87 0
121 87 0
122 87 0
124 87 0
83 88 0
85 88 0
86 88 0
87 88 0
88 88 0
89 88 0
90 88 0
91 88 0
92 88 0
93 88 0
94 88 0
95 88 0
96 88 0
97 88 0
98 88 0
99 88 0
100 88 0
101 88 0
102 88 0
103 88 0
104 88 0
119 88 0
120 88 0
121 88 0
85 89 0
86 89 0
87 89 0
88 89 0
89 89 0
90 89 0
91 89 0
92 89 0
93 89 0
94 89 0
95 89 0
96 89 0
97 89 0
98 89 0
99 89 0
100 89 0
101 89 0
103 89 0
104 89 0
119 89 0
120 89 0
121 89 0
122 89 0
84 90 0
85 90 0
86 90 0
87 90 0
88 90 0
89 90 0
90 90 0
91 90 0
92 90 0
93 90 0
94 90 0
95 90 0
96 90 0
97 90 0
98 90 0
99 90 0
100 90 0
102 90 0
116 90 0
119 90 0
124 90 0
85 91 0
86 91 0
87 91 0
88 91 0
89 91 0
90 91 0
91 91 0
92 91 0
93 91 0
94 91 0
95 91 0
96 91 0
97 91 0
98 91 0
99 91 0
102 91 0
106 91 0
107 91 0
116 91 0
119 91 0
121 91 0
124 91 0
85 92 0
86 92 0
87 92 0
88 92 0
89 92 0
90 92 0
91 92 0
92 92 0
93 92 0
94 92 0
95 92 0
97 92 0
99 92 0
105 92 0
106 92 0
107 92 0
117 92 0
118 92 0
120 92 0
121 92 0
122 92 0
85 93 0
86 93 0
87 93 0
88 93 0
89 93 0
90 93 0
91 93 0
92 93 0
93 93 0
94 93 0
95 93 0
98 93 0
105 93 0
106 93 0
107 93 0
120 93 0
121 93 0
122 93 0
123 93 0
124 93 0
85 94 0
86 94 0
87 94 0
88 94 0
89 94 0
90 94 0
91 94 0
98 94 0
99 94 0
100 94 0
105 94 0
106 94 0
118 94 0
120 94 0
121 94 0
122 94 0
123 94 0
124 94 0
86 95 0
87 95 0
88 95 0
89 95 0
99 95 0
105 95 0
106 95 0
107 95 0
119 95 0
121 95 0
122 95 0
123 95 0
124 95 0
85 96 0
86 96 0
89 96 0
92 96 0
93 96 0
104 96 0
105 96 0
106 96 0
107 96 0
119 96 0
120 96 0
121 96 0
122 96 0
123 96 0
124 96 0
85 97 0
86 97 0
88 97 0
94 97 0
100 97 0
105 97 0
106 97 0
107 97 0
109 97 0
112 97 0
113 97 0
114 97 0
115 97 0
117 97 0
120 97 0
121 97 0
122 97 0
123 97 0
124 97 0
126 97 0
87 98 0
88 98 0
89 98 0
105 98 0
106 98 0
107 98 0
108 98 0
112 98 0
113 98 0
117 98 0
121 98 0
122 98 0
124 98 0
125 98 0
126 98 0
86 99 0
87 99 0
89 99 0
101 99 0
102 99 0
104 99 0
105 99 0
106 99 0
107 99 0
108 99 0
109 99 0
110 99 0
111 99 0
112 99 0
113 99 0
115 99 0
120 99 0
121 99 0
122 99 0
123 99 0
124 99 0
125 99 0
131 99 0
104 100 0
105 100 0
106 100 0
107 100 0
108 100 0
110 100 0
112 100 0
113 100 0
120 100 0
122 100 0
123 100 0
124 100 0
125 100 0
126 100 0
76 101 0
77 101 0
104 101 0
105 101 0
106 101 0
107 101 0
108 101 0
111 101 0
112 101 0
113 101 0
114 101 0
115 101 0
120 101 0
121 101 0
122 101 0
123 101 0
124 101 0
125 101 0
126 101 0
129 101 0
75 102 0
76 102 0
77 102 0
82 102 0
104 102 0
105 102 0
106 102 0
107 102 0
108 102 0
112 102 0
113 102 0
117 102 0
121 102 0
122 102 0
123 102 0
124 102 0
125 102 0
75 103 0
76 103 0
77 103 0
83 103 0
104 103 0
105 103 0
106 103 0
107 103 0
108 103 0
109 103 0
110 103 0
111 103 0
112 103 0
113 103 0
114 103 0
115 103 0
116 103 0
121 103 0
122 103 0
123 103 0
124 103 0
128 103 0
76 104 0
77 104 0
78 104 0
79 104 0
80 104 0
81 104 0
103 104 0
104 104 0
105 104 0
106 104 0
107 104 0
108 104 0
109 104 0
111 104 0
112 104 0
113 104 0
114 104 0
117 104 0
120 104 0
121 104 0
122 104 0
123 104 0
124 104 0
125 104 0
127 104 0
128 104 0
129 104 0
75 105 0
76 105 0
77 105 0
78 105 0
79 105 0
80 105 0
81 105 0
82 105 0
83 105 0
103 105 0
104 105 0
105 105 0
106 105 0
107 105 0
108 105 0
109 105 0
110 105 0
111 105 0
112 105 0
113 105 0
114 105 0
115 105 0
116 105 0
122 105 0
123 105 0
124 105 0
125 105 0
127 105 0
128 105 0
129 105 0
130 105 0
76 106 0
77 106 0
78 106 0
79 106 0
80 106 0
81 106 0
82 106 0
83 106 0
84 106 0
85 106 0
88 106 0
103 106 0
104 106 0
105 106 0
106 106 0
107 106 0
108 106 0
109 106 0
110 106 0
111 106 0
112 106 0
113 106 0
114 106 0
115 106 0
116 106 0
117 106 0
121 106 0
122 106 0
123 106 0
124 106 0
125 106 0
126 106 0
127 106 0
128 106 0
129 106 0
76 107 0
77 107 0
78 107 0
79 107 0
80 107 0
81 107 0
82 107 0
83 107 0
84 107 0
85 107 0
86 107 0
87 107 0
88 107 0
103 107 0
104 107 0
105 107 0
106 107 0
107 107 0
108 107 0
109 107 0
110 107 0
111 107 0
112 107 0
113 107 0
115 107 0
120 107 0
121 107 0
122 107 0
123 107 0
124 107 0
125 107 0
126 107 0
127 107 0
128 107 0
129 107 0
131 107 0
76 108 0
77 108 0
78 108 0
79 108 0
80 108 0
81 108 0
82 108 0
83 108 0
84 108 0
85 108 0
86 108 0
87 108 0
88 108 0
89 108 0
90 108 0
91 108 0
103 108 0
104 108 0
105 108 0
106 108 0
107 108 0
108 108 0
109 108 0
110 108 0
111 108 0
112 108 0
114 108 0
117 108 0
122 108 0
123 108 0
124 108 0
125 108 0
126 108 0
127 108 0
129 108 0
76 109 0
77 109 0
78 109 0
79 109 0
80 109 0
81 109 0
82 109 0
83 109 0
84 109 0
85 109 0
86 109 0
87 109 0
88 109 0
89 109 0
90 109 0
91 109 0
92 109 0
103 109 0
104 109 0
105 109 0
106 109 0
107 109 0
108 109 0
109 109 0
110 109 0
111 109 0
112 109 0
121 109 0
122 109 0
123 109 0
124 109 0
125 109 0
126 109 0
127 109 0
128 109 0
129 109 0
77 110 0
78 110 0
79 110 0
80 110 0
81 110 0
82 110 0
83 110 0
84 110 0
85 110 0
86 110 0
87 110 0
88 110 0
89 110 0
90 110 0
91 110 0
92 110 0
93 110 0
94 110 0
102 110 0
103 110 0
104 110 0
105 110 0
106 110 0
107 110 0
108 110 0
109 110 0
110 110 0
111 110 0
112 110 0
113 110 0
115 110 0
121 110 0
122 110 0
123 110 0
124 110 0
126 110 0
127 110 0
128 110 0
77 111 0
78 111 0
79 111 0
80 111 0
81 111 0
82 111 0
83 111 0
84 111 0
85 111 0
86 111 0
87 111 0
88 111 0
89 111 0
90 111 0
91 111 0
92 111 0
93 111 0
94 111 0
95 111 0
96 111 0
97 111 0
100 111 0
101 111 0
102 111 0
103 111 0
104 111 0
105 111 0
106 111 0
107 111 0
108 111 0
109 111 0
110 111 0
111 111 0
112 111 0
113 111 0
114 111 0
115 111 0
118 111 0
119 111 0
121 111 0
122 111 0
123 111 0
124 111 0
125 111 0
126 111 0
127 111 0
128 111 0
129 111 0
130 111 0
77 112 0
78 112 0
79 112 0
80 112 0
81 112 0
82 112 0
83 112 0
84 112 0
85 112 0
86 112 0
87 112 0
88 112 0
89 112 0
90 112 0
91 112 0
92 112 0
93 112 0
94 112 0
95 112 0
96 112 0
97 112 0
98 112 0
99 112 0
100 112 0
101 112 0
102 112 0
103 112 0
104 112 0
105 112 0
106 112 0
107 112 0
108 112 0
109 112 0
110 112 0
111 112 0
113 112 0
114 112 0
115 112 0
116 112 0
117 112 0
121 112 0
122 112 0
123 112 0
124 112 0
125 112 0
126 112 0
127 112 0
128 112 0
129 112 0
130 112 0
77 113 0
78 113 0
79 113 0
80 113 0
81 113 0
82 113 0
83 113 0
84 113 0
85 113 0
86 113 0
87 113 0
88 113 0
89 113 0
90 113 0
91 113 0
92 113 0
93 113 0
94 113 0
95 113 0
96 113 0
97 113 0
98 113 0
99 113 0
100 113 0
101 113 0
102 113 0
103 113 0
104 113 0
105 113 0
106 113 0
107 113 0
108 113 0
109 113 0
110 113 0
111 113 0
112 113 0
113 113 0
115 113 0
116 113 0
121 113 0
122 113 0
123 113 0
124 113 0
125 113 0
126 113 0
127 113 0
128 113 0
78 114 0
79 114 0
80 114 0
81 114 0
82 114 0
83 114 0
84 114 0
85 114 0
86 114 0
87 114 0
88 114 0
89 114 0
90 114 0
91 114 0
92 114 0
93 114 0
94 114 0
95 114 0
96 114 0
97 114 0
98 114 0
99 114 0
100 114 0
101 114 0
102 114 0
103 114 0
104 114 0
105 114 0
106 114 0
107 114 0
108 114 0
109 114 0
110 114 0
111 114 0
113 114 0
114 114 0
115 114 0
116 114 0
118 114 0
121 114 0
122 114 0
123 114 0
124 114 0
125 114 0
126 114 0
127 114 0
128 114 0
129 114 0
130 114 0
78 115 0
79 115 0
80 115 0
81 115 0
82 115 0
83 115 0
84 115 0
85 115 0
86 115 0
87 115 0
88 115 0
89 115 0
90 115 0
91 115 0
92 115 0
93 115 0
94 115 0
95 115 0
96 115 0
97 115 0
98 115 0
99 115 0
100 115 0
101 115 0
102 115 0
103 115 0
104 115 0
105 115 0
106 115 0
107 115 0
108 115 0
109 115 0
111 115 0
112 115 0
113 115 0
114 115 0
116 115 0
118 115 0
121 115 0
122 115 0
123 115 0
124 115 0
125 115 0
126 115 0
127 115 0
128 115 0
129 115 0
78 116 0
79 116 0
80 116 0
81 116 0
82 116 0
83 116 0
84 116 0
85 116 0
86 116 0
87 116 0
88 116 0
89 116 0
90 116 0
91 116 0
92 116 0
93 116 0
94 116 0
95 116 0
96 116 0
97 116 0
98 116 0
99 116 0
100 116 0
101 116 0
102 116 0
103 116 0
104 116 0
105 116 0
106 116 0
107 116 0
108 116 0
109 116 0
110 116 0
111 116 0
113 116 0
115 116 0
116 116 0
117 116 0
120 116 0
121 116 0
122 116 0
123 116 0
124 116 0
125 116 0
126 116 0
127 116 0
128 116 0
129 116 0
130 116 0
78 117 0
79 117 0
80 117 0
81 117 0
82 117 0
83 117 0
84 117 0
85 117 0
86 117 0
87 117 0
88 117 0
89 117 0
90 117 0
91 117 0
92 117 0
93 117 0
94 117 0
95 117 0
96 117 0
97 117 0
98 117 0
99 117 0
100 117 0
101 117 0
102 117 0
103 117 0
104 117 0
105 117 0
108 117 0
109 117 0
110 117 0
111 117 0
114 117 0
115 117 0
116 117 0
120 117 0
121 117 0
122 117 0
123 117 0
124 117 0
125 117 0
126 117 0
127 117 0
128 117 0
79 118 0
80 118 0
81 118 0
82 118 0
83 118 0
84 118 0
85 118 0
86 118 0
87 118 0
88 118 0
89 118 0
90 118 0
91 118 0
92 118 0
93 118 0
94 118 0
95 118 0
96 118 0
97 118 0
98 118 0
99 118 0
100 118 0
101 118 0
102 118 0
103 118 0
104 118 0
105 118 0
106 118 0
107 118 0
108 118 0
109 118 0
110 118 0
112 118 0
113 118 0
114 118 0
115 118 0
119 118 0
120 118 0
121 118 0
122 118 0
123 118 0
124 118 0
125 118 0
126 118 0
127 118 0
81 119 0
82 119 0
83 119 0
84 119 0
85 119 0
86 119 0
87 119 0
88 119 0
89 119 0
90 119 0
93 119 0
94 119 0
95 119 0
96 119 0
97 119 0
98 119 0
99 119 0
100 119 0
101 119 0
102 119 0
103 119 0
104 119 0
105 119 0
106 119 0
107 119 0
108 119 0
109 119 0
110 119 0
111 119 0
112 119 0
113 119 0
114 119 0
117 119 0
119 119 0
120 119 0
121 119 0
122 119 0
123 119 0
124 119 0
125 119 0
126 119 0
127 119 0
128 119 0
80 120 0
81 120 0
82 120 0
83 120 0
84 120 0
85 120 0
86 120 0
87 120 0
88 120 0
89 120 0
90 120 0
91 120 0
94 120 0
97 120 0
98 120 0
99 120 0
100 120 0
101 120 0
102 120 0
103 120 0
104 120 0
105 120 0
106 120 0
107 120 0
108 120 0
109 120 0
110 120 0
111 120 0
112 120 0
113 120 0
114 120 0
115 120 0
116 120 0
119 120 0
120 120 0
121 120 0
122 120 0
123 120 0
124 120 0
125 120 0
126 120 0
83 121 0
84 121 0
85 121 0
86 121 0
87 121 0
88 121 0
89 121 0
90 121 0
91 121 0
92 121 0
93 121 0
94 121 0
95 121 0
98 121 0
99 121 0
100 121 0
101 121 0
102 121 0
103 121 0
104 121 0
105 121 0
106 121 0
108 121 0
109 121 0
110 121 0
111 121 0
112 121 0
118 121 0
119 121 0
120 121 0
121 121 0
122 121 0
123 121 0
124 121 0
125 121 0
82 122 0
83 122 0
84 122 0
85 122 0
86 122 0
87 122 0
88 122 0
89 122 0
90 122 0
91 122 0
93 122 0
94 122 0
95 122 0
96 122 0
98 122 0
99 122 0
100 122 0
101 122 0
102 122 0
104 122 0
105 122 0
106 122 0
108 122 0
117 122 0
118 122 0
119 122 0
120 122 0
121 122 0
122 122 0
123 122 0
124 122 0
125 122 0
129 122 0
130 122 0
83 123 0
84 123 0
85 123 0
86 123 0
87 123 0
88 123 0
89 123 0
90 123 0
98 123 0
99 123 0
100 123 0
101 123 0
102 123 0
103 123 0
104 123 0
105 123 0
106 123 0
107 123 0
108 123 0
109 123 0
111 123 0
112 123 0
117 123 0
118 123 0
119 123 0
120 123 0
121 123 0
122 123 0
123 123 0
124 123 0
125 123 0
84 124 0
85 124 0
86 124 0
87 124 0
89 124 0
90 124 0
91 124 0
97 124 0
98 124 0
100 124 0
101 124 0
102 124 0
103 124 0
104 124 0
105 124 0
106 124 0
107 124 0
108 124 0
109 124 0
111 124 0
115 124 0
116 124 0
117 124 0
118 124 0
119 124 0
120 124 0
121 124 0
122 124 0
123 124 0
124 124 0
125 124 0
85 125 0
86 125 0
87 125 0
88 125 0
89 125 0
90 125 0
91 125 0
94 125 0
100 125 0
101 125 0
102 125 0
103 125 0
104 125 0
106 125 0
107 125 0
113 125 0
114 125 0
115 125 0
116 125 0
117 125 0
118 125 0
119 125 0
120 125 0
121 125 0
122 125 0
123 125 0
126 125 0
86 126 0
87 126 0
88 126 0
89 126 0
90 126 0
91 126 0
92 126 0
97 126 0
100 126 0
101 126 0
102 126 0
103 126 0
107 126 0
108 126 0
110 126 0
111 126 0
112 126 0
113 126 0
114 126 0
115 126 0
116 126 0
117 126 0
118 126 0
119 126 0
120 126 0
121 126 0
122 126 0
123 126 0
126 126 0
86 127 0
87 127 0
88 127 0
89 127 0
90 127 0
91 127 0
92 127 0
99 127 0
100 127 0
101 127 0
102 127 0
103 127 0
106 127 0
107 127 0
108 127 0
109 127 0
110 127 0
111 127 0
112 127 0
113 127 0
114 127 0
115 127 0
116 127 0
117 127 0
118 127 0
119 127 0
120 127 0
121 127 0
122 127 0
124 127 0
88 128 0
89 128 0
90 128 0
91 128 0
92 128 0
93 128 0
94 128 0
95 128 0
96 128 0
97 128 0
98 128 0
99 128 0
100 128 0
101 128 0
102 128 0
103 128 0
104 128 0
105 128 0
106 128 0
107 128 0
108 128 0
109 128 0
110 128 0
111 128 0
112 128 0
113 128 0
114 128 0
115 128 0
116 128 0
117 128 0
118 128 0
119 128 0
120 128 0
121 128 0
90 129 0
91 129 0
92 129 0
93 129 0
94 129 0
95 129 0
96 129 0
97 129 0
98 129 0
99 129 0
100 129 0
101 129 0
102 129 0
103 129 0
104 129 0
105 129 0
106 129 0
107 129 0
108 129 0
109 129 0
110 129 0
111 129 0
112 129 0
113 129 0
114 129 0
115 129 0
116 129 0
117 129 0
118 129 0
119 129 0
120 129 0
121 129 0
123 129 0
89 130 0
90 130 0
91 130 0
92 130 0
93 130 0
94 130 0
95 130 0
96 130 0
97 130 0
98 130 0
99 130 0
100 130 0
101 130 0
102 130 0
103 130 0
104 130 0
105 130 0
106 130 0
107 130 0
108 130 0
109 130 0
110 130 0
111 130 0
112 130 0
113 130 0
114 130 0
115 130 0
116 130 0
117 130 0
118 130 0
119 130 0
120 130 0
121 130 0
92 131 0
93 131 0
94 131 0
95 131 0
96 131 0
97 131 0
98 131 0
99 131 0
100 131 0
101 131 0
102 131 0
103 131 0
104 131 0
105 131 0
106 131 0
107 131 0
108 131 0
109 131 0
110 131 0
111 131 0
112 131 0
113 131 0
114 131 0
115 131 0
116 131 0
117 131 0
118 131 0
124 131 0
93 132 0
94 132 0
95 132 0
96 132 0
97 132 0
98 132 0
99 132 0
100 132 0
101 132 0
102 132 0
103 132 0
104 132 0
105 132 0
106 132 0
107 132 0
108 132 0
109 132 0
110 132 0
111 132 0
112 132 0
113 132 0
114 132 0
115 132 0
116 132 0
117 132 0
118 132 0
123 132 0
95 133 0
96 133 0
97 133 0
98 133 0
99 133 0
100 133 0
101 133 0
102 133 0
103 133 0
104 133 0
105 133 0
106 133 0
107 133 0
108 133 0
109 133 0
110 133 0
111 133 0
112 133 0
113 133 0
114 133 0
115 133 0
116 133 0
117 133 0
121 133 0
95 134 0
96 134 0
98 134 0
99 134 0
100 134 0
102 134 0
103 134 0
104 134 0
105 134 0
106 134 0
107 134 0
108 134 0
109 134 0
110 134 0
111 134 0
112 134 0
113 134 0
114 134 0
115 134 0
116 134 0
101 135 0
102 135 0
103 135 0
104 135 0
105 135 0
106 135 0
107 135 0
108 135 0
109 135 0
110 135 0
111 135 0
112 135 0
113 135 0
114 135 0
115 135 0
116 135 0
99 136 0
100 136 0
101 136 0
102 136 0
103 136 0
104 136 0
106 136 0
107 136 0
108 136 0
109 136 0
110 136 0
111 136 0
112 136 0
113 136 0
114 136 0
99 137 0
102 137 0
103 137 0
106 137 0
107 137 0
108 137 0
109 137 0
110 137 0
111 137 0
112 137 0
114 137 0
115 137 0
101 138 0
102 138 0
103 138 0
104 138 0
105 138 0
106 138 0
107 138 0
108 138 0
109 138 0
110 138 0
114 138 0
102 139 0
104 139 0
105 139 0
106 139 0
107 139 0
108 139 0
109 139 0
112 139 0
113 139 0
103 140 0
104 140 0
105 140 0
106 140 0
107 140 0
108 140 0
107 141 0
278 51 1
188 98 1
187 99 1
188 99 1
189 99 1
187 100 1
188 100 1
189 100 1
201 100 1
187 101 1
188 101 1
189 101 1
201 101 1
202 101 1
187 102 1
188 102 1
190 102 1
192 102 1
194 102 1
195 102 1
198 102 1
199 102 1
202 102 1
203 102 1
189 103 1
191 103 1
188 104 1
189 104 1
195 104 1
188 105 1
194 105 1
237 107 1
238 107 1
245 109 1
247 109 1
247 110 1
248 110 1
251 110 1
252 110 1
251 111 1
252 111 1
250 112 1
251 112 1
252 112 1
252 113 1
249 115 1
250 115 1
251 115 1
248 116 1
249 116 1
250 116 1
251 116 1
287 116 1
248 117 1
250 117 1
289 118 1
290 118 1
248 119 1
250 119 1
291 119 1
295 119 1
296 119 1
304 119 1
306 119 1
247 120 1
248 120 1
249 120 1
296 120 1
297 120 1
298 120 1
302 120 1
303 120 1
304 120 1
305 120 1
306 120 1
307 120 1
308 120 1
309 120 1
310 120 1
311 120 1
312 120 1
313 120 1
314 120 1
315 120 1
316 120 1
317 120 1
318 120 1
247 121 1
248 121 1
249 121 1
298 121 1
299 121 1
300 121 1
301 121 1
302 121 1
310 121 1
311 121 1
312 121 1
313 121 1
315 121 1
318 121 1
319 121 1
320 121 1
321 121 1
322 121 1
248 122 1
320 122 1
321 122 1
322 122 1
323 122 1
324 122 1
248 123 1
249 123 1
322 123 1
323 123 1
324 123 1
325 123 1
326 123 1
248 124 1
325 124 1
326 124 1
327 124 1
328 124 1
329 124 1
344 124 1
248 125 1
327 125 1
328 125 1
329 125 1
330 125 1
332 125 1
335 125 1
336 125 1
248 126 1
329 126 1
330 126 1
331 126 1
332 126 1
335 126 1
336 126 1
337 126 1
338 126 1
332 127 1
335 127 1
249 128 1
248 129 1
259 135 1
260 136 1
261 136 1
261 137 1
262 137 1
263 137 1
262 138 1
263 138 1
264 138 1
266 138 1
266 139 1
267 139 1
268 140 1
269 140 1
270 140 1
269 141 1
270 141 1
271 141 1
272 141 1
274 142 1
274 143 1
275 143 1
275 144 1
280 145 1
285 146 1
299 149 1
300 149 1
296 150 1
299 150 1
300 150 1
301 150 1
302 150 1
303 150 1
302 151 1
303 151 1
304 151 1
305 151 1
306 152 1
307 152 1
308 152 1
309 152 1
312 153 1
313 153 1
314 153 1
315 153 1
317 154 1
320 154 1
320 155 1
321 155 1
323 155 1
324 155 1
324 156 1
327 156 1
328 156 1
329 156 1
330 156 1
333 157 1
334 157 1
336 157 1
339 158 1
339 159 1
340 159 1
342 159 1
342 160 1
