80 49 0
81 49 0
82 49 0
83 49 0
85 49 0
78 50 0
79 50 0
80 50 0
81 50 0
82 50 0
84 50 0
85 50 0
76 51 0
77 51 0
78 51 0
79 51 0
80 51 0
81 51 0
82 51 0
83 51 0
84 51 0
85 51 0
87 51 0
88 51 0
89 51 0
75 52 0
76 52 0
77 52 0
78 52 0
79 52 0
80 52 0
81 52 0
82 52 0
83 52 0
85 52 0
86 52 0
87 52 0
88 52 0
74 53 0
75 53 0
76 53 0
77 53 0
78 53 0
79 53 0
80 53 0
81 53 0
82 53 0
85 53 0
87 53 0
91 53 0
92 53 0
73 54 0
74 54 0
75 54 0
76 54 0
77 54 0
78 54 0
79 54 0
80 54 0
81 54 0
82 54 0
83 54 0
84 54 0
85 54 0
86 54 0
87 54 0
88 54 0
91 54 0
92 54 0
72 55 0
73 55 0
74 55 0
75 55 0
76 55 0
77 55 0
78 55 0
79 55 0
80 55 0
83 55 0
84 55 0
85 55 0
86 55 0
87 55 0
88 55 0
89 55 0
90 55 0
91 55 0
92 55 0
93 55 0
94 55 0
95 55 0
96 55 0
71 56 0
72 56 0
73 56 0
74 56 0
75 56 0
76 56 0
77 56 0
78 56 0
79 56 0
80 56 0
81 56 0
82 56 0
83 56 0
84 56 0
85 56 0
86 56 0
87 56 0
88 56 0
89 56 0
90 56 0
91 56 0
92 56 0
93 56 0
94 56 0
95 56 0
96 56 0
97 56 0
98 56 0
71 57 0
72 57 0
73 57 0
74 57 0
75 57 0
76 57 0
77 57 0
79 57 0
80 57 0
81 57 0
82 57 0
83 57 0
84 57 0
85 57 0
86 57 0
87 57 0
88 57 0
89 57 0
90 57 0
91 57 0
92 57 0
93 57 0
94 57 0
95 57 0
96 57 0
97 57 0
98 57 0
99 57 0
100 57 0
71 58 0
72 58 0
73 58 0
75 58 0
78 58 0
79 58 0
80 58 0
81 58 0
82 58 0
83 58 0
84 58 0
85 58 0
86 58 0
87 58 0
88 58 0
89 58 0
90 58 0
91 58 0
92 58 0
93 58 0
94 58 0
95 58 0
96 58 0
97 58 0
98 58 0
101 58 0
102 58 0
71 59 0
73 59 0
76 59 0
77 59 0
78 59 0
81 59 0
82 59 0
83 59 0
85 59 0
87 59 0
88 59 0
90 59 0
92 59 0
96 59 0
97 59 0
98 59 0
99 59 0
100 59 0
101 59 0
102 59 0
70 60 0
71 60 0
72 60 0
75 60 0
76 60 0
81 60 0
93 60 0
95 60 0
96 60 0
97 60 0
98 60 0
99 60 0
100 60 0
101 60 0
102 60 0
72 61 0
74 61 0
86 61 0
88 61 0
90 61 0
99 61 0
100 61 0
77 62 0
78 62 0
84 62 0
69 63 0
77 63 0
82 63 0
87 63 0
69 64 0
82 64 0
86 64 0
105 64 0
79 65 0
103 65 0
109 65 0
110 65 0
76 66 0
79 66 0
80 66 0
87 66 0
106 66 0
107 66 0
109 66 0
110 66 0
76 67 0
80 67 0
81 67 0
82 67 0
83 67 0
87 67 0
88 67 0
107 67 0
109 67 0
110 67 0
111 67 0
77 68 0
79 68 0
80 68 0
84 68 0
87 68 0
107 68 0
108 68 0
109 68 0
110 68 0
111 68 0
77 69 0
78 69 0
79 69 0
80 69 0
83 69 0
84 69 0
85 69 0
88 69 0
89 69 0
93 69 0
107 69 0
108 69 0
110 69 0
111 69 0
112 69 0
76 70 0
77 70 0
78 70 0
79 70 0
80 70 0
81 70 0
82 70 0
83 70 0
84 70 0
85 70 0
86 70 0
87 70 0
88 70 0
89 70 0
90 70 0
91 70 0
92 70 0
108 70 0
109 70 0
110 70 0
111 70 0
112 70 0
76 71 0
77 71 0
78 71 0
79 71 0
80 71 0
81 71 0
82 71 0
83 71 0
84 71 0
85 71 0
86 71 0
87 71 0
88 71 0
89 71 0
90 71 0
91 71 0
109 71 0
110 71 0
111 71 0
112 71 0
76 72 0
77 72 0
78 72 0
79 72 0
80 72 0
81 72 0
82 72 0
83 72 0
84 72 0
85 72 0
86 72 0
87 72 0
88 72 0
89 72 0
90 72 0
91 72 0
92 72 0
93 72 0
103 72 0
106 72 0
109 72 0
110 72 0
111 72 0
112 72 0
113 72 0
75 73 0
76 73 0
77 73 0
78 73 0
79 73 0
80 73 0
81 73 0
82 73 0
83 73 0
84 73 0
85 73 0
86 73 0
87 73 0
88 73 0
89 73 0
90 73 0
91 73 0
92 73 0
93 73 0
109 73 0
110 73 0
111 73 0
112 73 0
113 73 0
75 74 0
76 74 0
77 74 0
78 74 0
79 74 0
80 74 0
81 74 0
82 74 0
84 74 0
85 74 0
86 74 0
87 74 0
88 74 0
89 74 0
90 74 0
91 74 0
92 74 0
93 74 0
94 74 0
109 74 0
110 74 0
111 74 0
112 74 0
113 74 0
114 74 0
75 75 0
76 75 0
77 75 0
78 75 0
79 75 0
80 75 0
81 75 0
84 75 0
85 75 0
88 75 0
89 75 0
90 75 0
91 75 0
92 75 0
93 75 0
110 75 0
111 75 0
112 75 0
113 75 0
114 75 0
115 75 0
75 76 0
76 76 0
78 76 0
81 76 0
83 76 0
84 76 0
85 76 0
89 76 0
91 76 0
92 76 0
93 76 0
94 76 0
95 76 0
96 76 0
110 76 0
111 76 0
112 76 0
113 76 0
114 76 0
115 76 0
74 77 0
75 77 0
76 77 0
77 77 0
78 77 0
80 77 0
83 77 0
84 77 0
85 77 0
91 77 0
92 77 0
93 77 0
94 77 0
95 77 0
96 77 0
97 77 0
98 77 0
110 77 0
111 77 0
112 77 0
113 77 0
114 77 0
115 77 0
73 78 0
74 78 0
75 78 0
76 78 0
77 78 0
78 78 0
79 78 0
92 78 0
93 78 0
94 78 0
95 78 0
96 78 0
97 78 0
110 78 0
111 78 0
112 78 0
113 78 0
114 78 0
115 78 0
73 79 0
74 79 0
75 79 0
76 79 0
78 79 0
80 79 0
81 79 0
92 79 0
93 79 0
94 79 0
95 79 0
96 79 0
97 79 0
108 79 0
109 79 0
110 79 0
111 79 0
112 79 0
113 79 0
114 79 0
115 79 0
116 79 0
117 79 0
73 80 0
74 80 0
75 80 0
78 80 0
83 80 0
84 80 0
92 80 0
93 80 0
94 80 0
95 80 0
96 80 0
97 80 0
98 80 0
99 80 0
111 80 0
112 80 0
113 80 0
114 80 0
115 80 0
116 80 0
117 80 0
70 81 0
71 81 0
72 81 0
73 81 0
74 81 0
75 81 0
83 81 0
93 81 0
94 81 0
95 81 0
96 81 0
97 81 0
98 81 0
100 81 0
109 81 0
110 81 0
111 81 0
112 81 0
113 81 0
114 81 0
115 81 0
116 81 0
71 82 0
72 82 0
74 82 0
93 82 0
94 82 0
95 82 0
96 82 0
97 82 0
98 82 0
100 82 0
109 82 0
111 82 0
112 82 0
113 82 0
114 82 0
115 82 0
116 82 0
117 82 0
118 82 0
68 83 0
69 83 0
70 83 0
71 83 0
72 83 0
78 83 0
82 83 0
93 83 0
94 83 0
95 83 0
96 83 0
97 83 0
98 83 0
99 83 0
111 83 0
112 83 0
113 83 0
114 83 0
115 83 0
116 83 0
66 84 0
69 84 0
70 84 0
71 84 0
72 84 0
73 84 0
79 84 0
83 84 0
93 84 0
94 84 0
95 84 0
96 84 0
97 84 0
98 84 0
99 84 0
100 84 0
101 84 0
111 84 0
112 84 0
113 84 0
114 84 0
115 84 0
116 84 0
68 85 0
69 85 0
70 85 0
71 85 0
72 85 0
73 85 0
79 85 0
82 85 0
94 85 0
95 85 0
96 85 0
97 85 0
98 85 0
107 85 0
112 85 0
113 85 0
114 85 0
115 85 0
116 85 0
117 85 0
118 85 0
68 86 0
69 86 0
70 86 0
71 86 0
72 86 0
73 86 0
79 86 0
80 86 0
82 86 0
84 86 0
94 86 0
95 86 0
96 86 0
97 86 0
98 86 0
99 86 0
100 86 0
101 86 0
102 86 0
103 86 0
104 86 0
105 86 0
107 86 0
112 86 0
113 86 0
114 86 0
115 86 0
116 86 0
120 86 0
67 87 0
68 87 0
69 87 0
70 87 0
71 87 0
72 87 0
73 87 0
77 87 0
78 87 0
84 87 0
94 87 0
95 87 0
96 87 0
97 87 0
98 87 0
99 87 0
100 87 0
101 87 0
103 87 0
105 87 0
112 87 0
113 87 0
114 87 0
115 87 0
116 87 0
118 87 0
66 88 0
67 88 0
68 88 0
69 88 0
70 88 0
71 88 0
72 88 0
73 88 0
74 88 0
78 88 0
79 88 0
81 88 0
94 88 0
95 88 0
96 88 0
97 88 0
98 88 0
99 88 0
100 88 0
101 88 0
102 88 0
103 88 0
104 88 0
106 88 0
112 88 0
113 88 0
114 88 0
115 88 0
117 88 0
68 89 0
69 89 0
70 89 0
71 89 0
72 89 0
73 89 0
74 89 0
78 89 0
79 89 0
83 89 0
84 89 0
94 89 0
95 89 0
96 89 0
97 89 0
98 89 0
99 89 0
100 89 0
101 89 0
103 89 0
104 89 0
105 89 0
106 89 0
107 89 0
112 89 0
113 89 0
114 89 0
115 89 0
116 89 0
117 89 0
118 89 0
67 90 0
68 90 0
69 90 0
70 90 0
71 90 0
72 90 0
73 90 0
74 90 0
75 90 0
76 90 0
78 90 0
81 90 0
82 90 0
83 90 0
84 90 0
94 90 0
95 90 0
96 90 0
97 90 0
98 90 0
99 90 0
100 90 0
101 90 0
102 90 0
103 90 0
104 90 0
112 90 0
113 90 0
114 90 0
115 90 0
116 90 0
117 90 0
118 90 0
119 90 0
67 91 0
68 91 0
69 91 0
70 91 0
71 91 0
72 91 0
73 91 0
74 91 0
78 91 0
80 91 0
82 91 0
83 91 0
84 91 0
86 91 0
93 91 0
94 91 0
95 91 0
96 91 0
97 91 0
98 91 0
99 91 0
100 91 0
101 91 0
102 91 0
103 91 0
104 91 0
105 91 0
106 91 0
109 91 0
110 91 0
112 91 0
113 91 0
114 91 0
115 91 0
116 91 0
117 91 0
118 91 0
67 92 0
68 92 0
69 92 0
70 92 0
71 92 0
72 92 0
73 92 0
74 92 0
75 92 0
76 92 0
77 92 0
78 92 0
79 92 0
80 92 0
81 92 0
82 92 0
83 92 0
84 92 0
85 92 0
93 92 0
94 92 0
95 92 0
96 92 0
97 92 0
98 92 0
99 92 0
100 92 0
101 92 0
103 92 0
104 92 0
109 92 0
112 92 0
113 92 0
114 92 0
115 92 0
116 92 0
117 92 0
118 92 0
67 93 0
68 93 0
69 93 0
70 93 0
71 93 0
72 93 0
73 93 0
74 93 0
75 93 0
76 93 0
77 93 0
78 93 0
80 93 0
81 93 0
82 93 0
83 93 0
84 93 0
85 93 0
86 93 0
87 93 0
92 93 0
93 93 0
94 93 0
95 93 0
96 93 0
97 93 0
98 93 0
99 93 0
100 93 0
101 93 0
102 93 0
103 93 0
104 93 0
107 93 0
112 93 0
113 93 0
114 93 0
115 93 0
116 93 0
117 93 0
118 93 0
119 93 0
68 94 0
69 94 0
70 94 0
71 94 0
72 94 0
73 94 0
74 94 0
75 94 0
76 94 0
77 94 0
78 94 0
79 94 0
80 94 0
81 94 0
82 94 0
83 94 0
84 94 0
85 94 0
86 94 0
87 94 0
88 94 0
92 94 0
93 94 0
94 94 0
95 94 0
96 94 0
97 94 0
98 94 0
99 94 0
100 94 0
101 94 0
102 94 0
103 94 0
104 94 0
112 94 0
113 94 0
114 94 0
115 94 0
116 94 0
117 94 0
68 95 0
69 95 0
70 95 0
71 95 0
72 95 0
73 95 0
74 95 0
75 95 0
76 95 0
77 95 0
78 95 0
79 95 0
80 95 0
81 95 0
82 95 0
83 95 0
84 95 0
85 95 0
86 95 0
87 95 0
88 95 0
89 95 0
92 95 0
93 95 0
94 95 0
95 95 0
96 95 0
97 95 0
98 95 0
100 95 0
105 95 0
106 95 0
109 95 0
112 95 0
113 95 0
114 95 0
115 95 0
116 95 0
117 95 0
118 95 0
68 96 0
69 96 0
70 96 0
71 96 0
72 96 0
73 96 0
74 96 0
75 96 0
76 96 0
77 96 0
78 96 0
79 96 0
80 96 0
81 96 0
82 96 0
83 96 0
84 96 0
85 96 0
86 96 0
87 96 0
88 96 0
89 96 0
90 96 0
91 96 0
92 96 0
93 96 0
94 96 0
95 96 0
96 96 0
97 96 0
98 96 0
99 96 0
100 96 0
101 96 0
102 96 0
103 96 0
104 96 0
109 96 0
112 96 0
113 96 0
114 96 0
115 96 0
116 96 0
117 96 0
68 97 0
69 97 0
70 97 0
71 97 0
72 97 0
73 97 0
74 97 0
75 97 0
76 97 0
77 97 0
78 97 0
79 97 0
80 97 0
81 97 0
82 97 0
83 97 0
84 97 0
85 97 0
86 97 0
87 97 0
88 97 0
89 97 0
90 97 0
91 97 0
92 97 0
93 97 0
94 97 0
95 97 0
96 97 0
97 97 0
98 97 0
99 97 0
100 97 0
101 97 0
102 97 0
103 97 0
104 97 0
105 97 0
111 97 0
112 97 0
113 97 0
114 97 0
115 97 0
116 97 0
117 97 0
69 98 0
70 98 0
71 98 0
72 98 0
73 98 0
74 98 0
75 98 0
76 98 0
77 98 0
78 98 0
79 98 0
80 98 0
81 98 0
82 98 0
83 98 0
84 98 0
85 98 0
86 98 0
87 98 0
88 98 0
89 98 0
90 98 0
91 98 0
92 98 0
93 98 0
94 98 0
95 98 0
96 98 0
97 98 0
98 98 0
99 98 0
100 98 0
101 98 0
102 98 0
103 98 0
104 98 0
105 98 0
107 98 0
111 98 0
112 98 0
113 98 0
114 98 0
115 98 0
116 98 0
117 98 0
69 99 0
70 99 0
71 99 0
72 99 0
73 99 0
74 99 0
75 99 0
76 99 0
77 99 0
78 99 0
79 99 0
80 99 0
81 99 0
82 99 0
83 99 0
84 99 0
85 99 0
86 99 0
87 99 0
88 99 0
89 99 0
90 99 0
91 99 0
92 99 0
93 99 0
94 99 0
95 99 0
96 99 0
97 99 0
98 99 0
99 99 0
100 99 0
101 99 0
102 99 0
104 99 0
105 99 0
106 99 0
110 99 0
111 99 0
112 99 0
113 99 0
114 99 0
115 99 0
116 99 0
117 99 0
118 99 0
119 99 0
70 100 0
71 100 0
72 100 0
73 100 0
74 100 0
75 100 0
76 100 0
79 100 0
80 100 0
81 100 0
82 100 0
83 100 0
84 100 0
85 100 0
86 100 0
87 100 0
88 100 0
89 100 0
90 100 0
91 100 0
92 100 0
93 100 0
94 100 0
95 100 0
96 100 0
97 100 0
98 100 0
99 100 0
101 100 0
102 100 0
104 100 0
105 100 0
106 100 0
107 100 0
110 100 0
111 100 0
112 100 0
113 100 0
114 100 0
115 100 0
116 100 0
117 100 0
118 100 0
119 100 0
70 101 0
71 101 0
72 101 0
73 101 0
74 101 0
75 101 0
76 101 0
77 101 0
79 101 0
83 101 0
84 101 0
85 101 0
86 101 0
87 101 0
89 101 0
90 101 0
91 101 0
92 101 0
93 101 0
94 101 0
95 101 0
96 101 0
97 101 0
98 101 0
99 101 0
100 101 0
101 101 0
102 101 0
103 101 0
104 101 0
105 101 0
106 101 0
109 101 0
110 101 0
111 101 0
112 101 0
113 101 0
114 101 0
116 101 0
117 101 0
118 101 0
119 101 0
70 102 0
71 102 0
72 102 0
75 102 0
76 102 0
77 102 0
78 102 0
79 102 0
81 102 0
84 102 0
85 102 0
86 102 0
88 102 0
89 102 0
90 102 0
91 102 0
92 102 0
93 102 0
94 102 0
95 102 0
96 102 0
97 102 0
98 102 0
99 102 0
100 102 0
101 102 0
103 102 0
104 102 0
105 102 0
106 102 0
109 102 0
110 102 0
111 102 0
112 102 0
113 102 0
114 102 0
115 102 0
116 102 0
117 102 0
71 103 0
72 103 0
73 103 0
74 103 0
75 103 0
76 103 0
77 103 0
80 103 0
81 103 0
83 103 0
84 103 0
85 103 0
87 103 0
88 103 0
89 103 0
90 103 0
91 103 0
92 103 0
93 103 0
94 103 0
95 103 0
96 103 0
97 103 0
98 103 0
99 103 0
100 103 0
101 103 0
102 103 0
103 103 0
108 103 0
109 103 0
110 103 0
111 103 0
112 103 0
113 103 0
114 103 0
115 103 0
116 103 0
117 103 0
71 104 0
72 104 0
73 104 0
74 104 0
75 104 0
76 104 0
77 104 0
79 104 0
82 104 0
87 104 0
88 104 0
89 104 0
90 104 0
91 104 0
92 104 0
93 104 0
94 104 0
97 104 0
98 104 0
99 104 0
102 104 0
103 104 0
104 104 0
105 104 0
108 104 0
109 104 0
110 104 0
111 104 0
112 104 0
113 104 0
114 104 0
115 104 0
116 104 0
117 104 0
120 104 0
72 105 0
73 105 0
74 105 0
75 105 0
77 105 0
91 105 0
92 105 0
93 105 0
94 105 0
95 105 0
96 105 0
97 105 0
98 105 0
105 105 0
107 105 0
108 105 0
109 105 0
110 105 0
111 105 0
112 105 0
113 105 0
114 105 0
115 105 0
116 105 0
72 106 0
73 106 0
74 106 0
76 106 0
77 106 0
89 106 0
90 106 0
91 106 0
92 106 0
93 106 0
94 106 0
95 106 0
96 106 0
97 106 0
98 106 0
100 106 0
101 106 0
102 106 0
107 106 0
108 106 0
109 106 0
110 106 0
111 106 0
112 106 0
113 106 0
114 106 0
115 106 0
116 106 0
73 107 0
74 107 0
75 107 0
76 107 0
77 107 0
89 107 0
91 107 0
92 107 0
93 107 0
94 107 0
95 107 0
96 107 0
97 107 0
98 107 0
99 107 0
101 107 0
102 107 0
106 107 0
107 107 0
108 107 0
109 107 0
110 107 0
111 107 0
112 107 0
113 107 0
114 107 0
115 107 0
116 107 0
74 108 0
75 108 0
76 108 0
77 108 0
78 108 0
79 108 0
80 108 0
88 108 0
89 108 0
91 108 0
92 108 0
93 108 0
94 108 0
95 108 0
96 108 0
97 108 0
98 108 0
100 108 0
102 108 0
103 108 0
105 108 0
106 108 0
107 108 0
108 108 0
109 108 0
110 108 0
111 108 0
112 108 0
113 108 0
114 108 0
74 109 0
75 109 0
77 109 0
78 109 0
79 109 0
80 109 0
81 109 0
88 109 0
90 109 0
91 109 0
92 109 0
93 109 0
94 109 0
97 109 0
104 109 0
105 109 0
106 109 0
107 109 0
108 109 0
109 109 0
110 109 0
111 109 0
112 109 0
113 109 0
114 109 0
75 110 0
76 110 0
77 110 0
78 110 0
79 110 0
80 110 0
81 110 0
82 110 0
83 110 0
88 110 0
90 110 0
91 110 0
92 110 0
93 110 0
95 110 0
97 110 0
103 110 0
104 110 0
105 110 0
106 110 0
107 110 0
108 110 0
109 110 0
110 110 0
111 110 0
113 110 0
114 110 0
77 111 0
78 111 0
79 111 0
80 111 0
81 111 0
82 111 0
83 111 0
84 111 0
88 111 0
90 111 0
91 111 0
92 111 0
93 111 0
94 111 0
95 111 0
96 111 0
97 111 0
102 111 0
103 111 0
104 111 0
105 111 0
106 111 0
107 111 0
108 111 0
109 111 0
110 111 0
111 111 0
112 111 0
113 111 0
78 112 0
79 112 0
80 112 0
81 112 0
82 112 0
83 112 0
84 112 0
85 112 0
86 112 0
87 112 0
88 112 0
89 112 0
90 112 0
91 112 0
94 112 0
101 112 0
102 112 0
103 112 0
104 112 0
105 112 0
106 112 0
107 112 0
108 112 0
109 112 0
110 112 0
111 112 0
112 112 0
79 113 0
80 113 0
81 113 0
82 113 0
83 113 0
84 113 0
85 113 0
86 113 0
87 113 0
88 113 0
89 113 0
90 113 0
91 113 0
92 113 0
93 113 0
94 113 0
95 113 0
96 113 0
97 113 0
98 113 0
99 113 0
100 113 0
101 113 0
102 113 0
103 113 0
104 113 0
105 113 0
106 113 0
107 113 0
108 113 0
109 113 0
110 113 0
111 113 0
112 113 0
113 113 0
121 113 0
80 114 0
81 114 0
82 114 0
83 114 0
84 114 0
85 114 0
86 114 0
87 114 0
88 114 0
89 114 0
90 114 0
91 114 0
92 114 0
93 114 0
94 114 0
95 114 0
96 114 0
97 114 0
98 114 0
99 114 0
100 114 0
101 114 0
102 114 0
103 114 0
104 114 0
105 114 0
106 114 0
107 114 0
108 114 0
109 114 0
110 114 0
111 114 0
115 114 0
80 115 0
81 115 0
82 115 0
83 115 0
84 115 0
85 115 0
86 115 0
87 115 0
88 115 0
89 115 0
90 115 0
91 115 0
92 115 0
93 115 0
94 115 0
95 115 0
96 115 0
97 115 0
98 115 0
99 115 0
100 115 0
101 115 0
102 115 0
103 115 0
104 115 0
105 115 0
106 115 0
107 115 0
108 115 0
109 115 0
110 115 0
111 115 0
84 116 0
85 116 0
86 116 0
87 116 0
88 116 0
89 116 0
90 116 0
91 116 0
92 116 0
93 116 0
94 116 0
95 116 0
96 116 0
97 116 0
98 116 0
99 116 0
100 116 0
101 116 0
102 116 0
103 116 0
104 116 0
105 116 0
106 116 0
107 116 0
108 116 0
109 116 0
111 116 0
85 117 0
86 117 0
87 117 0
90 117 0
91 117 0
92 117 0
93 117 0
94 117 0
95 117 0
96 117 0
97 117 0
98 117 0
99 117 0
100 117 0
101 117 0
102 117 0
103 117 0
104 117 0
105 117 0
106 117 0
107 117 0
108 117 0
85 118 0
86 118 0
88 118 0
89 118 0
92 118 0
93 118 0
94 118 0
95 118 0
96 118 0
97 118 0
98 118 0
99 118 0
100 118 0
101 118 0
102 118 0
103 118 0
104 118 0
105 118 0
106 118 0
107 118 0
90 119 0
91 119 0
92 119 0
93 119 0
94 119 0
95 119 0
96 119 0
97 119 0
98 119 0
99 119 0
100 119 0
101 119 0
102 119 0
103 119 0
104 119 0
106 119 0
90 120 0
91 120 0
92 120 0
93 120 0
94 120 0
95 120 0
96 120 0
97 120 0
98 120 0
99 120 0
100 120 0
92 121 0
96 121 0
97 121 0
98 121 0
99 121 0
100 121 0
97 122 0
188 93 1
185 94 1
186 94 1
187 94 1
188 94 1
189 94 1
191 94 1
192 94 1
180 95 1
182 95 1
183 95 1
184 95 1
185 95 1
186 95 1
187 95 1
188 95 1
189 95 1
190 95 1
191 95 1
192 95 1
194 95 1
180 96 1
182 96 1
184 96 1
185 96 1
186 96 1
187 96 1
188 96 1
189 96 1
190 96 1
191 96 1
194 96 1
197 96 1
199 96 1
200 96 1
201 96 1
202 96 1
178 97 1
180 97 1
182 97 1
184 97 1
185 97 1
186 97 1
187 97 1
188 97 1
192 97 1
193 97 1
194 97 1
198 97 1
199 97 1
200 97 1
201 97 1
202 97 1
203 97 1
204 97 1
205 97 1
206 97 1
178 98 1
179 98 1
180 98 1
184 98 1
185 98 1
186 98 1
187 98 1
188 98 1
189 98 1
194 98 1
195 98 1
196 98 1
197 98 1
201 98 1
204 98 1
205 98 1
206 98 1
207 98 1
208 98 1
209 98 1
210 98 1
211 98 1
178 99 1
182 99 1
186 99 1
187 99 1
188 99 1
189 99 1
191 99 1
192 99 1
194 99 1
198 99 1
199 99 1
204 99 1
213 99 1
218 99 1
186 100 1
187 100 1
188 100 1
189 100 1
190 100 1
191 100 1
192 100 1
193 100 1
194 100 1
195 100 1
223 100 1
185 101 1
186 101 1
188 101 1
189 101 1
190 101 1
191 101 1
192 101 1
193 101 1
196 101 1
198 101 1
234 101 1
235 101 1
236 101 1
237 101 1
238 101 1
184 102 1
185 102 1
186 102 1
187 102 1
188 102 1
190 102 1
192 102 1
194 102 1
197 102 1
198 102 1
199 102 1
201 102 1
202 102 1
206 102 1
237 102 1
238 102 1
240 102 1
241 102 1
242 102 1
184 103 1
185 103 1
186 103 1
190 103 1
192 103 1
196 103 1
197 103 1
198 103 1
200 103 1
202 103 1
203 103 1
204 103 1
205 103 1
208 103 1
226 103 1
243 103 1
245 103 1
246 103 1
247 103 1
248 103 1
185 104 1
190 104 1
191 104 1
192 104 1
195 104 1
198 104 1
199 104 1
200 104 1
201 104 1
204 104 1
205 104 1
206 104 1
207 104 1
222 104 1
228 104 1
247 104 1
248 104 1
249 104 1
190 105 1
192 105 1
193 105 1
198 105 1
199 105 1
206 105 1
207 105 1
209 105 1
210 105 1
212 105 1
215 105 1
216 105 1
217 105 1
220 105 1
221 105 1
222 105 1
225 105 1
190 106 1
210 106 1
187 107 1
197 107 1
187 108 1
283 108 1
196 111 1
210 111 1
287 111 1
288 111 1
287 112 1
288 112 1
289 112 1
290 112 1
291 112 1
218 113 1
219 113 1
220 113 1
249 113 1
289 113 1
290 113 1
291 113 1
292 113 1
293 113 1
294 113 1
304 113 1
306 113 1
293 114 1
294 114 1
295 114 1
296 114 1
297 114 1
298 114 1
299 114 1
300 114 1
301 114 1
302 114 1
303 114 1
304 114 1
305 114 1
306 114 1
307 114 1
308 114 1
309 114 1
310 114 1
311 114 1
312 114 1
313 114 1
314 114 1
315 114 1
316 114 1
317 114 1
318 114 1
319 114 1
248 115 1
296 115 1
297 115 1
298 115 1
299 115 1
319 115 1
320 115 1
321 115 1
322 115 1
323 115 1
247 116 1
248 116 1
321 116 1
322 116 1
323 116 1
324 116 1
285 117 1
324 117 1
325 117 1
326 117 1
248 118 1
327 118 1
328 118 1
246 119 1
247 119 1
248 119 1
322 119 1
329 119 1
330 119 1
336 119 1
337 119 1
338 119 1
247 120 1
248 120 1
249 120 1
330 120 1
331 120 1
332 120 1
247 121 1
248 121 1
247 122 1
248 122 1
249 122 1
279 122 1
248 123 1
249 123 1
249 124 1
248 125 1
249 125 1
249 126 1
250 126 1
249 127 1
250 127 1
251 127 1
252 127 1
253 127 1
250 128 1
251 128 1
252 128 1
253 128 1
254 128 1
256 128 1
255 129 1
256 129 1
257 129 1
258 129 1
258 130 1
259 130 1
260 130 1
259 131 1
260 131 1
261 131 1
262 131 1
261 132 1
262 132 1
263 132 1
263 133 1
264 133 1
265 133 1
266 133 1
266 134 1
267 134 1
268 134 1
268 135 1
269 135 1
270 135 1
271 135 1
271 136 1
272 136 1
273 136 1
273 137 1
274 137 1
275 137 1
276 137 1
277 137 1
275 138 1
276 138 1
277 138 1
278 138 1
279 138 1
279 139 1
280 139 1
281 139 1
284 139 1
285 140 1
286 140 1
287 140 1
290 141 1
291 141 1
294 142 1
295 142 1
295 143 1
296 143 1
297 143 1
298 143 1
299 143 1
298 144 1
299 144 1
300 144 1
301 144 1
302 144 1
303 144 1
300 145 1
301 145 1
302 145 1
303 145 1
304 145 1
305 145 1
306 145 1
304 146 1
305 146 1
306 146 1
307 146 1
308 146 1
309 146 1
312 146 1
308 147 1
309 147 1
310 147 1
311 147 1
312 147 1
313 147 1
314 147 1
315 147 1
312 148 1
313 148 1
314 148 1
315 148 1
316 148 1
317 148 1
318 148 1
319 148 1
318 149 1
319 149 1
320 149 1
321 149 1
322 149 1
323 149 1
322 150 1
323 150 1
324 150 1
325 150 1
326 150 1
327 150 1
328 150 1
329 150 1
327 151 1
328 151 1
329 151 1
330 151 1
331 151 1
332 151 1
333 151 1
335 151 1
333 152 1
334 152 1
335 152 1
336 152 1
337 152 1
338 152 1
336 153 1
337 153 1
338 153 1
339 153 1
340 153 1
341 153 1
339 154 1
340 154 1
341 154 1
342 154 1
343 154 1
342 155 1
344 155 1
