69 39 0
70 39 0
71 39 0
72 39 0
74 39 0
68 40 0
69 40 0
70 40 0
71 40 0
73 40 0
74 40 0
66 41 0
67 41 0
68 41 0
69 41 0
70 41 0
71 41 0
72 41 0
73 41 0
74 41 0
76 41 0
77 41 0
78 41 0
65 42 0
66 42 0
67 42 0
68 42 0
69 42 0
70 42 0
71 42 0
72 42 0
73 42 0
74 42 0
75 42 0
76 42 0
77 42 0
78 42 0
64 43 0
65 43 0
66 43 0
67 43 0
68 43 0
69 43 0
70 43 0
71 43 0
72 43 0
74 43 0
80 43 0
81 43 0
65 44 0
66 44 0
67 44 0
68 44 0
69 44 0
70 44 0
72 44 0
75 44 0
76 44 0
79 44 0
80 44 0
81 44 0
64 45 0
65 45 0
66 45 0
67 45 0
68 45 0
74 45 0
75 45 0
79 45 0
80 45 0
82 45 0
84 45 0
64 46 0
65 46 0
66 46 0
67 46 0
69 46 0
72 46 0
75 46 0
64 47 0
65 47 0
66 47 0
67 47 0
75 47 0
79 47 0
80 47 0
82 47 0
83 47 0
79 48 0
80 48 0
83 48 0
79 49 0
80 49 0
83 49 0
65 50 0
85 50 0
86 50 0
87 50 0
88 50 0
90 50 0
78 51 0
87 51 0
88 51 0
92 54 0
93 54 0
68 55 0
92 55 0
94 56 0
70 57 0
71 57 0
72 57 0
76 57 0
94 57 0
98 57 0
70 58 0
73 58 0
75 58 0
76 58 0
94 58 0
95 58 0
98 58 0
75 59 0
76 59 0
77 59 0
95 59 0
98 59 0
100 59 0
68 60 0
76 60 0
77 60 0
78 60 0
95 60 0
96 60 0
99 60 0
101 60 0
77 61 0
78 61 0
79 61 0
96 61 0
98 61 0
99 61 0
100 61 0
101 61 0
78 62 0
79 62 0
80 62 0
81 62 0
96 62 0
97 62 0
98 62 0
99 62 0
100 62 0
101 62 0
78 63 0
79 63 0
81 63 0
96 63 0
97 63 0
98 63 0
99 63 0
101 63 0
79 64 0
80 64 0
81 64 0
82 64 0
96 64 0
97 64 0
98 64 0
99 64 0
100 64 0
101 64 0
79 65 0
80 65 0
81 65 0
82 65 0
97 65 0
98 65 0
99 65 0
100 65 0
101 65 0
102 65 0
103 65 0
79 66 0
80 66 0
81 66 0
82 66 0
83 66 0
84 66 0
85 66 0
96 66 0
97 66 0
98 66 0
99 66 0
100 66 0
101 66 0
79 67 0
80 67 0
81 67 0
82 67 0
83 67 0
84 67 0
85 67 0
94 67 0
97 67 0
98 67 0
99 67 0
100 67 0
101 67 0
102 67 0
103 67 0
80 68 0
81 68 0
82 68 0
83 68 0
84 68 0
85 68 0
86 68 0
96 68 0
97 68 0
98 68 0
99 68 0
100 68 0
101 68 0
102 68 0
103 68 0
80 69 0
81 69 0
82 69 0
83 69 0
84 69 0
85 69 0
86 69 0
96 69 0
97 69 0
98 69 0
99 69 0
100 69 0
101 69 0
102 69 0
103 69 0
104 69 0
80 70 0
81 70 0
82 70 0
83 70 0
84 70 0
85 70 0
86 70 0
87 70 0
97 70 0
98 70 0
99 70 0
100 70 0
101 70 0
102 70 0
103 70 0
104 70 0
81 71 0
82 71 0
83 71 0
84 71 0
85 71 0
86 71 0
87 71 0
97 71 0
98 71 0
99 71 0
100 71 0
101 71 0
102 71 0
103 71 0
104 71 0
81 72 0
82 72 0
83 72 0
84 72 0
85 72 0
86 72 0
87 72 0
93 72 0
98 72 0
99 72 0
100 72 0
101 72 0
102 72 0
103 72 0
56 73 0
81 73 0
82 73 0
83 73 0
84 73 0
85 73 0
86 73 0
87 73 0
95 73 0
97 73 0
98 73 0
99 73 0
100 73 0
101 73 0
102 73 0
105 73 0
81 74 0
82 74 0
83 74 0
84 74 0
85 74 0
86 74 0
87 74 0
89 74 0
90 74 0
92 74 0
93 74 0
95 74 0
96 74 0
98 74 0
99 74 0
100 74 0
101 74 0
102 74 0
103 74 0
104 74 0
57 75 0
58 75 0
60 75 0
62 75 0
70 75 0
82 75 0
83 75 0
84 75 0
85 75 0
86 75 0
87 75 0
88 75 0
89 75 0
90 75 0
91 75 0
92 75 0
93 75 0
94 75 0
98 75 0
99 75 0
100 75 0
101 75 0
102 75 0
103 75 0
104 75 0
106 75 0
57 76 0
58 76 0
59 76 0
60 76 0
72 76 0
82 76 0
83 76 0
84 76 0
85 76 0
86 76 0
87 76 0
88 76 0
89 76 0
90 76 0
91 76 0
92 76 0
95 76 0
98 76 0
99 76 0
100 76 0
101 76 0
102 76 0
103 76 0
104 76 0
56 77 0
57 77 0
58 77 0
59 77 0
61 77 0
62 77 0
63 77 0
82 77 0
83 77 0
84 77 0
85 77 0
86 77 0
87 77 0
88 77 0
89 77 0
90 77 0
92 77 0
93 77 0
94 77 0
99 77 0
100 77 0
101 77 0
102 77 0
103 77 0
104 77 0
56 78 0
57 78 0
58 78 0
60 78 0
61 78 0
62 78 0
67 78 0
82 78 0
83 78 0
84 78 0
85 78 0
86 78 0
87 78 0
88 78 0
89 78 0
90 78 0
91 78 0
92 78 0
93 78 0
94 78 0
99 78 0
100 78 0
101 78 0
102 78 0
103 78 0
104 78 0
105 78 0
57 79 0
58 79 0
59 79 0
60 79 0
61 79 0
62 79 0
63 79 0
70 79 0
72 79 0
82 79 0
83 79 0
84 79 0
85 79 0
86 79 0
87 79 0
88 79 0
93 79 0
94 79 0
99 79 0
100 79 0
101 79 0
102 79 0
103 79 0
104 79 0
105 79 0
107 79 0
57 80 0
58 80 0
59 80 0
60 80 0
61 80 0
62 80 0
63 80 0
70 80 0
71 80 0
72 80 0
82 80 0
83 80 0
84 80 0
85 80 0
86 80 0
87 80 0
88 80 0
90 80 0
92 80 0
93 80 0
96 80 0
99 80 0
100 80 0
101 80 0
102 80 0
103 80 0
104 80 0
57 81 0
58 81 0
59 81 0
60 81 0
61 81 0
62 81 0
67 81 0
69 81 0
70 81 0
71 81 0
72 81 0
73 81 0
81 81 0
82 81 0
83 81 0
84 81 0
85 81 0
86 81 0
87 81 0
88 81 0
89 81 0
90 81 0
92 81 0
93 81 0
97 81 0
99 81 0
100 81 0
101 81 0
102 81 0
103 81 0
104 81 0
106 81 0
57 82 0
58 82 0
59 82 0
62 82 0
64 82 0
65 82 0
66 82 0
67 82 0
68 82 0
69 82 0
70 82 0
71 82 0
72 82 0
73 82 0
75 82 0
81 82 0
82 82 0
83 82 0
84 82 0
85 82 0
86 82 0
87 82 0
88 82 0
89 82 0
90 82 0
91 82 0
92 82 0
93 82 0
94 82 0
99 82 0
100 82 0
101 82 0
102 82 0
103 82 0
104 82 0
106 82 0
59 83 0
64 83 0
67 83 0
69 83 0
70 83 0
71 83 0
73 83 0
74 83 0
75 83 0
76 83 0
80 83 0
81 83 0
82 83 0
83 83 0
84 83 0
85 83 0
86 83 0
87 83 0
88 83 0
89 83 0
90 83 0
91 83 0
92 83 0
99 83 0
100 83 0
101 83 0
102 83 0
103 83 0
104 83 0
58 84 0
59 84 0
60 84 0
63 84 0
64 84 0
69 84 0
70 84 0
71 84 0
72 84 0
73 84 0
74 84 0
75 84 0
76 84 0
77 84 0
80 84 0
81 84 0
82 84 0
83 84 0
84 84 0
85 84 0
86 84 0
90 84 0
92 84 0
93 84 0
94 84 0
96 84 0
97 84 0
99 84 0
100 84 0
101 84 0
102 84 0
103 84 0
104 84 0
58 85 0
59 85 0
60 85 0
61 85 0
62 85 0
63 85 0
64 85 0
70 85 0
72 85 0
73 85 0
74 85 0
75 85 0
76 85 0
77 85 0
78 85 0
79 85 0
80 85 0
81 85 0
82 85 0
83 85 0
84 85 0
85 85 0
86 85 0
87 85 0
88 85 0
90 85 0
99 85 0
100 85 0
101 85 0
102 85 0
103 85 0
104 85 0
58 86 0
59 86 0
60 86 0
61 86 0
62 86 0
64 86 0
72 86 0
74 86 0
76 86 0
77 86 0
78 86 0
79 86 0
80 86 0
81 86 0
82 86 0
83 86 0
84 86 0
85 86 0
86 86 0
87 86 0
88 86 0
89 86 0
90 86 0
96 86 0
99 86 0
100 86 0
101 86 0
102 86 0
103 86 0
104 86 0
105 86 0
58 87 0
59 87 0
70 87 0
71 87 0
72 87 0
73 87 0
74 87 0
76 87 0
77 87 0
78 87 0
79 87 0
80 87 0
81 87 0
82 87 0
83 87 0
84 87 0
85 87 0
86 87 0
87 87 0
88 87 0
89 87 0
90 87 0
92 87 0
93 87 0
94 87 0
98 87 0
99 87 0
100 87 0
101 87 0
102 87 0
103 87 0
104 87 0
58 88 0
59 88 0
73 88 0
74 88 0
79 88 0
80 88 0
81 88 0
82 88 0
83 88 0
84 88 0
85 88 0
86 88 0
87 88 0
88 88 0
89 88 0
92 88 0
93 88 0
95 88 0
98 88 0
99 88 0
100 88 0
101 88 0
102 88 0
103 88 0
104 88 0
60 89 0
61 89 0
78 89 0
79 89 0
80 89 0
81 89 0
82 89 0
83 89 0
84 89 0
85 89 0
86 89 0
87 89 0
88 89 0
89 89 0
90 89 0
91 89 0
92 89 0
93 89 0
94 89 0
95 89 0
98 89 0
99 89 0
100 89 0
101 89 0
102 89 0
103 89 0
104 89 0
105 89 0
59 90 0
60 90 0
61 90 0
63 90 0
75 90 0
78 90 0
79 90 0
80 90 0
81 90 0
82 90 0
83 90 0
84 90 0
85 90 0
86 90 0
87 90 0
88 90 0
89 90 0
90 90 0
93 90 0
97 90 0
98 90 0
99 90 0
100 90 0
101 90 0
102 90 0
103 90 0
104 90 0
78 91 0
79 91 0
80 91 0
81 91 0
82 91 0
83 91 0
84 91 0
85 91 0
86 91 0
87 91 0
88 91 0
89 91 0
90 91 0
92 91 0
93 91 0
97 91 0
98 91 0
99 91 0
100 91 0
101 91 0
102 91 0
103 91 0
104 91 0
64 92 0
75 92 0
77 92 0
78 92 0
79 92 0
80 92 0
82 92 0
83 92 0
84 92 0
85 92 0
86 92 0
87 92 0
88 92 0
89 92 0
91 92 0
92 92 0
96 92 0
97 92 0
98 92 0
99 92 0
100 92 0
101 92 0
102 92 0
103 92 0
104 92 0
105 92 0
77 93 0
79 93 0
80 93 0
81 93 0
82 93 0
83 93 0
84 93 0
85 93 0
86 93 0
87 93 0
88 93 0
89 93 0
91 93 0
92 93 0
96 93 0
97 93 0
98 93 0
99 93 0
100 93 0
101 93 0
102 93 0
103 93 0
104 93 0
105 93 0
79 94 0
80 94 0
81 94 0
82 94 0
83 94 0
84 94 0
85 94 0
86 94 0
87 94 0
88 94 0
89 94 0
95 94 0
96 94 0
97 94 0
98 94 0
99 94 0
100 94 0
101 94 0
102 94 0
103 94 0
78 95 0
79 95 0
80 95 0
81 95 0
82 95 0
83 95 0
84 95 0
85 95 0
86 95 0
87 95 0
94 95 0
95 95 0
96 95 0
97 95 0
98 95 0
99 95 0
100 95 0
101 95 0
102 95 0
103 95 0
104 95 0
64 96 0
75 96 0
79 96 0
81 96 0
82 96 0
83 96 0
84 96 0
85 96 0
86 96 0
87 96 0
88 96 0
89 96 0
90 96 0
93 96 0
94 96 0
95 96 0
96 96 0
97 96 0
98 96 0
99 96 0
100 96 0
101 96 0
102 96 0
103 96 0
104 96 0
105 96 0
66 97 0
67 97 0
68 97 0
75 97 0
76 97 0
78 97 0
79 97 0
80 97 0
81 97 0
82 97 0
84 97 0
85 97 0
86 97 0
87 97 0
92 97 0
93 97 0
94 97 0
95 97 0
96 97 0
97 97 0
98 97 0
99 97 0
100 97 0
101 97 0
102 97 0
68 98 0
69 98 0
70 98 0
78 98 0
80 98 0
81 98 0
82 98 0
83 98 0
92 98 0
93 98 0
94 98 0
95 98 0
96 98 0
97 98 0
98 98 0
99 98 0
100 98 0
101 98 0
102 98 0
103 98 0
67 99 0
68 99 0
69 99 0
70 99 0
71 99 0
76 99 0
77 99 0
78 99 0
79 99 0
80 99 0
81 99 0
82 99 0
83 99 0
91 99 0
92 99 0
93 99 0
94 99 0
95 99 0
96 99 0
97 99 0
98 99 0
99 99 0
100 99 0
101 99 0
67 100 0
68 100 0
69 100 0
70 100 0
71 100 0
72 100 0
73 100 0
74 100 0
77 100 0
78 100 0
79 100 0
80 100 0
81 100 0
82 100 0
84 100 0
90 100 0
91 100 0
92 100 0
93 100 0
94 100 0
95 100 0
96 100 0
97 100 0
98 100 0
99 100 0
100 100 0
101 100 0
102 100 0
70 101 0
71 101 0
72 101 0
73 101 0
74 101 0
75 101 0
76 101 0
77 101 0
78 101 0
79 101 0
87 101 0
88 101 0
89 101 0
90 101 0
91 101 0
92 101 0
93 101 0
94 101 0
95 101 0
96 101 0
97 101 0
98 101 0
99 101 0
100 101 0
102 101 0
72 102 0
73 102 0
74 102 0
75 102 0
76 102 0
77 102 0
78 102 0
79 102 0
80 102 0
87 102 0
88 102 0
89 102 0
90 102 0
91 102 0
92 102 0
93 102 0
94 102 0
95 102 0
96 102 0
97 102 0
98 102 0
99 102 0
100 102 0
101 102 0
104 102 0
73 103 0
74 103 0
75 103 0
76 103 0
77 103 0
78 103 0
79 103 0
80 103 0
81 103 0
82 103 0
83 103 0
84 103 0
85 103 0
86 103 0
87 103 0
88 103 0
89 103 0
90 103 0
91 103 0
92 103 0
93 103 0
94 103 0
95 103 0
96 103 0
97 103 0
98 103 0
99 103 0
100 103 0
104 103 0
74 104 0
75 104 0
76 104 0
77 104 0
78 104 0
79 104 0
80 104 0
81 104 0
82 104 0
83 104 0
84 104 0
85 104 0
86 104 0
87 104 0
88 104 0
89 104 0
90 104 0
91 104 0
92 104 0
93 104 0
94 104 0
95 104 0
96 104 0
97 104 0
98 104 0
99 104 0
75 105 0
79 105 0
80 105 0
81 105 0
82 105 0
83 105 0
84 105 0
85 105 0
86 105 0
87 105 0
88 105 0
89 105 0
90 105 0
91 105 0
92 105 0
93 105 0
94 105 0
95 105 0
98 105 0
99 105 0
100 105 0
80 106 0
81 106 0
82 106 0
83 106 0
84 106 0
85 106 0
86 106 0
87 106 0
88 106 0
89 106 0
90 106 0
91 106 0
92 106 0
93 106 0
94 106 0
95 106 0
96 106 0
97 106 0
98 106 0
99 106 0
79 107 0
80 107 0
81 107 0
82 107 0
83 107 0
84 107 0
85 107 0
86 107 0
87 107 0
88 107 0
89 107 0
90 107 0
93 107 0
96 107 0
97 107 0
98 107 0
99 107 0
78 108 0
79 108 0
80 108 0
81 108 0
82 108 0
83 108 0
84 108 0
85 108 0
86 108 0
87 108 0
88 108 0
89 108 0
90 108 0
91 108 0
96 108 0
97 108 0
78 109 0
79 109 0
80 109 0
81 109 0
83 109 0
84 109 0
85 109 0
86 109 0
87 109 0
88 109 0
89 109 0
90 109 0
91 109 0
93 109 0
97 109 0
98 109 0
84 110 0
85 110 0
86 110 0
89 110 0
90 110 0
91 110 0
92 110 0
93 110 0
95 110 0
96 110 0
88 111 0
91 111 0
92 111 0
95 111 0
87 112 0
91 112 0
92 112 0
93 112 0
95 112 0
96 112 0
87 113 0
94 113 0
95 113 0
91 115 0
242 104 1
243 104 1
244 104 1
243 105 1
244 105 1
245 105 1
246 105 1
247 105 1
248 105 1
245 106 1
246 106 1
247 106 1
248 106 1
249 106 1
256 106 1
247 107 1
258 107 1
281 110 1
283 110 1
286 112 1
287 113 1
288 113 1
289 113 1
288 114 1
289 114 1
290 114 1
291 114 1
292 114 1
293 114 1
289 115 1
290 115 1
291 115 1
292 115 1
293 115 1
294 115 1
295 115 1
296 115 1
301 115 1
302 115 1
303 115 1
304 115 1
305 115 1
306 115 1
307 115 1
308 115 1
309 115 1
310 115 1
311 115 1
312 115 1
313 115 1
314 115 1
315 115 1
316 115 1
317 115 1
318 115 1
319 115 1
293 116 1
294 116 1
295 116 1
296 116 1
297 116 1
298 116 1
299 116 1
300 116 1
301 116 1
302 116 1
303 116 1
304 116 1
305 116 1
306 116 1
307 116 1
308 116 1
309 116 1
310 116 1
311 116 1
312 116 1
313 116 1
314 116 1
315 116 1
316 116 1
317 116 1
318 116 1
319 116 1
320 116 1
321 116 1
322 116 1
296 117 1
297 117 1
298 117 1
299 117 1
319 117 1
320 117 1
321 117 1
322 117 1
323 117 1
324 117 1
247 118 1
323 118 1
324 118 1
325 118 1
326 118 1
327 118 1
324 119 1
325 119 1
326 119 1
327 119 1
328 119 1
340 119 1
327 120 1
328 120 1
329 120 1
330 120 1
334 120 1
335 120 1
336 120 1
337 120 1
338 120 1
339 120 1
246 121 1
247 121 1
248 121 1
329 121 1
330 121 1
331 121 1
332 121 1
333 121 1
336 121 1
337 121 1
338 121 1
339 121 1
246 122 1
247 122 1
248 122 1
331 122 1
332 122 1
247 123 1
248 123 1
247 124 1
248 124 1
279 124 1
248 125 1
249 125 1
248 126 1
248 127 1
249 127 1
248 128 1
249 128 1
250 128 1
249 129 1
250 129 1
251 129 1
252 129 1
253 129 1
255 129 1
249 130 1
250 130 1
251 130 1
252 130 1
253 130 1
254 130 1
255 130 1
256 130 1
257 130 1
254 131 1
255 131 1
256 131 1
257 131 1
258 131 1
259 131 1
254 132 1
255 132 1
256 132 1
257 132 1
258 132 1
259 132 1
260 132 1
261 132 1
258 133 1
259 133 1
260 133 1
261 133 1
262 133 1
263 133 1
264 133 1
260 134 1
261 134 1
262 134 1
263 134 1
264 134 1
265 134 1
266 134 1
267 134 1
263 135 1
264 135 1
265 135 1
266 135 1
267 135 1
265 136 1
266 136 1
267 136 1
268 136 1
269 136 1
267 137 1
268 137 1
269 137 1
270 137 1
271 137 1
272 137 1
273 137 1
274 137 1
270 138 1
271 138 1
272 138 1
273 138 1
274 138 1
275 138 1
276 138 1
277 138 1
273 139 1
274 139 1
275 139 1
276 139 1
277 139 1
278 139 1
276 140 1
277 140 1
278 140 1
279 140 1
280 140 1
281 140 1
279 141 1
280 141 1
281 141 1
282 141 1
283 141 1
284 141 1
285 141 1
286 141 1
284 142 1
285 142 1
286 142 1
287 142 1
288 142 1
289 142 1
292 142 1
290 143 1
291 143 1
292 143 1
293 143 1
294 143 1
293 144 1
294 144 1
295 144 1
296 144 1
297 144 1
296 145 1
297 145 1
298 145 1
299 145 1
300 145 1
301 145 1
302 145 1
299 146 1
300 146 1
301 146 1
302 146 1
303 146 1
304 146 1
305 146 1
302 147 1
303 147 1
304 147 1
305 147 1
306 147 1
307 147 1
308 147 1
309 147 1
306 148 1
307 148 1
308 148 1
309 148 1
310 148 1
311 148 1
312 148 1
313 148 1
314 148 1
309 149 1
310 149 1
311 149 1
312 149 1
313 149 1
314 149 1
315 149 1
316 149 1
317 149 1
318 149 1
331 149 1
314 150 1
315 150 1
316 150 1
317 150 1
318 150 1
319 150 1
320 150 1
321 150 1
322 150 1
323 150 1
324 150 1
319 151 1
320 151 1
321 151 1
322 151 1
323 151 1
324 151 1
325 151 1
326 151 1
327 151 1
328 151 1
329 151 1
323 152 1
324 152 1
325 152 1
326 152 1
327 152 1
328 152 1
329 152 1
330 152 1
331 152 1
332 152 1
333 152 1
334 152 1
336 152 1
330 153 1
331 153 1
332 153 1
333 153 1
334 153 1
335 153 1
336 153 1
337 153 1
338 153 1
339 153 1
335 154 1
336 154 1
337 154 1
338 154 1
339 154 1
340 154 1
341 154 1
342 154 1
338 155 1
339 155 1
340 155 1
341 155 1
342 155 1
343 155 1
344 155 1
341 156 1
342 156 1
343 156 1
344 156 1
192 94 2
193 94 2
194 94 2
195 94 2
189 95 2
190 95 2
191 95 2
192 95 2
193 95 2
194 95 2
195 95 2
196 95 2
197 95 2
189 96 2
190 96 2
191 96 2
192 96 2
193 96 2
194 96 2
195 96 2
196 96 2
197 96 2
198 96 2
199 96 2
200 96 2
203 96 2
204 96 2
205 96 2
208 96 2
209 96 2
189 97 2
190 97 2
191 97 2
192 97 2
193 97 2
194 97 2
195 97 2
196 97 2
197 97 2
199 97 2
201 97 2
202 97 2
203 97 2
204 97 2
205 97 2
206 97 2
208 97 2
209 97 2
210 97 2
211 97 2
212 97 2
213 97 2
214 97 2
215 97 2
216 97 2
217 97 2
218 97 2
219 97 2
220 97 2
221 97 2
243 97 2
190 98 2
191 98 2
192 98 2
193 98 2
194 98 2
195 98 2
196 98 2
197 98 2
198 98 2
199 98 2
200 98 2
201 98 2
202 98 2
203 98 2
204 98 2
205 98 2
206 98 2
207 98 2
208 98 2
209 98 2
210 98 2
211 98 2
212 98 2
213 98 2
215 98 2
216 98 2
217 98 2
218 98 2
219 98 2
220 98 2
221 98 2
222 98 2
223 98 2
224 98 2
225 98 2
227 98 2
228 98 2
229 98 2
230 98 2
231 98 2
232 98 2
233 98 2
234 98 2
235 98 2
236 98 2
238 98 2
239 98 2
240 98 2
243 98 2
191 99 2
192 99 2
193 99 2
194 99 2
195 99 2
196 99 2
197 99 2
198 99 2
199 99 2
200 99 2
201 99 2
202 99 2
203 99 2
204 99 2
205 99 2
206 99 2
207 99 2
209 99 2
228 99 2
239 99 2
247 99 2
248 99 2
251 99 2
192 100 2
193 100 2
194 100 2
195 100 2
196 100 2
197 100 2
198 100 2
199 100 2
200 100 2
201 100 2
202 100 2
203 100 2
204 100 2
205 100 2
206 100 2
233 100 2
252 100 2
253 100 2
255 100 2
192 101 2
193 101 2
194 101 2
195 101 2
196 101 2
197 101 2
198 101 2
199 101 2
200 101 2
201 101 2
202 101 2
203 101 2
204 101 2
205 101 2
206 101 2
235 101 2
194 102 2
195 102 2
196 102 2
197 102 2
198 102 2
199 102 2
200 102 2
201 102 2
202 102 2
203 102 2
204 102 2
205 102 2
206 102 2
207 102 2
208 102 2
209 102 2
210 102 2
211 102 2
212 102 2
213 102 2
214 102 2
215 102 2
216 102 2
234 102 2
235 102 2
236 102 2
239 102 2
242 102 2
195 103 2
196 103 2
197 103 2
199 103 2
200 103 2
201 103 2
202 103 2
203 103 2
204 103 2
205 103 2
206 103 2
207 103 2
208 103 2
209 103 2
210 103 2
211 103 2
212 103 2
213 103 2
214 103 2
215 103 2
216 103 2
217 103 2
218 103 2
219 103 2
220 103 2
221 103 2
222 103 2
226 103 2
227 103 2
228 103 2
229 103 2
230 103 2
231 103 2
232 103 2
233 103 2
234 103 2
236 103 2
237 103 2
238 103 2
239 103 2
241 103 2
242 103 2
243 103 2
198 104 2
200 104 2
201 104 2
202 104 2
203 104 2
204 104 2
205 104 2
206 104 2
207 104 2
208 104 2
209 104 2
210 104 2
211 104 2
212 104 2
213 104 2
214 104 2
215 104 2
216 104 2
217 104 2
218 104 2
219 104 2
220 104 2
221 104 2
222 104 2
223 104 2
224 104 2
225 104 2
226 104 2
227 104 2
229 104 2
230 104 2
231 104 2
232 104 2
233 104 2
234 104 2
236 104 2
237 104 2
238 104 2
239 104 2
241 104 2
243 104 2
245 104 2
196 105 2
200 105 2
201 105 2
202 105 2
203 105 2
204 105 2
205 105 2
210 105 2
211 105 2
212 105 2
213 105 2
214 105 2
215 105 2
216 105 2
217 105 2
219 105 2
220 105 2
221 105 2
222 105 2
223 105 2
224 105 2
225 105 2
226 105 2
227 105 2
243 105 2
201 106 2
212 106 2
194 107 2
197 107 2
195 108 2
199 110 2
204 110 2
208 110 2
199 111 2
204 111 2
205 111 2
207 111 2
211 111 2
216 111 2
217 111 2
218 111 2
219 111 2
230 111 2
197 112 2
198 112 2
204 112 2
205 112 2
220 112 2
221 112 2
222 112 2
223 112 2
224 112 2
225 112 2
226 112 2
227 112 2
228 112 2
229 112 2
230 112 2
231 112 2
232 112 2
234 112 2
235 112 2
236 112 2
224 113 2
225 113 2
227 113 2
237 113 2
238 113 2
239 113 2
7 4 3
11 4 3
5 5 3
6 5 3
7 5 3
8 5 3
9 5 3
10 5 3
11 5 3
12 5 3
13 5 3
14 5 3
15 5 3
9 6 3
10 6 3
11 6 3
12 6 3
13 6 3
14 6 3
15 6 3
9 7 3
10 7 3
11 7 3
12 7 3
13 7 3
14 7 3
15 7 3
16 7 3
17 7 3
5 8 3
7 8 3
8 8 3
9 8 3
10 8 3
11 8 3
12 8 3
13 8 3
14 8 3
15 8 3
16 8 3
17 8 3
6 9 3
7 9 3
8 9 3
9 9 3
10 9 3
11 9 3
12 9 3
13 9 3
14 9 3
15 9 3
16 9 3
17 9 3
5 10 3
6 10 3
7 10 3
8 10 3
9 10 3
10 10 3
11 10 3
12 10 3
13 10 3
14 10 3
15 10 3
16 10 3
17 10 3
5 11 3
6 11 3
7 11 3
8 11 3
9 11 3
10 11 3
11 11 3
12 11 3
13 11 3
14 11 3
15 11 3
16 11 3
17 11 3
6 12 3
7 12 3
8 12 3
9 12 3
10 12 3
11 12 3
12 12 3
13 12 3
16 12 3
17 12 3
18 12 3
6 13 3
7 13 3
8 13 3
9 13 3
10 13 3
11 13 3
12 13 3
13 13 3
14 13 3
15 13 3
16 13 3
6 14 3
7 14 3
8 14 3
9 14 3
10 14 3
11 14 3
12 14 3
13 14 3
15 14 3
7 15 3
8 15 3
9 15 3
10 15 3
11 15 3
12 15 3
14 15 3
15 15 3
18 15 3
8 16 3
9 16 3
10 16 3
11 16 3
12 16 3
13 16 3
14 16 3
15 16 3
16 16 3
18 16 3
19 16 3
12 17 3
13 17 3
14 17 3
15 17 3
16 17 3
17 17 3
18 17 3
11 18 3
12 18 3
13 18 3
14 18 3
15 18 3
16 18 3
17 18 3
10 19 3
11 19 3
12 19 3
13 19 3
14 19 3
15 19 3
16 19 3
20 19 3
10 20 3
13 20 3
14 20 3
15 20 3
16 20 3
17 20 3
20 20 3
11 21 3
12 21 3
14 21 3
15 21 3
16 21 3
17 21 3
18 21 3
19 21 3
21 21 3
11 22 3
15 22 3
16 22 3
17 22 3
18 22 3
19 22 3
21 22 3
22 22 3
13 23 3
14 23 3
15 23 3
16 23 3
17 23 3
18 23 3
19 23 3
22 23 3
13 24 3
15 24 3
17 24 3
15 25 3
21 25 3
23 25 3
24 25 3
23 26 3
25 28 3
