64 29 0
65 29 0
60 30 0
61 30 0
70 30 0
71 30 0
61 31 0
65 31 0
70 31 0
65 32 0
67 32 0
70 32 0
61 33 0
62 33 0
66 33 0
67 33 0
71 33 0
65 34 0
74 34 0
59 35 0
73 35 0
74 35 0
62 36 0
69 36 0
73 36 0
59 37 0
60 37 0
61 37 0
68 37 0
77 38 0
60 39 0
63 39 0
85 41 0
59 42 0
60 42 0
61 42 0
62 42 0
63 42 0
64 42 0
65 42 0
66 42 0
67 42 0
69 42 0
85 42 0
58 43 0
59 43 0
60 43 0
61 43 0
62 43 0
63 43 0
64 43 0
65 43 0
66 43 0
67 43 0
68 43 0
69 43 0
70 43 0
71 43 0
85 43 0
86 43 0
87 43 0
57 44 0
58 44 0
59 44 0
60 44 0
61 44 0
62 44 0
63 44 0
65 44 0
66 44 0
67 44 0
68 44 0
69 44 0
70 44 0
73 44 0
80 44 0
86 44 0
56 45 0
58 45 0
59 45 0
60 45 0
61 45 0
62 45 0
63 45 0
65 45 0
66 45 0
67 45 0
68 45 0
86 45 0
87 45 0
56 46 0
57 46 0
58 46 0
59 46 0
60 46 0
61 46 0
62 46 0
63 46 0
65 46 0
66 46 0
67 46 0
68 46 0
69 46 0
72 46 0
82 46 0
83 46 0
86 46 0
87 46 0
88 46 0
57 47 0
58 47 0
62 47 0
63 47 0
67 47 0
68 47 0
69 47 0
70 47 0
75 47 0
87 47 0
88 47 0
89 47 0
55 48 0
56 48 0
57 48 0
58 48 0
62 48 0
65 48 0
67 48 0
68 48 0
69 48 0
87 48 0
88 48 0
89 48 0
54 49 0
55 49 0
56 49 0
64 49 0
65 49 0
66 49 0
68 49 0
69 49 0
70 49 0
74 49 0
87 49 0
88 49 0
89 49 0
54 50 0
55 50 0
60 50 0
64 50 0
65 50 0
69 50 0
70 50 0
78 50 0
87 50 0
88 50 0
89 50 0
90 50 0
53 51 0
54 51 0
55 51 0
57 51 0
69 51 0
70 51 0
71 51 0
88 51 0
89 51 0
90 51 0
91 51 0
53 52 0
54 52 0
57 52 0
61 52 0
70 52 0
71 52 0
72 52 0
73 52 0
88 52 0
89 52 0
90 52 0
91 52 0
59 53 0
63 53 0
70 53 0
71 53 0
72 53 0
74 53 0
88 53 0
89 53 0
90 53 0
91 53 0
92 53 0
52 54 0
59 54 0
62 54 0
64 54 0
70 54 0
71 54 0
72 54 0
78 54 0
86 54 0
87 54 0
88 54 0
89 54 0
90 54 0
91 54 0
93 54 0
52 55 0
54 55 0
61 55 0
62 55 0
64 55 0
65 55 0
71 55 0
72 55 0
73 55 0
75 55 0
76 55 0
77 55 0
86 55 0
87 55 0
88 55 0
89 55 0
90 55 0
91 55 0
93 55 0
51 56 0
52 56 0
61 56 0
71 56 0
72 56 0
73 56 0
75 56 0
76 56 0
81 56 0
83 56 0
86 56 0
88 56 0
89 56 0
90 56 0
91 56 0
92 56 0
93 56 0
61 57 0
62 57 0
67 57 0
71 57 0
72 57 0
73 57 0
74 57 0
75 57 0
89 57 0
90 57 0
91 57 0
92 57 0
93 57 0
49 58 0
50 58 0
60 58 0
61 58 0
62 58 0
72 58 0
73 58 0
74 58 0
75 58 0
79 58 0
80 58 0
85 58 0
89 58 0
90 58 0
91 58 0
92 58 0
93 58 0
94 58 0
49 59 0
52 59 0
60 59 0
61 59 0
62 59 0
63 59 0
64 59 0
67 59 0
72 59 0
73 59 0
74 59 0
75 59 0
77 59 0
89 59 0
90 59 0
91 59 0
92 59 0
93 59 0
94 59 0
48 60 0
51 60 0
56 60 0
57 60 0
58 60 0
72 60 0
73 60 0
74 60 0
75 60 0
76 60 0
77 60 0
78 60 0
79 60 0
80 60 0
83 60 0
84 60 0
85 60 0
89 60 0
90 60 0
91 60 0
92 60 0
93 60 0
94 60 0
95 60 0
48 61 0
49 61 0
50 61 0
51 61 0
53 61 0
56 61 0
58 61 0
59 61 0
60 61 0
61 61 0
62 61 0
63 61 0
72 61 0
73 61 0
74 61 0
75 61 0
76 61 0
77 61 0
78 61 0
90 61 0
91 61 0
92 61 0
93 61 0
94 61 0
95 61 0
48 62 0
49 62 0
56 62 0
57 62 0
58 62 0
59 62 0
60 62 0
61 62 0
63 62 0
72 62 0
73 62 0
74 62 0
75 62 0
76 62 0
77 62 0
85 62 0
90 62 0
91 62 0
92 62 0
93 62 0
94 62 0
95 62 0
96 62 0
47 63 0
48 63 0
49 63 0
52 63 0
57 63 0
58 63 0
59 63 0
60 63 0
61 63 0
62 63 0
63 63 0
72 63 0
73 63 0
74 63 0
75 63 0
76 63 0
77 63 0
78 63 0
79 63 0
80 63 0
85 63 0
87 63 0
90 63 0
91 63 0
92 63 0
93 63 0
94 63 0
95 63 0
47 64 0
48 64 0
52 64 0
57 64 0
58 64 0
59 64 0
60 64 0
61 64 0
62 64 0
73 64 0
74 64 0
75 64 0
76 64 0
77 64 0
78 64 0
89 64 0
90 64 0
91 64 0
92 64 0
93 64 0
94 64 0
95 64 0
47 65 0
48 65 0
49 65 0
52 65 0
53 65 0
57 65 0
58 65 0
72 65 0
73 65 0
74 65 0
75 65 0
76 65 0
77 65 0
78 65 0
79 65 0
80 65 0
81 65 0
82 65 0
83 65 0
85 65 0
90 65 0
91 65 0
92 65 0
93 65 0
94 65 0
95 65 0
96 65 0
47 66 0
48 66 0
49 66 0
52 66 0
53 66 0
56 66 0
57 66 0
58 66 0
60 66 0
61 66 0
62 66 0
63 66 0
64 66 0
71 66 0
72 66 0
73 66 0
74 66 0
75 66 0
76 66 0
77 66 0
78 66 0
79 66 0
80 66 0
81 66 0
82 66 0
83 66 0
84 66 0
85 66 0
90 66 0
91 66 0
92 66 0
93 66 0
94 66 0
95 66 0
48 67 0
51 67 0
52 67 0
53 67 0
55 67 0
56 67 0
57 67 0
58 67 0
59 67 0
60 67 0
61 67 0
70 67 0
71 67 0
72 67 0
73 67 0
74 67 0
75 67 0
76 67 0
77 67 0
78 67 0
79 67 0
82 67 0
85 67 0
90 67 0
91 67 0
92 67 0
93 67 0
94 67 0
95 67 0
96 67 0
48 68 0
49 68 0
51 68 0
52 68 0
53 68 0
55 68 0
56 68 0
57 68 0
58 68 0
60 68 0
61 68 0
63 68 0
70 68 0
71 68 0
72 68 0
73 68 0
74 68 0
75 68 0
76 68 0
77 68 0
78 68 0
79 68 0
82 68 0
90 68 0
91 68 0
92 68 0
93 68 0
94 68 0
95 68 0
96 68 0
47 69 0
48 69 0
51 69 0
54 69 0
56 69 0
57 69 0
58 69 0
59 69 0
60 69 0
62 69 0
70 69 0
71 69 0
72 69 0
73 69 0
74 69 0
75 69 0
76 69 0
77 69 0
78 69 0
90 69 0
91 69 0
92 69 0
93 69 0
94 69 0
95 69 0
96 69 0
97 69 0
47 70 0
48 70 0
53 70 0
55 70 0
58 70 0
59 70 0
60 70 0
62 70 0
64 70 0
66 70 0
70 70 0
71 70 0
72 70 0
73 70 0
74 70 0
75 70 0
76 70 0
77 70 0
78 70 0
79 70 0
81 70 0
83 70 0
90 70 0
91 70 0
92 70 0
93 70 0
94 70 0
95 70 0
96 70 0
97 70 0
47 71 0
53 71 0
54 71 0
55 71 0
57 71 0
58 71 0
62 71 0
64 71 0
70 71 0
71 71 0
72 71 0
73 71 0
74 71 0
75 71 0
76 71 0
77 71 0
78 71 0
79 71 0
80 71 0
81 71 0
82 71 0
83 71 0
84 71 0
85 71 0
87 71 0
90 71 0
91 71 0
92 71 0
93 71 0
94 71 0
95 71 0
96 71 0
53 72 0
54 72 0
55 72 0
56 72 0
57 72 0
58 72 0
59 72 0
61 72 0
70 72 0
71 72 0
72 72 0
73 72 0
74 72 0
75 72 0
76 72 0
77 72 0
78 72 0
79 72 0
80 72 0
81 72 0
82 72 0
83 72 0
84 72 0
90 72 0
91 72 0
92 72 0
93 72 0
94 72 0
95 72 0
96 72 0
54 73 0
55 73 0
56 73 0
58 73 0
66 73 0
70 73 0
71 73 0
72 73 0
73 73 0
74 73 0
75 73 0
76 73 0
77 73 0
78 73 0
79 73 0
80 73 0
82 73 0
83 73 0
88 73 0
90 73 0
91 73 0
92 73 0
93 73 0
94 73 0
95 73 0
96 73 0
54 74 0
55 74 0
56 74 0
57 74 0
58 74 0
60 74 0
70 74 0
71 74 0
72 74 0
73 74 0
74 74 0
75 74 0
76 74 0
77 74 0
78 74 0
79 74 0
80 74 0
81 74 0
89 74 0
90 74 0
91 74 0
92 74 0
93 74 0
94 74 0
95 74 0
96 74 0
55 75 0
56 75 0
57 75 0
58 75 0
59 75 0
60 75 0
70 75 0
71 75 0
72 75 0
73 75 0
74 75 0
75 75 0
76 75 0
77 75 0
78 75 0
79 75 0
80 75 0
83 75 0
89 75 0
90 75 0
91 75 0
92 75 0
93 75 0
94 75 0
95 75 0
96 75 0
55 76 0
56 76 0
57 76 0
69 76 0
70 76 0
71 76 0
72 76 0
73 76 0
74 76 0
75 76 0
76 76 0
77 76 0
78 76 0
79 76 0
80 76 0
81 76 0
83 76 0
84 76 0
89 76 0
90 76 0
91 76 0
92 76 0
93 76 0
94 76 0
95 76 0
55 77 0
56 77 0
57 77 0
68 77 0
69 77 0
70 77 0
71 77 0
72 77 0
73 77 0
74 77 0
75 77 0
76 77 0
77 77 0
78 77 0
79 77 0
83 77 0
84 77 0
88 77 0
89 77 0
90 77 0
91 77 0
92 77 0
93 77 0
94 77 0
95 77 0
96 77 0
55 78 0
56 78 0
57 78 0
59 78 0
68 78 0
70 78 0
71 78 0
72 78 0
73 78 0
74 78 0
75 78 0
76 78 0
77 78 0
78 78 0
79 78 0
80 78 0
81 78 0
83 78 0
84 78 0
88 78 0
89 78 0
90 78 0
91 78 0
92 78 0
93 78 0
94 78 0
95 78 0
96 78 0
55 79 0
56 79 0
57 79 0
58 79 0
70 79 0
71 79 0
73 79 0
74 79 0
75 79 0
76 79 0
77 79 0
78 79 0
79 79 0
82 79 0
83 79 0
87 79 0
88 79 0
89 79 0
90 79 0
91 79 0
92 79 0
93 79 0
94 79 0
95 79 0
96 79 0
56 80 0
57 80 0
58 80 0
59 80 0
67 80 0
69 80 0
70 80 0
71 80 0
72 80 0
74 80 0
75 80 0
76 80 0
77 80 0
79 80 0
80 80 0
81 80 0
82 80 0
87 80 0
88 80 0
89 80 0
90 80 0
91 80 0
92 80 0
93 80 0
94 80 0
95 80 0
56 81 0
57 81 0
58 81 0
59 81 0
66 81 0
67 81 0
69 81 0
70 81 0
71 81 0
72 81 0
74 81 0
75 81 0
76 81 0
77 81 0
78 81 0
79 81 0
80 81 0
84 81 0
86 81 0
87 81 0
88 81 0
89 81 0
90 81 0
91 81 0
92 81 0
93 81 0
95 81 0
56 82 0
58 82 0
70 82 0
71 82 0
73 82 0
74 82 0
75 82 0
80 82 0
85 82 0
86 82 0
87 82 0
88 82 0
89 82 0
90 82 0
91 82 0
92 82 0
95 82 0
58 83 0
68 83 0
69 83 0
70 83 0
71 83 0
72 83 0
73 83 0
74 83 0
75 83 0
77 83 0
78 83 0
83 83 0
85 83 0
86 83 0
87 83 0
88 83 0
89 83 0
90 83 0
91 83 0
92 83 0
95 83 0
58 84 0
59 84 0
60 84 0
61 84 0
63 84 0
68 84 0
69 84 0
71 84 0
72 84 0
73 84 0
75 84 0
77 84 0
78 84 0
80 84 0
81 84 0
83 84 0
84 84 0
85 84 0
86 84 0
87 84 0
88 84 0
89 84 0
90 84 0
91 84 0
92 84 0
95 84 0
58 85 0
59 85 0
60 85 0
61 85 0
64 85 0
71 85 0
72 85 0
73 85 0
75 85 0
78 85 0
83 85 0
84 85 0
85 85 0
86 85 0
87 85 0
88 85 0
89 85 0
90 85 0
91 85 0
93 85 0
94 85 0
95 85 0
59 86 0
60 86 0
61 86 0
66 86 0
67 86 0
68 86 0
69 86 0
70 86 0
71 86 0
72 86 0
73 86 0
75 86 0
81 86 0
82 86 0
83 86 0
84 86 0
85 86 0
86 86 0
87 86 0
88 86 0
89 86 0
90 86 0
91 86 0
93 86 0
94 86 0
60 87 0
61 87 0
62 87 0
64 87 0
66 87 0
67 87 0
68 87 0
69 87 0
70 87 0
71 87 0
72 87 0
73 87 0
75 87 0
80 87 0
81 87 0
82 87 0
83 87 0
84 87 0
85 87 0
86 87 0
87 87 0
88 87 0
89 87 0
90 87 0
61 88 0
62 88 0
66 88 0
67 88 0
69 88 0
70 88 0
71 88 0
72 88 0
73 88 0
75 88 0
78 88 0
79 88 0
80 88 0
81 88 0
82 88 0
83 88 0
84 88 0
85 88 0
86 88 0
87 88 0
88 88 0
89 88 0
90 88 0
91 88 0
61 89 0
62 89 0
63 89 0
65 89 0
67 89 0
68 89 0
69 89 0
70 89 0
71 89 0
73 89 0
74 89 0
77 89 0
78 89 0
79 89 0
80 89 0
81 89 0
82 89 0
83 89 0
84 89 0
85 89 0
86 89 0
87 89 0
88 89 0
89 89 0
90 89 0
62 90 0
68 90 0
69 90 0
70 90 0
71 90 0
75 90 0
76 90 0
77 90 0
78 90 0
79 90 0
80 90 0
81 90 0
82 90 0
83 90 0
84 90 0
85 90 0
86 90 0
87 90 0
88 90 0
89 90 0
90 90 0
64 91 0
65 91 0
68 91 0
69 91 0
70 91 0
71 91 0
72 91 0
73 91 0
74 91 0
75 91 0
76 91 0
77 91 0
78 91 0
79 91 0
80 91 0
81 91 0
82 91 0
83 91 0
84 91 0
85 91 0
86 91 0
87 91 0
88 91 0
89 91 0
64 92 0
65 92 0
66 92 0
67 92 0
68 92 0
69 92 0
70 92 0
71 92 0
72 92 0
73 92 0
74 92 0
75 92 0
76 92 0
77 92 0
78 92 0
79 92 0
80 92 0
81 92 0
82 92 0
83 92 0
84 92 0
85 92 0
86 92 0
87 92 0
88 92 0
89 92 0
90 92 0
91 92 0
65 93 0
66 93 0
67 93 0
68 93 0
69 93 0
70 93 0
71 93 0
72 93 0
73 93 0
74 93 0
75 93 0
76 93 0
77 93 0
78 93 0
79 93 0
80 93 0
81 93 0
82 93 0
83 93 0
84 93 0
85 93 0
86 93 0
87 93 0
88 93 0
89 93 0
69 94 0
70 94 0
71 94 0
72 94 0
73 94 0
74 94 0
75 94 0
76 94 0
77 94 0
78 94 0
79 94 0
80 94 0
81 94 0
82 94 0
83 94 0
85 94 0
86 94 0
88 94 0
72 95 0
73 95 0
74 95 0
75 95 0
76 95 0
77 95 0
78 95 0
79 95 0
80 95 0
81 95 0
82 95 0
86 95 0
87 95 0
72 96 0
73 96 0
74 96 0
75 96 0
76 96 0
257 108 1
258 108 1
259 108 1
258 109 1
267 110 1
278 110 1
280 111 1
281 111 1
282 112 1
283 112 1
284 112 1
285 113 1
286 113 1
286 114 1
287 114 1
287 115 1
288 115 1
289 115 1
290 115 1
291 115 1
292 115 1
293 115 1
287 116 1
288 116 1
289 116 1
290 116 1
291 116 1
292 116 1
293 116 1
294 116 1
295 116 1
301 116 1
302 116 1
303 116 1
304 116 1
305 116 1
306 116 1
307 116 1
308 116 1
309 116 1
310 116 1
311 116 1
312 116 1
313 116 1
314 116 1
315 116 1
316 116 1
317 116 1
318 116 1
319 116 1
290 117 1
291 117 1
292 117 1
293 117 1
294 117 1
295 117 1
296 117 1
297 117 1
298 117 1
299 117 1
300 117 1
301 117 1
302 117 1
303 117 1
304 117 1
305 117 1
306 117 1
307 117 1
308 117 1
309 117 1
310 117 1
311 117 1
312 117 1
313 117 1
314 117 1
315 117 1
316 117 1
317 117 1
318 117 1
319 117 1
320 117 1
321 117 1
293 118 1
294 118 1
295 118 1
296 118 1
297 118 1
298 118 1
299 118 1
300 118 1
301 118 1
303 118 1
304 118 1
305 118 1
306 118 1
307 118 1
308 118 1
309 118 1
310 118 1
311 118 1
317 118 1
318 118 1
319 118 1
320 118 1
321 118 1
322 118 1
323 118 1
324 118 1
321 119 1
322 119 1
323 119 1
324 119 1
325 119 1
326 119 1
340 119 1
285 120 1
324 120 1
325 120 1
326 120 1
327 120 1
328 120 1
334 120 1
335 120 1
336 120 1
338 120 1
339 120 1
340 120 1
327 121 1
328 121 1
329 121 1
330 121 1
331 121 1
332 121 1
333 121 1
334 121 1
335 121 1
336 121 1
337 121 1
338 121 1
328 122 1
329 122 1
330 122 1
331 122 1
332 122 1
337 122 1
331 123 1
247 125 1
247 126 1
248 126 1
247 127 1
248 127 1
247 128 1
248 128 1
249 128 1
248 129 1
249 129 1
248 130 1
249 130 1
250 130 1
251 130 1
255 130 1
248 131 1
249 131 1
250 131 1
251 131 1
252 131 1
253 131 1
254 131 1
255 131 1
256 131 1
248 132 1
249 132 1
250 132 1
251 132 1
252 132 1
253 132 1
254 132 1
255 132 1
256 132 1
257 132 1
258 132 1
249 133 1
251 133 1
252 133 1
253 133 1
254 133 1
255 133 1
256 133 1
257 133 1
258 133 1
259 133 1
260 133 1
254 134 1
255 134 1
256 134 1
257 134 1
258 134 1
259 134 1
260 134 1
261 134 1
262 134 1
257 135 1
258 135 1
259 135 1
260 135 1
261 135 1
262 135 1
263 135 1
264 135 1
260 136 1
261 136 1
262 136 1
263 136 1
264 136 1
265 136 1
266 136 1
262 137 1
263 137 1
264 137 1
265 137 1
266 137 1
267 137 1
268 137 1
269 137 1
263 138 1
264 138 1
265 138 1
266 138 1
267 138 1
268 138 1
269 138 1
270 138 1
271 138 1
274 138 1
267 139 1
269 139 1
270 139 1
271 139 1
272 139 1
273 139 1
274 139 1
276 139 1
269 140 1
270 140 1
271 140 1
272 140 1
273 140 1
274 140 1
275 140 1
276 140 1
277 140 1
273 141 1
274 141 1
275 141 1
276 141 1
277 141 1
278 141 1
279 141 1
280 141 1
281 141 1
276 142 1
277 142 1
278 142 1
279 142 1
280 142 1
281 142 1
282 142 1
283 142 1
284 142 1
285 142 1
281 143 1
282 143 1
283 143 1
284 143 1
285 143 1
286 143 1
287 143 1
288 143 1
289 143 1
290 143 1
285 144 1
286 144 1
287 144 1
290 144 1
291 144 1
292 144 1
293 144 1
294 144 1
290 145 1
291 145 1
292 145 1
293 145 1
294 145 1
295 145 1
296 145 1
295 146 1
296 146 1
297 146 1
298 146 1
299 146 1
300 146 1
301 146 1
302 146 1
298 147 1
299 147 1
300 147 1
301 147 1
302 147 1
303 147 1
304 147 1
305 147 1
309 147 1
310 147 1
300 148 1
301 148 1
302 148 1
303 148 1
304 148 1
305 148 1
306 148 1
307 148 1
308 148 1
309 148 1
305 149 1
306 149 1
307 149 1
308 149 1
309 149 1
310 149 1
311 149 1
312 149 1
313 149 1
314 149 1
315 149 1
316 149 1
308 150 1
309 150 1
310 150 1
311 150 1
312 150 1
313 150 1
314 150 1
315 150 1
316 150 1
317 150 1
318 150 1
319 150 1
331 150 1
312 151 1
313 151 1
314 151 1
315 151 1
316 151 1
317 151 1
318 151 1
319 151 1
320 151 1
321 151 1
322 151 1
323 151 1
324 151 1
319 152 1
320 152 1
321 152 1
322 152 1
323 152 1
324 152 1
325 152 1
326 152 1
327 152 1
328 152 1
329 152 1
330 152 1
331 152 1
332 152 1
333 152 1
323 153 1
324 153 1
325 153 1
326 153 1
327 153 1
328 153 1
329 153 1
330 153 1
331 153 1
332 153 1
333 153 1
334 153 1
335 153 1
336 153 1
337 153 1
329 154 1
330 154 1
331 154 1
332 154 1
333 154 1
334 154 1
335 154 1
336 154 1
337 154 1
338 154 1
339 154 1
335 155 1
336 155 1
337 155 1
338 155 1
339 155 1
340 155 1
341 155 1
342 155 1
338 156 1
339 156 1
340 156 1
341 156 1
342 156 1
343 156 1
344 156 1
341 157 1
342 157 1
343 157 1
344 157 1
189 97 2
190 97 2
191 97 2
192 97 2
186 98 2
187 98 2
188 98 2
189 98 2
190 98 2
191 98 2
192 98 2
193 98 2
194 98 2
186 99 2
187 99 2
188 99 2
189 99 2
190 99 2
192 99 2
193 99 2
194 99 2
195 99 2
196 99 2
197 99 2
200 99 2
205 99 2
186 100 2
187 100 2
188 100 2
189 100 2
190 100 2
191 100 2
192 100 2
193 100 2
194 100 2
196 100 2
198 100 2
199 100 2
200 100 2
201 100 2
202 100 2
203 100 2
205 100 2
206 100 2
207 100 2
208 100 2
209 100 2
210 100 2
211 100 2
212 100 2
213 100 2
214 100 2
215 100 2
216 100 2
217 100 2
218 100 2
240 100 2
186 101 2
187 101 2
188 101 2
189 101 2
190 101 2
191 101 2
192 101 2
193 101 2
194 101 2
195 101 2
196 101 2
197 101 2
198 101 2
199 101 2
200 101 2
201 101 2
202 101 2
203 101 2
204 101 2
205 101 2
206 101 2
207 101 2
208 101 2
209 101 2
210 101 2
211 101 2
212 101 2
213 101 2
214 101 2
215 101 2
216 101 2
217 101 2
218 101 2
219 101 2
220 101 2
221 101 2
222 101 2
224 101 2
225 101 2
226 101 2
227 101 2
228 101 2
229 101 2
230 101 2
231 101 2
232 101 2
233 101 2
235 101 2
236 101 2
237 101 2
238 101 2
240 101 2
243 101 2
244 101 2
187 102 2
188 102 2
189 102 2
190 102 2
191 102 2
192 102 2
193 102 2
194 102 2
195 102 2
196 102 2
197 102 2
198 102 2
199 102 2
200 102 2
201 102 2
202 102 2
203 102 2
204 102 2
205 102 2
206 102 2
207 102 2
208 102 2
210 102 2
213 102 2
216 102 2
217 102 2
218 102 2
219 102 2
220 102 2
221 102 2
222 102 2
224 102 2
225 102 2
226 102 2
227 102 2
230 102 2
231 102 2
233 102 2
236 102 2
239 102 2
242 102 2
243 102 2
244 102 2
245 102 2
246 102 2
247 102 2
248 102 2
189 103 2
190 103 2
191 103 2
192 103 2
193 103 2
194 103 2
195 103 2
196 103 2
197 103 2
198 103 2
199 103 2
200 103 2
201 103 2
202 103 2
203 103 2
204 103 2
205 103 2
227 103 2
244 103 2
245 103 2
246 103 2
247 103 2
248 103 2
249 103 2
250 103 2
251 103 2
252 103 2
253 103 2
255 103 2
189 104 2
190 104 2
191 104 2
192 104 2
193 104 2
194 104 2
195 104 2
196 104 2
197 104 2
198 104 2
199 104 2
200 104 2
201 104 2
202 104 2
203 104 2
204 104 2
206 104 2
225 104 2
232 104 2
237 104 2
247 104 2
251 104 2
252 104 2
253 104 2
254 104 2
255 104 2
256 104 2
257 104 2
258 104 2
259 104 2
260 104 2
261 104 2
262 104 2
190 105 2
191 105 2
192 105 2
193 105 2
194 105 2
195 105 2
196 105 2
197 105 2
198 105 2
199 105 2
200 105 2
201 105 2
202 105 2
203 105 2
204 105 2
205 105 2
206 105 2
207 105 2
208 105 2
209 105 2
210 105 2
211 105 2
212 105 2
225 105 2
231 105 2
232 105 2
233 105 2
236 105 2
238 105 2
239 105 2
245 105 2
246 105 2
250 105 2
251 105 2
252 105 2
254 105 2
256 105 2
259 105 2
260 105 2
261 105 2
262 105 2
263 105 2
191 106 2
192 106 2
193 106 2
194 106 2
195 106 2
196 106 2
197 106 2
198 106 2
199 106 2
200 106 2
201 106 2
202 106 2
203 106 2
204 106 2
205 106 2
206 106 2
207 106 2
208 106 2
209 106 2
210 106 2
211 106 2
212 106 2
213 106 2
214 106 2
215 106 2
216 106 2
217 106 2
218 106 2
219 106 2
223 106 2
224 106 2
225 106 2
226 106 2
227 106 2
228 106 2
229 106 2
230 106 2
231 106 2
232 106 2
233 106 2
234 106 2
236 106 2
237 106 2
238 106 2
239 106 2
240 106 2
241 106 2
244 106 2
252 106 2
195 107 2
196 107 2
197 107 2
198 107 2
199 107 2
200 107 2
201 107 2
202 107 2
203 107 2
204 107 2
205 107 2
206 107 2
207 107 2
208 107 2
209 107 2
210 107 2
211 107 2
212 107 2
213 107 2
214 107 2
215 107 2
216 107 2
217 107 2
218 107 2
219 107 2
220 107 2
221 107 2
222 107 2
223 107 2
224 107 2
225 107 2
226 107 2
227 107 2
228 107 2
229 107 2
230 107 2
231 107 2
233 107 2
234 107 2
235 107 2
236 107 2
237 107 2
238 107 2
239 107 2
240 107 2
241 107 2
242 107 2
246 107 2
250 107 2
253 107 2
254 107 2
191 108 2
192 108 2
193 108 2
194 108 2
197 108 2
198 108 2
199 108 2
200 108 2
201 108 2
202 108 2
203 108 2
204 108 2
205 108 2
206 108 2
207 108 2
208 108 2
209 108 2
210 108 2
211 108 2
212 108 2
213 108 2
214 108 2
215 108 2
216 108 2
217 108 2
218 108 2
219 108 2
220 108 2
221 108 2
222 108 2
223 108 2
224 108 2
227 108 2
229 108 2
230 108 2
231 108 2
233 108 2
234 108 2
236 108 2
238 108 2
240 108 2
242 108 2
244 108 2
246 108 2
247 108 2
250 108 2
191 109 2
192 109 2
193 109 2
194 109 2
197 109 2
198 109 2
199 109 2
200 109 2
201 109 2
202 109 2
203 109 2
204 109 2
205 109 2
206 109 2
207 109 2
208 109 2
209 109 2
210 109 2
211 109 2
212 109 2
213 109 2
214 109 2
216 109 2
217 109 2
218 109 2
220 109 2
221 109 2
222 109 2
223 109 2
224 109 2
225 109 2
228 109 2
245 109 2
247 109 2
250 109 2
253 109 2
257 109 2
191 110 2
194 110 2
199 110 2
200 110 2
202 110 2
203 110 2
209 110 2
210 110 2
211 110 2
213 110 2
214 110 2
215 110 2
216 110 2
218 110 2
250 110 2
254 110 2
257 110 2
192 111 2
199 111 2
200 111 2
201 111 2
202 111 2
204 111 2
205 111 2
206 111 2
207 111 2
209 111 2
210 111 2
211 111 2
212 111 2
255 111 2
200 112 2
201 112 2
202 112 2
208 112 2
209 112 2
211 112 2
256 112 2
195 113 2
197 113 2
201 113 2
202 113 2
203 113 2
204 113 2
205 113 2
207 113 2
208 113 2
210 113 2
211 113 2
212 113 2
196 114 2
200 114 2
201 114 2
202 114 2
210 114 2
211 114 2
213 114 2
214 114 2
215 114 2
194 115 2
195 115 2
201 115 2
202 115 2
214 115 2
215 115 2
216 115 2
217 115 2
218 115 2
219 115 2
221 115 2
222 115 2
223 115 2
224 115 2
225 115 2
226 115 2
227 115 2
228 115 2
229 115 2
230 115 2
231 115 2
232 115 2
233 115 2
221 116 2
222 116 2
223 116 2
224 116 2
225 116 2
226 116 2
231 116 2
234 116 2
235 116 2
236 116 2
226 117 2
227 117 2
228 117 2
238 117 2
197 121 2
252 123 2
