20 1 0
69 1 0
70 1 0
71 1 0
83 1 0
85 1 0
96 1 0
99 1 0
112 1 0
113 1 0
124 1 0
125 1 0
126 1 0
127 1 0
139 1 0
140 1 0
141 1 0
153 1 0
154 1 0
155 1 0
159 1 0
161 1 0
162 1 0
165 1 0
166 1 0
167 1 0
177 1 0
178 1 0
179 1 0
180 1 0
31 2 0
44 2 0
71 2 0
82 2 0
83 2 0
85 2 0
97 2 0
99 2 0
112 2 0
113 2 0
124 2 0
127 2 0
139 2 0
140 2 0
141 2 0
153 2 0
154 2 0
160 2 0
161 2 0
162 2 0
164 2 0
165 2 0
166 2 0
167 2 0
168 2 0
171 2 0
172 2 0
178 2 0
179 2 0
180 2 0
10 3 0
20 3 0
71 3 0
83 3 0
98 3 0
99 3 0
111 3 0
113 3 0
126 3 0
127 3 0
138 3 0
139 3 0
140 3 0
141 3 0
153 3 0
154 3 0
165 3 0
166 3 0
167 3 0
173 3 0
174 3 0
175 3 0
178 3 0
179 3 0
180 3 0
55 4 0
57 4 0
83 4 0
85 4 0
97 4 0
98 4 0
99 4 0
111 4 0
112 4 0
113 4 0
124 4 0
125 4 0
126 4 0
127 4 0
139 4 0
140 4 0
153 4 0
154 4 0
165 4 0
166 4 0
167 4 0
175 4 0
176 4 0
179 4 0
180 4 0
182 4 0
11 5 0
12 5 0
19 5 0
55 5 0
57 5 0
85 5 0
97 5 0
98 5 0
99 5 0
111 5 0
112 5 0
113 5 0
125 5 0
126 5 0
127 5 0
134 5 0
140 5 0
152 5 0
153 5 0
154 5 0
167 5 0
177 5 0
178 5 0
179 5 0
180 5 0
182 5 0
185 5 0
5 6 0
6 6 0
7 6 0
8 6 0
9 6 0
13 6 0
29 6 0
68 6 0
69 6 0
70 6 0
71 6 0
82 6 0
84 6 0
85 6 0
97 6 0
98 6 0
99 6 0
109 6 0
110 6 0
112 6 0
113 6 0
125 6 0
126 6 0
127 6 0
139 6 0
140 6 0
153 6 0
154 6 0
165 6 0
166 6 0
167 6 0
178 6 0
179 6 0
180 6 0
185 6 0
8 7 0
9 7 0
14 7 0
19 7 0
30 7 0
84 7 0
96 7 0
97 7 0
98 7 0
99 7 0
110 7 0
111 7 0
112 7 0
113 7 0
125 7 0
126 7 0
127 7 0
139 7 0
140 7 0
152 7 0
153 7 0
154 7 0
165 7 0
166 7 0
167 7 0
177 7 0
179 7 0
12 8 0
15 8 0
17 8 0
18 8 0
19 8 0
28 8 0
30 8 0
43 8 0
56 8 0
68 8 0
69 8 0
70 8 0
82 8 0
83 8 0
84 8 0
97 8 0
98 8 0
99 8 0
109 8 0
110 8 0
112 8 0
113 8 0
114 8 0
115 8 0
116 8 0
117 8 0
124 8 0
125 8 0
126 8 0
127 8 0
138 8 0
139 8 0
140 8 0
152 8 0
153 8 0
154 8 0
165 8 0
166 8 0
167 8 0
177 8 0
179 8 0
14 9 0
15 9 0
16 9 0
18 9 0
19 9 0
21 9 0
22 9 0
23 9 0
24 9 0
56 9 0
68 9 0
70 9 0
81 9 0
82 9 0
83 9 0
84 9 0
95 9 0
96 9 0
97 9 0
98 9 0
104 9 0
110 9 0
111 9 0
112 9 0
113 9 0
115 9 0
116 9 0
117 9 0
119 9 0
120 9 0
124 9 0
126 9 0
127 9 0
138 9 0
139 9 0
140 9 0
151 9 0
152 9 0
153 9 0
154 9 0
165 9 0
166 9 0
167 9 0
177 9 0
178 9 0
179 9 0
8 10 0
17 10 0
18 10 0
23 10 0
24 10 0
25 10 0
26 10 0
33 10 0
34 10 0
40 10 0
41 10 0
43 10 0
68 10 0
69 10 0
70 10 0
81 10 0
82 10 0
83 10 0
84 10 0
92 10 0
93 10 0
96 10 0
97 10 0
98 10 0
99 10 0
110 10 0
111 10 0
112 10 0
119 10 0
120 10 0
122 10 0
123 10 0
124 10 0
125 10 0
126 10 0
127 10 0
128 10 0
129 10 0
130 10 0
138 10 0
139 10 0
140 10 0
152 10 0
153 10 0
154 10 0
164 10 0
165 10 0
166 10 0
167 10 0
177 10 0
178 10 0
179 10 0
8 11 0
18 11 0
27 11 0
28 11 0
30 11 0
36 11 0
37 11 0
39 11 0
40 11 0
41 11 0
42 11 0
43 11 0
56 11 0
66 11 0
67 11 0
68 11 0
69 11 0
70 11 0
74 11 0
75 11 0
76 11 0
77 11 0
82 11 0
83 11 0
91 11 0
97 11 0
98 11 0
110 11 0
111 11 0
124 11 0
125 11 0
126 11 0
132 11 0
133 11 0
134 11 0
136 11 0
137 11 0
138 11 0
140 11 0
143 11 0
144 11 0
145 11 0
146 11 0
152 11 0
153 11 0
154 11 0
164 11 0
166 11 0
179 11 0
7 12 0
18 12 0
28 12 0
29 12 0
30 12 0
37 12 0
41 12 0
42 12 0
45 12 0
46 12 0
47 12 0
53 12 0
54 12 0
55 12 0
56 12 0
68 12 0
69 12 0
70 12 0
75 12 0
76 12 0
77 12 0
78 12 0
83 12 0
84 12 0
96 12 0
97 12 0
98 12 0
110 12 0
111 12 0
112 12 0
124 12 0
125 12 0
126 12 0
133 12 0
138 12 0
139 12 0
140 12 0
144 12 0
145 12 0
147 12 0
148 12 0
151 12 0
152 12 0
153 12 0
154 12 0
164 12 0
165 12 0
166 12 0
176 12 0
177 12 0
178 12 0
179 12 0
18 13 0
28 13 0
42 13 0
46 13 0
48 13 0
49 13 0
53 13 0
56 13 0
68 13 0
69 13 0
70 13 0
80 13 0
81 13 0
82 13 0
83 13 0
84 13 0
97 13 0
98 13 0
109 13 0
111 13 0
112 13 0
124 13 0
125 13 0
126 13 0
137 13 0
138 13 0
139 13 0
140 13 0
147 13 0
148 13 0
149 13 0
150 13 0
153 13 0
154 13 0
158 13 0
159 13 0
166 13 0
177 13 0
178 13 0
179 13 0
7 14 0
17 14 0
18 14 0
29 14 0
40 14 0
42 14 0
49 14 0
54 14 0
55 14 0
56 14 0
67 14 0
69 14 0
81 14 0
82 14 0
83 14 0
95 14 0
96 14 0
97 14 0
98 14 0
110 14 0
111 14 0
112 14 0
124 14 0
125 14 0
126 14 0
137 14 0
139 14 0
152 14 0
153 14 0
154 14 0
158 14 0
159 14 0
162 14 0
165 14 0
166 14 0
178 14 0
179 14 0
29 15 0
42 15 0
53 15 0
55 15 0
67 15 0
68 15 0
69 15 0
83 15 0
95 15 0
97 15 0
111 15 0
125 15 0
139 15 0
151 15 0
152 15 0
153 15 0
161 15 0
162 15 0
163 15 0
166 15 0
167 15 0
179 15 0
7 16 0
29 16 0
41 16 0
42 16 0
55 16 0
67 16 0
68 16 0
69 16 0
81 16 0
83 16 0
95 16 0
96 16 0
97 16 0
109 16 0
111 16 0
122 16 0
124 16 0
125 16 0
126 16 0
136 16 0
137 16 0
138 16 0
139 16 0
151 16 0
152 16 0
153 16 0
163 16 0
164 16 0
165 16 0
166 16 0
167 16 0
169 16 0
170 16 0
176 16 0
177 16 0
178 16 0
179 16 0
7 17 0
55 17 0
68 17 0
80 17 0
81 17 0
82 17 0
83 17 0
96 17 0
97 17 0
109 17 0
111 17 0
124 17 0
125 17 0
126 17 0
139 17 0
151 17 0
152 17 0
153 17 0
165 17 0
166 17 0
169 17 0
170 17 0
172 17 0
173 17 0
175 17 0
176 17 0
177 17 0
178 17 0
179 17 0
180 17 0
181 17 0
7 18 0
17 18 0
29 18 0
39 18 0
41 18 0
55 18 0
68 18 0
82 18 0
95 18 0
96 18 0
97 18 0
109 18 0
110 18 0
111 18 0
123 18 0
124 18 0
125 18 0
126 18 0
137 18 0
139 18 0
152 18 0
153 18 0
164 18 0
165 18 0
166 18 0
172 18 0
173 18 0
175 18 0
176 18 0
177 18 0
178 18 0
179 18 0
180 18 0
181 18 0
183 18 0
184 18 0
6 19 0
29 19 0
41 19 0
55 19 0
68 19 0
80 19 0
82 19 0
94 19 0
95 19 0
96 19 0
97 19 0
108 19 0
109 19 0
110 19 0
111 19 0
123 19 0
124 19 0
125 19 0
136 19 0
137 19 0
138 19 0
139 19 0
150 19 0
151 19 0
152 19 0
153 19 0
164 19 0
165 19 0
166 19 0
176 19 0
177 19 0
178 19 0
179 19 0
184 19 0
2 20 0
4 20 0
5 20 0
6 20 0
7 20 0
17 20 0
41 20 0
54 20 0
68 20 0
82 20 0
95 20 0
96 20 0
97 20 0
109 20 0
110 20 0
111 20 0
123 20 0
125 20 0
137 20 0
138 20 0
139 20 0
151 20 0
152 20 0
153 20 0
164 20 0
165 20 0
166 20 0
176 20 0
177 20 0
178 20 0
2 21 0
3 21 0
4 21 0
5 21 0
6 21 0
9 21 0
17 21 0
41 21 0
45 21 0
51 21 0
54 21 0
67 21 0
68 21 0
81 21 0
82 21 0
94 21 0
95 21 0
96 21 0
97 21 0
108 21 0
109 21 0
110 21 0
111 21 0
123 21 0
124 21 0
125 21 0
136 21 0
137 21 0
138 21 0
139 21 0
150 21 0
151 21 0
152 21 0
153 21 0
164 21 0
165 21 0
166 21 0
176 21 0
177 21 0
178 21 0
5 22 0
6 22 0
10 22 0
11 22 0
52 22 0
54 22 0
68 22 0
82 22 0
95 22 0
96 22 0
108 22 0
109 22 0
110 22 0
111 22 0
122 22 0
123 22 0
125 22 0
136 22 0
137 22 0
138 22 0
150 22 0
151 22 0
152 22 0
153 22 0
165 22 0
176 22 0
177 22 0
178 22 0
9 23 0
10 23 0
11 23 0
12 23 0
14 23 0
15 23 0
16 23 0
17 23 0
19 23 0
20 23 0
40 23 0
41 23 0
52 23 0
54 23 0
66 23 0
68 23 0
82 23 0
94 23 0
95 23 0
96 23 0
101 23 0
106 23 0
107 23 0
108 23 0
109 23 0
110 23 0
111 23 0
112 23 0
113 23 0
123 23 0
124 23 0
125 23 0
137 23 0
138 23 0
139 23 0
150 23 0
151 23 0
152 23 0
153 23 0
163 23 0
164 23 0
165 23 0
166 23 0
176 23 0
178 23 0
6 24 0
10 24 0
11 24 0
12 24 0
15 24 0
16 24 0
17 24 0
21 24 0
40 24 0
41 24 0
52 24 0
54 24 0
66 24 0
67 24 0
68 24 0
82 24 0
94 24 0
95 24 0
98 24 0
102 24 0
103 24 0
108 24 0
109 24 0
110 24 0
116 24 0
117 24 0
122 24 0
125 24 0
128 24 0
129 24 0
136 24 0
137 24 0
138 24 0
150 24 0
151 24 0
152 24 0
164 24 0
165 24 0
166 24 0
176 24 0
177 24 0
178 24 0
5 25 0
15 25 0
16 25 0
17 25 0
22 25 0
26 25 0
28 25 0
51 25 0
52 25 0
54 25 0
65 25 0
67 25 0
68 25 0
80 25 0
81 25 0
82 25 0
92 25 0
93 25 0
96 25 0
97 25 0
108 25 0
109 25 0
110 25 0
119 25 0
122 25 0
123 25 0
124 25 0
125 25 0
128 25 0
129 25 0
131 25 0
132 25 0
134 25 0
135 25 0
136 25 0
137 25 0
138 25 0
139 25 0
150 25 0
151 25 0
152 25 0
164 25 0
165 25 0
166 25 0
176 25 0
177 25 0
178 25 0
14 26 0
15 26 0
16 26 0
22 26 0
23 26 0
24 26 0
27 26 0
28 26 0
32 26 0
39 26 0
43 26 0
44 26 0
45 26 0
51 26 0
53 26 0
54 26 0
66 26 0
67 26 0
69 26 0
74 26 0
75 26 0
79 26 0
80 26 0
81 26 0
82 26 0
90 26 0
94 26 0
95 26 0
96 26 0
108 26 0
109 26 0
110 26 0
122 26 0
123 26 0
124 26 0
132 26 0
136 26 0
137 26 0
138 26 0
139 26 0
141 26 0
142 26 0
143 26 0
150 26 0
151 26 0
152 26 0
164 26 0
165 26 0
176 26 0
177 26 0
178 26 0
5 27 0
26 27 0
28 27 0
31 27 0
37 27 0
40 27 0
41 27 0
44 27 0
47 27 0
53 27 0
63 27 0
64 27 0
67 27 0
68 27 0
75 27 0
76 27 0
77 27 0
78 27 0
79 27 0
80 27 0
81 27 0
82 27 0
94 27 0
95 27 0
108 27 0
109 27 0
110 27 0
121 27 0
122 27 0
123 27 0
124 27 0
136 27 0
137 27 0
138 27 0
142 27 0
143 27 0
146 27 0
151 27 0
152 27 0
155 27 0
156 27 0
165 27 0
175 27 0
176 27 0
177 27 0
178 27 0
4 28 0
5 28 0
27 28 0
33 28 0
34 28 0
39 28 0
40 28 0
45 28 0
46 28 0
47 28 0
51 28 0
53 28 0
54 28 0
65 28 0
66 28 0
67 28 0
68 28 0
80 28 0
81 28 0
82 28 0
93 28 0
94 28 0
95 28 0
108 28 0
109 28 0
110 28 0
122 28 0
123 28 0
124 28 0
136 28 0
137 28 0
149 28 0
150 28 0
151 28 0
152 28 0
156 28 0
158 28 0
159 28 0
163 28 0
164 28 0
165 28 0
176 28 0
177 28 0
178 28 0
2 29 0
3 29 0
4 29 0
5 29 0
6 29 0
7 29 0
27 29 0
37 29 0
38 29 0
39 29 0
40 29 0
49 29 0
50 29 0
51 29 0
52 29 0
53 29 0
65 29 0
66 29 0
67 29 0
79 29 0
81 29 0
93 29 0
95 29 0
109 29 0
110 29 0
122 29 0
123 29 0
136 29 0
137 29 0
150 29 0
151 29 0
152 29 0
157 29 0
158 29 0
159 29 0
162 29 0
163 29 0
164 29 0
165 29 0
166 29 0
175 29 0
176 29 0
177 29 0
178 29 0
2 30 0
3 30 0
4 30 0
5 30 0
6 30 0
15 30 0
24 30 0
27 30 0
39 30 0
51 30 0
52 30 0
53 30 0
65 30 0
66 30 0
67 30 0
79 30 0
81 30 0
92 30 0
95 30 0
107 30 0
108 30 0
109 30 0
122 30 0
123 30 0
124 30 0
135 30 0
136 30 0
137 30 0
149 30 0
150 30 0
151 30 0
163 30 0
164 30 0
166 30 0
169 30 0
170 30 0
175 30 0
176 30 0
177 30 0
2 31 0
3 31 0
4 31 0
5 31 0
6 31 0
7 31 0
27 31 0
39 31 0
50 31 0
51 31 0
53 31 0
65 31 0
79 31 0
80 31 0
81 31 0
95 31 0
107 31 0
108 31 0
109 31 0
121 31 0
123 31 0
135 31 0
136 31 0
137 31 0
149 31 0
151 31 0
163 31 0
164 31 0
165 31 0
169 31 0
170 31 0
171 31 0
174 31 0
175 31 0
177 31 0
178 31 0
181 31 0
182 31 0
2 32 0
3 32 0
4 32 0
5 32 0
6 32 0
7 32 0
14 32 0
15 32 0
39 32 0
51 32 0
53 32 0
66 32 0
79 32 0
80 32 0
81 32 0
93 32 0
94 32 0
95 32 0
107 32 0
109 32 0
121 32 0
123 32 0
135 32 0
136 32 0
137 32 0
149 32 0
150 32 0
151 32 0
163 32 0
164 32 0
165 32 0
170 32 0
171 32 0
175 32 0
176 32 0
177 32 0
178 32 0
181 32 0
182 32 0
183 32 0
186 32 0
187 32 0
2 33 0
3 33 0
4 33 0
5 33 0
6 33 0
15 33 0
26 33 0
27 33 0
39 33 0
64 33 0
65 33 0
66 33 0
93 33 0
94 33 0
95 33 0
106 33 0
107 33 0
108 33 0
109 33 0
122 33 0
123 33 0
134 33 0
135 33 0
136 33 0
137 33 0
148 33 0
149 33 0
150 33 0
151 33 0
163 33 0
164 33 0
175 33 0
176 33 0
177 33 0
3 34 0
4 34 0
26 34 0
27 34 0
39 34 0
51 34 0
52 34 0
53 34 0
64 34 0
66 34 0
76 34 0
80 34 0
81 34 0
92 34 0
94 34 0
95 34 0
107 34 0
108 34 0
109 34 0
121 34 0
122 34 0
123 34 0
135 34 0
136 34 0
137 34 0
149 34 0
150 34 0
151 34 0
163 34 0
164 34 0
165 34 0
176 34 0
1 35 0
4 35 0
5 35 0
7 35 0
26 35 0
39 35 0
64 35 0
65 35 0
66 35 0
79 35 0
80 35 0
93 35 0
94 35 0
95 35 0
107 35 0
108 35 0
109 35 0
121 35 0
122 35 0
123 35 0
134 35 0
135 35 0
136 35 0
137 35 0
149 35 0
150 35 0
151 35 0
162 35 0
164 35 0
175 35 0
176 35 0
177 35 0
3 36 0
4 36 0
7 36 0
8 36 0
9 36 0
39 36 0
53 36 0
78 36 0
79 36 0
80 36 0
93 36 0
94 36 0
95 36 0
106 36 0
107 36 0
108 36 0
109 36 0
121 36 0
122 36 0
123 36 0
135 36 0
136 36 0
137 36 0
149 36 0
150 36 0
151 36 0
163 36 0
164 36 0
175 36 0
176 36 0
177 36 0
2 37 0
3 37 0
4 37 0
11 37 0
26 37 0
39 37 0
52 37 0
64 37 0
65 37 0
66 37 0
78 37 0
79 37 0
80 37 0
93 37 0
94 37 0
95 37 0
106 37 0
107 37 0
108 37 0
109 37 0
121 37 0
122 37 0
123 37 0
134 37 0
135 37 0
136 37 0
137 37 0
148 37 0
149 37 0
150 37 0
151 37 0
162 37 0
163 37 0
164 37 0
174 37 0
175 37 0
176 37 0
177 37 0
10 38 0
11 38 0
14 38 0
15 38 0
26 38 0
39 38 0
62 38 0
63 38 0
65 38 0
66 38 0
78 38 0
79 38 0
80 38 0
93 38 0
94 38 0
106 38 0
107 38 0
108 38 0
111 38 0
112 38 0
113 38 0
114 38 0
120 38 0
121 38 0
122 38 0
123 38 0
133 38 0
135 38 0
136 38 0
137 38 0
148 38 0
149 38 0
150 38 0
151 38 0
162 38 0
163 38 0
164 38 0
175 38 0
176 38 0
177 38 0
11 39 0
12 39 0
13 39 0
14 39 0
16 39 0
26 39 0
37 39 0
39 39 0
64 39 0
65 39 0
66 39 0
79 39 0
80 39 0
92 39 0
93 39 0
94 39 0
99 39 0
108 39 0
109 39 0
113 39 0
115 39 0
122 39 0
123 39 0
135 39 0
136 39 0
148 39 0
149 39 0
150 39 0
151 39 0
162 39 0
163 39 0
164 39 0
174 39 0
175 39 0
176 39 0
177 39 0
12 40 0
18 40 0
26 40 0
30 40 0
31 40 0
39 40 0
49 40 0
52 40 0
65 40 0
66 40 0
78 40 0
79 40 0
80 40 0
91 40 0
92 40 0
93 40 0
94 40 0
99 40 0
107 40 0
108 40 0
109 40 0
118 40 0
119 40 0
120 40 0
121 40 0
122 40 0
126 40 0
127 40 0
133 40 0
134 40 0
136 40 0
137 40 0
138 40 0
141 40 0
142 40 0
148 40 0
149 40 0
150 40 0
162 40 0
163 40 0
164 40 0
174 40 0
175 40 0
176 40 0
177 40 0
18 41 0
20 41 0
23 41 0
24 41 0
26 41 0
33 41 0
34 41 0
36 41 0
37 41 0
38 41 0
39 41 0
52 41 0
63 41 0
64 41 0
65 41 0
78 41 0
79 41 0
80 41 0
92 41 0
93 41 0
94 41 0
106 41 0
107 41 0
108 41 0
120 41 0
121 41 0
122 41 0
127 41 0
128 41 0
134 41 0
135 41 0
136 41 0
137 41 0
141 41 0
142 41 0
143 41 0
145 41 0
147 41 0
148 41 0
149 41 0
150 41 0
151 41 0
152 41 0
162 41 0
163 41 0
164 41 0
174 41 0
175 41 0
176 41 0
3 42 0
12 42 0
13 42 0
14 42 0
20 42 0
25 42 0
26 42 0
33 42 0
34 42 0
35 42 0
38 42 0
39 42 0
40 42 0
41 42 0
42 42 0
50 42 0
52 42 0
62 42 0
63 42 0
64 42 0
65 42 0
67 42 0
69 42 0
70 42 0
72 42 0
73 42 0
78 42 0
79 42 0
80 42 0
82 42 0
92 42 0
93 42 0
94 42 0
106 42 0
107 42 0
108 42 0
120 42 0
121 42 0
122 42 0
134 42 0
135 42 0
136 42 0
145 42 0
148 42 0
149 42 0
150 42 0
151 42 0
156 42 0
157 42 0
162 42 0
163 42 0
164 42 0
174 42 0
175 42 0
176 42 0
3 43 0
12 43 0
14 43 0
25 43 0
37 43 0
38 43 0
42 43 0
43 43 0
44 43 0
45 43 0
46 43 0
52 43 0
56 43 0
60 43 0
61 43 0
64 43 0
65 43 0
72 43 0
73 43 0
74 43 0
77 43 0
78 43 0
79 43 0
80 43 0
91 43 0
92 43 0
93 43 0
94 43 0
106 43 0
107 43 0
108 43 0
119 43 0
120 43 0
121 43 0
122 43 0
134 43 0
135 43 0
148 43 0
149 43 0
150 43 0
156 43 0
157 43 0
158 43 0
159 43 0
162 43 0
163 43 0
165 43 0
166 43 0
174 43 0
175 43 0
176 43 0
13 44 0
25 44 0
36 44 0
38 44 0
44 44 0
45 44 0
46 44 0
52 44 0
53 44 0
56 44 0
60 44 0
63 44 0
64 44 0
65 44 0
77 44 0
78 44 0
79 44 0
80 44 0
91 44 0
92 44 0
93 44 0
94 44 0
106 44 0
107 44 0
108 44 0
120 44 0
121 44 0
122 44 0
133 44 0
134 44 0
135 44 0
148 44 0
149 44 0
150 44 0
158 44 0
159 44 0
160 44 0
161 44 0
162 44 0
163 44 0
164 44 0
166 44 0
169 44 0
170 44 0
173 44 0
174 44 0
175 44 0
176 44 0
3 45 0
25 45 0
38 45 0
50 45 0
51 45 0
52 45 0
63 45 0
64 45 0
65 45 0
76 45 0
77 45 0
78 45 0
79 45 0
92 45 0
93 45 0
94 45 0
105 45 0
107 45 0
108 45 0
121 45 0
122 45 0
134 45 0
135 45 0
148 45 0
149 45 0
150 45 0
161 45 0
162 45 0
163 45 0
164 45 0
170 45 0
171 45 0
174 45 0
175 45 0
176 45 0
178 45 0
179 45 0
180 45 0
3 46 0
25 46 0
38 46 0
50 46 0
51 46 0
52 46 0
63 46 0
64 46 0
65 46 0
76 46 0
77 46 0
78 46 0
79 46 0
90 46 0
91 46 0
92 46 0
93 46 0
94 46 0
107 46 0
108 46 0
121 46 0
135 46 0
136 46 0
148 46 0
149 46 0
150 46 0
161 46 0
162 46 0
163 46 0
174 46 0
175 46 0
176 46 0
180 46 0
182 46 0
3 47 0
4 47 0
13 47 0
25 47 0
38 47 0
50 47 0
51 47 0
64 47 0
65 47 0
79 47 0
91 47 0
93 47 0
107 47 0
119 47 0
121 47 0
141 47 0
144 47 0
149 47 0
161 47 0
162 47 0
163 47 0
174 47 0
175 47 0
176 47 0
13 48 0
25 48 0
36 48 0
38 48 0
51 48 0
63 48 0
65 48 0
78 48 0
79 48 0
93 48 0
105 48 0
107 48 0
147 48 0
148 48 0
149 48 0
150 48 0
161 48 0
162 48 0
174 48 0
175 48 0
176 48 0
186 48 0
187 48 0
2 49 0
3 49 0
25 49 0
38 49 0
62 49 0
63 49 0
64 49 0
65 49 0
78 49 0
105 49 0
107 49 0
147 49 0
149 49 0
161 49 0
162 49 0
174 49 0
175 49 0
176 49 0
5 50 0
6 50 0
9 50 0
37 50 0
38 50 0
51 50 0
52 50 0
53 50 0
78 50 0
79 50 0
91 50 0
93 50 0
105 50 0
107 50 0
147 50 0
148 50 0
149 50 0
161 50 0
162 50 0
163 50 0
172 50 0
173 50 0
174 50 0
175 50 0
176 50 0
7 51 0
8 51 0
13 51 0
51 51 0
64 51 0
65 51 0
75 51 0
76 51 0
78 51 0
90 51 0
93 51 0
105 51 0
106 51 0
107 51 0
147 51 0
148 51 0
149 51 0
161 51 0
162 51 0
163 51 0
173 51 0
174 51 0
175 51 0
176 51 0
8 52 0
9 52 0
11 52 0
13 52 0
37 52 0
44 52 0
64 52 0
65 52 0
78 52 0
92 52 0
93 52 0
104 52 0
105 52 0
106 52 0
107 52 0
147 52 0
148 52 0
149 52 0
160 52 0
161 52 0
162 52 0
163 52 0
174 52 0
175 52 0
186 52 0
187 52 0
2 53 0
8 53 0
16 53 0
33 53 0
37 53 0
78 53 0
87 53 0
91 53 0
92 53 0
93 53 0
104 53 0
105 53 0
106 53 0
107 53 0
147 53 0
161 53 0
162 53 0
167 53 0
168 53 0
174 53 0
175 53 0
186 53 0
10 54 0
11 54 0
12 54 0
13 54 0
24 54 0
49 54 0
51 54 0
62 54 0
78 54 0
92 54 0
93 54 0
96 54 0
101 54 0
102 54 0
103 54 0
104 54 0
105 54 0
106 54 0
107 54 0
147 54 0
148 54 0
149 54 0
160 54 0
161 54 0
162 54 0
175 54 0
185 54 0
11 55 0
13 55 0
24 55 0
37 55 0
75 55 0
105 55 0
106 55 0
107 55 0
147 55 0
161 55 0
162 55 0
163 55 0
175 55 0
2 56 0
20 56 0
21 56 0
24 56 0
25 56 0
27 56 0
28 56 0
35 56 0
37 56 0
51 56 0
76 56 0
77 56 0
78 56 0
88 56 0
89 56 0
92 56 0
93 56 0
104 56 0
106 56 0
145 56 0
148 56 0
149 56 0
150 56 0
151 56 0
152 56 0
155 56 0
160 56 0
161 56 0
162 56 0
163 56 0
174 56 0
175 56 0
187 56 0
2 57 0
23 57 0
24 57 0
28 57 0
29 57 0
39 57 0
40 57 0
62 57 0
63 57 0
64 57 0
75 57 0
76 57 0
79 57 0
90 57 0
91 57 0
92 57 0
93 57 0
147 57 0
148 57 0
149 57 0
153 57 0
155 57 0
156 57 0
157 57 0
158 57 0
160 57 0
161 57 0
162 57 0
163 57 0
164 57 0
166 57 0
175 57 0
184 57 0
22 58 0
23 58 0
24 58 0
34 58 0
35 58 0
36 58 0
37 58 0
42 58 0
48 58 0
64 58 0
65 58 0
67 58 0
75 58 0
76 58 0
77 58 0
78 58 0
79 58 0
89 58 0
90 58 0
91 58 0
92 58 0
147 58 0
148 58 0
157 58 0
158 58 0
159 58 0
161 58 0
162 58 0
166 58 0
167 58 0
171 58 0
172 58 0
173 58 0
174 58 0
175 58 0
176 58 0
177 58 0
10 59 0
24 59 0
35 59 0
37 59 0
42 59 0
45 59 0
46 59 0
48 59 0
49 59 0
50 59 0
62 59 0
63 59 0
64 59 0
65 59 0
73 59 0
74 59 0
77 59 0
78 59 0
89 59 0
92 59 0
148 59 0
160 59 0
161 59 0
162 59 0
163 59 0
169 59 0
170 59 0
171 59 0
174 59 0
175 59 0
177 59 0
178 59 0
180 59 0
184 59 0
186 59 0
35 60 0
37 60 0
45 60 0
46 60 0
47 60 0
49 60 0
50 60 0
51 60 0
62 60 0
64 60 0
68 60 0
69 60 0
73 60 0
76 60 0
77 60 0
92 60 0
103 60 0
105 60 0
148 60 0
153 60 0
160 60 0
161 60 0
163 60 0
172 60 0
173 60 0
174 60 0
175 60 0
181 60 0
182 60 0
186 60 0
35 61 0
37 61 0
48 61 0
49 61 0
50 61 0
51 61 0
63 61 0
64 61 0
75 61 0
76 61 0
77 61 0
91 61 0
161 61 0
173 61 0
174 61 0
184 61 0
185 61 0
186 61 0
24 62 0
36 62 0
37 62 0
63 62 0
75 62 0
77 62 0
103 62 0
161 62 0
174 62 0
186 62 0
1 63 0
33 63 0
36 63 0
37 63 0
61 63 0
63 63 0
64 63 0
77 63 0
161 63 0
186 63 0
3 64 0
4 64 0
5 64 0
12 64 0
37 64 0
50 64 0
75 64 0
76 64 0
77 64 0
105 64 0
161 64 0
1 65 0
2 65 0
24 65 0
50 65 0
63 65 0
64 65 0
74 65 0
75 65 0
76 65 0
77 65 0
92 65 0
105 65 0
161 65 0
173 65 0
2 66 0
36 66 0
62 66 0
64 66 0
74 66 0
76 66 0
77 66 0
91 66 0
92 66 0
103 66 0
104 66 0
105 66 0
160 66 0
161 66 0
172 66 0
173 66 0
8 67 0
9 67 0
11 67 0
12 67 0
46 67 0
50 67 0
63 67 0
90 67 0
91 67 0
92 67 0
103 67 0
105 67 0
160 67 0
170 67 0
172 67 0
173 67 0
182 67 0
185 67 0
1 68 0
9 68 0
10 68 0
12 68 0
13 68 0
14 68 0
23 68 0
33 68 0
36 68 0
50 68 0
61 68 0
63 68 0
91 68 0
102 68 0
103 68 0
104 68 0
117 68 0
118 68 0
119 68 0
160 68 0
172 68 0
173 68 0
183 68 0
184 68 0
185 68 0
16 69 0
36 69 0
50 69 0
63 69 0
74 69 0
75 69 0
76 69 0
77 69 0
90 69 0
91 69 0
103 69 0
104 69 0
105 69 0
111 69 0
112 69 0
115 69 0
116 69 0
117 69 0
118 69 0
119 69 0
131 69 0
146 69 0
160 69 0
173 69 0
183 69 0
184 69 0
185 69 0
12 70 0
15 70 0
18 70 0
50 70 0
61 70 0
63 70 0
75 70 0
76 70 0
77 70 0
89 70 0
90 70 0
91 70 0
92 70 0
102 70 0
103 70 0
104 70 0
105 70 0
113 70 0
114 70 0
116 70 0
117 70 0
118 70 0
119 70 0
124 70 0
128 70 0
129 70 0
130 70 0
132 70 0
133 70 0
139 70 0
140 70 0
143 70 0
144 70 0
145 70 0
146 70 0
147 70 0
160 70 0
171 70 0
172 70 0
173 70 0
23 71 0
50 71 0
63 71 0
75 71 0
76 71 0
77 71 0
88 71 0
89 71 0
91 71 0
103 71 0
104 71 0
105 71 0
117 71 0
118 71 0
119 71 0
130 71 0
131 71 0
132 71 0
133 71 0
140 71 0
141 71 0
143 71 0
144 71 0
146 71 0
147 71 0
148 71 0
151 71 0
152 71 0
155 71 0
158 71 0
159 71 0
160 71 0
171 71 0
172 71 0
173 71 0
183 71 0
184 71 0
185 71 0
19 72 0
20 72 0
21 72 0
22 72 0
23 72 0
36 72 0
50 72 0
61 72 0
63 72 0
75 72 0
76 72 0
84 72 0
87 72 0
89 72 0
90 72 0
91 72 0
92 72 0
102 72 0
103 72 0
104 72 0
117 72 0
118 72 0
130 72 0
131 72 0
132 72 0
141 72 0
145 72 0
146 72 0
147 72 0
154 72 0
155 72 0
159 72 0
160 72 0
163 72 0
171 72 0
172 72 0
173 72 0
183 72 0
184 72 0
21 73 0
22 73 0
23 73 0
30 73 0
32 73 0
33 73 0
34 73 0
35 73 0
36 73 0
37 73 0
53 73 0
60 73 0
62 73 0
63 73 0
64 73 0
67 73 0
68 73 0
73 73 0
74 73 0
75 73 0
76 73 0
89 73 0
90 73 0
91 73 0
102 73 0
103 73 0
104 73 0
116 73 0
118 73 0
145 73 0
146 73 0
156 73 0
157 73 0
158 73 0
159 73 0
160 73 0
161 73 0
163 73 0
165 73 0
166 73 0
169 73 0
170 73 0
171 73 0
172 73 0
173 73 0
178 73 0
183 73 0
184 73 0
34 74 0
35 74 0
36 74 0
41 74 0
48 74 0
53 74 0
61 74 0
62 74 0
63 74 0
72 74 0
73 74 0
75 74 0
76 74 0
77 74 0
91 74 0
102 74 0
103 74 0
104 74 0
116 74 0
117 74 0
118 74 0
130 74 0
131 74 0
132 74 0
144 74 0
145 74 0
146 74 0
158 74 0
159 74 0
160 74 0
171 74 0
172 74 0
173 74 0
178 74 0
179 74 0
182 74 0
183 74 0
184 74 0
185 74 0
36 75 0
41 75 0
47 75 0
49 75 0
50 75 0
61 75 0
62 75 0
63 75 0
74 75 0
75 75 0
76 75 0
77 75 0
90 75 0
91 75 0
102 75 0
104 75 0
118 75 0
129 75 0
130 75 0
131 75 0
132 75 0
146 75 0
157 75 0
158 75 0
159 75 0
171 75 0
172 75 0
173 75 0
183 75 0
184 75 0
23 76 0
36 76 0
48 76 0
49 76 0
50 76 0
73 76 0
74 76 0
75 76 0
76 76 0
89 76 0
90 76 0
102 76 0
104 76 0
115 76 0
116 76 0
117 76 0
118 76 0
129 76 0
130 76 0
131 76 0
132 76 0
144 76 0
145 76 0
146 76 0
156 76 0
157 76 0
158 76 0
159 76 0
169 76 0
171 76 0
172 76 0
49 77 0
61 77 0
90 77 0
104 77 0
116 77 0
117 77 0
132 77 0
144 77 0
146 77 0
157 77 0
159 77 0
170 77 0
171 77 0
172 77 0
182 77 0
184 77 0
2 78 0
36 78 0
49 78 0
61 78 0
88 78 0
90 78 0
103 78 0
104 78 0
116 78 0
118 78 0
130 78 0
131 78 0
132 78 0
144 78 0
145 78 0
146 78 0
157 78 0
159 78 0
170 78 0
171 78 0
172 78 0
182 78 0
183 78 0
2 79 0
49 79 0
63 79 0
75 79 0
90 79 0
104 79 0
118 79 0
132 79 0
144 79 0
145 79 0
146 79 0
157 79 0
159 79 0
170 79 0
171 79 0
172 79 0
182 79 0
183 79 0
23 80 0
60 80 0
61 80 0
62 80 0
63 80 0
88 80 0
90 80 0
103 80 0
104 80 0
117 80 0
129 80 0
130 80 0
131 80 0
132 80 0
144 80 0
145 80 0
146 80 0
157 80 0
158 80 0
159 80 0
169 80 0
171 80 0
182 80 0
183 80 0
49 81 0
63 81 0
75 81 0
90 81 0
101 81 0
103 81 0
104 81 0
117 81 0
129 81 0
131 81 0
145 81 0
157 81 0
158 81 0
159 81 0
169 81 0
171 81 0
183 81 0
61 82 0
62 82 0
63 82 0
75 82 0
88 82 0
89 82 0
90 82 0
102 82 0
103 82 0
104 82 0
130 82 0
131 82 0
144 82 0
145 82 0
156 82 0
158 82 0
159 82 0
171 82 0
181 82 0
182 82 0
183 82 0
9 83 0
12 83 0
13 83 0
49 83 0
87 83 0
90 83 0
103 83 0
115 83 0
117 83 0
131 83 0
143 83 0
145 83 0
157 83 0
158 83 0
159 83 0
171 83 0
181 83 0
183 83 0
10 84 0
11 84 0
12 84 0
75 84 0
89 84 0
101 84 0
102 84 0
103 84 0
104 84 0
115 84 0
116 84 0
121 84 0
126 84 0
128 84 0
129 84 0
131 84 0
143 84 0
145 84 0
157 84 0
158 84 0
169 84 0
170 84 0
181 84 0
183 84 0
76 85 0
102 85 0
103 85 0
104 85 0
109 85 0
110 85 0
111 85 0
116 85 0
117 85 0
118 85 0
128 85 0
129 85 0
130 85 0
131 85 0
132 85 0
133 85 0
134 85 0
135 85 0
136 85 0
143 85 0
144 85 0
145 85 0
149 85 0
157 85 0
158 85 0
169 85 0
170 85 0
171 85 0
181 85 0
182 85 0
183 85 0
12 86 0
17 86 0
21 86 0
22 86 0
23 86 0
62 86 0
74 86 0
75 86 0
89 86 0
90 86 0
91 86 0
93 86 0
102 86 0
103 86 0
115 86 0
116 86 0
117 86 0
129 86 0
130 86 0
131 86 0
144 86 0
145 86 0
146 86 0
151 86 0
152 86 0
156 86 0
157 86 0
158 86 0
169 86 0
170 86 0
171 86 0
181 86 0
182 86 0
183 86 0
19 87 0
20 87 0
21 87 0
22 87 0
23 87 0
29 87 0
62 87 0
73 87 0
75 87 0
76 87 0
87 87 0
88 87 0
89 87 0
90 87 0
103 87 0
114 87 0
115 87 0
116 87 0
117 87 0
129 87 0
130 87 0
131 87 0
143 87 0
144 87 0
145 87 0
150 87 0
151 87 0
155 87 0
156 87 0
157 87 0
158 87 0
162 87 0
163 87 0
167 87 0
168 87 0
169 87 0
170 87 0
171 87 0
173 87 0
179 87 0
180 87 0
181 87 0
182 87 0
30 88 0
31 88 0
35 88 0
36 88 0
37 88 0
49 88 0
60 88 0
61 88 0
62 88 0
63 88 0
67 88 0
68 88 0
73 88 0
74 88 0
75 88 0
84 88 0
85 88 0
86 88 0
89 88 0
90 88 0
101 88 0
103 88 0
114 88 0
115 88 0
116 88 0
142 88 0
143 88 0
144 88 0
153 88 0
154 88 0
156 88 0
157 88 0
158 88 0
162 88 0
163 88 0
164 88 0
165 88 0
169 88 0
170 88 0
171 88 0
180 88 0
181 88 0
182 88 0
32 89 0
33 89 0
34 89 0
35 89 0
42 89 0
60 89 0
61 89 0
62 89 0
63 89 0
66 89 0
72 89 0
73 89 0
75 89 0
84 89 0
87 89 0
88 89 0
89 89 0
103 89 0
114 89 0
116 89 0
128 89 0
129 89 0
130 89 0
142 89 0
156 89 0
157 89 0
169 89 0
170 89 0
180 89 0
181 89 0
182 89 0
33 90 0
34 90 0
35 90 0
42 90 0
43 90 0
44 90 0
48 90 0
49 90 0
60 90 0
61 90 0
62 90 0
73 90 0
74 90 0
75 90 0
87 90 0
88 90 0
89 90 0
101 90 0
102 90 0
103 90 0
114 90 0
116 90 0
128 90 0
129 90 0
130 90 0
141 90 0
142 90 0
143 90 0
144 90 0
157 90 0
167 90 0
168 90 0
169 90 0
170 90 0
180 90 0
181 90 0
182 90 0
35 91 0
46 91 0
47 91 0
48 91 0
49 91 0
73 91 0
74 91 0
75 91 0
87 91 0
88 91 0
89 91 0
103 91 0
113 91 0
114 91 0
116 91 0
128 91 0
129 91 0
130 91 0
142 91 0
143 91 0
144 91 0
157 91 0
168 91 0
169 91 0
170 91 0
180 91 0
182 91 0
49 92 0
62 92 0
75 92 0
87 92 0
88 92 0
89 92 0
100 92 0
101 92 0
103 92 0
114 92 0
115 92 0
116 92 0
128 92 0
130 92 0
144 92 0
155 92 0
156 92 0
157 92 0
168 92 0
169 92 0
181 92 0
2 93 0
3 93 0
4 93 0
35 93 0
75 93 0
88 93 0
89 93 0
100 93 0
102 93 0
103 93 0
114 93 0
115 93 0
116 93 0
130 93 0
143 93 0
144 93 0
155 93 0
156 93 0
157 93 0
169 93 0
170 93 0
179 93 0
180 93 0
181 93 0
182 93 0
2 94 0
75 94 0
85 94 0
89 94 0
102 94 0
114 94 0
115 94 0
116 94 0
128 94 0
129 94 0
130 94 0
142 94 0
143 94 0
156 94 0
167 94 0
168 94 0
169 94 0
180 94 0
181 94 0
74 95 0
75 95 0
88 95 0
89 95 0
102 95 0
114 95 0
116 95 0
129 95 0
142 95 0
143 95 0
144 95 0
154 95 0
155 95 0
156 95 0
167 95 0
169 95 0
181 95 0
89 96 0
100 96 0
101 96 0
102 96 0
114 96 0
115 96 0
116 96 0
129 96 0
130 96 0
143 96 0
155 96 0
156 96 0
157 96 0
167 96 0
168 96 0
169 96 0
179 96 0
181 96 0
9 97 0
10 97 0
12 97 0
13 97 0
35 97 0
102 97 0
128 97 0
129 97 0
143 97 0
155 97 0
156 97 0
166 97 0
167 97 0
168 97 0
169 97 0
179 97 0
180 97 0
181 97 0
1 98 0
10 98 0
11 98 0
12 98 0
13 98 0
35 98 0
48 98 0
89 98 0
100 98 0
108 98 0
113 98 0
114 98 0
115 98 0
120 98 0
122 98 0
127 98 0
128 98 0
129 98 0
141 98 0
143 98 0
154 98 0
155 98 0
156 98 0
167 98 0
168 98 0
169 98 0
179 98 0
180 98 0
181 98 0
89 99 0
100 99 0
101 99 0
102 99 0
103 99 0
109 99 0
110 99 0
111 99 0
115 99 0
116 99 0
123 99 0
124 99 0
125 99 0
128 99 0
129 99 0
130 99 0
132 99 0
133 99 0
141 99 0
154 99 0
155 99 0
156 99 0
18 100 0
35 100 0
87 100 0
88 100 0
89 100 0
96 100 0
97 100 0
98 100 0
99 100 0
101 100 0
102 100 0
103 100 0
113 100 0
114 100 0
115 100 0
127 100 0
128 100 0
129 100 0
132 100 0
133 100 0
139 100 0
140 100 0
141 100 0
142 100 0
143 100 0
154 100 0
155 100 0
156 100 0
166 100 0
167 100 0
168 100 0
169 100 0
179 100 0
18 101 0
24 101 0
62 101 0
74 101 0
75 101 0
86 101 0
87 101 0
88 101 0
89 101 0
93 101 0
95 101 0
100 101 0
101 101 0
102 101 0
113 101 0
114 101 0
115 101 0
127 101 0
128 101 0
141 101 0
142 101 0
143 101 0
146 101 0
147 101 0
154 101 0
155 101 0
156 101 0
161 101 0
165 101 0
166 101 0
168 101 0
169 101 0
177 101 0
178 101 0
180 101 0
181 101 0
20 102 0
21 102 0
22 102 0
23 102 0
61 102 0
74 102 0
75 102 0
76 102 0
85 102 0
87 102 0
88 102 0
92 102 0
93 102 0
100 102 0
101 102 0
102 102 0
113 102 0
114 102 0
115 102 0
128 102 0
141 102 0
142 102 0
143 102 0
146 102 0
147 102 0
149 102 0
153 102 0
154 102 0
155 102 0
156 102 0
167 102 0
168 102 0
169 102 0
179 102 0
180 102 0
181 102 0
13 103 0
22 103 0
31 103 0
35 103 0
58 103 0
61 103 0
62 103 0
73 103 0
76 103 0
86 103 0
87 103 0
88 103 0
89 103 0
102 103 0
113 103 0
114 103 0
115 103 0
126 103 0
128 103 0
140 103 0
141 103 0
142 103 0
154 103 0
155 103 0
156 103 0
166 103 0
168 103 0
178 103 0
180 103 0
33 104 0
34 104 0
35 104 0
40 104 0
47 104 0
48 104 0
60 104 0
61 104 0
63 104 0
64 104 0
72 104 0
73 104 0
74 104 0
75 104 0
88 104 0
100 104 0
101 104 0
102 104 0
113 104 0
115 104 0
127 104 0
128 104 0
140 104 0
141 104 0
142 104 0
153 104 0
154 104 0
155 104 0
166 104 0
167 104 0
168 104 0
178 104 0
179 104 0
180 104 0
35 105 0
41 105 0
42 105 0
48 105 0
49 105 0
64 105 0
71 105 0
74 105 0
75 105 0
86 105 0
88 105 0
102 105 0
112 105 0
113 105 0
114 105 0
115 105 0
126 105 0
128 105 0
140 105 0
141 105 0
142 105 0
152 105 0
153 105 0
154 105 0
155 105 0
166 105 0
167 105 0
177 105 0
179 105 0
2 106 0
3 106 0
47 106 0
48 106 0
49 106 0
61 106 0
72 106 0
73 106 0
74 106 0
75 106 0
88 106 0
100 106 0
101 106 0
102 106 0
113 106 0
114 106 0
115 106 0
128 106 0
139 106 0
140 106 0
141 106 0
142 106 0
153 106 0
154 106 0
155 106 0
165 106 0
166 106 0
167 106 0
177 106 0
179 106 0
2 107 0
3 107 0
23 107 0
35 107 0
46 107 0
48 107 0
61 107 0
74 107 0
99 107 0
100 107 0
101 107 0
112 107 0
115 107 0
128 107 0
141 107 0
152 107 0
154 107 0
177 107 0
179 107 0
74 108 0
99 108 0
101 108 0
102 108 0
113 108 0
114 108 0
115 108 0
125 108 0
126 108 0
127 108 0
128 108 0
139 108 0
141 108 0
152 108 0
153 108 0
154 108 0
167 108 0
23 109 0
88 109 0
101 109 0
114 109 0
115 109 0
125 109 0
128 109 0
139 109 0
140 109 0
141 109 0
154 109 0
165 109 0
167 109 0
13 110 0
48 110 0
50 110 0
86 110 0
99 110 0
101 110 0
113 110 0
114 110 0
115 110 0
125 110 0
126 110 0
127 110 0
128 110 0
139 110 0
141 110 0
152 110 0
153 110 0
154 110 0
165 110 0
166 110 0
167 110 0
177 110 0
178 110 0
179 110 0
11 111 0
12 111 0
13 111 0
14 111 0
86 111 0
87 111 0
88 111 0
99 111 0
101 111 0
114 111 0
125 111 0
126 111 0
127 111 0
153 111 0
154 111 0
164 111 0
165 111 0
166 111 0
167 111 0
12 112 0
13 112 0
14 112 0
74 112 0
88 112 0
101 112 0
112 112 0
113 112 0
114 112 0
115 112 0
120 112 0
125 112 0
126 112 0
127 112 0
152 112 0
153 112 0
154 112 0
165 112 0
166 112 0
167 112 0
177 112 0
178 112 0
61 113 0
72 113 0
74 113 0
87 113 0
88 113 0
99 113 0
100 113 0
101 113 0
104 113 0
110 113 0
111 113 0
112 113 0
114 113 0
115 113 0
120 113 0
122 113 0
123 113 0
126 113 0
127 113 0
128 113 0
131 113 0
139 113 0
140 113 0
141 113 0
152 113 0
153 113 0
154 113 0
164 113 0
165 113 0
166 113 0
176 113 0
177 113 0
178 113 0
180 113 0
61 114 0
74 114 0
86 114 0
87 114 0
88 114 0
92 114 0
98 114 0
100 114 0
101 114 0
112 114 0
113 114 0
114 114 0
125 114 0
126 114 0
127 114 0
131 114 0
135 114 0
138 114 0
139 114 0
140 114 0
141 114 0
143 114 0
144 114 0
152 114 0
153 114 0
154 114 0
164 114 0
165 114 0
166 114 0
176 114 0
177 114 0
178 114 0
179 114 0
19 115 0
20 115 0
21 115 0
23 115 0
24 115 0
74 115 0
85 115 0
86 115 0
87 115 0
88 115 0
90 115 0
92 115 0
99 115 0
100 115 0
101 115 0
112 115 0
113 115 0
114 115 0
127 115 0
134 115 0
136 115 0
139 115 0
140 115 0
141 115 0
144 115 0
146 115 0
150 115 0
151 115 0
153 115 0
154 115 0
161 115 0
164 115 0
165 115 0
166 115 0
167 115 0
176 115 0
177 115 0
178 115 0
22 116 0
23 116 0
24 116 0
61 116 0
74 116 0
75 116 0
86 116 0
87 116 0
88 116 0
90 116 0
91 116 0
99 116 0
100 116 0
101 116 0
112 116 0
113 116 0
114 116 0
126 116 0
139 116 0
140 116 0
141 116 0
147 116 0
151 116 0
152 116 0
153 116 0
154 116 0
164 116 0
165 116 0
166 116 0
176 116 0
177 116 0
178 116 0
59 117 0
61 117 0
65 117 0
74 117 0
86 117 0
87 117 0
88 117 0
89 117 0
99 117 0
101 117 0
111 117 0
113 117 0
124 117 0
125 117 0
126 117 0
138 117 0
139 117 0
140 117 0
151 117 0
152 117 0
153 117 0
164 117 0
165 117 0
166 117 0
31 118 0
32 118 0
36 118 0
59 118 0
60 118 0
61 118 0
62 118 0
67 118 0
71 118 0
72 118 0
73 118 0
74 118 0
75 118 0
83 118 0
84 118 0
85 118 0
87 118 0
88 118 0
99 118 0
100 118 0
101 118 0
112 118 0
113 118 0
125 118 0
126 118 0
138 118 0
139 118 0
140 118 0
150 118 0
151 118 0
152 118 0
153 118 0
164 118 0
165 118 0
166 118 0
34 119 0
35 119 0
36 119 0
45 119 0
46 119 0
48 119 0
49 119 0
59 119 0
60 119 0
61 119 0
67 119 0
68 119 0
69 119 0
73 119 0
74 119 0
86 119 0
87 119 0
88 119 0
111 119 0
113 119 0
126 119 0
138 119 0
139 119 0
140 119 0
151 119 0
152 119 0
153 119 0
165 119 0
2 120 0
4 120 0
34 120 0
36 120 0
47 120 0
48 120 0
49 120 0
59 120 0
61 120 0
73 120 0
74 120 0
86 120 0
87 120 0
101 120 0
110 120 0
113 120 0
126 120 0
138 120 0
139 120 0
140 120 0
152 120 0
153 120 0
163 120 0
165 120 0
175 120 0
177 120 0
3 121 0
4 121 0
48 121 0
74 121 0
98 121 0
99 121 0
100 121 0
101 121 0
110 121 0
111 121 0
113 121 0
124 121 0
125 121 0
126 121 0
138 121 0
139 121 0
140 121 0
151 121 0
153 121 0
162 121 0
165 121 0
177 121 0
36 122 0
48 122 0
87 122 0
99 122 0
100 122 0
111 122 0
113 122 0
126 122 0
138 122 0
139 122 0
140 122 0
151 122 0
152 122 0
163 122 0
164 122 0
165 122 0
175 122 0
176 122 0
177 122 0
36 123 0
74 123 0
87 123 0
99 123 0
100 123 0
101 123 0
124 123 0
125 123 0
126 123 0
152 123 0
153 123 0
176 123 0
12 124 0
13 124 0
14 124 0
24 124 0
36 124 0
85 124 0
87 124 0
99 124 0
100 124 0
101 124 0
111 124 0
112 124 0
113 124 0
123 124 0
124 124 0
125 124 0
126 124 0
139 124 0
152 124 0
164 124 0
176 124 0
13 125 0
14 125 0
74 125 0
100 125 0
110 125 0
112 125 0
113 125 0
124 125 0
125 125 0
138 125 0
139 125 0
140 125 0
152 125 0
162 125 0
164 125 0
178 125 0
185 125 0
188 125 0
5 126 0
98 126 0
99 126 0
100 126 0
101 126 0
102 126 0
104 126 0
105 126 0
107 126 0
109 126 0
110 126 0
111 126 0
112 126 0
113 126 0
119 126 0
125 126 0
126 126 0
138 126 0
139 126 0
150 126 0
151 126 0
152 126 0
162 126 0
163 126 0
164 126 0
173 126 0
174 126 0
177 126 0
178 126 0
186 126 0
85 127 0
87 127 0
97 127 0
98 127 0
99 127 0
100 127 0
101 127 0
102 127 0
111 127 0
112 127 0
123 127 0
124 127 0
125 127 0
126 127 0
134 127 0
136 127 0
137 127 0
138 127 0
139 127 0
140 127 0
150 127 0
151 127 0
152 127 0
162 127 0
164 127 0
173 127 0
174 127 0
175 127 0
176 127 0
86 128 0
87 128 0
96 128 0
97 128 0
99 128 0
100 128 0
101 128 0
110 128 0
111 128 0
112 128 0
124 128 0
125 128 0
126 128 0
135 128 0
137 128 0
138 128 0
139 128 0
143 128 0
150 128 0
151 128 0
152 128 0
160 128 0
162 128 0
163 128 0
164 128 0
174 128 0
175 128 0
176 128 0
186 128 0
19 129 0
20 129 0
21 129 0
24 129 0
25 129 0
29 129 0
49 129 0
72 129 0
74 129 0
86 129 0
87 129 0
90 129 0
91 129 0
94 129 0
95 129 0
98 129 0
99 129 0
100 129 0
112 129 0
124 129 0
125 129 0
138 129 0
139 129 0
143 129 0
144 129 0
150 129 0
151 129 0
152 129 0
163 129 0
164 129 0
173 129 0
174 129 0
175 129 0
186 129 0
22 130 0
23 130 0
24 130 0
25 130 0
58 130 0
59 130 0
60 130 0
61 130 0
85 130 0
86 130 0
87 130 0
90 130 0
98 130 0
99 130 0
100 130 0
108 130 0
110 130 0
111 130 0
112 130 0
123 130 0
124 130 0
125 130 0
137 130 0
138 130 0
139 130 0
150 130 0
151 130 0
152 130 0
162 130 0
163 130 0
164 130 0
186 130 0
187 130 0
32 131 0
36 131 0
37 131 0
49 131 0
56 131 0
60 131 0
61 131 0
62 131 0
71 131 0
72 131 0
73 131 0
74 131 0
83 131 0
84 131 0
85 131 0
87 131 0
88 131 0
123 131 0
124 131 0
125 131 0
137 131 0
138 131 0
149 131 0
150 131 0
151 131 0
161 131 0
163 131 0
173 131 0
174 131 0
175 131 0
186 131 0
187 131 0
1 132 0
2 132 0
5 132 0
6 132 0
24 132 0
34 132 0
35 132 0
36 132 0
48 132 0
49 132 0
50 132 0
51 132 0
71 132 0
72 132 0
74 132 0
83 132 0
86 132 0
87 132 0
88 132 0
100 132 0
110 132 0
112 132 0
123 132 0
124 132 0
125 132 0
136 132 0
137 132 0
138 132 0
149 132 0
150 132 0
151 132 0
161 132 0
163 132 0
173 132 0
175 132 0
185 132 0
187 132 0
4 133 0
5 133 0
6 133 0
35 133 0
46 133 0
47 133 0
48 133 0
49 133 0
50 133 0
59 133 0
61 133 0
72 133 0
73 133 0
74 133 0
85 133 0
86 133 0
87 133 0
88 133 0
98 133 0
99 133 0
100 133 0
110 133 0
111 133 0
112 133 0
122 133 0
124 133 0
125 133 0
136 133 0
138 133 0
162 133 0
163 133 0
173 133 0
174 133 0
47 134 0
48 134 0
49 134 0
72 134 0
74 134 0
87 134 0
98 134 0
99 134 0
100 134 0
122 134 0
124 134 0
136 134 0
137 134 0
138 134 0
149 134 0
151 134 0
161 134 0
163 134 0
185 134 0
186 134 0
36 135 0
87 135 0
98 135 0
100 135 0
111 135 0
112 135 0
122 135 0
124 135 0
125 135 0
138 135 0
149 135 0
150 135 0
151 135 0
161 135 0
162 135 0
163 135 0
185 135 0
186 135 0
13 136 0
15 136 0
16 136 0
49 136 0
71 136 0
73 136 0
74 136 0
99 136 0
100 136 0
124 136 0
148 136 0
163 136 0
185 136 0
186 136 0
3 137 0
4 137 0
6 137 0
7 137 0
14 137 0
15 137 0
16 137 0
17 137 0
86 137 0
87 137 0
99 137 0
100 137 0
111 137 0
124 137 0
136 137 0
137 137 0
138 137 0
148 137 0
150 137 0
162 137 0
163 137 0
172 137 0
174 137 0
183 137 0
184 137 0
185 137 0
186 137 0
7 138 0
8 138 0
9 138 0
10 138 0
11 138 0
16 138 0
49 138 0
98 138 0
99 138 0
100 138 0
109 138 0
110 138 0
111 138 0
112 138 0
124 138 0
136 138 0
137 138 0
149 138 0
150 138 0
161 138 0
162 138 0
172 138 0
173 138 0
174 138 0
179 138 0
180 138 0
183 138 0
184 138 0
185 138 0
186 138 0
16 139 0
17 139 0
18 139 0
19 139 0
20 139 0
61 139 0
74 139 0
87 139 0
98 139 0
99 139 0
100 139 0
101 139 0
102 139 0
110 139 0
111 139 0
112 139 0
121 139 0
122 139 0
123 139 0
124 139 0
125 139 0
135 139 0
136 139 0
137 139 0
144 139 0
148 139 0
150 139 0
160 139 0
161 139 0
162 139 0
172 139 0
173 139 0
174 139 0
184 139 0
185 139 0
19 140 0
20 140 0
25 140 0
26 140 0
27 140 0
87 140 0
96 140 0
97 140 0
98 140 0
99 140 0
100 140 0
101 140 0
109 140 0
111 140 0
123 140 0
124 140 0
133 140 0
134 140 0
135 140 0
136 140 0
137 140 0
138 140 0
144 140 0
145 140 0
149 140 0
150 140 0
157 140 0
158 140 0
159 140 0
160 140 0
162 140 0
163 140 0
172 140 0
173 140 0
174 140 0
183 140 0
184 140 0
185 140 0
29 141 0
32 141 0
33 141 0
34 141 0
37 141 0
87 141 0
95 141 0
98 141 0
99 141 0
100 141 0
109 141 0
110 141 0
111 141 0
123 141 0
124 141 0
135 141 0
136 141 0
137 141 0
146 141 0
147 141 0
148 141 0
149 141 0
150 141 0
160 141 0
161 141 0
162 141 0
178 141 0
179 141 0
180 141 0
185 141 0
38 142 0
41 142 0
43 142 0
44 142 0
45 142 0
74 142 0
93 142 0
95 142 0
98 142 0
99 142 0
109 142 0
110 142 0
111 142 0
121 142 0
122 142 0
123 142 0
135 142 0
136 142 0
137 142 0
148 142 0
149 142 0
150 142 0
160 142 0
161 142 0
162 142 0
170 142 0
171 142 0
172 142 0
183 142 0
184 142 0
185 142 0
52 143 0
53 143 0
57 143 0
61 143 0
62 143 0
72 143 0
74 143 0
99 143 0
109 143 0
110 143 0
123 143 0
135 143 0
136 143 0
148 143 0
149 143 0
158 143 0
159 143 0
183 143 0
184 143 0
185 143 0
65 144 0
67 144 0
74 144 0
83 144 0
84 144 0
85 144 0
86 144 0
87 144 0
88 144 0
99 144 0
109 144 0
110 144 0
111 144 0
121 144 0
123 144 0
134 144 0
136 144 0
182 144 0
183 144 0
184 144 0
185 144 0
2 145 0
6 145 0
87 145 0
93 145 0
101 145 0
111 145 0
125 145 0
182 145 0
183 145 0
184 145 0
185 145 0
4 146 0
6 146 0
7 146 0
183 146 0
184 146 0
185 146 0
11 147 0
13 147 0
14 147 0
182 147 0
184 147 0
14 148 0
15 148 0
16 148 0
20 148 0
27 148 0
172 148 0
173 148 0
174 148 0
181 148 0
182 148 0
183 148 0
184 148 0
15 149 0
16 149 0
17 149 0
18 149 0
25 149 0
27 149 0
35 149 0
161 149 0
172 149 0
181 149 0
182 149 0
183 149 0
185 149 0
17 150 0
33 150 0
34 150 0
47 150 0
159 150 0
160 150 0
161 150 0
168 150 0
169 150 0
172 150 0
174 150 0
182 150 0
183 150 0
9 151 0
45 151 0
47 151 0
147 151 0
148 151 0
160 151 0
161 151 0
170 151 0
171 151 0
172 151 0
186 151 0
56 152 0
58 152 0
59 152 0
60 152 0
128 152 0
135 152 0
136 152 0
148 152 0
159 152 0
160 152 0
161 152 0
171 152 0
183 152 0
71 153 0
72 153 0
73 153 0
96 153 0
98 153 0
122 153 0
134 153 0
146 153 0
147 153 0
148 153 0
160 153 0
171 153 0
182 153 0
10 154 0
23 154 0
24 154 0
27 154 0
28 154 0
86 154 0
87 154 0
97 154 0
98 154 0
99 154 0
110 154 0
115 154 0
120 154 0
122 154 0
135 154 0
146 154 0
147 154 0
171 154 0
180 154 0
182 154 0
6 155 0
7 155 0
9 155 0
10 155 0
26 155 0
27 155 0
38 155 0
39 155 0
50 155 0
59 155 0
60 155 0
62 155 0
63 155 0
74 155 0
85 155 0
87 155 0
108 155 0
110 155 0
120 155 0
122 155 0
133 155 0
135 155 0
147 155 0
160 155 0
171 155 0
18 156 0
37 156 0
38 156 0
39 156 0
56 156 0
62 156 0
72 156 0
73 156 0
74 156 0
83 156 0
84 156 0
87 156 0
88 156 0
108 156 0
110 156 0
133 156 0
134 156 0
135 156 0
159 156 0
49 157 0
50 157 0
51 157 0
67 157 0
68 157 0
69 157 0
74 157 0
75 157 0
87 157 0
147 157 0
157 157 0
159 157 0
170 157 0
49 158 0
51 158 0
52 158 0
62 158 0
72 158 0
73 158 0
74 158 0
108 158 0
109 158 0
110 158 0
119 158 0
121 158 0
122 158 0
133 158 0
134 158 0
135 158 0
147 158 0
159 158 0
170 158 0
181 158 0
98 159 0
108 159 0
145 159 0
146 159 0
157 159 0
159 159 0
179 159 0
180 159 0
181 159 0
17 160 0
18 160 0
19 160 0
39 160 0
98 160 0
108 160 0
120 160 0
121 160 0
122 160 0
159 160 0
169 160 0
170 160 0
179 160 0
180 160 0
181 160 0
18 161 0
19 161 0
84 161 0
85 161 0
87 161 0
97 161 0
98 161 0
108 161 0
109 161 0
110 161 0
115 161 0
121 161 0
122 161 0
132 161 0
134 161 0
145 161 0
157 161 0
158 161 0
159 161 0
167 161 0
168 161 0
169 161 0
170 161 0
180 161 0
2 162 0
84 162 0
87 162 0
97 162 0
98 162 0
99 162 0
106 162 0
107 162 0
108 162 0
109 162 0
110 162 0
119 162 0
120 162 0
121 162 0
122 162 0
123 162 0
124 162 0
132 162 0
133 162 0
134 162 0
144 162 0
145 162 0
146 162 0
156 162 0
158 162 0
180 162 0
2 163 0
85 163 0
87 163 0
96 163 0
97 163 0
98 163 0
120 163 0
121 163 0
132 163 0
133 163 0
134 163 0
145 163 0
146 163 0
147 163 0
156 163 0
157 163 0
63 164 0
85 164 0
87 164 0
93 164 0
94 164 0
96 164 0
98 164 0
99 164 0
107 164 0
109 164 0
121 164 0
132 164 0
133 164 0
134 164 0
145 164 0
146 164 0
157 164 0
178 164 0
12 165 0
13 165 0
27 165 0
29 165 0
73 165 0
74 165 0
75 165 0
88 165 0
90 165 0
98 165 0
107 165 0
109 165 0
133 165 0
146 165 0
8 166 0
9 166 0
10 166 0
11 166 0
12 166 0
29 166 0
62 166 0
63 166 0
73 166 0
74 166 0
75 166 0
85 166 0
89 166 0
107 166 0
109 166 0
121 166 0
133 166 0
144 166 0
145 166 0
146 166 0
155 166 0
157 166 0
168 166 0
180 166 0
38 167 0
40 167 0
41 167 0
61 167 0
63 167 0
64 167 0
68 167 0
69 167 0
74 167 0
75 167 0
84 167 0
85 167 0
86 167 0
87 167 0
88 167 0
121 167 0
145 167 0
157 167 0
168 167 0
37 168 0
38 168 0
40 168 0
41 168 0
50 168 0
52 168 0
53 168 0
63 168 0
73 168 0
74 168 0
75 168 0
87 168 0
88 168 0
98 168 0
121 168 0
145 168 0
157 168 0
179 168 0
87 169 0
109 169 0
157 169 0
172 169 0
177 169 0
178 169 0
179 169 0
19 170 0
20 170 0
21 170 0
98 170 0
119 170 0
128 170 0
133 170 0
137 170 0
155 170 0
157 170 0
166 170 0
21 171 0
22 171 0
107 171 0
109 171 0
119 171 0
133 171 0
145 171 0
154 171 0
155 171 0
156 171 0
157 171 0
166 171 0
167 171 0
168 171 0
103 172 0
107 172 0
108 172 0
109 172 0
118 172 0
119 172 0
120 172 0
121 172 0
126 172 0
127 172 0
130 172 0
131 172 0
132 172 0
133 172 0
141 172 0
142 172 0
146 172 0
147 172 0
155 172 0
156 172 0
157 172 0
164 172 0
167 172 0
168 172 0
1 173 0
4 173 0
5 173 0
85 173 0
87 173 0
102 173 0
107 173 0
108 173 0
109 173 0
117 173 0
120 173 0
121 173 0
122 173 0
123 173 0
124 173 0
131 173 0
132 173 0
133 173 0
142 173 0
145 173 0
149 173 0
150 173 0
167 173 0
4 174 0
22 174 0
24 174 0
25 174 0
96 174 0
97 174 0
98 174 0
99 174 0
120 174 0
121 174 0
122 174 0
123 174 0
143 174 0
144 174 0
149 174 0
150 174 0
151 174 0
152 174 0
154 174 0
156 174 0
14 175 0
23 175 0
26 175 0
27 175 0
31 175 0
32 175 0
75 175 0
95 175 0
96 175 0
98 175 0
99 175 0
109 175 0
115 175 0
118 175 0
122 175 0
130 175 0
131 175 0
132 175 0
142 175 0
144 175 0
150 175 0
152 175 0
154 175 0
177 175 0
13 176 0
14 176 0
15 176 0
29 176 0
30 176 0
31 176 0
32 176 0
85 176 0
86 176 0
87 176 0
88 176 0
119 176 0
122 176 0
132 176 0
149 176 0
150 176 0
151 176 0
154 176 0
155 176 0
156 176 0
161 176 0
162 176 0
166 176 0
167 176 0
177 176 0
61 177 0
62 177 0
64 177 0
65 177 0
73 177 0
74 177 0
75 177 0
84 177 0
85 177 0
87 177 0
88 177 0
96 177 0
98 177 0
99 177 0
112 177 0
121 177 0
132 177 0
142 177 0
143 177 0
144 177 0
150 177 0
151 177 0
152 177 0
156 177 0
157 177 0
158 177 0
166 177 0
187 177 0
142 47 1
143 47 1
137 48 1
138 48 1
139 48 1
140 48 1
141 48 1
143 48 1
137 49 1
138 49 1
140 49 1
136 50 1
137 50 1
138 50 1
140 50 1
146 50 1
148 50 1
136 51 1
137 51 1
138 51 1
139 51 1
140 51 1
146 51 1
147 51 1
148 51 1
134 52 1
135 52 1
136 52 1
137 52 1
138 52 1
139 52 1
146 52 1
148 52 1
123 53 1
134 53 1
135 53 1
136 53 1
137 53 1
138 53 1
139 53 1
141 53 1
148 53 1
149 53 1
150 53 1
151 53 1
130 54 1
133 54 1
134 54 1
135 54 1
136 54 1
137 54 1
138 54 1
143 54 1
147 54 1
148 54 1
149 54 1
150 54 1
156 54 1
157 54 1
130 55 1
132 55 1
133 55 1
134 55 1
135 55 1
136 55 1
137 55 1
138 55 1
143 55 1
150 55 1
157 55 1
125 56 1
128 56 1
129 56 1
131 56 1
132 56 1
133 56 1
134 56 1
135 56 1
136 56 1
140 56 1
157 56 1
158 56 1
162 56 1
133 57 1
134 57 1
135 57 1
136 57 1
147 57 1
149 57 1
157 57 1
159 57 1
160 57 1
133 58 1
134 58 1
135 58 1
136 58 1
150 58 1
156 58 1
157 58 1
159 58 1
133 59 1
134 59 1
135 59 1
136 59 1
155 59 1
156 59 1
157 59 1
158 59 1
133 60 1
134 60 1
135 60 1
156 60 1
157 60 1
159 60 1
134 61 1
135 61 1
136 61 1
137 61 1
134 62 1
135 62 1
136 62 1
137 62 1
156 62 1
134 63 1
135 63 1
136 63 1
137 63 1
155 63 1
156 63 1
157 63 1
158 63 1
135 64 1
136 64 1
137 64 1
138 64 1
141 64 1
155 64 1
156 64 1
157 64 1
158 64 1
135 65 1
136 65 1
137 65 1
138 65 1
139 65 1
154 65 1
155 65 1
156 65 1
157 65 1
158 65 1
135 66 1
136 66 1
137 66 1
138 66 1
139 66 1
153 66 1
154 66 1
155 66 1
156 66 1
157 66 1
158 66 1
136 67 1
137 67 1
138 67 1
139 67 1
152 67 1
153 67 1
154 67 1
155 67 1
156 67 1
157 67 1
137 68 1
138 68 1
139 68 1
140 68 1
141 68 1
151 68 1
152 68 1
153 68 1
154 68 1
155 68 1
156 68 1
139 69 1
140 69 1
141 69 1
142 69 1
143 69 1
149 69 1
150 69 1
151 69 1
152 69 1
153 69 1
154 69 1
155 69 1
158 69 1
142 70 1
144 70 1
148 70 1
149 70 1
150 70 1
151 70 1
152 70 1
156 70 1
