16 1 0
38 1 0
51 1 0
64 1 0
78 1 0
91 1 0
92 1 0
93 1 0
105 1 0
106 1 0
119 1 0
120 1 0
121 1 0
133 1 0
134 1 0
135 1 0
147 1 0
148 1 0
160 1 0
161 1 0
162 1 0
166 1 0
167 1 0
168 1 0
169 1 0
173 1 0
174 1 0
175 1 0
36 2 0
38 2 0
76 2 0
77 2 0
78 2 0
91 2 0
92 2 0
105 2 0
106 2 0
118 2 0
119 2 0
120 2 0
121 2 0
133 2 0
134 2 0
147 2 0
148 2 0
160 2 0
161 2 0
162 2 0
168 2 0
169 2 0
172 2 0
174 2 0
178 2 0
179 2 0
185 2 0
186 2 0
187 2 0
77 3 0
78 3 0
89 3 0
92 3 0
106 3 0
118 3 0
119 3 0
120 3 0
121 3 0
132 3 0
133 3 0
134 3 0
135 3 0
146 3 0
148 3 0
160 3 0
161 3 0
173 3 0
174 3 0
175 3 0
178 3 0
182 3 0
3 4 0
4 4 0
5 4 0
26 4 0
62 4 0
64 4 0
76 4 0
78 4 0
90 4 0
91 4 0
92 4 0
104 4 0
106 4 0
118 4 0
119 4 0
120 4 0
133 4 0
134 4 0
147 4 0
148 4 0
160 4 0
161 4 0
162 4 0
173 4 0
174 4 0
182 4 0
183 4 0
187 4 0
4 5 0
14 5 0
50 5 0
64 5 0
76 5 0
77 5 0
78 5 0
89 5 0
91 5 0
92 5 0
106 5 0
118 5 0
119 5 0
120 5 0
133 5 0
134 5 0
146 5 0
147 5 0
148 5 0
160 5 0
161 5 0
162 5 0
172 5 0
173 5 0
174 5 0
185 5 0
186 5 0
187 5 0
11 6 0
12 6 0
14 6 0
15 6 0
16 6 0
18 6 0
37 6 0
50 6 0
77 6 0
90 6 0
91 6 0
92 6 0
104 6 0
105 6 0
106 6 0
118 6 0
119 6 0
120 6 0
134 6 0
146 6 0
147 6 0
148 6 0
160 6 0
161 6 0
162 6 0
173 6 0
174 6 0
186 6 0
13 7 0
14 7 0
15 7 0
76 7 0
77 7 0
89 7 0
91 7 0
92 7 0
104 7 0
105 7 0
106 7 0
120 7 0
132 7 0
133 7 0
134 7 0
146 7 0
147 7 0
148 7 0
160 7 0
161 7 0
172 7 0
173 7 0
174 7 0
185 7 0
186 7 0
14 8 0
19 8 0
20 8 0
21 8 0
24 8 0
37 8 0
75 8 0
76 8 0
77 8 0
89 8 0
90 8 0
91 8 0
104 8 0
105 8 0
106 8 0
117 8 0
118 8 0
119 8 0
123 8 0
124 8 0
132 8 0
133 8 0
134 8 0
146 8 0
147 8 0
148 8 0
160 8 0
161 8 0
162 8 0
172 8 0
173 8 0
174 8 0
185 8 0
21 9 0
22 9 0
24 9 0
25 9 0
28 9 0
29 9 0
30 9 0
36 9 0
37 9 0
61 9 0
63 9 0
75 9 0
77 9 0
89 9 0
90 9 0
91 9 0
102 9 0
103 9 0
104 9 0
105 9 0
118 9 0
119 9 0
120 9 0
123 9 0
124 9 0
126 9 0
131 9 0
132 9 0
133 9 0
134 9 0
146 9 0
147 9 0
148 9 0
161 9 0
172 9 0
173 9 0
174 9 0
23 10 0
24 10 0
25 10 0
31 10 0
38 10 0
39 10 0
41 10 0
50 10 0
63 10 0
75 10 0
76 10 0
77 10 0
90 10 0
91 10 0
99 10 0
100 10 0
101 10 0
104 10 0
105 10 0
106 10 0
118 10 0
119 10 0
120 10 0
127 10 0
131 10 0
132 10 0
133 10 0
134 10 0
136 10 0
145 10 0
146 10 0
147 10 0
148 10 0
160 10 0
161 10 0
162 10 0
172 10 0
173 10 0
174 10 0
3 11 0
4 11 0
13 11 0
14 11 0
34 11 0
35 11 0
36 11 0
37 11 0
47 11 0
48 11 0
49 11 0
62 11 0
63 11 0
73 11 0
74 11 0
75 11 0
76 11 0
77 11 0
83 11 0
89 11 0
90 11 0
91 11 0
94 11 0
95 11 0
97 11 0
98 11 0
99 11 0
104 11 0
105 11 0
106 11 0
117 11 0
118 11 0
119 11 0
132 11 0
133 11 0
137 11 0
138 11 0
141 11 0
144 11 0
145 11 0
147 11 0
151 11 0
152 11 0
160 11 0
161 11 0
162 11 0
172 11 0
173 11 0
174 11 0
34 12 0
35 12 0
36 12 0
37 12 0
42 12 0
43 12 0
48 12 0
49 12 0
53 12 0
61 12 0
62 12 0
63 12 0
64 12 0
65 12 0
66 12 0
71 12 0
76 12 0
77 12 0
82 12 0
83 12 0
84 12 0
85 12 0
88 12 0
90 12 0
91 12 0
92 12 0
103 12 0
104 12 0
105 12 0
117 12 0
118 12 0
119 12 0
132 12 0
133 12 0
141 12 0
144 12 0
146 12 0
147 12 0
148 12 0
152 12 0
154 12 0
155 12 0
159 12 0
160 12 0
161 12 0
172 12 0
173 12 0
174 12 0
185 12 0
186 12 0
13 13 0
24 13 0
36 13 0
47 13 0
49 13 0
56 13 0
59 13 0
60 13 0
61 13 0
63 13 0
64 13 0
65 13 0
75 13 0
76 13 0
77 13 0
89 13 0
90 13 0
91 13 0
103 13 0
105 13 0
117 13 0
119 13 0
131 13 0
132 13 0
133 13 0
145 13 0
146 13 0
147 13 0
154 13 0
155 13 0
156 13 0
160 13 0
161 13 0
162 13 0
165 13 0
166 13 0
172 13 0
173 13 0
185 13 0
47 14 0
48 14 0
55 14 0
61 14 0
62 14 0
63 14 0
75 14 0
76 14 0
88 14 0
89 14 0
90 14 0
91 14 0
102 14 0
103 14 0
104 14 0
105 14 0
117 14 0
118 14 0
119 14 0
131 14 0
132 14 0
133 14 0
145 14 0
146 14 0
147 14 0
159 14 0
160 14 0
161 14 0
166 14 0
169 14 0
172 14 0
173 14 0
174 14 0
35 15 0
48 15 0
62 15 0
73 15 0
76 15 0
89 15 0
90 15 0
104 15 0
117 15 0
118 15 0
119 15 0
133 15 0
145 15 0
146 15 0
147 15 0
159 15 0
160 15 0
161 15 0
169 15 0
170 15 0
173 15 0
174 15 0
36 16 0
48 16 0
60 16 0
61 16 0
62 16 0
74 16 0
75 16 0
76 16 0
88 16 0
89 16 0
90 16 0
103 16 0
104 16 0
105 16 0
117 16 0
118 16 0
119 16 0
130 16 0
131 16 0
132 16 0
133 16 0
144 16 0
145 16 0
146 16 0
147 16 0
159 16 0
160 16 0
161 16 0
170 16 0
171 16 0
172 16 0
173 16 0
174 16 0
176 16 0
184 16 0
186 16 0
61 17 0
62 17 0
74 17 0
75 17 0
76 17 0
88 17 0
90 17 0
102 17 0
103 17 0
104 17 0
117 17 0
118 17 0
119 17 0
130 17 0
131 17 0
132 17 0
133 17 0
145 17 0
146 17 0
147 17 0
159 17 0
160 17 0
172 17 0
173 17 0
174 17 0
176 17 0
177 17 0
180 17 0
183 17 0
184 17 0
185 17 0
186 17 0
1 18 0
2 18 0
3 18 0
4 18 0
11 18 0
12 18 0
13 18 0
35 18 0
48 18 0
62 18 0
75 18 0
76 18 0
88 18 0
89 18 0
90 18 0
104 18 0
118 18 0
119 18 0
131 18 0
132 18 0
133 18 0
145 18 0
146 18 0
159 18 0
160 18 0
172 18 0
173 18 0
180 18 0
183 18 0
184 18 0
185 18 0
186 18 0
2 19 0
3 19 0
33 19 0
35 19 0
61 19 0
62 19 0
73 19 0
74 19 0
75 19 0
76 19 0
88 19 0
89 19 0
90 19 0
102 19 0
104 19 0
117 19 0
118 19 0
130 19 0
131 19 0
132 19 0
133 19 0
144 19 0
146 19 0
160 19 0
171 19 0
172 19 0
173 19 0
184 19 0
185 19 0
186 19 0
2 20 0
10 20 0
11 20 0
12 20 0
13 20 0
23 20 0
35 20 0
61 20 0
62 20 0
73 20 0
74 20 0
75 20 0
76 20 0
88 20 0
89 20 0
90 20 0
102 20 0
103 20 0
104 20 0
116 20 0
118 20 0
131 20 0
132 20 0
133 20 0
144 20 0
145 20 0
146 20 0
159 20 0
160 20 0
171 20 0
172 20 0
173 20 0
184 20 0
185 20 0
186 20 0
11 21 0
12 21 0
15 21 0
20 21 0
23 21 0
35 21 0
46 21 0
48 21 0
61 21 0
75 21 0
88 21 0
89 21 0
90 21 0
102 21 0
103 21 0
104 21 0
117 21 0
118 21 0
131 21 0
132 21 0
133 21 0
144 21 0
145 21 0
146 21 0
158 21 0
159 21 0
160 21 0
171 21 0
172 21 0
173 21 0
184 21 0
185 21 0
2 22 0
10 22 0
11 22 0
12 22 0
16 22 0
21 22 0
23 22 0
35 22 0
47 22 0
48 22 0
61 22 0
75 22 0
88 22 0
89 22 0
90 22 0
102 22 0
103 22 0
104 22 0
116 22 0
117 22 0
118 22 0
131 22 0
132 22 0
133 22 0
144 22 0
145 22 0
146 22 0
158 22 0
159 22 0
160 22 0
173 22 0
185 22 0
11 23 0
12 23 0
20 23 0
21 23 0
23 23 0
24 23 0
25 23 0
26 23 0
33 23 0
34 23 0
35 23 0
47 23 0
61 23 0
75 23 0
87 23 0
89 23 0
102 23 0
103 23 0
114 23 0
115 23 0
116 23 0
117 23 0
118 23 0
130 23 0
131 23 0
132 23 0
144 23 0
145 23 0
146 23 0
158 23 0
159 23 0
160 23 0
172 23 0
173 23 0
184 23 0
185 23 0
2 24 0
11 24 0
12 24 0
22 24 0
23 24 0
34 24 0
45 24 0
47 24 0
61 24 0
72 24 0
73 24 0
75 24 0
87 24 0
88 24 0
89 24 0
90 24 0
102 24 0
105 24 0
106 24 0
109 24 0
116 24 0
117 24 0
118 24 0
122 24 0
128 24 0
130 24 0
131 24 0
132 24 0
136 24 0
144 24 0
145 24 0
146 24 0
158 24 0
159 24 0
160 24 0
171 24 0
173 24 0
183 24 0
184 24 0
185 24 0
2 25 0
21 25 0
22 25 0
23 25 0
26 25 0
32 25 0
33 25 0
34 25 0
35 25 0
46 25 0
47 25 0
60 25 0
61 25 0
73 25 0
74 25 0
75 25 0
87 25 0
88 25 0
89 25 0
98 25 0
99 25 0
100 25 0
101 25 0
103 25 0
104 25 0
116 25 0
117 25 0
118 25 0
130 25 0
131 25 0
132 25 0
133 25 0
137 25 0
138 25 0
139 25 0
142 25 0
143 25 0
144 25 0
145 25 0
146 25 0
158 25 0
159 25 0
160 25 0
171 25 0
172 25 0
173 25 0
184 25 0
185 25 0
11 26 0
22 26 0
31 26 0
34 26 0
38 26 0
45 26 0
46 26 0
51 26 0
59 26 0
60 26 0
61 26 0
71 26 0
73 26 0
74 26 0
76 26 0
82 26 0
87 26 0
88 26 0
89 26 0
90 26 0
98 26 0
99 26 0
101 26 0
102 26 0
103 26 0
104 26 0
116 26 0
117 26 0
130 26 0
131 26 0
132 26 0
141 26 0
144 26 0
145 26 0
146 26 0
148 26 0
149 26 0
150 26 0
157 26 0
158 26 0
159 26 0
171 26 0
172 26 0
173 26 0
183 26 0
184 26 0
185 26 0
11 27 0
22 27 0
34 27 0
39 27 0
44 27 0
47 27 0
48 27 0
70 27 0
71 27 0
72 27 0
74 27 0
75 27 0
82 27 0
87 27 0
88 27 0
89 27 0
90 27 0
101 27 0
102 27 0
103 27 0
115 27 0
116 27 0
117 27 0
129 27 0
130 27 0
131 27 0
144 27 0
145 27 0
151 27 0
156 27 0
157 27 0
159 27 0
162 27 0
163 27 0
171 27 0
172 27 0
173 27 0
183 27 0
185 27 0
10 28 0
11 28 0
22 28 0
45 28 0
46 28 0
47 28 0
53 28 0
54 28 0
58 28 0
59 28 0
60 28 0
64 28 0
65 28 0
68 28 0
69 28 0
70 28 0
73 28 0
74 28 0
75 28 0
87 28 0
88 28 0
89 28 0
101 28 0
102 28 0
103 28 0
116 28 0
117 28 0
130 28 0
131 28 0
144 28 0
145 28 0
157 28 0
158 28 0
159 28 0
160 28 0
162 28 0
163 28 0
166 28 0
171 28 0
172 28 0
173 28 0
183 28 0
184 28 0
185 28 0
8 29 0
9 29 0
10 29 0
11 29 0
12 29 0
19 29 0
22 29 0
33 29 0
34 29 0
46 29 0
58 29 0
60 29 0
61 29 0
63 29 0
64 29 0
72 29 0
73 29 0
74 29 0
87 29 0
88 29 0
89 29 0
100 29 0
102 29 0
103 29 0
115 29 0
117 29 0
131 29 0
143 29 0
144 29 0
145 29 0
157 29 0
158 29 0
159 29 0
166 29 0
167 29 0
169 29 0
170 29 0
171 29 0
172 29 0
173 29 0
183 29 0
184 29 0
185 29 0
7 30 0
8 30 0
9 30 0
10 30 0
11 30 0
12 30 0
33 30 0
34 30 0
44 30 0
45 30 0
46 30 0
58 30 0
59 30 0
60 30 0
72 30 0
73 30 0
74 30 0
86 30 0
87 30 0
88 30 0
89 30 0
101 30 0
102 30 0
103 30 0
116 30 0
117 30 0
130 30 0
131 30 0
143 30 0
144 30 0
145 30 0
157 30 0
158 30 0
159 30 0
171 30 0
172 30 0
173 30 0
175 30 0
176 30 0
177 30 0
182 30 0
183 30 0
184 30 0
185 30 0
7 31 0
8 31 0
9 31 0
10 31 0
11 31 0
12 31 0
44 31 0
46 31 0
58 31 0
60 31 0
72 31 0
73 31 0
74 31 0
87 31 0
88 31 0
100 31 0
101 31 0
102 31 0
103 31 0
115 31 0
116 31 0
117 31 0
129 31 0
131 31 0
143 31 0
145 31 0
156 31 0
157 31 0
158 31 0
159 31 0
171 31 0
172 31 0
173 31 0
177 31 0
178 31 0
181 31 0
182 31 0
183 31 0
185 31 0
7 32 0
8 32 0
9 32 0
10 32 0
11 32 0
12 32 0
21 32 0
22 32 0
33 32 0
46 32 0
60 32 0
72 32 0
73 32 0
74 32 0
86 32 0
87 32 0
88 32 0
101 32 0
102 32 0
114 32 0
115 32 0
116 32 0
117 32 0
129 32 0
130 32 0
131 32 0
143 32 0
144 32 0
145 32 0
157 32 0
158 32 0
159 32 0
170 32 0
171 32 0
172 32 0
178 32 0
183 32 0
184 32 0
185 32 0
4 33 0
6 33 0
7 33 0
9 33 0
10 33 0
11 33 0
12 33 0
44 33 0
46 33 0
58 33 0
60 33 0
73 33 0
86 33 0
87 33 0
88 33 0
102 33 0
113 33 0
115 33 0
116 33 0
117 33 0
129 33 0
130 33 0
131 33 0
143 33 0
144 33 0
145 33 0
156 33 0
157 33 0
158 33 0
159 33 0
171 33 0
172 33 0
183 33 0
184 33 0
5 34 0
7 34 0
9 34 0
10 34 0
11 34 0
21 34 0
31 34 0
32 34 0
33 34 0
46 34 0
60 34 0
72 34 0
73 34 0
86 34 0
88 34 0
100 34 0
102 34 0
115 34 0
116 34 0
117 34 0
129 34 0
130 34 0
131 34 0
143 34 0
144 34 0
145 34 0
157 34 0
158 34 0
159 34 0
171 34 0
172 34 0
182 34 0
183 34 0
184 34 0
6 35 0
7 35 0
8 35 0
10 35 0
11 35 0
21 35 0
31 35 0
33 35 0
46 35 0
58 35 0
59 35 0
60 35 0
73 35 0
86 35 0
87 35 0
88 35 0
100 35 0
102 35 0
115 35 0
116 35 0
117 35 0
129 35 0
130 35 0
131 35 0
142 35 0
143 35 0
144 35 0
145 35 0
156 35 0
157 35 0
158 35 0
159 35 0
170 35 0
171 35 0
172 35 0
183 35 0
184 35 0
9 36 0
10 36 0
33 36 0
46 36 0
59 36 0
71 36 0
73 36 0
85 36 0
86 36 0
87 36 0
88 36 0
100 36 0
101 36 0
102 36 0
115 36 0
116 36 0
128 36 0
129 36 0
130 36 0
131 36 0
143 36 0
144 36 0
145 36 0
157 36 0
158 36 0
170 36 0
171 36 0
172 36 0
182 36 0
184 36 0
10 37 0
21 37 0
46 37 0
59 37 0
71 37 0
72 37 0
73 37 0
86 37 0
87 37 0
88 37 0
99 37 0
100 37 0
101 37 0
102 37 0
115 37 0
116 37 0
129 37 0
130 37 0
131 37 0
143 37 0
144 37 0
156 37 0
157 37 0
158 37 0
170 37 0
171 37 0
172 37 0
183 37 0
184 37 0
10 38 0
17 38 0
18 38 0
19 38 0
20 38 0
21 38 0
32 38 0
33 38 0
46 38 0
57 38 0
59 38 0
71 38 0
73 38 0
85 38 0
86 38 0
87 38 0
88 38 0
100 38 0
101 38 0
102 38 0
114 38 0
115 38 0
116 38 0
119 38 0
121 38 0
128 38 0
130 38 0
142 38 0
143 38 0
144 38 0
157 38 0
158 38 0
170 38 0
171 38 0
172 38 0
182 38 0
184 38 0
10 39 0
19 39 0
20 39 0
21 39 0
22 39 0
23 39 0
32 39 0
46 39 0
59 39 0
73 39 0
85 39 0
87 39 0
100 39 0
101 39 0
102 39 0
107 39 0
108 39 0
111 39 0
112 39 0
113 39 0
114 39 0
116 39 0
117 39 0
121 39 0
122 39 0
126 39 0
127 39 0
128 39 0
129 39 0
130 39 0
142 39 0
143 39 0
144 39 0
156 39 0
157 39 0
158 39 0
170 39 0
171 39 0
172 39 0
184 39 0
9 40 0
10 40 0
19 40 0
30 40 0
31 40 0
32 40 0
33 40 0
43 40 0
46 40 0
57 40 0
59 40 0
71 40 0
72 40 0
73 40 0
85 40 0
87 40 0
98 40 0
99 40 0
100 40 0
101 40 0
102 40 0
103 40 0
106 40 0
107 40 0
108 40 0
109 40 0
114 40 0
115 40 0
116 40 0
117 40 0
127 40 0
128 40 0
129 40 0
130 40 0
133 40 0
134 40 0
141 40 0
142 40 0
143 40 0
144 40 0
145 40 0
148 40 0
149 40 0
156 40 0
157 40 0
158 40 0
170 40 0
171 40 0
172 40 0
182 40 0
183 40 0
184 40 0
20 41 0
25 41 0
30 41 0
31 41 0
32 41 0
33 41 0
43 41 0
44 41 0
45 41 0
46 41 0
59 41 0
71 41 0
72 41 0
73 41 0
85 41 0
86 41 0
87 41 0
91 41 0
92 41 0
100 41 0
101 41 0
102 41 0
103 41 0
114 41 0
115 41 0
116 41 0
128 41 0
129 41 0
130 41 0
134 41 0
142 41 0
143 41 0
144 41 0
145 41 0
149 41 0
152 41 0
155 41 0
156 41 0
157 41 0
158 41 0
170 41 0
171 41 0
182 41 0
183 41 0
184 41 0
27 42 0
29 42 0
31 42 0
32 42 0
33 42 0
39 42 0
40 42 0
41 42 0
42 42 0
43 42 0
45 42 0
46 42 0
49 42 0
57 42 0
59 42 0
69 42 0
70 42 0
71 42 0
72 42 0
73 42 0
84 42 0
85 42 0
86 42 0
90 42 0
100 42 0
101 42 0
102 42 0
114 42 0
115 42 0
128 42 0
129 42 0
130 42 0
142 42 0
143 42 0
144 42 0
152 42 0
156 42 0
157 42 0
158 42 0
163 42 0
164 42 0
169 42 0
170 42 0
171 42 0
182 42 0
183 42 0
184 42 0
10 43 0
20 43 0
30 43 0
32 43 0
44 43 0
45 43 0
59 43 0
67 43 0
68 43 0
69 43 0
72 43 0
80 43 0
81 43 0
84 43 0
85 43 0
86 43 0
87 43 0
88 43 0
101 43 0
102 43 0
114 43 0
115 43 0
128 43 0
129 43 0
142 43 0
143 43 0
156 43 0
157 43 0
158 43 0
164 43 0
165 43 0
166 43 0
169 43 0
170 43 0
171 43 0
182 43 0
183 43 0
19 44 0
20 44 0
30 44 0
32 44 0
43 44 0
44 44 0
45 44 0
52 44 0
53 44 0
59 44 0
60 44 0
61 44 0
67 44 0
68 44 0
71 44 0
72 44 0
85 44 0
86 44 0
87 44 0
101 44 0
127 44 0
129 44 0
142 44 0
143 44 0
156 44 0
157 44 0
166 44 0
167 44 0
168 44 0
171 44 0
172 44 0
174 44 0
175 44 0
176 44 0
177 44 0
180 44 0
181 44 0
182 44 0
183 44 0
20 45 0
32 45 0
45 45 0
57 45 0
59 45 0
70 45 0
72 45 0
85 45 0
86 45 0
87 45 0
127 45 0
141 45 0
142 45 0
143 45 0
157 45 0
169 45 0
170 45 0
171 45 0
177 45 0
178 45 0
183 45 0
186 45 0
20 46 0
32 46 0
45 46 0
57 46 0
58 46 0
59 46 0
71 46 0
72 46 0
84 46 0
86 46 0
87 46 0
127 46 0
129 46 0
141 46 0
142 46 0
143 46 0
156 46 0
157 46 0
169 46 0
170 46 0
171 46 0
182 46 0
183 46 0
9 47 0
10 47 0
17 47 0
20 47 0
43 47 0
44 47 0
45 47 0
58 47 0
59 47 0
72 47 0
86 47 0
127 47 0
128 47 0
129 47 0
141 47 0
142 47 0
143 47 0
155 47 0
156 47 0
157 47 0
168 47 0
169 47 0
170 47 0
182 47 0
183 47 0
31 48 0
32 48 0
45 48 0
56 48 0
58 48 0
70 48 0
72 48 0
84 48 0
86 48 0
127 48 0
128 48 0
129 48 0
140 48 0
141 48 0
142 48 0
143 48 0
155 48 0
156 48 0
157 48 0
169 48 0
170 48 0
182 48 0
183 48 0
5 49 0
6 49 0
9 49 0
44 49 0
45 49 0
58 49 0
59 49 0
71 49 0
72 49 0
84 49 0
86 49 0
127 49 0
128 49 0
129 49 0
140 49 0
141 49 0
142 49 0
143 49 0
155 49 0
156 49 0
157 49 0
168 49 0
170 49 0
181 49 0
182 49 0
183 49 0
9 50 0
10 50 0
12 50 0
44 50 0
45 50 0
58 50 0
59 50 0
70 50 0
71 50 0
72 50 0
84 50 0
86 50 0
127 50 0
128 50 0
129 50 0
141 50 0
142 50 0
143 50 0
155 50 0
156 50 0
157 50 0
167 50 0
168 50 0
169 50 0
170 50 0
181 50 0
182 50 0
183 50 0
8 51 0
9 51 0
12 51 0
58 51 0
71 51 0
72 51 0
83 51 0
84 51 0
85 51 0
86 51 0
141 51 0
142 51 0
143 51 0
154 51 0
155 51 0
156 51 0
157 51 0
168 51 0
169 51 0
170 51 0
181 51 0
183 51 0
8 52 0
9 52 0
15 52 0
19 52 0
31 52 0
44 52 0
71 52 0
72 52 0
84 52 0
85 52 0
86 52 0
141 52 0
142 52 0
155 52 0
156 52 0
157 52 0
168 52 0
169 52 0
170 52 0
181 52 0
182 52 0
183 52 0
14 53 0
15 53 0
17 53 0
23 53 0
31 53 0
44 53 0
55 53 0
86 53 0
140 53 0
141 53 0
142 53 0
143 53 0
144 53 0
155 53 0
156 53 0
167 53 0
173 53 0
181 53 0
182 53 0
183 53 0
19 54 0
20 54 0
24 54 0
25 54 0
31 54 0
44 54 0
58 54 0
139 54 0
140 54 0
141 54 0
142 54 0
143 54 0
144 54 0
145 54 0
146 54 0
147 54 0
148 54 0
154 54 0
155 54 0
156 54 0
168 54 0
169 54 0
180 54 0
181 54 0
182 54 0
183 54 0
19 55 0
31 55 0
44 55 0
71 55 0
72 55 0
85 55 0
135 55 0
138 55 0
139 55 0
140 55 0
143 55 0
144 55 0
145 55 0
147 55 0
148 55 0
154 55 0
155 55 0
156 55 0
168 55 0
169 55 0
182 55 0
183 55 0
8 56 0
27 56 0
28 56 0
29 56 0
30 56 0
31 56 0
44 56 0
70 56 0
71 56 0
136 56 0
140 56 0
141 56 0
142 56 0
146 56 0
147 56 0
152 56 0
153 56 0
154 56 0
155 56 0
156 56 0
157 56 0
162 56 0
163 56 0
168 56 0
169 56 0
180 56 0
182 56 0
183 56 0
29 57 0
30 57 0
31 57 0
58 57 0
70 57 0
71 57 0
72 57 0
83 57 0
85 57 0
140 57 0
141 57 0
142 57 0
148 57 0
149 57 0
150 57 0
154 57 0
155 57 0
156 57 0
157 57 0
162 57 0
163 57 0
164 57 0
165 57 0
167 57 0
168 57 0
182 57 0
183 57 0
8 58 0
18 58 0
19 58 0
42 58 0
43 58 0
44 58 0
45 58 0
47 58 0
63 58 0
68 58 0
69 58 0
70 58 0
71 58 0
72 58 0
74 58 0
83 58 0
85 58 0
86 58 0
87 58 0
140 58 0
141 58 0
142 58 0
154 58 0
155 58 0
156 58 0
165 58 0
166 58 0
169 58 0
170 58 0
182 58 0
8 59 0
30 59 0
42 59 0
43 59 0
44 59 0
55 59 0
56 59 0
61 59 0
62 59 0
63 59 0
70 59 0
71 59 0
72 59 0
75 59 0
80 59 0
81 59 0
82 59 0
84 59 0
85 59 0
154 59 0
155 59 0
156 59 0
168 59 0
169 59 0
170 59 0
176 59 0
179 59 0
180 59 0
181 59 0
182 59 0
42 60 0
43 60 0
44 60 0
52 60 0
53 60 0
54 60 0
55 60 0
57 60 0
58 60 0
59 60 0
69 60 0
70 60 0
71 60 0
75 60 0
79 60 0
81 60 0
83 60 0
84 60 0
85 60 0
155 60 0
156 60 0
167 60 0
168 60 0
169 60 0
180 60 0
181 60 0
182 60 0
43 61 0
55 61 0
56 61 0
57 61 0
58 61 0
69 61 0
71 61 0
82 61 0
83 61 0
84 61 0
155 61 0
168 61 0
181 61 0
182 61 0
42 62 0
43 62 0
44 62 0
55 62 0
56 62 0
57 62 0
71 62 0
82 62 0
84 62 0
153 62 0
155 62 0
168 62 0
181 62 0
7 63 0
8 63 0
55 63 0
57 63 0
69 63 0
71 63 0
82 63 0
84 63 0
139 63 0
140 63 0
141 63 0
178 63 0
6 64 0
7 64 0
30 64 0
55 64 0
57 64 0
69 64 0
70 64 0
71 64 0
82 64 0
83 64 0
84 64 0
141 64 0
153 64 0
167 64 0
168 64 0
169 64 0
181 64 0
4 65 0
8 65 0
30 65 0
55 65 0
57 65 0
69 65 0
71 65 0
82 65 0
84 65 0
139 65 0
140 65 0
141 65 0
153 65 0
154 65 0
167 65 0
168 65 0
169 65 0
179 65 0
180 65 0
181 65 0
7 66 0
8 66 0
30 66 0
43 66 0
69 66 0
71 66 0
82 66 0
83 66 0
84 66 0
139 66 0
140 66 0
141 66 0
153 66 0
166 66 0
168 66 0
169 66 0
181 66 0
7 67 0
8 67 0
17 67 0
18 67 0
19 67 0
57 67 0
69 67 0
71 67 0
84 67 0
139 67 0
140 67 0
141 67 0
153 67 0
154 67 0
155 67 0
166 67 0
167 67 0
168 67 0
179 67 0
180 67 0
181 67 0
14 68 0
16 68 0
19 68 0
43 68 0
57 68 0
69 68 0
82 68 0
84 68 0
97 68 0
99 68 0
112 68 0
113 68 0
125 68 0
139 68 0
140 68 0
141 68 0
153 68 0
154 68 0
155 68 0
168 68 0
180 68 0
181 68 0
18 69 0
19 69 0
57 69 0
71 69 0
82 69 0
83 69 0
84 69 0
99 69 0
111 69 0
112 69 0
113 69 0
114 69 0
116 69 0
118 69 0
123 69 0
124 69 0
125 69 0
126 69 0
138 69 0
139 69 0
153 69 0
154 69 0
155 69 0
166 69 0
167 69 0
168 69 0
180 69 0
43 70 0
57 70 0
69 70 0
70 70 0
71 70 0
82 70 0
83 70 0
84 70 0
97 70 0
98 70 0
99 70 0
109 70 0
110 70 0
111 70 0
112 70 0
113 70 0
119 70 0
124 70 0
126 70 0
127 70 0
136 70 0
137 70 0
138 70 0
139 70 0
140 70 0
141 70 0
147 70 0
148 70 0
153 70 0
154 70 0
166 70 0
167 70 0
168 70 0
28 71 0
29 71 0
30 71 0
57 71 0
82 71 0
83 71 0
84 71 0
96 71 0
97 71 0
98 71 0
99 71 0
103 71 0
105 71 0
108 71 0
110 71 0
111 71 0
112 71 0
113 71 0
124 71 0
125 71 0
126 71 0
136 71 0
138 71 0
139 71 0
140 71 0
141 71 0
147 71 0
148 71 0
149 71 0
150 71 0
151 71 0
152 71 0
154 71 0
155 71 0
162 71 0
163 71 0
166 71 0
167 71 0
168 71 0
179 71 0
180 71 0
30 72 0
40 72 0
43 72 0
55 72 0
57 72 0
68 72 0
69 72 0
70 72 0
82 72 0
83 72 0
84 72 0
93 72 0
94 72 0
95 72 0
96 72 0
98 72 0
99 72 0
100 72 0
101 72 0
102 72 0
103 72 0
104 72 0
110 72 0
111 72 0
112 72 0
124 72 0
125 72 0
126 72 0
138 72 0
139 72 0
140 72 0
148 72 0
152 72 0
153 72 0
154 72 0
162 72 0
163 72 0
164 72 0
166 72 0
167 72 0
168 72 0
178 72 0
179 72 0
180 72 0
28 73 0
29 73 0
30 73 0
40 73 0
42 73 0
43 73 0
44 73 0
61 73 0
62 73 0
67 73 0
68 73 0
69 73 0
70 73 0
74 73 0
75 73 0
80 73 0
81 73 0
82 73 0
83 73 0
84 73 0
88 73 0
90 73 0
92 73 0
93 73 0
97 73 0
98 73 0
99 73 0
110 73 0
111 73 0
112 73 0
124 73 0
138 73 0
139 73 0
140 73 0
153 73 0
154 73 0
164 73 0
165 73 0
166 73 0
167 73 0
168 73 0
169 73 0
170 73 0
172 73 0
173 73 0
177 73 0
178 73 0
179 73 0
180 73 0
185 73 0
41 74 0
42 74 0
43 74 0
55 74 0
61 74 0
68 74 0
69 74 0
70 74 0
71 74 0
76 74 0
79 74 0
80 74 0
81 74 0
82 74 0
84 74 0
85 74 0
96 74 0
97 74 0
98 74 0
99 74 0
109 74 0
110 74 0
111 74 0
112 74 0
124 74 0
125 74 0
126 74 0
138 74 0
139 74 0
140 74 0
152 74 0
166 74 0
167 74 0
168 74 0
173 74 0
176 74 0
177 74 0
178 74 0
179 74 0
180 74 0
48 75 0
49 75 0
53 75 0
54 75 0
55 75 0
56 75 0
57 75 0
58 75 0
68 75 0
69 75 0
70 75 0
80 75 0
82 75 0
83 75 0
84 75 0
96 75 0
98 75 0
123 75 0
124 75 0
125 75 0
126 75 0
139 75 0
152 75 0
153 75 0
154 75 0
165 75 0
166 75 0
167 75 0
178 75 0
180 75 0
29 76 0
55 76 0
56 76 0
57 76 0
70 76 0
82 76 0
83 76 0
84 76 0
96 76 0
97 76 0
98 76 0
109 76 0
111 76 0
112 76 0
124 76 0
125 76 0
138 76 0
139 76 0
152 76 0
153 76 0
154 76 0
165 76 0
166 76 0
167 76 0
178 76 0
179 76 0
180 76 0
42 77 0
56 77 0
70 77 0
83 77 0
98 77 0
109 77 0
110 77 0
111 77 0
123 77 0
124 77 0
125 77 0
138 77 0
139 77 0
140 77 0
152 77 0
153 77 0
154 77 0
165 77 0
166 77 0
167 77 0
178 77 0
179 77 0
180 77 0
6 78 0
7 78 0
8 78 0
70 78 0
81 78 0
83 78 0
96 78 0
97 78 0
98 78 0
110 78 0
111 78 0
124 78 0
125 78 0
138 78 0
139 78 0
140 78 0
152 78 0
153 78 0
165 78 0
166 78 0
167 78 0
177 78 0
178 78 0
179 78 0
2 79 0
3 79 0
4 79 0
5 79 0
7 79 0
8 79 0
9 79 0
42 79 0
43 79 0
70 79 0
98 79 0
108 79 0
109 79 0
111 79 0
123 79 0
125 79 0
138 79 0
139 79 0
140 79 0
151 79 0
152 79 0
153 79 0
164 79 0
165 79 0
167 79 0
178 79 0
179 79 0
7 80 0
8 80 0
29 80 0
56 80 0
68 80 0
70 80 0
81 80 0
83 80 0
95 80 0
98 80 0
110 80 0
111 80 0
123 80 0
125 80 0
137 80 0
138 80 0
139 80 0
151 80 0
152 80 0
153 80 0
165 80 0
166 80 0
167 80 0
177 80 0
179 80 0
56 81 0
68 81 0
70 81 0
96 81 0
97 81 0
98 81 0
108 81 0
109 81 0
111 81 0
123 81 0
125 81 0
137 81 0
139 81 0
150 81 0
151 81 0
152 81 0
153 81 0
165 81 0
166 81 0
167 81 0
178 81 0
179 81 0
12 82 0
42 82 0
68 82 0
70 82 0
83 82 0
95 82 0
97 82 0
109 82 0
110 82 0
111 82 0
125 82 0
137 82 0
139 82 0
151 82 0
152 82 0
153 82 0
165 82 0
166 82 0
177 82 0
178 82 0
179 82 0
16 83 0
69 83 0
70 83 0
83 83 0
97 83 0
109 83 0
110 83 0
111 83 0
123 83 0
125 83 0
139 83 0
152 83 0
153 83 0
166 83 0
177 83 0
178 83 0
179 83 0
17 84 0
18 84 0
19 84 0
56 84 0
68 84 0
70 84 0
81 84 0
83 84 0
97 84 0
108 84 0
109 84 0
110 84 0
111 84 0
123 84 0
124 84 0
125 84 0
136 84 0
137 84 0
138 84 0
139 84 0
150 84 0
152 84 0
153 84 0
164 84 0
165 84 0
166 84 0
177 84 0
178 84 0
179 84 0
7 85 0
8 85 0
18 85 0
56 85 0
67 85 0
70 85 0
81 85 0
83 85 0
95 85 0
96 85 0
97 85 0
106 85 0
107 85 0
108 85 0
109 85 0
111 85 0
120 85 0
121 85 0
122 85 0
123 85 0
124 85 0
125 85 0
135 85 0
136 85 0
137 85 0
138 85 0
139 85 0
151 85 0
152 85 0
166 85 0
177 85 0
178 85 0
27 86 0
28 86 0
29 86 0
56 86 0
70 86 0
81 86 0
83 86 0
95 86 0
96 86 0
97 86 0
98 86 0
101 86 0
102 86 0
105 86 0
107 86 0
108 86 0
109 86 0
110 86 0
111 86 0
122 86 0
123 86 0
124 86 0
125 86 0
137 86 0
138 86 0
139 86 0
143 86 0
150 86 0
151 86 0
152 86 0
153 86 0
158 86 0
159 86 0
164 86 0
165 86 0
166 86 0
177 86 0
178 86 0
25 87 0
26 87 0
29 87 0
30 87 0
69 87 0
81 87 0
82 87 0
83 87 0
94 87 0
95 87 0
96 87 0
97 87 0
98 87 0
99 87 0
111 87 0
122 87 0
123 87 0
124 87 0
136 87 0
137 87 0
138 87 0
150 87 0
151 87 0
152 87 0
153 87 0
158 87 0
159 87 0
162 87 0
163 87 0
164 87 0
165 87 0
169 87 0
174 87 0
175 87 0
176 87 0
177 87 0
178 87 0
29 88 0
36 88 0
37 88 0
40 88 0
41 88 0
56 88 0
67 88 0
68 88 0
74 88 0
81 88 0
82 88 0
83 88 0
92 88 0
93 88 0
94 88 0
95 88 0
96 88 0
97 88 0
109 88 0
110 88 0
111 88 0
122 88 0
123 88 0
124 88 0
136 88 0
137 88 0
138 88 0
150 88 0
151 88 0
152 88 0
160 88 0
161 88 0
164 88 0
165 88 0
166 88 0
170 88 0
171 88 0
177 88 0
178 88 0
179 88 0
18 89 0
37 89 0
41 89 0
42 89 0
43 89 0
46 89 0
54 89 0
56 89 0
58 89 0
59 89 0
66 89 0
67 89 0
69 89 0
70 89 0
74 89 0
75 89 0
76 89 0
79 89 0
80 89 0
81 89 0
82 89 0
83 89 0
92 89 0
93 89 0
95 89 0
96 89 0
97 89 0
109 89 0
110 89 0
111 89 0
122 89 0
123 89 0
124 89 0
136 89 0
137 89 0
138 89 0
150 89 0
151 89 0
152 89 0
164 89 0
165 89 0
176 89 0
177 89 0
178 89 0
40 90 0
41 90 0
42 90 0
52 90 0
53 90 0
54 90 0
55 90 0
57 90 0
58 90 0
59 90 0
68 90 0
69 90 0
70 90 0
81 90 0
82 90 0
83 90 0
96 90 0
97 90 0
109 90 0
110 90 0
111 90 0
121 90 0
122 90 0
123 90 0
124 90 0
136 90 0
137 90 0
138 90 0
149 90 0
163 90 0
164 90 0
165 90 0
176 90 0
177 90 0
178 90 0
7 91 0
29 91 0
40 91 0
41 91 0
42 91 0
53 91 0
54 91 0
55 91 0
56 91 0
67 91 0
68 91 0
69 91 0
81 91 0
82 91 0
83 91 0
96 91 0
111 91 0
122 91 0
123 91 0
124 91 0
135 91 0
136 91 0
137 91 0
138 91 0
150 91 0
151 91 0
152 91 0
163 91 0
164 91 0
165 91 0
175 91 0
177 91 0
42 92 0
54 92 0
55 92 0
56 92 0
67 92 0
69 92 0
82 92 0
95 92 0
96 92 0
97 92 0
108 92 0
109 92 0
110 92 0
111 92 0
122 92 0
123 92 0
124 92 0
137 92 0
138 92 0
150 92 0
151 92 0
163 92 0
164 92 0
165 92 0
176 92 0
177 92 0
8 93 0
42 93 0
53 93 0
54 93 0
56 93 0
69 93 0
80 93 0
82 93 0
96 93 0
109 93 0
110 93 0
121 93 0
122 93 0
123 93 0
136 93 0
137 93 0
150 93 0
151 93 0
164 93 0
165 93 0
175 93 0
176 93 0
177 93 0
6 94 0
7 94 0
8 94 0
67 94 0
69 94 0
80 94 0
81 94 0
82 94 0
95 94 0
96 94 0
108 94 0
110 94 0
122 94 0
123 94 0
136 94 0
137 94 0
150 94 0
151 94 0
162 94 0
163 94 0
164 94 0
175 94 0
176 94 0
177 94 0
6 95 0
7 95 0
8 95 0
82 95 0
96 95 0
108 95 0
109 95 0
110 95 0
122 95 0
123 95 0
124 95 0
135 95 0
136 95 0
137 95 0
149 95 0
150 95 0
151 95 0
164 95 0
175 95 0
69 96 0
81 96 0
82 96 0
94 96 0
96 96 0
108 96 0
109 96 0
110 96 0
121 96 0
122 96 0
123 96 0
124 96 0
135 96 0
136 96 0
137 96 0
150 96 0
151 96 0
162 96 0
163 96 0
164 96 0
174 96 0
175 96 0
176 96 0
177 96 0
17 97 0
19 97 0
69 97 0
82 97 0
96 97 0
107 97 0
108 97 0
109 97 0
110 97 0
119 97 0
123 97 0
124 97 0
135 97 0
137 97 0
151 97 0
162 97 0
164 97 0
175 97 0
176 97 0
177 97 0
17 98 0
18 98 0
19 98 0
53 98 0
55 98 0
56 98 0
67 98 0
69 98 0
80 98 0
82 98 0
94 98 0
96 98 0
108 98 0
109 98 0
111 98 0
121 98 0
122 98 0
123 98 0
135 98 0
136 98 0
137 98 0
149 98 0
150 98 0
151 98 0
162 98 0
163 98 0
164 98 0
175 98 0
176 98 0
177 98 0
55 99 0
82 99 0
96 99 0
108 99 0
111 99 0
112 99 0
116 99 0
120 99 0
121 99 0
122 99 0
123 99 0
124 99 0
125 99 0
129 99 0
130 99 0
132 99 0
134 99 0
137 99 0
139 99 0
149 99 0
150 99 0
151 99 0
162 99 0
164 99 0
176 99 0
42 100 0
69 100 0
82 100 0
94 100 0
96 100 0
105 100 0
106 100 0
107 100 0
108 100 0
109 100 0
110 100 0
121 100 0
122 100 0
123 100 0
134 100 0
135 100 0
136 100 0
137 100 0
139 100 0
140 100 0
147 100 0
148 100 0
150 100 0
151 100 0
162 100 0
163 100 0
164 100 0
174 100 0
175 100 0
176 100 0
28 101 0
69 101 0
81 101 0
82 101 0
94 101 0
95 101 0
96 101 0
101 101 0
102 101 0
103 101 0
104 101 0
105 101 0
108 101 0
109 101 0
110 101 0
121 101 0
122 101 0
123 101 0
134 101 0
135 101 0
136 101 0
137 101 0
148 101 0
149 101 0
150 101 0
151 101 0
153 101 0
154 101 0
162 101 0
172 101 0
173 101 0
174 101 0
175 101 0
176 101 0
177 101 0
185 101 0
186 101 0
27 102 0
28 102 0
29 102 0
30 102 0
67 102 0
69 102 0
80 102 0
82 102 0
84 102 0
85 102 0
93 102 0
94 102 0
95 102 0
96 102 0
101 102 0
102 102 0
107 102 0
108 102 0
109 102 0
110 102 0
121 102 0
122 102 0
123 102 0
134 102 0
135 102 0
136 102 0
148 102 0
149 102 0
150 102 0
154 102 0
155 102 0
156 102 0
160 102 0
161 102 0
162 102 0
163 102 0
164 102 0
175 102 0
176 102 0
28 103 0
29 103 0
30 103 0
40 103 0
41 103 0
42 103 0
65 103 0
66 103 0
67 103 0
68 103 0
69 103 0
80 103 0
84 103 0
85 103 0
91 103 0
94 103 0
95 103 0
96 103 0
97 103 0
98 103 0
100 103 0
107 103 0
109 103 0
119 103 0
122 103 0
134 103 0
135 103 0
136 103 0
148 103 0
149 103 0
150 103 0
161 103 0
162 103 0
163 103 0
164 103 0
173 103 0
174 103 0
175 103 0
176 103 0
29 104 0
39 104 0
40 104 0
41 104 0
42 104 0
54 104 0
67 104 0
68 104 0
69 104 0
70 104 0
80 104 0
81 104 0
82 104 0
83 104 0
94 104 0
95 104 0
96 104 0
107 104 0
109 104 0
121 104 0
122 104 0
134 104 0
135 104 0
136 104 0
148 104 0
149 104 0
150 104 0
161 104 0
162 104 0
163 104 0
174 104 0
175 104 0
29 105 0
40 105 0
41 105 0
42 105 0
52 105 0
53 105 0
54 105 0
55 105 0
56 105 0
57 105 0
67 105 0
68 105 0
70 105 0
78 105 0
79 105 0
80 105 0
82 105 0
83 105 0
95 105 0
106 105 0
107 105 0
109 105 0
120 105 0
121 105 0
122 105 0
133 105 0
134 105 0
135 105 0
136 105 0
150 105 0
161 105 0
162 105 0
173 105 0
174 105 0
175 105 0
7 106 0
8 106 0
9 106 0
29 106 0
42 106 0
54 106 0
55 106 0
56 106 0
68 106 0
79 106 0
80 106 0
81 106 0
82 106 0
107 106 0
109 106 0
122 106 0
134 106 0
135 106 0
136 106 0
147 106 0
148 106 0
149 106 0
161 106 0
162 106 0
175 106 0
8 107 0
9 107 0
19 107 0
40 107 0
42 107 0
53 107 0
55 107 0
56 107 0
68 107 0
82 107 0
93 107 0
95 107 0
109 107 0
122 107 0
147 107 0
148 107 0
149 107 0
161 107 0
162 107 0
173 107 0
175 107 0
8 108 0
29 108 0
55 108 0
79 108 0
93 108 0
95 108 0
107 108 0
108 108 0
109 108 0
122 108 0
134 108 0
135 108 0
136 108 0
147 108 0
148 108 0
149 108 0
160 108 0
162 108 0
173 108 0
175 108 0
6 109 0
9 109 0
42 109 0
55 109 0
82 109 0
95 109 0
109 109 0
120 109 0
122 109 0
134 109 0
135 109 0
147 109 0
148 109 0
149 109 0
160 109 0
161 109 0
162 109 0
173 109 0
175 109 0
8 110 0
41 110 0
42 110 0
53 110 0
95 110 0
107 110 0
109 110 0
120 110 0
121 110 0
122 110 0
133 110 0
134 110 0
135 110 0
147 110 0
148 110 0
149 110 0
160 110 0
161 110 0
162 110 0
173 110 0
174 110 0
175 110 0
184 110 0
186 110 0
16 111 0
18 111 0
20 111 0
42 111 0
68 111 0
82 111 0
93 111 0
95 111 0
109 111 0
120 111 0
122 111 0
134 111 0
135 111 0
146 111 0
147 111 0
148 111 0
149 111 0
159 111 0
160 111 0
161 111 0
162 111 0
172 111 0
184 111 0
18 112 0
19 112 0
20 112 0
80 112 0
81 112 0
82 112 0
95 112 0
107 112 0
108 112 0
109 112 0
120 112 0
121 112 0
133 112 0
134 112 0
135 112 0
147 112 0
148 112 0
160 112 0
161 112 0
162 112 0
174 112 0
66 113 0
68 113 0
82 113 0
93 113 0
94 113 0
95 113 0
106 113 0
107 113 0
108 113 0
109 113 0
118 113 0
119 113 0
120 113 0
121 113 0
122 113 0
125 113 0
128 113 0
132 113 0
134 113 0
135 113 0
147 113 0
148 113 0
160 113 0
161 113 0
174 113 0
183 113 0
184 113 0
185 113 0
55 114 0
68 114 0
80 114 0
81 114 0
82 114 0
93 114 0
94 114 0
95 114 0
102 114 0
105 114 0
106 114 0
107 114 0
108 114 0
109 114 0
111 114 0
112 114 0
113 114 0
120 114 0
121 114 0
122 114 0
133 114 0
134 114 0
135 114 0
141 114 0
146 114 0
147 114 0
148 114 0
149 114 0
151 114 0
159 114 0
160 114 0
161 114 0
172 114 0
173 114 0
174 114 0
175 114 0
176 114 0
182 114 0
183 114 0
185 114 0
186 114 0
28 115 0
30 115 0
68 115 0
82 115 0
93 115 0
95 115 0
98 115 0
99 115 0
100 115 0
106 115 0
107 115 0
108 115 0
109 115 0
120 115 0
121 115 0
132 115 0
133 115 0
134 115 0
135 115 0
142 115 0
143 115 0
146 115 0
148 115 0
149 115 0
150 115 0
151 115 0
153 115 0
154 115 0
157 115 0
158 115 0
159 115 0
161 115 0
173 115 0
174 115 0
184 115 0
185 115 0
27 116 0
29 116 0
30 116 0
40 116 0
66 116 0
68 116 0
80 116 0
81 116 0
82 116 0
94 116 0
95 116 0
97 116 0
98 116 0
99 116 0
107 116 0
108 116 0
119 116 0
120 116 0
121 116 0
133 116 0
134 116 0
146 116 0
147 116 0
148 116 0
149 116 0
159 116 0
160 116 0
161 116 0
172 116 0
173 116 0
174 116 0
183 116 0
28 117 0
29 117 0
30 117 0
67 117 0
68 117 0
82 117 0
93 117 0
94 117 0
95 117 0
96 117 0
97 117 0
107 117 0
108 117 0
120 117 0
121 117 0
132 117 0
133 117 0
134 117 0
146 117 0
147 117 0
148 117 0
159 117 0
160 117 0
161 117 0
171 117 0
172 117 0
173 117 0
30 118 0
38 118 0
41 118 0
42 118 0
43 118 0
55 118 0
64 118 0
66 118 0
67 118 0
68 118 0
69 118 0
74 118 0
79 118 0
80 118 0
81 118 0
82 118 0
91 118 0
92 118 0
93 118 0
94 118 0
95 118 0
96 118 0
107 118 0
108 118 0
119 118 0
120 118 0
121 118 0
132 118 0
133 118 0
134 118 0
146 118 0
147 118 0
148 118 0
159 118 0
160 118 0
161 118 0
171 118 0
172 118 0
183 118 0
39 119 0
40 119 0
41 119 0
42 119 0
43 119 0
53 119 0
54 119 0
55 119 0
57 119 0
58 119 0
60 119 0
66 119 0
67 119 0
68 119 0
69 119 0
78 119 0
79 119 0
81 119 0
82 119 0
87 119 0
91 119 0
93 119 0
94 119 0
95 119 0
96 119 0
108 119 0
119 119 0
120 119 0
121 119 0
132 119 0
133 119 0
134 119 0
145 119 0
146 119 0
147 119 0
148 119 0
158 119 0
160 119 0
161 119 0
183 119 0
184 119 0
8 120 0
11 120 0
30 120 0
40 120 0
41 120 0
42 120 0
43 120 0
53 120 0
55 120 0
56 120 0
66 120 0
67 120 0
68 120 0
80 120 0
81 120 0
82 120 0
95 120 0
106 120 0
108 120 0
119 120 0
120 120 0
121 120 0
132 120 0
133 120 0
134 120 0
146 120 0
147 120 0
159 120 0
160 120 0
161 120 0
171 120 0
172 120 0
173 120 0
9 121 0
10 121 0
42 121 0
55 121 0
68 121 0
81 121 0
93 121 0
94 121 0
95 121 0
106 121 0
108 121 0
119 121 0
121 121 0
144 121 0
147 121 0
160 121 0
182 121 0
184 121 0
30 122 0
42 122 0
55 122 0
80 122 0
81 122 0
93 122 0
94 122 0
95 122 0
106 122 0
107 122 0
108 122 0
132 122 0
133 122 0
146 122 0
147 122 0
159 122 0
160 122 0
170 122 0
171 122 0
172 122 0
183 122 0
184 122 0
68 123 0
81 123 0
95 123 0
106 123 0
108 123 0
131 123 0
133 123 0
147 123 0
158 123 0
159 123 0
160 123 0
172 123 0
17 124 0
18 124 0
20 124 0
21 124 0
68 124 0
80 124 0
81 124 0
95 124 0
108 124 0
119 124 0
120 124 0
131 124 0
133 124 0
145 124 0
146 124 0
147 124 0
158 124 0
160 124 0
170 124 0
172 124 0
19 125 0
20 125 0
21 125 0
95 125 0
107 125 0
108 125 0
118 125 0
119 125 0
120 125 0
133 125 0
147 125 0
158 125 0
160 125 0
172 125 0
186 125 0
79 126 0
81 126 0
93 126 0
94 126 0
95 126 0
106 126 0
107 126 0
108 126 0
110 126 0
112 126 0
117 126 0
118 126 0
119 126 0
120 126 0
121 126 0
131 126 0
132 126 0
133 126 0
145 126 0
146 126 0
147 126 0
158 126 0
159 126 0
160 126 0
170 126 0
171 126 0
172 126 0
181 126 0
182 126 0
185 126 0
81 127 0
95 127 0
105 127 0
106 127 0
107 127 0
108 127 0
110 127 0
111 127 0
118 127 0
119 127 0
120 127 0
129 127 0
130 127 0
131 127 0
133 127 0
140 127 0
141 127 0
143 127 0
144 127 0
145 127 0
146 127 0
147 127 0
158 127 0
159 127 0
160 127 0
169 127 0
170 127 0
171 127 0
172 127 0
181 127 0
182 127 0
183 127 0
184 127 0
68 128 0
81 128 0
95 128 0
104 128 0
105 128 0
106 128 0
107 128 0
108 128 0
109 128 0
119 128 0
131 128 0
132 128 0
133 128 0
134 128 0
145 128 0
146 128 0
147 128 0
150 128 0
155 128 0
158 128 0
159 128 0
166 128 0
167 128 0
168 128 0
169 128 0
170 128 0
171 128 0
172 128 0
182 128 0
183 128 0
2 129 0
26 129 0
29 129 0
32 129 0
43 129 0
68 129 0
79 129 0
81 129 0
93 129 0
94 129 0
95 129 0
98 129 0
103 129 0
104 129 0
106 129 0
107 129 0
108 129 0
131 129 0
132 129 0
145 129 0
146 129 0
147 129 0
150 129 0
151 129 0
156 129 0
157 129 0
159 129 0
160 129 0
170 129 0
171 129 0
172 129 0
181 129 0
182 129 0
1 130 0
2 130 0
29 130 0
30 130 0
31 130 0
43 130 0
53 130 0
66 130 0
67 130 0
68 130 0
80 130 0
81 130 0
93 130 0
105 130 0
106 130 0
107 130 0
131 130 0
132 130 0
145 130 0
146 130 0
158 130 0
159 130 0
160 130 0
171 130 0
30 131 0
31 131 0
41 131 0
43 131 0
63 131 0
64 131 0
65 131 0
66 131 0
67 131 0
68 131 0
79 131 0
80 131 0
81 131 0
91 131 0
92 131 0
93 131 0
94 131 0
95 131 0
96 131 0
105 131 0
107 131 0
118 131 0
119 131 0
132 131 0
144 131 0
145 131 0
146 131 0
159 131 0
171 131 0
182 131 0
10 132 0
11 132 0
12 132 0
21 132 0
41 132 0
42 132 0
43 132 0
54 132 0
62 132 0
66 132 0
67 132 0
68 132 0
78 132 0
79 132 0
80 132 0
81 132 0
91 132 0
94 132 0
95 132 0
105 132 0
107 132 0
117 132 0
118 132 0
119 132 0
130 132 0
131 132 0
132 132 0
145 132 0
146 132 0
157 132 0
158 132 0
159 132 0
169 132 0
170 132 0
171 132 0
182 132 0
9 133 0
11 133 0
12 133 0
41 133 0
42 133 0
43 133 0
54 133 0
56 133 0
57 133 0
68 133 0
79 133 0
80 133 0
81 133 0
82 133 0
93 133 0
94 133 0
95 133 0
106 133 0
107 133 0
117 133 0
118 133 0
119 133 0
130 133 0
131 133 0
132 133 0
144 133 0
145 133 0
146 133 0
157 133 0
158 133 0
170 133 0
182 133 0
31 134 0
55 134 0
56 134 0
68 134 0
79 134 0
80 134 0
81 134 0
93 134 0
94 134 0
95 134 0
107 134 0
117 134 0
118 134 0
119 134 0
131 134 0
132 134 0
144 134 0
145 134 0
146 134 0
156 134 0
157 134 0
158 134 0
169 134 0
170 134 0
171 134 0
56 135 0
79 135 0
81 135 0
105 135 0
107 135 0
130 135 0
131 135 0
132 135 0
143 135 0
144 135 0
145 135 0
156 135 0
157 135 0
158 135 0
169 135 0
170 135 0
4 136 0
22 136 0
79 136 0
94 136 0
95 136 0
107 136 0
117 136 0
119 136 0
130 136 0
131 136 0
132 136 0
158 136 0
180 136 0
181 136 0
182 136 0
12 137 0
13 137 0
20 137 0
21 137 0
22 137 0
23 137 0
107 137 0
117 137 0
118 137 0
119 137 0
130 137 0
131 137 0
132 137 0
143 137 0
145 137 0
156 137 0
158 137 0
170 137 0
180 137 0
181 137 0
182 137 0
21 138 0
22 138 0
23 138 0
79 138 0
106 138 0
107 138 0
117 138 0
129 138 0
130 138 0
131 138 0
132 138 0
142 138 0
143 138 0
144 138 0
145 138 0
156 138 0
158 138 0
169 138 0
170 138 0
179 138 0
180 138 0
181 138 0
5 139 0
25 139 0
68 139 0
93 139 0
94 139 0
95 139 0
105 139 0
106 139 0
110 139 0
111 139 0
112 139 0
116 139 0
117 139 0
118 139 0
119 139 0
128 139 0
129 139 0
130 139 0
131 139 0
132 139 0
143 139 0
156 139 0
157 139 0
158 139 0
167 139 0
168 139 0
179 139 0
180 139 0
181 139 0
182 139 0
31 140 0
32 140 0
79 140 0
92 140 0
93 140 0
94 140 0
95 140 0
104 140 0
105 140 0
106 140 0
107 140 0
109 140 0
117 140 0
118 140 0
119 140 0
130 140 0
131 140 0
136 140 0
141 140 0
142 140 0
143 140 0
144 140 0
145 140 0
146 140 0
152 140 0
155 140 0
157 140 0
167 140 0
168 140 0
169 140 0
170 140 0
179 140 0
180 140 0
181 140 0
4 141 0
68 141 0
81 141 0
94 141 0
95 141 0
103 141 0
104 141 0
105 141 0
106 141 0
107 141 0
108 141 0
118 141 0
130 141 0
131 141 0
143 141 0
144 141 0
145 141 0
153 141 0
154 141 0
155 141 0
156 141 0
157 141 0
158 141 0
168 141 0
169 141 0
170 141 0
179 141 0
180 141 0
181 141 0
5 142 0
68 142 0
79 142 0
81 142 0
94 142 0
95 142 0
101 142 0
102 142 0
103 142 0
104 142 0
105 142 0
106 142 0
107 142 0
118 142 0
129 142 0
130 142 0
131 142 0
142 142 0
143 142 0
144 142 0
155 142 0
156 142 0
157 142 0
167 142 0
168 142 0
169 142 0
177 142 0
178 142 0
179 142 0
7 143 0
67 143 0
68 143 0
79 143 0
81 143 0
101 143 0
102 143 0
104 143 0
105 143 0
106 143 0
116 143 0
117 143 0
118 143 0
129 143 0
130 143 0
131 143 0
142 143 0
155 143 0
162 143 0
164 143 0
166 143 0
167 143 0
168 143 0
170 143 0
79 144 0
80 144 0
81 144 0
92 144 0
93 144 0
94 144 0
95 144 0
106 144 0
116 144 0
117 144 0
118 144 0
130 144 0
141 144 0
142 144 0
143 144 0
146 144 0
148 144 0
149 144 0
150 144 0
151 144 0
153 144 0
154 144 0
155 144 0
90 145 0
91 145 0
93 145 0
103 145 0
104 145 0
109 145 0
113 145 0
114 145 0
115 145 0
120 145 0
124 145 0
125 145 0
127 145 0
128 145 0
129 145 0
134 145 0
179 148 0
181 148 0
182 148 0
21 149 0
22 149 0
23 149 0
168 149 0
171 149 0
174 149 0
179 149 0
22 150 0
23 150 0
157 150 0
159 150 0
160 150 0
163 150 0
166 150 0
167 150 0
168 150 0
177 150 0
178 150 0
179 150 0
182 150 0
15 151 0
144 151 0
145 151 0
155 151 0
163 151 0
165 151 0
167 151 0
168 151 0
177 151 0
178 151 0
179 151 0
4 152 0
5 152 0
129 152 0
130 152 0
135 152 0
155 152 0
156 152 0
157 152 0
166 152 0
167 152 0
168 152 0
177 152 0
178 152 0
179 152 0
5 153 0
6 153 0
69 153 0
81 153 0
94 153 0
103 153 0
104 153 0
106 153 0
117 153 0
129 153 0
130 153 0
143 153 0
154 153 0
155 153 0
156 153 0
165 153 0
166 153 0
167 153 0
178 153 0
4 154 0
5 154 0
6 154 0
30 154 0
34 154 0
69 154 0
80 154 0
81 154 0
94 154 0
102 154 0
103 154 0
105 154 0
106 154 0
117 154 0
129 154 0
141 154 0
142 154 0
143 154 0
154 154 0
155 154 0
176 154 0
178 154 0
13 155 0
14 155 0
15 155 0
32 155 0
33 155 0
34 155 0
45 155 0
67 155 0
68 155 0
69 155 0
81 155 0
105 155 0
115 155 0
117 155 0
129 155 0
141 155 0
142 155 0
165 155 0
166 155 0
167 155 0
178 155 0
11 156 0
15 156 0
16 156 0
33 156 0
43 156 0
45 156 0
66 156 0
67 156 0
68 156 0
69 156 0
90 156 0
91 156 0
92 156 0
93 156 0
94 156 0
95 156 0
105 156 0
117 156 0
129 156 0
153 156 0
154 156 0
166 156 0
167 156 0
44 157 0
45 157 0
56 157 0
58 157 0
69 157 0
78 157 0
79 157 0
80 157 0
81 157 0
82 157 0
94 157 0
105 157 0
117 157 0
129 157 0
142 157 0
154 157 0
164 157 0
166 157 0
167 157 0
173 157 0
55 158 0
57 158 0
58 158 0
69 158 0
79 158 0
80 158 0
81 158 0
82 158 0
92 158 0
93 158 0
94 158 0
105 158 0
116 158 0
117 158 0
129 158 0
142 158 0
152 158 0
154 158 0
165 158 0
166 158 0
57 159 0
58 159 0
81 159 0
103 159 0
105 159 0
117 159 0
129 159 0
142 159 0
154 159 0
166 159 0
187 159 0
23 160 0
25 160 0
93 160 0
94 160 0
105 160 0
127 160 0
129 160 0
152 160 0
153 160 0
154 160 0
166 160 0
173 160 0
187 160 0
188 160 0
23 161 0
24 161 0
25 161 0
26 161 0
81 161 0
105 161 0
115 161 0
116 161 0
117 161 0
128 161 0
129 161 0
139 161 0
141 161 0
152 161 0
154 161 0
164 161 0
165 161 0
174 161 0
175 161 0
176 161 0
177 161 0
178 161 0
89 162 0
94 162 0
104 162 0
105 162 0
106 162 0
114 162 0
115 162 0
116 162 0
117 162 0
126 162 0
127 162 0
128 162 0
129 162 0
139 162 0
140 162 0
141 162 0
152 162 0
153 162 0
154 162 0
163 162 0
165 162 0
166 162 0
175 162 0
176 162 0
177 162 0
5 163 0
6 163 0
7 163 0
8 163 0
104 163 0
105 163 0
112 163 0
113 163 0
116 163 0
117 163 0
127 163 0
128 163 0
139 163 0
141 163 0
142 163 0
152 163 0
153 163 0
154 163 0
164 163 0
165 163 0
176 163 0
7 164 0
8 164 0
92 164 0
93 164 0
94 164 0
101 164 0
102 164 0
103 164 0
105 164 0
106 164 0
107 164 0
115 164 0
116 164 0
128 164 0
139 164 0
140 164 0
141 164 0
152 164 0
153 164 0
163 164 0
164 164 0
176 164 0
32 165 0
35 165 0
70 165 0
81 165 0
82 165 0
100 165 0
104 165 0
105 165 0
106 165 0
116 165 0
128 165 0
139 165 0
140 165 0
141 165 0
164 165 0
14 166 0
16 166 0
18 166 0
33 166 0
35 166 0
80 166 0
82 166 0
104 166 0
105 166 0
114 166 0
116 166 0
124 166 0
128 166 0
139 166 0
140 166 0
151 166 0
152 166 0
153 166 0
164 166 0
175 166 0
17 167 0
18 167 0
45 167 0
67 167 0
68 167 0
69 167 0
70 167 0
71 167 0
75 167 0
79 167 0
80 167 0
81 167 0
82 167 0
92 167 0
93 167 0
94 167 0
105 167 0
116 167 0
126 167 0
128 167 0
140 167 0
151 167 0
152 167 0
153 167 0
162 167 0
164 167 0
2 168 0
43 168 0
44 168 0
46 168 0
47 168 0
56 168 0
57 168 0
58 168 0
60 168 0
69 168 0
70 168 0
80 168 0
91 168 0
92 168 0
94 168 0
95 168 0
126 168 0
128 168 0
140 168 0
172 168 0
1 169 0
2 169 0
46 169 0
47 169 0
58 169 0
59 169 0
70 169 0
80 169 0
81 169 0
82 169 0
93 169 0
94 169 0
162 169 0
164 169 0
175 169 0
177 169 0
181 169 0
182 169 0
185 169 0
186 169 0
25 170 0
59 170 0
105 170 0
115 170 0
116 170 0
137 170 0
138 170 0
139 170 0
140 170 0
152 170 0
162 170 0
164 170 0
184 170 0
26 171 0
27 171 0
105 171 0
114 171 0
115 171 0
116 171 0
129 171 0
130 171 0
131 171 0
140 171 0
152 171 0
160 171 0
161 171 0
162 171 0
163 171 0
164 171 0
173 171 0
174 171 0
175 171 0
27 172 0
82 172 0
103 172 0
105 172 0
112 172 0
113 172 0
114 172 0
115 172 0
116 172 0
125 172 0
126 172 0
127 172 0
128 172 0
132 172 0
137 172 0
138 172 0
139 172 0
140 172 0
152 172 0
162 172 0
163 172 0
164 172 0
170 172 0
171 172 0
174 172 0
175 172 0
11 173 0
82 173 0
94 173 0
104 173 0
110 173 0
114 173 0
116 173 0
123 173 0
127 173 0
128 173 0
129 173 0
130 173 0
138 173 0
139 173 0
140 173 0
148 173 0
149 173 0
150 173 0
151 173 0
152 173 0
154 173 0
155 173 0
163 173 0
9 174 0
10 174 0
11 174 0
28 174 0
94 174 0
104 174 0
105 174 0
106 174 0
114 174 0
115 174 0
116 174 0
120 174 0
121 174 0
123 174 0
126 174 0
128 174 0
129 174 0
138 174 0
139 174 0
150 174 0
151 174 0
152 174 0
153 174 0
154 174 0
155 174 0
156 174 0
157 174 0
163 174 0
28 175 0
29 175 0
33 175 0
103 175 0
104 175 0
105 175 0
106 175 0
116 175 0
119 175 0
121 175 0
126 175 0
127 175 0
128 175 0
139 175 0
151 175 0
154 175 0
157 175 0
16 176 0
19 176 0
20 176 0
35 176 0
36 176 0
37 176 0
38 176 0
80 176 0
81 176 0
82 176 0
105 176 0
106 176 0
118 176 0
120 176 0
125 176 0
126 176 0
127 176 0
151 176 0
155 176 0
159 176 0
160 176 0
161 176 0
162 176 0
169 176 0
170 176 0
20 177 0
37 177 0
68 177 0
69 177 0
71 177 0
91 177 0
92 177 0
93 177 0
94 177 0
96 177 0
97 177 0
114 177 0
115 177 0
116 177 0
125 177 0
126 177 0
127 177 0
128 177 0
137 177 0
138 177 0
139 177 0
149 177 0
150 177 0
151 177 0
156 177 0
157 177 0
161 177 0
162 177 0
173 177 0
122 43 1
123 43 1
124 43 1
126 43 1
116 44 1
119 44 1
120 44 1
121 44 1
122 44 1
123 44 1
124 44 1
133 44 1
134 44 1
116 45 1
118 45 1
119 45 1
120 45 1
121 45 1
122 45 1
123 45 1
135 45 1
116 46 1
117 46 1
118 46 1
119 46 1
120 46 1
122 46 1
127 46 1
130 46 1
136 46 1
116 47 1
117 47 1
118 47 1
119 47 1
120 47 1
126 47 1
127 47 1
128 47 1
129 47 1
136 47 1
111 48 1
116 48 1
117 48 1
118 48 1
119 48 1
120 48 1
126 48 1
127 48 1
128 48 1
133 48 1
137 48 1
115 49 1
116 49 1
117 49 1
118 49 1
128 49 1
137 49 1
114 50 1
115 50 1
116 50 1
117 50 1
118 50 1
122 50 1
126 50 1
127 50 1
128 50 1
130 50 1
138 50 1
114 51 1
115 51 1
116 51 1
117 51 1
127 51 1
128 51 1
130 51 1
136 51 1
137 51 1
114 52 1
115 52 1
116 52 1
117 52 1
118 52 1
128 52 1
129 52 1
130 52 1
131 52 1
135 52 1
136 52 1
137 52 1
138 52 1
113 53 1
114 53 1
115 53 1
116 53 1
117 53 1
118 53 1
128 53 1
129 53 1
130 53 1
131 53 1
137 53 1
138 53 1
139 53 1
110 54 1
114 54 1
115 54 1
117 54 1
118 54 1
128 54 1
129 54 1
130 54 1
131 54 1
137 54 1
138 54 1
139 54 1
140 54 1
114 55 1
115 55 1
116 55 1
118 55 1
130 55 1
134 55 1
137 55 1
138 55 1
139 55 1
140 55 1
141 55 1
143 55 1
145 55 1
148 55 1
149 55 1
113 56 1
114 56 1
115 56 1
116 56 1
117 56 1
118 56 1
124 56 1
127 56 1
133 56 1
136 56 1
137 56 1
138 56 1
139 56 1
140 56 1
141 56 1
143 56 1
112 57 1
113 57 1
114 57 1
115 57 1
116 57 1
117 57 1
118 57 1
137 57 1
139 57 1
150 57 1
114 58 1
115 58 1
116 58 1
117 58 1
118 58 1
128 58 1
138 58 1
139 58 1
141 58 1
114 59 1
115 59 1
116 59 1
117 59 1
127 59 1
128 59 1
137 59 1
138 59 1
140 59 1
141 59 1
115 60 1
116 60 1
117 60 1
118 60 1
119 60 1
120 60 1
128 60 1
130 60 1
136 60 1
137 60 1
138 60 1
139 60 1
140 60 1
141 60 1
145 60 1
116 61 1
117 61 1
118 61 1
119 61 1
135 61 1
136 61 1
137 61 1
138 61 1
139 61 1
140 61 1
141 61 1
142 61 1
149 61 1
116 62 1
117 62 1
118 62 1
119 62 1
120 62 1
135 62 1
136 62 1
137 62 1
138 62 1
139 62 1
117 63 1
118 63 1
119 63 1
120 63 1
134 63 1
135 63 1
136 63 1
137 63 1
138 63 1
140 63 1
117 64 1
118 64 1
119 64 1
120 64 1
133 64 1
134 64 1
135 64 1
136 64 1
137 64 1
138 64 1
106 65 1
118 65 1
119 65 1
120 65 1
121 65 1
122 65 1
123 65 1
124 65 1
125 65 1
132 65 1
133 65 1
134 65 1
135 65 1
136 65 1
141 65 1
120 66 1
121 66 1
122 66 1
123 66 1
124 66 1
125 66 1
126 66 1
130 66 1
131 66 1
132 66 1
133 66 1
135 66 1
136 66 1
137 66 1
124 67 1
125 67 1
129 67 1
130 67 1
131 67 1
132 67 1
