66 1 0
67 1 0
68 1 0
69 1 0
82 1 0
95 1 0
96 1 0
97 1 0
109 1 0
110 1 0
111 1 0
123 1 0
124 1 0
125 1 0
138 1 0
139 1 0
152 1 0
153 1 0
165 1 0
166 1 0
167 1 0
170 1 0
171 1 0
172 1 0
173 1 0
177 1 0
178 1 0
179 1 0
41 2 0
42 2 0
55 2 0
68 2 0
80 2 0
81 2 0
82 2 0
96 2 0
97 2 0
109 2 0
110 2 0
111 2 0
123 2 0
124 2 0
125 2 0
137 2 0
138 2 0
139 2 0
151 2 0
152 2 0
153 2 0
165 2 0
166 2 0
172 2 0
173 2 0
176 2 0
177 2 0
178 2 0
179 2 0
19 3 0
53 3 0
68 3 0
80 3 0
82 3 0
96 3 0
97 3 0
107 3 0
109 3 0
110 3 0
111 3 0
123 3 0
124 3 0
125 3 0
138 3 0
139 3 0
150 3 0
151 3 0
152 3 0
153 3 0
164 3 0
165 3 0
166 3 0
177 3 0
178 3 0
179 3 0
183 3 0
7 4 0
8 4 0
53 4 0
54 4 0
55 4 0
67 4 0
80 4 0
95 4 0
96 4 0
97 4 0
109 4 0
110 4 0
111 4 0
123 4 0
124 4 0
125 4 0
137 4 0
138 4 0
139 4 0
151 4 0
152 4 0
153 4 0
164 4 0
165 4 0
166 4 0
177 4 0
178 4 0
179 4 0
6 5 0
7 5 0
8 5 0
15 5 0
18 5 0
54 5 0
68 5 0
80 5 0
82 5 0
94 5 0
96 5 0
111 5 0
123 5 0
124 5 0
125 5 0
137 5 0
138 5 0
139 5 0
151 5 0
152 5 0
153 5 0
165 5 0
166 5 0
177 5 0
178 5 0
179 5 0
7 6 0
16 6 0
17 6 0
19 6 0
20 6 0
54 6 0
68 6 0
80 6 0
81 6 0
82 6 0
95 6 0
96 6 0
109 6 0
110 6 0
111 6 0
123 6 0
124 6 0
125 6 0
138 6 0
139 6 0
151 6 0
152 6 0
153 6 0
165 6 0
166 6 0
177 6 0
178 6 0
179 6 0
17 7 0
18 7 0
19 7 0
41 7 0
80 7 0
81 7 0
82 7 0
94 7 0
96 7 0
108 7 0
109 7 0
110 7 0
111 7 0
125 7 0
137 7 0
138 7 0
139 7 0
151 7 0
152 7 0
165 7 0
166 7 0
177 7 0
178 7 0
179 7 0
16 8 0
17 8 0
18 8 0
67 8 0
80 8 0
81 8 0
82 8 0
94 8 0
95 8 0
96 8 0
109 8 0
110 8 0
123 8 0
124 8 0
137 8 0
138 8 0
139 8 0
151 8 0
152 8 0
164 8 0
165 8 0
166 8 0
177 8 0
178 8 0
179 8 0
25 9 0
27 9 0
28 9 0
29 9 0
30 9 0
32 9 0
40 9 0
41 9 0
54 9 0
67 9 0
68 9 0
80 9 0
81 9 0
82 9 0
94 9 0
95 9 0
96 9 0
108 9 0
109 9 0
110 9 0
111 9 0
112 9 0
119 9 0
120 9 0
124 9 0
125 9 0
130 9 0
131 9 0
136 9 0
137 9 0
138 9 0
139 9 0
150 9 0
151 9 0
152 9 0
165 9 0
166 9 0
177 9 0
178 9 0
179 9 0
7 10 0
28 10 0
29 10 0
33 10 0
34 10 0
39 10 0
43 10 0
44 10 0
67 10 0
80 10 0
81 10 0
82 10 0
95 10 0
96 10 0
105 10 0
106 10 0
107 10 0
108 10 0
110 10 0
111 10 0
112 10 0
123 10 0
124 10 0
125 10 0
131 10 0
135 10 0
137 10 0
138 10 0
139 10 0
150 10 0
151 10 0
152 10 0
164 10 0
165 10 0
166 10 0
177 10 0
178 10 0
17 11 0
18 11 0
39 11 0
40 11 0
41 11 0
42 11 0
44 11 0
52 11 0
53 11 0
67 11 0
78 11 0
79 11 0
80 11 0
81 11 0
82 11 0
83 11 0
93 11 0
94 11 0
97 11 0
98 11 0
104 11 0
105 11 0
108 11 0
109 11 0
110 11 0
122 11 0
123 11 0
124 11 0
136 11 0
137 11 0
138 11 0
144 11 0
145 11 0
149 11 0
150 11 0
154 11 0
155 11 0
156 11 0
165 11 0
166 11 0
177 11 0
178 11 0
7 12 0
28 12 0
39 12 0
40 12 0
41 12 0
50 12 0
51 12 0
52 12 0
53 12 0
54 12 0
56 12 0
65 12 0
66 12 0
67 12 0
70 12 0
71 12 0
75 12 0
76 12 0
77 12 0
78 12 0
81 12 0
82 12 0
83 12 0
87 12 0
92 12 0
93 12 0
94 12 0
95 12 0
96 12 0
97 12 0
107 12 0
108 12 0
109 12 0
110 12 0
122 12 0
123 12 0
124 12 0
137 12 0
138 12 0
145 12 0
146 12 0
149 12 0
150 12 0
151 12 0
152 12 0
153 12 0
156 12 0
158 12 0
159 12 0
164 12 0
165 12 0
166 12 0
176 12 0
177 12 0
178 12 0
28 13 0
40 13 0
51 13 0
52 13 0
53 13 0
65 13 0
66 13 0
68 13 0
69 13 0
70 13 0
79 13 0
80 13 0
81 13 0
94 13 0
95 13 0
96 13 0
108 13 0
109 13 0
110 13 0
122 13 0
123 13 0
124 13 0
136 13 0
137 13 0
138 13 0
150 13 0
151 13 0
152 13 0
158 13 0
159 13 0
160 13 0
163 13 0
165 13 0
166 13 0
169 13 0
170 13 0
176 13 0
177 13 0
178 13 0
17 14 0
28 14 0
38 14 0
40 14 0
52 14 0
53 14 0
59 14 0
63 14 0
64 14 0
66 14 0
67 14 0
68 14 0
79 14 0
80 14 0
81 14 0
93 14 0
94 14 0
95 14 0
108 14 0
109 14 0
110 14 0
122 14 0
123 14 0
124 14 0
136 14 0
137 14 0
138 14 0
150 14 0
151 14 0
164 14 0
165 14 0
166 14 0
170 14 0
173 14 0
177 14 0
178 14 0
25 15 0
40 15 0
53 15 0
67 15 0
78 15 0
80 15 0
81 15 0
93 15 0
94 15 0
95 15 0
109 15 0
122 15 0
123 15 0
124 15 0
135 15 0
137 15 0
138 15 0
150 15 0
151 15 0
164 15 0
165 15 0
166 15 0
173 15 0
174 15 0
175 15 0
177 15 0
178 15 0
26 16 0
27 16 0
52 16 0
64 16 0
65 16 0
66 16 0
67 16 0
79 16 0
80 16 0
93 16 0
94 16 0
95 16 0
107 16 0
108 16 0
109 16 0
122 16 0
123 16 0
124 16 0
134 16 0
136 16 0
137 16 0
138 16 0
149 16 0
150 16 0
151 16 0
164 16 0
165 16 0
175 16 0
176 16 0
177 16 0
178 16 0
179 16 0
180 16 0
181 16 0
40 17 0
52 17 0
63 17 0
64 17 0
66 17 0
79 17 0
80 17 0
92 17 0
93 17 0
94 17 0
95 17 0
107 17 0
108 17 0
109 17 0
121 17 0
123 17 0
136 17 0
137 17 0
138 17 0
149 17 0
150 17 0
151 17 0
163 17 0
164 17 0
165 17 0
177 17 0
178 17 0
179 17 0
181 17 0
184 17 0
5 18 0
6 18 0
39 18 0
40 18 0
64 18 0
66 18 0
78 18 0
79 18 0
80 18 0
92 18 0
93 18 0
94 18 0
95 18 0
107 18 0
108 18 0
109 18 0
121 18 0
123 18 0
136 18 0
137 18 0
149 18 0
150 18 0
151 18 0
163 18 0
164 18 0
165 18 0
176 18 0
177 18 0
178 18 0
185 18 0
4 19 0
6 19 0
7 19 0
27 19 0
39 19 0
52 19 0
78 19 0
80 19 0
92 19 0
94 19 0
107 19 0
108 19 0
109 19 0
121 19 0
122 19 0
123 19 0
135 19 0
136 19 0
137 19 0
138 19 0
149 19 0
150 19 0
151 19 0
163 19 0
164 19 0
165 19 0
176 19 0
177 19 0
178 19 0
5 20 0
6 20 0
15 20 0
16 20 0
52 20 0
64 20 0
66 20 0
78 20 0
80 20 0
93 20 0
94 20 0
106 20 0
107 20 0
108 20 0
109 20 0
121 20 0
122 20 0
123 20 0
135 20 0
136 20 0
137 20 0
138 20 0
149 20 0
150 20 0
151 20 0
163 20 0
164 20 0
165 20 0
176 20 0
177 20 0
178 20 0
14 21 0
15 21 0
16 21 0
17 21 0
52 21 0
64 21 0
65 21 0
66 21 0
78 21 0
79 21 0
80 21 0
92 21 0
93 21 0
94 21 0
107 21 0
108 21 0
109 21 0
121 21 0
122 21 0
123 21 0
135 21 0
136 21 0
137 21 0
149 21 0
150 21 0
151 21 0
163 21 0
164 21 0
165 21 0
176 21 0
177 21 0
178 21 0
15 22 0
16 22 0
17 22 0
18 22 0
39 22 0
50 22 0
52 22 0
77 22 0
78 22 0
79 22 0
80 22 0
93 22 0
94 22 0
107 22 0
108 22 0
109 22 0
121 22 0
122 22 0
123 22 0
136 22 0
137 22 0
149 22 0
150 22 0
151 22 0
163 22 0
164 22 0
165 22 0
176 22 0
177 22 0
178 22 0
5 23 0
16 23 0
25 23 0
29 23 0
39 23 0
52 23 0
63 23 0
65 23 0
80 23 0
92 23 0
94 23 0
107 23 0
108 23 0
119 23 0
120 23 0
121 23 0
122 23 0
123 23 0
135 23 0
136 23 0
137 23 0
149 23 0
150 23 0
151 23 0
163 23 0
164 23 0
165 23 0
176 23 0
177 23 0
178 23 0
16 24 0
24 24 0
26 24 0
27 24 0
37 24 0
39 24 0
51 24 0
52 24 0
63 24 0
65 24 0
78 24 0
79 24 0
94 24 0
106 24 0
107 24 0
110 24 0
111 24 0
119 24 0
120 24 0
122 24 0
123 24 0
126 24 0
127 24 0
135 24 0
136 24 0
140 24 0
149 24 0
150 24 0
151 24 0
163 24 0
164 24 0
165 24 0
176 24 0
177 24 0
178 24 0
25 25 0
26 25 0
27 25 0
31 25 0
38 25 0
39 25 0
51 25 0
52 25 0
65 25 0
77 25 0
79 25 0
92 25 0
93 25 0
94 25 0
105 25 0
106 25 0
107 25 0
108 25 0
109 25 0
121 25 0
122 25 0
123 25 0
135 25 0
136 25 0
137 25 0
138 25 0
140 25 0
141 25 0
142 25 0
143 25 0
147 25 0
148 25 0
149 25 0
150 25 0
151 25 0
163 25 0
164 25 0
165 25 0
176 25 0
177 25 0
178 25 0
15 26 0
26 26 0
36 26 0
37 26 0
38 26 0
39 26 0
49 26 0
50 26 0
64 26 0
65 26 0
77 26 0
78 26 0
80 26 0
92 26 0
93 26 0
94 26 0
96 26 0
97 26 0
99 26 0
102 26 0
104 26 0
107 26 0
108 26 0
109 26 0
120 26 0
121 26 0
122 26 0
135 26 0
136 26 0
137 26 0
143 26 0
145 26 0
148 26 0
149 26 0
150 26 0
153 26 0
154 26 0
162 26 0
163 26 0
164 26 0
175 26 0
176 26 0
177 26 0
178 26 0
15 27 0
24 27 0
26 27 0
38 27 0
42 27 0
43 27 0
47 27 0
48 27 0
49 27 0
50 27 0
51 27 0
52 27 0
63 27 0
64 27 0
65 27 0
75 27 0
76 27 0
77 27 0
78 27 0
79 27 0
80 27 0
86 27 0
87 27 0
91 27 0
93 27 0
94 27 0
95 27 0
96 27 0
106 27 0
107 27 0
108 27 0
120 27 0
121 27 0
122 27 0
134 27 0
135 27 0
136 27 0
148 27 0
149 27 0
150 27 0
154 27 0
158 27 0
161 27 0
162 27 0
163 27 0
164 27 0
167 27 0
176 27 0
177 27 0
178 27 0
12 28 0
13 28 0
14 28 0
15 28 0
47 28 0
48 28 0
50 28 0
51 28 0
52 28 0
57 28 0
58 28 0
63 28 0
64 28 0
65 28 0
70 28 0
72 28 0
74 28 0
75 28 0
77 28 0
78 28 0
79 28 0
80 28 0
92 28 0
93 28 0
94 28 0
106 28 0
107 28 0
120 28 0
121 28 0
122 28 0
134 28 0
136 28 0
148 28 0
149 28 0
150 28 0
159 28 0
162 28 0
163 28 0
164 28 0
165 28 0
167 28 0
170 28 0
175 28 0
176 28 0
177 28 0
178 28 0
13 29 0
14 29 0
15 29 0
26 29 0
36 29 0
37 29 0
38 29 0
49 29 0
50 29 0
51 29 0
59 29 0
62 29 0
64 29 0
65 29 0
66 29 0
68 29 0
69 29 0
70 29 0
77 29 0
78 29 0
79 29 0
91 29 0
92 29 0
93 29 0
94 29 0
105 29 0
107 29 0
120 29 0
121 29 0
122 29 0
135 29 0
136 29 0
148 29 0
149 29 0
150 29 0
162 29 0
163 29 0
164 29 0
170 29 0
171 29 0
172 29 0
174 29 0
175 29 0
176 29 0
177 29 0
178 29 0
5 30 0
10 30 0
11 30 0
12 30 0
14 30 0
15 30 0
25 30 0
37 30 0
48 30 0
49 30 0
50 30 0
51 30 0
62 30 0
63 30 0
64 30 0
65 30 0
76 30 0
77 30 0
78 30 0
91 30 0
93 30 0
105 30 0
106 30 0
107 30 0
120 30 0
121 30 0
122 30 0
134 30 0
135 30 0
136 30 0
148 30 0
149 30 0
150 30 0
161 30 0
162 30 0
163 30 0
164 30 0
172 30 0
175 30 0
176 30 0
177 30 0
180 30 0
181 30 0
10 31 0
11 31 0
12 31 0
13 31 0
14 31 0
15 31 0
48 31 0
49 31 0
50 31 0
62 31 0
63 31 0
64 31 0
65 31 0
76 31 0
77 31 0
78 31 0
91 31 0
93 31 0
106 31 0
107 31 0
120 31 0
121 31 0
122 31 0
133 31 0
134 31 0
135 31 0
136 31 0
148 31 0
149 31 0
150 31 0
162 31 0
163 31 0
164 31 0
176 31 0
177 31 0
181 31 0
183 31 0
3 32 0
4 32 0
5 32 0
10 32 0
11 32 0
12 32 0
13 32 0
14 32 0
15 32 0
25 32 0
50 32 0
64 32 0
76 32 0
77 32 0
78 32 0
91 32 0
92 32 0
93 32 0
105 32 0
106 32 0
107 32 0
119 32 0
120 32 0
121 32 0
122 32 0
134 32 0
135 32 0
136 32 0
148 32 0
149 32 0
150 32 0
162 32 0
163 32 0
164 32 0
175 32 0
176 32 0
177 32 0
183 32 0
3 33 0
4 33 0
5 33 0
10 33 0
11 33 0
12 33 0
13 33 0
14 33 0
15 33 0
25 33 0
49 33 0
62 33 0
63 33 0
64 33 0
76 33 0
78 33 0
91 33 0
92 33 0
93 33 0
105 33 0
106 33 0
107 33 0
120 33 0
121 33 0
134 33 0
135 33 0
136 33 0
148 33 0
149 33 0
150 33 0
162 33 0
163 33 0
175 33 0
176 33 0
177 33 0
4 34 0
7 34 0
8 34 0
9 34 0
10 34 0
13 34 0
14 34 0
25 34 0
37 34 0
48 34 0
50 34 0
64 34 0
76 34 0
77 34 0
78 34 0
91 34 0
92 34 0
93 34 0
105 34 0
106 34 0
107 34 0
119 34 0
120 34 0
121 34 0
122 34 0
134 34 0
135 34 0
136 34 0
148 34 0
149 34 0
150 34 0
161 34 0
162 34 0
163 34 0
164 34 0
175 34 0
176 34 0
177 34 0
1 35 0
2 35 0
12 35 0
13 35 0
15 35 0
35 35 0
36 35 0
37 35 0
62 35 0
64 35 0
78 35 0
91 35 0
92 35 0
93 35 0
105 35 0
106 35 0
107 35 0
119 35 0
120 35 0
121 35 0
133 35 0
134 35 0
135 35 0
136 35 0
147 35 0
148 35 0
149 35 0
161 35 0
162 35 0
163 35 0
175 35 0
176 35 0
177 35 0
3 36 0
9 36 0
13 36 0
14 36 0
34 36 0
37 36 0
76 36 0
77 36 0
78 36 0
90 36 0
92 36 0
104 36 0
105 36 0
106 36 0
107 36 0
120 36 0
121 36 0
133 36 0
134 36 0
135 36 0
136 36 0
147 36 0
148 36 0
149 36 0
161 36 0
163 36 0
174 36 0
175 36 0
176 36 0
177 36 0
3 37 0
4 37 0
13 37 0
14 37 0
48 37 0
50 37 0
64 37 0
74 37 0
76 37 0
77 37 0
78 37 0
90 37 0
92 37 0
104 37 0
105 37 0
106 37 0
107 37 0
119 37 0
120 37 0
121 37 0
133 37 0
134 37 0
135 37 0
147 37 0
148 37 0
149 37 0
161 37 0
162 37 0
163 37 0
174 37 0
175 37 0
176 37 0
177 37 0
1 38 0
2 38 0
3 38 0
24 38 0
25 38 0
34 38 0
35 38 0
37 38 0
62 38 0
64 38 0
76 38 0
77 38 0
78 38 0
89 38 0
90 38 0
92 38 0
105 38 0
106 38 0
107 38 0
119 38 0
120 38 0
121 38 0
133 38 0
134 38 0
135 38 0
147 38 0
148 38 0
149 38 0
161 38 0
162 38 0
163 38 0
175 38 0
176 38 0
20 39 0
21 39 0
22 39 0
24 39 0
25 39 0
37 39 0
62 39 0
64 39 0
77 39 0
78 39 0
88 39 0
92 39 0
105 39 0
106 39 0
107 39 0
116 39 0
118 39 0
119 39 0
120 39 0
121 39 0
122 39 0
132 39 0
133 39 0
134 39 0
135 39 0
147 39 0
148 39 0
149 39 0
161 39 0
162 39 0
163 39 0
175 39 0
176 39 0
2 40 0
4 40 0
14 40 0
23 40 0
24 40 0
25 40 0
26 40 0
27 40 0
36 40 0
48 40 0
50 40 0
62 40 0
63 40 0
64 40 0
75 40 0
76 40 0
77 40 0
78 40 0
90 40 0
91 40 0
92 40 0
103 40 0
104 40 0
105 40 0
106 40 0
107 40 0
108 40 0
110 40 0
111 40 0
112 40 0
113 40 0
114 40 0
115 40 0
119 40 0
120 40 0
121 40 0
122 40 0
133 40 0
134 40 0
135 40 0
137 40 0
138 40 0
146 40 0
147 40 0
148 40 0
149 40 0
152 40 0
153 40 0
161 40 0
162 40 0
163 40 0
174 40 0
175 40 0
176 40 0
24 41 0
27 41 0
35 41 0
36 41 0
38 41 0
47 41 0
61 41 0
63 41 0
64 41 0
76 41 0
77 41 0
102 41 0
103 41 0
104 41 0
106 41 0
107 41 0
108 41 0
109 41 0
110 41 0
119 41 0
120 41 0
121 41 0
133 41 0
134 41 0
135 41 0
137 41 0
138 41 0
139 41 0
140 41 0
141 41 0
144 41 0
145 41 0
146 41 0
147 41 0
148 41 0
149 41 0
153 41 0
155 41 0
156 41 0
160 41 0
161 41 0
162 41 0
163 41 0
175 41 0
176 41 0
11 42 0
30 42 0
33 42 0
34 42 0
35 42 0
36 42 0
37 42 0
42 42 0
43 42 0
44 42 0
47 42 0
48 42 0
49 42 0
50 42 0
51 42 0
61 42 0
63 42 0
75 42 0
76 42 0
77 42 0
105 42 0
106 42 0
107 42 0
119 42 0
120 42 0
133 42 0
134 42 0
135 42 0
144 42 0
147 42 0
148 42 0
149 42 0
156 42 0
157 42 0
162 42 0
163 42 0
166 42 0
167 42 0
168 42 0
174 42 0
175 42 0
176 42 0
23 43 0
24 43 0
33 43 0
36 43 0
37 43 0
49 43 0
50 43 0
73 43 0
74 43 0
75 43 0
76 43 0
77 43 0
78 43 0
105 43 0
106 43 0
118 43 0
120 43 0
132 43 0
133 43 0
134 43 0
147 43 0
148 43 0
161 43 0
162 43 0
163 43 0
168 43 0
170 43 0
174 43 0
175 43 0
176 43 0
22 44 0
23 44 0
24 44 0
35 44 0
36 44 0
47 44 0
48 44 0
49 44 0
50 44 0
54 44 0
55 44 0
57 44 0
61 44 0
62 44 0
63 44 0
64 44 0
65 44 0
66 44 0
72 44 0
73 44 0
74 44 0
75 44 0
76 44 0
77 44 0
120 44 0
132 44 0
133 44 0
134 44 0
147 44 0
148 44 0
161 44 0
162 44 0
170 44 0
171 44 0
176 44 0
177 44 0
179 44 0
180 44 0
181 44 0
186 44 0
22 45 0
24 45 0
62 45 0
63 45 0
64 45 0
65 45 0
75 45 0
76 45 0
77 45 0
117 45 0
118 45 0
120 45 0
132 45 0
134 45 0
146 45 0
147 45 0
148 45 0
162 45 0
173 45 0
174 45 0
175 45 0
176 45 0
181 45 0
182 45 0
183 45 0
2 46 0
3 46 0
49 46 0
61 46 0
62 46 0
63 46 0
64 46 0
74 46 0
75 46 0
76 46 0
77 46 0
118 46 0
119 46 0
120 46 0
132 46 0
133 46 0
134 46 0
146 46 0
147 46 0
148 46 0
160 46 0
161 46 0
162 46 0
174 46 0
175 46 0
187 46 0
1 47 0
7 47 0
22 47 0
24 47 0
48 47 0
49 47 0
61 47 0
63 47 0
74 47 0
75 47 0
118 47 0
119 47 0
120 47 0
132 47 0
133 47 0
134 47 0
146 47 0
147 47 0
148 47 0
160 47 0
161 47 0
162 47 0
174 47 0
175 47 0
3 48 0
36 48 0
49 48 0
61 48 0
63 48 0
75 48 0
118 48 0
119 48 0
120 48 0
132 48 0
133 48 0
134 48 0
146 48 0
147 48 0
148 48 0
160 48 0
161 48 0
162 48 0
173 48 0
174 48 0
175 48 0
186 48 0
7 49 0
11 49 0
49 49 0
62 49 0
63 49 0
76 49 0
118 49 0
119 49 0
131 49 0
132 49 0
133 49 0
134 49 0
146 49 0
147 49 0
148 49 0
160 49 0
161 49 0
162 49 0
173 49 0
174 49 0
175 49 0
2 50 0
13 50 0
15 50 0
45 50 0
63 50 0
118 50 0
119 50 0
132 50 0
133 50 0
134 50 0
146 50 0
147 50 0
148 50 0
160 50 0
161 50 0
162 50 0
173 50 0
174 50 0
175 50 0
12 51 0
13 51 0
117 51 0
118 51 0
119 51 0
132 51 0
133 51 0
146 51 0
147 51 0
148 51 0
159 51 0
160 51 0
161 51 0
173 51 0
174 51 0
175 51 0
13 52 0
35 52 0
49 52 0
76 52 0
117 52 0
118 52 0
119 52 0
133 52 0
145 52 0
146 52 0
147 52 0
160 52 0
161 52 0
162 52 0
173 52 0
174 52 0
175 52 0
3 53 0
18 53 0
19 53 0
22 53 0
35 53 0
48 53 0
49 53 0
118 53 0
119 53 0
132 53 0
133 53 0
144 53 0
145 53 0
146 53 0
147 53 0
148 53 0
159 53 0
160 53 0
161 53 0
174 53 0
175 53 0
177 53 0
12 54 0
19 54 0
21 54 0
24 54 0
35 54 0
48 54 0
49 54 0
63 54 0
116 54 0
117 54 0
119 54 0
120 54 0
132 54 0
133 54 0
143 54 0
144 54 0
145 54 0
147 54 0
148 54 0
149 54 0
150 54 0
151 54 0
152 54 0
159 54 0
160 54 0
161 54 0
173 54 0
174 54 0
22 55 0
23 55 0
24 55 0
76 55 0
118 55 0
119 55 0
120 55 0
125 55 0
126 55 0
127 55 0
130 55 0
131 55 0
132 55 0
133 55 0
134 55 0
139 55 0
140 55 0
143 55 0
144 55 0
145 55 0
147 55 0
148 55 0
149 55 0
150 55 0
151 55 0
152 55 0
159 55 0
160 55 0
161 55 0
172 55 0
173 55 0
174 55 0
175 55 0
12 56 0
21 56 0
23 56 0
33 56 0
34 56 0
35 56 0
48 56 0
76 56 0
117 56 0
119 56 0
131 56 0
132 56 0
133 56 0
134 56 0
140 56 0
143 56 0
144 56 0
145 56 0
146 56 0
150 56 0
151 56 0
158 56 0
159 56 0
160 56 0
161 56 0
166 56 0
172 56 0
173 56 0
174 56 0
187 56 0
23 57 0
32 57 0
35 57 0
60 57 0
62 57 0
76 57 0
131 57 0
132 57 0
133 57 0
145 57 0
146 57 0
147 57 0
149 57 0
154 57 0
155 57 0
159 57 0
160 57 0
161 57 0
162 57 0
167 57 0
169 57 0
172 57 0
173 57 0
174 57 0
21 58 0
23 58 0
34 58 0
35 58 0
49 58 0
52 58 0
73 58 0
74 58 0
75 58 0
76 58 0
132 58 0
145 58 0
146 58 0
147 58 0
159 58 0
160 58 0
161 58 0
169 58 0
170 58 0
172 58 0
174 58 0
175 58 0
187 58 0
12 59 0
35 59 0
46 59 0
47 59 0
48 59 0
49 59 0
60 59 0
61 59 0
62 59 0
65 59 0
67 59 0
76 59 0
132 59 0
146 59 0
159 59 0
160 59 0
170 59 0
172 59 0
173 59 0
174 59 0
175 59 0
176 59 0
180 59 0
185 59 0
187 59 0
2 60 0
35 60 0
46 60 0
47 60 0
48 60 0
49 60 0
59 60 0
60 60 0
62 60 0
63 60 0
64 60 0
74 60 0
76 60 0
130 60 0
132 60 0
160 60 0
171 60 0
172 60 0
173 60 0
174 60 0
185 60 0
186 60 0
187 60 0
2 61 0
46 61 0
48 61 0
60 61 0
61 61 0
62 61 0
63 61 0
129 61 0
130 61 0
132 61 0
146 61 0
160 61 0
172 61 0
173 61 0
186 61 0
2 62 0
12 62 0
23 62 0
48 62 0
60 62 0
62 62 0
146 62 0
160 62 0
1 63 0
2 63 0
3 63 0
5 63 0
34 63 0
60 63 0
61 63 0
62 63 0
132 63 0
144 63 0
145 63 0
146 63 0
173 63 0
174 63 0
62 64 0
74 64 0
75 64 0
76 64 0
130 64 0
131 64 0
132 64 0
144 64 0
145 64 0
146 64 0
156 64 0
172 64 0
173 64 0
10 65 0
12 65 0
13 65 0
20 65 0
23 65 0
62 65 0
75 65 0
76 65 0
130 65 0
132 65 0
144 65 0
145 65 0
146 65 0
158 65 0
159 65 0
160 65 0
172 65 0
173 65 0
174 65 0
182 65 0
186 65 0
11 66 0
12 66 0
48 66 0
61 66 0
62 66 0
75 66 0
76 66 0
118 66 0
130 66 0
131 66 0
132 66 0
144 66 0
145 66 0
146 66 0
156 66 0
159 66 0
160 66 0
172 66 0
173 66 0
183 66 0
186 66 0
11 67 0
12 67 0
47 67 0
48 67 0
61 67 0
62 67 0
74 67 0
116 67 0
130 67 0
131 67 0
132 67 0
144 67 0
145 67 0
146 67 0
158 67 0
159 67 0
160 67 0
172 67 0
173 67 0
183 67 0
185 67 0
11 68 0
18 68 0
21 68 0
22 68 0
23 68 0
47 68 0
60 68 0
62 68 0
75 68 0
116 68 0
117 68 0
130 68 0
131 68 0
132 68 0
144 68 0
145 68 0
146 68 0
158 68 0
159 68 0
171 68 0
172 68 0
173 68 0
184 68 0
185 68 0
23 69 0
34 69 0
62 69 0
75 69 0
87 69 0
88 69 0
89 69 0
104 69 0
115 69 0
116 69 0
129 69 0
130 69 0
131 69 0
143 69 0
144 69 0
145 69 0
146 69 0
158 69 0
159 69 0
160 69 0
171 69 0
173 69 0
22 70 0
47 70 0
48 70 0
61 70 0
62 70 0
73 70 0
74 70 0
75 70 0
87 70 0
88 70 0
89 70 0
103 70 0
104 70 0
115 70 0
116 70 0
117 70 0
118 70 0
122 70 0
123 70 0
124 70 0
127 70 0
128 70 0
129 70 0
130 70 0
131 70 0
132 70 0
141 70 0
142 70 0
143 70 0
144 70 0
145 70 0
152 70 0
157 70 0
158 70 0
159 70 0
160 70 0
171 70 0
172 70 0
173 70 0
184 70 0
185 70 0
60 71 0
74 71 0
75 71 0
87 71 0
88 71 0
102 71 0
103 71 0
104 71 0
109 71 0
110 71 0
112 71 0
113 71 0
114 71 0
115 71 0
116 71 0
117 71 0
118 71 0
129 71 0
130 71 0
131 71 0
141 71 0
143 71 0
144 71 0
145 71 0
146 71 0
151 71 0
152 71 0
153 71 0
154 71 0
156 71 0
157 71 0
158 71 0
159 71 0
166 71 0
167 71 0
171 71 0
172 71 0
173 71 0
28 72 0
32 72 0
33 72 0
34 72 0
48 72 0
73 72 0
74 72 0
75 72 0
87 72 0
88 72 0
89 72 0
100 72 0
101 72 0
102 72 0
103 72 0
104 72 0
105 72 0
107 72 0
109 72 0
115 72 0
116 72 0
117 72 0
129 72 0
130 72 0
131 72 0
144 72 0
145 72 0
146 72 0
153 72 0
154 72 0
157 72 0
158 72 0
159 72 0
160 72 0
167 72 0
168 72 0
169 72 0
171 72 0
172 72 0
173 72 0
184 72 0
185 72 0
32 73 0
33 73 0
34 73 0
45 73 0
47 73 0
60 73 0
61 73 0
72 73 0
73 73 0
74 73 0
75 73 0
86 73 0
87 73 0
88 73 0
89 73 0
93 73 0
95 73 0
97 73 0
98 73 0
99 73 0
101 73 0
103 73 0
104 73 0
105 73 0
114 73 0
115 73 0
116 73 0
117 73 0
129 73 0
130 73 0
143 73 0
144 73 0
145 73 0
158 73 0
159 73 0
168 73 0
169 73 0
170 73 0
172 73 0
173 73 0
177 73 0
178 73 0
182 73 0
183 73 0
184 73 0
185 73 0
32 74 0
33 74 0
34 74 0
46 74 0
47 74 0
48 74 0
61 74 0
64 74 0
65 74 0
66 74 0
67 74 0
71 74 0
72 74 0
73 74 0
74 74 0
75 74 0
76 74 0
80 74 0
85 74 0
86 74 0
87 74 0
88 74 0
89 74 0
90 74 0
91 74 0
94 74 0
95 74 0
96 74 0
102 74 0
103 74 0
104 74 0
114 74 0
115 74 0
116 74 0
117 74 0
129 74 0
130 74 0
131 74 0
143 74 0
144 74 0
145 74 0
157 74 0
159 74 0
170 74 0
171 74 0
172 74 0
173 74 0
177 74 0
178 74 0
181 74 0
183 74 0
184 74 0
185 74 0
46 75 0
47 75 0
58 75 0
59 75 0
60 75 0
62 75 0
63 75 0
64 75 0
73 75 0
74 75 0
75 75 0
79 75 0
84 75 0
85 75 0
87 75 0
88 75 0
89 75 0
101 75 0
103 75 0
129 75 0
130 75 0
142 75 0
144 75 0
157 75 0
158 75 0
159 75 0
170 75 0
171 75 0
172 75 0
183 75 0
184 75 0
47 76 0
57 76 0
58 76 0
59 76 0
60 76 0
61 76 0
62 76 0
73 76 0
74 76 0
75 76 0
87 76 0
88 76 0
89 76 0
101 76 0
103 76 0
115 76 0
116 76 0
117 76 0
128 76 0
129 76 0
130 76 0
131 76 0
143 76 0
144 76 0
145 76 0
157 76 0
158 76 0
159 76 0
170 76 0
171 76 0
172 76 0
183 76 0
1 77 0
2 77 0
47 77 0
60 77 0
61 77 0
62 77 0
86 77 0
88 77 0
101 77 0
103 77 0
115 77 0
116 77 0
128 77 0
129 77 0
130 77 0
143 77 0
144 77 0
157 77 0
158 77 0
170 77 0
171 77 0
172 77 0
182 77 0
184 77 0
1 78 0
2 78 0
47 78 0
59 78 0
61 78 0
73 78 0
74 78 0
75 78 0
85 78 0
86 78 0
88 78 0
101 78 0
102 78 0
103 78 0
115 78 0
116 78 0
128 78 0
129 78 0
130 78 0
141 78 0
143 78 0
144 78 0
145 78 0
157 78 0
158 78 0
159 78 0
170 78 0
171 78 0
172 78 0
182 78 0
184 78 0
6 79 0
9 79 0
10 79 0
11 79 0
12 79 0
45 79 0
47 79 0
73 79 0
88 79 0
103 79 0
128 79 0
129 79 0
130 79 0
142 79 0
143 79 0
144 79 0
145 79 0
157 79 0
158 79 0
170 79 0
171 79 0
172 79 0
183 79 0
184 79 0
9 80 0
11 80 0
12 80 0
22 80 0
34 80 0
60 80 0
61 80 0
86 80 0
87 80 0
88 80 0
102 80 0
114 80 0
116 80 0
128 80 0
129 80 0
130 80 0
142 80 0
143 80 0
144 80 0
156 80 0
157 80 0
158 80 0
169 80 0
170 80 0
171 80 0
172 80 0
182 80 0
184 80 0
22 81 0
47 81 0
61 81 0
72 81 0
75 81 0
88 81 0
101 81 0
102 81 0
103 81 0
116 81 0
128 81 0
130 81 0
144 81 0
156 81 0
157 81 0
158 81 0
170 81 0
171 81 0
182 81 0
183 81 0
184 81 0
61 82 0
86 82 0
87 82 0
88 82 0
100 82 0
101 82 0
102 82 0
114 82 0
116 82 0
128 82 0
129 82 0
130 82 0
144 82 0
156 82 0
157 82 0
158 82 0
170 82 0
171 82 0
182 82 0
183 82 0
184 82 0
47 83 0
61 83 0
73 83 0
74 83 0
75 83 0
86 83 0
88 83 0
102 83 0
114 83 0
116 83 0
129 83 0
130 83 0
142 83 0
144 83 0
156 83 0
157 83 0
158 83 0
170 83 0
171 83 0
182 83 0
183 83 0
21 84 0
22 84 0
23 84 0
24 84 0
58 84 0
73 84 0
74 84 0
75 84 0
88 84 0
100 84 0
102 84 0
114 84 0
115 84 0
116 84 0
128 84 0
129 84 0
130 84 0
142 84 0
143 84 0
144 84 0
156 84 0
157 84 0
158 84 0
169 84 0
170 84 0
171 84 0
182 84 0
183 84 0
12 85 0
21 85 0
22 85 0
23 85 0
59 85 0
60 85 0
74 85 0
75 85 0
100 85 0
101 85 0
102 85 0
112 85 0
113 85 0
114 85 0
115 85 0
116 85 0
126 85 0
127 85 0
128 85 0
129 85 0
130 85 0
131 85 0
143 85 0
144 85 0
156 85 0
158 85 0
169 85 0
170 85 0
171 85 0
181 85 0
182 85 0
183 85 0
11 86 0
22 86 0
59 86 0
74 86 0
86 86 0
87 86 0
88 86 0
101 86 0
102 86 0
105 86 0
107 86 0
110 86 0
111 86 0
112 86 0
113 86 0
114 86 0
115 86 0
116 86 0
128 86 0
129 86 0
130 86 0
142 86 0
143 86 0
154 86 0
155 86 0
156 86 0
157 86 0
158 86 0
163 86 0
169 86 0
170 86 0
171 86 0
182 86 0
183 86 0
22 87 0
29 87 0
30 87 0
31 87 0
32 87 0
33 87 0
34 87 0
58 87 0
72 87 0
74 87 0
87 87 0
88 87 0
100 87 0
101 87 0
104 87 0
105 87 0
114 87 0
115 87 0
116 87 0
127 87 0
128 87 0
129 87 0
130 87 0
141 87 0
142 87 0
143 87 0
156 87 0
157 87 0
158 87 0
163 87 0
165 87 0
168 87 0
169 87 0
170 87 0
180 87 0
181 87 0
182 87 0
183 87 0
12 88 0
29 88 0
33 88 0
34 88 0
41 88 0
60 88 0
61 88 0
72 88 0
86 88 0
87 88 0
88 88 0
98 88 0
99 88 0
100 88 0
101 88 0
102 88 0
103 88 0
114 88 0
115 88 0
116 88 0
127 88 0
128 88 0
129 88 0
141 88 0
142 88 0
143 88 0
155 88 0
156 88 0
157 88 0
158 88 0
165 88 0
166 88 0
168 88 0
169 88 0
170 88 0
171 88 0
175 88 0
180 88 0
181 88 0
182 88 0
183 88 0
2 89 0
23 89 0
34 89 0
42 89 0
44 89 0
45 89 0
46 89 0
47 89 0
60 89 0
61 89 0
70 89 0
71 89 0
72 89 0
73 89 0
74 89 0
75 89 0
76 89 0
79 89 0
80 89 0
85 89 0
86 89 0
87 89 0
88 89 0
96 89 0
97 89 0
98 89 0
99 89 0
100 89 0
101 89 0
102 89 0
114 89 0
115 89 0
116 89 0
126 89 0
127 89 0
128 89 0
129 89 0
141 89 0
143 89 0
155 89 0
156 89 0
157 89 0
169 89 0
170 89 0
181 89 0
182 89 0
183 89 0
2 90 0
3 90 0
33 90 0
34 90 0
43 90 0
46 90 0
47 90 0
57 90 0
58 90 0
59 90 0
60 90 0
62 90 0
64 90 0
69 90 0
70 90 0
71 90 0
73 90 0
74 90 0
75 90 0
80 90 0
84 90 0
85 90 0
86 90 0
87 90 0
88 90 0
89 90 0
97 90 0
100 90 0
101 90 0
102 90 0
114 90 0
115 90 0
116 90 0
127 90 0
128 90 0
129 90 0
141 90 0
142 90 0
143 90 0
155 90 0
156 90 0
157 90 0
168 90 0
169 90 0
170 90 0
180 90 0
181 90 0
182 90 0
2 91 0
33 91 0
45 91 0
46 91 0
47 91 0
57 91 0
58 91 0
60 91 0
61 91 0
72 91 0
73 91 0
74 91 0
86 91 0
87 91 0
88 91 0
99 91 0
100 91 0
101 91 0
114 91 0
115 91 0
116 91 0
126 91 0
127 91 0
128 91 0
129 91 0
141 91 0
142 91 0
143 91 0
155 91 0
156 91 0
157 91 0
168 91 0
169 91 0
170 91 0
182 91 0
46 92 0
59 92 0
60 92 0
72 92 0
74 92 0
85 92 0
86 92 0
87 92 0
100 92 0
101 92 0
114 92 0
115 92 0
116 92 0
126 92 0
127 92 0
128 92 0
129 92 0
140 92 0
141 92 0
142 92 0
143 92 0
155 92 0
156 92 0
157 92 0
168 92 0
169 92 0
170 92 0
180 92 0
182 92 0
33 93 0
46 93 0
58 93 0
60 93 0
73 93 0
74 93 0
85 93 0
87 93 0
100 93 0
101 93 0
113 93 0
114 93 0
115 93 0
116 93 0
127 93 0
128 93 0
129 93 0
141 93 0
142 93 0
143 93 0
155 93 0
156 93 0
157 93 0
168 93 0
169 93 0
170 93 0
180 93 0
181 93 0
182 93 0
10 94 0
23 94 0
46 94 0
60 94 0
73 94 0
85 94 0
87 94 0
101 94 0
113 94 0
114 94 0
115 94 0
127 94 0
128 94 0
141 94 0
142 94 0
154 94 0
155 94 0
156 94 0
167 94 0
168 94 0
169 94 0
180 94 0
182 94 0
2 95 0
11 95 0
12 95 0
46 95 0
60 95 0
73 95 0
84 95 0
87 95 0
99 95 0
100 95 0
101 95 0
113 95 0
115 95 0
125 95 0
127 95 0
128 95 0
129 95 0
139 95 0
140 95 0
141 95 0
142 95 0
154 95 0
155 95 0
156 95 0
167 95 0
169 95 0
180 95 0
181 95 0
182 95 0
2 96 0
10 96 0
11 96 0
12 96 0
46 96 0
60 96 0
73 96 0
74 96 0
85 96 0
87 96 0
98 96 0
99 96 0
100 96 0
101 96 0
113 96 0
114 96 0
115 96 0
126 96 0
127 96 0
128 96 0
140 96 0
141 96 0
142 96 0
154 96 0
155 96 0
156 96 0
167 96 0
168 96 0
169 96 0
180 96 0
181 96 0
182 96 0
11 97 0
22 97 0
73 97 0
87 97 0
101 97 0
113 97 0
115 97 0
126 97 0
128 97 0
129 97 0
140 97 0
141 97 0
142 97 0
154 97 0
155 97 0
156 97 0
166 97 0
167 97 0
168 97 0
169 97 0
179 97 0
180 97 0
181 97 0
21 98 0
22 98 0
23 98 0
34 98 0
46 98 0
60 98 0
74 98 0
85 98 0
87 98 0
98 98 0
99 98 0
101 98 0
113 98 0
126 98 0
127 98 0
128 98 0
140 98 0
141 98 0
142 98 0
154 98 0
155 98 0
156 98 0
167 98 0
168 98 0
169 98 0
180 98 0
181 98 0
182 98 0
22 99 0
23 99 0
60 99 0
72 99 0
87 99 0
99 99 0
101 99 0
112 99 0
113 99 0
114 99 0
115 99 0
116 99 0
117 99 0
121 99 0
124 99 0
125 99 0
126 99 0
127 99 0
128 99 0
129 99 0
130 99 0
131 99 0
139 99 0
140 99 0
141 99 0
142 99 0
154 99 0
155 99 0
156 99 0
167 99 0
169 99 0
180 99 0
181 99 0
12 100 0
46 100 0
73 100 0
74 100 0
85 100 0
86 100 0
87 100 0
99 100 0
101 100 0
112 100 0
113 100 0
114 100 0
115 100 0
116 100 0
126 100 0
127 100 0
128 100 0
139 100 0
140 100 0
141 100 0
142 100 0
152 100 0
153 100 0
154 100 0
155 100 0
156 100 0
167 100 0
168 100 0
169 100 0
179 100 0
180 100 0
181 100 0
60 101 0
73 101 0
74 101 0
85 101 0
86 101 0
87 101 0
99 101 0
100 101 0
101 101 0
107 101 0
108 101 0
109 101 0
110 101 0
112 101 0
113 101 0
114 101 0
115 101 0
126 101 0
127 101 0
128 101 0
140 101 0
141 101 0
142 101 0
153 101 0
154 101 0
155 101 0
156 101 0
157 101 0
158 101 0
166 101 0
167 101 0
177 101 0
178 101 0
179 101 0
180 101 0
181 101 0
186 101 0
3 102 0
23 102 0
32 102 0
33 102 0
34 102 0
35 102 0
60 102 0
72 102 0
73 102 0
74 102 0
86 102 0
87 102 0
90 102 0
99 102 0
100 102 0
101 102 0
105 102 0
107 102 0
108 102 0
109 102 0
112 102 0
113 102 0
114 102 0
115 102 0
125 102 0
126 102 0
127 102 0
128 102 0
139 102 0
140 102 0
141 102 0
154 102 0
155 102 0
157 102 0
158 102 0
159 102 0
160 102 0
161 102 0
165 102 0
166 102 0
167 102 0
168 102 0
169 102 0
174 102 0
180 102 0
181 102 0
2 103 0
3 103 0
12 103 0
32 103 0
33 103 0
34 103 0
40 103 0
45 103 0
46 103 0
60 103 0
71 103 0
72 103 0
73 103 0
74 103 0
85 103 0
88 103 0
89 103 0
90 103 0
91 103 0
98 103 0
99 103 0
100 103 0
101 103 0
103 103 0
105 103 0
106 103 0
112 103 0
113 103 0
114 103 0
126 103 0
127 103 0
128 103 0
139 103 0
140 103 0
141 103 0
153 103 0
154 103 0
155 103 0
167 103 0
168 103 0
169 103 0
179 103 0
180 103 0
181 103 0
2 104 0
3 104 0
4 104 0
32 104 0
33 104 0
34 104 0
42 104 0
44 104 0
45 104 0
46 104 0
70 104 0
71 104 0
72 104 0
73 104 0
74 104 0
85 104 0
88 104 0
89 104 0
99 104 0
100 104 0
101 104 0
102 104 0
112 104 0
114 104 0
126 104 0
127 104 0
139 104 0
140 104 0
141 104 0
153 104 0
154 104 0
155 104 0
166 104 0
167 104 0
168 104 0
179 104 0
180 104 0
181 104 0
3 105 0
33 105 0
34 105 0
45 105 0
46 105 0
47 105 0
57 105 0
58 105 0
59 105 0
60 105 0
61 105 0
62 105 0
71 105 0
72 105 0
73 105 0
74 105 0
83 105 0
84 105 0
85 105 0
86 105 0
87 105 0
88 105 0
99 105 0
100 105 0
101 105 0
112 105 0
114 105 0
125 105 0
127 105 0
138 105 0
139 105 0
140 105 0
141 105 0
152 105 0
153 105 0
154 105 0
155 105 0
166 105 0
167 105 0
178 105 0
180 105 0
23 106 0
45 106 0
46 106 0
57 106 0
58 106 0
59 106 0
60 106 0
61 106 0
71 106 0
73 106 0
83 106 0
84 106 0
85 106 0
86 106 0
87 106 0
99 106 0
100 106 0
101 106 0
112 106 0
113 106 0
114 106 0
125 106 0
127 106 0
139 106 0
140 106 0
141 106 0
153 106 0
154 106 0
165 106 0
166 106 0
167 106 0
178 106 0
179 106 0
180 106 0
3 107 0
6 107 0
11 107 0
12 107 0
13 107 0
46 107 0
47 107 0
60 107 0
61 107 0
73 107 0
85 107 0
86 107 0
87 107 0
98 107 0
99 107 0
100 107 0
114 107 0
126 107 0
127 107 0
139 107 0
140 107 0
141 107 0
152 107 0
154 107 0
165 107 0
166 107 0
167 107 0
178 107 0
179 107 0
180 107 0
10 108 0
12 108 0
13 108 0
46 108 0
60 108 0
73 108 0
87 108 0
98 108 0
99 108 0
100 108 0
112 108 0
113 108 0
114 108 0
125 108 0
126 108 0
127 108 0
138 108 0
139 108 0
140 108 0
141 108 0
152 108 0
153 108 0
154 108 0
167 108 0
178 108 0
179 108 0
180 108 0
11 109 0
12 109 0
13 109 0
46 109 0
60 109 0
73 109 0
85 109 0
86 109 0
87 109 0
100 109 0
114 109 0
124 109 0
125 109 0
127 109 0
139 109 0
140 109 0
152 109 0
153 109 0
154 109 0
165 109 0
166 109 0
167 109 0
178 109 0
179 109 0
180 109 0
13 110 0
46 110 0
85 110 0
86 110 0
87 110 0
98 110 0
100 110 0
112 110 0
113 110 0
114 110 0
125 110 0
126 110 0
127 110 0
139 110 0
140 110 0
152 110 0
153 110 0
154 110 0
165 110 0
166 110 0
167 110 0
177 110 0
178 110 0
179 110 0
180 110 0
21 111 0
24 111 0
73 111 0
87 111 0
98 111 0
100 111 0
111 111 0
112 111 0
113 111 0
114 111 0
125 111 0
127 111 0
139 111 0
140 111 0
152 111 0
153 111 0
154 111 0
164 111 0
165 111 0
166 111 0
167 111 0
177 111 0
178 111 0
179 111 0
21 112 0
22 112 0
23 112 0
24 112 0
25 112 0
73 112 0
86 112 0
87 112 0
100 112 0
112 112 0
113 112 0
114 112 0
125 112 0
126 112 0
127 112 0
138 112 0
139 112 0
140 112 0
152 112 0
153 112 0
165 112 0
166 112 0
167 112 0
178 112 0
179 112 0
22 113 0
23 113 0
24 113 0
60 113 0
73 113 0
85 113 0
86 113 0
87 113 0
98 113 0
99 113 0
100 113 0
112 113 0
113 113 0
123 113 0
124 113 0
125 113 0
126 113 0
127 113 0
137 113 0
138 113 0
139 113 0
140 113 0
151 113 0
152 113 0
153 113 0
164 113 0
165 113 0
166 113 0
178 113 0
179 113 0
34 114 0
60 114 0
73 114 0
84 114 0
85 114 0
86 114 0
87 114 0
98 114 0
100 114 0
111 114 0
112 114 0
113 114 0
114 114 0
116 114 0
123 114 0
124 114 0
125 114 0
126 114 0
127 114 0
138 114 0
139 114 0
140 114 0
151 114 0
152 114 0
155 114 0
156 114 0
164 114 0
166 114 0
177 114 0
178 114 0
182 114 0
34 115 0
73 115 0
84 115 0
86 115 0
87 115 0
98 115 0
99 115 0
100 115 0
103 115 0
104 115 0
105 115 0
106 115 0
107 115 0
111 115 0
112 115 0
113 115 0
114 115 0
115 115 0
116 115 0
125 115 0
126 115 0
127 115 0
138 115 0
139 115 0
140 115 0
145 115 0
150 115 0
151 115 0
152 115 0
153 115 0
154 115 0
155 115 0
157 115 0
158 115 0
163 115 0
164 115 0
165 115 0
166 115 0
167 115 0
168 115 0
175 115 0
176 115 0
178 115 0
179 115 0
3 116 0
4 116 0
32 116 0
33 116 0
34 116 0
58 116 0
60 116 0
70 116 0
73 116 0
85 116 0
86 116 0
87 116 0
98 116 0
99 116 0
100 116 0
102 116 0
103 116 0
104 116 0
111 116 0
112 116 0
113 116 0
114 116 0
125 116 0
126 116 0
137 116 0
138 116 0
139 116 0
152 116 0
153 116 0
154 116 0
163 116 0
164 116 0
165 116 0
166 116 0
167 116 0
177 116 0
178 116 0
179 116 0
2 117 0
4 117 0
5 117 0
33 117 0
34 117 0
35 117 0
73 117 0
87 117 0
98 117 0
99 117 0
102 117 0
103 117 0
111 117 0
112 117 0
113 117 0
124 117 0
125 117 0
126 117 0
137 117 0
138 117 0
139 117 0
151 117 0
152 117 0
153 117 0
164 117 0
165 117 0
166 117 0
176 117 0
177 117 0
178 117 0
3 118 0
4 118 0
34 118 0
45 118 0
46 118 0
47 118 0
60 118 0
69 118 0
70 118 0
71 118 0
72 118 0
84 118 0
85 118 0
86 118 0
87 118 0
97 118 0
98 118 0
99 118 0
100 118 0
101 118 0
111 118 0
112 118 0
113 118 0
124 118 0
125 118 0
126 118 0
137 118 0
138 118 0
139 118 0
151 118 0
152 118 0
153 118 0
164 118 0
165 118 0
166 118 0
178 118 0
14 119 0
34 119 0
45 119 0
46 119 0
47 119 0
58 119 0
60 119 0
61 119 0
62 119 0
63 119 0
64 119 0
65 119 0
67 119 0
71 119 0
72 119 0
73 119 0
74 119 0
82 119 0
83 119 0
84 119 0
85 119 0
86 119 0
87 119 0
92 119 0
96 119 0
97 119 0
98 119 0
99 119 0
100 119 0
101 119 0
110 119 0
111 119 0
112 119 0
113 119 0
124 119 0
125 119 0
126 119 0
137 119 0
138 119 0
139 119 0
151 119 0
152 119 0
163 119 0
165 119 0
166 119 0
178 119 0
13 120 0
34 120 0
45 120 0
46 120 0
47 120 0
57 120 0
58 120 0
59 120 0
60 120 0
61 120 0
62 120 0
71 120 0
72 120 0
73 120 0
83 120 0
85 120 0
86 120 0
87 120 0
98 120 0
99 120 0
100 120 0
111 120 0
113 120 0
124 120 0
125 120 0
126 120 0
137 120 0
138 120 0
139 120 0
151 120 0
152 120 0
163 120 0
164 120 0
165 120 0
166 120 0
176 120 0
177 120 0
11 121 0
12 121 0
14 121 0
15 121 0
47 121 0
59 121 0
60 121 0
85 121 0
86 121 0
98 121 0
99 121 0
100 121 0
111 121 0
112 121 0
113 121 0
124 121 0
125 121 0
126 121 0
137 121 0
138 121 0
139 121 0
151 121 0
152 121 0
163 121 0
165 121 0
177 121 0
13 122 0
14 122 0
47 122 0
58 122 0
59 122 0
60 122 0
84 122 0
85 122 0
86 122 0
98 122 0
99 122 0
100 122 0
111 122 0
113 122 0
124 122 0
125 122 0
126 122 0
136 122 0
137 122 0
138 122 0
139 122 0
151 122 0
152 122 0
163 122 0
164 122 0
165 122 0
175 122 0
176 122 0
177 122 0
14 123 0
47 123 0
86 123 0
99 123 0
100 123 0
113 123 0
124 123 0
125 123 0
126 123 0
136 123 0
138 123 0
151 123 0
152 123 0
162 123 0
165 123 0
177 123 0
34 124 0
84 124 0
85 124 0
86 124 0
98 124 0
99 124 0
100 124 0
112 124 0
113 124 0
123 124 0
124 124 0
125 124 0
136 124 0
138 124 0
150 124 0
151 124 0
152 124 0
163 124 0
164 124 0
165 124 0
177 124 0
22 125 0
23 125 0
24 125 0
25 125 0
60 125 0
84 125 0
86 125 0
97 125 0
98 125 0
99 125 0
100 125 0
111 125 0
112 125 0
113 125 0
123 125 0
124 125 0
125 125 0
136 125 0
137 125 0
138 125 0
150 125 0
151 125 0
152 125 0
163 125 0
164 125 0
165 125 0
174 125 0
177 125 0
24 126 0
25 126 0
86 126 0
98 126 0
99 126 0
100 126 0
111 126 0
112 126 0
113 126 0
117 126 0
118 126 0
122 126 0
123 126 0
124 126 0
125 126 0
127 126 0
136 126 0
137 126 0
138 126 0
150 126 0
151 126 0
152 126 0
163 126 0
164 126 0
165 126 0
175 126 0
176 126 0
177 126 0
186 126 0
24 127 0
47 127 0
86 127 0
98 127 0
100 127 0
110 127 0
111 127 0
112 127 0
113 127 0
115 127 0
116 127 0
117 127 0
123 127 0
124 127 0
125 127 0
126 127 0
134 127 0
136 127 0
137 127 0
138 127 0
139 127 0
149 127 0
150 127 0
151 127 0
152 127 0
164 127 0
174 127 0
175 127 0
176 127 0
186 127 0
187 127 0
67 128 0
84 128 0
85 128 0
86 128 0
98 128 0
100 128 0
109 128 0
110 128 0
111 128 0
112 128 0
113 128 0
114 128 0
123 128 0
124 128 0
125 128 0
135 128 0
136 128 0
137 128 0
138 128 0
150 128 0
151 128 0
152 128 0
153 128 0
154 128 0
163 128 0
164 128 0
173 128 0
174 128 0
175 128 0
176 128 0
177 128 0
188 128 0
4 129 0
29 129 0
34 129 0
47 129 0
73 129 0
86 129 0
98 129 0
100 129 0
107 129 0
108 129 0
109 129 0
110 129 0
111 129 0
112 129 0
113 129 0
124 129 0
136 129 0
137 129 0
138 129 0
150 129 0
151 129 0
152 129 0
154 129 0
161 129 0
162 129 0
163 129 0
164 129 0
165 129 0
171 129 0
175 129 0
176 129 0
177 129 0
3 130 0
6 130 0
33 130 0
35 130 0
36 130 0
47 130 0
71 130 0
86 130 0
98 130 0
99 130 0
100 130 0
102 130 0
109 130 0
111 130 0
112 130 0
113 130 0
122 130 0
123 130 0
124 130 0
135 130 0
136 130 0
137 130 0
150 130 0
151 130 0
163 130 0
164 130 0
165 130 0
175 130 0
176 130 0
5 131 0
6 131 0
33 131 0
34 131 0
35 131 0
47 131 0
60 131 0
70 131 0
71 131 0
72 131 0
73 131 0
84 131 0
86 131 0
97 131 0
98 131 0
99 131 0
100 131 0
102 131 0
104 131 0
122 131 0
123 131 0
124 131 0
134 131 0
135 131 0
137 131 0
149 131 0
150 131 0
151 131 0
162 131 0
163 131 0
164 131 0
176 131 0
5 132 0
15 132 0
16 132 0
25 132 0
33 132 0
35 132 0
45 132 0
46 132 0
47 132 0
48 132 0
59 132 0
61 132 0
69 132 0
70 132 0
71 132 0
72 132 0
73 132 0
84 132 0
85 132 0
86 132 0
96 132 0
97 132 0
98 132 0
99 132 0
100 132 0
110 132 0
111 132 0
112 132 0
122 132 0
123 132 0
124 132 0
135 132 0
136 132 0
137 132 0
149 132 0
150 132 0
151 132 0
163 132 0
164 132 0
174 132 0
175 132 0
14 133 0
16 133 0
35 133 0
47 133 0
48 133 0
58 133 0
59 133 0
61 133 0
62 133 0
63 133 0
71 133 0
72 133 0
73 133 0
82 133 0
83 133 0
84 133 0
85 133 0
86 133 0
87 133 0
96 133 0
98 133 0
99 133 0
100 133 0
112 133 0
124 133 0
135 133 0
136 133 0
137 133 0
150 133 0
151 133 0
162 133 0
163 133 0
164 133 0
174 133 0
175 133 0
176 133 0
14 134 0
15 134 0
16 134 0
47 134 0
48 134 0
58 134 0
59 134 0
60 134 0
61 134 0
62 134 0
70 134 0
72 134 0
73 134 0
84 134 0
85 134 0
86 134 0
98 134 0
99 134 0
100 134 0
111 134 0
112 134 0
122 134 0
123 134 0
124 134 0
135 134 0
136 134 0
137 134 0
149 134 0
150 134 0
151 134 0
161 134 0
162 134 0
163 134 0
173 134 0
175 134 0
59 135 0
60 135 0
61 135 0
72 135 0
84 135 0
85 135 0
86 135 0
99 135 0
110 135 0
112 135 0
122 135 0
123 135 0
124 135 0
135 135 0
137 135 0
149 135 0
150 135 0
151 135 0
161 135 0
162 135 0
163 135 0
174 135 0
175 135 0
72 136 0
99 136 0
100 136 0
112 136 0
121 136 0
122 136 0
123 136 0
124 136 0
137 136 0
150 136 0
163 136 0
175 136 0
83 137 0
85 137 0
99 137 0
110 137 0
112 137 0
122 137 0
123 137 0
124 137 0
135 137 0
136 137 0
137 137 0
148 137 0
150 137 0
162 137 0
163 137 0
173 137 0
174 137 0
175 137 0
185 137 0
186 137 0
24 138 0
25 138 0
26 138 0
27 138 0
98 138 0
99 138 0
100 138 0
110 138 0
112 138 0
122 138 0
123 138 0
135 138 0
136 138 0
137 138 0
148 138 0
150 138 0
161 138 0
162 138 0
163 138 0
186 138 0
24 139 0
25 139 0
26 139 0
27 139 0
61 139 0
98 139 0
99 139 0
100 139 0
112 139 0
120 139 0
121 139 0
122 139 0
123 139 0
124 139 0
134 139 0
136 139 0
137 139 0
148 139 0
149 139 0
150 139 0
161 139 0
162 139 0
173 139 0
177 139 0
179 139 0
183 139 0
186 139 0
27 140 0
84 140 0
85 140 0
86 140 0
97 140 0
98 140 0
99 140 0
100 140 0
110 140 0
111 140 0
112 140 0
116 140 0
122 140 0
123 140 0
124 140 0
134 140 0
135 140 0
136 140 0
137 140 0
147 140 0
148 140 0
149 140 0
150 140 0
157 140 0
160 140 0
161 140 0
162 140 0
172 140 0
173 140 0
174 140 0
175 140 0
184 140 0
185 140 0
186 140 0
48 141 0
73 141 0
84 141 0
85 141 0
86 141 0
98 141 0
99 141 0
100 141 0
108 141 0
109 141 0
110 141 0
111 141 0
112 141 0
113 141 0
122 141 0
123 141 0
135 141 0
136 141 0
147 141 0
148 141 0
149 141 0
150 141 0
158 141 0
159 141 0
160 141 0
161 141 0
162 141 0
173 141 0
174 141 0
175 141 0
184 141 0
185 141 0
70 142 0
73 142 0
86 142 0
98 142 0
99 142 0
107 142 0
108 142 0
109 142 0
110 142 0
111 142 0
112 142 0
121 142 0
122 142 0
123 142 0
134 142 0
135 142 0
136 142 0
147 142 0
148 142 0
149 142 0
150 142 0
160 142 0
161 142 0
162 142 0
172 142 0
173 142 0
174 142 0
182 142 0
184 142 0
72 143 0
73 143 0
84 143 0
86 143 0
98 143 0
99 143 0
106 143 0
107 143 0
110 143 0
111 143 0
121 143 0
122 143 0
123 143 0
134 143 0
135 143 0
136 143 0
149 143 0
160 143 0
161 143 0
162 143 0
167 143 0
170 143 0
171 143 0
172 143 0
173 143 0
175 143 0
72 144 0
85 144 0
86 144 0
97 144 0
98 144 0
102 144 0
109 144 0
110 144 0
111 144 0
121 144 0
122 144 0
123 144 0
134 144 0
135 144 0
147 144 0
151 144 0
153 144 0
155 144 0
158 144 0
159 144 0
160 144 0
163 144 0
91 145 0
95 145 0
96 145 0
97 145 0
98 145 0
99 145 0
100 145 0
101 145 0
104 145 0
109 145 0
110 145 0
114 145 0
116 145 0
119 145 0
120 145 0
121 145 0
125 145 0
126 145 0
127 145 0
129 145 0
132 145 0
133 145 0
134 145 0
139 145 0
143 145 0
184 148 0
27 149 0
28 149 0
36 149 0
173 149 0
176 149 0
178 149 0
26 150 0
27 150 0
28 150 0
36 150 0
37 150 0
164 150 0
165 150 0
166 150 0
168 150 0
171 150 0
172 150 0
173 150 0
182 150 0
183 150 0
19 151 0
26 151 0
27 151 0
28 151 0
37 151 0
148 151 0
151 151 0
160 151 0
170 151 0
172 151 0
182 151 0
183 151 0
184 151 0
22 152 0
62 152 0
135 152 0
156 152 0
157 152 0
160 152 0
161 152 0
162 152 0
171 152 0
172 152 0
173 152 0
182 152 0
183 152 0
8 153 0
73 153 0
74 153 0
86 153 0
99 153 0
102 153 0
108 153 0
110 153 0
111 153 0
122 153 0
134 153 0
135 153 0
136 153 0
147 153 0
148 153 0
160 153 0
161 153 0
172 153 0
183 153 0
9 154 0
10 154 0
62 154 0
86 154 0
99 154 0
107 154 0
108 154 0
110 154 0
111 154 0
122 154 0
134 154 0
146 154 0
147 154 0
148 154 0
158 154 0
159 154 0
160 154 0
172 154 0
183 154 0
9 155 0
18 155 0
34 155 0
38 155 0
72 155 0
73 155 0
74 155 0
86 155 0
110 155 0
111 155 0
122 155 0
134 155 0
146 155 0
147 155 0
159 155 0
172 155 0
183 155 0
16 156 0
18 156 0
19 156 0
36 156 0
37 156 0
38 156 0
49 156 0
71 156 0
72 156 0
73 156 0
74 156 0
86 156 0
96 156 0
97 156 0
98 156 0
99 156 0
101 156 0
105 156 0
110 156 0
120 156 0
122 156 0
134 156 0
147 156 0
159 156 0
170 156 0
171 156 0
19 157 0
49 157 0
50 157 0
59 157 0
66 157 0
73 157 0
74 157 0
83 157 0
85 157 0
86 157 0
95 157 0
96 157 0
98 157 0
99 157 0
100 157 0
108 157 0
109 157 0
110 157 0
122 157 0
134 157 0
145 157 0
146 157 0
147 157 0
159 157 0
169 157 0
171 157 0
60 158 0
61 158 0
62 158 0
73 158 0
83 158 0
84 158 0
86 158 0
92 158 0
97 158 0
98 158 0
99 158 0
110 158 0
119 158 0
121 158 0
122 158 0
133 158 0
134 158 0
147 158 0
157 158 0
159 158 0
171 158 0
182 158 0
50 159 0
62 159 0
63 159 0
84 159 0
85 159 0
86 159 0
97 159 0
98 159 0
99 159 0
134 159 0
145 159 0
159 159 0
171 159 0
182 159 0
1 160 0
2 160 0
3 160 0
62 160 0
86 160 0
98 160 0
120 160 0
121 160 0
122 160 0
157 160 0
158 160 0
159 160 0
169 160 0
171 160 0
178 160 0
184 160 0
2 161 0
27 161 0
28 161 0
29 161 0
85 161 0
86 161 0
98 161 0
110 161 0
120 161 0
131 161 0
133 161 0
134 161 0
145 161 0
146 161 0
169 161 0
179 161 0
180 161 0
181 161 0
182 161 0
28 162 0
29 162 0
86 162 0
93 162 0
98 162 0
99 162 0
108 162 0
110 162 0
119 162 0
120 162 0
121 162 0
122 162 0
126 162 0
133 162 0
144 162 0
146 162 0
156 162 0
157 162 0
161 162 0
167 162 0
168 162 0
169 162 0
170 162 0
180 162 0
181 162 0
182 162 0
10 163 0
29 163 0
86 163 0
117 163 0
118 163 0
119 163 0
120 163 0
121 163 0
122 163 0
131 163 0
132 163 0
133 163 0
142 163 0
143 163 0
144 163 0
145 163 0
146 163 0
147 163 0
155 163 0
156 163 0
158 163 0
159 163 0
168 163 0
169 163 0
170 163 0
8 164 0
86 164 0
97 164 0
98 164 0
99 164 0
108 164 0
110 164 0
112 164 0
116 164 0
121 164 0
131 164 0
132 164 0
133 164 0
144 164 0
145 164 0
146 164 0
157 164 0
158 164 0
169 164 0
11 165 0
74 165 0
86 165 0
104 165 0
105 165 0
109 165 0
110 165 0
111 165 0
119 165 0
121 165 0
133 165 0
144 165 0
145 165 0
166 165 0
169 165 0
37 166 0
38 166 0
39 166 0
40 166 0
74 166 0
86 166 0
103 166 0
109 166 0
110 166 0
120 166 0
121 166 0
133 166 0
144 166 0
145 166 0
156 166 0
157 166 0
158 166 0
168 166 0
169 166 0
19 167 0
20 167 0
21 167 0
22 167 0
39 167 0
40 167 0
71 167 0
73 167 0
86 167 0
101 167 0
110 167 0
121 167 0
145 167 0
156 167 0
157 167 0
169 167 0
22 168 0
48 168 0
49 168 0
61 168 0
72 168 0
74 168 0
75 168 0
86 168 0
96 168 0
97 168 0
98 168 0
99 168 0
120 168 0
121 168 0
131 168 0
143 168 0
145 168 0
157 168 0
5 169 0
6 169 0
51 169 0
61 169 0
63 169 0
64 169 0
73 169 0
74 169 0
75 169 0
85 169 0
86 169 0
87 169 0
95 169 0
96 169 0
99 169 0
110 169 0
145 169 0
156 169 0
157 169 0
5 170 0
6 170 0
51 170 0
63 170 0
86 170 0
97 170 0
98 170 0
99 170 0
110 170 0
119 170 0
121 170 0
132 170 0
143 170 0
144 170 0
145 170 0
157 170 0
30 171 0
31 171 0
99 171 0
119 171 0
120 171 0
121 171 0
134 171 0
135 171 0
145 171 0
151 171 0
157 171 0
166 171 0
167 171 0
168 171 0
178 171 0
179 171 0
180 171 0
1 172 0
2 172 0
29 172 0
30 172 0
31 172 0
32 172 0
99 172 0
110 172 0
117 172 0
118 172 0
119 172 0
120 172 0
121 172 0
129 172 0
130 172 0
131 172 0
132 172 0
136 172 0
137 172 0
143 172 0
148 172 0
168 172 0
169 172 0
174 172 0
175 172 0
177 172 0
179 172 0
2 173 0
31 173 0
86 173 0
99 173 0
108 173 0
110 173 0
115 173 0
119 173 0
120 173 0
121 173 0
128 173 0
129 173 0
132 173 0
134 173 0
142 173 0
143 173 0
144 173 0
145 173 0
152 173 0
153 173 0
154 173 0
155 173 0
156 173 0
157 173 0
158 173 0
159 173 0
168 173 0
178 173 0
12 174 0
99 174 0
109 174 0
112 174 0
114 174 0
119 174 0
120 174 0
121 174 0
125 174 0
127 174 0
131 174 0
132 174 0
133 174 0
143 174 0
144 174 0
145 174 0
155 174 0
156 174 0
157 174 0
158 174 0
159 174 0
160 174 0
13 175 0
14 175 0
32 175 0
33 175 0
86 175 0
107 175 0
108 175 0
109 175 0
110 175 0
111 175 0
119 175 0
124 175 0
125 175 0
126 175 0
130 175 0
131 175 0
132 175 0
142 175 0
144 175 0
155 175 0
156 175 0
159 175 0
161 175 0
162 175 0
167 175 0
178 175 0
86 176 0
99 176 0
106 176 0
108 176 0
110 176 0
120 176 0
123 176 0
124 176 0
130 176 0
131 176 0
132 176 0
144 176 0
159 176 0
160 176 0
164 176 0
165 176 0
172 176 0
174 176 0
175 176 0
24 177 0
39 177 0
41 177 0
42 177 0
73 177 0
74 177 0
75 177 0
76 177 0
83 177 0
87 177 0
97 177 0
119 177 0
123 177 0
130 177 0
131 177 0
132 177 0
142 177 0
143 177 0
144 177 0
160 177 0
161 177 0
165 177 0
166 177 0
167 177 0
178 177 0
110 41 1
106 42 1
109 42 1
122 42 1
99 43 1
105 43 1
109 43 1
110 43 1
111 43 1
114 43 1
119 43 1
108 44 1
109 44 1
111 44 1
122 44 1
106 45 1
107 45 1
108 45 1
109 45 1
110 45 1
114 45 1
117 45 1
118 45 1
122 45 1
105 46 1
106 46 1
107 46 1
108 46 1
110 46 1
114 46 1
115 46 1
118 46 1
124 46 1
105 47 1
106 47 1
107 47 1
114 47 1
115 47 1
116 47 1
117 47 1
104 48 1
105 48 1
106 48 1
115 48 1
116 48 1
127 48 1
103 49 1
104 49 1
105 49 1
106 49 1
114 49 1
115 49 1
116 49 1
117 49 1
102 50 1
103 50 1
104 50 1
105 50 1
106 50 1
108 50 1
114 50 1
115 50 1
116 50 1
125 50 1
126 50 1
132 50 1
102 51 1
103 51 1
104 51 1
105 51 1
115 51 1
116 51 1
117 51 1
125 51 1
126 51 1
127 51 1
129 51 1
102 52 1
103 52 1
104 52 1
105 52 1
106 52 1
115 52 1
116 52 1
117 52 1
118 52 1
119 52 1
120 52 1
125 52 1
126 52 1
127 52 1
128 52 1
129 52 1
101 53 1
102 53 1
103 53 1
104 53 1
105 53 1
117 53 1
118 53 1
119 53 1
125 53 1
126 53 1
127 53 1
128 53 1
129 53 1
103 54 1
104 54 1
105 54 1
110 54 1
111 54 1
115 54 1
126 54 1
127 54 1
128 54 1
130 54 1
102 55 1
103 55 1
104 55 1
105 55 1
106 55 1
113 55 1
115 55 1
116 55 1
117 55 1
118 55 1
121 55 1
123 55 1
127 55 1
134 55 1
102 56 1
103 56 1
104 56 1
105 56 1
113 56 1
119 56 1
123 56 1
126 56 1
101 57 1
102 57 1
103 57 1
104 57 1
105 57 1
106 57 1
112 57 1
113 57 1
126 57 1
127 57 1
132 57 1
102 58 1
103 58 1
104 58 1
105 58 1
107 58 1
108 58 1
112 58 1
114 58 1
126 58 1
127 58 1
128 58 1
129 58 1
130 58 1
93 59 1
96 59 1
102 59 1
103 59 1
104 59 1
105 59 1
106 59 1
108 59 1
112 59 1
125 59 1
126 59 1
127 59 1
129 59 1
91 60 1
93 60 1
96 60 1
99 60 1
100 60 1
103 60 1
104 60 1
105 60 1
106 60 1
107 60 1
124 60 1
125 60 1
126 60 1
127 60 1
128 60 1
129 60 1
130 60 1
104 61 1
105 61 1
106 61 1
107 61 1
123 61 1
124 61 1
125 61 1
126 61 1
127 61 1
128 61 1
129 61 1
134 61 1
104 62 1
105 62 1
106 62 1
107 62 1
123 62 1
124 62 1
125 62 1
126 62 1
127 62 1
128 62 1
105 63 1
106 63 1
107 63 1
108 63 1
109 63 1
111 63 1
122 63 1
123 63 1
124 63 1
125 63 1
126 63 1
127 63 1
128 63 1
105 64 1
106 64 1
107 64 1
108 64 1
109 64 1
110 64 1
121 64 1
122 64 1
123 64 1
124 64 1
125 64 1
106 65 1
107 65 1
108 65 1
109 65 1
110 65 1
111 65 1
112 65 1
120 65 1
121 65 1
122 65 1
123 65 1
124 65 1
108 66 1
109 66 1
110 66 1
111 66 1
112 66 1
113 66 1
114 66 1
117 66 1
118 66 1
119 66 1
120 66 1
121 66 1
122 66 1
124 66 1
105 67 1
110 67 1
111 67 1
112 67 1
113 67 1
114 67 1
115 67 1
119 67 1
120 67 1
124 67 1
117 68 1
118 68 1
