20 1 0
33 1 0
34 1 0
59 1 0
71 1 0
72 1 0
73 1 0
85 1 0
86 1 0
87 1 0
101 1 0
114 1 0
115 1 0
116 1 0
128 1 0
129 1 0
130 1 0
142 1 0
143 1 0
144 1 0
156 1 0
157 1 0
158 1 0
169 1 0
170 1 0
171 1 0
172 1 0
175 1 0
176 1 0
177 1 0
182 1 0
183 1 0
184 1 0
23 2 0
44 2 0
72 2 0
73 2 0
85 2 0
86 2 0
87 2 0
101 2 0
114 2 0
115 2 0
128 2 0
129 2 0
130 2 0
142 2 0
143 2 0
144 2 0
156 2 0
157 2 0
169 2 0
170 2 0
171 2 0
176 2 0
177 2 0
178 2 0
181 2 0
182 2 0
183 2 0
184 2 0
2 3 0
58 3 0
59 3 0
71 3 0
72 3 0
73 3 0
85 3 0
86 3 0
87 3 0
101 3 0
114 3 0
115 3 0
128 3 0
129 3 0
130 3 0
142 3 0
143 3 0
144 3 0
155 3 0
156 3 0
157 3 0
169 3 0
170 3 0
171 3 0
182 3 0
183 3 0
184 3 0
3 4 0
22 4 0
23 4 0
58 4 0
59 4 0
72 4 0
85 4 0
86 4 0
99 4 0
100 4 0
101 4 0
114 4 0
115 4 0
128 4 0
129 4 0
130 4 0
143 4 0
155 4 0
156 4 0
157 4 0
169 4 0
170 4 0
171 4 0
1 5 0
2 5 0
11 5 0
12 5 0
13 5 0
59 5 0
72 5 0
99 5 0
100 5 0
101 5 0
114 5 0
115 5 0
128 5 0
129 5 0
142 5 0
143 5 0
144 5 0
155 5 0
156 5 0
157 5 0
169 5 0
170 5 0
171 5 0
181 5 0
182 5 0
183 5 0
2 6 0
11 6 0
12 6 0
21 6 0
22 6 0
33 6 0
71 6 0
72 6 0
84 6 0
85 6 0
86 6 0
99 6 0
100 6 0
101 6 0
114 6 0
115 6 0
129 6 0
142 6 0
143 6 0
144 6 0
155 6 0
156 6 0
157 6 0
169 6 0
170 6 0
171 6 0
181 6 0
182 6 0
183 6 0
11 7 0
22 7 0
23 7 0
33 7 0
85 7 0
86 7 0
99 7 0
100 7 0
113 7 0
114 7 0
115 7 0
129 7 0
142 7 0
143 7 0
155 7 0
156 7 0
157 7 0
169 7 0
170 7 0
171 7 0
181 7 0
182 7 0
183 7 0
21 8 0
22 8 0
27 8 0
70 8 0
71 8 0
72 8 0
85 8 0
86 8 0
99 8 0
100 8 0
113 8 0
114 8 0
115 8 0
127 8 0
128 8 0
129 8 0
142 8 0
143 8 0
155 8 0
156 8 0
157 8 0
169 8 0
170 8 0
171 8 0
181 8 0
182 8 0
183 8 0
27 9 0
32 9 0
56 9 0
58 9 0
70 9 0
71 9 0
72 9 0
84 9 0
85 9 0
86 9 0
99 9 0
100 9 0
113 9 0
114 9 0
115 9 0
117 9 0
124 9 0
125 9 0
126 9 0
127 9 0
129 9 0
130 9 0
134 9 0
141 9 0
142 9 0
143 9 0
155 9 0
156 9 0
157 9 0
169 9 0
170 9 0
171 9 0
181 9 0
182 9 0
183 9 0
31 10 0
32 10 0
33 10 0
38 10 0
71 10 0
72 10 0
84 10 0
85 10 0
86 10 0
99 10 0
100 10 0
111 10 0
112 10 0
113 10 0
114 10 0
115 10 0
116 10 0
117 10 0
123 10 0
124 10 0
125 10 0
127 10 0
128 10 0
129 10 0
135 10 0
139 10 0
140 10 0
141 10 0
142 10 0
143 10 0
155 10 0
156 10 0
157 10 0
169 10 0
170 10 0
171 10 0
182 10 0
183 10 0
10 11 0
11 11 0
32 11 0
43 11 0
45 11 0
84 11 0
85 11 0
86 11 0
98 11 0
100 11 0
102 11 0
103 11 0
108 11 0
109 11 0
110 11 0
114 11 0
115 11 0
127 11 0
128 11 0
129 11 0
141 11 0
142 11 0
143 11 0
154 11 0
155 11 0
156 11 0
159 11 0
169 11 0
170 11 0
171 11 0
181 11 0
182 11 0
183 11 0
11 12 0
30 12 0
31 12 0
32 12 0
43 12 0
44 12 0
45 12 0
55 12 0
56 12 0
57 12 0
80 12 0
82 12 0
83 12 0
84 12 0
85 12 0
86 12 0
87 12 0
88 12 0
96 12 0
97 12 0
98 12 0
99 12 0
100 12 0
101 12 0
102 12 0
103 12 0
105 12 0
107 12 0
108 12 0
113 12 0
114 12 0
115 12 0
126 12 0
127 12 0
128 12 0
141 12 0
142 12 0
143 12 0
149 12 0
153 12 0
154 12 0
156 12 0
157 12 0
160 12 0
163 12 0
169 12 0
170 12 0
171 12 0
181 12 0
182 12 0
183 12 0
42 13 0
44 13 0
45 13 0
54 13 0
57 13 0
58 13 0
69 13 0
70 13 0
74 13 0
75 13 0
76 13 0
79 13 0
80 13 0
81 13 0
85 13 0
86 13 0
99 13 0
100 13 0
101 13 0
112 13 0
113 13 0
114 13 0
127 13 0
128 13 0
141 13 0
142 13 0
143 13 0
155 13 0
156 13 0
157 13 0
163 13 0
164 13 0
167 13 0
168 13 0
169 13 0
170 13 0
174 13 0
181 13 0
182 13 0
183 13 0
21 14 0
43 14 0
44 14 0
57 14 0
63 14 0
68 14 0
69 14 0
70 14 0
71 14 0
72 14 0
73 14 0
84 14 0
85 14 0
86 14 0
98 14 0
99 14 0
100 14 0
112 14 0
113 14 0
114 14 0
126 14 0
127 14 0
128 14 0
140 14 0
141 14 0
142 14 0
143 14 0
154 14 0
155 14 0
156 14 0
169 14 0
170 14 0
171 14 0
175 14 0
176 14 0
177 14 0
178 14 0
181 14 0
182 14 0
18 15 0
30 15 0
32 15 0
55 15 0
57 15 0
70 15 0
71 15 0
72 15 0
85 15 0
98 15 0
99 15 0
112 15 0
113 15 0
114 15 0
140 15 0
141 15 0
142 15 0
143 15 0
154 15 0
155 15 0
156 15 0
169 15 0
170 15 0
178 15 0
179 15 0
180 15 0
181 15 0
182 15 0
183 15 0
31 16 0
32 16 0
44 16 0
55 16 0
57 16 0
69 16 0
70 16 0
71 16 0
83 16 0
84 16 0
85 16 0
98 16 0
99 16 0
112 16 0
113 16 0
114 16 0
126 16 0
127 16 0
128 16 0
141 16 0
142 16 0
143 16 0
154 16 0
155 16 0
156 16 0
168 16 0
169 16 0
170 16 0
179 16 0
180 16 0
181 16 0
183 16 0
184 16 0
185 16 0
2 17 0
10 17 0
56 17 0
57 17 0
68 17 0
70 17 0
84 17 0
85 17 0
98 17 0
99 17 0
112 17 0
113 17 0
114 17 0
126 17 0
127 17 0
128 17 0
140 17 0
141 17 0
142 17 0
154 17 0
155 17 0
156 17 0
168 17 0
169 17 0
170 17 0
181 17 0
182 17 0
183 17 0
8 18 0
9 18 0
10 18 0
20 18 0
31 18 0
43 18 0
56 18 0
57 18 0
70 18 0
83 18 0
84 18 0
85 18 0
97 18 0
98 18 0
99 18 0
112 18 0
113 18 0
114 18 0
126 18 0
127 18 0
128 18 0
141 18 0
142 18 0
154 18 0
155 18 0
156 18 0
168 18 0
169 18 0
170 18 0
181 18 0
182 18 0
183 18 0
3 19 0
8 19 0
9 19 0
11 19 0
29 19 0
31 19 0
56 19 0
70 19 0
83 19 0
84 19 0
85 19 0
97 19 0
99 19 0
111 19 0
112 19 0
113 19 0
114 19 0
126 19 0
127 19 0
128 19 0
140 19 0
141 19 0
142 19 0
154 19 0
155 19 0
156 19 0
168 19 0
169 19 0
170 19 0
181 19 0
182 19 0
7 20 0
9 20 0
10 20 0
11 20 0
20 20 0
31 20 0
56 20 0
69 20 0
70 20 0
82 20 0
83 20 0
84 20 0
97 20 0
98 20 0
99 20 0
111 20 0
112 20 0
113 20 0
126 20 0
127 20 0
128 20 0
140 20 0
141 20 0
142 20 0
154 20 0
155 20 0
156 20 0
168 20 0
169 20 0
170 20 0
181 20 0
182 20 0
9 21 0
18 21 0
19 21 0
20 21 0
56 21 0
69 21 0
70 21 0
83 21 0
84 21 0
97 21 0
98 21 0
99 21 0
111 21 0
113 21 0
126 21 0
127 21 0
128 21 0
140 21 0
142 21 0
154 21 0
155 21 0
156 21 0
168 21 0
169 21 0
170 21 0
181 21 0
182 21 0
9 22 0
17 22 0
18 22 0
19 22 0
20 22 0
22 22 0
43 22 0
56 22 0
68 22 0
70 22 0
82 22 0
83 22 0
84 22 0
97 22 0
98 22 0
99 22 0
111 22 0
112 22 0
113 22 0
125 22 0
126 22 0
127 22 0
128 22 0
140 22 0
141 22 0
142 22 0
153 22 0
154 22 0
155 22 0
156 22 0
168 22 0
169 22 0
181 22 0
182 22 0
9 23 0
30 23 0
41 23 0
43 23 0
56 23 0
70 23 0
84 23 0
97 23 0
98 23 0
99 23 0
112 23 0
113 23 0
125 23 0
126 23 0
127 23 0
140 23 0
141 23 0
142 23 0
154 23 0
155 23 0
156 23 0
167 23 0
168 23 0
169 23 0
181 23 0
182 23 0
9 24 0
29 24 0
32 24 0
41 24 0
43 24 0
54 24 0
55 24 0
56 24 0
68 24 0
69 24 0
70 24 0
84 24 0
97 24 0
98 24 0
114 24 0
116 24 0
123 24 0
124 24 0
125 24 0
126 24 0
127 24 0
140 24 0
141 24 0
142 24 0
154 24 0
155 24 0
168 24 0
169 24 0
181 24 0
182 24 0
17 25 0
28 25 0
30 25 0
31 25 0
41 25 0
67 25 0
69 25 0
70 25 0
82 25 0
83 25 0
84 25 0
96 25 0
97 25 0
98 25 0
99 25 0
110 25 0
111 25 0
112 25 0
113 25 0
114 25 0
115 25 0
125 25 0
126 25 0
127 25 0
135 25 0
138 25 0
139 25 0
140 25 0
141 25 0
142 25 0
145 25 0
147 25 0
153 25 0
154 25 0
155 25 0
167 25 0
168 25 0
169 25 0
180 25 0
181 25 0
182 25 0
16 26 0
31 26 0
41 26 0
42 26 0
43 26 0
54 26 0
55 26 0
69 26 0
82 26 0
83 26 0
84 26 0
85 26 0
97 26 0
98 26 0
106 26 0
108 26 0
109 26 0
110 26 0
111 26 0
112 26 0
113 26 0
114 26 0
125 26 0
126 26 0
127 26 0
140 26 0
141 26 0
142 26 0
147 26 0
148 26 0
151 26 0
152 26 0
153 26 0
154 26 0
155 26 0
157 26 0
158 26 0
167 26 0
168 26 0
169 26 0
181 26 0
182 26 0
8 27 0
9 27 0
19 27 0
30 27 0
40 27 0
42 27 0
43 27 0
53 27 0
54 27 0
57 27 0
60 27 0
68 27 0
81 27 0
82 27 0
83 27 0
84 27 0
85 27 0
95 27 0
96 27 0
97 27 0
98 27 0
100 27 0
101 27 0
102 27 0
111 27 0
112 27 0
113 27 0
125 27 0
126 27 0
127 27 0
139 27 0
140 27 0
141 27 0
153 27 0
154 27 0
155 27 0
158 27 0
163 27 0
167 27 0
168 27 0
169 27 0
180 27 0
181 27 0
182 27 0
8 28 0
19 28 0
30 28 0
42 28 0
46 28 0
52 28 0
53 28 0
54 28 0
55 28 0
56 28 0
61 28 0
62 28 0
68 28 0
69 28 0
77 28 0
79 28 0
80 28 0
81 28 0
83 28 0
84 28 0
96 28 0
97 28 0
98 28 0
99 28 0
100 28 0
111 28 0
112 28 0
125 28 0
126 28 0
127 28 0
139 28 0
140 28 0
141 28 0
153 28 0
154 28 0
155 28 0
163 28 0
167 28 0
169 28 0
170 28 0
174 28 0
180 28 0
181 28 0
182 28 0
40 29 0
41 29 0
42 29 0
54 29 0
55 29 0
56 29 0
63 29 0
66 29 0
67 29 0
68 29 0
69 29 0
73 29 0
74 29 0
76 29 0
77 29 0
78 29 0
79 29 0
82 29 0
83 29 0
84 29 0
96 29 0
98 29 0
110 29 0
111 29 0
112 29 0
125 29 0
126 29 0
127 29 0
139 29 0
140 29 0
141 29 0
153 29 0
154 29 0
155 29 0
167 29 0
168 29 0
169 29 0
174 29 0
175 29 0
176 29 0
178 29 0
179 29 0
180 29 0
181 29 0
182 29 0
15 30 0
16 30 0
30 30 0
40 30 0
42 30 0
53 30 0
55 30 0
67 30 0
68 30 0
69 30 0
70 30 0
72 30 0
74 30 0
81 30 0
82 30 0
83 30 0
96 30 0
98 30 0
110 30 0
111 30 0
112 30 0
125 30 0
126 30 0
127 30 0
139 30 0
140 30 0
141 30 0
153 30 0
154 30 0
155 30 0
167 30 0
168 30 0
169 30 0
176 30 0
180 30 0
182 30 0
184 30 0
185 30 0
13 31 0
14 31 0
15 31 0
16 31 0
17 31 0
18 31 0
19 31 0
42 31 0
53 31 0
55 31 0
67 31 0
68 31 0
69 31 0
81 31 0
82 31 0
83 31 0
98 31 0
110 31 0
111 31 0
112 31 0
125 31 0
126 31 0
127 31 0
139 31 0
140 31 0
141 31 0
153 31 0
154 31 0
155 31 0
167 31 0
168 31 0
180 31 0
181 31 0
182 31 0
8 32 0
14 32 0
15 32 0
16 32 0
17 32 0
18 32 0
19 32 0
29 32 0
30 32 0
42 32 0
69 32 0
80 32 0
81 32 0
82 32 0
83 32 0
95 32 0
96 32 0
97 32 0
98 32 0
110 32 0
111 32 0
112 32 0
124 32 0
125 32 0
126 32 0
139 32 0
140 32 0
141 32 0
153 32 0
154 32 0
155 32 0
167 32 0
168 32 0
180 32 0
181 32 0
182 32 0
3 33 0
6 33 0
7 33 0
8 33 0
13 33 0
14 33 0
15 33 0
16 33 0
17 33 0
18 33 0
19 33 0
29 33 0
67 33 0
68 33 0
69 33 0
96 33 0
97 33 0
98 33 0
110 33 0
111 33 0
112 33 0
124 33 0
125 33 0
126 33 0
139 33 0
140 33 0
141 33 0
153 33 0
154 33 0
167 33 0
168 33 0
180 33 0
181 33 0
182 33 0
7 34 0
8 34 0
13 34 0
14 34 0
16 34 0
17 34 0
18 34 0
29 34 0
54 34 0
55 34 0
67 34 0
68 34 0
69 34 0
80 34 0
81 34 0
82 34 0
83 34 0
96 34 0
97 34 0
110 34 0
111 34 0
112 34 0
124 34 0
125 34 0
126 34 0
139 34 0
140 34 0
141 34 0
153 34 0
154 34 0
166 34 0
167 34 0
168 34 0
180 34 0
181 34 0
182 34 0
7 35 0
8 35 0
15 35 0
17 35 0
18 35 0
29 35 0
39 35 0
41 35 0
54 35 0
55 35 0
67 35 0
68 35 0
69 35 0
81 35 0
82 35 0
83 35 0
97 35 0
110 35 0
111 35 0
112 35 0
124 35 0
126 35 0
138 35 0
139 35 0
140 35 0
141 35 0
152 35 0
153 35 0
154 35 0
166 35 0
167 35 0
168 35 0
180 35 0
181 35 0
182 35 0
4 36 0
5 36 0
6 36 0
7 36 0
8 36 0
13 36 0
14 36 0
16 36 0
19 36 0
41 36 0
68 36 0
69 36 0
80 36 0
81 36 0
82 36 0
83 36 0
96 36 0
97 36 0
109 36 0
110 36 0
111 36 0
112 36 0
124 36 0
125 36 0
126 36 0
138 36 0
139 36 0
140 36 0
152 36 0
153 36 0
154 36 0
166 36 0
167 36 0
168 36 0
179 36 0
180 36 0
181 36 0
182 36 0
4 37 0
7 37 0
16 37 0
17 37 0
18 37 0
39 37 0
41 37 0
67 37 0
68 37 0
80 37 0
81 37 0
82 37 0
95 37 0
97 37 0
110 37 0
111 37 0
112 37 0
124 37 0
125 37 0
126 37 0
138 37 0
139 37 0
140 37 0
152 37 0
153 37 0
154 37 0
166 37 0
167 37 0
168 37 0
180 37 0
181 37 0
3 38 0
4 38 0
7 38 0
8 38 0
17 38 0
18 38 0
23 38 0
28 38 0
39 38 0
41 38 0
66 38 0
67 38 0
68 38 0
81 38 0
82 38 0
95 38 0
96 38 0
97 38 0
110 38 0
111 38 0
112 38 0
124 38 0
125 38 0
126 38 0
138 38 0
139 38 0
140 38 0
152 38 0
153 38 0
154 38 0
166 38 0
167 38 0
168 38 0
180 38 0
181 38 0
3 39 0
4 39 0
25 39 0
27 39 0
29 39 0
41 39 0
68 39 0
80 39 0
82 39 0
92 39 0
95 39 0
96 39 0
97 39 0
110 39 0
111 39 0
123 39 0
124 39 0
125 39 0
126 39 0
131 39 0
137 39 0
138 39 0
139 39 0
140 39 0
152 39 0
153 39 0
154 39 0
166 39 0
167 39 0
168 39 0
180 39 0
181 39 0
4 40 0
7 40 0
27 40 0
28 40 0
29 40 0
30 40 0
40 40 0
41 40 0
54 40 0
66 40 0
68 40 0
80 40 0
82 40 0
95 40 0
96 40 0
97 40 0
109 40 0
110 40 0
111 40 0
116 40 0
118 40 0
120 40 0
122 40 0
123 40 0
124 40 0
125 40 0
126 40 0
127 40 0
132 40 0
136 40 0
137 40 0
138 40 0
139 40 0
140 40 0
151 40 0
152 40 0
153 40 0
157 40 0
166 40 0
167 40 0
168 40 0
179 40 0
180 40 0
181 40 0
2 41 0
27 41 0
28 41 0
29 41 0
32 41 0
39 41 0
42 41 0
54 41 0
66 41 0
68 41 0
80 41 0
81 41 0
82 41 0
95 41 0
96 41 0
106 41 0
107 41 0
108 41 0
109 41 0
110 41 0
111 41 0
112 41 0
113 41 0
114 41 0
115 41 0
116 41 0
117 41 0
124 41 0
125 41 0
126 41 0
138 41 0
139 41 0
140 41 0
142 41 0
145 41 0
150 41 0
151 41 0
152 41 0
153 41 0
154 41 0
158 41 0
159 41 0
160 41 0
165 41 0
166 41 0
167 41 0
168 41 0
180 41 0
181 41 0
2 42 0
3 42 0
7 42 0
28 42 0
38 42 0
39 42 0
40 42 0
41 42 0
42 42 0
43 42 0
47 42 0
52 42 0
53 42 0
54 42 0
67 42 0
68 42 0
80 42 0
81 42 0
82 42 0
94 42 0
95 42 0
96 42 0
99 42 0
100 42 0
104 42 0
106 42 0
107 42 0
108 42 0
109 42 0
110 42 0
111 42 0
112 42 0
124 42 0
125 42 0
138 42 0
139 42 0
144 42 0
149 42 0
150 42 0
151 42 0
152 42 0
153 42 0
154 42 0
161 42 0
162 42 0
164 42 0
165 42 0
167 42 0
168 42 0
171 42 0
179 42 0
180 42 0
181 42 0
2 43 0
3 43 0
17 43 0
28 43 0
34 43 0
37 43 0
38 43 0
40 43 0
41 43 0
48 43 0
51 43 0
52 43 0
54 43 0
78 43 0
79 43 0
80 43 0
82 43 0
83 43 0
84 43 0
94 43 0
95 43 0
97 43 0
98 43 0
101 43 0
103 43 0
110 43 0
111 43 0
125 43 0
137 43 0
138 43 0
139 43 0
151 43 0
152 43 0
153 43 0
166 43 0
167 43 0
168 43 0
172 43 0
174 43 0
175 43 0
179 43 0
180 43 0
181 43 0
1 44 0
2 44 0
3 44 0
17 44 0
28 44 0
37 44 0
39 44 0
40 44 0
41 44 0
52 44 0
53 44 0
54 44 0
60 44 0
66 44 0
67 44 0
68 44 0
69 44 0
70 44 0
76 44 0
77 44 0
78 44 0
79 44 0
80 44 0
81 44 0
82 44 0
93 44 0
94 44 0
96 44 0
97 44 0
107 44 0
108 44 0
109 44 0
111 44 0
125 44 0
137 44 0
138 44 0
139 44 0
151 44 0
152 44 0
153 44 0
166 44 0
167 44 0
174 44 0
175 44 0
176 44 0
178 44 0
179 44 0
180 44 0
181 44 0
185 44 0
2 45 0
3 45 0
7 45 0
27 45 0
40 45 0
52 45 0
53 45 0
54 45 0
64 45 0
66 45 0
67 45 0
68 45 0
69 45 0
70 45 0
71 45 0
75 45 0
76 45 0
77 45 0
78 45 0
80 45 0
81 45 0
82 45 0
94 45 0
95 45 0
96 45 0
97 45 0
109 45 0
111 45 0
123 45 0
125 45 0
137 45 0
138 45 0
139 45 0
151 45 0
152 45 0
153 45 0
166 45 0
167 45 0
177 45 0
178 45 0
179 45 0
180 45 0
181 45 0
2 46 0
3 46 0
6 46 0
7 46 0
17 46 0
28 46 0
52 46 0
53 46 0
54 46 0
66 46 0
67 46 0
68 46 0
69 46 0
96 46 0
109 46 0
123 46 0
124 46 0
125 46 0
137 46 0
138 46 0
139 46 0
151 46 0
152 46 0
153 46 0
165 46 0
166 46 0
167 46 0
179 46 0
180 46 0
181 46 0
2 47 0
5 47 0
6 47 0
40 47 0
53 47 0
54 47 0
66 47 0
67 47 0
68 47 0
108 47 0
109 47 0
110 47 0
111 47 0
122 47 0
124 47 0
125 47 0
137 47 0
138 47 0
139 47 0
151 47 0
152 47 0
153 47 0
165 47 0
166 47 0
167 47 0
178 47 0
179 47 0
180 47 0
5 48 0
15 48 0
16 48 0
38 48 0
53 48 0
54 48 0
65 48 0
66 48 0
67 48 0
68 48 0
108 48 0
109 48 0
110 48 0
123 48 0
124 48 0
125 48 0
137 48 0
138 48 0
139 48 0
151 48 0
152 48 0
153 48 0
165 48 0
166 48 0
167 48 0
178 48 0
179 48 0
180 48 0
6 49 0
65 49 0
67 49 0
109 49 0
110 49 0
124 49 0
136 49 0
137 49 0
138 49 0
139 49 0
151 49 0
152 49 0
153 49 0
165 49 0
166 49 0
167 49 0
178 49 0
179 49 0
180 49 0
7 50 0
17 50 0
49 50 0
108 50 0
109 50 0
110 50 0
124 50 0
137 50 0
138 50 0
139 50 0
151 50 0
152 50 0
153 50 0
165 50 0
166 50 0
167 50 0
178 50 0
179 50 0
180 50 0
16 51 0
17 51 0
108 51 0
110 51 0
124 51 0
137 51 0
138 51 0
139 51 0
151 51 0
152 51 0
164 51 0
165 51 0
166 51 0
167 51 0
178 51 0
179 51 0
180 51 0
16 52 0
109 52 0
110 52 0
124 52 0
137 52 0
138 52 0
150 52 0
151 52 0
152 52 0
164 52 0
165 52 0
166 52 0
167 52 0
178 52 0
179 52 0
180 52 0
23 53 0
27 53 0
53 53 0
109 53 0
110 53 0
112 53 0
123 53 0
124 53 0
137 53 0
138 53 0
149 53 0
150 53 0
152 53 0
164 53 0
165 53 0
166 53 0
179 53 0
180 53 0
25 54 0
39 54 0
53 54 0
121 54 0
122 54 0
124 54 0
136 54 0
137 54 0
138 54 0
147 54 0
148 54 0
149 54 0
150 54 0
151 54 0
152 54 0
153 54 0
154 54 0
155 54 0
164 54 0
165 54 0
166 54 0
176 54 0
177 54 0
178 54 0
179 54 0
180 54 0
182 54 0
25 55 0
27 55 0
28 55 0
116 55 0
118 55 0
119 55 0
120 55 0
121 55 0
122 55 0
123 55 0
124 55 0
125 55 0
130 55 0
135 55 0
136 55 0
137 55 0
138 55 0
144 55 0
147 55 0
148 55 0
151 55 0
152 55 0
153 55 0
154 55 0
155 55 0
164 55 0
165 55 0
166 55 0
177 55 0
178 55 0
180 55 0
26 56 0
27 56 0
28 56 0
122 56 0
123 56 0
124 56 0
136 56 0
137 56 0
138 56 0
139 56 0
145 56 0
148 56 0
149 56 0
151 56 0
154 56 0
155 56 0
164 56 0
165 56 0
176 56 0
177 56 0
179 56 0
180 56 0
16 57 0
25 57 0
27 57 0
35 57 0
37 57 0
53 57 0
109 57 0
110 57 0
111 57 0
124 57 0
136 57 0
137 57 0
138 57 0
150 57 0
151 57 0
152 57 0
153 57 0
154 57 0
160 57 0
161 57 0
164 57 0
165 57 0
166 57 0
167 57 0
172 57 0
173 57 0
174 57 0
176 57 0
177 57 0
178 57 0
179 57 0
14 58 0
27 58 0
35 58 0
39 58 0
40 58 0
51 58 0
109 58 0
110 58 0
123 58 0
150 58 0
151 58 0
152 58 0
164 58 0
165 58 0
166 58 0
167 58 0
173 58 0
174 58 0
177 58 0
179 58 0
39 59 0
51 59 0
53 59 0
109 59 0
110 59 0
123 59 0
137 59 0
151 59 0
152 59 0
164 59 0
165 59 0
166 59 0
176 59 0
177 59 0
178 59 0
179 59 0
180 59 0
181 59 0
27 60 0
39 60 0
51 60 0
52 60 0
53 60 0
121 60 0
123 60 0
164 60 0
165 60 0
166 60 0
176 60 0
177 60 0
178 60 0
179 60 0
5 61 0
6 61 0
39 61 0
51 61 0
52 61 0
53 61 0
109 61 0
123 61 0
151 61 0
165 61 0
175 61 0
176 61 0
177 61 0
4 62 0
5 62 0
6 62 0
16 62 0
27 62 0
39 62 0
53 62 0
109 62 0
151 62 0
5 63 0
6 63 0
109 63 0
121 63 0
137 63 0
150 63 0
151 63 0
165 63 0
177 63 0
178 63 0
179 63 0
4 64 0
5 64 0
6 64 0
7 64 0
27 64 0
39 64 0
52 64 0
53 64 0
109 64 0
121 64 0
122 64 0
123 64 0
135 64 0
136 64 0
137 64 0
149 64 0
150 64 0
151 64 0
163 64 0
165 64 0
177 64 0
178 64 0
179 64 0
15 65 0
27 65 0
52 65 0
107 65 0
109 65 0
121 65 0
137 65 0
148 65 0
149 65 0
150 65 0
151 65 0
163 65 0
165 65 0
177 65 0
178 65 0
179 65 0
14 66 0
16 66 0
27 66 0
39 66 0
52 66 0
53 66 0
107 66 0
109 66 0
120 66 0
121 66 0
122 66 0
123 66 0
134 66 0
135 66 0
136 66 0
137 66 0
149 66 0
150 66 0
151 66 0
163 66 0
164 66 0
165 66 0
178 66 0
15 67 0
16 67 0
50 67 0
52 67 0
109 67 0
121 67 0
122 67 0
123 67 0
135 67 0
136 67 0
137 67 0
149 67 0
150 67 0
151 67 0
162 67 0
164 67 0
165 67 0
176 67 0
177 67 0
178 67 0
5 68 0
6 68 0
15 68 0
16 68 0
27 68 0
39 68 0
52 68 0
65 68 0
66 68 0
107 68 0
109 68 0
120 68 0
121 68 0
122 68 0
123 68 0
135 68 0
136 68 0
137 68 0
149 68 0
150 68 0
151 68 0
165 68 0
176 68 0
178 68 0
24 69 0
25 69 0
27 69 0
39 69 0
50 69 0
52 69 0
91 69 0
94 69 0
107 69 0
109 69 0
120 69 0
121 69 0
134 69 0
135 69 0
136 69 0
137 69 0
149 69 0
150 69 0
151 69 0
163 69 0
164 69 0
165 69 0
178 69 0
23 70 0
26 70 0
27 70 0
65 70 0
66 70 0
80 70 0
92 70 0
93 70 0
94 70 0
107 70 0
109 70 0
119 70 0
120 70 0
121 70 0
122 70 0
123 70 0
124 70 0
127 70 0
132 70 0
133 70 0
134 70 0
135 70 0
136 70 0
137 70 0
149 70 0
163 70 0
164 70 0
165 70 0
176 70 0
177 70 0
178 70 0
52 71 0
78 71 0
79 71 0
80 71 0
93 71 0
107 71 0
108 71 0
109 71 0
118 71 0
119 71 0
120 71 0
121 71 0
122 71 0
123 71 0
134 71 0
135 71 0
136 71 0
146 71 0
147 71 0
148 71 0
150 71 0
151 71 0
157 71 0
158 71 0
161 71 0
162 71 0
163 71 0
164 71 0
165 71 0
166 71 0
171 71 0
176 71 0
177 71 0
178 71 0
27 72 0
37 72 0
38 72 0
50 72 0
52 72 0
66 72 0
78 72 0
79 72 0
80 72 0
92 72 0
93 72 0
94 72 0
105 72 0
106 72 0
107 72 0
108 72 0
109 72 0
116 72 0
117 72 0
118 72 0
120 72 0
121 72 0
122 72 0
123 72 0
135 72 0
136 72 0
149 72 0
150 72 0
151 72 0
158 72 0
159 72 0
161 72 0
162 72 0
163 72 0
164 72 0
165 72 0
166 72 0
170 72 0
173 72 0
176 72 0
177 72 0
178 72 0
36 73 0
37 73 0
38 73 0
50 73 0
52 73 0
66 73 0
78 73 0
79 73 0
80 73 0
91 73 0
92 73 0
93 73 0
94 73 0
100 73 0
103 73 0
104 73 0
105 73 0
106 73 0
108 73 0
109 73 0
110 73 0
111 73 0
113 73 0
119 73 0
120 73 0
121 73 0
122 73 0
134 73 0
135 73 0
136 73 0
148 73 0
149 73 0
150 73 0
162 73 0
163 73 0
164 73 0
173 73 0
174 73 0
175 73 0
177 73 0
181 73 0
182 73 0
37 74 0
38 74 0
39 74 0
49 74 0
50 74 0
52 74 0
65 74 0
66 74 0
70 74 0
76 74 0
77 74 0
78 74 0
79 74 0
80 74 0
91 74 0
92 74 0
93 74 0
99 74 0
100 74 0
101 74 0
107 74 0
108 74 0
109 74 0
119 74 0
120 74 0
121 74 0
122 74 0
134 74 0
135 74 0
136 74 0
148 74 0
149 74 0
150 74 0
162 74 0
163 74 0
164 74 0
175 74 0
176 74 0
177 74 0
178 74 0
182 74 0
38 75 0
50 75 0
51 75 0
52 75 0
64 75 0
65 75 0
69 75 0
70 75 0
71 75 0
79 75 0
80 75 0
81 75 0
84 75 0
89 75 0
90 75 0
91 75 0
93 75 0
94 75 0
95 75 0
106 75 0
108 75 0
120 75 0
121 75 0
122 75 0
134 75 0
135 75 0
147 75 0
149 75 0
150 75 0
162 75 0
163 75 0
164 75 0
176 75 0
177 75 0
178 75 0
27 76 0
38 76 0
50 76 0
51 76 0
52 76 0
62 76 0
63 76 0
64 76 0
65 76 0
66 76 0
67 76 0
78 76 0
79 76 0
80 76 0
88 76 0
89 76 0
92 76 0
93 76 0
94 76 0
106 76 0
107 76 0
108 76 0
120 76 0
121 76 0
122 76 0
133 76 0
134 76 0
135 76 0
149 76 0
150 76 0
162 76 0
163 76 0
164 76 0
175 76 0
176 76 0
177 76 0
6 77 0
62 77 0
65 77 0
66 77 0
78 77 0
79 77 0
91 77 0
93 77 0
106 77 0
107 77 0
108 77 0
120 77 0
121 77 0
122 77 0
133 77 0
134 77 0
135 77 0
148 77 0
149 77 0
150 77 0
162 77 0
163 77 0
164 77 0
175 77 0
176 77 0
177 77 0
4 78 0
5 78 0
6 78 0
36 78 0
51 78 0
52 78 0
64 78 0
65 78 0
66 78 0
78 78 0
79 78 0
91 78 0
92 78 0
93 78 0
105 78 0
106 78 0
107 78 0
108 78 0
120 78 0
121 78 0
122 78 0
133 78 0
134 78 0
135 78 0
148 78 0
149 78 0
162 78 0
163 78 0
164 78 0
175 78 0
176 78 0
177 78 0
4 79 0
5 79 0
6 79 0
51 79 0
65 79 0
78 79 0
79 79 0
91 79 0
93 79 0
106 79 0
107 79 0
108 79 0
121 79 0
133 79 0
134 79 0
135 79 0
148 79 0
149 79 0
150 79 0
161 79 0
162 79 0
163 79 0
175 79 0
176 79 0
177 79 0
13 80 0
14 80 0
16 80 0
63 80 0
65 80 0
91 80 0
92 80 0
93 80 0
106 80 0
107 80 0
119 80 0
121 80 0
133 80 0
135 80 0
148 80 0
149 80 0
150 80 0
162 80 0
163 80 0
174 80 0
176 80 0
177 80 0
13 81 0
16 81 0
65 81 0
91 81 0
92 81 0
93 81 0
106 81 0
107 81 0
108 81 0
119 81 0
121 81 0
122 81 0
132 81 0
133 81 0
135 81 0
149 81 0
162 81 0
163 81 0
174 81 0
175 81 0
176 81 0
26 82 0
63 82 0
65 82 0
79 82 0
91 82 0
93 82 0
107 82 0
121 82 0
133 82 0
135 82 0
147 82 0
148 82 0
149 82 0
161 82 0
162 82 0
163 82 0
175 82 0
176 82 0
65 83 0
78 83 0
79 83 0
91 83 0
93 83 0
105 83 0
107 83 0
119 83 0
121 83 0
134 83 0
135 83 0
146 83 0
147 83 0
149 83 0
161 83 0
162 83 0
163 83 0
174 83 0
175 83 0
176 83 0
22 84 0
25 84 0
26 84 0
78 84 0
79 84 0
91 84 0
93 84 0
105 84 0
107 84 0
120 84 0
121 84 0
133 84 0
134 84 0
135 84 0
147 84 0
148 84 0
149 84 0
161 84 0
162 84 0
163 84 0
176 84 0
24 85 0
26 85 0
27 85 0
51 85 0
63 85 0
65 85 0
79 85 0
107 85 0
117 85 0
118 85 0
119 85 0
120 85 0
121 85 0
132 85 0
133 85 0
134 85 0
136 85 0
140 85 0
141 85 0
146 85 0
148 85 0
149 85 0
161 85 0
162 85 0
163 85 0
174 85 0
175 85 0
176 85 0
16 86 0
25 86 0
26 86 0
27 86 0
65 86 0
77 86 0
79 86 0
91 86 0
92 86 0
93 86 0
106 86 0
107 86 0
114 86 0
117 86 0
118 86 0
119 86 0
120 86 0
121 86 0
122 86 0
131 86 0
132 86 0
133 86 0
134 86 0
135 86 0
136 86 0
146 86 0
147 86 0
148 86 0
149 86 0
159 86 0
160 86 0
161 86 0
162 86 0
167 86 0
174 86 0
175 86 0
176 86 0
186 86 0
27 87 0
36 87 0
51 87 0
65 87 0
77 87 0
79 87 0
91 87 0
92 87 0
93 87 0
105 87 0
110 87 0
111 87 0
112 87 0
117 87 0
118 87 0
119 87 0
120 87 0
121 87 0
133 87 0
134 87 0
135 87 0
147 87 0
148 87 0
149 87 0
160 87 0
162 87 0
163 87 0
169 87 0
173 87 0
174 87 0
175 87 0
187 87 0
34 88 0
36 88 0
37 88 0
38 88 0
39 88 0
51 88 0
65 88 0
77 88 0
91 88 0
93 88 0
104 88 0
105 88 0
106 88 0
107 88 0
108 88 0
109 88 0
110 88 0
119 88 0
120 88 0
121 88 0
132 88 0
133 88 0
134 88 0
146 88 0
147 88 0
148 88 0
161 88 0
162 88 0
163 88 0
170 88 0
171 88 0
173 88 0
174 88 0
175 88 0
176 88 0
184 88 0
185 88 0
188 88 0
27 89 0
38 89 0
48 89 0
49 89 0
50 89 0
51 89 0
65 89 0
76 89 0
77 89 0
78 89 0
90 89 0
91 89 0
92 89 0
93 89 0
101 89 0
102 89 0
103 89 0
104 89 0
105 89 0
106 89 0
107 89 0
108 89 0
119 89 0
120 89 0
121 89 0
132 89 0
133 89 0
134 89 0
148 89 0
160 89 0
161 89 0
162 89 0
174 89 0
175 89 0
186 89 0
6 90 0
7 90 0
36 90 0
38 90 0
48 90 0
49 90 0
50 90 0
51 90 0
63 90 0
65 90 0
74 90 0
75 90 0
76 90 0
77 90 0
78 90 0
79 90 0
80 90 0
84 90 0
89 90 0
90 90 0
91 90 0
92 90 0
93 90 0
96 90 0
99 90 0
101 90 0
102 90 0
103 90 0
105 90 0
106 90 0
107 90 0
119 90 0
120 90 0
121 90 0
132 90 0
133 90 0
134 90 0
146 90 0
147 90 0
148 90 0
160 90 0
161 90 0
162 90 0
173 90 0
174 90 0
175 90 0
186 90 0
4 91 0
6 91 0
7 91 0
27 91 0
36 91 0
38 91 0
49 91 0
50 91 0
51 91 0
52 91 0
61 91 0
62 91 0
63 91 0
65 91 0
66 91 0
68 91 0
73 91 0
74 91 0
75 91 0
76 91 0
77 91 0
78 91 0
79 91 0
80 91 0
90 91 0
92 91 0
93 91 0
101 91 0
105 91 0
106 91 0
107 91 0
119 91 0
120 91 0
121 91 0
131 91 0
132 91 0
133 91 0
134 91 0
146 91 0
147 91 0
148 91 0
160 91 0
161 91 0
162 91 0
173 91 0
174 91 0
175 91 0
6 92 0
38 92 0
49 92 0
51 92 0
62 92 0
63 92 0
64 92 0
65 92 0
66 92 0
77 92 0
78 92 0
79 92 0
91 92 0
92 92 0
93 92 0
104 92 0
105 92 0
106 92 0
121 92 0
131 92 0
132 92 0
133 92 0
134 92 0
146 92 0
147 92 0
148 92 0
160 92 0
161 92 0
162 92 0
173 92 0
174 92 0
175 92 0
38 93 0
49 93 0
50 93 0
51 93 0
63 93 0
64 93 0
65 93 0
76 93 0
77 93 0
78 93 0
79 93 0
90 93 0
91 93 0
92 93 0
104 93 0
105 93 0
106 93 0
118 93 0
119 93 0
120 93 0
121 93 0
133 93 0
134 93 0
146 93 0
147 93 0
148 93 0
160 93 0
161 93 0
173 93 0
174 93 0
175 93 0
185 93 0
15 94 0
16 94 0
27 94 0
51 94 0
65 94 0
78 94 0
90 94 0
92 94 0
105 94 0
106 94 0
118 94 0
119 94 0
120 94 0
132 94 0
133 94 0
134 94 0
146 94 0
147 94 0
160 94 0
161 94 0
162 94 0
173 94 0
174 94 0
185 94 0
14 95 0
16 95 0
17 95 0
65 95 0
78 95 0
89 95 0
91 95 0
92 95 0
104 95 0
105 95 0
106 95 0
118 95 0
119 95 0
120 95 0
130 95 0
131 95 0
133 95 0
134 95 0
145 95 0
146 95 0
147 95 0
148 95 0
161 95 0
172 95 0
174 95 0
185 95 0
14 96 0
15 96 0
16 96 0
38 96 0
51 96 0
63 96 0
65 96 0
78 96 0
90 96 0
91 96 0
92 96 0
105 96 0
106 96 0
118 96 0
119 96 0
120 96 0
132 96 0
133 96 0
134 96 0
145 96 0
147 96 0
159 96 0
160 96 0
161 96 0
172 96 0
173 96 0
174 96 0
186 96 0
14 97 0
15 97 0
16 97 0
65 97 0
104 97 0
105 97 0
106 97 0
118 97 0
119 97 0
120 97 0
130 97 0
133 97 0
134 97 0
145 97 0
146 97 0
147 97 0
159 97 0
160 97 0
161 97 0
172 97 0
173 97 0
174 97 0
7 98 0
15 98 0
38 98 0
51 98 0
65 98 0
78 98 0
89 98 0
90 98 0
91 98 0
92 98 0
104 98 0
106 98 0
119 98 0
131 98 0
133 98 0
145 98 0
146 98 0
147 98 0
159 98 0
160 98 0
161 98 0
172 98 0
173 98 0
174 98 0
184 98 0
185 98 0
186 98 0
25 99 0
26 99 0
27 99 0
51 99 0
65 99 0
78 99 0
91 99 0
92 99 0
104 99 0
105 99 0
106 99 0
118 99 0
120 99 0
122 99 0
129 99 0
130 99 0
131 99 0
132 99 0
133 99 0
136 99 0
145 99 0
146 99 0
147 99 0
159 99 0
160 99 0
161 99 0
172 99 0
173 99 0
174 99 0
186 99 0
27 100 0
38 100 0
51 100 0
65 100 0
77 100 0
78 100 0
90 100 0
91 100 0
92 100 0
104 100 0
105 100 0
106 100 0
117 100 0
118 100 0
119 100 0
120 100 0
121 100 0
129 100 0
130 100 0
131 100 0
132 100 0
133 100 0
134 100 0
144 100 0
145 100 0
146 100 0
147 100 0
158 100 0
159 100 0
160 100 0
161 100 0
172 100 0
173 100 0
174 100 0
184 100 0
185 100 0
27 101 0
30 101 0
51 101 0
65 101 0
77 101 0
78 101 0
90 101 0
91 101 0
92 101 0
105 101 0
106 101 0
113 101 0
115 101 0
116 101 0
117 101 0
118 101 0
119 101 0
120 101 0
131 101 0
132 101 0
133 101 0
145 101 0
146 101 0
147 101 0
150 101 0
151 101 0
156 101 0
157 101 0
158 101 0
159 101 0
160 101 0
161 101 0
172 101 0
173 101 0
183 101 0
184 101 0
36 102 0
37 102 0
38 102 0
64 102 0
65 102 0
75 102 0
77 102 0
78 102 0
91 102 0
104 102 0
105 102 0
106 102 0
107 102 0
110 102 0
111 102 0
113 102 0
114 102 0
115 102 0
118 102 0
119 102 0
120 102 0
131 102 0
132 102 0
133 102 0
144 102 0
145 102 0
146 102 0
147 102 0
159 102 0
160 102 0
161 102 0
164 102 0
165 102 0
170 102 0
171 102 0
172 102 0
173 102 0
174 102 0
178 102 0
183 102 0
185 102 0
186 102 0
36 103 0
38 103 0
39 103 0
63 103 0
65 103 0
78 103 0
89 103 0
90 103 0
92 103 0
95 103 0
96 103 0
97 103 0
102 103 0
103 103 0
104 103 0
105 103 0
106 103 0
110 103 0
111 103 0
112 103 0
113 103 0
117 103 0
118 103 0
119 103 0
120 103 0
131 103 0
132 103 0
133 103 0
144 103 0
145 103 0
146 103 0
158 103 0
159 103 0
160 103 0
165 103 0
166 103 0
167 103 0
170 103 0
171 103 0
172 103 0
173 103 0
174 103 0
184 103 0
185 103 0
5 104 0
6 104 0
7 104 0
37 104 0
38 104 0
39 104 0
49 104 0
50 104 0
51 104 0
75 104 0
76 104 0
77 104 0
78 104 0
90 104 0
94 104 0
95 104 0
96 104 0
103 104 0
104 104 0
105 104 0
106 104 0
107 104 0
108 104 0
111 104 0
117 104 0
118 104 0
119 104 0
131 104 0
132 104 0
133 104 0
144 104 0
145 104 0
146 104 0
158 104 0
159 104 0
160 104 0
171 104 0
172 104 0
173 104 0
184 104 0
185 104 0
5 105 0
6 105 0
7 105 0
8 105 0
36 105 0
38 105 0
48 105 0
49 105 0
51 105 0
68 105 0
69 105 0
70 105 0
75 105 0
76 105 0
78 105 0
89 105 0
90 105 0
91 105 0
92 105 0
93 105 0
104 105 0
105 105 0
106 105 0
116 105 0
117 105 0
119 105 0
130 105 0
132 105 0
144 105 0
145 105 0
146 105 0
158 105 0
159 105 0
160 105 0
171 105 0
172 105 0
173 105 0
183 105 0
185 105 0
6 106 0
7 106 0
27 106 0
49 106 0
50 106 0
51 106 0
61 106 0
62 106 0
63 106 0
65 106 0
66 106 0
68 106 0
76 106 0
77 106 0
78 106 0
88 106 0
89 106 0
90 106 0
91 106 0
92 106 0
104 106 0
105 106 0
106 106 0
117 106 0
119 106 0
130 106 0
131 106 0
132 106 0
133 106 0
144 106 0
145 106 0
146 106 0
158 106 0
159 106 0
160 106 0
170 106 0
172 106 0
183 106 0
184 106 0
185 106 0
7 107 0
16 107 0
17 107 0
38 107 0
51 107 0
62 107 0
63 107 0
64 107 0
65 107 0
78 107 0
88 107 0
89 107 0
90 107 0
91 107 0
92 107 0
103 107 0
104 107 0
105 107 0
106 107 0
117 107 0
119 107 0
130 107 0
131 107 0
132 107 0
143 107 0
144 107 0
145 107 0
146 107 0
157 107 0
159 107 0
170 107 0
172 107 0
183 107 0
14 108 0
15 108 0
16 108 0
17 108 0
49 108 0
51 108 0
63 108 0
64 108 0
65 108 0
76 108 0
78 108 0
90 108 0
91 108 0
92 108 0
103 108 0
105 108 0
106 108 0
117 108 0
119 108 0
130 108 0
131 108 0
132 108 0
143 108 0
144 108 0
145 108 0
146 108 0
157 108 0
158 108 0
159 108 0
172 108 0
7 109 0
16 109 0
17 109 0
38 109 0
51 109 0
64 109 0
65 109 0
76 109 0
78 109 0
89 109 0
90 109 0
91 109 0
92 109 0
105 109 0
119 109 0
130 109 0
131 109 0
132 109 0
143 109 0
144 109 0
145 109 0
157 109 0
158 109 0
159 109 0
170 109 0
171 109 0
172 109 0
16 110 0
49 110 0
51 110 0
76 110 0
78 110 0
90 110 0
91 110 0
103 110 0
105 110 0
117 110 0
118 110 0
119 110 0
130 110 0
131 110 0
132 110 0
144 110 0
145 110 0
157 110 0
158 110 0
159 110 0
170 110 0
171 110 0
172 110 0
183 110 0
184 110 0
17 111 0
51 111 0
77 111 0
78 111 0
91 111 0
92 111 0
105 111 0
117 111 0
118 111 0
119 111 0
130 111 0
132 111 0
145 111 0
157 111 0
158 111 0
159 111 0
170 111 0
171 111 0
172 111 0
182 111 0
183 111 0
184 111 0
28 112 0
76 112 0
78 112 0
89 112 0
90 112 0
91 112 0
92 112 0
103 112 0
105 112 0
117 112 0
118 112 0
119 112 0
130 112 0
131 112 0
132 112 0
143 112 0
144 112 0
145 112 0
157 112 0
158 112 0
159 112 0
170 112 0
171 112 0
172 112 0
183 112 0
184 112 0
26 113 0
27 113 0
28 113 0
29 113 0
51 113 0
64 113 0
65 113 0
68 113 0
78 113 0
89 113 0
90 113 0
91 113 0
92 113 0
103 113 0
104 113 0
105 113 0
117 113 0
118 113 0
119 113 0
129 113 0
130 113 0
131 113 0
132 113 0
143 113 0
144 113 0
145 113 0
156 113 0
157 113 0
158 113 0
170 113 0
171 113 0
183 113 0
184 113 0
27 114 0
28 114 0
51 114 0
78 114 0
90 114 0
91 114 0
105 114 0
116 114 0
117 114 0
118 114 0
127 114 0
128 114 0
129 114 0
130 114 0
131 114 0
132 114 0
133 114 0
142 114 0
143 114 0
144 114 0
145 114 0
156 114 0
157 114 0
158 114 0
170 114 0
171 114 0
182 114 0
183 114 0
39 115 0
76 115 0
77 115 0
78 115 0
90 115 0
91 115 0
92 115 0
103 115 0
104 115 0
105 115 0
115 115 0
116 115 0
117 115 0
118 115 0
119 115 0
121 115 0
122 115 0
130 115 0
131 115 0
132 115 0
143 115 0
144 115 0
145 115 0
150 115 0
155 115 0
156 115 0
157 115 0
158 115 0
159 115 0
162 115 0
169 115 0
170 115 0
171 115 0
172 115 0
173 115 0
179 115 0
180 115 0
181 115 0
182 115 0
183 115 0
184 115 0
37 116 0
38 116 0
39 116 0
63 116 0
65 116 0
75 116 0
77 116 0
78 116 0
90 116 0
91 116 0
92 116 0
103 116 0
104 116 0
105 116 0
110 116 0
112 116 0
116 116 0
117 116 0
118 116 0
119 116 0
128 116 0
129 116 0
130 116 0
131 116 0
142 116 0
143 116 0
144 116 0
145 116 0
157 116 0
158 116 0
159 116 0
162 116 0
167 116 0
168 116 0
169 116 0
170 116 0
171 116 0
172 116 0
182 116 0
183 116 0
184 116 0
7 117 0
8 117 0
36 117 0
37 117 0
39 117 0
76 117 0
77 117 0
78 117 0
103 117 0
107 117 0
108 117 0
116 117 0
117 117 0
118 117 0
119 117 0
129 117 0
130 117 0
131 117 0
142 117 0
143 117 0
144 117 0
156 117 0
157 117 0
158 117 0
169 117 0
170 117 0
171 117 0
181 117 0
182 117 0
183 117 0
6 118 0
7 118 0
8 118 0
39 118 0
51 118 0
65 118 0
75 118 0
91 118 0
92 118 0
103 118 0
104 118 0
105 118 0
107 118 0
116 118 0
117 118 0
118 118 0
129 118 0
130 118 0
131 118 0
142 118 0
143 118 0
144 118 0
156 118 0
157 118 0
158 118 0
169 118 0
170 118 0
171 118 0
182 118 0
183 118 0
8 119 0
38 119 0
39 119 0
50 119 0
51 119 0
63 119 0
64 119 0
65 119 0
67 119 0
68 119 0
73 119 0
74 119 0
75 119 0
76 119 0
78 119 0
88 119 0
89 119 0
90 119 0
91 119 0
101 119 0
102 119 0
103 119 0
104 119 0
105 119 0
106 119 0
116 119 0
117 119 0
118 119 0
129 119 0
130 119 0
131 119 0
141 119 0
142 119 0
143 119 0
144 119 0
156 119 0
157 119 0
158 119 0
168 119 0
169 119 0
170 119 0
181 119 0
183 119 0
7 120 0
38 120 0
39 120 0
49 120 0
51 120 0
52 120 0
62 120 0
63 120 0
67 120 0
68 120 0
69 120 0
76 120 0
77 120 0
78 120 0
88 120 0
89 120 0
90 120 0
91 120 0
92 120 0
102 120 0
103 120 0
104 120 0
105 120 0
106 120 0
116 120 0
117 120 0
118 120 0
129 120 0
130 120 0
131 120 0
142 120 0
143 120 0
144 120 0
155 120 0
156 120 0
157 120 0
168 120 0
169 120 0
170 120 0
171 120 0
17 121 0
39 121 0
51 121 0
52 121 0
62 121 0
63 121 0
64 121 0
65 121 0
66 121 0
77 121 0
78 121 0
90 121 0
91 121 0
92 121 0
102 121 0
103 121 0
104 121 0
105 121 0
116 121 0
118 121 0
129 121 0
130 121 0
131 121 0
142 121 0
143 121 0
144 121 0
156 121 0
157 121 0
168 121 0
180 121 0
182 121 0
16 122 0
18 122 0
19 122 0
39 122 0
51 122 0
52 122 0
63 122 0
64 122 0
65 122 0
77 122 0
89 122 0
90 122 0
91 122 0
103 122 0
104 122 0
105 122 0
116 122 0
118 122 0
129 122 0
131 122 0
142 122 0
143 122 0
156 122 0
157 122 0
158 122 0
168 122 0
169 122 0
170 122 0
171 122 0
182 122 0
18 123 0
19 123 0
64 123 0
65 123 0
75 123 0
77 123 0
89 123 0
91 123 0
102 123 0
103 123 0
104 123 0
105 123 0
116 123 0
118 123 0
128 123 0
129 123 0
130 123 0
131 123 0
143 123 0
155 123 0
156 123 0
157 123 0
170 123 0
182 123 0
18 124 0
39 124 0
65 124 0
77 124 0
89 124 0
91 124 0
103 124 0
104 124 0
117 124 0
118 124 0
129 124 0
130 124 0
143 124 0
157 124 0
169 124 0
170 124 0
27 125 0
63 125 0
65 125 0
75 125 0
77 125 0
89 125 0
91 125 0
103 125 0
104 125 0
105 125 0
116 125 0
118 125 0
130 125 0
141 125 0
143 125 0
155 125 0
156 125 0
157 125 0
168 125 0
170 125 0
179 125 0
182 125 0
27 126 0
28 126 0
29 126 0
52 126 0
77 126 0
89 126 0
91 126 0
103 126 0
104 126 0
105 126 0
116 126 0
118 126 0
128 126 0
129 126 0
130 126 0
141 126 0
142 126 0
143 126 0
155 126 0
156 126 0
157 126 0
168 126 0
169 126 0
170 126 0
179 126 0
180 126 0
181 126 0
182 126 0
27 127 0
28 127 0
29 127 0
63 127 0
65 127 0
91 127 0
116 127 0
117 127 0
118 127 0
119 127 0
120 127 0
122 127 0
127 127 0
128 127 0
129 127 0
130 127 0
131 127 0
138 127 0
141 127 0
142 127 0
143 127 0
155 127 0
156 127 0
157 127 0
169 127 0
170 127 0
180 127 0
181 127 0
29 128 0
63 128 0
65 128 0
77 128 0
89 128 0
91 128 0
103 128 0
104 128 0
105 128 0
114 128 0
115 128 0
116 128 0
117 128 0
118 128 0
119 128 0
128 128 0
129 128 0
130 128 0
141 128 0
142 128 0
143 128 0
150 128 0
153 128 0
154 128 0
155 128 0
156 128 0
157 128 0
158 128 0
168 128 0
169 128 0
178 128 0
179 128 0
180 128 0
181 128 0
182 128 0
39 129 0
77 129 0
91 129 0
113 129 0
114 129 0
115 129 0
116 129 0
117 129 0
118 129 0
119 129 0
128 129 0
129 129 0
130 129 0
141 129 0
142 129 0
143 129 0
155 129 0
156 129 0
157 129 0
161 129 0
166 129 0
167 129 0
168 129 0
169 129 0
170 129 0
181 129 0
182 129 0
2 130 0
8 130 0
38 130 0
39 130 0
52 130 0
77 130 0
78 130 0
89 130 0
91 130 0
103 130 0
104 130 0
105 130 0
107 130 0
113 130 0
114 130 0
116 130 0
117 130 0
118 130 0
127 130 0
128 130 0
129 130 0
140 130 0
141 130 0
142 130 0
155 130 0
156 130 0
157 130 0
167 130 0
168 130 0
169 130 0
170 130 0
180 130 0
181 130 0
7 131 0
10 131 0
33 131 0
37 131 0
38 131 0
39 131 0
40 131 0
52 131 0
65 131 0
75 131 0
76 131 0
77 131 0
78 131 0
89 131 0
90 131 0
91 131 0
103 131 0
109 131 0
117 131 0
127 131 0
128 131 0
129 131 0
140 131 0
141 131 0
142 131 0
154 131 0
155 131 0
156 131 0
167 131 0
168 131 0
169 131 0
179 131 0
181 131 0
7 132 0
9 132 0
10 132 0
37 132 0
38 132 0
39 132 0
40 132 0
50 132 0
51 132 0
52 132 0
65 132 0
74 132 0
75 132 0
76 132 0
77 132 0
88 132 0
89 132 0
90 132 0
91 132 0
101 132 0
102 132 0
103 132 0
104 132 0
105 132 0
106 132 0
107 132 0
115 132 0
116 132 0
117 132 0
127 132 0
128 132 0
129 132 0
140 132 0
141 132 0
142 132 0
154 132 0
155 132 0
156 132 0
168 132 0
169 132 0
39 133 0
40 133 0
50 133 0
51 133 0
52 133 0
67 133 0
70 133 0
72 133 0
75 133 0
76 133 0
77 133 0
87 133 0
88 133 0
89 133 0
101 133 0
102 133 0
104 133 0
105 133 0
114 133 0
115 133 0
117 133 0
127 133 0
128 133 0
129 133 0
140 133 0
142 133 0
167 133 0
168 133 0
169 133 0
178 133 0
180 133 0
18 134 0
19 134 0
20 134 0
52 134 0
62 134 0
63 134 0
64 134 0
65 134 0
66 134 0
77 134 0
78 134 0
88 134 0
89 134 0
90 134 0
91 134 0
92 134 0
103 134 0
104 134 0
105 134 0
115 134 0
116 134 0
117 134 0
127 134 0
128 134 0
129 134 0
140 134 0
141 134 0
142 134 0
154 134 0
155 134 0
156 134 0
166 134 0
167 134 0
168 134 0
180 134 0
19 135 0
20 135 0
39 135 0
52 135 0
63 135 0
64 135 0
65 135 0
66 135 0
75 135 0
77 135 0
89 135 0
90 135 0
91 135 0
103 135 0
104 135 0
105 135 0
115 135 0
117 135 0
127 135 0
128 135 0
129 135 0
140 135 0
141 135 0
142 135 0
154 135 0
155 135 0
166 135 0
167 135 0
168 135 0
178 135 0
180 135 0
20 136 0
64 136 0
65 136 0
66 136 0
77 136 0
89 136 0
90 136 0
91 136 0
117 136 0
128 136 0
129 136 0
142 136 0
167 136 0
168 136 0
178 136 0
180 136 0
65 137 0
77 137 0
117 137 0
127 137 0
128 137 0
129 137 0
141 137 0
142 137 0
155 137 0
167 137 0
168 137 0
178 137 0
180 137 0
28 138 0
77 138 0
103 138 0
104 138 0
116 138 0
117 138 0
127 138 0
128 138 0
129 138 0
140 138 0
141 138 0
142 138 0
155 138 0
166 138 0
167 138 0
168 138 0
180 138 0
26 139 0
29 139 0
30 139 0
31 139 0
52 139 0
65 139 0
90 139 0
102 139 0
103 139 0
104 139 0
105 139 0
117 139 0
126 139 0
127 139 0
129 139 0
131 139 0
139 139 0
140 139 0
141 139 0
142 139 0
153 139 0
154 139 0
155 139 0
166 139 0
167 139 0
168 139 0
178 139 0
179 139 0
24 140 0
29 140 0
30 140 0
31 140 0
76 140 0
77 140 0
89 140 0
90 140 0
102 140 0
103 140 0
104 140 0
105 140 0
115 140 0
126 140 0
127 140 0
128 140 0
129 140 0
138 140 0
139 140 0
140 140 0
141 140 0
142 140 0
153 140 0
154 140 0
161 140 0
165 140 0
166 140 0
167 140 0
177 140 0
178 140 0
179 140 0
180 140 0
77 141 0
78 141 0
89 141 0
90 141 0
114 141 0
115 141 0
116 141 0
127 141 0
128 141 0
129 141 0
140 141 0
141 141 0
149 141 0
151 141 0
152 141 0
153 141 0
154 141 0
155 141 0
163 141 0
164 141 0
165 141 0
166 141 0
167 141 0
177 141 0
178 141 0
179 141 0
180 141 0
65 142 0
77 142 0
78 142 0
89 142 0
90 142 0
91 142 0
103 142 0
104 142 0
113 142 0
114 142 0
115 142 0
116 142 0
117 142 0
118 142 0
126 142 0
127 142 0
128 142 0
139 142 0
140 142 0
141 142 0
152 142 0
153 142 0
154 142 0
155 142 0
165 142 0
166 142 0
167 142 0
168 142 0
177 142 0
178 142 0
179 142 0
184 142 0
187 142 0
77 143 0
78 143 0
89 143 0
103 143 0
104 143 0
105 143 0
111 143 0
112 143 0
115 143 0
116 143 0
117 143 0
126 143 0
127 143 0
139 143 0
140 143 0
141 143 0
153 143 0
154 143 0
165 143 0
166 143 0
167 143 0
174 143 0
175 143 0
176 143 0
177 143 0
178 143 0
180 143 0
181 143 0
182 143 0
60 144 0
63 144 0
64 144 0
68 144 0
89 144 0
90 144 0
91 144 0
102 144 0
107 144 0
110 144 0
111 144 0
112 144 0
115 144 0
116 144 0
126 144 0
127 144 0
128 144 0
139 144 0
140 144 0
160 144 0
162 144 0
163 144 0
164 144 0
165 144 0
166 144 0
168 144 0
170 144 0
173 144 0
3 145 0
5 145 0
73 145 0
75 145 0
83 145 0
87 145 0
89 145 0
90 145 0
91 145 0
101 145 0
102 145 0
103 145 0
105 145 0
114 145 0
116 145 0
126 145 0
128 145 0
137 145 0
138 145 0
139 145 0
143 145 0
144 145 0
145 145 0
146 145 0
147 145 0
148 145 0
150 145 0
151 145 0
152 145 0
153 145 0
2 146 0
97 146 0
98 146 0
100 146 0
101 146 0
102 146 0
103 146 0
110 146 0
113 146 0
114 146 0
115 146 0
118 146 0
119 146 0
120 146 0
121 146 0
122 146 0
125 146 0
126 146 0
127 146 0
131 146 0
12 147 0
21 147 0
4 149 0
32 149 0
41 149 0
178 149 0
181 149 0
182 149 0
3 150 0
29 150 0
30 150 0
31 150 0
32 150 0
40 150 0
41 150 0
165 150 0
170 150 0
171 150 0
172 150 0
173 150 0
178 150 0
3 151 0
4 151 0
30 151 0
31 151 0
32 151 0
41 151 0
157 151 0
158 151 0
165 151 0
175 151 0
23 152 0
27 152 0
32 152 0
41 152 0
153 152 0
161 152 0
162 152 0
165 152 0
175 152 0
176 152 0
177 152 0
178 152 0
66 153 0
67 153 0
78 153 0
79 153 0
90 153 0
91 153 0
96 153 0
97 153 0
103 153 0
104 153 0
105 153 0
107 153 0
115 153 0
116 153 0
127 153 0
140 153 0
152 153 0
153 153 0
154 153 0
163 153 0
164 153 0
165 153 0
166 153 0
177 153 0
4 154 0
5 154 0
66 154 0
78 154 0
79 154 0
90 154 0
91 154 0
103 154 0
104 154 0
113 154 0
114 154 0
115 154 0
116 154 0
117 154 0
127 154 0
129 154 0
139 154 0
140 154 0
151 154 0
152 154 0
153 154 0
163 154 0
164 154 0
165 154 0
176 154 0
177 154 0
11 155 0
13 155 0
14 155 0
40 155 0
90 155 0
91 155 0
104 155 0
111 155 0
113 155 0
115 155 0
116 155 0
126 155 0
127 155 0
139 155 0
151 155 0
152 155 0
162 155 0
164 155 0
165 155 0
177 155 0
13 156 0
40 156 0
42 156 0
43 156 0
76 156 0
77 156 0
78 156 0
89 156 0
90 156 0
91 156 0
110 156 0
115 156 0
116 156 0
139 156 0
151 156 0
152 156 0
164 156 0
175 156 0
22 157 0
24 157 0
40 157 0
41 157 0
42 157 0
54 157 0
64 157 0
66 157 0
76 157 0
78 157 0
101 157 0
102 157 0
103 157 0
115 157 0
127 157 0
151 157 0
152 157 0
161 157 0
164 157 0
23 158 0
24 158 0
42 158 0
52 158 0
53 158 0
54 158 0
74 158 0
75 158 0
78 158 0
79 158 0
88 158 0
89 158 0
90 158 0
91 158 0
101 158 0
102 158 0
103 158 0
104 158 0
113 158 0
115 158 0
125 158 0
126 158 0
127 158 0
137 158 0
138 158 0
139 158 0
151 158 0
164 158 0
176 158 0
52 159 0
54 159 0
65 159 0
67 159 0
88 159 0
89 159 0
90 159 0
91 159 0
102 159 0
103 159 0
104 159 0
115 159 0
137 159 0
139 159 0
150 159 0
151 159 0
152 159 0
162 159 0
164 159 0
4 160 0
67 160 0
89 160 0
90 160 0
91 160 0
103 160 0
125 160 0
126 160 0
151 160 0
162 160 0
163 160 0
174 160 0
175 160 0
176 160 0
6 161 0
7 161 0
66 161 0
67 161 0
78 161 0
90 161 0
103 161 0
112 161 0
125 161 0
136 161 0
139 161 0
151 161 0
163 161 0
164 161 0
174 161 0
175 161 0
183 161 0
184 161 0
7 162 0
90 162 0
91 162 0
97 162 0
103 162 0
113 162 0
115 162 0
124 162 0
125 162 0
126 162 0
127 162 0
128 162 0
138 162 0
149 162 0
151 162 0
161 162 0
163 162 0
164 162 0
172 162 0
173 162 0
174 162 0
175 162 0
185 162 0
186 162 0
32 163 0
33 163 0
34 163 0
89 163 0
90 163 0
96 163 0
97 163 0
115 163 0
123 163 0
124 163 0
125 163 0
126 163 0
127 163 0
136 163 0
137 163 0
138 163 0
147 163 0
149 163 0
150 163 0
151 163 0
160 163 0
161 163 0
162 163 0
163 163 0
164 163 0
173 163 0
174 163 0
175 163 0
90 164 0
91 164 0
102 164 0
103 164 0
113 164 0
115 164 0
121 164 0
122 164 0
126 164 0
127 164 0
136 164 0
137 164 0
138 164 0
149 164 0
150 164 0
151 164 0
162 164 0
163 164 0
164 164 0
174 164 0
175 164 0
2 165 0
3 165 0
11 165 0
15 165 0
16 165 0
67 165 0
79 165 0
89 165 0
91 165 0
103 165 0
109 165 0
112 165 0
113 165 0
114 165 0
115 165 0
126 165 0
138 165 0
149 165 0
150 165 0
151 165 0
2 166 0
15 166 0
78 166 0
79 166 0
111 166 0
114 166 0
115 166 0
116 166 0
136 166 0
138 166 0
150 166 0
161 166 0
163 166 0
41 167 0
42 167 0
43 167 0
44 167 0
76 167 0
105 167 0
106 167 0
124 167 0
126 167 0
138 167 0
150 167 0
160 167 0
161 167 0
162 167 0
24 168 0
26 168 0
43 168 0
44 168 0
76 168 0
77 168 0
79 168 0
91 168 0
102 168 0
104 168 0
124 168 0
125 168 0
126 168 0
136 168 0
148 168 0
160 168 0
162 168 0
174 168 0
25 169 0
26 169 0
53 169 0
54 169 0
55 169 0
66 169 0
79 169 0
80 169 0
89 169 0
90 169 0
91 169 0
100 169 0
101 169 0
102 169 0
103 169 0
104 169 0
115 169 0
150 169 0
160 169 0
162 169 0
174 169 0
9 170 0
10 170 0
55 170 0
56 170 0
65 170 0
66 170 0
68 170 0
79 170 0
90 170 0
91 170 0
101 170 0
102 170 0
103 170 0
104 170 0
115 170 0
124 170 0
137 170 0
150 170 0
160 170 0
162 170 0
8 171 0
9 171 0
10 171 0
55 171 0
68 171 0
91 171 0
103 171 0
137 171 0
139 171 0
140 171 0
144 171 0
150 171 0
161 171 0
162 171 0
171 171 0
183 171 0
184 171 0
33 172 0
35 172 0
79 172 0
103 172 0
113 172 0
115 172 0
124 172 0
125 172 0
126 172 0
136 172 0
137 172 0
141 172 0
142 172 0
150 172 0
169 172 0
170 172 0
171 172 0
173 172 0
174 172 0
179 172 0
182 172 0
184 172 0
34 173 0
35 173 0
36 173 0
79 173 0
91 173 0
102 173 0
103 173 0
104 173 0
113 173 0
122 173 0
123 173 0
124 173 0
125 173 0
133 173 0
134 173 0
137 173 0
139 173 0
146 173 0
147 173 0
149 173 0
150 173 0
157 173 0
159 173 0
160 173 0
161 173 0
163 173 0
180 173 0
183 173 0
5 174 0
91 174 0
119 174 0
124 174 0
125 174 0
126 174 0
130 174 0
135 174 0
136 174 0
137 174 0
138 174 0
148 174 0
149 174 0
157 174 0
158 174 0
159 174 0
161 174 0
162 174 0
163 174 0
164 174 0
16 175 0
18 175 0
113 175 0
114 175 0
115 175 0
124 175 0
125 175 0
127 175 0
130 175 0
135 175 0
136 175 0
137 175 0
147 175 0
149 175 0
160 175 0
161 175 0
162 175 0
165 175 0
18 176 0
80 176 0
102 176 0
104 176 0
113 176 0
114 176 0
115 176 0
116 176 0
123 176 0
125 176 0
127 176 0
128 176 0
129 176 0
135 176 0
136 176 0
147 176 0
149 176 0
163 176 0
164 176 0
168 176 0
180 176 0
181 176 0
183 176 0
46 177 0
80 177 0
91 177 0
115 177 0
127 177 0
134 177 0
136 177 0
147 177 0
148 177 0
149 177 0
165 177 0
173 177 0
92 44 1
93 44 1
105 44 1
91 45 1
92 45 1
93 45 1
94 45 1
100 45 1
101 45 1
108 45 1
109 45 1
90 46 1
91 46 1
92 46 1
94 46 1
95 46 1
108 46 1
90 47 1
91 47 1
92 47 1
101 47 1
102 47 1
89 48 1
90 48 1
91 48 1
100 48 1
101 48 1
102 48 1
103 48 1
109 48 1
110 48 1
111 48 1
88 49 1
89 49 1
90 49 1
91 49 1
100 49 1
101 49 1
102 49 1
111 49 1
112 49 1
88 50 1
89 50 1
90 50 1
91 50 1
98 50 1
99 50 1
100 50 1
101 50 1
102 50 1
103 50 1
109 50 1
110 50 1
111 50 1
112 50 1
88 51 1
89 51 1
90 51 1
102 51 1
103 51 1
104 51 1
109 51 1
110 51 1
111 51 1
112 51 1
113 51 1
88 52 1
89 52 1
100 52 1
101 52 1
102 52 1
111 52 1
112 52 1
113 52 1
114 52 1
115 52 1
88 53 1
89 53 1
90 53 1
91 53 1
96 53 1
97 53 1
98 53 1
103 53 1
112 53 1
113 53 1
87 54 1
88 54 1
89 54 1
90 54 1
97 54 1
98 54 1
100 54 1
112 54 1
113 54 1
87 55 1
88 55 1
89 55 1
90 55 1
92 55 1
100 55 1
101 55 1
102 55 1
111 55 1
112 55 1
113 55 1
82 56 1
87 56 1
88 56 1
89 56 1
90 56 1
91 56 1
96 56 1
97 56 1
111 56 1
112 56 1
113 56 1
87 57 1
88 57 1
89 57 1
90 57 1
91 57 1
92 57 1
96 57 1
97 57 1
110 57 1
111 57 1
112 57 1
113 57 1
114 57 1
116 57 1
119 57 1
122 57 1
78 58 1
87 58 1
88 58 1
89 58 1
90 58 1
92 58 1
97 58 1
103 58 1
110 58 1
111 58 1
112 58 1
113 58 1
114 58 1
115 58 1
116 58 1
117 58 1
77 59 1
82 59 1
85 59 1
87 59 1
88 59 1
89 59 1
90 59 1
91 59 1
92 59 1
110 59 1
111 59 1
112 59 1
113 59 1
114 59 1
115 59 1
118 59 1
82 60 1
88 60 1
89 60 1
90 60 1
91 60 1
92 60 1
93 60 1
109 60 1
110 60 1
111 60 1
112 60 1
113 60 1
114 60 1
116 60 1
89 61 1
90 61 1
91 61 1
92 61 1
93 61 1
109 61 1
110 61 1
111 61 1
112 61 1
113 61 1
114 61 1
115 61 1
90 62 1
91 62 1
92 62 1
93 62 1
95 62 1
108 62 1
109 62 1
110 62 1
111 62 1
112 62 1
113 62 1
90 63 1
91 63 1
92 63 1
93 63 1
94 63 1
107 63 1
108 63 1
109 63 1
110 63 1
111 63 1
83 64 1
91 64 1
92 64 1
93 64 1
94 64 1
95 64 1
96 64 1
97 64 1
106 64 1
107 64 1
108 64 1
109 64 1
110 64 1
111 64 1
92 65 1
93 65 1
94 65 1
95 65 1
96 65 1
97 65 1
101 65 1
102 65 1
105 65 1
106 65 1
107 65 1
108 65 1
109 65 1
110 65 1
93 66 1
94 66 1
95 66 1
96 66 1
97 66 1
98 66 1
99 66 1
100 66 1
104 66 1
105 66 1
106 66 1
108 66 1
109 66 1
94 67 1
95 67 1
96 67 1
97 67 1
98 67 1
99 67 1
