90 1 0
146 1 0
159 1 0
160 1 0
173 1 0
174 1 0
185 1 0
186 1 0
4 2 0
37 2 0
62 2 0
76 2 0
88 2 0
89 2 0
90 2 0
104 2 0
105 2 0
118 2 0
119 2 0
132 2 0
133 2 0
145 2 0
146 2 0
147 2 0
159 2 0
160 2 0
161 2 0
172 2 0
173 2 0
174 2 0
175 2 0
179 2 0
180 2 0
184 2 0
185 2 0
186 2 0
3 3 0
4 3 0
5 3 0
6 3 0
14 3 0
26 3 0
61 3 0
62 3 0
76 3 0
89 3 0
90 3 0
102 3 0
103 3 0
104 3 0
105 3 0
117 3 0
118 3 0
119 3 0
131 3 0
132 3 0
133 3 0
145 3 0
146 3 0
147 3 0
159 3 0
160 3 0
172 3 0
173 3 0
174 3 0
180 3 0
184 3 0
185 3 0
186 3 0
3 4 0
5 4 0
6 4 0
14 4 0
15 4 0
62 4 0
74 4 0
75 4 0
89 4 0
90 4 0
103 4 0
104 4 0
117 4 0
118 4 0
119 4 0
131 4 0
132 4 0
133 4 0
146 4 0
147 4 0
158 4 0
159 4 0
160 4 0
172 4 0
173 4 0
174 4 0
186 4 0
4 5 0
5 5 0
14 5 0
15 5 0
24 5 0
75 5 0
88 5 0
102 5 0
103 5 0
104 5 0
105 5 0
117 5 0
118 5 0
119 5 0
131 5 0
132 5 0
133 5 0
145 5 0
146 5 0
147 5 0
158 5 0
159 5 0
160 5 0
172 5 0
173 5 0
174 5 0
185 5 0
186 5 0
14 6 0
15 6 0
24 6 0
25 6 0
26 6 0
74 6 0
75 6 0
88 6 0
89 6 0
102 6 0
103 6 0
104 6 0
117 6 0
118 6 0
119 6 0
145 6 0
146 6 0
147 6 0
158 6 0
159 6 0
160 6 0
172 6 0
173 6 0
174 6 0
185 6 0
186 6 0
25 7 0
26 7 0
30 7 0
48 7 0
75 7 0
88 7 0
89 7 0
102 7 0
103 7 0
104 7 0
116 7 0
117 7 0
118 7 0
131 7 0
132 7 0
133 7 0
145 7 0
146 7 0
147 7 0
159 7 0
160 7 0
172 7 0
173 7 0
174 7 0
184 7 0
185 7 0
186 7 0
25 8 0
35 8 0
61 8 0
73 8 0
74 8 0
75 8 0
87 8 0
88 8 0
89 8 0
102 8 0
103 8 0
104 8 0
117 8 0
118 8 0
130 8 0
131 8 0
132 8 0
145 8 0
146 8 0
147 8 0
159 8 0
160 8 0
172 8 0
173 8 0
174 8 0
184 8 0
185 8 0
25 9 0
34 9 0
35 9 0
36 9 0
37 9 0
61 9 0
74 9 0
75 9 0
87 9 0
88 9 0
89 9 0
102 9 0
103 9 0
104 9 0
116 9 0
117 9 0
118 9 0
127 9 0
128 9 0
129 9 0
130 9 0
131 9 0
132 9 0
137 9 0
144 9 0
145 9 0
146 9 0
158 9 0
159 9 0
160 9 0
172 9 0
173 9 0
174 9 0
185 9 0
14 10 0
35 10 0
36 10 0
41 10 0
74 10 0
75 10 0
87 10 0
88 10 0
89 10 0
102 10 0
103 10 0
114 10 0
115 10 0
116 10 0
117 10 0
118 10 0
119 10 0
120 10 0
121 10 0
127 10 0
128 10 0
129 10 0
130 10 0
131 10 0
132 10 0
133 10 0
138 10 0
142 10 0
143 10 0
144 10 0
145 10 0
146 10 0
158 10 0
159 10 0
160 10 0
172 10 0
173 10 0
174 10 0
185 10 0
14 11 0
24 11 0
34 11 0
35 11 0
46 11 0
47 11 0
48 11 0
58 11 0
59 11 0
60 11 0
86 11 0
87 11 0
88 11 0
89 11 0
90 11 0
101 11 0
102 11 0
103 11 0
104 11 0
105 11 0
109 11 0
110 11 0
111 11 0
112 11 0
113 11 0
114 11 0
116 11 0
117 11 0
118 11 0
119 11 0
131 11 0
132 11 0
133 11 0
144 11 0
145 11 0
146 11 0
158 11 0
159 11 0
160 11 0
172 11 0
173 11 0
174 11 0
184 11 0
24 12 0
34 12 0
35 12 0
46 12 0
47 12 0
48 12 0
57 12 0
58 12 0
59 12 0
60 12 0
73 12 0
82 12 0
83 12 0
85 12 0
86 12 0
87 12 0
88 12 0
89 12 0
90 12 0
91 12 0
99 12 0
100 12 0
101 12 0
102 12 0
103 12 0
104 12 0
105 12 0
106 12 0
108 12 0
110 12 0
111 12 0
116 12 0
117 12 0
118 12 0
130 12 0
131 12 0
132 12 0
145 12 0
146 12 0
156 12 0
157 12 0
158 12 0
159 12 0
160 12 0
172 12 0
173 12 0
174 12 0
184 12 0
185 12 0
4 13 0
35 13 0
47 13 0
48 13 0
60 13 0
61 13 0
72 13 0
73 13 0
74 13 0
75 13 0
79 13 0
82 13 0
83 13 0
84 13 0
88 13 0
89 13 0
102 13 0
103 13 0
104 13 0
116 13 0
117 13 0
118 13 0
130 13 0
131 13 0
132 13 0
144 13 0
145 13 0
146 13 0
157 13 0
158 13 0
159 13 0
160 13 0
166 13 0
170 13 0
171 13 0
172 13 0
173 13 0
174 13 0
184 13 0
185 13 0
24 14 0
35 14 0
59 14 0
60 14 0
70 14 0
71 14 0
72 14 0
73 14 0
74 14 0
75 14 0
87 14 0
88 14 0
89 14 0
101 14 0
102 14 0
103 14 0
104 14 0
115 14 0
116 14 0
117 14 0
118 14 0
129 14 0
130 14 0
131 14 0
132 14 0
143 14 0
144 14 0
145 14 0
146 14 0
157 14 0
158 14 0
159 14 0
160 14 0
171 14 0
172 14 0
173 14 0
174 14 0
180 14 0
184 14 0
185 14 0
47 15 0
60 15 0
70 15 0
71 15 0
74 15 0
75 15 0
87 15 0
88 15 0
101 15 0
102 15 0
103 15 0
115 15 0
116 15 0
117 15 0
131 15 0
132 15 0
143 15 0
144 15 0
145 15 0
146 15 0
157 15 0
158 15 0
159 15 0
172 15 0
173 15 0
174 15 0
185 15 0
2 16 0
3 16 0
13 16 0
34 16 0
58 16 0
60 16 0
74 16 0
86 16 0
87 16 0
88 16 0
101 16 0
102 16 0
103 16 0
115 16 0
116 16 0
117 16 0
129 16 0
130 16 0
131 16 0
144 16 0
145 16 0
146 16 0
157 16 0
158 16 0
159 16 0
171 16 0
172 16 0
173 16 0
182 16 0
183 16 0
186 16 0
187 16 0
1 17 0
2 17 0
3 17 0
13 17 0
23 17 0
34 17 0
58 17 0
59 17 0
60 17 0
87 17 0
88 17 0
101 17 0
102 17 0
103 17 0
116 17 0
117 17 0
129 17 0
130 17 0
131 17 0
144 17 0
145 17 0
146 17 0
157 17 0
158 17 0
159 17 0
171 17 0
172 17 0
173 17 0
183 17 0
184 17 0
185 17 0
186 17 0
3 18 0
11 18 0
12 18 0
34 18 0
59 18 0
60 18 0
72 18 0
73 18 0
74 18 0
86 18 0
87 18 0
88 18 0
100 18 0
101 18 0
102 18 0
115 18 0
116 18 0
117 18 0
129 18 0
130 18 0
131 18 0
144 18 0
145 18 0
146 18 0
157 18 0
158 18 0
159 18 0
171 18 0
172 18 0
173 18 0
184 18 0
185 18 0
3 19 0
11 19 0
12 19 0
13 19 0
14 19 0
34 19 0
60 19 0
72 19 0
73 19 0
86 19 0
87 19 0
88 19 0
100 19 0
101 19 0
102 19 0
114 19 0
115 19 0
116 19 0
117 19 0
129 19 0
130 19 0
131 19 0
143 19 0
144 19 0
145 19 0
146 19 0
157 19 0
158 19 0
159 19 0
171 19 0
172 19 0
173 19 0
184 19 0
185 19 0
12 20 0
13 20 0
20 20 0
21 20 0
22 20 0
23 20 0
34 20 0
59 20 0
73 20 0
86 20 0
87 20 0
88 20 0
100 20 0
101 20 0
102 20 0
114 20 0
115 20 0
116 20 0
117 20 0
129 20 0
130 20 0
131 20 0
143 20 0
144 20 0
145 20 0
146 20 0
157 20 0
158 20 0
159 20 0
171 20 0
172 20 0
173 20 0
184 20 0
185 20 0
12 21 0
20 21 0
21 21 0
22 21 0
23 21 0
33 21 0
34 21 0
46 21 0
47 21 0
59 21 0
72 21 0
73 21 0
85 21 0
86 21 0
87 21 0
88 21 0
100 21 0
101 21 0
102 21 0
114 21 0
115 21 0
116 21 0
128 21 0
129 21 0
130 21 0
131 21 0
143 21 0
144 21 0
145 21 0
157 21 0
158 21 0
159 21 0
171 21 0
172 21 0
173 21 0
183 21 0
184 21 0
185 21 0
12 22 0
22 22 0
23 22 0
25 22 0
26 22 0
34 22 0
46 22 0
59 22 0
71 22 0
72 22 0
73 22 0
85 22 0
86 22 0
87 22 0
88 22 0
100 22 0
101 22 0
102 22 0
115 22 0
116 22 0
128 22 0
129 22 0
130 22 0
131 22 0
143 22 0
144 22 0
145 22 0
157 22 0
158 22 0
159 22 0
171 22 0
172 22 0
183 22 0
184 22 0
185 22 0
11 23 0
12 23 0
27 23 0
32 23 0
44 23 0
46 23 0
57 23 0
59 23 0
73 23 0
87 23 0
99 23 0
100 23 0
101 23 0
102 23 0
115 23 0
116 23 0
128 23 0
129 23 0
130 23 0
131 23 0
143 23 0
144 23 0
145 23 0
157 23 0
158 23 0
159 23 0
171 23 0
172 23 0
183 23 0
184 23 0
185 23 0
12 24 0
31 24 0
32 24 0
33 24 0
34 24 0
44 24 0
45 24 0
46 24 0
72 24 0
73 24 0
85 24 0
86 24 0
87 24 0
100 24 0
101 24 0
102 24 0
115 24 0
117 24 0
119 24 0
126 24 0
127 24 0
128 24 0
129 24 0
130 24 0
131 24 0
143 24 0
144 24 0
145 24 0
156 24 0
157 24 0
158 24 0
159 24 0
171 24 0
172 24 0
183 24 0
184 24 0
185 24 0
2 25 0
32 25 0
33 25 0
34 25 0
44 25 0
45 25 0
46 25 0
59 25 0
71 25 0
72 25 0
73 25 0
85 25 0
86 25 0
87 25 0
99 25 0
100 25 0
101 25 0
102 25 0
113 25 0
114 25 0
115 25 0
116 25 0
117 25 0
118 25 0
128 25 0
129 25 0
130 25 0
138 25 0
141 25 0
142 25 0
143 25 0
144 25 0
145 25 0
149 25 0
156 25 0
157 25 0
158 25 0
159 25 0
170 25 0
171 25 0
172 25 0
183 25 0
184 25 0
185 25 0
11 26 0
12 26 0
33 26 0
43 26 0
44 26 0
45 26 0
46 26 0
57 26 0
58 26 0
72 26 0
73 26 0
85 26 0
86 26 0
87 26 0
88 26 0
99 26 0
100 26 0
101 26 0
102 26 0
109 26 0
111 26 0
112 26 0
113 26 0
114 26 0
115 26 0
116 26 0
117 26 0
129 26 0
130 26 0
131 26 0
143 26 0
144 26 0
145 26 0
146 26 0
149 26 0
150 26 0
153 26 0
154 26 0
155 26 0
156 26 0
157 26 0
158 26 0
159 26 0
160 26 0
170 26 0
171 26 0
172 26 0
183 26 0
184 26 0
185 26 0
2 27 0
11 27 0
22 27 0
33 27 0
45 27 0
46 27 0
55 27 0
56 27 0
57 27 0
58 27 0
59 27 0
60 27 0
71 27 0
72 27 0
83 27 0
84 27 0
85 27 0
86 27 0
87 27 0
88 27 0
89 27 0
98 27 0
99 27 0
100 27 0
101 27 0
102 27 0
105 27 0
106 27 0
107 27 0
109 27 0
110 27 0
114 27 0
115 27 0
116 27 0
117 27 0
128 27 0
129 27 0
130 27 0
142 27 0
143 27 0
144 27 0
145 27 0
156 27 0
157 27 0
158 27 0
161 27 0
170 27 0
171 27 0
172 27 0
183 27 0
184 27 0
185 27 0
11 28 0
33 28 0
45 28 0
54 28 0
55 28 0
58 28 0
59 28 0
70 28 0
71 28 0
72 28 0
80 28 0
81 28 0
82 28 0
83 28 0
84 28 0
85 28 0
86 28 0
87 28 0
88 28 0
99 28 0
100 28 0
101 28 0
102 28 0
103 28 0
113 28 0
114 28 0
115 28 0
116 28 0
128 28 0
129 28 0
130 28 0
142 28 0
143 28 0
144 28 0
156 28 0
157 28 0
158 28 0
171 28 0
172 28 0
183 28 0
184 28 0
185 28 0
33 29 0
43 29 0
45 29 0
57 29 0
58 29 0
59 29 0
66 29 0
69 29 0
70 29 0
71 29 0
72 29 0
73 29 0
74 29 0
75 29 0
76 29 0
77 29 0
78 29 0
79 29 0
80 29 0
81 29 0
82 29 0
85 29 0
86 29 0
87 29 0
99 29 0
101 29 0
102 29 0
113 29 0
114 29 0
115 29 0
129 29 0
130 29 0
142 29 0
143 29 0
144 29 0
156 29 0
157 29 0
158 29 0
170 29 0
171 29 0
172 29 0
177 29 0
179 29 0
181 29 0
183 29 0
184 29 0
185 29 0
2 30 0
16 30 0
17 30 0
18 30 0
19 30 0
45 30 0
56 30 0
58 30 0
71 30 0
72 30 0
73 30 0
75 30 0
76 30 0
84 30 0
85 30 0
86 30 0
99 30 0
101 30 0
113 30 0
114 30 0
115 30 0
128 30 0
129 30 0
130 30 0
142 30 0
143 30 0
144 30 0
156 30 0
157 30 0
158 30 0
170 30 0
171 30 0
172 30 0
178 30 0
179 30 0
182 30 0
183 30 0
184 30 0
185 30 0
187 30 0
1 31 0
2 31 0
5 31 0
16 31 0
17 31 0
19 31 0
20 31 0
21 31 0
32 31 0
44 31 0
45 31 0
58 31 0
70 31 0
71 31 0
72 31 0
84 31 0
85 31 0
86 31 0
100 31 0
101 31 0
113 31 0
114 31 0
115 31 0
128 31 0
129 31 0
130 31 0
142 31 0
143 31 0
144 31 0
156 31 0
157 31 0
158 31 0
170 31 0
171 31 0
172 31 0
182 31 0
183 31 0
184 31 0
185 31 0
1 32 0
8 32 0
9 32 0
10 32 0
16 32 0
17 32 0
19 32 0
20 32 0
21 32 0
32 32 0
44 32 0
45 32 0
71 32 0
72 32 0
84 32 0
85 32 0
86 32 0
100 32 0
101 32 0
113 32 0
114 32 0
115 32 0
127 32 0
128 32 0
129 32 0
130 32 0
142 32 0
143 32 0
144 32 0
155 32 0
156 32 0
157 32 0
158 32 0
170 32 0
171 32 0
183 32 0
184 32 0
10 33 0
11 33 0
16 33 0
17 33 0
19 33 0
20 33 0
21 33 0
31 33 0
32 33 0
57 33 0
58 33 0
70 33 0
71 33 0
72 33 0
86 33 0
98 33 0
99 33 0
100 33 0
101 33 0
113 33 0
114 33 0
115 33 0
127 33 0
128 33 0
129 33 0
130 33 0
142 33 0
143 33 0
144 33 0
156 33 0
157 33 0
158 33 0
169 33 0
170 33 0
171 33 0
183 33 0
184 33 0
10 34 0
11 34 0
16 34 0
17 34 0
18 34 0
19 34 0
20 34 0
21 34 0
32 34 0
57 34 0
58 34 0
70 34 0
71 34 0
72 34 0
83 34 0
84 34 0
85 34 0
86 34 0
100 34 0
101 34 0
113 34 0
114 34 0
115 34 0
127 34 0
128 34 0
129 34 0
130 34 0
141 34 0
142 34 0
143 34 0
144 34 0
155 34 0
156 34 0
157 34 0
158 34 0
169 34 0
170 34 0
171 34 0
183 34 0
184 34 0
9 35 0
10 35 0
19 35 0
42 35 0
44 35 0
70 35 0
71 35 0
72 35 0
84 35 0
85 35 0
86 35 0
99 35 0
100 35 0
101 35 0
113 35 0
114 35 0
115 35 0
127 35 0
128 35 0
129 35 0
130 35 0
141 35 0
142 35 0
143 35 0
144 35 0
155 35 0
156 35 0
157 35 0
169 35 0
170 35 0
171 35 0
183 35 0
184 35 0
6 36 0
10 36 0
19 36 0
21 36 0
30 36 0
32 36 0
42 36 0
44 36 0
57 36 0
70 36 0
71 36 0
72 36 0
83 36 0
84 36 0
85 36 0
98 36 0
99 36 0
100 36 0
101 36 0
113 36 0
114 36 0
115 36 0
127 36 0
128 36 0
129 36 0
141 36 0
142 36 0
143 36 0
144 36 0
155 36 0
156 36 0
157 36 0
169 36 0
170 36 0
171 36 0
182 36 0
183 36 0
184 36 0
6 37 0
10 37 0
19 37 0
20 37 0
21 37 0
32 37 0
42 37 0
44 37 0
69 37 0
70 37 0
71 37 0
83 37 0
84 37 0
85 37 0
86 37 0
98 37 0
99 37 0
100 37 0
113 37 0
114 37 0
115 37 0
127 37 0
128 37 0
129 37 0
141 37 0
142 37 0
143 37 0
154 37 0
155 37 0
156 37 0
157 37 0
169 37 0
170 37 0
171 37 0
182 37 0
183 37 0
184 37 0
6 38 0
10 38 0
20 38 0
30 38 0
31 38 0
32 38 0
42 38 0
44 38 0
57 38 0
69 38 0
71 38 0
83 38 0
84 38 0
85 38 0
98 38 0
99 38 0
100 38 0
113 38 0
114 38 0
115 38 0
127 38 0
128 38 0
129 38 0
141 38 0
142 38 0
143 38 0
155 38 0
156 38 0
157 38 0
169 38 0
170 38 0
171 38 0
182 38 0
183 38 0
184 38 0
6 39 0
10 39 0
29 39 0
30 39 0
31 39 0
32 39 0
42 39 0
43 39 0
44 39 0
71 39 0
83 39 0
84 39 0
85 39 0
99 39 0
100 39 0
113 39 0
114 39 0
115 39 0
126 39 0
127 39 0
128 39 0
129 39 0
134 39 0
141 39 0
142 39 0
143 39 0
155 39 0
156 39 0
157 39 0
169 39 0
170 39 0
171 39 0
182 39 0
183 39 0
184 39 0
5 40 0
6 40 0
8 40 0
10 40 0
20 40 0
29 40 0
30 40 0
31 40 0
32 40 0
42 40 0
43 40 0
69 40 0
70 40 0
71 40 0
83 40 0
84 40 0
85 40 0
99 40 0
100 40 0
112 40 0
113 40 0
114 40 0
115 40 0
119 40 0
121 40 0
125 40 0
126 40 0
127 40 0
128 40 0
129 40 0
130 40 0
135 40 0
139 40 0
140 40 0
141 40 0
142 40 0
143 40 0
155 40 0
157 40 0
169 40 0
170 40 0
171 40 0
182 40 0
183 40 0
184 40 0
5 41 0
6 41 0
10 41 0
20 41 0
31 41 0
41 41 0
42 41 0
45 41 0
46 41 0
55 41 0
56 41 0
57 41 0
69 41 0
70 41 0
71 41 0
83 41 0
84 41 0
85 41 0
99 41 0
110 41 0
111 41 0
112 41 0
113 41 0
114 41 0
115 41 0
116 41 0
117 41 0
118 41 0
119 41 0
127 41 0
128 41 0
129 41 0
141 41 0
142 41 0
143 41 0
145 41 0
153 41 0
154 41 0
155 41 0
156 41 0
157 41 0
162 41 0
168 41 0
169 41 0
170 41 0
171 41 0
182 41 0
183 41 0
184 41 0
3 42 0
4 42 0
5 42 0
6 42 0
10 42 0
20 42 0
31 42 0
40 42 0
41 42 0
42 42 0
43 42 0
44 42 0
45 42 0
54 42 0
55 42 0
56 42 0
57 42 0
70 42 0
71 42 0
83 42 0
84 42 0
85 42 0
97 42 0
98 42 0
99 42 0
103 42 0
104 42 0
105 42 0
109 42 0
110 42 0
111 42 0
112 42 0
113 42 0
114 42 0
115 42 0
127 42 0
128 42 0
129 42 0
141 42 0
142 42 0
143 42 0
147 42 0
152 42 0
153 42 0
154 42 0
155 42 0
156 42 0
157 42 0
164 42 0
167 42 0
168 42 0
169 42 0
170 42 0
171 42 0
182 42 0
183 42 0
184 42 0
3 43 0
4 43 0
5 43 0
6 43 0
8 43 0
10 43 0
20 43 0
29 43 0
31 43 0
40 43 0
43 43 0
44 43 0
54 43 0
55 43 0
56 43 0
57 43 0
69 43 0
70 43 0
71 43 0
81 43 0
82 43 0
83 43 0
84 43 0
85 43 0
86 43 0
96 43 0
97 43 0
98 43 0
99 43 0
100 43 0
101 43 0
103 43 0
104 43 0
112 43 0
113 43 0
114 43 0
115 43 0
128 43 0
141 43 0
142 43 0
154 43 0
155 43 0
156 43 0
157 43 0
168 43 0
169 43 0
170 43 0
171 43 0
177 43 0
182 43 0
183 43 0
3 44 0
4 44 0
5 44 0
6 44 0
8 44 0
20 44 0
43 44 0
55 44 0
56 44 0
57 44 0
69 44 0
70 44 0
71 44 0
72 44 0
73 44 0
74 44 0
77 44 0
78 44 0
79 44 0
80 44 0
81 44 0
82 44 0
83 44 0
84 44 0
85 44 0
86 44 0
93 44 0
96 44 0
97 44 0
98 44 0
99 44 0
100 44 0
110 44 0
112 44 0
113 44 0
114 44 0
126 44 0
128 44 0
140 44 0
141 44 0
142 44 0
155 44 0
156 44 0
168 44 0
169 44 0
170 44 0
171 44 0
177 44 0
178 44 0
181 44 0
182 44 0
183 44 0
5 45 0
8 45 0
9 45 0
10 45 0
18 45 0
20 45 0
43 45 0
55 45 0
56 45 0
57 45 0
69 45 0
70 45 0
71 45 0
72 45 0
73 45 0
79 45 0
83 45 0
84 45 0
85 45 0
97 45 0
98 45 0
99 45 0
100 45 0
112 45 0
113 45 0
114 45 0
126 45 0
127 45 0
128 45 0
140 45 0
141 45 0
142 45 0
154 45 0
155 45 0
156 45 0
168 45 0
169 45 0
170 45 0
180 45 0
181 45 0
182 45 0
183 45 0
184 45 0
5 46 0
8 46 0
9 46 0
20 46 0
31 46 0
43 46 0
55 46 0
56 46 0
57 46 0
69 46 0
70 46 0
71 46 0
72 46 0
83 46 0
84 46 0
85 46 0
97 46 0
98 46 0
99 46 0
126 46 0
127 46 0
128 46 0
140 46 0
141 46 0
142 46 0
154 46 0
155 46 0
156 46 0
168 46 0
169 46 0
170 46 0
181 46 0
182 46 0
183 46 0
184 46 0
5 47 0
6 47 0
7 47 0
8 47 0
9 47 0
13 47 0
18 47 0
19 47 0
43 47 0
69 47 0
70 47 0
71 47 0
85 47 0
96 47 0
97 47 0
98 47 0
99 47 0
112 47 0
113 47 0
114 47 0
125 47 0
127 47 0
128 47 0
140 47 0
141 47 0
142 47 0
154 47 0
155 47 0
156 47 0
168 47 0
169 47 0
170 47 0
181 47 0
182 47 0
183 47 0
9 48 0
56 48 0
98 48 0
99 48 0
111 48 0
112 48 0
113 48 0
127 48 0
128 48 0
140 48 0
141 48 0
142 48 0
154 48 0
155 48 0
156 48 0
168 48 0
169 48 0
170 48 0
181 48 0
182 48 0
183 48 0
98 49 0
99 49 0
111 49 0
112 49 0
113 49 0
127 49 0
128 49 0
140 49 0
141 49 0
142 49 0
153 49 0
154 49 0
155 49 0
168 49 0
169 49 0
170 49 0
181 49 0
182 49 0
183 49 0
9 50 0
20 50 0
111 50 0
112 50 0
113 50 0
127 50 0
128 50 0
140 50 0
141 50 0
142 50 0
153 50 0
154 50 0
155 50 0
168 50 0
169 50 0
170 50 0
180 50 0
181 50 0
182 50 0
183 50 0
9 51 0
19 51 0
111 51 0
113 51 0
126 51 0
127 51 0
140 51 0
141 51 0
142 51 0
154 51 0
155 51 0
167 51 0
168 51 0
169 51 0
170 51 0
181 51 0
182 51 0
9 52 0
30 52 0
56 52 0
111 52 0
112 52 0
113 52 0
126 52 0
127 52 0
140 52 0
141 52 0
154 52 0
155 52 0
167 52 0
168 52 0
169 52 0
181 52 0
182 52 0
42 53 0
56 53 0
111 53 0
112 53 0
113 53 0
126 53 0
127 53 0
140 53 0
141 53 0
151 53 0
154 53 0
155 53 0
167 53 0
168 53 0
169 53 0
181 53 0
182 53 0
183 53 0
30 54 0
31 54 0
42 54 0
113 54 0
124 54 0
125 54 0
126 54 0
127 54 0
139 54 0
140 54 0
141 54 0
150 54 0
151 54 0
152 54 0
153 54 0
154 54 0
155 54 0
156 54 0
157 54 0
167 54 0
168 54 0
169 54 0
179 54 0
181 54 0
182 54 0
183 54 0
30 55 0
31 55 0
121 55 0
123 55 0
124 55 0
125 55 0
126 55 0
127 55 0
128 55 0
137 55 0
138 55 0
139 55 0
140 55 0
149 55 0
150 55 0
151 55 0
153 55 0
154 55 0
155 55 0
156 55 0
157 55 0
167 55 0
168 55 0
169 55 0
179 55 0
181 55 0
182 55 0
19 56 0
28 56 0
30 56 0
40 56 0
55 56 0
56 56 0
124 56 0
125 56 0
126 56 0
127 56 0
138 56 0
139 56 0
140 56 0
141 56 0
142 56 0
147 56 0
148 56 0
150 56 0
151 56 0
153 56 0
156 56 0
157 56 0
167 56 0
168 56 0
169 56 0
179 56 0
182 56 0
30 57 0
38 57 0
40 57 0
42 57 0
43 57 0
44 57 0
54 57 0
55 57 0
56 57 0
110 57 0
112 57 0
113 57 0
126 57 0
127 57 0
139 57 0
140 57 0
141 57 0
152 57 0
153 57 0
154 57 0
156 57 0
157 57 0
166 57 0
167 57 0
168 57 0
169 57 0
170 57 0
176 57 0
178 57 0
179 57 0
182 57 0
42 58 0
43 58 0
54 58 0
111 58 0
112 58 0
113 58 0
140 58 0
141 58 0
153 58 0
154 58 0
155 58 0
162 58 0
163 58 0
165 58 0
167 58 0
168 58 0
169 58 0
170 58 0
176 58 0
177 58 0
179 58 0
180 58 0
181 58 0
182 58 0
42 59 0
54 59 0
55 59 0
56 59 0
111 59 0
112 59 0
113 59 0
126 59 0
140 59 0
152 59 0
153 59 0
154 59 0
167 59 0
168 59 0
169 59 0
179 59 0
180 59 0
181 59 0
182 59 0
183 59 0
8 60 0
42 60 0
54 60 0
55 60 0
56 60 0
112 60 0
125 60 0
126 60 0
167 60 0
168 60 0
169 60 0
178 60 0
179 60 0
180 60 0
181 60 0
182 60 0
7 61 0
8 61 0
42 61 0
55 61 0
56 61 0
111 61 0
112 61 0
126 61 0
140 61 0
154 61 0
167 61 0
168 61 0
178 61 0
179 61 0
182 61 0
7 62 0
8 62 0
9 62 0
42 62 0
54 62 0
55 62 0
111 62 0
112 62 0
126 62 0
140 62 0
154 62 0
178 62 0
7 63 0
8 63 0
40 63 0
41 63 0
42 63 0
54 63 0
55 63 0
111 63 0
112 63 0
124 63 0
125 63 0
139 63 0
140 63 0
151 63 0
153 63 0
154 63 0
167 63 0
168 63 0
181 63 0
11 64 0
30 64 0
55 64 0
111 64 0
112 64 0
124 64 0
125 64 0
126 64 0
138 64 0
139 64 0
140 64 0
152 64 0
153 64 0
154 64 0
167 64 0
168 64 0
181 64 0
16 65 0
17 65 0
18 65 0
19 65 0
55 65 0
110 65 0
112 65 0
124 65 0
125 65 0
126 65 0
139 65 0
140 65 0
151 65 0
152 65 0
153 65 0
154 65 0
165 65 0
167 65 0
168 65 0
179 65 0
180 65 0
181 65 0
18 66 0
19 66 0
55 66 0
111 66 0
112 66 0
123 66 0
124 66 0
125 66 0
126 66 0
137 66 0
138 66 0
139 66 0
140 66 0
152 66 0
153 66 0
154 66 0
165 66 0
166 66 0
167 66 0
168 66 0
181 66 0
18 67 0
55 67 0
112 67 0
123 67 0
124 67 0
125 67 0
137 67 0
139 67 0
152 67 0
153 67 0
154 67 0
165 67 0
166 67 0
167 67 0
168 67 0
179 67 0
180 67 0
181 67 0
18 68 0
25 68 0
28 68 0
29 68 0
53 68 0
55 68 0
94 68 0
95 68 0
96 68 0
97 68 0
112 68 0
123 68 0
124 68 0
125 68 0
137 68 0
138 68 0
139 68 0
140 68 0
151 68 0
152 68 0
153 68 0
154 68 0
166 68 0
167 68 0
168 68 0
180 68 0
181 68 0
18 69 0
29 69 0
30 69 0
83 69 0
95 69 0
96 69 0
97 69 0
111 69 0
112 69 0
123 69 0
124 69 0
137 69 0
138 69 0
139 69 0
152 69 0
153 69 0
165 69 0
166 69 0
167 69 0
180 69 0
181 69 0
29 70 0
30 70 0
41 70 0
81 70 0
83 70 0
95 70 0
96 70 0
97 70 0
110 70 0
111 70 0
112 70 0
122 70 0
123 70 0
124 70 0
125 70 0
126 70 0
127 70 0
136 70 0
137 70 0
138 70 0
139 70 0
151 70 0
152 70 0
153 70 0
154 70 0
165 70 0
166 70 0
167 70 0
180 70 0
41 71 0
54 71 0
55 71 0
81 71 0
82 71 0
83 71 0
95 71 0
96 71 0
110 71 0
111 71 0
112 71 0
121 71 0
122 71 0
123 71 0
124 71 0
125 71 0
126 71 0
136 71 0
137 71 0
138 71 0
139 71 0
148 71 0
149 71 0
150 71 0
151 71 0
152 71 0
153 71 0
154 71 0
160 71 0
165 71 0
166 71 0
167 71 0
168 71 0
178 71 0
179 71 0
180 71 0
29 72 0
39 72 0
40 72 0
53 72 0
55 72 0
69 72 0
81 72 0
82 72 0
83 72 0
95 72 0
96 72 0
108 72 0
109 72 0
110 72 0
111 72 0
112 72 0
114 72 0
117 72 0
121 72 0
122 72 0
123 72 0
124 72 0
125 72 0
137 72 0
138 72 0
139 72 0
151 72 0
152 72 0
153 72 0
154 72 0
161 72 0
164 72 0
165 72 0
166 72 0
167 72 0
168 72 0
169 72 0
175 72 0
178 72 0
179 72 0
180 72 0
41 73 0
42 73 0
52 73 0
53 73 0
55 73 0
69 73 0
80 73 0
81 73 0
82 73 0
83 73 0
94 73 0
95 73 0
96 73 0
106 73 0
107 73 0
108 73 0
109 73 0
110 73 0
111 73 0
112 73 0
113 73 0
115 73 0
116 73 0
117 73 0
123 73 0
124 73 0
125 73 0
137 73 0
138 73 0
139 73 0
151 73 0
152 73 0
153 73 0
165 73 0
166 73 0
167 73 0
175 73 0
176 73 0
177 73 0
179 73 0
180 73 0
39 74 0
41 74 0
51 74 0
52 74 0
53 74 0
54 74 0
55 74 0
67 74 0
68 74 0
69 74 0
70 74 0
73 74 0
74 74 0
75 74 0
78 74 0
79 74 0
80 74 0
81 74 0
82 74 0
83 74 0
92 74 0
93 74 0
94 74 0
95 74 0
96 74 0
97 74 0
99 74 0
100 74 0
103 74 0
104 74 0
105 74 0
106 74 0
109 74 0
110 74 0
111 74 0
112 74 0
122 74 0
123 74 0
124 74 0
136 74 0
137 74 0
138 74 0
139 74 0
151 74 0
152 74 0
153 74 0
165 74 0
166 74 0
167 74 0
177 74 0
178 74 0
179 74 0
180 74 0
181 74 0
184 74 0
41 75 0
53 75 0
54 75 0
55 75 0
67 75 0
70 75 0
73 75 0
74 75 0
81 75 0
82 75 0
83 75 0
84 75 0
87 75 0
91 75 0
92 75 0
93 75 0
94 75 0
96 75 0
97 75 0
98 75 0
101 75 0
109 75 0
110 75 0
111 75 0
122 75 0
123 75 0
124 75 0
136 75 0
138 75 0
151 75 0
152 75 0
165 75 0
166 75 0
167 75 0
178 75 0
179 75 0
180 75 0
181 75 0
6 76 0
7 76 0
54 76 0
65 76 0
66 76 0
67 76 0
68 76 0
69 76 0
70 76 0
80 76 0
81 76 0
82 76 0
90 76 0
91 76 0
95 76 0
96 76 0
97 76 0
109 76 0
110 76 0
111 76 0
123 76 0
124 76 0
136 76 0
138 76 0
151 76 0
152 76 0
165 76 0
166 76 0
167 76 0
178 76 0
179 76 0
180 76 0
7 77 0
8 77 0
9 77 0
54 77 0
67 77 0
68 77 0
69 77 0
81 77 0
82 77 0
94 77 0
95 77 0
96 77 0
109 77 0
110 77 0
111 77 0
124 77 0
136 77 0
137 77 0
138 77 0
150 77 0
151 77 0
152 77 0
165 77 0
166 77 0
178 77 0
179 77 0
7 78 0
8 78 0
9 78 0
54 78 0
68 78 0
69 78 0
81 78 0
82 78 0
94 78 0
95 78 0
96 78 0
109 78 0
110 78 0
111 78 0
122 78 0
123 78 0
124 78 0
137 78 0
138 78 0
150 78 0
152 78 0
165 78 0
166 78 0
177 78 0
178 78 0
179 78 0
7 79 0
16 79 0
17 79 0
18 79 0
54 79 0
66 79 0
68 79 0
81 79 0
82 79 0
94 79 0
95 79 0
96 79 0
109 79 0
110 79 0
122 79 0
124 79 0
136 79 0
137 79 0
138 79 0
150 79 0
151 79 0
152 79 0
164 79 0
165 79 0
166 79 0
177 79 0
179 79 0
15 80 0
16 80 0
18 80 0
66 80 0
68 80 0
81 80 0
82 80 0
94 80 0
95 80 0
109 80 0
110 80 0
122 80 0
124 80 0
137 80 0
138 80 0
150 80 0
151 80 0
152 80 0
164 80 0
165 80 0
166 80 0
177 80 0
178 80 0
179 80 0
18 81 0
21 81 0
29 81 0
54 81 0
68 81 0
81 81 0
82 81 0
94 81 0
95 81 0
96 81 0
108 81 0
110 81 0
122 81 0
123 81 0
124 81 0
138 81 0
149 81 0
151 81 0
152 81 0
164 81 0
165 81 0
166 81 0
177 81 0
178 81 0
179 81 0
18 82 0
29 82 0
54 82 0
68 82 0
82 82 0
93 82 0
94 82 0
95 82 0
108 82 0
109 82 0
110 82 0
124 82 0
136 82 0
137 82 0
138 82 0
150 82 0
151 82 0
152 82 0
164 82 0
165 82 0
166 82 0
177 82 0
178 82 0
179 82 0
28 83 0
54 83 0
68 83 0
80 83 0
94 83 0
95 83 0
108 83 0
109 83 0
110 83 0
123 83 0
124 83 0
136 83 0
137 83 0
151 83 0
152 83 0
164 83 0
165 83 0
177 83 0
178 83 0
179 83 0
27 84 0
28 84 0
30 84 0
54 84 0
68 84 0
80 84 0
82 84 0
95 84 0
109 84 0
110 84 0
122 84 0
123 84 0
124 84 0
135 84 0
136 84 0
137 84 0
149 84 0
151 84 0
152 84 0
163 84 0
164 84 0
165 84 0
177 84 0
178 84 0
179 84 0
28 85 0
29 85 0
30 85 0
34 85 0
54 85 0
68 85 0
80 85 0
82 85 0
94 85 0
95 85 0
109 85 0
110 85 0
120 85 0
121 85 0
122 85 0
123 85 0
124 85 0
134 85 0
135 85 0
136 85 0
143 85 0
144 85 0
149 85 0
151 85 0
163 85 0
164 85 0
165 85 0
176 85 0
177 85 0
178 85 0
28 86 0
29 86 0
54 86 0
68 86 0
81 86 0
82 86 0
93 86 0
94 86 0
95 86 0
108 86 0
109 86 0
120 86 0
121 86 0
122 86 0
123 86 0
124 86 0
133 86 0
134 86 0
135 86 0
136 86 0
137 86 0
138 86 0
148 86 0
149 86 0
151 86 0
152 86 0
164 86 0
177 86 0
178 86 0
29 87 0
38 87 0
39 87 0
54 87 0
68 87 0
81 87 0
82 87 0
94 87 0
95 87 0
113 87 0
114 87 0
118 87 0
119 87 0
120 87 0
121 87 0
122 87 0
123 87 0
124 87 0
135 87 0
136 87 0
137 87 0
138 87 0
149 87 0
150 87 0
151 87 0
160 87 0
163 87 0
164 87 0
165 87 0
166 87 0
171 87 0
172 87 0
176 87 0
177 87 0
178 87 0
18 88 0
40 88 0
41 88 0
53 88 0
54 88 0
66 88 0
67 88 0
68 88 0
80 88 0
94 88 0
95 88 0
107 88 0
108 88 0
109 88 0
110 88 0
111 88 0
112 88 0
121 88 0
122 88 0
123 88 0
124 88 0
135 88 0
136 88 0
137 88 0
149 88 0
150 88 0
151 88 0
163 88 0
164 88 0
165 88 0
166 88 0
172 88 0
173 88 0
175 88 0
176 88 0
177 88 0
178 88 0
7 89 0
40 89 0
41 89 0
51 89 0
52 89 0
53 89 0
66 89 0
67 89 0
68 89 0
78 89 0
79 89 0
80 89 0
81 89 0
83 89 0
93 89 0
94 89 0
95 89 0
104 89 0
105 89 0
106 89 0
107 89 0
108 89 0
109 89 0
110 89 0
122 89 0
123 89 0
124 89 0
135 89 0
136 89 0
137 89 0
149 89 0
150 89 0
151 89 0
163 89 0
164 89 0
165 89 0
176 89 0
177 89 0
178 89 0
8 90 0
9 90 0
38 90 0
39 90 0
40 90 0
52 90 0
53 90 0
54 90 0
65 90 0
66 90 0
67 90 0
68 90 0
76 90 0
77 90 0
78 90 0
79 90 0
80 90 0
81 90 0
82 90 0
83 90 0
92 90 0
93 90 0
94 90 0
95 90 0
96 90 0
98 90 0
99 90 0
100 90 0
102 90 0
103 90 0
104 90 0
105 90 0
107 90 0
108 90 0
109 90 0
110 90 0
121 90 0
122 90 0
123 90 0
124 90 0
135 90 0
136 90 0
137 90 0
148 90 0
150 90 0
163 90 0
164 90 0
165 90 0
176 90 0
177 90 0
178 90 0
9 91 0
29 91 0
40 91 0
52 91 0
53 91 0
54 91 0
64 91 0
65 91 0
66 91 0
67 91 0
68 91 0
69 91 0
71 91 0
72 91 0
75 91 0
76 91 0
78 91 0
79 91 0
80 91 0
81 91 0
82 91 0
93 91 0
94 91 0
95 91 0
96 91 0
103 91 0
107 91 0
108 91 0
109 91 0
121 91 0
122 91 0
123 91 0
134 91 0
135 91 0
136 91 0
148 91 0
149 91 0
150 91 0
162 91 0
163 91 0
164 91 0
175 91 0
176 91 0
177 91 0
178 91 0
11 92 0
18 92 0
40 92 0
52 92 0
53 92 0
66 92 0
67 92 0
68 92 0
79 92 0
81 92 0
82 92 0
93 92 0
94 92 0
95 92 0
107 92 0
108 92 0
109 92 0
123 92 0
134 92 0
135 92 0
136 92 0
149 92 0
150 92 0
162 92 0
163 92 0
164 92 0
175 92 0
176 92 0
177 92 0
178 92 0
53 93 0
67 93 0
68 93 0
79 93 0
80 93 0
81 93 0
93 93 0
94 93 0
95 93 0
107 93 0
108 93 0
109 93 0
121 93 0
122 93 0
123 93 0
134 93 0
135 93 0
136 93 0
148 93 0
149 93 0
150 93 0
164 93 0
175 93 0
176 93 0
177 93 0
16 94 0
17 94 0
53 94 0
79 94 0
80 94 0
81 94 0
93 94 0
94 94 0
95 94 0
107 94 0
108 94 0
109 94 0
121 94 0
122 94 0
123 94 0
134 94 0
135 94 0
136 94 0
150 94 0
162 94 0
163 94 0
164 94 0
175 94 0
176 94 0
177 94 0
18 95 0
19 95 0
67 95 0
81 95 0
93 95 0
94 95 0
95 95 0
107 95 0
108 95 0
109 95 0
120 95 0
121 95 0
122 95 0
123 95 0
133 95 0
135 95 0
136 95 0
148 95 0
149 95 0
150 95 0
163 95 0
164 95 0
175 95 0
176 95 0
177 95 0
17 96 0
18 96 0
66 96 0
67 96 0
107 96 0
108 96 0
109 96 0
120 96 0
121 96 0
122 96 0
123 96 0
134 96 0
136 96 0
148 96 0
149 96 0
150 96 0
162 96 0
163 96 0
164 96 0
175 96 0
176 96 0
18 97 0
53 97 0
67 97 0
79 97 0
81 97 0
92 97 0
93 97 0
94 97 0
107 97 0
108 97 0
109 97 0
120 97 0
121 97 0
122 97 0
136 97 0
148 97 0
149 97 0
162 97 0
163 97 0
164 97 0
174 97 0
175 97 0
176 97 0
9 98 0
28 98 0
29 98 0
30 98 0
53 98 0
67 98 0
81 98 0
92 98 0
93 98 0
94 98 0
106 98 0
107 98 0
108 98 0
109 98 0
122 98 0
133 98 0
135 98 0
136 98 0
148 98 0
149 98 0
150 98 0
161 98 0
162 98 0
163 98 0
164 98 0
174 98 0
175 98 0
176 98 0
29 99 0
30 99 0
67 99 0
81 99 0
92 99 0
94 99 0
107 99 0
108 99 0
109 99 0
120 99 0
121 99 0
124 99 0
133 99 0
134 99 0
135 99 0
136 99 0
138 99 0
147 99 0
148 99 0
149 99 0
162 99 0
163 99 0
174 99 0
175 99 0
176 99 0
29 100 0
30 100 0
79 100 0
81 100 0
92 100 0
94 100 0
107 100 0
108 100 0
109 100 0
120 100 0
121 100 0
122 100 0
123 100 0
124 100 0
132 100 0
133 100 0
134 100 0
135 100 0
136 100 0
137 100 0
148 100 0
149 100 0
161 100 0
162 100 0
163 100 0
174 100 0
175 100 0
176 100 0
39 101 0
67 101 0
79 101 0
81 101 0
94 101 0
107 101 0
108 101 0
109 101 0
118 101 0
119 101 0
120 101 0
121 101 0
122 101 0
123 101 0
133 101 0
134 101 0
135 101 0
136 101 0
147 101 0
148 101 0
149 101 0
150 101 0
153 101 0
159 101 0
160 101 0
161 101 0
162 101 0
163 101 0
174 101 0
175 101 0
176 101 0
186 101 0
39 102 0
41 102 0
42 102 0
67 102 0
79 102 0
80 102 0
81 102 0
94 102 0
106 102 0
107 102 0
108 102 0
109 102 0
113 102 0
114 102 0
115 102 0
116 102 0
117 102 0
118 102 0
119 102 0
120 102 0
121 102 0
122 102 0
123 102 0
133 102 0
134 102 0
135 102 0
147 102 0
148 102 0
149 102 0
161 102 0
162 102 0
163 102 0
166 102 0
173 102 0
174 102 0
175 102 0
176 102 0
180 102 0
188 102 0
7 103 0
8 103 0
9 103 0
39 103 0
40 103 0
41 103 0
53 103 0
67 103 0
79 103 0
80 103 0
81 103 0
92 103 0
94 103 0
96 103 0
97 103 0
98 103 0
99 103 0
105 103 0
106 103 0
107 103 0
108 103 0
109 103 0
110 103 0
113 103 0
114 103 0
115 103 0
119 103 0
120 103 0
121 103 0
122 103 0
133 103 0
135 103 0
146 103 0
147 103 0
148 103 0
149 103 0
161 103 0
162 103 0
163 103 0
166 103 0
172 103 0
173 103 0
174 103 0
175 103 0
176 103 0
186 103 0
8 104 0
9 104 0
10 104 0
39 104 0
40 104 0
41 104 0
51 104 0
52 104 0
53 104 0
67 104 0
77 104 0
78 104 0
79 104 0
80 104 0
81 104 0
93 104 0
96 104 0
97 104 0
106 104 0
107 104 0
108 104 0
109 104 0
110 104 0
111 104 0
120 104 0
121 104 0
122 104 0
133 104 0
134 104 0
135 104 0
147 104 0
148 104 0
160 104 0
161 104 0
162 104 0
174 104 0
175 104 0
176 104 0
8 105 0
9 105 0
10 105 0
39 105 0
53 105 0
54 105 0
65 105 0
66 105 0
69 105 0
70 105 0
74 105 0
78 105 0
79 105 0
80 105 0
81 105 0
91 105 0
92 105 0
93 105 0
94 105 0
95 105 0
96 105 0
106 105 0
107 105 0
108 105 0
109 105 0
119 105 0
120 105 0
121 105 0
122 105 0
132 105 0
133 105 0
134 105 0
135 105 0
146 105 0
148 105 0
160 105 0
161 105 0
162 105 0
173 105 0
174 105 0
175 105 0
9 106 0
11 106 0
19 106 0
40 106 0
52 106 0
53 106 0
54 106 0
62 106 0
64 106 0
65 106 0
66 106 0
67 106 0
68 106 0
69 106 0
79 106 0
80 106 0
91 106 0
92 106 0
93 106 0
94 106 0
95 106 0
106 106 0
107 106 0
108 106 0
119 106 0
121 106 0
122 106 0
133 106 0
134 106 0
135 106 0
146 106 0
147 106 0
148 106 0
160 106 0
161 106 0
162 106 0
173 106 0
174 106 0
175 106 0
186 106 0
17 107 0
18 107 0
19 107 0
30 107 0
51 107 0
53 107 0
54 107 0
66 107 0
67 107 0
68 107 0
80 107 0
90 107 0
91 107 0
92 107 0
93 107 0
94 107 0
95 107 0
106 107 0
108 107 0
120 107 0
121 107 0
122 107 0
133 107 0
134 107 0
135 107 0
146 107 0
147 107 0
148 107 0
160 107 0
161 107 0
162 107 0
173 107 0
174 107 0
175 107 0
19 108 0
30 108 0
40 108 0
41 108 0
53 108 0
65 108 0
66 108 0
67 108 0
80 108 0
94 108 0
106 108 0
107 108 0
108 108 0
120 108 0
121 108 0
122 108 0
133 108 0
134 108 0
135 108 0
146 108 0
147 108 0
148 108 0
159 108 0
160 108 0
161 108 0
162 108 0
173 108 0
174 108 0
175 108 0
19 109 0
65 109 0
67 109 0
92 109 0
94 109 0
106 109 0
107 109 0
108 109 0
120 109 0
121 109 0
122 109 0
132 109 0
133 109 0
134 109 0
135 109 0
146 109 0
147 109 0
148 109 0
160 109 0
161 109 0
172 109 0
173 109 0
174 109 0
175 109 0
19 110 0
67 110 0
80 110 0
92 110 0
94 110 0
105 110 0
107 110 0
108 110 0
119 110 0
121 110 0
132 110 0
133 110 0
134 110 0
146 110 0
147 110 0
148 110 0
159 110 0
160 110 0
161 110 0
172 110 0
173 110 0
174 110 0
26 111 0
67 111 0
80 111 0
92 111 0
93 111 0
94 111 0
106 111 0
107 111 0
108 111 0
119 111 0
121 111 0
132 111 0
134 111 0
146 111 0
147 111 0
148 111 0
159 111 0
160 111 0
161 111 0
172 111 0
174 111 0
28 112 0
30 112 0
31 112 0
53 112 0
67 112 0
80 112 0
94 112 0
105 112 0
106 112 0
107 112 0
108 112 0
119 112 0
121 112 0
132 112 0
133 112 0
134 112 0
146 112 0
147 112 0
148 112 0
159 112 0
160 112 0
161 112 0
172 112 0
173 112 0
174 112 0
29 113 0
30 113 0
31 113 0
67 113 0
80 113 0
92 113 0
93 113 0
94 113 0
105 113 0
106 113 0
107 113 0
108 113 0
119 113 0
121 113 0
131 113 0
132 113 0
133 113 0
134 113 0
145 113 0
146 113 0
147 113 0
159 113 0
160 113 0
161 113 0
172 113 0
174 113 0
186 113 0
30 114 0
41 114 0
67 114 0
80 114 0
92 114 0
93 114 0
94 114 0
107 114 0
108 114 0
119 114 0
120 114 0
121 114 0
130 114 0
131 114 0
132 114 0
133 114 0
134 114 0
135 114 0
144 114 0
145 114 0
146 114 0
147 114 0
158 114 0
159 114 0
160 114 0
161 114 0
172 114 0
173 114 0
41 115 0
67 115 0
80 115 0
92 115 0
93 115 0
94 115 0
106 115 0
107 115 0
114 115 0
117 115 0
118 115 0
119 115 0
120 115 0
121 115 0
127 115 0
129 115 0
132 115 0
133 115 0
134 115 0
145 115 0
146 115 0
147 115 0
152 115 0
158 115 0
159 115 0
160 115 0
161 115 0
171 115 0
172 115 0
173 115 0
174 115 0
181 115 0
183 115 0
184 115 0
186 115 0
39 116 0
41 116 0
65 116 0
67 116 0
80 116 0
94 116 0
105 116 0
107 116 0
111 116 0
113 116 0
114 116 0
119 116 0
120 116 0
121 116 0
131 116 0
132 116 0
133 116 0
134 116 0
145 116 0
146 116 0
147 116 0
158 116 0
160 116 0
161 116 0
164 116 0
169 116 0
170 116 0
171 116 0
172 116 0
173 116 0
174 116 0
184 116 0
185 116 0
186 116 0
8 117 0
9 117 0
10 117 0
37 117 0
41 117 0
67 117 0
80 117 0
94 117 0
106 117 0
110 117 0
111 117 0
119 117 0
120 117 0
121 117 0
131 117 0
132 117 0
133 117 0
134 117 0
145 117 0
146 117 0
147 117 0
159 117 0
160 117 0
161 117 0
170 117 0
171 117 0
172 117 0
173 117 0
183 117 0
184 117 0
185 117 0
10 118 0
39 118 0
40 118 0
41 118 0
54 118 0
65 118 0
67 118 0
92 118 0
94 118 0
105 118 0
106 118 0
107 118 0
109 118 0
110 118 0
119 118 0
120 118 0
121 118 0
132 118 0
133 118 0
145 118 0
146 118 0
159 118 0
160 118 0
171 118 0
172 118 0
173 118 0
184 118 0
185 118 0
10 119 0
41 119 0
52 119 0
65 119 0
71 119 0
75 119 0
76 119 0
77 119 0
78 119 0
79 119 0
80 119 0
81 119 0
91 119 0
92 119 0
93 119 0
94 119 0
104 119 0
105 119 0
106 119 0
107 119 0
108 119 0
109 119 0
119 119 0
120 119 0
121 119 0
131 119 0
132 119 0
133 119 0
144 119 0
145 119 0
146 119 0
159 119 0
160 119 0
172 119 0
173 119 0
183 119 0
185 119 0
53 120 0
54 120 0
64 120 0
65 120 0
66 120 0
67 120 0
78 120 0
79 120 0
80 120 0
81 120 0
89 120 0
90 120 0
91 120 0
92 120 0
93 120 0
94 120 0
100 120 0
102 120 0
106 120 0
107 120 0
108 120 0
119 120 0
120 120 0
121 120 0
131 120 0
133 120 0
146 120 0
158 120 0
159 120 0
160 120 0
171 120 0
172 120 0
173 120 0
18 121 0
19 121 0
41 121 0
53 121 0
54 121 0
64 121 0
65 121 0
66 121 0
67 121 0
68 121 0
78 121 0
80 121 0
93 121 0
94 121 0
107 121 0
119 121 0
120 121 0
131 121 0
133 121 0
144 121 0
146 121 0
182 121 0
20 122 0
21 122 0
54 122 0
67 122 0
78 122 0
79 122 0
80 122 0
91 122 0
92 122 0
93 122 0
94 122 0
105 122 0
107 122 0
118 122 0
120 122 0
131 122 0
133 122 0
144 122 0
145 122 0
146 122 0
157 122 0
158 122 0
159 122 0
160 122 0
171 122 0
172 122 0
173 122 0
20 123 0
21 123 0
65 123 0
67 123 0
80 123 0
93 123 0
105 123 0
107 123 0
119 123 0
120 123 0
131 123 0
132 123 0
133 123 0
157 123 0
158 123 0
159 123 0
160 123 0
172 123 0
184 123 0
65 124 0
67 124 0
93 124 0
105 124 0
106 124 0
107 124 0
119 124 0
120 124 0
131 124 0
132 124 0
133 124 0
144 124 0
145 124 0
146 124 0
159 124 0
160 124 0
171 124 0
172 124 0
29 125 0
30 125 0
31 125 0
67 125 0
78 125 0
79 125 0
80 125 0
92 125 0
93 125 0
105 125 0
106 125 0
107 125 0
118 125 0
120 125 0
131 125 0
132 125 0
143 125 0
144 125 0
145 125 0
158 125 0
159 125 0
170 125 0
172 125 0
29 126 0
30 126 0
31 126 0
67 126 0
92 126 0
93 126 0
94 126 0
105 126 0
107 126 0
118 126 0
119 126 0
120 126 0
130 126 0
131 126 0
132 126 0
143 126 0
144 126 0
145 126 0
158 126 0
159 126 0
170 126 0
171 126 0
172 126 0
182 126 0
183 126 0
184 126 0
21 127 0
31 127 0
41 127 0
67 127 0
93 127 0
105 127 0
107 127 0
118 127 0
119 127 0
120 127 0
123 127 0
124 127 0
125 127 0
129 127 0
130 127 0
131 127 0
132 127 0
133 127 0
134 127 0
143 127 0
144 127 0
145 127 0
157 127 0
158 127 0
159 127 0
171 127 0
172 127 0
182 127 0
183 127 0
41 128 0
67 128 0
80 128 0
93 128 0
107 128 0
117 128 0
118 128 0
119 128 0
120 128 0
121 128 0
122 128 0
123 128 0
130 128 0
131 128 0
132 128 0
143 128 0
144 128 0
145 128 0
146 128 0
153 128 0
155 128 0
156 128 0
157 128 0
158 128 0
159 128 0
170 128 0
181 128 0
182 128 0
183 128 0
184 128 0
41 129 0
67 129 0
80 129 0
92 129 0
93 129 0
107 129 0
117 129 0
118 129 0
119 129 0
120 129 0
121 129 0
130 129 0
131 129 0
132 129 0
143 129 0
144 129 0
145 129 0
146 129 0
157 129 0
158 129 0
159 129 0
168 129 0
169 129 0
170 129 0
171 129 0
172 129 0
180 129 0
181 129 0
182 129 0
183 129 0
184 129 0
9 130 0
10 130 0
11 130 0
39 130 0
40 130 0
42 130 0
52 130 0
54 130 0
67 130 0
78 130 0
79 130 0
80 130 0
92 130 0
93 130 0
105 130 0
106 130 0
107 130 0
116 130 0
117 130 0
118 130 0
119 130 0
120 130 0
129 130 0
130 130 0
131 130 0
132 130 0
143 130 0
144 130 0
145 130 0
157 130 0
158 130 0
159 130 0
168 130 0
169 130 0
170 130 0
171 130 0
172 130 0
182 130 0
183 130 0
11 131 0
12 131 0
39 131 0
40 131 0
41 131 0
42 131 0
54 131 0
67 131 0
77 131 0
78 131 0
79 131 0
80 131 0
92 131 0
93 131 0
105 131 0
107 131 0
108 131 0
109 131 0
118 131 0
119 131 0
120 131 0
131 131 0
132 131 0
143 131 0
144 131 0
145 131 0
157 131 0
158 131 0
169 131 0
170 131 0
171 131 0
172 131 0
183 131 0
11 132 0
40 132 0
41 132 0
42 132 0
51 132 0
52 132 0
53 132 0
54 132 0
76 132 0
77 132 0
78 132 0
79 132 0
80 132 0
91 132 0
93 132 0
103 132 0
104 132 0
105 132 0
106 132 0
107 132 0
108 132 0
109 132 0
117 132 0
118 132 0
119 132 0
120 132 0
130 132 0
131 132 0
132 132 0
143 132 0
144 132 0
156 132 0
157 132 0
158 132 0
169 132 0
170 132 0
171 132 0
20 133 0
21 133 0
22 133 0
41 133 0
54 133 0
55 133 0
65 133 0
66 133 0
70 133 0
74 133 0
78 133 0
79 133 0
80 133 0
90 133 0
91 133 0
92 133 0
93 133 0
94 133 0
101 133 0
102 133 0
103 133 0
104 133 0
106 133 0
107 133 0
119 133 0
120 133 0
129 133 0
130 133 0
131 133 0
132 133 0
142 133 0
143 133 0
144 133 0
156 133 0
158 133 0
169 133 0
170 133 0
171 133 0
182 133 0
21 134 0
22 134 0
54 134 0
60 134 0
65 134 0
66 134 0
67 134 0
68 134 0
69 134 0
79 134 0
80 134 0
90 134 0
91 134 0
92 134 0
93 134 0
94 134 0
105 134 0
106 134 0
107 134 0
118 134 0
119 134 0
130 134 0
131 134 0
142 134 0
143 134 0
144 134 0
156 134 0
157 134 0
158 134 0
168 134 0
169 134 0
170 134 0
171 134 0
4 135 0
22 135 0
66 135 0
67 135 0
68 135 0
79 135 0
91 135 0
92 135 0
93 135 0
105 135 0
107 135 0
118 135 0
119 135 0
129 135 0
130 135 0
131 135 0
142 135 0
144 135 0
156 135 0
157 135 0
158 135 0
169 135 0
170 135 0
6 136 0
10 136 0
66 136 0
67 136 0
79 136 0
91 136 0
93 136 0
107 136 0
119 136 0
130 136 0
131 136 0
144 136 0
168 136 0
169 136 0
170 136 0
180 136 0
181 136 0
182 136 0
11 137 0
15 137 0
20 137 0
30 137 0
105 137 0
107 137 0
117 137 0
118 137 0
119 137 0
130 137 0
131 137 0
142 137 0
143 137 0
144 137 0
157 137 0
168 137 0
169 137 0
170 137 0
180 137 0
182 137 0
27 138 0
30 138 0
31 138 0
32 138 0
33 138 0
92 138 0
105 138 0
117 138 0
119 138 0
129 138 0
142 138 0
143 138 0
144 138 0
157 138 0
169 138 0
170 138 0
182 138 0
30 139 0
31 139 0
32 139 0
33 139 0
80 139 0
91 139 0
92 139 0
93 139 0
104 139 0
105 139 0
106 139 0
107 139 0
119 139 0
129 139 0
130 139 0
131 139 0
132 139 0
133 139 0
141 139 0
142 139 0
143 139 0
144 139 0
155 139 0
156 139 0
157 139 0
168 139 0
169 139 0
170 139 0
180 139 0
181 139 0
182 139 0
186 139 0
39 140 0
67 140 0
78 140 0
80 140 0
91 140 0
93 140 0
117 140 0
119 140 0
124 140 0
125 140 0
128 140 0
129 140 0
130 140 0
131 140 0
141 140 0
142 140 0
143 140 0
144 140 0
155 140 0
156 140 0
157 140 0
168 140 0
169 140 0
179 140 0
180 140 0
181 140 0
182 140 0
43 141 0
45 141 0
66 141 0
67 141 0
68 141 0
80 141 0
91 141 0
93 141 0
105 141 0
106 141 0
107 141 0
116 141 0
117 141 0
118 141 0
119 141 0
121 141 0
122 141 0
123 141 0
129 141 0
130 141 0
131 141 0
142 141 0
143 141 0
151 141 0
153 141 0
154 141 0
155 141 0
156 141 0
157 141 0
166 141 0
167 141 0
169 141 0
176 141 0
178 141 0
179 141 0
180 141 0
181 141 0
182 141 0
49 142 0
52 142 0
53 142 0
57 142 0
79 142 0
80 142 0
93 142 0
105 142 0
106 142 0
107 142 0
115 142 0
116 142 0
117 142 0
118 142 0
119 142 0
120 142 0
128 142 0
129 142 0
130 142 0
141 142 0
142 142 0
143 142 0
151 142 0
154 142 0
155 142 0
156 142 0
157 142 0
165 142 0
167 142 0
168 142 0
169 142 0
170 142 0
177 142 0
179 142 0
180 142 0
181 142 0
3 143 0
5 143 0
59 143 0
60 143 0
66 143 0
67 143 0
79 143 0
80 143 0
91 143 0
92 143 0
93 143 0
105 143 0
106 143 0
107 143 0
113 143 0
115 143 0
117 143 0
118 143 0
119 143 0
128 143 0
129 143 0
130 143 0
141 143 0
142 143 0
143 143 0
154 143 0
155 143 0
156 143 0
167 143 0
168 143 0
169 143 0
177 143 0
178 143 0
179 143 0
180 143 0
181 143 0
182 143 0
183 143 0
7 144 0
75 144 0
77 144 0
78 144 0
85 144 0
91 144 0
92 144 0
93 144 0
105 144 0
109 144 0
112 144 0
114 144 0
117 144 0
118 144 0
128 144 0
129 144 0
130 144 0
141 144 0
142 144 0
154 144 0
156 144 0
162 144 0
164 144 0
166 144 0
167 144 0
168 144 0
169 144 0
170 144 0
171 144 0
172 144 0
173 144 0
174 144 0
175 144 0
178 144 0
13 145 0
14 145 0
84 145 0
86 145 0
88 145 0
90 145 0
91 145 0
92 145 0
94 145 0
95 145 0
96 145 0
97 145 0
99 145 0
100 145 0
102 145 0
103 145 0
104 145 0
105 145 0
112 145 0
115 145 0
117 145 0
120 145 0
125 145 0
127 145 0
128 145 0
129 145 0
130 145 0
133 145 0
134 145 0
136 145 0
139 145 0
140 145 0
141 145 0
142 145 0
146 145 0
147 145 0
150 145 0
151 145 0
152 145 0
153 145 0
154 145 0
155 145 0
158 145 0
160 145 0
104 146 0
115 146 0
117 146 0
120 146 0
122 146 0
127 146 0
128 146 0
129 146 0
133 146 0
140 146 0
24 147 0
34 148 0
4 149 0
5 149 0
31 149 0
33 149 0
34 149 0
43 149 0
180 149 0
183 149 0
184 149 0
3 150 0
5 150 0
6 150 0
32 150 0
33 150 0
34 150 0
43 150 0
167 150 0
172 150 0
173 150 0
174 150 0
175 150 0
179 150 0
180 150 0
6 151 0
33 151 0
34 151 0
43 151 0
68 151 0
159 151 0
161 151 0
167 151 0
168 151 0
177 151 0
179 151 0
6 152 0
68 152 0
69 152 0
154 152 0
155 152 0
157 152 0
164 152 0
166 152 0
167 152 0
174 152 0
176 152 0
177 152 0
178 152 0
179 152 0
180 152 0
182 152 0
13 153 0
14 153 0
68 153 0
80 153 0
81 153 0
92 153 0
93 153 0
94 153 0
95 153 0
96 153 0
99 153 0
105 153 0
106 153 0
129 153 0
141 153 0
142 153 0
154 153 0
155 153 0
165 153 0
166 153 0
167 153 0
168 153 0
179 153 0
15 154 0
16 154 0
42 154 0
92 154 0
93 154 0
105 154 0
106 154 0
115 154 0
116 154 0
117 154 0
118 154 0
119 154 0
120 154 0
129 154 0
141 154 0
142 154 0
154 154 0
155 154 0
166 154 0
167 154 0
178 154 0
179 154 0
15 155 0
42 155 0
43 155 0
93 155 0
113 155 0
114 155 0
115 155 0
117 155 0
118 155 0
128 155 0
129 155 0
141 155 0
164 155 0
166 155 0
167 155 0
24 156 0
25 156 0
42 156 0
43 156 0
44 156 0
45 156 0
68 156 0
78 156 0
79 156 0
80 156 0
104 156 0
117 156 0
129 156 0
153 156 0
154 156 0
166 156 0
25 157 0
26 157 0
44 157 0
56 157 0
78 157 0
80 157 0
81 157 0
103 157 0
104 157 0
105 157 0
106 157 0
110 157 0
116 157 0
117 157 0
129 157 0
141 157 0
153 157 0
154 157 0
164 157 0
165 157 0
166 157 0
54 158 0
56 158 0
67 158 0
80 158 0
90 158 0
91 158 0
92 158 0
93 158 0
105 158 0
106 158 0
117 158 0
128 158 0
129 158 0
139 158 0
140 158 0
153 158 0
154 158 0
164 158 0
166 158 0
176 158 0
177 158 0
65 159 0
66 159 0
67 159 0
68 159 0
69 159 0
80 159 0
91 159 0
92 159 0
93 159 0
105 159 0
106 159 0
117 159 0
153 159 0
166 159 0
6 160 0
7 160 0
8 160 0
9 160 0
68 160 0
69 160 0
80 160 0
92 160 0
93 160 0
105 160 0
127 160 0
128 160 0
153 160 0
165 160 0
166 160 0
175 160 0
177 160 0
9 161 0
92 161 0
93 161 0
105 161 0
114 161 0
117 161 0
126 161 0
127 161 0
140 161 0
153 161 0
165 161 0
177 161 0
34 162 0
35 162 0
36 162 0
90 162 0
92 162 0
93 162 0
117 162 0
126 162 0
127 162 0
128 162 0
129 162 0
130 162 0
138 162 0
139 162 0
140 162 0
151 162 0
152 162 0
153 162 0
163 162 0
164 162 0
165 162 0
175 162 0
176 162 0
177 162 0
35 163 0
91 163 0
92 163 0
117 163 0
125 163 0
126 163 0
127 163 0
128 163 0
129 163 0
138 163 0
139 163 0
140 163 0
151 163 0
152 163 0
153 163 0
163 163 0
165 163 0
173 163 0
176 163 0
177 163 0
3 164 0
4 164 0
5 164 0
13 164 0
17 164 0
105 164 0
115 164 0
116 164 0
117 164 0
128 164 0
138 164 0
139 164 0
140 164 0
150 164 0
151 164 0
152 164 0
153 164 0
164 164 0
165 164 0
176 164 0
17 165 0
18 165 0
80 165 0
81 165 0
105 165 0
112 165 0
113 165 0
114 165 0
115 165 0
116 165 0
117 165 0
118 165 0
127 165 0
128 165 0
138 165 0
139 165 0
140 165 0
151 165 0
152 165 0
153 165 0
165 165 0
43 166 0
45 166 0
116 166 0
117 166 0
138 166 0
139 166 0
140 166 0
152 166 0
163 166 0
164 166 0
26 167 0
27 167 0
28 167 0
45 167 0
46 167 0
78 167 0
93 167 0
117 167 0
126 167 0
127 167 0
128 167 0
139 167 0
152 167 0
162 167 0
163 167 0
164 167 0
27 168 0
28 168 0
56 168 0
78 168 0
79 168 0
80 168 0
81 168 0
82 168 0
90 168 0
91 168 0
92 168 0
93 168 0
104 168 0
106 168 0
116 168 0
10 169 0
11 169 0
54 169 0
55 169 0
57 169 0
58 169 0
67 169 0
68 169 0
80 169 0
81 169 0
92 169 0
93 169 0
102 169 0
103 169 0
104 169 0
105 169 0
106 169 0
151 169 0
162 169 0
163 169 0
164 169 0
1 170 0
10 170 0
11 170 0
57 170 0
69 170 0
70 170 0
92 170 0
93 170 0
105 170 0
106 170 0
116 170 0
117 170 0
152 170 0
161 170 0
37 171 0
105 171 0
115 171 0
116 171 0
117 171 0
127 171 0
137 171 0
138 171 0
142 171 0
143 171 0
144 171 0
146 171 0
151 171 0
152 171 0
37 172 0
38 172 0
81 172 0
116 172 0
117 172 0
124 172 0
125 172 0
126 172 0
127 172 0
135 172 0
138 172 0
143 172 0
144 172 0
151 172 0
171 172 0
172 172 0
173 172 0
174 172 0
175 172 0
184 172 0
186 172 0
7 173 0
81 173 0
106 173 0
123 173 0
124 173 0
125 173 0
126 173 0
127 173 0
134 173 0
135 173 0
136 173 0
137 173 0
138 173 0
139 173 0
149 173 0
151 173 0
161 173 0
163 173 0
174 173 0
18 174 0
19 174 0
20 174 0
81 174 0
105 174 0
126 174 0
127 174 0
132 174 0
137 174 0
138 174 0
139 174 0
149 174 0
150 174 0
151 174 0
159 174 0
160 174 0
161 174 0
162 174 0
163 174 0
164 174 0
165 174 0
19 175 0
20 175 0
81 175 0
114 175 0
115 175 0
116 175 0
117 175 0
118 175 0
119 175 0
126 175 0
127 175 0
128 175 0
129 175 0
130 175 0
137 175 0
138 175 0
139 175 0
149 175 0
150 175 0
151 175 0
161 175 0
162 175 0
163 175 0
165 175 0
166 175 0
167 175 0
42 176 0
45 176 0
81 176 0
82 176 0
104 176 0
114 176 0
115 176 0
116 176 0
117 176 0
129 176 0
138 176 0
151 176 0
166 176 0
183 176 0
185 176 0
47 177 0
48 177 0
81 177 0
82 177 0
93 177 0
104 177 0
116 177 0
117 177 0
125 177 0
126 177 0
127 177 0
138 177 0
150 177 0
167 177 0
174 177 0
48 178 0
104 178 0
106 178 0
125 178 0
127 178 0
138 178 0
171 178 0
172 178 0
173 178 0
87 46 1
103 46 1
85 47 1
86 47 1
103 47 1
84 48 1
85 48 1
86 48 1
105 48 1
83 49 1
84 49 1
85 49 1
94 49 1
95 49 1
96 49 1
97 49 1
104 49 1
105 49 1
106 49 1
83 50 1
84 50 1
85 50 1
86 50 1
94 50 1
95 50 1
105 50 1
106 50 1
107 50 1
83 51 1
84 51 1
94 51 1
95 51 1
96 51 1
97 51 1
98 51 1
103 51 1
104 51 1
105 51 1
106 51 1
107 51 1
84 52 1
96 52 1
98 52 1
104 52 1
105 52 1
106 52 1
110 52 1
83 53 1
84 53 1
94 53 1
96 53 1
105 53 1
110 53 1
82 54 1
83 54 1
84 54 1
87 54 1
90 54 1
91 54 1
92 54 1
93 54 1
96 54 1
97 54 1
105 54 1
106 54 1
82 55 1
83 55 1
84 55 1
91 55 1
92 55 1
96 55 1
106 55 1
107 55 1
109 55 1
81 56 1
82 56 1
83 56 1
84 56 1
91 56 1
95 56 1
96 56 1
106 56 1
107 56 1
108 56 1
81 57 1
82 57 1
83 57 1
84 57 1
85 57 1
90 57 1
91 57 1
105 57 1
106 57 1
107 57 1
108 57 1
109 57 1
110 57 1
82 58 1
83 58 1
84 58 1
85 58 1
86 58 1
90 58 1
91 58 1
102 58 1
105 58 1
106 58 1
107 58 1
108 58 1
109 58 1
111 58 1
82 59 1
83 59 1
84 59 1
85 59 1
86 59 1
91 59 1
104 59 1
105 59 1
106 59 1
107 59 1
108 59 1
109 59 1
112 59 1
114 59 1
82 60 1
83 60 1
84 60 1
85 60 1
86 60 1
104 60 1
105 60 1
106 60 1
107 60 1
108 60 1
109 60 1
111 60 1
114 60 1
83 61 1
84 61 1
85 61 1
86 61 1
87 61 1
104 61 1
105 61 1
106 61 1
107 61 1
108 61 1
109 61 1
83 62 1
84 62 1
85 62 1
86 62 1
87 62 1
88 62 1
90 62 1
103 62 1
104 62 1
105 62 1
106 62 1
107 62 1
108 62 1
109 62 1
84 63 1
85 63 1
86 63 1
87 63 1
103 63 1
104 63 1
105 63 1
106 63 1
107 63 1
85 64 1
86 64 1
87 64 1
88 64 1
89 64 1
101 64 1
102 64 1
103 64 1
104 64 1
105 64 1
106 64 1
108 64 1
85 65 1
86 65 1
87 65 1
88 65 1
89 65 1
92 65 1
96 65 1
101 65 1
102 65 1
103 65 1
104 65 1
105 65 1
86 66 1
87 66 1
88 66 1
89 66 1
90 66 1
91 66 1
92 66 1
93 66 1
96 66 1
97 66 1
100 66 1
101 66 1
102 66 1
103 66 1
107 66 1
88 67 1
89 67 1
90 67 1
91 67 1
92 67 1
93 67 1
100 67 1
101 67 1
89 68 1
90 68 1
91 68 1
92 68 1
93 68 1
94 68 1
97 69 1
