78 1 0
91 1 0
107 1 0
121 1 0
28 2 0
39 2 0
64 2 0
76 2 0
78 2 0
90 2 0
91 2 0
92 2 0
105 2 0
106 2 0
107 2 0
119 2 0
120 2 0
121 2 0
133 2 0
134 2 0
135 2 0
147 2 0
148 2 0
149 2 0
161 2 0
162 2 0
163 2 0
175 2 0
176 2 0
181 2 0
182 2 0
183 2 0
186 2 0
6 3 0
26 3 0
63 3 0
64 3 0
77 3 0
78 3 0
91 3 0
92 3 0
105 3 0
106 3 0
107 3 0
119 3 0
120 3 0
121 3 0
133 3 0
134 3 0
135 3 0
148 3 0
149 3 0
161 3 0
162 3 0
163 3 0
174 3 0
175 3 0
176 3 0
188 3 0
5 4 0
6 4 0
7 4 0
8 4 0
15 4 0
62 4 0
63 4 0
64 4 0
76 4 0
77 4 0
78 4 0
90 4 0
91 4 0
92 4 0
106 4 0
119 4 0
120 4 0
121 4 0
133 4 0
134 4 0
135 4 0
148 4 0
149 4 0
160 4 0
161 4 0
162 4 0
174 4 0
175 4 0
176 4 0
7 5 0
15 5 0
16 5 0
17 5 0
26 5 0
62 5 0
64 5 0
77 5 0
92 5 0
104 5 0
105 5 0
106 5 0
119 5 0
120 5 0
121 5 0
134 5 0
135 5 0
147 5 0
148 5 0
149 5 0
161 5 0
162 5 0
174 5 0
175 5 0
176 5 0
187 5 0
16 6 0
25 6 0
26 6 0
28 6 0
38 6 0
76 6 0
77 6 0
90 6 0
91 6 0
92 6 0
104 6 0
105 6 0
106 6 0
119 6 0
120 6 0
121 6 0
135 6 0
147 6 0
148 6 0
149 6 0
160 6 0
161 6 0
162 6 0
175 6 0
176 6 0
16 7 0
27 7 0
28 7 0
38 7 0
50 7 0
77 7 0
90 7 0
91 7 0
92 7 0
104 7 0
105 7 0
106 7 0
118 7 0
119 7 0
133 7 0
134 7 0
135 7 0
147 7 0
148 7 0
149 7 0
161 7 0
162 7 0
174 7 0
175 7 0
176 7 0
186 7 0
27 8 0
31 8 0
75 8 0
76 8 0
77 8 0
90 8 0
91 8 0
104 8 0
105 8 0
106 8 0
119 8 0
120 8 0
132 8 0
133 8 0
134 8 0
147 8 0
148 8 0
149 8 0
160 8 0
161 8 0
162 8 0
174 8 0
175 8 0
176 8 0
36 9 0
37 9 0
63 9 0
75 9 0
76 9 0
77 9 0
90 9 0
91 9 0
104 9 0
105 9 0
106 9 0
118 9 0
119 9 0
120 9 0
130 9 0
131 9 0
132 9 0
133 9 0
134 9 0
135 9 0
146 9 0
147 9 0
148 9 0
149 9 0
162 9 0
174 9 0
175 9 0
176 9 0
36 10 0
37 10 0
38 10 0
63 10 0
76 10 0
90 10 0
91 10 0
104 10 0
105 10 0
106 10 0
116 10 0
117 10 0
118 10 0
119 10 0
120 10 0
123 10 0
129 10 0
130 10 0
131 10 0
132 10 0
133 10 0
134 10 0
135 10 0
144 10 0
145 10 0
146 10 0
147 10 0
148 10 0
160 10 0
161 10 0
162 10 0
174 10 0
175 10 0
176 10 0
37 11 0
48 11 0
50 11 0
51 11 0
61 11 0
62 11 0
63 11 0
77 11 0
89 11 0
90 11 0
91 11 0
104 11 0
105 11 0
106 11 0
108 11 0
111 11 0
112 11 0
113 11 0
114 11 0
119 11 0
120 11 0
121 11 0
132 11 0
133 11 0
134 11 0
135 11 0
146 11 0
147 11 0
148 11 0
159 11 0
160 11 0
161 11 0
162 11 0
174 11 0
175 11 0
176 11 0
26 12 0
35 12 0
36 12 0
37 12 0
49 12 0
50 12 0
59 12 0
60 12 0
61 12 0
62 12 0
63 12 0
74 12 0
84 12 0
87 12 0
88 12 0
89 12 0
90 12 0
91 12 0
92 12 0
93 12 0
102 12 0
103 12 0
104 12 0
105 12 0
106 12 0
107 12 0
108 12 0
109 12 0
110 12 0
111 12 0
112 12 0
113 12 0
118 12 0
119 12 0
120 12 0
132 12 0
133 12 0
134 12 0
146 12 0
147 12 0
148 12 0
158 12 0
159 12 0
160 12 0
161 12 0
162 12 0
163 12 0
174 12 0
175 12 0
176 12 0
187 12 0
37 13 0
48 13 0
49 13 0
50 13 0
62 13 0
63 13 0
74 13 0
75 13 0
76 13 0
78 13 0
79 13 0
80 13 0
81 13 0
83 13 0
86 13 0
88 13 0
90 13 0
91 13 0
92 13 0
102 13 0
103 13 0
104 13 0
105 13 0
106 13 0
118 13 0
119 13 0
120 13 0
132 13 0
133 13 0
134 13 0
146 13 0
147 13 0
148 13 0
159 13 0
160 13 0
161 13 0
162 13 0
169 13 0
172 13 0
173 13 0
174 13 0
175 13 0
176 13 0
49 14 0
62 14 0
63 14 0
72 14 0
73 14 0
74 14 0
75 14 0
76 14 0
77 14 0
78 14 0
79 14 0
90 14 0
91 14 0
103 14 0
104 14 0
105 14 0
106 14 0
118 14 0
119 14 0
120 14 0
132 14 0
133 14 0
134 14 0
146 14 0
147 14 0
148 14 0
159 14 0
160 14 0
161 14 0
162 14 0
173 14 0
174 14 0
175 14 0
176 14 0
177 14 0
15 15 0
36 15 0
37 15 0
49 15 0
60 15 0
61 15 0
62 15 0
72 15 0
73 15 0
76 15 0
77 15 0
89 15 0
90 15 0
91 15 0
104 15 0
105 15 0
117 15 0
118 15 0
119 15 0
120 15 0
132 15 0
133 15 0
134 15 0
146 15 0
147 15 0
148 15 0
159 15 0
160 15 0
161 15 0
174 15 0
175 15 0
176 15 0
187 15 0
4 16 0
15 16 0
62 16 0
76 16 0
90 16 0
103 16 0
104 16 0
105 16 0
117 16 0
118 16 0
119 16 0
120 16 0
131 16 0
132 16 0
133 16 0
134 16 0
146 16 0
147 16 0
148 16 0
159 16 0
160 16 0
161 16 0
174 16 0
175 16 0
184 16 0
185 16 0
3 17 0
4 17 0
5 17 0
36 17 0
60 17 0
61 17 0
62 17 0
76 17 0
89 17 0
90 17 0
103 17 0
104 17 0
105 17 0
117 17 0
118 17 0
119 17 0
131 17 0
132 17 0
133 17 0
146 17 0
147 17 0
148 17 0
160 17 0
161 17 0
173 17 0
174 17 0
175 17 0
186 17 0
188 17 0
4 18 0
5 18 0
13 18 0
36 18 0
60 18 0
61 18 0
62 18 0
74 18 0
75 18 0
76 18 0
88 18 0
89 18 0
90 18 0
102 18 0
103 18 0
104 18 0
105 18 0
117 18 0
118 18 0
119 18 0
131 18 0
132 18 0
133 18 0
146 18 0
147 18 0
148 18 0
160 18 0
161 18 0
173 18 0
174 18 0
175 18 0
187 18 0
4 19 0
5 19 0
13 19 0
14 19 0
15 19 0
36 19 0
61 19 0
62 19 0
74 19 0
75 19 0
88 19 0
89 19 0
90 19 0
102 19 0
103 19 0
104 19 0
116 19 0
117 19 0
118 19 0
119 19 0
131 19 0
132 19 0
133 19 0
146 19 0
147 19 0
148 19 0
159 19 0
160 19 0
161 19 0
173 19 0
174 19 0
175 19 0
186 19 0
187 19 0
4 20 0
14 20 0
15 20 0
36 20 0
60 20 0
61 20 0
75 20 0
88 20 0
89 20 0
90 20 0
102 20 0
103 20 0
104 20 0
117 20 0
118 20 0
119 20 0
131 20 0
132 20 0
133 20 0
145 20 0
146 20 0
147 20 0
148 20 0
159 20 0
160 20 0
161 20 0
173 20 0
174 20 0
175 20 0
187 20 0
14 21 0
23 21 0
24 21 0
25 21 0
34 21 0
35 21 0
36 21 0
48 21 0
61 21 0
62 21 0
75 21 0
88 21 0
89 21 0
90 21 0
102 21 0
103 21 0
104 21 0
117 21 0
118 21 0
119 21 0
131 21 0
132 21 0
133 21 0
145 21 0
146 21 0
147 21 0
148 21 0
159 21 0
160 21 0
161 21 0
173 21 0
174 21 0
175 21 0
187 21 0
4 22 0
12 22 0
14 22 0
24 22 0
25 22 0
34 22 0
35 22 0
36 22 0
48 22 0
61 22 0
73 22 0
75 22 0
89 22 0
90 22 0
102 22 0
103 22 0
104 22 0
117 22 0
118 22 0
119 22 0
130 22 0
131 22 0
132 22 0
133 22 0
145 22 0
146 22 0
147 22 0
159 22 0
160 22 0
161 22 0
173 22 0
174 22 0
175 22 0
4 23 0
14 23 0
24 23 0
34 23 0
35 23 0
48 23 0
61 23 0
75 23 0
87 23 0
88 23 0
89 23 0
104 23 0
117 23 0
118 23 0
119 23 0
130 23 0
131 23 0
132 23 0
133 23 0
145 23 0
146 23 0
147 23 0
159 23 0
160 23 0
161 23 0
172 23 0
174 23 0
186 23 0
187 23 0
13 24 0
14 24 0
24 24 0
33 24 0
34 24 0
35 24 0
36 24 0
47 24 0
48 24 0
61 24 0
73 24 0
75 24 0
88 24 0
89 24 0
102 24 0
103 24 0
104 24 0
117 24 0
118 24 0
121 24 0
122 24 0
123 24 0
129 24 0
130 24 0
131 24 0
132 24 0
133 24 0
145 24 0
146 24 0
147 24 0
159 24 0
160 24 0
161 24 0
173 24 0
174 24 0
175 24 0
186 24 0
187 24 0
13 25 0
24 25 0
35 25 0
36 25 0
46 25 0
47 25 0
48 25 0
61 25 0
75 25 0
87 25 0
88 25 0
89 25 0
102 25 0
103 25 0
104 25 0
116 25 0
117 25 0
118 25 0
119 25 0
120 25 0
121 25 0
122 25 0
129 25 0
130 25 0
131 25 0
132 25 0
133 25 0
140 25 0
143 25 0
144 25 0
145 25 0
146 25 0
147 25 0
148 25 0
151 25 0
158 25 0
159 25 0
160 25 0
161 25 0
173 25 0
174 25 0
175 25 0
186 25 0
187 25 0
13 26 0
35 26 0
36 26 0
45 26 0
46 26 0
47 26 0
59 26 0
60 26 0
74 26 0
75 26 0
87 26 0
88 26 0
89 26 0
90 26 0
93 26 0
102 26 0
103 26 0
104 26 0
113 26 0
114 26 0
115 26 0
116 26 0
117 26 0
118 26 0
119 26 0
131 26 0
132 26 0
133 26 0
145 26 0
146 26 0
147 26 0
148 26 0
152 26 0
156 26 0
157 26 0
158 26 0
159 26 0
160 26 0
161 26 0
172 26 0
173 26 0
174 26 0
186 26 0
187 26 0
13 27 0
24 27 0
35 27 0
45 27 0
47 27 0
48 27 0
58 27 0
59 27 0
60 27 0
61 27 0
62 27 0
73 27 0
74 27 0
75 27 0
86 27 0
87 27 0
88 27 0
89 27 0
90 27 0
91 27 0
92 27 0
100 27 0
101 27 0
102 27 0
103 27 0
105 27 0
106 27 0
107 27 0
112 27 0
113 27 0
114 27 0
115 27 0
116 27 0
117 27 0
118 27 0
119 27 0
130 27 0
131 27 0
132 27 0
145 27 0
146 27 0
147 27 0
156 27 0
158 27 0
159 27 0
160 27 0
172 27 0
173 27 0
174 27 0
13 28 0
33 28 0
35 28 0
47 28 0
48 28 0
56 28 0
57 28 0
58 28 0
59 28 0
60 28 0
61 28 0
62 28 0
73 28 0
74 28 0
75 28 0
83 28 0
84 28 0
85 28 0
86 28 0
87 28 0
88 28 0
89 28 0
90 28 0
100 28 0
101 28 0
102 28 0
103 28 0
104 28 0
105 28 0
106 28 0
116 28 0
117 28 0
118 28 0
130 28 0
131 28 0
132 28 0
145 28 0
146 28 0
147 28 0
158 28 0
159 28 0
160 28 0
170 28 0
173 28 0
174 28 0
175 28 0
178 28 0
13 29 0
35 29 0
45 29 0
46 29 0
47 29 0
60 29 0
61 29 0
71 29 0
72 29 0
73 29 0
74 29 0
75 29 0
77 29 0
78 29 0
79 29 0
80 29 0
81 29 0
82 29 0
83 29 0
84 29 0
86 29 0
87 29 0
88 29 0
89 29 0
101 29 0
102 29 0
103 29 0
104 29 0
115 29 0
116 29 0
117 29 0
118 29 0
131 29 0
132 29 0
146 29 0
158 29 0
159 29 0
160 29 0
172 29 0
173 29 0
174 29 0
175 29 0
178 29 0
181 29 0
185 29 0
186 29 0
187 29 0
2 30 0
18 30 0
19 30 0
47 30 0
59 30 0
60 30 0
74 30 0
75 30 0
76 30 0
77 30 0
78 30 0
79 30 0
86 30 0
87 30 0
88 30 0
89 30 0
101 30 0
103 30 0
116 30 0
117 30 0
118 30 0
130 30 0
131 30 0
132 30 0
145 30 0
146 30 0
158 30 0
159 30 0
160 30 0
172 30 0
173 30 0
174 30 0
180 30 0
181 30 0
184 30 0
185 30 0
187 30 0
2 31 0
3 31 0
4 31 0
13 31 0
18 31 0
19 31 0
20 31 0
21 31 0
46 31 0
47 31 0
60 31 0
74 31 0
75 31 0
86 31 0
87 31 0
88 31 0
101 31 0
102 31 0
103 31 0
116 31 0
117 31 0
130 31 0
131 31 0
132 31 0
144 31 0
145 31 0
146 31 0
158 31 0
159 31 0
160 31 0
172 31 0
173 31 0
174 31 0
185 31 0
186 31 0
187 31 0
3 32 0
11 32 0
12 32 0
13 32 0
16 32 0
18 32 0
19 32 0
20 32 0
21 32 0
22 32 0
23 32 0
34 32 0
45 32 0
46 32 0
47 32 0
73 32 0
74 32 0
86 32 0
88 32 0
103 32 0
115 32 0
116 32 0
117 32 0
130 32 0
131 32 0
132 32 0
144 32 0
145 32 0
146 32 0
158 32 0
159 32 0
160 32 0
172 32 0
173 32 0
174 32 0
1 33 0
2 33 0
3 33 0
10 33 0
11 33 0
12 33 0
13 33 0
18 33 0
19 33 0
20 33 0
21 33 0
23 33 0
34 33 0
46 33 0
47 33 0
58 33 0
59 33 0
60 33 0
72 33 0
73 33 0
74 33 0
87 33 0
88 33 0
100 33 0
101 33 0
102 33 0
103 33 0
115 33 0
116 33 0
117 33 0
130 33 0
131 33 0
132 33 0
144 33 0
145 33 0
146 33 0
158 33 0
159 33 0
160 33 0
172 33 0
173 33 0
185 33 0
186 33 0
1 34 0
2 34 0
12 34 0
13 34 0
17 34 0
18 34 0
19 34 0
20 34 0
21 34 0
23 34 0
33 34 0
34 34 0
59 34 0
60 34 0
72 34 0
73 34 0
74 34 0
86 34 0
87 34 0
88 34 0
101 34 0
102 34 0
103 34 0
115 34 0
116 34 0
117 34 0
130 34 0
131 34 0
132 34 0
144 34 0
145 34 0
146 34 0
158 34 0
159 34 0
160 34 0
172 34 0
173 34 0
185 34 0
186 34 0
2 35 0
11 35 0
12 35 0
18 35 0
19 35 0
20 35 0
21 35 0
22 35 0
34 35 0
44 35 0
46 35 0
60 35 0
72 35 0
73 35 0
74 35 0
86 35 0
87 35 0
88 35 0
101 35 0
102 35 0
103 35 0
115 35 0
116 35 0
117 35 0
130 35 0
131 35 0
132 35 0
144 35 0
145 35 0
146 35 0
158 35 0
159 35 0
160 35 0
172 35 0
173 35 0
185 35 0
186 35 0
7 36 0
20 36 0
21 36 0
23 36 0
44 36 0
46 36 0
58 36 0
59 36 0
72 36 0
73 36 0
74 36 0
86 36 0
87 36 0
88 36 0
100 36 0
101 36 0
102 36 0
103 36 0
115 36 0
116 36 0
117 36 0
130 36 0
131 36 0
132 36 0
144 36 0
145 36 0
146 36 0
158 36 0
159 36 0
160 36 0
172 36 0
173 36 0
184 36 0
185 36 0
186 36 0
2 37 0
7 37 0
8 37 0
12 37 0
21 37 0
22 37 0
23 37 0
32 37 0
34 37 0
46 37 0
58 37 0
59 37 0
60 37 0
72 37 0
73 37 0
74 37 0
86 37 0
87 37 0
88 37 0
101 37 0
102 37 0
103 37 0
115 37 0
116 37 0
117 37 0
130 37 0
131 37 0
132 37 0
144 37 0
145 37 0
146 37 0
158 37 0
159 37 0
172 37 0
173 37 0
185 37 0
186 37 0
2 38 0
7 38 0
12 38 0
34 38 0
59 38 0
71 38 0
72 38 0
73 38 0
86 38 0
87 38 0
88 38 0
100 38 0
101 38 0
102 38 0
116 38 0
117 38 0
130 38 0
131 38 0
144 38 0
145 38 0
146 38 0
157 38 0
158 38 0
159 38 0
172 38 0
173 38 0
185 38 0
186 38 0
4 39 0
5 39 0
7 39 0
8 39 0
12 39 0
32 39 0
33 39 0
34 39 0
44 39 0
45 39 0
46 39 0
58 39 0
59 39 0
60 39 0
72 39 0
73 39 0
74 39 0
86 39 0
87 39 0
100 39 0
101 39 0
102 39 0
115 39 0
116 39 0
117 39 0
128 39 0
129 39 0
130 39 0
131 39 0
132 39 0
143 39 0
144 39 0
145 39 0
157 39 0
158 39 0
159 39 0
172 39 0
173 39 0
185 39 0
186 39 0
7 40 0
31 40 0
33 40 0
34 40 0
44 40 0
45 40 0
46 40 0
58 40 0
59 40 0
60 40 0
71 40 0
72 40 0
73 40 0
74 40 0
85 40 0
86 40 0
87 40 0
88 40 0
102 40 0
115 40 0
116 40 0
117 40 0
121 40 0
122 40 0
123 40 0
125 40 0
126 40 0
127 40 0
128 40 0
129 40 0
130 40 0
131 40 0
132 40 0
141 40 0
142 40 0
143 40 0
144 40 0
145 40 0
156 40 0
157 40 0
158 40 0
159 40 0
171 40 0
172 40 0
173 40 0
185 40 0
186 40 0
7 41 0
10 41 0
12 41 0
22 41 0
31 41 0
32 41 0
33 41 0
34 41 0
44 41 0
45 41 0
47 41 0
58 41 0
59 41 0
60 41 0
73 41 0
85 41 0
86 41 0
87 41 0
100 41 0
101 41 0
102 41 0
113 41 0
114 41 0
115 41 0
116 41 0
117 41 0
118 41 0
119 41 0
120 41 0
121 41 0
122 41 0
123 41 0
124 41 0
125 41 0
129 41 0
130 41 0
131 41 0
132 41 0
143 41 0
144 41 0
145 41 0
155 41 0
156 41 0
157 41 0
158 41 0
159 41 0
160 41 0
164 41 0
170 41 0
171 41 0
172 41 0
173 41 0
185 41 0
186 41 0
5 42 0
7 42 0
12 42 0
22 42 0
33 42 0
42 42 0
43 42 0
44 42 0
45 42 0
46 42 0
47 42 0
48 42 0
56 42 0
57 42 0
58 42 0
59 42 0
71 42 0
72 42 0
73 42 0
85 42 0
86 42 0
87 42 0
99 42 0
100 42 0
101 42 0
107 42 0
108 42 0
109 42 0
111 42 0
112 42 0
113 42 0
114 42 0
115 42 0
116 42 0
117 42 0
118 42 0
129 42 0
130 42 0
131 42 0
143 42 0
144 42 0
145 42 0
155 42 0
156 42 0
157 42 0
158 42 0
159 42 0
160 42 0
169 42 0
170 42 0
171 42 0
172 42 0
173 42 0
185 42 0
186 42 0
2 43 0
3 43 0
5 43 0
6 43 0
7 43 0
12 43 0
22 43 0
31 43 0
33 43 0
42 43 0
43 43 0
45 43 0
46 43 0
55 43 0
56 43 0
57 43 0
58 43 0
59 43 0
72 43 0
73 43 0
84 43 0
85 43 0
86 43 0
87 43 0
88 43 0
89 43 0
92 43 0
93 43 0
98 43 0
99 43 0
100 43 0
101 43 0
104 43 0
105 43 0
106 43 0
107 43 0
108 43 0
110 43 0
115 43 0
116 43 0
117 43 0
129 43 0
130 43 0
131 43 0
143 43 0
144 43 0
145 43 0
156 43 0
157 43 0
158 43 0
159 43 0
170 43 0
171 43 0
172 43 0
173 43 0
179 43 0
184 43 0
185 43 0
2 44 0
3 44 0
4 44 0
5 44 0
6 44 0
7 44 0
10 44 0
33 44 0
45 44 0
46 44 0
57 44 0
58 44 0
59 44 0
60 44 0
72 44 0
73 44 0
75 44 0
76 44 0
79 44 0
80 44 0
81 44 0
83 44 0
84 44 0
85 44 0
86 44 0
87 44 0
88 44 0
98 44 0
99 44 0
100 44 0
101 44 0
102 44 0
103 44 0
114 44 0
115 44 0
116 44 0
117 44 0
128 44 0
130 44 0
143 44 0
144 44 0
145 44 0
157 44 0
158 44 0
171 44 0
172 44 0
173 44 0
179 44 0
180 44 0
183 44 0
184 44 0
185 44 0
2 45 0
6 45 0
7 45 0
10 45 0
22 45 0
45 45 0
57 45 0
58 45 0
59 45 0
71 45 0
72 45 0
73 45 0
74 45 0
75 45 0
81 45 0
82 45 0
85 45 0
86 45 0
87 45 0
100 45 0
101 45 0
102 45 0
114 45 0
115 45 0
116 45 0
117 45 0
128 45 0
130 45 0
143 45 0
144 45 0
157 45 0
158 45 0
171 45 0
172 45 0
182 45 0
183 45 0
184 45 0
185 45 0
186 45 0
6 46 0
7 46 0
10 46 0
11 46 0
12 46 0
20 46 0
22 46 0
33 46 0
42 46 0
45 46 0
57 46 0
59 46 0
71 46 0
72 46 0
73 46 0
74 46 0
75 46 0
85 46 0
86 46 0
87 46 0
100 46 0
101 46 0
102 46 0
116 46 0
128 46 0
130 46 0
142 46 0
143 46 0
144 46 0
157 46 0
158 46 0
171 46 0
172 46 0
184 46 0
185 46 0
186 46 0
9 47 0
10 47 0
11 47 0
21 47 0
45 47 0
57 47 0
59 47 0
71 47 0
72 47 0
73 47 0
85 47 0
86 47 0
87 47 0
100 47 0
101 47 0
114 47 0
115 47 0
116 47 0
129 47 0
130 47 0
142 47 0
143 47 0
144 47 0
156 47 0
157 47 0
158 47 0
170 47 0
171 47 0
172 47 0
183 47 0
184 47 0
185 47 0
9 48 0
10 48 0
11 48 0
15 48 0
18 48 0
20 48 0
21 48 0
25 48 0
59 48 0
71 48 0
72 48 0
73 48 0
85 48 0
99 48 0
100 48 0
101 48 0
114 48 0
115 48 0
116 48 0
128 48 0
129 48 0
130 48 0
142 48 0
143 48 0
144 48 0
156 48 0
157 48 0
158 48 0
170 48 0
171 48 0
172 48 0
183 48 0
184 48 0
185 48 0
11 49 0
22 49 0
34 49 0
41 49 0
43 49 0
59 49 0
68 49 0
71 49 0
72 49 0
83 49 0
85 49 0
87 49 0
101 49 0
114 49 0
115 49 0
128 49 0
129 49 0
130 49 0
142 49 0
143 49 0
144 49 0
156 49 0
157 49 0
158 49 0
170 49 0
171 49 0
172 49 0
183 49 0
184 49 0
185 49 0
11 50 0
51 50 0
63 50 0
72 50 0
73 50 0
75 50 0
82 50 0
85 50 0
86 50 0
87 50 0
99 50 0
100 50 0
101 50 0
114 50 0
115 50 0
116 50 0
128 50 0
130 50 0
142 50 0
143 50 0
144 50 0
156 50 0
157 50 0
158 50 0
170 50 0
171 50 0
172 50 0
183 50 0
184 50 0
185 50 0
11 51 0
21 51 0
22 51 0
75 51 0
76 51 0
78 51 0
85 51 0
99 51 0
100 51 0
101 51 0
113 51 0
114 51 0
115 51 0
116 51 0
128 51 0
129 51 0
130 51 0
142 51 0
143 51 0
144 51 0
156 51 0
157 51 0
158 51 0
170 51 0
171 51 0
172 51 0
183 51 0
184 51 0
185 51 0
11 52 0
21 52 0
83 52 0
84 52 0
85 52 0
88 52 0
89 52 0
99 52 0
100 52 0
101 52 0
114 52 0
115 52 0
116 52 0
129 52 0
130 52 0
142 52 0
143 52 0
144 52 0
156 52 0
157 52 0
158 52 0
170 52 0
171 52 0
172 52 0
183 52 0
184 52 0
185 52 0
11 53 0
45 53 0
58 53 0
83 53 0
86 53 0
92 53 0
94 53 0
96 53 0
97 53 0
99 53 0
100 53 0
114 53 0
115 53 0
116 53 0
128 53 0
129 53 0
130 53 0
142 53 0
143 53 0
144 53 0
153 53 0
156 53 0
157 53 0
158 53 0
170 53 0
171 53 0
172 53 0
183 53 0
184 53 0
185 53 0
11 54 0
31 54 0
45 54 0
99 54 0
114 54 0
115 54 0
126 54 0
127 54 0
128 54 0
129 54 0
130 54 0
142 54 0
143 54 0
144 54 0
151 54 0
152 54 0
153 54 0
154 54 0
155 54 0
156 54 0
157 54 0
158 54 0
159 54 0
170 54 0
171 54 0
172 54 0
181 54 0
183 54 0
184 54 0
185 54 0
11 55 0
32 55 0
33 55 0
124 55 0
125 55 0
126 55 0
127 55 0
128 55 0
129 55 0
130 55 0
131 55 0
141 55 0
142 55 0
143 55 0
144 55 0
151 55 0
152 55 0
153 55 0
154 55 0
155 55 0
156 55 0
158 55 0
159 55 0
170 55 0
171 55 0
181 55 0
182 55 0
21 56 0
32 56 0
33 56 0
112 56 0
123 56 0
127 56 0
128 56 0
129 56 0
130 56 0
140 56 0
141 56 0
142 56 0
143 56 0
144 56 0
150 56 0
152 56 0
153 56 0
155 56 0
156 56 0
158 56 0
159 56 0
169 56 0
170 56 0
171 56 0
180 56 0
181 56 0
184 56 0
32 57 0
40 57 0
42 57 0
43 57 0
105 57 0
112 57 0
114 57 0
115 57 0
116 57 0
128 57 0
129 57 0
135 57 0
141 57 0
142 57 0
143 57 0
144 57 0
154 57 0
155 57 0
156 57 0
157 57 0
158 57 0
159 57 0
164 57 0
165 57 0
166 57 0
167 57 0
168 57 0
169 57 0
170 57 0
171 57 0
172 57 0
180 57 0
181 57 0
184 57 0
44 58 0
45 58 0
46 58 0
98 58 0
104 58 0
105 58 0
106 58 0
114 58 0
115 58 0
116 58 0
142 58 0
143 58 0
155 58 0
156 58 0
157 58 0
163 58 0
164 58 0
165 58 0
169 58 0
170 58 0
171 58 0
172 58 0
178 58 0
179 58 0
182 58 0
183 58 0
184 58 0
44 59 0
45 59 0
96 59 0
97 59 0
98 59 0
99 59 0
102 59 0
104 59 0
113 59 0
114 59 0
115 59 0
128 59 0
142 59 0
143 59 0
155 59 0
156 59 0
157 59 0
169 59 0
170 59 0
171 59 0
172 59 0
180 59 0
181 59 0
182 59 0
183 59 0
184 59 0
185 59 0
44 60 0
96 60 0
97 60 0
98 60 0
99 60 0
100 60 0
101 60 0
114 60 0
115 60 0
128 60 0
129 60 0
142 60 0
143 60 0
169 60 0
170 60 0
171 60 0
180 60 0
182 60 0
183 60 0
184 60 0
10 61 0
44 61 0
95 61 0
96 61 0
97 61 0
98 61 0
99 61 0
100 61 0
113 61 0
114 61 0
115 61 0
128 61 0
142 61 0
156 61 0
170 61 0
180 61 0
181 61 0
184 61 0
9 62 0
10 62 0
11 62 0
44 62 0
97 62 0
98 62 0
99 62 0
100 62 0
113 62 0
114 62 0
142 62 0
156 62 0
180 62 0
10 63 0
11 63 0
44 63 0
98 63 0
99 63 0
100 63 0
113 63 0
114 63 0
126 63 0
128 63 0
141 63 0
142 63 0
155 63 0
156 63 0
170 63 0
9 64 0
10 64 0
32 64 0
44 64 0
98 64 0
99 64 0
113 64 0
114 64 0
126 64 0
128 64 0
140 64 0
141 64 0
142 64 0
155 64 0
156 64 0
170 64 0
182 64 0
183 64 0
184 64 0
19 65 0
32 65 0
44 65 0
98 65 0
99 65 0
113 65 0
114 65 0
115 65 0
126 65 0
127 65 0
128 65 0
141 65 0
142 65 0
154 65 0
155 65 0
156 65 0
168 65 0
170 65 0
182 65 0
183 65 0
184 65 0
18 66 0
19 66 0
20 66 0
21 66 0
97 66 0
98 66 0
99 66 0
112 66 0
113 66 0
114 66 0
115 66 0
126 66 0
127 66 0
128 66 0
140 66 0
141 66 0
142 66 0
154 66 0
155 66 0
156 66 0
167 66 0
168 66 0
169 66 0
170 66 0
182 66 0
183 66 0
20 67 0
21 67 0
97 67 0
98 67 0
99 67 0
113 67 0
114 67 0
126 67 0
127 67 0
128 67 0
140 67 0
141 67 0
142 67 0
154 67 0
155 67 0
156 67 0
167 67 0
169 67 0
170 67 0
182 67 0
183 67 0
86 68 0
98 68 0
99 68 0
113 68 0
114 68 0
127 68 0
128 68 0
140 68 0
141 68 0
142 68 0
154 68 0
155 68 0
156 68 0
168 68 0
169 68 0
170 68 0
182 68 0
183 68 0
30 69 0
31 69 0
32 69 0
84 69 0
85 69 0
86 69 0
99 69 0
114 69 0
126 69 0
140 69 0
141 69 0
142 69 0
154 69 0
155 69 0
156 69 0
168 69 0
169 69 0
170 69 0
183 69 0
31 70 0
32 70 0
84 70 0
85 70 0
98 70 0
99 70 0
112 70 0
113 70 0
114 70 0
125 70 0
126 70 0
127 70 0
129 70 0
138 70 0
139 70 0
140 70 0
141 70 0
142 70 0
154 70 0
155 70 0
156 70 0
168 70 0
169 70 0
170 70 0
181 70 0
183 70 0
32 71 0
43 71 0
55 71 0
57 71 0
83 71 0
84 71 0
85 71 0
98 71 0
99 71 0
112 71 0
113 71 0
114 71 0
124 71 0
125 71 0
126 71 0
127 71 0
128 71 0
139 71 0
140 71 0
141 71 0
142 71 0
151 71 0
152 71 0
153 71 0
154 71 0
155 71 0
156 71 0
157 71 0
163 71 0
166 71 0
167 71 0
168 71 0
169 71 0
170 71 0
171 71 0
181 71 0
182 71 0
183 71 0
41 72 0
42 72 0
57 72 0
84 72 0
85 72 0
97 72 0
98 72 0
99 72 0
111 72 0
112 72 0
113 72 0
114 72 0
117 72 0
120 72 0
121 72 0
123 72 0
124 72 0
125 72 0
126 72 0
127 72 0
128 72 0
140 72 0
141 72 0
142 72 0
150 72 0
151 72 0
154 72 0
155 72 0
156 72 0
163 72 0
166 72 0
167 72 0
168 72 0
169 72 0
170 72 0
171 72 0
172 72 0
178 72 0
181 72 0
182 72 0
183 72 0
41 73 0
42 73 0
43 73 0
44 73 0
55 73 0
57 73 0
71 73 0
83 73 0
84 73 0
85 73 0
97 73 0
98 73 0
99 73 0
108 73 0
109 73 0
110 73 0
111 73 0
112 73 0
113 73 0
114 73 0
115 73 0
118 73 0
119 73 0
120 73 0
125 73 0
126 73 0
127 73 0
128 73 0
140 73 0
141 73 0
142 73 0
154 73 0
155 73 0
156 73 0
167 73 0
168 73 0
169 73 0
170 73 0
178 73 0
181 73 0
182 73 0
183 73 0
43 74 0
44 74 0
51 74 0
52 74 0
53 74 0
54 74 0
55 74 0
56 74 0
57 74 0
70 74 0
71 74 0
72 74 0
76 74 0
77 74 0
80 74 0
81 74 0
82 74 0
83 74 0
84 74 0
85 74 0
87 74 0
96 74 0
97 74 0
98 74 0
102 74 0
103 74 0
105 74 0
106 74 0
108 74 0
109 74 0
113 74 0
114 74 0
115 74 0
125 74 0
126 74 0
127 74 0
140 74 0
141 74 0
153 74 0
154 74 0
155 74 0
168 74 0
169 74 0
170 74 0
179 74 0
180 74 0
181 74 0
182 74 0
183 74 0
184 74 0
186 74 0
41 75 0
43 75 0
55 75 0
56 75 0
57 75 0
72 75 0
75 75 0
76 75 0
77 75 0
81 75 0
82 75 0
83 75 0
84 75 0
85 75 0
86 75 0
94 75 0
96 75 0
97 75 0
98 75 0
99 75 0
100 75 0
101 75 0
102 75 0
103 75 0
104 75 0
105 75 0
112 75 0
113 75 0
114 75 0
125 75 0
126 75 0
127 75 0
139 75 0
141 75 0
153 75 0
154 75 0
155 75 0
168 75 0
169 75 0
181 75 0
182 75 0
183 75 0
43 76 0
54 76 0
55 76 0
56 76 0
57 76 0
68 76 0
69 76 0
70 76 0
71 76 0
72 76 0
73 76 0
74 76 0
83 76 0
84 76 0
85 76 0
97 76 0
98 76 0
99 76 0
111 76 0
112 76 0
113 76 0
125 76 0
126 76 0
127 76 0
139 76 0
141 76 0
153 76 0
154 76 0
155 76 0
167 76 0
168 76 0
169 76 0
180 76 0
181 76 0
182 76 0
9 77 0
10 77 0
43 77 0
57 77 0
69 77 0
70 77 0
71 77 0
72 77 0
83 77 0
84 77 0
85 77 0
97 77 0
98 77 0
99 77 0
111 77 0
112 77 0
113 77 0
125 77 0
126 77 0
127 77 0
139 77 0
140 77 0
141 77 0
153 77 0
154 77 0
155 77 0
167 77 0
168 77 0
169 77 0
180 77 0
181 77 0
182 77 0
9 78 0
10 78 0
11 78 0
43 78 0
69 78 0
70 78 0
71 78 0
84 78 0
97 78 0
98 78 0
111 78 0
113 78 0
125 78 0
126 78 0
127 78 0
139 78 0
140 78 0
141 78 0
153 78 0
154 78 0
155 78 0
167 78 0
168 78 0
169 78 0
180 78 0
181 78 0
182 78 0
10 79 0
19 79 0
83 79 0
84 79 0
85 79 0
98 79 0
111 79 0
112 79 0
113 79 0
125 79 0
126 79 0
127 79 0
139 79 0
140 79 0
141 79 0
153 79 0
154 79 0
155 79 0
167 79 0
168 79 0
169 79 0
180 79 0
181 79 0
182 79 0
10 80 0
18 80 0
19 80 0
20 80 0
68 80 0
70 80 0
84 80 0
85 80 0
96 80 0
97 80 0
98 80 0
111 80 0
113 80 0
124 80 0
125 80 0
126 80 0
127 80 0
140 80 0
141 80 0
153 80 0
154 80 0
155 80 0
167 80 0
168 80 0
169 80 0
180 80 0
181 80 0
182 80 0
18 81 0
20 81 0
21 81 0
43 81 0
70 81 0
83 81 0
84 81 0
85 81 0
96 81 0
98 81 0
111 81 0
112 81 0
113 81 0
126 81 0
140 81 0
152 81 0
153 81 0
154 81 0
155 81 0
166 81 0
167 81 0
168 81 0
181 81 0
182 81 0
70 82 0
85 82 0
98 82 0
112 82 0
113 82 0
125 82 0
126 82 0
139 82 0
140 82 0
152 82 0
153 82 0
154 82 0
155 82 0
167 82 0
168 82 0
180 82 0
181 82 0
70 83 0
96 83 0
97 83 0
98 83 0
111 83 0
112 83 0
124 83 0
126 83 0
127 83 0
138 83 0
139 83 0
140 83 0
154 83 0
167 83 0
168 83 0
179 83 0
180 83 0
181 83 0
11 84 0
29 84 0
30 84 0
82 84 0
83 84 0
84 84 0
85 84 0
96 84 0
97 84 0
98 84 0
111 84 0
112 84 0
113 84 0
125 84 0
126 84 0
138 84 0
139 84 0
140 84 0
151 84 0
154 84 0
166 84 0
167 84 0
168 84 0
179 84 0
180 84 0
181 84 0
30 85 0
31 85 0
32 85 0
33 85 0
56 85 0
70 85 0
84 85 0
85 85 0
96 85 0
97 85 0
98 85 0
111 85 0
112 85 0
123 85 0
124 85 0
125 85 0
126 85 0
127 85 0
137 85 0
138 85 0
139 85 0
140 85 0
141 85 0
144 85 0
146 85 0
147 85 0
151 85 0
152 85 0
153 85 0
154 85 0
166 85 0
167 85 0
168 85 0
180 85 0
181 85 0
30 86 0
31 86 0
32 86 0
56 86 0
69 86 0
70 86 0
83 86 0
84 86 0
85 86 0
96 86 0
97 86 0
98 86 0
111 86 0
112 86 0
122 86 0
123 86 0
124 86 0
125 86 0
126 86 0
127 86 0
128 86 0
134 86 0
136 86 0
137 86 0
138 86 0
139 86 0
140 86 0
141 86 0
146 86 0
152 86 0
153 86 0
154 86 0
166 86 0
167 86 0
168 86 0
169 86 0
179 86 0
180 86 0
181 86 0
41 87 0
56 87 0
68 87 0
70 87 0
83 87 0
84 87 0
96 87 0
97 87 0
98 87 0
111 87 0
115 87 0
116 87 0
122 87 0
123 87 0
124 87 0
125 87 0
126 87 0
127 87 0
138 87 0
139 87 0
140 87 0
152 87 0
153 87 0
154 87 0
163 87 0
165 87 0
166 87 0
167 87 0
168 87 0
169 87 0
174 87 0
178 87 0
179 87 0
180 87 0
40 88 0
41 88 0
42 88 0
43 88 0
44 88 0
55 88 0
56 88 0
70 88 0
83 88 0
84 88 0
96 88 0
97 88 0
98 88 0
109 88 0
110 88 0
111 88 0
113 88 0
114 88 0
115 88 0
116 88 0
124 88 0
125 88 0
126 88 0
137 88 0
138 88 0
139 88 0
140 88 0
152 88 0
153 88 0
154 88 0
166 88 0
167 88 0
168 88 0
174 88 0
175 88 0
178 88 0
179 88 0
180 88 0
181 88 0
19 89 0
42 89 0
43 89 0
44 89 0
53 89 0
54 89 0
55 89 0
56 89 0
69 89 0
70 89 0
82 89 0
83 89 0
84 89 0
85 89 0
96 89 0
97 89 0
98 89 0
107 89 0
108 89 0
109 89 0
110 89 0
111 89 0
112 89 0
113 89 0
124 89 0
125 89 0
126 89 0
137 89 0
138 89 0
139 89 0
151 89 0
152 89 0
153 89 0
166 89 0
167 89 0
168 89 0
179 89 0
180 89 0
181 89 0
9 90 0
10 90 0
11 90 0
41 90 0
43 90 0
53 90 0
54 90 0
55 90 0
56 90 0
57 90 0
68 90 0
69 90 0
70 90 0
79 90 0
80 90 0
81 90 0
82 90 0
83 90 0
84 90 0
85 90 0
86 90 0
94 90 0
95 90 0
96 90 0
97 90 0
98 90 0
102 90 0
103 90 0
105 90 0
106 90 0
107 90 0
108 90 0
110 90 0
111 90 0
112 90 0
113 90 0
124 90 0
125 90 0
126 90 0
137 90 0
138 90 0
139 90 0
151 90 0
152 90 0
153 90 0
165 90 0
166 90 0
167 90 0
178 90 0
179 90 0
180 90 0
11 91 0
12 91 0
41 91 0
43 91 0
55 91 0
56 91 0
57 91 0
66 91 0
67 91 0
68 91 0
71 91 0
73 91 0
75 91 0
81 91 0
82 91 0
83 91 0
84 91 0
85 91 0
94 91 0
95 91 0
96 91 0
97 91 0
98 91 0
99 91 0
102 91 0
103 91 0
106 91 0
110 91 0
111 91 0
112 91 0
124 91 0
125 91 0
126 91 0
137 91 0
138 91 0
139 91 0
151 91 0
152 91 0
153 91 0
165 91 0
166 91 0
167 91 0
178 91 0
179 91 0
180 91 0
43 92 0
54 92 0
56 92 0
67 92 0
68 92 0
69 92 0
70 92 0
71 92 0
72 92 0
82 92 0
83 92 0
84 92 0
96 92 0
97 92 0
98 92 0
111 92 0
112 92 0
125 92 0
126 92 0
137 92 0
138 92 0
139 92 0
151 92 0
152 92 0
153 92 0
165 92 0
166 92 0
167 92 0
178 92 0
179 92 0
180 92 0
21 93 0
54 93 0
56 93 0
68 93 0
69 93 0
70 93 0
81 93 0
82 93 0
83 93 0
84 93 0
95 93 0
96 93 0
97 93 0
98 93 0
110 93 0
111 93 0
112 93 0
124 93 0
125 93 0
126 93 0
137 93 0
138 93 0
139 93 0
151 93 0
152 93 0
153 93 0
165 93 0
166 93 0
167 93 0
178 93 0
179 93 0
180 93 0
54 94 0
56 94 0
70 94 0
83 94 0
84 94 0
95 94 0
96 94 0
97 94 0
109 94 0
110 94 0
111 94 0
112 94 0
124 94 0
125 94 0
126 94 0
137 94 0
138 94 0
139 94 0
151 94 0
152 94 0
153 94 0
165 94 0
166 94 0
167 94 0
177 94 0
178 94 0
179 94 0
180 94 0
19 95 0
21 95 0
43 95 0
56 95 0
70 95 0
83 95 0
96 95 0
97 95 0
110 95 0
111 95 0
112 95 0
123 95 0
124 95 0
125 95 0
126 95 0
137 95 0
138 95 0
139 95 0
151 95 0
152 95 0
153 95 0
165 95 0
166 95 0
177 95 0
178 95 0
179 95 0
19 96 0
20 96 0
21 96 0
68 96 0
69 96 0
70 96 0
97 96 0
109 96 0
111 96 0
123 96 0
124 96 0
125 96 0
137 96 0
138 96 0
139 96 0
152 96 0
164 96 0
165 96 0
166 96 0
177 96 0
178 96 0
179 96 0
19 97 0
20 97 0
21 97 0
69 97 0
70 97 0
82 97 0
95 97 0
96 97 0
97 97 0
109 97 0
110 97 0
111 97 0
123 97 0
124 97 0
125 97 0
137 97 0
138 97 0
139 97 0
151 97 0
152 97 0
164 97 0
165 97 0
166 97 0
177 97 0
178 97 0
179 97 0
30 98 0
31 98 0
32 98 0
43 98 0
70 98 0
81 98 0
83 98 0
84 98 0
95 98 0
96 98 0
97 98 0
109 98 0
110 98 0
111 98 0
124 98 0
125 98 0
137 98 0
138 98 0
151 98 0
152 98 0
164 98 0
166 98 0
178 98 0
179 98 0
11 99 0
30 99 0
31 99 0
32 99 0
56 99 0
70 99 0
83 99 0
84 99 0
95 99 0
96 99 0
97 99 0
110 99 0
111 99 0
123 99 0
124 99 0
128 99 0
134 99 0
135 99 0
136 99 0
137 99 0
138 99 0
140 99 0
141 99 0
142 99 0
143 99 0
150 99 0
151 99 0
152 99 0
164 99 0
166 99 0
177 99 0
178 99 0
179 99 0
32 100 0
70 100 0
82 100 0
83 100 0
84 100 0
95 100 0
97 100 0
111 100 0
122 100 0
123 100 0
124 100 0
126 100 0
127 100 0
134 100 0
135 100 0
136 100 0
137 100 0
138 100 0
139 100 0
140 100 0
149 100 0
150 100 0
151 100 0
152 100 0
163 100 0
164 100 0
165 100 0
166 100 0
177 100 0
178 100 0
179 100 0
32 101 0
56 101 0
70 101 0
83 101 0
84 101 0
95 101 0
97 101 0
109 101 0
110 101 0
111 101 0
121 101 0
122 101 0
123 101 0
124 101 0
125 101 0
126 101 0
136 101 0
137 101 0
138 101 0
150 101 0
151 101 0
152 101 0
161 101 0
162 101 0
163 101 0
164 101 0
165 101 0
166 101 0
177 101 0
178 101 0
179 101 0
41 102 0
42 102 0
56 102 0
83 102 0
95 102 0
96 102 0
97 102 0
109 102 0
110 102 0
111 102 0
116 102 0
117 102 0
118 102 0
119 102 0
120 102 0
121 102 0
122 102 0
123 102 0
124 102 0
125 102 0
136 102 0
137 102 0
138 102 0
149 102 0
150 102 0
151 102 0
152 102 0
164 102 0
165 102 0
166 102 0
176 102 0
177 102 0
178 102 0
179 102 0
180 102 0
41 103 0
42 103 0
44 103 0
45 103 0
56 103 0
70 103 0
81 103 0
82 103 0
83 103 0
95 103 0
96 103 0
97 103 0
99 103 0
100 103 0
101 103 0
102 103 0
107 103 0
108 103 0
109 103 0
110 103 0
111 103 0
112 103 0
116 103 0
117 103 0
118 103 0
123 103 0
124 103 0
125 103 0
135 103 0
136 103 0
137 103 0
138 103 0
149 103 0
150 103 0
151 103 0
164 103 0
165 103 0
175 103 0
176 103 0
177 103 0
178 103 0
179 103 0
10 104 0
43 104 0
44 104 0
54 104 0
56 104 0
70 104 0
80 104 0
81 104 0
82 104 0
83 104 0
95 104 0
98 104 0
99 104 0
100 104 0
101 104 0
108 104 0
109 104 0
110 104 0
111 104 0
112 104 0
113 104 0
114 104 0
115 104 0
116 104 0
122 104 0
123 104 0
124 104 0
135 104 0
136 104 0
137 104 0
138 104 0
149 104 0
150 104 0
151 104 0
163 104 0
164 104 0
165 104 0
176 104 0
177 104 0
178 104 0
179 104 0
11 105 0
12 105 0
43 105 0
54 105 0
56 105 0
68 105 0
72 105 0
73 105 0
79 105 0
80 105 0
81 105 0
82 105 0
83 105 0
95 105 0
96 105 0
98 105 0
99 105 0
109 105 0
110 105 0
111 105 0
112 105 0
122 105 0
124 105 0
135 105 0
136 105 0
137 105 0
138 105 0
149 105 0
151 105 0
163 105 0
164 105 0
165 105 0
176 105 0
177 105 0
178 105 0
11 106 0
12 106 0
43 106 0
56 106 0
57 106 0
65 106 0
67 106 0
68 106 0
69 106 0
70 106 0
73 106 0
81 106 0
82 106 0
83 106 0
94 106 0
95 106 0
96 106 0
97 106 0
98 106 0
109 106 0
110 106 0
111 106 0
122 106 0
123 106 0
124 106 0
136 106 0
137 106 0
138 106 0
149 106 0
150 106 0
151 106 0
163 106 0
164 106 0
165 106 0
176 106 0
177 106 0
14 107 0
20 107 0
21 107 0
43 107 0
56 107 0
66 107 0
67 107 0
68 107 0
70 107 0
71 107 0
81 107 0
83 107 0
93 107 0
94 107 0
95 107 0
97 107 0
98 107 0
109 107 0
110 107 0
111 107 0
122 107 0
123 107 0
124 107 0
135 107 0
136 107 0
137 107 0
138 107 0
149 107 0
150 107 0
151 107 0
164 107 0
175 107 0
176 107 0
177 107 0
19 108 0
20 108 0
21 108 0
43 108 0
68 108 0
69 108 0
70 108 0
83 108 0
95 108 0
97 108 0
110 108 0
111 108 0
122 108 0
123 108 0
124 108 0
135 108 0
136 108 0
137 108 0
138 108 0
149 108 0
150 108 0
151 108 0
163 108 0
164 108 0
175 108 0
176 108 0
177 108 0
1 109 0
21 109 0
22 109 0
43 109 0
69 109 0
70 109 0
97 109 0
110 109 0
123 109 0
124 109 0
135 109 0
136 109 0
137 109 0
149 109 0
150 109 0
151 109 0
162 109 0
163 109 0
164 109 0
175 109 0
176 109 0
177 109 0
21 110 0
43 110 0
56 110 0
81 110 0
83 110 0
95 110 0
110 110 0
124 110 0
135 110 0
136 110 0
137 110 0
149 110 0
150 110 0
162 110 0
163 110 0
164 110 0
175 110 0
176 110 0
177 110 0
43 111 0
70 111 0
81 111 0
83 111 0
95 111 0
96 111 0
97 111 0
109 111 0
110 111 0
122 111 0
124 111 0
135 111 0
136 111 0
137 111 0
148 111 0
149 111 0
150 111 0
162 111 0
163 111 0
164 111 0
175 111 0
176 111 0
177 111 0
56 112 0
70 112 0
81 112 0
83 112 0
96 112 0
97 112 0
108 112 0
109 112 0
110 112 0
122 112 0
123 112 0
124 112 0
135 112 0
137 112 0
148 112 0
149 112 0
150 112 0
162 112 0
163 112 0
164 112 0
175 112 0
176 112 0
31 113 0
32 113 0
33 113 0
56 113 0
81 113 0
83 113 0
95 113 0
96 113 0
97 113 0
108 113 0
109 113 0
110 113 0
123 113 0
124 113 0
134 113 0
135 113 0
136 113 0
137 113 0
138 113 0
148 113 0
149 113 0
150 113 0
162 113 0
163 113 0
164 113 0
176 113 0
31 114 0
32 114 0
33 114 0
70 114 0
81 114 0
82 114 0
83 114 0
95 114 0
96 114 0
97 114 0
109 114 0
110 114 0
122 114 0
124 114 0
134 114 0
135 114 0
136 114 0
137 114 0
138 114 0
147 114 0
148 114 0
149 114 0
150 114 0
161 114 0
162 114 0
163 114 0
175 114 0
176 114 0
2 115 0
81 115 0
82 115 0
83 115 0
95 115 0
96 115 0
97 115 0
109 115 0
110 115 0
120 115 0
121 115 0
122 115 0
123 115 0
124 115 0
125 115 0
126 115 0
127 115 0
128 115 0
129 115 0
132 115 0
133 115 0
135 115 0
136 115 0
137 115 0
148 115 0
149 115 0
150 115 0
161 115 0
162 115 0
163 115 0
164 115 0
165 115 0
173 115 0
174 115 0
175 115 0
176 115 0
179 115 0
180 115 0
184 115 0
187 115 0
2 116 0
42 116 0
56 116 0
70 116 0
81 116 0
82 116 0
83 116 0
95 116 0
109 116 0
110 116 0
114 116 0
115 116 0
116 116 0
117 116 0
121 116 0
122 116 0
123 116 0
124 116 0
125 116 0
135 116 0
136 116 0
137 116 0
148 116 0
149 116 0
161 116 0
163 116 0
164 116 0
172 116 0
173 116 0
174 116 0
175 116 0
176 116 0
177 116 0
178 116 0
10 117 0
11 117 0
33 117 0
41 117 0
42 117 0
43 117 0
56 117 0
69 117 0
70 117 0
81 117 0
82 117 0
83 117 0
95 117 0
97 117 0
109 117 0
112 117 0
113 117 0
114 117 0
115 117 0
122 117 0
123 117 0
124 117 0
134 117 0
135 117 0
136 117 0
147 117 0
148 117 0
149 117 0
161 117 0
162 117 0
163 117 0
164 117 0
173 117 0
174 117 0
175 117 0
176 117 0
10 118 0
11 118 0
12 118 0
43 118 0
44 118 0
56 118 0
68 118 0
69 118 0
70 118 0
81 118 0
82 118 0
83 118 0
95 118 0
97 118 0
108 118 0
109 118 0
110 118 0
112 118 0
113 118 0
122 118 0
123 118 0
135 118 0
136 118 0
147 118 0
148 118 0
149 118 0
161 118 0
162 118 0
163 118 0
174 118 0
175 118 0
176 118 0
12 119 0
13 119 0
42 119 0
43 119 0
44 119 0
55 119 0
56 119 0
68 119 0
69 119 0
70 119 0
77 119 0
78 119 0
79 119 0
80 119 0
81 119 0
82 119 0
83 119 0
84 119 0
94 119 0
95 119 0
96 119 0
107 119 0
108 119 0
109 119 0
110 119 0
111 119 0
112 119 0
121 119 0
122 119 0
123 119 0
134 119 0
135 119 0
136 119 0
147 119 0
148 119 0
149 119 0
161 119 0
162 119 0
163 119 0
174 119 0
175 119 0
54 120 0
55 120 0
56 120 0
57 120 0
60 120 0
67 120 0
68 120 0
78 120 0
79 120 0
81 120 0
82 120 0
83 120 0
84 120 0
93 120 0
94 120 0
95 120 0
96 120 0
97 120 0
98 120 0
100 120 0
101 120 0
102 120 0
103 120 0
105 120 0
106 120 0
107 120 0
108 120 0
110 120 0
111 120 0
122 120 0
123 120 0
134 120 0
135 120 0
136 120 0
147 120 0
148 120 0
149 120 0
161 120 0
162 120 0
163 120 0
174 120 0
175 120 0
21 121 0
56 121 0
57 121 0
66 121 0
67 121 0
68 121 0
69 121 0
70 121 0
81 121 0
82 121 0
83 121 0
96 121 0
97 121 0
108 121 0
110 121 0
122 121 0
123 121 0
134 121 0
136 121 0
147 121 0
148 121 0
149 121 0
160 121 0
162 121 0
20 122 0
21 122 0
23 122 0
56 122 0
69 122 0
70 122 0
81 122 0
82 122 0
83 122 0
96 122 0
110 122 0
123 122 0
134 122 0
135 122 0
136 122 0
148 122 0
149 122 0
160 122 0
161 122 0
162 122 0
173 122 0
174 122 0
175 122 0
23 123 0
68 123 0
70 123 0
81 123 0
82 123 0
96 123 0
110 123 0
122 123 0
123 123 0
134 123 0
135 123 0
136 123 0
147 123 0
148 123 0
160 123 0
162 123 0
173 123 0
175 123 0
23 124 0
81 124 0
82 124 0
96 124 0
108 124 0
109 124 0
110 124 0
122 124 0
123 124 0
134 124 0
135 124 0
147 124 0
148 124 0
160 124 0
161 124 0
162 124 0
173 124 0
174 124 0
175 124 0
32 125 0
82 125 0
95 125 0
96 125 0
108 125 0
109 125 0
110 125 0
121 125 0
122 125 0
123 125 0
134 125 0
135 125 0
147 125 0
148 125 0
160 125 0
161 125 0
162 125 0
173 125 0
174 125 0
175 125 0
2 126 0
31 126 0
32 126 0
33 126 0
34 126 0
82 126 0
96 126 0
108 126 0
109 126 0
110 126 0
121 126 0
122 126 0
123 126 0
132 126 0
133 126 0
134 126 0
135 126 0
138 126 0
146 126 0
147 126 0
148 126 0
160 126 0
161 126 0
162 126 0
173 126 0
174 126 0
175 126 0
185 126 0
186 126 0
1 127 0
2 127 0
3 127 0
32 127 0
33 127 0
34 127 0
68 127 0
70 127 0
96 127 0
108 127 0
110 127 0
121 127 0
122 127 0
123 127 0
126 127 0
127 127 0
128 127 0
132 127 0
133 127 0
134 127 0
135 127 0
146 127 0
147 127 0
148 127 0
160 127 0
161 127 0
162 127 0
174 127 0
175 127 0
185 127 0
186 127 0
3 128 0
82 128 0
96 128 0
108 128 0
110 128 0
120 128 0
121 128 0
122 128 0
123 128 0
125 128 0
126 128 0
127 128 0
133 128 0
134 128 0
135 128 0
146 128 0
147 128 0
148 128 0
149 128 0
156 128 0
158 128 0
159 128 0
160 128 0
161 128 0
162 128 0
172 128 0
173 128 0
183 128 0
184 128 0
185 128 0
186 128 0
3 129 0
42 129 0
44 129 0
82 129 0
94 129 0
95 129 0
96 129 0
110 129 0
120 129 0
121 129 0
122 129 0
123 129 0
124 129 0
133 129 0
134 129 0
135 129 0
146 129 0
147 129 0
148 129 0
155 129 0
160 129 0
161 129 0
162 129 0
171 129 0
172 129 0
173 129 0
174 129 0
175 129 0
183 129 0
186 129 0
12 130 0
34 130 0
42 130 0
43 130 0
70 130 0
81 130 0
82 130 0
94 130 0
95 130 0
96 130 0
108 130 0
109 130 0
110 130 0
119 130 0
120 130 0
121 130 0
122 130 0
123 130 0
132 130 0
133 130 0
134 130 0
145 130 0
146 130 0
147 130 0
148 130 0
160 130 0
161 130 0
162 130 0
171 130 0
172 130 0
173 130 0
174 130 0
175 130 0
186 130 0
12 131 0
14 131 0
42 131 0
43 131 0
44 131 0
45 131 0
57 131 0
70 131 0
81 131 0
82 131 0
95 131 0
96 131 0
107 131 0
108 131 0
109 131 0
110 131 0
111 131 0
115 131 0
120 131 0
121 131 0
122 131 0
123 131 0
132 131 0
134 131 0
145 131 0
146 131 0
147 131 0
159 131 0
160 131 0
161 131 0
172 131 0
173 131 0
174 131 0
14 132 0
34 132 0
44 132 0
45 132 0
55 132 0
56 132 0
67 132 0
70 132 0
75 132 0
79 132 0
80 132 0
81 132 0
82 132 0
96 132 0
106 132 0
107 132 0
108 132 0
109 132 0
110 132 0
111 132 0
112 132 0
120 132 0
121 132 0
122 132 0
132 132 0
133 132 0
134 132 0
145 132 0
147 132 0
159 132 0
161 132 0
172 132 0
173 132 0
174 132 0
23 133 0
44 133 0
54 133 0
55 133 0
56 133 0
57 133 0
78 133 0
79 133 0
82 133 0
83 133 0
85 133 0
93 133 0
94 133 0
95 133 0
96 133 0
97 133 0
105 133 0
106 133 0
107 133 0
109 133 0
110 133 0
111 133 0
121 133 0
122 133 0
132 133 0
133 133 0
134 133 0
145 133 0
147 133 0
159 133 0
160 133 0
161 133 0
172 133 0
173 133 0
22 134 0
23 134 0
24 134 0
44 134 0
56 134 0
57 134 0
63 134 0
66 134 0
67 134 0
68 134 0
69 134 0
71 134 0
73 134 0
82 134 0
92 134 0
93 134 0
94 134 0
95 134 0
96 134 0
97 134 0
105 134 0
109 134 0
110 134 0
121 134 0
122 134 0
132 134 0
133 134 0
134 134 0
145 134 0
146 134 0
147 134 0
159 134 0
160 134 0
161 134 0
171 134 0
172 134 0
173 134 0
2 135 0
3 135 0
24 135 0
25 135 0
57 135 0
68 135 0
70 135 0
71 135 0
82 135 0
94 135 0
95 135 0
96 135 0
108 135 0
109 135 0
110 135 0
122 135 0
132 135 0
133 135 0
134 135 0
145 135 0
147 135 0
160 135 0
171 135 0
172 135 0
173 135 0
185 135 0
6 136 0
7 136 0
8 136 0
9 136 0
10 136 0
12 136 0
25 136 0
69 136 0
70 136 0
82 136 0
94 136 0
95 136 0
96 136 0
109 136 0
122 136 0
131 136 0
132 136 0
133 136 0
134 136 0
145 136 0
146 136 0
147 136 0
160 136 0
171 136 0
172 136 0
173 136 0
183 136 0
185 136 0
8 137 0
13 137 0
16 137 0
70 137 0
82 137 0
95 137 0
108 137 0
109 137 0
120 137 0
121 137 0
122 137 0
132 137 0
133 137 0
134 137 0
145 137 0
146 137 0
147 137 0
159 137 0
160 137 0
171 137 0
173 137 0
183 137 0
185 137 0
17 138 0
18 138 0
20 138 0
21 138 0
22 138 0
23 138 0
33 138 0
35 138 0
94 138 0
95 138 0
108 138 0
109 138 0
120 138 0
121 138 0
122 138 0
132 138 0
133 138 0
145 138 0
146 138 0
147 138 0
160 138 0
171 138 0
172 138 0
184 138 0
26 139 0
28 139 0
29 139 0
30 139 0
33 139 0
34 139 0
35 139 0
36 139 0
70 139 0
95 139 0
108 139 0
109 139 0
122 139 0
131 139 0
132 139 0
133 139 0
134 139 0
135 139 0
136 139 0
144 139 0
145 139 0
146 139 0
147 139 0
158 139 0
159 139 0
160 139 0
171 139 0
172 139 0
173 139 0
183 139 0
184 139 0
32 140 0
33 140 0
34 140 0
35 140 0
36 140 0
43 140 0
70 140 0
94 140 0
95 140 0
109 140 0
120 140 0
128 140 0
130 140 0
131 140 0
132 140 0
133 140 0
134 140 0
144 140 0
145 140 0
146 140 0
147 140 0
158 140 0
159 140 0
162 140 0
163 140 0
170 140 0
171 140 0
172 140 0
182 140 0
183 140 0
184 140 0
40 141 0
42 141 0
43 141 0
46 141 0
70 141 0
81 141 0
82 141 0
95 141 0
109 141 0
119 141 0
120 141 0
121 141 0
123 141 0
124 141 0
125 141 0
126 141 0
133 141 0
134 141 0
144 141 0
145 141 0
146 141 0
156 141 0
157 141 0
158 141 0
159 141 0
160 141 0
169 141 0
170 141 0
171 141 0
172 141 0
179 141 0
180 141 0
181 141 0
182 141 0
183 141 0
184 141 0
48 142 0
50 142 0
51 142 0
52 142 0
53 142 0
54 142 0
55 142 0
56 142 0
70 142 0
82 142 0
108 142 0
109 142 0
118 142 0
119 142 0
120 142 0
121 142 0
122 142 0
123 142 0
131 142 0
132 142 0
133 142 0
144 142 0
145 142 0
146 142 0
154 142 0
155 142 0
157 142 0
158 142 0
159 142 0
160 142 0
170 142 0
171 142 0
172 142 0
178 142 0
180 142 0
182 142 0
183 142 0
184 142 0
2 143 0
5 143 0
56 143 0
60 143 0
62 143 0
63 143 0
64 143 0
65 143 0
68 143 0
69 143 0
70 143 0
80 143 0
81 143 0
82 143 0
94 143 0
96 143 0
108 143 0
109 143 0
110 143 0
117 143 0
121 143 0
122 143 0
131 143 0
132 143 0
133 143 0
144 143 0
145 143 0
157 143 0
158 143 0
159 143 0
170 143 0
171 143 0
172 143 0
174 143 0
176 143 0
177 143 0
178 143 0
179 143 0
180 143 0
181 143 0
182 143 0
6 144 0
7 144 0
8 144 0
68 144 0
69 144 0
70 144 0
72 144 0
73 144 0
74 144 0
75 144 0
76 144 0
77 144 0
78 144 0
79 144 0
80 144 0
81 144 0
82 144 0
94 144 0
95 144 0
96 144 0
107 144 0
108 144 0
109 144 0
111 144 0
112 144 0
117 144 0
119 144 0
120 144 0
121 144 0
131 144 0
132 144 0
133 144 0
144 144 0
156 144 0
157 144 0
160 144 0
161 144 0
162 144 0
163 144 0
164 144 0
165 144 0
166 144 0
167 144 0
168 144 0
169 144 0
170 144 0
174 144 0
175 144 0
177 144 0
178 144 0
16 145 0
80 145 0
81 145 0
86 145 0
87 145 0
88 145 0
89 145 0
90 145 0
91 145 0
92 145 0
93 145 0
94 145 0
95 145 0
97 145 0
98 145 0
99 145 0
100 145 0
101 145 0
102 145 0
103 145 0
104 145 0
105 145 0
106 145 0
107 145 0
108 145 0
110 145 0
115 145 0
118 145 0
119 145 0
120 145 0
121 145 0
122 145 0
123 145 0
125 145 0
128 145 0
130 145 0
131 145 0
132 145 0
133 145 0
134 145 0
135 145 0
136 145 0
137 145 0
139 145 0
140 145 0
141 145 0
142 145 0
143 145 0
144 145 0
145 145 0
147 145 0
148 145 0
149 145 0
150 145 0
151 145 0
152 145 0
153 145 0
154 145 0
155 145 0
156 145 0
157 145 0
16 146 0
97 146 0
107 146 0
108 146 0
115 146 0
118 146 0
119 146 0
120 146 0
123 146 0
126 146 0
127 146 0
130 146 0
132 146 0
136 146 0
26 147 0
34 149 0
36 149 0
45 149 0
46 149 0
48 149 0
178 149 0
182 149 0
183 149 0
6 150 0
7 150 0
8 150 0
36 150 0
46 150 0
170 150 0
173 150 0
174 150 0
177 150 0
182 150 0
183 150 0
8 151 0
27 151 0
35 151 0
36 151 0
46 151 0
58 151 0
158 151 0
160 151 0
161 151 0
163 151 0
170 151 0
180 151 0
182 151 0
36 152 0
37 152 0
46 152 0
64 152 0
70 152 0
71 152 0
78 152 0
83 152 0
144 152 0
145 152 0
158 152 0
169 152 0
170 152 0
180 152 0
182 152 0
183 152 0
71 153 0
78 153 0
83 153 0
84 153 0
87 153 0
89 153 0
95 153 0
96 153 0
97 153 0
101 153 0
108 153 0
109 153 0
122 153 0
123 153 0
132 153 0
133 153 0
135 153 0
144 153 0
145 153 0
150 153 0
157 153 0
158 153 0
167 153 0
168 153 0
169 153 0
170 153 0
182 153 0
16 154 0
18 154 0
71 154 0
83 154 0
95 154 0
96 154 0
108 154 0
109 154 0
118 154 0
119 154 0
120 154 0
121 154 0
122 154 0
126 154 0
131 154 0
132 154 0
144 154 0
156 154 0
157 154 0
158 154 0
168 154 0
169 154 0
170 154 0
181 154 0
182 154 0
3 155 0
4 155 0
18 155 0
44 155 0
45 155 0
95 155 0
117 155 0
118 155 0
120 155 0
121 155 0
131 155 0
132 155 0
157 155 0
169 155 0
26 156 0
27 156 0
46 156 0
47 156 0
71 156 0
81 156 0
83 156 0
120 156 0
131 156 0
132 156 0
144 156 0
155 156 0
157 156 0
169 156 0
26 157 0
27 157 0
28 157 0
46 157 0
47 157 0
56 157 0
57 157 0
80 157 0
81 157 0
82 157 0
83 157 0
84 157 0
106 157 0
107 157 0
108 157 0
113 157 0
120 157 0
131 157 0
132 157 0
155 157 0
157 157 0
167 157 0
169 157 0
181 157 0
28 158 0
58 158 0
59 158 0
70 158 0
83 158 0
93 158 0
94 158 0
95 158 0
96 158 0
105 158 0
108 158 0
109 158 0
120 158 0
131 158 0
143 158 0
155 158 0
156 158 0
169 158 0
179 158 0
181 158 0
57 159 0
59 159 0
68 159 0
69 159 0
70 159 0
72 159 0
83 159 0
95 159 0
96 159 0
108 159 0
120 159 0
131 159 0
155 159 0
156 159 0
168 159 0
71 160 0
72 160 0
83 160 0
94 160 0
95 160 0
96 160 0
108 160 0
131 160 0
143 160 0
156 160 0
167 160 0
168 160 0
11 161 0
71 161 0
95 161 0
96 161 0
108 161 0
120 161 0
129 161 0
133 161 0
142 161 0
143 161 0
156 161 0
167 161 0
168 161 0
36 162 0
37 162 0
38 162 0
95 162 0
118 162 0
119 162 0
120 162 0
128 162 0
129 162 0
130 162 0
131 162 0
132 162 0
141 162 0
142 162 0
143 162 0
166 162 0
168 162 0
176 162 0
177 162 0
178 162 0
179 162 0
180 162 0
38 163 0
93 163 0
95 163 0
108 163 0
116 163 0
127 163 0
128 163 0
129 163 0
130 163 0
131 163 0
132 163 0
141 163 0
142 163 0
143 163 0
153 163 0
154 163 0
155 163 0
156 163 0
162 163 0
164 163 0
165 163 0
166 163 0
167 163 0
168 163 0
177 163 0
178 163 0
179 163 0
180 163 0
6 164 0
83 164 0
95 164 0
108 164 0
118 164 0
119 164 0
120 164 0
131 164 0
141 164 0
142 164 0
143 164 0
153 164 0
154 164 0
155 164 0
156 164 0
166 164 0
167 164 0
168 164 0
179 164 0
6 165 0
7 165 0
19 165 0
20 165 0
83 165 0
117 165 0
118 165 0
119 165 0
120 165 0
121 165 0
130 165 0
141 165 0
142 165 0
143 165 0
154 165 0
155 165 0
156 165 0
167 165 0
168 165 0
20 166 0
46 166 0
119 166 0
120 166 0
141 166 0
142 166 0
155 166 0
165 166 0
166 166 0
167 166 0
28 167 0
29 167 0
48 167 0
82 167 0
94 167 0
118 167 0
119 167 0
120 167 0
129 167 0
141 167 0
142 167 0
155 167 0
167 167 0
29 168 0
30 168 0
31 168 0
48 168 0
79 168 0
81 168 0
82 168 0
83 168 0
84 168 0
94 168 0
95 168 0
96 168 0
106 168 0
107 168 0
119 168 0
120 168 0
142 168 0
154 168 0
155 168 0
178 168 0
2 169 0
30 169 0
57 169 0
58 169 0
70 169 0
71 169 0
82 169 0
83 169 0
84 169 0
93 169 0
94 169 0
95 169 0
96 169 0
105 169 0
106 169 0
107 169 0
108 169 0
109 169 0
118 169 0
129 169 0
178 169 0
3 170 0
13 170 0
14 170 0
59 170 0
60 170 0
70 170 0
72 170 0
73 170 0
84 170 0
95 170 0
96 170 0
108 170 0
109 170 0
118 170 0
119 170 0
120 170 0
129 170 0
145 170 0
149 170 0
153 170 0
154 170 0
155 170 0
4 171 0
13 171 0
14 171 0
60 171 0
72 171 0
95 171 0
108 171 0
118 171 0
119 171 0
120 171 0
128 171 0
130 171 0
140 171 0
141 171 0
143 171 0
145 171 0
146 171 0
147 171 0
148 171 0
149 171 0
154 171 0
155 171 0
175 171 0
176 171 0
38 172 0
40 172 0
108 172 0
119 172 0
127 172 0
128 172 0
129 172 0
130 172 0
138 172 0
139 172 0
140 172 0
141 172 0
144 172 0
154 172 0
175 172 0
176 172 0
177 172 0
178 172 0
187 172 0
9 173 0
40 173 0
84 173 0
126 173 0
127 173 0
128 173 0
130 173 0
136 173 0
138 173 0
139 173 0
140 173 0
141 173 0
142 173 0
151 173 0
152 173 0
154 173 0
161 173 0
163 173 0
166 173 0
9 174 0
10 174 0
20 174 0
84 174 0
106 174 0
108 174 0
125 174 0
130 174 0
135 174 0
141 174 0
142 174 0
152 174 0
153 174 0
154 174 0
162 174 0
165 174 0
166 174 0
167 174 0
168 174 0
22 175 0
23 175 0
82 175 0
84 175 0
118 175 0
119 175 0
120 175 0
129 175 0
130 175 0
132 175 0
141 175 0
152 175 0
153 175 0
154 175 0
164 175 0
165 175 0
166 175 0
170 175 0
22 176 0
84 176 0
96 176 0
117 176 0
118 176 0
119 176 0
120 176 0
130 176 0
131 176 0
132 176 0
141 176 0
172 176 0
6 177 0
48 177 0
73 177 0
84 177 0
85 177 0
119 177 0
120 177 0
128 177 0
129 177 0
130 177 0
141 177 0
153 177 0
165 177 0
128 178 0
129 178 0
130 178 0
86 49 1
75 52 1
76 52 1
85 52 1
86 52 1
74 53 1
75 53 1
76 53 1
80 53 1
86 53 1
74 54 1
75 54 1
76 54 1
77 54 1
83 54 1
84 54 1
85 54 1
98 54 1
71 55 1
74 55 1
75 55 1
76 55 1
77 55 1
83 55 1
84 55 1
85 55 1
97 55 1
98 55 1
99 55 1
100 55 1
74 56 1
75 56 1
76 56 1
77 56 1
82 56 1
83 56 1
88 56 1
97 56 1
98 56 1
99 56 1
100 56 1
101 56 1
74 57 1
75 57 1
76 57 1
77 57 1
78 57 1
82 57 1
83 57 1
88 57 1
94 57 1
97 57 1
98 57 1
99 57 1
100 57 1
101 57 1
102 57 1
74 58 1
75 58 1
76 58 1
77 58 1
78 58 1
79 58 1
83 58 1
84 58 1
98 58 1
99 58 1
100 58 1
74 59 1
75 59 1
76 59 1
77 59 1
96 59 1
97 59 1
98 59 1
99 59 1
100 59 1
101 59 1
74 60 1
75 60 1
76 60 1
77 60 1
78 60 1
96 60 1
97 60 1
98 60 1
99 60 1
100 60 1
75 61 1
76 61 1
77 61 1
78 61 1
79 61 1
80 61 1
96 61 1
97 61 1
98 61 1
99 61 1
100 61 1
76 62 1
77 62 1
78 62 1
79 62 1
80 62 1
83 62 1
95 62 1
96 62 1
97 62 1
98 62 1
99 62 1
77 63 1
78 63 1
79 63 1
80 63 1
95 63 1
96 63 1
97 63 1
98 63 1
99 63 1
77 64 1
78 64 1
79 64 1
80 64 1
81 64 1
82 64 1
84 64 1
85 64 1
94 64 1
95 64 1
96 64 1
97 64 1
98 64 1
78 65 1
79 65 1
80 65 1
81 65 1
82 65 1
84 65 1
88 65 1
89 65 1
93 65 1
94 65 1
95 65 1
96 65 1
79 66 1
80 66 1
81 66 1
82 66 1
83 66 1
84 66 1
85 66 1
89 66 1
92 66 1
93 66 1
94 66 1
95 66 1
80 67 1
81 67 1
82 67 1
83 67 1
84 67 1
85 67 1
86 67 1
88 67 1
82 68 1
83 68 1
84 68 1
85 68 1
86 68 1
87 68 1
86 69 1
