79 1 0
108 1 0
122 1 0
149 1 0
163 1 0
164 1 0
178 1 0
78 2 0
79 2 0
91 2 0
92 2 0
93 2 0
106 2 0
107 2 0
108 2 0
120 2 0
121 2 0
122 2 0
135 2 0
136 2 0
149 2 0
150 2 0
162 2 0
163 2 0
164 2 0
176 2 0
177 2 0
178 2 0
63 3 0
64 3 0
65 3 0
78 3 0
79 3 0
92 3 0
93 3 0
106 3 0
107 3 0
108 3 0
120 3 0
121 3 0
122 3 0
135 3 0
136 3 0
149 3 0
150 3 0
163 3 0
164 3 0
176 3 0
177 3 0
6 4 0
7 4 0
8 4 0
63 4 0
78 4 0
79 4 0
91 4 0
92 4 0
93 4 0
106 4 0
107 4 0
108 4 0
120 4 0
121 4 0
122 4 0
135 4 0
136 4 0
148 4 0
149 4 0
150 4 0
163 4 0
164 4 0
176 4 0
177 4 0
5 5 0
6 5 0
7 5 0
8 5 0
16 5 0
17 5 0
79 5 0
91 5 0
93 5 0
106 5 0
107 5 0
108 5 0
120 5 0
121 5 0
122 5 0
135 5 0
136 5 0
149 5 0
150 5 0
163 5 0
164 5 0
176 5 0
177 5 0
16 6 0
17 6 0
18 6 0
27 6 0
91 6 0
92 6 0
93 6 0
106 6 0
107 6 0
122 6 0
135 6 0
136 6 0
149 6 0
150 6 0
162 6 0
163 6 0
164 6 0
176 6 0
177 6 0
26 7 0
27 7 0
28 7 0
29 7 0
51 7 0
78 7 0
91 7 0
93 7 0
106 7 0
107 7 0
120 7 0
134 7 0
135 7 0
136 7 0
148 7 0
149 7 0
150 7 0
163 7 0
164 7 0
176 7 0
177 7 0
27 8 0
28 8 0
32 8 0
38 8 0
64 8 0
76 8 0
77 8 0
78 8 0
106 8 0
107 8 0
121 8 0
133 8 0
134 8 0
135 8 0
136 8 0
148 8 0
149 8 0
150 8 0
162 8 0
163 8 0
164 8 0
176 8 0
177 8 0
32 9 0
37 9 0
64 9 0
77 9 0
78 9 0
91 9 0
92 9 0
93 9 0
105 9 0
106 9 0
107 9 0
119 9 0
120 9 0
121 9 0
125 9 0
126 9 0
131 9 0
132 9 0
133 9 0
134 9 0
135 9 0
136 9 0
137 9 0
148 9 0
149 9 0
150 9 0
162 9 0
163 9 0
176 9 0
177 9 0
36 10 0
37 10 0
38 10 0
39 10 0
40 10 0
64 10 0
77 10 0
78 10 0
91 10 0
92 10 0
93 10 0
105 10 0
106 10 0
107 10 0
117 10 0
118 10 0
119 10 0
120 10 0
121 10 0
122 10 0
123 10 0
124 10 0
125 10 0
126 10 0
127 10 0
129 10 0
130 10 0
131 10 0
132 10 0
134 10 0
135 10 0
136 10 0
145 10 0
146 10 0
147 10 0
148 10 0
150 10 0
162 10 0
163 10 0
176 10 0
177 10 0
178 10 0
37 11 0
38 11 0
49 11 0
52 11 0
63 11 0
64 11 0
77 11 0
78 11 0
90 11 0
91 11 0
92 11 0
94 11 0
105 11 0
106 11 0
107 11 0
109 11 0
112 11 0
114 11 0
115 11 0
116 11 0
117 11 0
118 11 0
121 11 0
122 11 0
134 11 0
135 11 0
136 11 0
148 11 0
149 11 0
150 11 0
153 11 0
160 11 0
161 11 0
162 11 0
163 11 0
164 11 0
176 11 0
177 11 0
178 11 0
16 12 0
37 12 0
46 12 0
48 12 0
50 12 0
51 12 0
61 12 0
62 12 0
76 12 0
77 12 0
85 12 0
88 12 0
89 12 0
90 12 0
91 12 0
92 12 0
93 12 0
94 12 0
95 12 0
96 12 0
103 12 0
104 12 0
105 12 0
106 12 0
107 12 0
108 12 0
109 12 0
110 12 0
111 12 0
112 12 0
113 12 0
114 12 0
116 12 0
120 12 0
121 12 0
122 12 0
134 12 0
135 12 0
148 12 0
149 12 0
150 12 0
160 12 0
161 12 0
162 12 0
163 12 0
164 12 0
175 12 0
176 12 0
177 12 0
49 13 0
50 13 0
51 13 0
59 13 0
61 13 0
63 13 0
64 13 0
76 13 0
79 13 0
80 13 0
81 13 0
82 13 0
83 13 0
84 13 0
85 13 0
86 13 0
87 13 0
88 13 0
89 13 0
91 13 0
92 13 0
93 13 0
102 13 0
103 13 0
104 13 0
105 13 0
106 13 0
107 13 0
108 13 0
120 13 0
121 13 0
133 13 0
134 13 0
135 13 0
148 13 0
149 13 0
150 13 0
162 13 0
163 13 0
164 13 0
173 13 0
174 13 0
175 13 0
176 13 0
177 13 0
178 13 0
179 13 0
50 14 0
51 14 0
63 14 0
64 14 0
73 14 0
74 14 0
75 14 0
76 14 0
77 14 0
78 14 0
79 14 0
80 14 0
81 14 0
82 14 0
83 14 0
84 14 0
91 14 0
92 14 0
105 14 0
106 14 0
107 14 0
119 14 0
120 14 0
121 14 0
133 14 0
134 14 0
135 14 0
148 14 0
149 14 0
161 14 0
162 14 0
163 14 0
176 14 0
177 14 0
61 15 0
62 15 0
63 15 0
73 15 0
74 15 0
75 15 0
77 15 0
78 15 0
90 15 0
91 15 0
92 15 0
104 15 0
105 15 0
106 15 0
119 15 0
120 15 0
121 15 0
133 15 0
134 15 0
135 15 0
148 15 0
149 15 0
161 15 0
162 15 0
163 15 0
176 15 0
177 15 0
15 16 0
37 16 0
62 16 0
63 16 0
73 16 0
75 16 0
77 16 0
78 16 0
90 16 0
91 16 0
92 16 0
104 16 0
105 16 0
106 16 0
118 16 0
119 16 0
120 16 0
121 16 0
133 16 0
135 16 0
148 16 0
149 16 0
160 16 0
161 16 0
162 16 0
163 16 0
175 16 0
176 16 0
177 16 0
4 17 0
5 17 0
61 17 0
62 17 0
63 17 0
75 17 0
77 17 0
90 17 0
91 17 0
92 17 0
105 17 0
106 17 0
119 17 0
120 17 0
121 17 0
133 17 0
134 17 0
135 17 0
148 17 0
149 17 0
161 17 0
162 17 0
163 17 0
175 17 0
176 17 0
177 17 0
4 18 0
5 18 0
6 18 0
37 18 0
62 18 0
63 18 0
75 18 0
76 18 0
77 18 0
90 18 0
91 18 0
104 18 0
105 18 0
106 18 0
119 18 0
120 18 0
121 18 0
133 18 0
134 18 0
135 18 0
148 18 0
149 18 0
161 18 0
162 18 0
163 18 0
174 18 0
175 18 0
176 18 0
177 18 0
5 19 0
6 19 0
13 19 0
14 19 0
63 19 0
75 19 0
76 19 0
77 19 0
89 19 0
90 19 0
91 19 0
104 19 0
105 19 0
106 19 0
118 19 0
119 19 0
120 19 0
132 19 0
133 19 0
134 19 0
135 19 0
147 19 0
148 19 0
149 19 0
161 19 0
162 19 0
163 19 0
175 19 0
176 19 0
5 20 0
13 20 0
14 20 0
15 20 0
16 20 0
25 20 0
75 20 0
76 20 0
77 20 0
90 20 0
91 20 0
104 20 0
105 20 0
106 20 0
119 20 0
120 20 0
132 20 0
133 20 0
134 20 0
135 20 0
147 20 0
148 20 0
149 20 0
161 20 0
162 20 0
163 20 0
175 20 0
176 20 0
5 21 0
14 21 0
15 21 0
16 21 0
23 21 0
24 21 0
37 21 0
62 21 0
63 21 0
89 21 0
90 21 0
91 21 0
104 21 0
105 21 0
106 21 0
118 21 0
119 21 0
120 21 0
133 21 0
134 21 0
135 21 0
147 21 0
148 21 0
149 21 0
161 21 0
162 21 0
163 21 0
175 21 0
176 21 0
13 22 0
15 22 0
23 22 0
24 22 0
25 22 0
26 22 0
36 22 0
37 22 0
49 22 0
62 22 0
63 22 0
89 22 0
90 22 0
91 22 0
104 22 0
105 22 0
106 22 0
119 22 0
120 22 0
133 22 0
134 22 0
135 22 0
147 22 0
148 22 0
149 22 0
161 22 0
162 22 0
175 22 0
176 22 0
14 23 0
24 23 0
25 23 0
26 23 0
29 23 0
35 23 0
36 23 0
49 23 0
61 23 0
62 23 0
63 23 0
76 23 0
89 23 0
90 23 0
91 23 0
104 23 0
105 23 0
106 23 0
118 23 0
119 23 0
120 23 0
131 23 0
132 23 0
133 23 0
134 23 0
147 23 0
148 23 0
149 23 0
161 23 0
162 23 0
175 23 0
176 23 0
14 24 0
15 24 0
25 24 0
35 24 0
49 24 0
62 24 0
76 24 0
89 24 0
90 24 0
91 24 0
104 24 0
105 24 0
118 24 0
119 24 0
121 24 0
122 24 0
123 24 0
124 24 0
126 24 0
128 24 0
130 24 0
131 24 0
132 24 0
133 24 0
134 24 0
135 24 0
136 24 0
146 24 0
147 24 0
148 24 0
149 24 0
150 24 0
161 24 0
162 24 0
175 24 0
176 24 0
14 25 0
25 25 0
33 25 0
34 25 0
35 25 0
36 25 0
37 25 0
38 25 0
48 25 0
49 25 0
61 25 0
62 25 0
76 25 0
90 25 0
91 25 0
104 25 0
105 25 0
117 25 0
118 25 0
119 25 0
121 25 0
122 25 0
123 25 0
130 25 0
133 25 0
134 25 0
135 25 0
140 25 0
142 25 0
143 25 0
144 25 0
145 25 0
146 25 0
147 25 0
148 25 0
149 25 0
150 25 0
159 25 0
160 25 0
161 25 0
162 25 0
174 25 0
175 25 0
176 25 0
13 26 0
14 26 0
36 26 0
37 26 0
47 26 0
48 26 0
49 26 0
61 26 0
62 26 0
75 26 0
76 26 0
89 26 0
90 26 0
91 26 0
104 26 0
105 26 0
112 26 0
115 26 0
116 26 0
117 26 0
118 26 0
119 26 0
120 26 0
121 26 0
132 26 0
133 26 0
134 26 0
147 26 0
148 26 0
149 26 0
157 26 0
158 26 0
159 26 0
160 26 0
161 26 0
162 26 0
174 26 0
175 26 0
176 26 0
14 27 0
36 27 0
37 27 0
46 27 0
47 27 0
48 27 0
49 27 0
50 27 0
60 27 0
61 27 0
63 27 0
74 27 0
75 27 0
76 27 0
88 27 0
89 27 0
91 27 0
92 27 0
93 27 0
94 27 0
102 27 0
103 27 0
104 27 0
105 27 0
107 27 0
108 27 0
109 27 0
110 27 0
114 27 0
115 27 0
116 27 0
118 27 0
119 27 0
120 27 0
132 27 0
133 27 0
134 27 0
146 27 0
147 27 0
148 27 0
149 27 0
158 27 0
160 27 0
161 27 0
162 27 0
172 27 0
173 27 0
174 27 0
175 27 0
176 27 0
177 27 0
3 28 0
4 28 0
22 28 0
36 28 0
48 28 0
49 28 0
58 28 0
59 28 0
60 28 0
61 28 0
62 28 0
63 28 0
74 28 0
75 28 0
76 28 0
85 28 0
86 28 0
87 28 0
88 28 0
89 28 0
90 28 0
91 28 0
92 28 0
101 28 0
102 28 0
103 28 0
105 28 0
106 28 0
107 28 0
108 28 0
117 28 0
118 28 0
119 28 0
132 28 0
133 28 0
134 28 0
146 28 0
147 28 0
148 28 0
160 28 0
161 28 0
162 28 0
172 28 0
174 28 0
175 28 0
176 28 0
177 28 0
35 29 0
36 29 0
47 29 0
48 29 0
49 29 0
58 29 0
59 29 0
61 29 0
62 29 0
72 29 0
73 29 0
74 29 0
75 29 0
76 29 0
79 29 0
80 29 0
81 29 0
82 29 0
83 29 0
84 29 0
85 29 0
86 29 0
87 29 0
88 29 0
89 29 0
90 29 0
91 29 0
103 29 0
105 29 0
117 29 0
118 29 0
119 29 0
132 29 0
133 29 0
134 29 0
146 29 0
147 29 0
148 29 0
160 29 0
161 29 0
162 29 0
174 29 0
175 29 0
176 29 0
186 29 0
24 30 0
47 30 0
48 30 0
61 30 0
62 30 0
73 30 0
75 30 0
76 30 0
77 30 0
78 30 0
79 30 0
80 30 0
81 30 0
82 30 0
83 30 0
84 30 0
87 30 0
88 30 0
89 30 0
90 30 0
103 30 0
104 30 0
105 30 0
117 30 0
118 30 0
119 30 0
132 30 0
133 30 0
134 30 0
146 30 0
147 30 0
148 30 0
160 30 0
161 30 0
162 30 0
174 30 0
175 30 0
176 30 0
2 31 0
3 31 0
4 31 0
13 31 0
18 31 0
19 31 0
20 31 0
21 31 0
24 31 0
46 31 0
48 31 0
60 31 0
61 31 0
75 31 0
76 31 0
88 31 0
89 31 0
90 31 0
102 31 0
103 31 0
104 31 0
105 31 0
117 31 0
118 31 0
119 31 0
131 31 0
132 31 0
133 31 0
134 31 0
146 31 0
147 31 0
148 31 0
160 31 0
161 31 0
162 31 0
174 31 0
175 31 0
2 32 0
3 32 0
4 32 0
5 32 0
6 32 0
18 32 0
19 32 0
20 32 0
21 32 0
22 32 0
23 32 0
46 32 0
47 32 0
48 32 0
75 32 0
76 32 0
88 32 0
89 32 0
90 32 0
103 32 0
104 32 0
105 32 0
117 32 0
118 32 0
119 32 0
131 32 0
132 32 0
133 32 0
134 32 0
146 32 0
147 32 0
148 32 0
160 32 0
161 32 0
162 32 0
174 32 0
175 32 0
3 33 0
4 33 0
12 33 0
13 33 0
17 33 0
18 33 0
19 33 0
20 33 0
21 33 0
22 33 0
24 33 0
35 33 0
48 33 0
74 33 0
75 33 0
88 33 0
89 33 0
90 33 0
102 33 0
103 33 0
104 33 0
105 33 0
117 33 0
118 33 0
119 33 0
132 33 0
133 33 0
146 33 0
147 33 0
148 33 0
159 33 0
160 33 0
161 33 0
162 33 0
174 33 0
175 33 0
2 34 0
3 34 0
11 34 0
12 34 0
13 34 0
14 34 0
17 34 0
18 34 0
19 34 0
20 34 0
21 34 0
22 34 0
35 34 0
48 34 0
60 34 0
61 34 0
74 34 0
75 34 0
87 34 0
88 34 0
89 34 0
103 34 0
104 34 0
117 34 0
118 34 0
119 34 0
131 34 0
132 34 0
133 34 0
146 34 0
147 34 0
148 34 0
160 34 0
161 34 0
162 34 0
173 34 0
174 34 0
175 34 0
2 35 0
3 35 0
4 35 0
5 35 0
13 35 0
14 35 0
19 35 0
20 35 0
21 35 0
22 35 0
23 35 0
24 35 0
34 35 0
35 35 0
61 35 0
73 35 0
74 35 0
75 35 0
88 35 0
89 35 0
102 35 0
103 35 0
104 35 0
117 35 0
118 35 0
119 35 0
131 35 0
132 35 0
133 35 0
146 35 0
147 35 0
148 35 0
160 35 0
161 35 0
174 35 0
175 35 0
2 36 0
3 36 0
22 36 0
23 36 0
45 36 0
46 36 0
47 36 0
48 36 0
59 36 0
60 36 0
61 36 0
73 36 0
74 36 0
75 36 0
88 36 0
89 36 0
102 36 0
103 36 0
104 36 0
117 36 0
118 36 0
119 36 0
131 36 0
132 36 0
133 36 0
146 36 0
147 36 0
148 36 0
160 36 0
161 36 0
173 36 0
174 36 0
175 36 0
2 37 0
23 37 0
24 37 0
34 37 0
35 37 0
46 37 0
59 37 0
60 37 0
61 37 0
74 37 0
75 37 0
87 37 0
88 37 0
89 37 0
102 37 0
103 37 0
104 37 0
117 37 0
118 37 0
119 37 0
131 37 0
132 37 0
133 37 0
146 37 0
147 37 0
159 37 0
160 37 0
161 37 0
173 37 0
174 37 0
175 37 0
2 38 0
3 38 0
13 38 0
23 38 0
24 38 0
33 38 0
35 38 0
61 38 0
73 38 0
74 38 0
75 38 0
88 38 0
89 38 0
104 38 0
117 38 0
118 38 0
119 38 0
132 38 0
133 38 0
145 38 0
146 38 0
147 38 0
159 38 0
160 38 0
161 38 0
173 38 0
174 38 0
175 38 0
3 39 0
34 39 0
35 39 0
45 39 0
59 39 0
60 39 0
61 39 0
73 39 0
74 39 0
75 39 0
87 39 0
88 39 0
89 39 0
102 39 0
103 39 0
104 39 0
117 39 0
118 39 0
119 39 0
130 39 0
131 39 0
132 39 0
133 39 0
134 39 0
144 39 0
145 39 0
146 39 0
147 39 0
159 39 0
160 39 0
161 39 0
173 39 0
174 39 0
175 39 0
2 40 0
3 40 0
7 40 0
8 40 0
33 40 0
34 40 0
35 40 0
45 40 0
46 40 0
47 40 0
59 40 0
60 40 0
61 40 0
73 40 0
74 40 0
75 40 0
87 40 0
88 40 0
89 40 0
102 40 0
103 40 0
104 40 0
117 40 0
118 40 0
119 40 0
122 40 0
123 40 0
124 40 0
125 40 0
127 40 0
128 40 0
129 40 0
130 40 0
131 40 0
132 40 0
133 40 0
134 40 0
142 40 0
143 40 0
144 40 0
145 40 0
146 40 0
147 40 0
158 40 0
159 40 0
160 40 0
161 40 0
173 40 0
174 40 0
175 40 0
2 41 0
8 41 0
33 41 0
34 41 0
35 41 0
45 41 0
46 41 0
47 41 0
59 41 0
60 41 0
61 41 0
73 41 0
74 41 0
75 41 0
87 41 0
89 41 0
102 41 0
103 41 0
115 41 0
116 41 0
117 41 0
118 41 0
119 41 0
120 41 0
121 41 0
122 41 0
123 41 0
124 41 0
125 41 0
126 41 0
131 41 0
132 41 0
133 41 0
145 41 0
146 41 0
147 41 0
157 41 0
158 41 0
159 41 0
160 41 0
161 41 0
162 41 0
171 41 0
172 41 0
173 41 0
174 41 0
175 41 0
8 42 0
23 42 0
33 42 0
34 42 0
44 42 0
45 42 0
46 42 0
48 42 0
49 42 0
50 42 0
59 42 0
60 42 0
61 42 0
72 42 0
73 42 0
74 42 0
75 42 0
87 42 0
88 42 0
89 42 0
102 42 0
103 42 0
108 42 0
109 42 0
111 42 0
113 42 0
114 42 0
115 42 0
116 42 0
118 42 0
119 42 0
120 42 0
121 42 0
122 42 0
131 42 0
132 42 0
133 42 0
145 42 0
146 42 0
147 42 0
155 42 0
156 42 0
157 42 0
158 42 0
159 42 0
160 42 0
161 42 0
171 42 0
172 42 0
173 42 0
174 42 0
175 42 0
5 43 0
6 43 0
7 43 0
21 43 0
23 43 0
33 43 0
34 43 0
43 43 0
44 43 0
45 43 0
46 43 0
47 43 0
48 43 0
49 43 0
57 43 0
58 43 0
59 43 0
60 43 0
61 43 0
73 43 0
74 43 0
75 43 0
86 43 0
87 43 0
88 43 0
90 43 0
91 43 0
94 43 0
100 43 0
101 43 0
102 43 0
105 43 0
106 43 0
107 43 0
108 43 0
110 43 0
111 43 0
112 43 0
113 43 0
114 43 0
116 43 0
117 43 0
118 43 0
119 43 0
130 43 0
132 43 0
145 43 0
146 43 0
147 43 0
159 43 0
160 43 0
161 43 0
173 43 0
174 43 0
175 43 0
181 43 0
1 44 0
4 44 0
5 44 0
6 44 0
7 44 0
23 44 0
34 44 0
43 44 0
46 44 0
47 44 0
60 44 0
61 44 0
66 44 0
73 44 0
74 44 0
75 44 0
77 44 0
83 44 0
85 44 0
86 44 0
87 44 0
88 44 0
89 44 0
90 44 0
93 44 0
94 44 0
99 44 0
100 44 0
101 44 0
102 44 0
103 44 0
104 44 0
105 44 0
116 44 0
117 44 0
118 44 0
130 44 0
132 44 0
145 44 0
146 44 0
159 44 0
160 44 0
173 44 0
174 44 0
182 44 0
1 45 0
2 45 0
4 45 0
6 45 0
7 45 0
33 45 0
34 45 0
46 45 0
47 45 0
59 45 0
60 45 0
61 45 0
69 45 0
72 45 0
73 45 0
74 45 0
76 45 0
77 45 0
80 45 0
81 45 0
82 45 0
83 45 0
84 45 0
85 45 0
88 45 0
89 45 0
100 45 0
102 45 0
103 45 0
104 45 0
117 45 0
118 45 0
130 45 0
131 45 0
132 45 0
145 45 0
146 45 0
159 45 0
160 45 0
173 45 0
174 45 0
188 45 0
3 46 0
4 46 0
6 46 0
7 46 0
23 46 0
33 46 0
34 46 0
46 46 0
47 46 0
58 46 0
59 46 0
60 46 0
72 46 0
73 46 0
75 46 0
76 46 0
87 46 0
88 46 0
101 46 0
102 46 0
103 46 0
104 46 0
117 46 0
118 46 0
130 46 0
132 46 0
144 46 0
145 46 0
146 46 0
158 46 0
159 46 0
160 46 0
172 46 0
173 46 0
174 46 0
186 46 0
187 46 0
8 47 0
12 47 0
22 47 0
34 47 0
46 47 0
59 47 0
60 47 0
73 47 0
75 47 0
86 47 0
87 47 0
88 47 0
101 47 0
102 47 0
103 47 0
116 47 0
117 47 0
118 47 0
130 47 0
131 47 0
132 47 0
144 47 0
145 47 0
146 47 0
158 47 0
159 47 0
160 47 0
172 47 0
173 47 0
174 47 0
186 47 0
187 47 0
9 48 0
10 48 0
11 48 0
12 48 0
46 48 0
58 48 0
60 48 0
73 48 0
86 48 0
87 48 0
88 48 0
101 48 0
103 48 0
116 48 0
117 48 0
118 48 0
130 48 0
131 48 0
132 48 0
144 48 0
145 48 0
146 48 0
158 48 0
159 48 0
160 48 0
172 48 0
173 48 0
174 48 0
186 48 0
187 48 0
9 49 0
12 49 0
13 49 0
18 49 0
19 49 0
21 49 0
25 49 0
28 49 0
31 49 0
32 49 0
60 49 0
61 49 0
62 49 0
87 49 0
88 49 0
100 49 0
101 49 0
103 49 0
116 49 0
117 49 0
130 49 0
131 49 0
132 49 0
144 49 0
145 49 0
146 49 0
158 49 0
159 49 0
160 49 0
172 49 0
174 49 0
186 49 0
187 49 0
12 50 0
22 50 0
23 50 0
40 50 0
44 50 0
50 50 0
51 50 0
59 50 0
60 50 0
86 50 0
87 50 0
88 50 0
101 50 0
102 50 0
103 50 0
116 50 0
117 50 0
130 50 0
131 50 0
132 50 0
144 50 0
145 50 0
146 50 0
158 50 0
159 50 0
160 50 0
172 50 0
173 50 0
174 50 0
2 51 0
12 51 0
86 51 0
87 51 0
88 51 0
101 51 0
102 51 0
115 51 0
116 51 0
117 51 0
130 51 0
131 51 0
132 51 0
144 51 0
145 51 0
146 51 0
158 51 0
159 51 0
160 51 0
172 51 0
173 51 0
174 51 0
186 51 0
187 51 0
12 52 0
22 52 0
23 52 0
85 52 0
86 52 0
87 52 0
102 52 0
115 52 0
116 52 0
117 52 0
130 52 0
131 52 0
132 52 0
144 52 0
145 52 0
146 52 0
158 52 0
159 52 0
160 52 0
172 52 0
173 52 0
174 52 0
185 52 0
187 52 0
46 53 0
85 53 0
86 53 0
87 53 0
90 53 0
101 53 0
102 53 0
115 53 0
116 53 0
117 53 0
130 53 0
131 53 0
132 53 0
144 53 0
145 53 0
146 53 0
153 53 0
154 53 0
155 53 0
157 53 0
158 53 0
159 53 0
160 53 0
171 53 0
172 53 0
173 53 0
174 53 0
185 53 0
187 53 0
46 54 0
100 54 0
101 54 0
102 54 0
104 54 0
116 54 0
117 54 0
128 54 0
129 54 0
130 54 0
131 54 0
132 54 0
133 54 0
134 54 0
144 54 0
145 54 0
153 54 0
154 54 0
155 54 0
156 54 0
157 54 0
158 54 0
159 54 0
160 54 0
172 54 0
173 54 0
174 54 0
182 54 0
183 54 0
185 54 0
31 55 0
32 55 0
44 55 0
46 55 0
112 55 0
114 55 0
115 55 0
116 55 0
125 55 0
127 55 0
128 55 0
129 55 0
130 55 0
131 55 0
132 55 0
133 55 0
134 55 0
135 55 0
143 55 0
144 55 0
145 55 0
146 55 0
147 55 0
148 55 0
153 55 0
154 55 0
155 55 0
156 55 0
157 55 0
158 55 0
159 55 0
160 55 0
161 55 0
172 55 0
173 55 0
181 55 0
182 55 0
183 55 0
11 56 0
12 56 0
22 56 0
33 56 0
34 56 0
44 56 0
102 56 0
124 56 0
125 56 0
129 56 0
130 56 0
131 56 0
132 56 0
141 56 0
142 56 0
143 56 0
144 56 0
145 56 0
146 56 0
154 56 0
156 56 0
157 56 0
159 56 0
160 56 0
161 56 0
170 56 0
171 56 0
172 56 0
173 56 0
174 56 0
182 56 0
22 57 0
33 57 0
34 57 0
43 57 0
44 57 0
113 57 0
114 57 0
117 57 0
118 57 0
119 57 0
131 57 0
137 57 0
141 57 0
143 57 0
144 57 0
145 57 0
146 57 0
158 57 0
159 57 0
164 57 0
165 57 0
166 57 0
167 57 0
168 57 0
170 57 0
171 57 0
172 57 0
173 57 0
174 57 0
180 57 0
185 57 0
33 58 0
43 58 0
44 58 0
46 58 0
48 58 0
106 58 0
107 58 0
108 58 0
113 58 0
117 58 0
131 58 0
144 58 0
145 58 0
153 58 0
157 58 0
158 58 0
159 58 0
164 58 0
165 58 0
166 58 0
172 58 0
173 58 0
174 58 0
180 58 0
182 58 0
184 58 0
185 58 0
186 58 0
46 59 0
99 59 0
100 59 0
105 59 0
106 59 0
107 59 0
115 59 0
116 59 0
117 59 0
144 59 0
157 59 0
158 59 0
159 59 0
171 59 0
172 59 0
173 59 0
182 59 0
184 59 0
186 59 0
2 60 0
3 60 0
22 60 0
46 60 0
98 60 0
99 60 0
100 60 0
101 60 0
102 60 0
103 60 0
115 60 0
116 60 0
117 60 0
130 60 0
131 60 0
144 60 0
158 60 0
171 60 0
172 60 0
173 60 0
182 60 0
186 60 0
1 61 0
2 61 0
3 61 0
88 61 0
96 61 0
97 61 0
98 61 0
99 61 0
101 61 0
102 61 0
116 61 0
129 61 0
130 61 0
144 61 0
159 61 0
182 61 0
2 62 0
11 62 0
96 62 0
97 62 0
98 62 0
99 62 0
100 62 0
101 62 0
115 62 0
116 62 0
130 62 0
144 62 0
2 63 0
10 63 0
11 63 0
12 63 0
21 63 0
99 63 0
100 63 0
101 63 0
116 63 0
143 63 0
144 63 0
157 63 0
158 63 0
172 63 0
11 64 0
12 64 0
87 64 0
99 64 0
100 64 0
101 64 0
115 64 0
116 64 0
130 64 0
143 64 0
144 64 0
157 64 0
158 64 0
172 64 0
184 64 0
186 64 0
99 65 0
100 65 0
101 65 0
115 65 0
116 65 0
117 65 0
128 65 0
129 65 0
130 65 0
142 65 0
143 65 0
144 65 0
156 65 0
157 65 0
158 65 0
172 65 0
184 65 0
186 65 0
20 66 0
21 66 0
99 66 0
100 66 0
101 66 0
115 66 0
116 66 0
117 66 0
128 66 0
129 66 0
130 66 0
142 66 0
144 66 0
156 66 0
157 66 0
158 66 0
169 66 0
171 66 0
172 66 0
184 66 0
20 67 0
22 67 0
23 67 0
31 67 0
87 67 0
99 67 0
100 67 0
101 67 0
115 67 0
116 67 0
117 67 0
128 67 0
129 67 0
130 67 0
142 67 0
143 67 0
144 67 0
156 67 0
158 67 0
170 67 0
171 67 0
172 67 0
184 67 0
185 67 0
22 68 0
85 68 0
87 68 0
99 68 0
100 68 0
101 68 0
114 68 0
116 68 0
129 68 0
130 68 0
142 68 0
143 68 0
144 68 0
157 68 0
158 68 0
170 68 0
171 68 0
172 68 0
185 68 0
32 69 0
45 69 0
73 69 0
87 69 0
99 69 0
100 69 0
101 69 0
116 69 0
128 69 0
142 69 0
143 69 0
144 69 0
156 69 0
157 69 0
158 69 0
170 69 0
171 69 0
172 69 0
183 69 0
185 69 0
31 70 0
32 70 0
33 70 0
85 70 0
86 70 0
87 70 0
99 70 0
100 70 0
101 70 0
115 70 0
116 70 0
128 70 0
131 70 0
139 70 0
140 70 0
141 70 0
142 70 0
143 70 0
144 70 0
155 70 0
156 70 0
157 70 0
158 70 0
160 70 0
170 70 0
171 70 0
172 70 0
183 70 0
184 70 0
185 70 0
33 71 0
85 71 0
86 71 0
87 71 0
99 71 0
100 71 0
101 71 0
114 71 0
115 71 0
116 71 0
126 71 0
127 71 0
128 71 0
129 71 0
130 71 0
139 71 0
140 71 0
141 71 0
143 71 0
144 71 0
145 71 0
152 71 0
153 71 0
154 71 0
155 71 0
156 71 0
157 71 0
158 71 0
159 71 0
168 71 0
169 71 0
170 71 0
171 71 0
172 71 0
173 71 0
174 71 0
183 71 0
184 71 0
185 71 0
73 72 0
85 72 0
87 72 0
99 72 0
100 72 0
101 72 0
112 72 0
113 72 0
114 72 0
115 72 0
116 72 0
119 72 0
122 72 0
124 72 0
125 72 0
126 72 0
127 72 0
128 72 0
129 72 0
130 72 0
142 72 0
143 72 0
144 72 0
152 72 0
153 72 0
156 72 0
157 72 0
158 72 0
168 72 0
169 72 0
170 72 0
171 72 0
172 72 0
173 72 0
174 72 0
180 72 0
183 72 0
184 72 0
185 72 0
33 73 0
42 73 0
43 73 0
44 73 0
59 73 0
71 73 0
72 73 0
73 73 0
85 73 0
86 73 0
87 73 0
99 73 0
100 73 0
101 73 0
111 73 0
112 73 0
113 73 0
114 73 0
115 73 0
116 73 0
117 73 0
118 73 0
119 73 0
120 73 0
121 73 0
122 73 0
124 73 0
125 73 0
128 73 0
129 73 0
130 73 0
142 73 0
143 73 0
144 73 0
156 73 0
157 73 0
158 73 0
170 73 0
171 73 0
172 73 0
180 73 0
183 73 0
42 74 0
43 74 0
45 74 0
56 74 0
57 74 0
58 74 0
59 74 0
73 74 0
79 74 0
83 74 0
84 74 0
85 74 0
89 74 0
99 74 0
104 74 0
105 74 0
107 74 0
108 74 0
109 74 0
110 74 0
111 74 0
115 74 0
116 74 0
117 74 0
127 74 0
128 74 0
129 74 0
141 74 0
142 74 0
143 74 0
155 74 0
156 74 0
157 74 0
169 74 0
170 74 0
171 74 0
172 74 0
183 74 0
185 74 0
44 75 0
45 75 0
54 75 0
55 75 0
56 75 0
57 75 0
58 75 0
59 75 0
71 75 0
73 75 0
77 75 0
78 75 0
79 75 0
80 75 0
81 75 0
83 75 0
84 75 0
85 75 0
87 75 0
88 75 0
96 75 0
97 75 0
98 75 0
99 75 0
100 75 0
101 75 0
102 75 0
105 75 0
106 75 0
107 75 0
108 75 0
114 75 0
115 75 0
116 75 0
127 75 0
128 75 0
129 75 0
141 75 0
143 75 0
155 75 0
156 75 0
157 75 0
170 75 0
171 75 0
183 75 0
184 75 0
185 75 0
44 76 0
45 76 0
58 76 0
59 76 0
71 76 0
72 76 0
77 76 0
78 76 0
83 76 0
84 76 0
85 76 0
86 76 0
87 76 0
95 76 0
96 76 0
97 76 0
98 76 0
100 76 0
101 76 0
102 76 0
114 76 0
115 76 0
116 76 0
127 76 0
128 76 0
129 76 0
141 76 0
142 76 0
143 76 0
155 76 0
156 76 0
157 76 0
169 76 0
170 76 0
171 76 0
183 76 0
184 76 0
11 77 0
44 77 0
58 77 0
69 77 0
70 77 0
71 77 0
72 77 0
73 77 0
74 77 0
85 77 0
86 77 0
87 77 0
99 77 0
100 77 0
101 77 0
114 77 0
115 77 0
127 77 0
128 77 0
129 77 0
141 77 0
142 77 0
143 77 0
155 77 0
156 77 0
157 77 0
169 77 0
170 77 0
171 77 0
182 77 0
183 77 0
184 77 0
10 78 0
11 78 0
66 78 0
68 78 0
72 78 0
73 78 0
86 78 0
99 78 0
100 78 0
113 78 0
115 78 0
127 78 0
128 78 0
129 78 0
141 78 0
142 78 0
143 78 0
155 78 0
157 78 0
169 78 0
170 78 0
171 78 0
182 78 0
183 78 0
184 78 0
11 79 0
12 79 0
71 79 0
73 79 0
85 79 0
86 79 0
99 79 0
100 79 0
115 79 0
127 79 0
128 79 0
129 79 0
142 79 0
143 79 0
155 79 0
156 79 0
157 79 0
169 79 0
170 79 0
171 79 0
182 79 0
183 79 0
184 79 0
11 80 0
20 80 0
70 80 0
72 80 0
85 80 0
86 80 0
98 80 0
100 80 0
113 80 0
115 80 0
127 80 0
128 80 0
129 80 0
141 80 0
142 80 0
143 80 0
155 80 0
156 80 0
157 80 0
169 80 0
170 80 0
171 80 0
182 80 0
183 80 0
184 80 0
19 81 0
20 81 0
22 81 0
70 81 0
72 81 0
85 81 0
86 81 0
87 81 0
98 81 0
100 81 0
113 81 0
115 81 0
127 81 0
128 81 0
129 81 0
141 81 0
142 81 0
143 81 0
155 81 0
156 81 0
157 81 0
169 81 0
170 81 0
171 81 0
182 81 0
183 81 0
184 81 0
22 82 0
72 82 0
85 82 0
86 82 0
87 82 0
100 82 0
113 82 0
115 82 0
127 82 0
128 82 0
129 82 0
141 82 0
142 82 0
155 82 0
156 82 0
157 82 0
169 82 0
170 82 0
182 82 0
183 82 0
184 82 0
21 83 0
72 83 0
86 83 0
87 83 0
98 83 0
100 83 0
112 83 0
113 83 0
114 83 0
115 83 0
127 83 0
128 83 0
129 83 0
141 83 0
142 83 0
155 83 0
156 83 0
157 83 0
169 83 0
170 83 0
181 83 0
182 83 0
183 83 0
184 83 0
58 84 0
72 84 0
85 84 0
98 84 0
100 84 0
113 84 0
114 84 0
127 84 0
128 84 0
140 84 0
141 84 0
142 84 0
155 84 0
156 84 0
157 84 0
168 84 0
169 84 0
170 84 0
181 84 0
182 84 0
183 84 0
12 85 0
30 85 0
31 85 0
32 85 0
34 85 0
58 85 0
70 85 0
72 85 0
84 85 0
85 85 0
86 85 0
87 85 0
100 85 0
112 85 0
113 85 0
114 85 0
125 85 0
126 85 0
127 85 0
128 85 0
129 85 0
139 85 0
140 85 0
141 85 0
143 85 0
144 85 0
145 85 0
146 85 0
148 85 0
149 85 0
150 85 0
153 85 0
154 85 0
155 85 0
156 85 0
169 85 0
170 85 0
171 85 0
182 85 0
183 85 0
31 86 0
32 86 0
33 86 0
34 86 0
72 86 0
85 86 0
86 86 0
98 86 0
99 86 0
100 86 0
112 86 0
113 86 0
114 86 0
124 86 0
125 86 0
126 86 0
127 86 0
128 86 0
129 86 0
130 86 0
133 86 0
136 86 0
138 86 0
139 86 0
140 86 0
141 86 0
142 86 0
143 86 0
148 86 0
154 86 0
155 86 0
156 86 0
157 86 0
159 86 0
161 86 0
165 86 0
167 86 0
168 86 0
169 86 0
170 86 0
171 86 0
181 86 0
182 86 0
183 86 0
32 87 0
33 87 0
34 87 0
56 87 0
58 87 0
70 87 0
72 87 0
86 87 0
98 87 0
100 87 0
112 87 0
114 87 0
118 87 0
121 87 0
122 87 0
123 87 0
124 87 0
125 87 0
126 87 0
127 87 0
128 87 0
129 87 0
137 87 0
138 87 0
142 87 0
154 87 0
155 87 0
156 87 0
163 87 0
165 87 0
168 87 0
169 87 0
170 87 0
171 87 0
180 87 0
181 87 0
182 87 0
183 87 0
33 88 0
43 88 0
57 88 0
58 88 0
72 88 0
85 88 0
86 88 0
98 88 0
99 88 0
100 88 0
111 88 0
112 88 0
115 88 0
116 88 0
117 88 0
118 88 0
119 88 0
126 88 0
127 88 0
128 88 0
129 88 0
139 88 0
140 88 0
141 88 0
142 88 0
154 88 0
155 88 0
156 88 0
168 88 0
169 88 0
170 88 0
180 88 0
181 88 0
182 88 0
183 88 0
184 88 0
2 89 0
33 89 0
42 89 0
43 89 0
44 89 0
45 89 0
56 89 0
58 89 0
71 89 0
72 89 0
85 89 0
86 89 0
98 89 0
99 89 0
100 89 0
110 89 0
111 89 0
112 89 0
113 89 0
114 89 0
115 89 0
116 89 0
127 89 0
128 89 0
139 89 0
140 89 0
141 89 0
142 89 0
154 89 0
155 89 0
156 89 0
168 89 0
169 89 0
170 89 0
181 89 0
182 89 0
183 89 0
1 90 0
2 90 0
44 90 0
45 90 0
55 90 0
56 90 0
57 90 0
72 90 0
83 90 0
84 90 0
85 90 0
86 90 0
87 90 0
88 90 0
97 90 0
98 90 0
99 90 0
100 90 0
109 90 0
110 90 0
111 90 0
114 90 0
115 90 0
126 90 0
127 90 0
128 90 0
139 90 0
140 90 0
141 90 0
154 90 0
155 90 0
168 90 0
169 90 0
180 90 0
181 90 0
182 90 0
183 90 0
11 91 0
12 91 0
44 91 0
55 91 0
56 91 0
57 91 0
58 91 0
59 91 0
70 91 0
76 91 0
77 91 0
81 91 0
82 91 0
83 91 0
84 91 0
86 91 0
87 91 0
96 91 0
97 91 0
98 91 0
99 91 0
100 91 0
101 91 0
105 91 0
109 91 0
110 91 0
112 91 0
113 91 0
114 91 0
128 91 0
139 91 0
140 91 0
141 91 0
154 91 0
155 91 0
167 91 0
168 91 0
169 91 0
180 91 0
181 91 0
182 91 0
12 92 0
44 92 0
57 92 0
58 92 0
67 92 0
68 92 0
69 92 0
70 92 0
73 92 0
77 92 0
83 92 0
84 92 0
85 92 0
86 92 0
87 92 0
96 92 0
99 92 0
100 92 0
112 92 0
113 92 0
114 92 0
128 92 0
139 92 0
140 92 0
141 92 0
154 92 0
155 92 0
167 92 0
168 92 0
169 92 0
180 92 0
181 92 0
182 92 0
58 93 0
71 93 0
72 93 0
73 93 0
84 93 0
85 93 0
86 93 0
98 93 0
99 93 0
100 93 0
112 93 0
113 93 0
114 93 0
126 93 0
128 93 0
139 93 0
140 93 0
141 93 0
153 93 0
154 93 0
155 93 0
167 93 0
168 93 0
169 93 0
180 93 0
181 93 0
182 93 0
22 94 0
33 94 0
57 94 0
58 94 0
72 94 0
83 94 0
84 94 0
85 94 0
86 94 0
97 94 0
98 94 0
99 94 0
112 94 0
113 94 0
114 94 0
126 94 0
127 94 0
128 94 0
139 94 0
141 94 0
154 94 0
155 94 0
167 94 0
168 94 0
169 94 0
180 94 0
181 94 0
182 94 0
21 95 0
72 95 0
83 95 0
85 95 0
97 95 0
98 95 0
99 95 0
112 95 0
113 95 0
114 95 0
126 95 0
127 95 0
128 95 0
138 95 0
139 95 0
140 95 0
141 95 0
153 95 0
154 95 0
155 95 0
167 95 0
168 95 0
169 95 0
180 95 0
181 95 0
182 95 0
20 96 0
22 96 0
23 96 0
72 96 0
85 96 0
99 96 0
112 96 0
113 96 0
125 96 0
126 96 0
127 96 0
128 96 0
139 96 0
141 96 0
153 96 0
154 96 0
155 96 0
167 96 0
168 96 0
169 96 0
179 96 0
180 96 0
181 96 0
182 96 0
21 97 0
22 97 0
23 97 0
57 97 0
72 97 0
97 97 0
99 97 0
112 97 0
113 97 0
125 97 0
126 97 0
127 97 0
141 97 0
153 97 0
154 97 0
155 97 0
167 97 0
168 97 0
169 97 0
180 97 0
181 97 0
21 98 0
22 98 0
72 98 0
84 98 0
85 98 0
97 98 0
98 98 0
99 98 0
112 98 0
113 98 0
126 98 0
127 98 0
139 98 0
140 98 0
141 98 0
153 98 0
154 98 0
155 98 0
166 98 0
167 98 0
168 98 0
169 98 0
180 98 0
181 98 0
32 99 0
33 99 0
70 99 0
72 99 0
85 99 0
86 99 0
97 99 0
98 99 0
99 99 0
112 99 0
113 99 0
126 99 0
127 99 0
130 99 0
138 99 0
139 99 0
140 99 0
141 99 0
145 99 0
152 99 0
153 99 0
154 99 0
166 99 0
167 99 0
168 99 0
179 99 0
180 99 0
181 99 0
32 100 0
33 100 0
34 100 0
72 100 0
84 100 0
85 100 0
97 100 0
99 100 0
112 100 0
113 100 0
114 100 0
125 100 0
126 100 0
128 100 0
129 100 0
130 100 0
131 100 0
132 100 0
137 100 0
138 100 0
140 100 0
141 100 0
142 100 0
143 100 0
144 100 0
151 100 0
152 100 0
153 100 0
154 100 0
155 100 0
166 100 0
167 100 0
168 100 0
179 100 0
180 100 0
181 100 0
33 101 0
34 101 0
71 101 0
72 101 0
85 101 0
86 101 0
97 101 0
99 101 0
112 101 0
113 101 0
114 101 0
124 101 0
125 101 0
126 101 0
127 101 0
128 101 0
138 101 0
140 101 0
141 101 0
152 101 0
153 101 0
154 101 0
155 101 0
164 101 0
165 101 0
166 101 0
167 101 0
168 101 0
179 101 0
180 101 0
33 102 0
58 102 0
72 102 0
85 102 0
86 102 0
97 102 0
99 102 0
113 102 0
114 102 0
118 102 0
120 102 0
121 102 0
122 102 0
123 102 0
124 102 0
125 102 0
126 102 0
127 102 0
128 102 0
138 102 0
139 102 0
140 102 0
152 102 0
153 102 0
154 102 0
166 102 0
167 102 0
168 102 0
178 102 0
179 102 0
180 102 0
181 102 0
182 102 0
2 103 0
3 103 0
33 103 0
43 103 0
44 103 0
46 103 0
58 103 0
84 103 0
85 103 0
86 103 0
97 103 0
98 103 0
99 103 0
101 103 0
102 103 0
103 103 0
110 103 0
111 103 0
112 103 0
115 103 0
118 103 0
120 103 0
121 103 0
122 103 0
125 103 0
127 103 0
138 103 0
140 103 0
152 103 0
153 103 0
154 103 0
166 103 0
167 103 0
168 103 0
177 103 0
178 103 0
179 103 0
180 103 0
181 103 0
2 104 0
42 104 0
43 104 0
45 104 0
46 104 0
47 104 0
56 104 0
58 104 0
72 104 0
83 104 0
84 104 0
85 104 0
98 104 0
99 104 0
101 104 0
102 104 0
109 104 0
110 104 0
111 104 0
112 104 0
113 104 0
114 104 0
115 104 0
118 104 0
119 104 0
125 104 0
126 104 0
127 104 0
138 104 0
139 104 0
140 104 0
152 104 0
153 104 0
154 104 0
165 104 0
166 104 0
167 104 0
179 104 0
180 104 0
181 104 0
11 105 0
43 105 0
44 105 0
45 105 0
56 105 0
58 105 0
82 105 0
83 105 0
84 105 0
85 105 0
97 105 0
98 105 0
100 105 0
101 105 0
112 105 0
113 105 0
114 105 0
115 105 0
116 105 0
125 105 0
126 105 0
127 105 0
138 105 0
139 105 0
140 105 0
151 105 0
153 105 0
165 105 0
166 105 0
167 105 0
178 105 0
179 105 0
180 105 0
11 106 0
13 106 0
44 106 0
45 106 0
55 106 0
56 106 0
59 106 0
70 106 0
74 106 0
75 106 0
82 106 0
83 106 0
85 106 0
86 106 0
96 106 0
97 106 0
98 106 0
99 106 0
100 106 0
111 106 0
112 106 0
113 106 0
124 106 0
125 106 0
126 106 0
127 106 0
138 106 0
139 106 0
140 106 0
152 106 0
153 106 0
165 106 0
166 106 0
167 106 0
179 106 0
180 106 0
13 107 0
57 107 0
58 107 0
59 107 0
67 107 0
69 107 0
70 107 0
72 107 0
73 107 0
74 107 0
83 107 0
85 107 0
91 107 0
92 107 0
93 107 0
96 107 0
97 107 0
99 107 0
100 107 0
111 107 0
113 107 0
125 107 0
126 107 0
127 107 0
138 107 0
139 107 0
140 107 0
151 107 0
152 107 0
153 107 0
165 107 0
166 107 0
167 107 0
178 107 0
179 107 0
180 107 0
13 108 0
16 108 0
22 108 0
58 108 0
68 108 0
69 108 0
72 108 0
83 108 0
85 108 0
91 108 0
94 108 0
95 108 0
96 108 0
99 108 0
100 108 0
111 108 0
113 108 0
125 108 0
126 108 0
127 108 0
138 108 0
139 108 0
140 108 0
153 108 0
165 108 0
166 108 0
167 108 0
178 108 0
179 108 0
180 108 0
21 109 0
22 109 0
70 109 0
71 109 0
72 109 0
85 109 0
99 109 0
111 109 0
113 109 0
125 109 0
126 109 0
127 109 0
138 109 0
139 109 0
140 109 0
151 109 0
152 109 0
153 109 0
165 109 0
166 109 0
167 109 0
178 109 0
179 109 0
180 109 0
3 110 0
23 110 0
24 110 0
44 110 0
45 110 0
71 110 0
85 110 0
99 110 0
110 110 0
111 110 0
112 110 0
113 110 0
125 110 0
126 110 0
138 110 0
139 110 0
151 110 0
152 110 0
153 110 0
164 110 0
165 110 0
166 110 0
177 110 0
178 110 0
179 110 0
23 111 0
45 111 0
58 111 0
83 111 0
85 111 0
97 111 0
99 111 0
111 111 0
112 111 0
113 111 0
126 111 0
138 111 0
139 111 0
151 111 0
152 111 0
153 111 0
164 111 0
165 111 0
166 111 0
177 111 0
178 111 0
179 111 0
56 112 0
71 112 0
72 112 0
85 112 0
99 112 0
111 112 0
112 112 0
113 112 0
124 112 0
125 112 0
126 112 0
137 112 0
138 112 0
139 112 0
150 112 0
151 112 0
152 112 0
153 112 0
164 112 0
165 112 0
166 112 0
179 112 0
32 113 0
58 113 0
69 113 0
71 113 0
72 113 0
83 113 0
84 113 0
85 113 0
99 113 0
111 113 0
112 113 0
113 113 0
124 113 0
126 113 0
137 113 0
138 113 0
139 113 0
140 113 0
141 113 0
142 113 0
148 113 0
149 113 0
150 113 0
151 113 0
152 113 0
153 113 0
164 113 0
165 113 0
166 113 0
177 113 0
178 113 0
179 113 0
33 114 0
34 114 0
35 114 0
69 114 0
71 114 0
72 114 0
83 114 0
85 114 0
97 114 0
98 114 0
99 114 0
111 114 0
112 114 0
124 114 0
126 114 0
136 114 0
137 114 0
138 114 0
139 114 0
140 114 0
147 114 0
148 114 0
149 114 0
150 114 0
151 114 0
152 114 0
153 114 0
164 114 0
165 114 0
177 114 0
178 114 0
179 114 0
33 115 0
34 115 0
35 115 0
72 115 0
83 115 0
85 115 0
97 115 0
99 115 0
111 115 0
112 115 0
113 115 0
123 115 0
124 115 0
126 115 0
127 115 0
130 115 0
131 115 0
132 115 0
135 115 0
136 115 0
137 115 0
139 115 0
140 115 0
150 115 0
151 115 0
152 115 0
153 115 0
162 115 0
163 115 0
164 115 0
165 115 0
166 115 0
175 115 0
176 115 0
177 115 0
178 115 0
179 115 0
2 116 0
70 116 0
71 116 0
72 116 0
83 116 0
85 116 0
97 116 0
98 116 0
99 116 0
111 116 0
112 116 0
117 116 0
118 116 0
119 116 0
121 116 0
122 116 0
123 116 0
124 116 0
125 116 0
126 116 0
127 116 0
128 116 0
129 116 0
130 116 0
131 116 0
137 116 0
138 116 0
139 116 0
150 116 0
151 116 0
152 116 0
163 116 0
165 116 0
166 116 0
175 116 0
176 116 0
177 116 0
178 116 0
179 116 0
180 116 0
3 117 0
4 117 0
43 117 0
44 117 0
45 117 0
58 117 0
70 117 0
71 117 0
72 117 0
83 117 0
85 117 0
97 117 0
99 117 0
111 117 0
115 117 0
117 117 0
118 117 0
124 117 0
125 117 0
126 117 0
137 117 0
138 117 0
139 117 0
150 117 0
151 117 0
152 117 0
164 117 0
165 117 0
166 117 0
177 117 0
178 117 0
179 117 0
13 118 0
34 118 0
35 118 0
43 118 0
44 118 0
58 118 0
70 118 0
72 118 0
83 118 0
85 118 0
97 118 0
99 118 0
110 118 0
111 118 0
115 118 0
116 118 0
124 118 0
125 118 0
126 118 0
137 118 0
138 118 0
139 118 0
150 118 0
151 118 0
152 118 0
163 118 0
164 118 0
165 118 0
177 118 0
178 118 0
12 119 0
13 119 0
14 119 0
45 119 0
46 119 0
58 119 0
72 119 0
83 119 0
84 119 0
97 119 0
98 119 0
99 119 0
110 119 0
111 119 0
112 119 0
113 119 0
114 119 0
124 119 0
125 119 0
126 119 0
136 119 0
137 119 0
138 119 0
150 119 0
151 119 0
152 119 0
163 119 0
164 119 0
165 119 0
176 119 0
178 119 0
14 120 0
44 120 0
45 120 0
56 120 0
57 120 0
70 120 0
79 120 0
80 120 0
81 120 0
82 120 0
83 120 0
85 120 0
86 120 0
96 120 0
97 120 0
98 120 0
105 120 0
108 120 0
109 120 0
110 120 0
111 120 0
112 120 0
113 120 0
124 120 0
125 120 0
126 120 0
136 120 0
137 120 0
138 120 0
149 120 0
150 120 0
151 120 0
165 120 0
176 120 0
177 120 0
178 120 0
56 121 0
58 121 0
59 121 0
62 121 0
69 121 0
70 121 0
77 121 0
83 121 0
84 121 0
85 121 0
86 121 0
95 121 0
96 121 0
98 121 0
99 121 0
100 121 0
104 121 0
112 121 0
113 121 0
124 121 0
125 121 0
126 121 0
136 121 0
137 121 0
138 121 0
149 121 0
151 121 0
163 121 0
165 121 0
178 121 0
58 122 0
59 122 0
69 122 0
70 122 0
71 122 0
72 122 0
83 122 0
84 122 0
85 122 0
98 122 0
99 122 0
112 122 0
124 122 0
125 122 0
126 122 0
138 122 0
150 122 0
151 122 0
163 122 0
164 122 0
165 122 0
176 122 0
177 122 0
178 122 0
21 123 0
22 123 0
23 123 0
25 123 0
58 123 0
71 123 0
72 123 0
83 123 0
84 123 0
85 123 0
97 123 0
98 123 0
99 123 0
110 123 0
112 123 0
124 123 0
125 123 0
126 123 0
136 123 0
137 123 0
138 123 0
149 123 0
151 123 0
163 123 0
164 123 0
165 123 0
176 123 0
178 123 0
24 124 0
25 124 0
72 124 0
83 124 0
97 124 0
98 124 0
111 124 0
112 124 0
124 124 0
125 124 0
136 124 0
138 124 0
149 124 0
150 124 0
151 124 0
163 124 0
164 124 0
165 124 0
176 124 0
177 124 0
178 124 0
24 125 0
83 125 0
84 125 0
97 125 0
98 125 0
110 125 0
111 125 0
112 125 0
124 125 0
125 125 0
136 125 0
137 125 0
138 125 0
149 125 0
150 125 0
151 125 0
163 125 0
164 125 0
165 125 0
175 125 0
176 125 0
177 125 0
34 126 0
83 126 0
84 126 0
85 126 0
97 126 0
98 126 0
99 126 0
111 126 0
112 126 0
124 126 0
125 126 0
136 126 0
137 126 0
138 126 0
141 126 0
149 126 0
150 126 0
151 126 0
163 126 0
164 126 0
165 126 0
176 126 0
177 126 0
33 127 0
34 127 0
35 127 0
72 127 0
97 127 0
98 127 0
110 127 0
111 127 0
112 127 0
124 127 0
125 127 0
128 127 0
129 127 0
130 127 0
131 127 0
134 127 0
135 127 0
136 127 0
137 127 0
138 127 0
139 127 0
140 127 0
141 127 0
147 127 0
148 127 0
149 127 0
150 127 0
163 127 0
164 127 0
165 127 0
177 127 0
3 128 0
4 128 0
35 128 0
36 128 0
72 128 0
97 128 0
98 128 0
110 128 0
112 128 0
123 128 0
124 128 0
125 128 0
128 128 0
129 128 0
130 128 0
136 128 0
137 128 0
138 128 0
149 128 0
150 128 0
151 128 0
159 128 0
160 128 0
161 128 0
162 128 0
163 128 0
164 128 0
165 128 0
174 128 0
175 128 0
176 128 0
186 128 0
4 129 0
5 129 0
35 129 0
70 129 0
72 129 0
83 129 0
97 129 0
98 129 0
122 129 0
123 129 0
124 129 0
125 129 0
126 129 0
127 129 0
128 129 0
135 129 0
136 129 0
137 129 0
148 129 0
149 129 0
150 129 0
151 129 0
162 129 0
163 129 0
164 129 0
165 129 0
173 129 0
174 129 0
175 129 0
176 129 0
177 129 0
5 130 0
44 130 0
59 130 0
72 130 0
83 130 0
84 130 0
85 130 0
97 130 0
119 130 0
121 130 0
122 130 0
123 130 0
124 130 0
125 130 0
126 130 0
134 130 0
135 130 0
136 130 0
137 130 0
148 130 0
149 130 0
150 130 0
162 130 0
163 130 0
164 130 0
173 130 0
174 130 0
175 130 0
176 130 0
177 130 0
14 131 0
36 131 0
44 131 0
59 131 0
72 131 0
83 131 0
84 131 0
85 131 0
96 131 0
97 131 0
98 131 0
110 131 0
111 131 0
116 131 0
117 131 0
118 131 0
119 131 0
120 131 0
121 131 0
122 131 0
123 131 0
124 131 0
125 131 0
135 131 0
136 131 0
137 131 0
148 131 0
149 131 0
150 131 0
162 131 0
164 131 0
175 131 0
176 131 0
177 131 0
14 132 0
16 132 0
43 132 0
44 132 0
45 132 0
46 132 0
47 132 0
48 132 0
59 132 0
71 132 0
72 132 0
82 132 0
83 132 0
84 132 0
85 132 0
97 132 0
98 132 0
109 132 0
110 132 0
111 132 0
115 132 0
116 132 0
117 132 0
123 132 0
124 132 0
125 132 0
135 132 0
136 132 0
137 132 0
148 132 0
149 132 0
150 132 0
162 132 0
163 132 0
164 132 0
174 132 0
175 132 0
176 132 0
15 133 0
16 133 0
46 133 0
47 133 0
57 133 0
77 133 0
80 133 0
81 133 0
82 133 0
83 133 0
84 133 0
97 133 0
98 133 0
108 133 0
109 133 0
110 133 0
111 133 0
112 133 0
113 133 0
114 133 0
123 133 0
124 133 0
125 133 0
135 133 0
136 133 0
137 133 0
148 133 0
149 133 0
150 133 0
162 133 0
163 133 0
174 133 0
175 133 0
176 133 0
15 134 0
46 134 0
56 134 0
57 134 0
58 134 0
59 134 0
71 134 0
79 134 0
80 134 0
84 134 0
85 134 0
87 134 0
89 134 0
95 134 0
96 134 0
97 134 0
98 134 0
99 134 0
100 134 0
107 134 0
108 134 0
109 134 0
110 134 0
111 134 0
112 134 0
123 134 0
124 134 0
125 134 0
135 134 0
148 134 0
149 134 0
150 134 0
162 134 0
163 134 0
174 134 0
175 134 0
176 134 0
24 135 0
25 135 0
26 135 0
58 135 0
59 135 0
67 135 0
68 135 0
69 135 0
70 135 0
71 135 0
73 135 0
74 135 0
84 135 0
85 135 0
96 135 0
97 135 0
98 135 0
99 135 0
112 135 0
123 135 0
124 135 0
125 135 0
135 135 0
136 135 0
149 135 0
162 135 0
163 135 0
174 135 0
175 135 0
176 135 0
2 136 0
3 136 0
4 136 0
5 136 0
26 136 0
27 136 0
59 136 0
71 136 0
72 136 0
73 136 0
96 136 0
97 136 0
98 136 0
111 136 0
112 136 0
123 136 0
124 136 0
125 136 0
135 136 0
136 136 0
147 136 0
149 136 0
161 136 0
162 136 0
163 136 0
174 136 0
175 136 0
176 136 0
3 137 0
4 137 0
5 137 0
6 137 0
7 137 0
8 137 0
9 137 0
10 137 0
11 137 0
13 137 0
26 137 0
72 137 0
84 137 0
96 137 0
98 137 0
111 137 0
112 137 0
123 137 0
124 137 0
135 137 0
136 137 0
147 137 0
148 137 0
149 137 0
161 137 0
162 137 0
163 137 0
174 137 0
175 137 0
8 138 0
10 138 0
11 138 0
12 138 0
13 138 0
14 138 0
15 138 0
18 138 0
84 138 0
96 138 0
97 138 0
98 138 0
112 138 0
124 138 0
135 138 0
136 138 0
147 138 0
148 138 0
149 138 0
161 138 0
162 138 0
174 138 0
175 138 0
18 139 0
19 139 0
20 139 0
21 139 0
22 139 0
23 139 0
24 139 0
25 139 0
26 139 0
35 139 0
37 139 0
96 139 0
97 139 0
98 139 0
110 139 0
111 139 0
112 139 0
123 139 0
124 139 0
132 139 0
134 139 0
135 139 0
136 139 0
146 139 0
147 139 0
149 139 0
161 139 0
162 139 0
173 139 0
174 139 0
175 139 0
24 140 0
25 140 0
26 140 0
28 140 0
29 140 0
30 140 0
31 140 0
32 140 0
35 140 0
36 140 0
37 140 0
72 140 0
83 140 0
85 140 0
96 140 0
97 140 0
98 140 0
110 140 0
111 140 0
112 140 0
124 140 0
130 140 0
131 140 0
132 140 0
133 140 0
134 140 0
135 140 0
136 140 0
137 140 0
146 140 0
147 140 0
148 140 0
149 140 0
160 140 0
161 140 0
162 140 0
166 140 0
172 140 0
173 140 0
174 140 0
175 140 0
184 140 0
185 140 0
186 140 0
4 141 0
32 141 0
33 141 0
34 141 0
35 141 0
36 141 0
44 141 0
72 141 0
83 141 0
97 141 0
98 141 0
111 141 0
112 141 0
122 141 0
123 141 0
126 141 0
128 141 0
135 141 0
136 141 0
147 141 0
148 141 0
149 141 0
157 141 0
159 141 0
160 141 0
161 141 0
162 141 0
163 141 0
172 141 0
173 141 0
174 141 0
175 141 0
184 141 0
185 141 0
186 141 0
187 141 0
41 142 0
42 142 0
43 142 0
44 142 0
45 142 0
46 142 0
48 142 0
49 142 0
50 142 0
71 142 0
72 142 0
85 142 0
98 142 0
110 142 0
111 142 0
112 142 0
121 142 0
122 142 0
123 142 0
124 142 0
125 142 0
126 142 0
133 142 0
134 142 0
135 142 0
136 142 0
147 142 0
148 142 0
149 142 0
157 142 0
160 142 0
161 142 0
162 142 0
173 142 0
174 142 0
175 142 0
183 142 0
185 142 0
186 142 0
187 142 0
48 143 0
50 143 0
51 143 0
52 143 0
53 143 0
54 143 0
55 143 0
56 143 0
57 143 0
58 143 0
62 143 0
82 143 0
83 143 0
85 143 0
110 143 0
111 143 0
112 143 0
120 143 0
121 143 0
122 143 0
123 143 0
124 143 0
134 143 0
135 143 0
146 143 0
147 143 0
148 143 0
160 143 0
161 143 0
162 143 0
170 143 0
172 143 0
173 143 0
174 143 0
175 143 0
176 143 0
177 143 0
178 143 0
179 143 0
180 143 0
181 143 0
182 143 0
183 143 0
184 143 0
185 143 0
2 144 0
3 144 0
4 144 0
7 144 0
14 144 0
57 144 0
58 144 0
60 144 0
61 144 0
62 144 0
63 144 0
64 144 0
65 144 0
66 144 0
67 144 0
68 144 0
69 144 0
70 144 0
71 144 0
72 144 0
74 144 0
75 144 0
82 144 0
83 144 0
84 144 0
85 144 0
96 144 0
97 144 0
98 144 0
110 144 0
111 144 0
112 144 0
120 144 0
122 144 0
123 144 0
124 144 0
134 144 0
135 144 0
146 144 0
147 144 0
148 144 0
155 144 0
156 144 0
157 144 0
158 144 0
159 144 0
160 144 0
161 144 0
162 144 0
163 144 0
164 144 0
165 144 0
166 144 0
167 144 0
168 144 0
169 144 0
170 144 0
171 144 0
172 144 0
173 144 0
175 144 0
177 144 0
178 144 0
180 144 0
4 145 0
8 145 0
9 145 0
70 145 0
74 145 0
75 145 0
76 145 0
77 145 0
78 145 0
79 145 0
80 145 0
81 145 0
82 145 0
83 145 0
84 145 0
86 145 0
87 145 0
88 145 0
89 145 0
90 145 0
91 145 0
92 145 0
93 145 0
94 145 0
96 145 0
97 145 0
98 145 0
100 145 0
103 145 0
109 145 0
110 145 0
111 145 0
113 145 0
114 145 0
115 145 0
121 145 0
122 145 0
123 145 0
124 145 0
125 145 0
128 145 0
130 145 0
131 145 0
132 145 0
133 145 0
134 145 0
135 145 0
136 145 0
137 145 0
138 145 0
139 145 0
140 145 0
141 145 0
142 145 0
143 145 0
144 145 0
145 145 0
146 145 0
147 145 0
148 145 0
149 145 0
150 145 0
151 145 0
152 145 0
153 145 0
154 145 0
155 145 0
156 145 0
157 145 0
158 145 0
159 145 0
160 145 0
162 145 0
1 146 0
2 146 0
8 146 0
12 146 0
13 146 0
88 146 0
89 146 0
90 146 0
91 146 0
92 146 0
93 146 0
94 146 0
95 146 0
96 146 0
97 146 0
99 146 0
100 146 0
101 146 0
102 146 0
103 146 0
104 146 0
105 146 0
106 146 0
107 146 0
108 146 0
109 146 0
110 146 0
111 146 0
112 146 0
113 146 0
114 146 0
117 146 0
119 146 0
120 146 0
121 146 0
122 146 0
123 146 0
125 146 0
126 146 0
127 146 0
128 146 0
129 146 0
130 146 0
131 146 0
132 146 0
133 146 0
134 146 0
136 146 0
137 146 0
141 146 0
143 146 0
2 147 0
3 147 0
17 147 0
18 147 0
19 147 0
28 148 0
28 149 0
29 149 0
37 149 0
180 149 0
38 150 0
39 150 0
40 150 0
48 150 0
50 150 0
51 150 0
167 150 0
173 150 0
174 150 0
175 150 0
176 150 0
177 150 0
7 151 0
8 151 0
38 151 0
48 151 0
51 151 0
60 151 0
160 151 0
161 151 0
162 151 0
163 151 0
172 151 0
173 151 0
182 151 0
183 151 0
9 152 0
10 152 0
37 152 0
38 152 0
60 152 0
61 152 0
73 152 0
75 152 0
147 152 0
149 152 0
160 152 0
171 152 0
172 152 0
182 152 0
183 152 0
184 152 0
185 152 0
9 153 0
38 153 0
39 153 0
48 153 0
60 153 0
66 153 0
67 153 0
68 153 0
73 153 0
75 153 0
77 153 0
80 153 0
81 153 0
82 153 0
85 153 0
87 153 0
88 153 0
89 153 0
91 153 0
92 153 0
98 153 0
99 153 0
100 153 0
103 153 0
104 153 0
106 153 0
111 153 0
112 153 0
114 153 0
123 153 0
125 153 0
134 153 0
135 153 0
137 153 0
138 153 0
139 153 0
140 153 0
147 153 0
148 153 0
151 153 0
152 153 0
153 153 0
155 153 0
156 153 0
160 153 0
161 153 0
170 153 0
171 153 0
172 153 0
173 153 0
184 153 0
185 153 0
73 154 0
80 154 0
81 154 0
85 154 0
86 154 0
87 154 0
88 154 0
89 154 0
90 154 0
91 154 0
98 154 0
99 154 0
111 154 0
112 154 0
123 154 0
124 154 0
125 154 0
126 154 0
127 154 0
128 154 0
129 154 0
130 154 0
134 154 0
135 154 0
136 154 0
146 154 0
147 154 0
160 154 0
172 154 0
173 154 0
184 154 0
18 155 0
98 155 0
111 155 0
120 155 0
121 155 0
122 155 0
123 155 0
124 155 0
134 155 0
158 155 0
160 155 0
172 155 0
20 156 0
47 156 0
123 156 0
134 156 0
145 156 0
146 156 0
158 156 0
160 156 0
171 156 0
172 156 0
5 157 0
46 157 0
47 157 0
48 157 0
49 157 0
50 157 0
73 157 0
83 157 0
84 157 0
85 157 0
109 157 0
122 157 0
134 157 0
158 157 0
171 157 0
183 157 0
184 157 0
28 158 0
29 158 0
30 158 0
48 158 0
49 158 0
58 158 0
59 158 0
83 158 0
85 158 0
86 158 0
107 158 0
108 158 0
109 158 0
111 158 0
121 158 0
134 158 0
146 158 0
158 158 0
159 158 0
171 158 0
182 158 0
183 158 0
30 159 0
60 159 0
61 159 0
85 159 0
86 159 0
95 159 0
96 159 0
97 159 0
98 159 0
110 159 0
111 159 0
122 159 0
134 159 0
146 159 0
157 159 0
158 159 0
159 159 0
171 159 0
183 159 0
61 160 0
70 160 0
71 160 0
72 160 0
73 160 0
74 160 0
85 160 0
98 160 0
111 160 0
134 160 0
146 160 0
159 160 0
171 160 0
11 161 0
73 161 0
74 161 0
96 161 0
97 161 0
98 161 0
111 161 0
121 161 0
122 161 0
134 161 0
146 161 0
158 161 0
159 161 0
170 161 0
171 161 0
181 161 0
13 162 0
73 162 0
74 162 0
96 162 0
97 162 0
98 162 0
122 162 0
132 162 0
133 162 0
134 162 0
135 162 0
140 162 0
144 162 0
145 162 0
146 162 0
157 162 0
158 162 0
179 162 0
180 162 0
181 162 0
182 162 0
183 162 0
13 163 0
38 163 0
39 163 0
98 163 0
122 163 0
131 163 0
132 163 0
133 163 0
134 163 0
144 163 0
145 163 0
146 163 0
156 163 0
157 163 0
158 163 0
167 163 0
168 163 0
169 163 0
170 163 0
171 163 0
180 163 0
181 163 0
182 163 0
39 164 0
40 164 0
84 164 0
108 164 0
109 164 0
111 164 0
119 164 0
133 164 0
134 164 0
144 164 0
145 164 0
146 164 0
156 164 0
158 164 0
159 164 0
170 164 0
171 164 0
182 164 0
40 165 0
74 165 0
111 165 0
120 165 0
121 165 0
122 165 0
133 165 0
143 165 0
145 165 0
156 165 0
157 165 0
158 165 0
170 165 0
8 166 0
9 166 0
22 166 0
61 166 0
74 166 0
86 166 0
119 166 0
120 166 0
122 166 0
123 166 0
124 166 0
133 166 0
143 166 0
145 166 0
158 166 0
170 166 0
21 167 0
22 167 0
48 167 0
49 167 0
121 167 0
122 167 0
123 167 0
133 167 0
143 167 0
145 167 0
157 167 0
158 167 0
181 167 0
30 168 0
50 168 0
84 168 0
85 168 0
86 168 0
97 168 0
113 168 0
120 168 0
122 168 0
133 168 0
145 168 0
156 168 0
157 168 0
181 168 0
30 169 0
31 169 0
32 169 0
50 169 0
51 169 0
84 169 0
85 169 0
86 169 0
93 169 0
96 169 0
97 169 0
98 169 0
108 169 0
109 169 0
110 169 0
111 169 0
122 169 0
133 169 0
145 169 0
156 169 0
157 169 0
181 169 0
32 170 0
59 170 0
60 170 0
73 170 0
86 170 0
87 170 0
96 170 0
98 170 0
108 170 0
109 170 0
110 170 0
111 170 0
122 170 0
133 170 0
148 170 0
152 170 0
153 170 0
154 170 0
156 170 0
177 170 0
2 171 0
32 171 0
62 171 0
72 171 0
74 171 0
75 171 0
86 171 0
98 171 0
99 171 0
111 171 0
122 171 0
131 171 0
133 171 0
143 171 0
146 171 0
148 171 0
149 171 0
150 171 0
151 171 0
152 171 0
157 171 0
178 171 0
179 171 0
5 172 0
14 172 0
15 172 0
62 172 0
74 172 0
75 172 0
111 172 0
120 172 0
122 172 0
131 172 0
132 172 0
133 172 0
141 172 0
142 172 0
143 172 0
146 172 0
147 172 0
148 172 0
157 172 0
178 172 0
179 172 0
180 172 0
181 172 0
15 173 0
16 173 0
42 173 0
75 173 0
98 173 0
122 173 0
129 173 0
130 173 0
131 173 0
132 173 0
133 173 0
139 173 0
143 173 0
144 173 0
145 173 0
146 173 0
153 173 0
154 173 0
155 173 0
157 173 0
166 173 0
180 173 0
41 174 0
42 174 0
75 174 0
109 174 0
111 174 0
128 174 0
132 174 0
133 174 0
138 174 0
142 174 0
144 174 0
145 174 0
155 174 0
156 174 0
157 174 0
164 174 0
168 174 0
169 174 0
170 174 0
10 175 0
98 175 0
111 175 0
118 175 0
120 175 0
121 175 0
131 175 0
132 175 0
144 175 0
155 175 0
156 175 0
167 175 0
168 175 0
169 175 0
171 175 0
22 176 0
87 176 0
98 176 0
111 176 0
120 176 0
121 176 0
122 176 0
123 176 0
131 176 0
132 176 0
134 176 0
135 176 0
143 176 0
144 176 0
170 176 0
24 177 0
87 177 0
118 177 0
119 177 0
120 177 0
122 177 0
123 177 0
131 177 0
132 177 0
133 177 0
140 177 0
143 177 0
144 177 0
156 177 0
179 177 0
122 178 0
131 178 0
132 178 0
133 178 0
179 178 0
86 48 1
89 48 1
79 50 1
80 50 1
81 50 1
82 50 1
84 50 1
85 50 1
90 50 1
79 51 1
80 51 1
81 51 1
82 51 1
84 51 1
86 51 1
78 52 1
79 52 1
84 52 1
89 52 1
90 52 1
69 53 1
76 53 1
79 53 1
80 53 1
68 54 1
69 54 1
77 54 1
79 54 1
80 54 1
91 54 1
92 54 1
68 55 1
69 55 1
76 55 1
77 55 1
80 55 1
81 55 1
91 55 1
92 55 1
68 56 1
69 56 1
76 56 1
77 56 1
78 56 1
90 56 1
91 56 1
92 56 1
93 56 1
65 57 1
66 57 1
67 57 1
68 57 1
69 57 1
70 57 1
77 57 1
78 57 1
90 57 1
91 57 1
92 57 1
93 57 1
94 57 1
96 57 1
67 58 1
68 58 1
69 58 1
70 58 1
75 58 1
76 58 1
77 58 1
91 58 1
92 58 1
93 58 1
94 58 1
95 58 1
96 58 1
99 58 1
100 58 1
67 59 1
68 59 1
69 59 1
70 59 1
71 59 1
76 59 1
77 59 1
90 59 1
91 59 1
92 59 1
93 59 1
94 59 1
95 59 1
96 59 1
101 59 1
102 59 1
67 60 1
68 60 1
69 60 1
70 60 1
71 60 1
90 60 1
91 60 1
92 60 1
93 60 1
95 60 1
68 61 1
69 61 1
70 61 1
71 61 1
90 61 1
91 61 1
92 61 1
95 61 1
97 61 1
68 62 1
69 62 1
70 62 1
71 62 1
72 62 1
89 62 1
90 62 1
91 62 1
92 62 1
93 62 1
94 62 1
68 63 1
69 63 1
70 63 1
71 63 1
72 63 1
74 63 1
89 63 1
90 63 1
91 63 1
92 63 1
93 63 1
94 63 1
69 64 1
70 64 1
71 64 1
72 64 1
73 64 1
74 64 1
88 64 1
89 64 1
90 64 1
91 64 1
92 64 1
93 64 1
94 64 1
70 65 1
71 65 1
72 65 1
73 65 1
74 65 1
88 65 1
89 65 1
90 65 1
91 65 1
92 65 1
71 66 1
72 66 1
73 66 1
74 66 1
75 66 1
88 66 1
89 66 1
91 66 1
72 67 1
73 67 1
74 67 1
75 67 1
76 67 1
78 67 1
82 67 1
83 67 1
87 67 1
88 67 1
89 67 1
90 67 1
72 68 1
73 68 1
74 68 1
75 68 1
76 68 1
77 68 1
78 68 1
82 68 1
86 68 1
87 68 1
73 69 1
74 69 1
75 69 1
76 69 1
77 69 1
78 69 1
79 69 1
80 69 1
82 69 1
78 70 1
79 70 1
80 70 1
