82 1 0
83 1 0
111 1 0
181 1 0
11 2 0
27 2 0
68 2 0
79 2 0
80 2 0
81 2 0
82 2 0
94 2 0
95 2 0
96 2 0
109 2 0
110 2 0
111 2 0
123 2 0
124 2 0
125 2 0
138 2 0
139 2 0
151 2 0
152 2 0
153 2 0
165 2 0
166 2 0
167 2 0
179 2 0
180 2 0
181 2 0
185 2 0
1 3 0
81 3 0
82 3 0
94 3 0
95 3 0
96 3 0
109 3 0
110 3 0
111 3 0
123 3 0
124 3 0
125 3 0
138 3 0
139 3 0
152 3 0
153 3 0
165 3 0
166 3 0
167 3 0
179 3 0
180 3 0
1 4 0
2 4 0
9 4 0
42 4 0
54 4 0
66 4 0
68 4 0
81 4 0
82 4 0
96 4 0
109 4 0
110 4 0
123 4 0
124 4 0
125 4 0
138 4 0
139 4 0
151 4 0
152 4 0
153 4 0
165 4 0
166 4 0
167 4 0
179 4 0
180 4 0
7 5 0
9 5 0
11 5 0
19 5 0
80 5 0
81 5 0
82 5 0
94 5 0
95 5 0
96 5 0
110 5 0
111 5 0
123 5 0
124 5 0
125 5 0
138 5 0
139 5 0
151 5 0
152 5 0
153 5 0
166 5 0
179 5 0
180 5 0
10 6 0
18 6 0
19 6 0
20 6 0
21 6 0
24 6 0
54 6 0
81 6 0
94 6 0
95 6 0
96 6 0
109 6 0
110 6 0
123 6 0
124 6 0
125 6 0
138 6 0
139 6 0
151 6 0
152 6 0
153 6 0
165 6 0
166 6 0
178 6 0
179 6 0
180 6 0
10 7 0
18 7 0
19 7 0
20 7 0
21 7 0
24 7 0
29 7 0
30 7 0
54 7 0
81 7 0
94 7 0
95 7 0
96 7 0
108 7 0
109 7 0
110 7 0
125 7 0
137 7 0
138 7 0
139 7 0
151 7 0
152 7 0
153 7 0
165 7 0
166 7 0
178 7 0
179 7 0
180 7 0
19 8 0
20 8 0
28 8 0
29 8 0
30 8 0
31 8 0
32 8 0
67 8 0
80 8 0
81 8 0
94 8 0
108 8 0
109 8 0
110 8 0
124 8 0
137 8 0
138 8 0
139 8 0
151 8 0
152 8 0
153 8 0
165 8 0
166 8 0
178 8 0
179 8 0
180 8 0
30 9 0
31 9 0
40 9 0
67 9 0
79 9 0
80 9 0
81 9 0
109 9 0
110 9 0
123 9 0
124 9 0
136 9 0
137 9 0
138 9 0
139 9 0
151 9 0
152 9 0
153 9 0
165 9 0
166 9 0
178 9 0
179 9 0
180 9 0
9 10 0
30 10 0
40 10 0
67 10 0
80 10 0
81 10 0
94 10 0
95 10 0
108 10 0
109 10 0
110 10 0
122 10 0
123 10 0
124 10 0
128 10 0
129 10 0
135 10 0
136 10 0
137 10 0
138 10 0
139 10 0
140 10 0
151 10 0
152 10 0
153 10 0
165 10 0
166 10 0
178 10 0
179 10 0
180 10 0
30 11 0
39 11 0
40 11 0
41 11 0
42 11 0
43 11 0
53 11 0
54 11 0
79 11 0
80 11 0
81 11 0
94 11 0
95 11 0
108 11 0
109 11 0
110 11 0
120 11 0
121 11 0
122 11 0
123 11 0
124 11 0
126 11 0
127 11 0
128 11 0
129 11 0
130 11 0
131 11 0
132 11 0
133 11 0
134 11 0
135 11 0
136 11 0
137 11 0
138 11 0
139 11 0
148 11 0
149 11 0
150 11 0
151 11 0
152 11 0
153 11 0
165 11 0
166 11 0
178 11 0
179 11 0
180 11 0
40 12 0
41 12 0
51 12 0
52 12 0
54 12 0
65 12 0
66 12 0
80 12 0
93 12 0
94 12 0
95 12 0
108 12 0
109 12 0
110 12 0
112 12 0
113 12 0
115 12 0
116 12 0
117 12 0
118 12 0
119 12 0
120 12 0
121 12 0
122 12 0
124 12 0
125 12 0
137 12 0
138 12 0
139 12 0
151 12 0
152 12 0
153 12 0
155 12 0
156 12 0
163 12 0
164 12 0
165 12 0
178 12 0
179 12 0
180 12 0
19 13 0
51 13 0
52 13 0
53 13 0
54 13 0
55 13 0
63 13 0
64 13 0
65 13 0
79 13 0
80 13 0
88 13 0
91 13 0
92 13 0
93 13 0
94 13 0
95 13 0
97 13 0
98 13 0
106 13 0
107 13 0
108 13 0
109 13 0
110 13 0
111 13 0
112 13 0
113 13 0
114 13 0
115 13 0
116 13 0
117 13 0
118 13 0
122 13 0
123 13 0
124 13 0
137 13 0
138 13 0
151 13 0
152 13 0
153 13 0
162 13 0
163 13 0
164 13 0
165 13 0
166 13 0
167 13 0
178 13 0
179 13 0
180 13 0
29 14 0
53 14 0
54 14 0
66 14 0
67 14 0
79 14 0
80 14 0
82 14 0
83 14 0
84 14 0
85 14 0
86 14 0
87 14 0
88 14 0
89 14 0
90 14 0
91 14 0
92 14 0
94 14 0
95 14 0
96 14 0
97 14 0
104 14 0
105 14 0
106 14 0
107 14 0
108 14 0
109 14 0
110 14 0
123 14 0
124 14 0
136 14 0
137 14 0
138 14 0
151 14 0
152 14 0
164 14 0
165 14 0
166 14 0
176 14 0
177 14 0
178 14 0
179 14 0
180 14 0
181 14 0
53 15 0
66 15 0
67 15 0
76 15 0
77 15 0
78 15 0
79 15 0
80 15 0
81 15 0
82 15 0
83 15 0
84 15 0
87 15 0
88 15 0
93 15 0
94 15 0
95 15 0
108 15 0
109 15 0
110 15 0
122 15 0
123 15 0
124 15 0
136 15 0
137 15 0
138 15 0
151 15 0
152 15 0
164 15 0
165 15 0
166 15 0
178 15 0
179 15 0
180 15 0
9 16 0
64 16 0
65 16 0
66 16 0
76 16 0
77 16 0
78 16 0
80 16 0
81 16 0
93 16 0
94 16 0
95 16 0
107 16 0
108 16 0
109 16 0
122 16 0
123 16 0
124 16 0
136 16 0
137 16 0
138 16 0
150 16 0
151 16 0
152 16 0
164 16 0
165 16 0
166 16 0
178 16 0
179 16 0
180 16 0
18 17 0
29 17 0
64 17 0
66 17 0
75 17 0
77 17 0
78 17 0
80 17 0
81 17 0
93 17 0
94 17 0
95 17 0
107 17 0
108 17 0
109 17 0
122 17 0
123 17 0
136 17 0
137 17 0
138 17 0
150 17 0
151 17 0
152 17 0
164 17 0
165 17 0
178 17 0
179 17 0
180 17 0
7 18 0
8 18 0
29 18 0
40 18 0
64 18 0
65 18 0
66 18 0
78 18 0
80 18 0
93 18 0
94 18 0
107 18 0
108 18 0
109 18 0
122 18 0
123 18 0
136 18 0
137 18 0
138 18 0
150 18 0
151 18 0
152 18 0
164 18 0
165 18 0
178 18 0
179 18 0
3 19 0
4 19 0
6 19 0
7 19 0
8 19 0
18 19 0
40 19 0
65 19 0
66 19 0
78 19 0
79 19 0
80 19 0
92 19 0
93 19 0
94 19 0
107 19 0
108 19 0
109 19 0
121 19 0
122 19 0
123 19 0
136 19 0
137 19 0
138 19 0
150 19 0
151 19 0
152 19 0
164 19 0
165 19 0
178 19 0
179 19 0
8 20 0
13 20 0
16 20 0
17 20 0
78 20 0
79 20 0
80 20 0
92 20 0
93 20 0
94 20 0
107 20 0
108 20 0
109 20 0
121 20 0
122 20 0
123 20 0
135 20 0
136 20 0
137 20 0
138 20 0
150 20 0
151 20 0
152 20 0
164 20 0
165 20 0
177 20 0
178 20 0
179 20 0
8 21 0
16 21 0
17 21 0
18 21 0
52 21 0
64 21 0
80 21 0
92 21 0
93 21 0
94 21 0
107 21 0
108 21 0
121 21 0
122 21 0
123 21 0
136 21 0
137 21 0
150 21 0
151 21 0
152 21 0
163 21 0
164 21 0
165 21 0
178 21 0
179 21 0
8 22 0
16 22 0
17 22 0
18 22 0
26 22 0
27 22 0
28 22 0
40 22 0
52 22 0
65 22 0
66 22 0
92 22 0
93 22 0
94 22 0
107 22 0
108 22 0
121 22 0
122 22 0
123 22 0
136 22 0
137 22 0
150 22 0
151 22 0
152 22 0
164 22 0
165 22 0
178 22 0
179 22 0
6 23 0
16 23 0
17 23 0
26 23 0
27 23 0
28 23 0
38 23 0
39 23 0
52 23 0
65 23 0
79 23 0
93 23 0
94 23 0
108 23 0
122 23 0
123 23 0
136 23 0
137 23 0
150 23 0
151 23 0
152 23 0
165 23 0
178 23 0
179 23 0
15 24 0
16 24 0
17 24 0
26 24 0
28 24 0
37 24 0
38 24 0
52 24 0
65 24 0
79 24 0
93 24 0
94 24 0
121 24 0
122 24 0
123 24 0
134 24 0
135 24 0
136 24 0
137 24 0
150 24 0
151 24 0
152 24 0
164 24 0
165 24 0
178 24 0
179 24 0
15 25 0
17 25 0
26 25 0
28 25 0
37 25 0
38 25 0
52 25 0
64 25 0
65 25 0
78 25 0
79 25 0
93 25 0
94 25 0
107 25 0
108 25 0
121 25 0
122 25 0
123 25 0
124 25 0
125 25 0
126 25 0
129 25 0
131 25 0
132 25 0
133 25 0
134 25 0
135 25 0
136 25 0
137 25 0
138 25 0
139 25 0
149 25 0
150 25 0
151 25 0
152 25 0
153 25 0
163 25 0
164 25 0
165 25 0
177 25 0
178 25 0
179 25 0
17 26 0
28 26 0
36 26 0
37 26 0
38 26 0
39 26 0
40 26 0
52 26 0
64 26 0
65 26 0
78 26 0
79 26 0
108 26 0
120 26 0
121 26 0
122 26 0
124 26 0
125 26 0
130 26 0
131 26 0
132 26 0
133 26 0
134 26 0
136 26 0
137 26 0
138 26 0
142 26 0
143 26 0
144 26 0
146 26 0
147 26 0
148 26 0
149 26 0
150 26 0
151 26 0
152 26 0
153 26 0
162 26 0
163 26 0
164 26 0
177 26 0
178 26 0
179 26 0
14 27 0
17 27 0
36 27 0
39 27 0
40 27 0
49 27 0
50 27 0
64 27 0
65 27 0
78 27 0
79 27 0
92 27 0
93 27 0
96 27 0
106 27 0
107 27 0
108 27 0
115 27 0
118 27 0
119 27 0
120 27 0
121 27 0
122 27 0
123 27 0
124 27 0
135 27 0
136 27 0
137 27 0
150 27 0
151 27 0
152 27 0
160 27 0
161 27 0
162 27 0
163 27 0
164 27 0
165 27 0
177 27 0
178 27 0
179 27 0
7 28 0
25 28 0
39 28 0
47 28 0
49 28 0
50 28 0
51 28 0
52 28 0
53 28 0
63 28 0
64 28 0
65 28 0
66 28 0
77 28 0
78 28 0
79 28 0
91 28 0
92 28 0
94 28 0
95 28 0
96 28 0
98 28 0
104 28 0
105 28 0
106 28 0
107 28 0
108 28 0
109 28 0
110 28 0
111 28 0
112 28 0
114 28 0
116 28 0
117 28 0
118 28 0
119 28 0
120 28 0
122 28 0
123 28 0
135 28 0
136 28 0
137 28 0
149 28 0
150 28 0
151 28 0
152 28 0
163 28 0
164 28 0
165 28 0
170 28 0
175 28 0
176 28 0
177 28 0
178 28 0
179 28 0
7 29 0
27 29 0
51 29 0
52 29 0
61 29 0
62 29 0
63 29 0
64 29 0
65 29 0
66 29 0
77 29 0
78 29 0
79 29 0
88 29 0
89 29 0
90 29 0
91 29 0
92 29 0
93 29 0
94 29 0
104 29 0
105 29 0
106 29 0
107 29 0
108 29 0
109 29 0
110 29 0
111 29 0
112 29 0
120 29 0
121 29 0
122 29 0
135 29 0
136 29 0
137 29 0
149 29 0
150 29 0
151 29 0
163 29 0
164 29 0
165 29 0
175 29 0
176 29 0
177 29 0
178 29 0
179 29 0
180 29 0
27 30 0
49 30 0
51 30 0
64 30 0
65 30 0
74 30 0
75 30 0
76 30 0
77 30 0
78 30 0
82 30 0
83 30 0
84 30 0
85 30 0
86 30 0
87 30 0
88 30 0
89 30 0
90 30 0
91 30 0
92 30 0
93 30 0
94 30 0
107 30 0
108 30 0
120 30 0
121 30 0
122 30 0
135 30 0
136 30 0
137 30 0
149 30 0
150 30 0
151 30 0
163 30 0
164 30 0
165 30 0
177 30 0
178 30 0
179 30 0
22 31 0
27 31 0
51 31 0
64 31 0
65 31 0
76 31 0
77 31 0
78 31 0
79 31 0
80 31 0
81 31 0
82 31 0
83 31 0
84 31 0
85 31 0
86 31 0
87 31 0
90 31 0
92 31 0
93 31 0
106 31 0
107 31 0
108 31 0
120 31 0
121 31 0
122 31 0
134 31 0
135 31 0
136 31 0
137 31 0
149 31 0
150 31 0
151 31 0
163 31 0
164 31 0
177 31 0
178 31 0
4 32 0
5 32 0
6 32 0
8 32 0
21 32 0
22 32 0
23 32 0
24 32 0
27 32 0
51 32 0
64 32 0
78 32 0
79 32 0
92 32 0
93 32 0
107 32 0
108 32 0
120 32 0
121 32 0
122 32 0
134 32 0
135 32 0
136 32 0
149 32 0
150 32 0
151 32 0
163 32 0
164 32 0
176 32 0
177 32 0
178 32 0
5 33 0
6 33 0
7 33 0
8 33 0
21 33 0
22 33 0
23 33 0
24 33 0
27 33 0
38 33 0
50 33 0
51 33 0
64 33 0
78 33 0
79 33 0
92 33 0
106 33 0
107 33 0
108 33 0
120 33 0
121 33 0
122 33 0
134 33 0
135 33 0
136 33 0
149 33 0
150 33 0
151 33 0
163 33 0
164 33 0
176 33 0
177 33 0
178 33 0
6 34 0
7 34 0
14 34 0
15 34 0
16 34 0
21 34 0
22 34 0
23 34 0
24 34 0
27 34 0
38 34 0
64 34 0
77 34 0
78 34 0
92 34 0
105 34 0
106 34 0
107 34 0
120 34 0
121 34 0
122 34 0
134 34 0
135 34 0
136 34 0
149 34 0
150 34 0
162 34 0
163 34 0
164 34 0
176 34 0
177 34 0
178 34 0
6 35 0
15 35 0
16 35 0
17 35 0
20 35 0
21 35 0
23 35 0
24 35 0
38 35 0
50 35 0
64 35 0
77 35 0
78 35 0
90 35 0
91 35 0
92 35 0
105 35 0
106 35 0
107 35 0
121 35 0
122 35 0
135 35 0
136 35 0
148 35 0
149 35 0
150 35 0
163 35 0
164 35 0
176 35 0
177 35 0
178 35 0
2 36 0
4 36 0
5 36 0
7 36 0
8 36 0
16 36 0
21 36 0
22 36 0
23 36 0
24 36 0
38 36 0
48 36 0
63 36 0
64 36 0
76 36 0
77 36 0
78 36 0
91 36 0
92 36 0
105 36 0
106 36 0
107 36 0
121 36 0
122 36 0
134 36 0
135 36 0
136 36 0
148 36 0
149 36 0
150 36 0
162 36 0
163 36 0
164 36 0
176 36 0
177 36 0
178 36 0
1 37 0
4 37 0
16 37 0
25 37 0
26 37 0
36 37 0
38 37 0
49 37 0
50 37 0
62 37 0
63 37 0
64 37 0
76 37 0
77 37 0
78 37 0
91 37 0
92 37 0
105 37 0
106 37 0
107 37 0
120 37 0
121 37 0
135 37 0
136 37 0
148 37 0
149 37 0
150 37 0
162 37 0
163 37 0
164 37 0
176 37 0
177 37 0
178 37 0
1 38 0
6 38 0
10 38 0
24 38 0
25 38 0
26 38 0
27 38 0
36 38 0
38 38 0
50 38 0
62 38 0
63 38 0
64 38 0
77 38 0
78 38 0
90 38 0
91 38 0
92 38 0
106 38 0
107 38 0
120 38 0
121 38 0
135 38 0
136 38 0
148 38 0
149 38 0
150 38 0
162 38 0
163 38 0
164 38 0
176 38 0
177 38 0
178 38 0
6 39 0
10 39 0
14 39 0
26 39 0
27 39 0
36 39 0
38 39 0
63 39 0
64 39 0
76 39 0
77 39 0
78 39 0
91 39 0
92 39 0
107 39 0
120 39 0
121 39 0
122 39 0
134 39 0
135 39 0
148 39 0
149 39 0
150 39 0
162 39 0
163 39 0
164 39 0
176 39 0
177 39 0
178 39 0
6 40 0
10 40 0
26 40 0
36 40 0
38 40 0
48 40 0
62 40 0
63 40 0
64 40 0
76 40 0
77 40 0
78 40 0
91 40 0
92 40 0
105 40 0
106 40 0
107 40 0
120 40 0
121 40 0
133 40 0
134 40 0
135 40 0
136 40 0
137 40 0
138 40 0
146 40 0
147 40 0
148 40 0
149 40 0
150 40 0
162 40 0
163 40 0
164 40 0
176 40 0
177 40 0
178 40 0
1 41 0
2 41 0
4 41 0
5 41 0
7 41 0
8 41 0
10 41 0
11 41 0
36 41 0
37 41 0
38 41 0
48 41 0
49 41 0
50 41 0
62 41 0
63 41 0
64 41 0
76 41 0
77 41 0
78 41 0
90 41 0
91 41 0
92 41 0
106 41 0
119 41 0
120 41 0
121 41 0
125 41 0
126 41 0
127 41 0
128 41 0
129 41 0
130 41 0
131 41 0
132 41 0
133 41 0
134 41 0
135 41 0
136 41 0
137 41 0
145 41 0
146 41 0
147 41 0
148 41 0
149 41 0
150 41 0
161 41 0
162 41 0
163 41 0
176 41 0
177 41 0
4 42 0
10 42 0
26 42 0
37 42 0
38 42 0
48 42 0
49 42 0
51 42 0
52 42 0
62 42 0
63 42 0
64 42 0
76 42 0
77 42 0
78 42 0
90 42 0
91 42 0
92 42 0
106 42 0
118 42 0
119 42 0
120 42 0
121 42 0
122 42 0
123 42 0
124 42 0
125 42 0
126 42 0
127 42 0
128 42 0
129 42 0
130 42 0
131 42 0
132 42 0
133 42 0
134 42 0
135 42 0
136 42 0
148 42 0
149 42 0
150 42 0
151 42 0
152 42 0
153 42 0
160 42 0
161 42 0
162 42 0
163 42 0
164 42 0
165 42 0
174 42 0
175 42 0
176 42 0
177 42 0
178 42 0
1 43 0
10 43 0
37 43 0
47 43 0
48 43 0
51 43 0
52 43 0
53 43 0
62 43 0
63 43 0
77 43 0
78 43 0
90 43 0
91 43 0
92 43 0
105 43 0
106 43 0
111 43 0
112 43 0
114 43 0
115 43 0
116 43 0
117 43 0
118 43 0
119 43 0
120 43 0
121 43 0
122 43 0
123 43 0
133 43 0
134 43 0
135 43 0
136 43 0
148 43 0
149 43 0
150 43 0
159 43 0
160 43 0
161 43 0
162 43 0
163 43 0
164 43 0
174 43 0
175 43 0
176 43 0
177 43 0
178 43 0
179 43 0
2 44 0
8 44 0
9 44 0
10 44 0
15 44 0
37 44 0
46 44 0
47 44 0
48 44 0
49 44 0
50 44 0
51 44 0
52 44 0
59 44 0
60 44 0
61 44 0
62 44 0
63 44 0
76 44 0
77 44 0
78 44 0
88 44 0
89 44 0
90 44 0
91 44 0
92 44 0
93 44 0
94 44 0
97 44 0
98 44 0
103 44 0
104 44 0
105 44 0
108 44 0
111 44 0
112 44 0
113 44 0
114 44 0
115 44 0
116 44 0
117 44 0
120 44 0
121 44 0
122 44 0
135 44 0
147 44 0
148 44 0
149 44 0
162 44 0
163 44 0
175 44 0
176 44 0
177 44 0
178 44 0
2 45 0
4 45 0
8 45 0
9 45 0
10 45 0
35 45 0
46 45 0
49 45 0
50 45 0
63 45 0
64 45 0
69 45 0
76 45 0
77 45 0
78 45 0
80 45 0
86 45 0
87 45 0
88 45 0
89 45 0
90 45 0
91 45 0
92 45 0
93 45 0
94 45 0
95 45 0
96 45 0
97 45 0
98 45 0
101 45 0
102 45 0
103 45 0
104 45 0
105 45 0
106 45 0
107 45 0
108 45 0
119 45 0
120 45 0
121 45 0
135 45 0
148 45 0
149 45 0
162 45 0
163 45 0
176 45 0
177 45 0
5 46 0
7 46 0
8 46 0
9 46 0
10 46 0
37 46 0
49 46 0
50 46 0
62 46 0
63 46 0
73 46 0
74 46 0
75 46 0
76 46 0
80 46 0
81 46 0
82 46 0
83 46 0
84 46 0
85 46 0
86 46 0
87 46 0
88 46 0
91 46 0
103 46 0
104 46 0
105 46 0
106 46 0
107 46 0
120 46 0
121 46 0
134 46 0
135 46 0
147 46 0
148 46 0
149 46 0
161 46 0
162 46 0
163 46 0
176 46 0
177 46 0
9 47 0
35 47 0
49 47 0
61 47 0
62 47 0
63 47 0
76 47 0
77 47 0
78 47 0
85 47 0
86 47 0
90 47 0
91 47 0
104 47 0
105 47 0
106 47 0
107 47 0
119 47 0
120 47 0
121 47 0
133 47 0
134 47 0
135 47 0
147 47 0
148 47 0
149 47 0
161 47 0
162 47 0
163 47 0
175 47 0
176 47 0
177 47 0
5 48 0
14 48 0
49 48 0
63 48 0
76 48 0
89 48 0
90 48 0
91 48 0
104 48 0
105 48 0
106 48 0
119 48 0
120 48 0
121 48 0
133 48 0
134 48 0
135 48 0
147 48 0
148 48 0
149 48 0
161 48 0
162 48 0
163 48 0
175 48 0
176 48 0
177 48 0
5 49 0
11 49 0
12 49 0
13 49 0
14 49 0
16 49 0
22 49 0
24 49 0
25 49 0
90 49 0
91 49 0
105 49 0
106 49 0
120 49 0
121 49 0
133 49 0
134 49 0
135 49 0
147 49 0
148 49 0
149 49 0
161 49 0
162 49 0
163 49 0
175 49 0
176 49 0
177 49 0
11 50 0
15 50 0
16 50 0
21 50 0
22 50 0
24 50 0
25 50 0
28 50 0
29 50 0
31 50 0
34 50 0
35 50 0
36 50 0
39 50 0
40 50 0
90 50 0
91 50 0
103 50 0
104 50 0
105 50 0
106 50 0
119 50 0
120 50 0
121 50 0
134 50 0
135 50 0
147 50 0
148 50 0
149 50 0
161 50 0
162 50 0
163 50 0
174 50 0
175 50 0
176 50 0
177 50 0
15 51 0
89 51 0
90 51 0
91 51 0
105 51 0
118 51 0
119 51 0
120 51 0
134 51 0
147 51 0
148 51 0
149 51 0
161 51 0
162 51 0
163 51 0
174 51 0
176 51 0
177 51 0
15 52 0
90 52 0
91 52 0
103 52 0
105 52 0
118 52 0
119 52 0
120 52 0
133 52 0
134 52 0
147 52 0
148 52 0
149 52 0
161 52 0
162 52 0
175 52 0
176 52 0
15 53 0
25 53 0
26 53 0
37 53 0
89 53 0
90 53 0
91 53 0
105 53 0
118 53 0
119 53 0
120 53 0
133 53 0
134 53 0
147 53 0
148 53 0
149 53 0
161 53 0
162 53 0
175 53 0
176 53 0
25 54 0
89 54 0
90 54 0
93 54 0
118 54 0
119 54 0
120 54 0
133 54 0
134 54 0
147 54 0
148 54 0
156 54 0
157 54 0
160 54 0
161 54 0
162 54 0
174 54 0
175 54 0
176 54 0
25 55 0
103 55 0
104 55 0
107 55 0
111 55 0
118 55 0
119 55 0
120 55 0
131 55 0
132 55 0
133 55 0
134 55 0
137 55 0
146 55 0
148 55 0
155 55 0
156 55 0
157 55 0
158 55 0
159 55 0
160 55 0
161 55 0
162 55 0
163 55 0
174 55 0
176 55 0
185 55 0
4 56 0
25 56 0
34 56 0
35 56 0
37 56 0
91 56 0
115 56 0
116 56 0
117 56 0
118 56 0
119 56 0
122 56 0
123 56 0
128 56 0
129 56 0
130 56 0
131 56 0
132 56 0
133 56 0
134 56 0
135 56 0
136 56 0
137 56 0
138 56 0
145 56 0
146 56 0
147 56 0
148 56 0
149 56 0
150 56 0
156 56 0
158 56 0
159 56 0
160 56 0
162 56 0
163 56 0
174 56 0
175 56 0
176 56 0
184 56 0
185 56 0
25 57 0
36 57 0
37 57 0
91 57 0
105 57 0
124 57 0
132 57 0
133 57 0
134 57 0
144 57 0
145 57 0
146 57 0
147 57 0
148 57 0
149 57 0
156 57 0
158 57 0
159 57 0
160 57 0
162 57 0
163 57 0
172 57 0
173 57 0
174 57 0
175 57 0
178 57 0
184 57 0
4 58 0
25 58 0
36 58 0
37 58 0
91 58 0
116 58 0
117 58 0
120 58 0
146 58 0
147 58 0
148 58 0
149 58 0
157 58 0
158 58 0
159 58 0
161 58 0
162 58 0
167 58 0
168 58 0
169 58 0
170 58 0
171 58 0
173 58 0
174 58 0
175 58 0
176 58 0
177 58 0
36 59 0
88 59 0
89 59 0
91 59 0
110 59 0
111 59 0
112 59 0
119 59 0
120 59 0
121 59 0
147 59 0
148 59 0
156 59 0
160 59 0
161 59 0
162 59 0
167 59 0
168 59 0
174 59 0
175 59 0
176 59 0
177 59 0
185 59 0
187 59 0
3 60 0
36 60 0
88 60 0
89 60 0
91 60 0
102 60 0
103 60 0
106 60 0
107 60 0
109 60 0
110 60 0
111 60 0
119 60 0
120 60 0
133 60 0
147 60 0
160 60 0
161 60 0
174 60 0
175 60 0
176 60 0
185 60 0
3 61 0
4 61 0
5 61 0
6 61 0
36 61 0
87 61 0
88 61 0
89 61 0
90 61 0
91 61 0
100 61 0
101 61 0
102 61 0
103 61 0
104 61 0
105 61 0
106 61 0
117 61 0
119 61 0
120 61 0
133 61 0
147 61 0
161 61 0
172 61 0
173 61 0
174 61 0
175 61 0
184 61 0
4 62 0
5 62 0
36 62 0
90 62 0
91 62 0
99 62 0
100 62 0
101 62 0
104 62 0
105 62 0
119 62 0
133 62 0
147 62 0
161 62 0
182 62 0
184 62 0
4 63 0
90 63 0
91 63 0
98 63 0
99 63 0
100 63 0
101 63 0
102 63 0
104 63 0
147 63 0
161 63 0
175 63 0
14 64 0
88 64 0
89 64 0
90 64 0
102 64 0
103 64 0
104 64 0
119 64 0
145 64 0
146 64 0
147 64 0
161 64 0
175 64 0
4 65 0
14 65 0
36 65 0
90 65 0
102 65 0
103 65 0
104 65 0
119 65 0
133 65 0
145 65 0
146 65 0
147 65 0
159 65 0
160 65 0
161 65 0
173 65 0
175 65 0
4 66 0
14 66 0
102 66 0
103 66 0
104 66 0
117 66 0
119 66 0
131 66 0
132 66 0
133 66 0
145 66 0
146 66 0
147 66 0
159 66 0
160 66 0
161 66 0
171 66 0
173 66 0
175 66 0
23 67 0
36 67 0
102 67 0
103 67 0
104 67 0
118 67 0
119 67 0
120 67 0
131 67 0
132 67 0
133 67 0
145 67 0
146 67 0
147 67 0
159 67 0
160 67 0
161 67 0
174 67 0
175 67 0
14 68 0
22 68 0
24 68 0
25 68 0
36 68 0
88 68 0
90 68 0
102 68 0
103 68 0
104 68 0
118 68 0
119 68 0
131 68 0
132 68 0
133 68 0
145 68 0
146 68 0
147 68 0
159 68 0
160 68 0
161 68 0
173 68 0
174 68 0
175 68 0
24 69 0
25 69 0
76 69 0
88 69 0
90 69 0
91 69 0
102 69 0
103 69 0
104 69 0
117 69 0
119 69 0
132 69 0
133 69 0
145 69 0
146 69 0
147 69 0
159 69 0
160 69 0
161 69 0
173 69 0
174 69 0
175 69 0
14 70 0
35 70 0
76 70 0
90 70 0
102 70 0
103 70 0
104 70 0
119 70 0
131 70 0
145 70 0
146 70 0
147 70 0
159 70 0
160 70 0
173 70 0
174 70 0
175 70 0
34 71 0
74 71 0
75 71 0
76 71 0
88 71 0
89 71 0
90 71 0
102 71 0
103 71 0
104 71 0
118 71 0
119 71 0
130 71 0
131 71 0
133 71 0
134 71 0
143 71 0
144 71 0
145 71 0
146 71 0
147 71 0
158 71 0
159 71 0
160 71 0
161 71 0
162 71 0
163 71 0
164 71 0
173 71 0
174 71 0
175 71 0
186 71 0
36 72 0
88 72 0
89 72 0
90 72 0
102 72 0
103 72 0
104 72 0
117 72 0
118 72 0
119 72 0
129 72 0
130 72 0
131 72 0
132 72 0
133 72 0
141 72 0
142 72 0
143 72 0
144 72 0
145 72 0
146 72 0
147 72 0
148 72 0
152 72 0
154 72 0
155 72 0
156 72 0
157 72 0
158 72 0
159 72 0
160 72 0
161 72 0
162 72 0
171 72 0
172 72 0
173 72 0
174 72 0
175 72 0
176 72 0
177 72 0
186 72 0
36 73 0
90 73 0
102 73 0
103 73 0
104 73 0
115 73 0
116 73 0
117 73 0
118 73 0
119 73 0
121 73 0
122 73 0
124 73 0
125 73 0
127 73 0
129 73 0
130 73 0
131 73 0
132 73 0
133 73 0
144 73 0
145 73 0
146 73 0
147 73 0
155 73 0
156 73 0
159 73 0
160 73 0
161 73 0
171 73 0
172 73 0
173 73 0
174 73 0
175 73 0
176 73 0
186 73 0
36 74 0
74 74 0
75 74 0
76 74 0
88 74 0
89 74 0
90 74 0
103 74 0
104 74 0
114 74 0
115 74 0
116 74 0
117 74 0
118 74 0
119 74 0
121 74 0
122 74 0
123 74 0
124 74 0
125 74 0
127 74 0
130 74 0
131 74 0
132 74 0
133 74 0
144 74 0
145 74 0
146 74 0
159 74 0
160 74 0
161 74 0
173 74 0
174 74 0
175 74 0
183 74 0
3 75 0
59 75 0
60 75 0
61 75 0
75 75 0
76 75 0
86 75 0
87 75 0
88 75 0
89 75 0
91 75 0
92 75 0
101 75 0
102 75 0
107 75 0
108 75 0
109 75 0
110 75 0
113 75 0
114 75 0
115 75 0
118 75 0
119 75 0
120 75 0
130 75 0
131 75 0
132 75 0
144 75 0
145 75 0
146 75 0
158 75 0
159 75 0
160 75 0
172 75 0
173 75 0
174 75 0
186 75 0
187 75 0
4 76 0
5 76 0
59 76 0
60 76 0
61 76 0
62 76 0
74 76 0
79 76 0
80 76 0
81 76 0
82 76 0
84 76 0
85 76 0
86 76 0
87 76 0
88 76 0
89 76 0
90 76 0
91 76 0
92 76 0
93 76 0
94 76 0
100 76 0
101 76 0
102 76 0
103 76 0
104 76 0
105 76 0
108 76 0
109 76 0
110 76 0
117 76 0
118 76 0
119 76 0
130 76 0
131 76 0
132 76 0
144 76 0
145 76 0
146 76 0
158 76 0
159 76 0
160 76 0
172 76 0
173 76 0
174 76 0
186 76 0
187 76 0
4 77 0
14 77 0
61 77 0
62 77 0
73 77 0
74 77 0
75 77 0
78 77 0
79 77 0
80 77 0
86 77 0
87 77 0
89 77 0
90 77 0
99 77 0
101 77 0
102 77 0
103 77 0
104 77 0
105 77 0
118 77 0
119 77 0
130 77 0
131 77 0
132 77 0
145 77 0
146 77 0
158 77 0
159 77 0
160 77 0
172 77 0
173 77 0
174 77 0
185 77 0
186 77 0
13 78 0
61 78 0
72 78 0
73 78 0
74 78 0
75 78 0
76 78 0
77 78 0
89 78 0
90 78 0
103 78 0
104 78 0
117 78 0
118 78 0
130 78 0
131 78 0
132 78 0
144 78 0
145 78 0
146 78 0
158 78 0
159 78 0
160 78 0
172 78 0
173 78 0
174 78 0
185 78 0
186 78 0
13 79 0
61 79 0
75 79 0
76 79 0
89 79 0
103 79 0
118 79 0
130 79 0
131 79 0
132 79 0
144 79 0
145 79 0
146 79 0
158 79 0
159 79 0
160 79 0
172 79 0
173 79 0
185 79 0
14 80 0
15 80 0
61 80 0
73 80 0
76 80 0
89 80 0
101 80 0
103 80 0
118 80 0
130 80 0
131 80 0
132 80 0
144 80 0
145 80 0
146 80 0
158 80 0
159 80 0
172 80 0
173 80 0
185 80 0
14 81 0
23 81 0
75 81 0
88 81 0
89 81 0
101 81 0
103 81 0
118 81 0
130 81 0
131 81 0
132 81 0
144 81 0
145 81 0
146 81 0
158 81 0
159 81 0
160 81 0
172 81 0
173 81 0
185 81 0
186 81 0
22 82 0
23 82 0
75 82 0
89 82 0
101 82 0
103 82 0
116 82 0
117 82 0
118 82 0
130 82 0
131 82 0
132 82 0
144 82 0
145 82 0
157 82 0
158 82 0
159 82 0
160 82 0
172 82 0
173 82 0
185 82 0
24 83 0
25 83 0
75 83 0
89 83 0
103 83 0
116 83 0
117 83 0
118 83 0
130 83 0
131 83 0
143 83 0
145 83 0
158 83 0
159 83 0
160 83 0
171 83 0
172 83 0
173 83 0
185 83 0
186 83 0
73 84 0
89 84 0
90 84 0
101 84 0
103 84 0
115 84 0
117 84 0
118 84 0
131 84 0
132 84 0
143 84 0
144 84 0
145 84 0
158 84 0
159 84 0
171 84 0
172 84 0
173 84 0
184 84 0
186 84 0
35 85 0
61 85 0
75 85 0
87 85 0
88 85 0
89 85 0
90 85 0
103 85 0
116 85 0
117 85 0
130 85 0
131 85 0
143 85 0
144 85 0
145 85 0
158 85 0
159 85 0
171 85 0
172 85 0
173 85 0
184 85 0
186 85 0
33 86 0
34 86 0
35 86 0
61 86 0
75 86 0
88 86 0
89 86 0
101 86 0
103 86 0
115 86 0
117 86 0
128 86 0
129 86 0
130 86 0
131 86 0
135 86 0
141 86 0
142 86 0
143 86 0
144 86 0
146 86 0
148 86 0
149 86 0
151 86 0
152 86 0
153 86 0
155 86 0
156 86 0
157 86 0
158 86 0
159 86 0
171 86 0
172 86 0
173 86 0
174 86 0
34 87 0
35 87 0
36 87 0
37 87 0
59 87 0
61 87 0
73 87 0
75 87 0
89 87 0
101 87 0
103 87 0
115 87 0
117 87 0
124 87 0
127 87 0
128 87 0
129 87 0
130 87 0
131 87 0
132 87 0
133 87 0
134 87 0
139 87 0
140 87 0
141 87 0
142 87 0
143 87 0
144 87 0
145 87 0
146 87 0
151 87 0
157 87 0
158 87 0
159 87 0
160 87 0
163 87 0
164 87 0
167 87 0
168 87 0
169 87 0
170 87 0
171 87 0
172 87 0
173 87 0
174 87 0
175 87 0
184 87 0
185 87 0
36 88 0
59 88 0
61 88 0
75 88 0
89 88 0
101 88 0
102 88 0
103 88 0
115 88 0
120 88 0
124 88 0
126 88 0
127 88 0
128 88 0
129 88 0
131 88 0
132 88 0
142 88 0
144 88 0
145 88 0
157 88 0
158 88 0
159 88 0
165 88 0
166 88 0
167 88 0
168 88 0
169 88 0
170 88 0
171 88 0
172 88 0
173 88 0
174 88 0
183 88 0
184 88 0
185 88 0
2 89 0
3 89 0
6 89 0
36 89 0
44 89 0
46 89 0
49 89 0
61 89 0
88 89 0
101 89 0
102 89 0
103 89 0
115 89 0
119 89 0
120 89 0
121 89 0
125 89 0
129 89 0
131 89 0
142 89 0
143 89 0
144 89 0
145 89 0
157 89 0
158 89 0
159 89 0
171 89 0
172 89 0
173 89 0
183 89 0
184 89 0
185 89 0
186 89 0
2 90 0
3 90 0
4 90 0
5 90 0
36 90 0
45 90 0
46 90 0
47 90 0
48 90 0
49 90 0
51 90 0
59 90 0
75 90 0
87 90 0
88 90 0
101 90 0
102 90 0
113 90 0
114 90 0
115 90 0
116 90 0
117 90 0
118 90 0
129 90 0
130 90 0
131 90 0
142 90 0
143 90 0
144 90 0
157 90 0
158 90 0
170 90 0
171 90 0
172 90 0
173 90 0
185 90 0
4 91 0
5 91 0
36 91 0
47 91 0
48 91 0
58 91 0
59 91 0
60 91 0
85 91 0
86 91 0
87 91 0
88 91 0
89 91 0
90 91 0
91 91 0
99 91 0
100 91 0
101 91 0
102 91 0
107 91 0
111 91 0
113 91 0
114 91 0
115 91 0
116 91 0
117 91 0
118 91 0
129 91 0
130 91 0
131 91 0
142 91 0
143 91 0
144 91 0
156 91 0
157 91 0
158 91 0
170 91 0
171 91 0
172 91 0
183 91 0
185 91 0
14 92 0
15 92 0
36 92 0
47 92 0
58 92 0
59 92 0
60 92 0
61 92 0
62 92 0
71 92 0
72 92 0
73 92 0
79 92 0
80 92 0
84 92 0
85 92 0
86 92 0
87 92 0
89 92 0
90 92 0
99 92 0
100 92 0
101 92 0
102 92 0
103 92 0
104 92 0
106 92 0
107 92 0
108 92 0
110 92 0
111 92 0
113 92 0
115 92 0
116 92 0
117 92 0
130 92 0
131 92 0
142 92 0
143 92 0
144 92 0
156 92 0
157 92 0
158 92 0
170 92 0
171 92 0
172 92 0
183 92 0
15 93 0
47 93 0
61 93 0
71 93 0
72 93 0
73 93 0
76 93 0
78 93 0
79 93 0
80 93 0
81 93 0
83 93 0
86 93 0
87 93 0
89 93 0
90 93 0
101 93 0
102 93 0
103 93 0
115 93 0
116 93 0
117 93 0
129 93 0
131 93 0
142 93 0
143 93 0
144 93 0
156 93 0
157 93 0
158 93 0
170 93 0
171 93 0
172 93 0
183 93 0
184 93 0
185 93 0
15 94 0
61 94 0
74 94 0
75 94 0
76 94 0
87 94 0
88 94 0
89 94 0
101 94 0
102 94 0
103 94 0
115 94 0
116 94 0
117 94 0
129 94 0
131 94 0
144 94 0
156 94 0
157 94 0
158 94 0
170 94 0
171 94 0
172 94 0
183 94 0
184 94 0
185 94 0
15 95 0
73 95 0
75 95 0
88 95 0
89 95 0
101 95 0
102 95 0
103 95 0
115 95 0
116 95 0
117 95 0
129 95 0
130 95 0
131 95 0
142 95 0
143 95 0
144 95 0
156 95 0
157 95 0
158 95 0
170 95 0
171 95 0
172 95 0
183 95 0
184 95 0
15 96 0
21 96 0
23 96 0
24 96 0
60 96 0
74 96 0
75 96 0
86 96 0
88 96 0
102 96 0
116 96 0
129 96 0
130 96 0
131 96 0
142 96 0
143 96 0
144 96 0
156 96 0
157 96 0
158 96 0
170 96 0
171 96 0
172 96 0
183 96 0
184 96 0
22 97 0
23 97 0
25 97 0
74 97 0
75 97 0
88 97 0
100 97 0
102 97 0
115 97 0
116 97 0
128 97 0
130 97 0
143 97 0
144 97 0
156 97 0
157 97 0
158 97 0
170 97 0
171 97 0
182 97 0
183 97 0
184 97 0
24 98 0
25 98 0
74 98 0
87 98 0
88 98 0
100 98 0
102 98 0
116 98 0
117 98 0
128 98 0
130 98 0
143 98 0
156 98 0
157 98 0
158 98 0
170 98 0
171 98 0
183 98 0
184 98 0
24 99 0
25 99 0
35 99 0
73 99 0
75 99 0
85 99 0
87 99 0
88 99 0
100 99 0
101 99 0
102 99 0
115 99 0
116 99 0
129 99 0
130 99 0
143 99 0
156 99 0
157 99 0
170 99 0
171 99 0
183 99 0
184 99 0
34 100 0
35 100 0
36 100 0
61 100 0
73 100 0
74 100 0
75 100 0
88 100 0
100 100 0
101 100 0
102 100 0
115 100 0
116 100 0
128 100 0
129 100 0
130 100 0
131 100 0
132 100 0
133 100 0
134 100 0
135 100 0
138 100 0
139 100 0
141 100 0
142 100 0
143 100 0
144 100 0
146 100 0
147 100 0
148 100 0
154 100 0
155 100 0
156 100 0
157 100 0
169 100 0
170 100 0
171 100 0
182 100 0
183 100 0
184 100 0
36 101 0
73 101 0
74 101 0
75 101 0
87 101 0
88 101 0
89 101 0
102 101 0
115 101 0
116 101 0
127 101 0
128 101 0
131 101 0
132 101 0
133 101 0
134 101 0
135 101 0
140 101 0
141 101 0
142 101 0
143 101 0
144 101 0
145 101 0
146 101 0
153 101 0
154 101 0
155 101 0
156 101 0
157 101 0
158 101 0
168 101 0
169 101 0
170 101 0
171 101 0
182 101 0
183 101 0
184 101 0
3 102 0
36 102 0
61 102 0
73 102 0
74 102 0
87 102 0
88 102 0
89 102 0
100 102 0
102 102 0
115 102 0
116 102 0
117 102 0
126 102 0
127 102 0
128 102 0
129 102 0
130 102 0
131 102 0
141 102 0
142 102 0
143 102 0
144 102 0
155 102 0
156 102 0
157 102 0
158 102 0
166 102 0
167 102 0
168 102 0
169 102 0
170 102 0
171 102 0
182 102 0
2 103 0
3 103 0
4 103 0
36 103 0
46 103 0
47 103 0
88 103 0
100 103 0
101 103 0
102 103 0
115 103 0
116 103 0
117 103 0
122 103 0
123 103 0
124 103 0
126 103 0
127 103 0
128 103 0
129 103 0
130 103 0
131 103 0
141 103 0
143 103 0
155 103 0
156 103 0
157 103 0
169 103 0
170 103 0
171 103 0
180 103 0
181 103 0
182 103 0
183 103 0
184 103 0
4 104 0
5 104 0
46 104 0
47 104 0
48 104 0
49 104 0
61 104 0
88 104 0
100 104 0
101 104 0
102 104 0
104 104 0
106 104 0
109 104 0
112 104 0
113 104 0
114 104 0
115 104 0
116 104 0
118 104 0
119 104 0
120 104 0
122 104 0
123 104 0
124 104 0
128 104 0
129 104 0
130 104 0
140 104 0
141 104 0
143 104 0
154 104 0
155 104 0
156 104 0
169 104 0
170 104 0
180 104 0
181 104 0
183 104 0
184 104 0
5 105 0
45 105 0
46 105 0
48 105 0
49 105 0
59 105 0
73 105 0
85 105 0
86 105 0
87 105 0
88 105 0
100 105 0
101 105 0
104 105 0
105 105 0
106 105 0
107 105 0
108 105 0
112 105 0
113 105 0
114 105 0
115 105 0
116 105 0
117 105 0
118 105 0
119 105 0
120 105 0
121 105 0
122 105 0
128 105 0
129 105 0
130 105 0
140 105 0
141 105 0
143 105 0
154 105 0
155 105 0
156 105 0
168 105 0
169 105 0
170 105 0
181 105 0
182 105 0
183 105 0
13 106 0
14 106 0
47 106 0
48 106 0
57 106 0
58 106 0
59 106 0
78 106 0
84 106 0
85 106 0
86 106 0
87 106 0
88 106 0
100 106 0
101 106 0
103 106 0
104 106 0
115 106 0
116 106 0
117 106 0
118 106 0
127 106 0
128 106 0
129 106 0
130 106 0
141 106 0
142 106 0
143 106 0
154 106 0
156 106 0
168 106 0
169 106 0
170 106 0
181 106 0
182 106 0
183 106 0
16 107 0
48 107 0
59 107 0
60 107 0
61 107 0
63 107 0
66 107 0
73 107 0
85 107 0
86 107 0
87 107 0
88 107 0
89 107 0
99 107 0
100 107 0
101 107 0
102 107 0
103 107 0
115 107 0
116 107 0
127 107 0
128 107 0
129 107 0
130 107 0
141 107 0
142 107 0
143 107 0
155 107 0
156 107 0
168 107 0
169 107 0
182 107 0
16 108 0
60 108 0
61 108 0
62 108 0
72 108 0
73 108 0
74 108 0
75 108 0
88 108 0
89 108 0
95 108 0
96 108 0
97 108 0
98 108 0
99 108 0
100 108 0
101 108 0
102 108 0
103 108 0
114 108 0
115 108 0
116 108 0
127 108 0
128 108 0
129 108 0
130 108 0
141 108 0
142 108 0
143 108 0
154 108 0
155 108 0
156 108 0
168 108 0
169 108 0
181 108 0
182 108 0
24 109 0
47 109 0
70 109 0
72 109 0
73 109 0
74 109 0
75 109 0
88 109 0
97 109 0
102 109 0
103 109 0
115 109 0
116 109 0
128 109 0
129 109 0
130 109 0
141 109 0
142 109 0
143 109 0
154 109 0
155 109 0
156 109 0
167 109 0
168 109 0
169 109 0
180 109 0
181 109 0
182 109 0
24 110 0
73 110 0
74 110 0
75 110 0
100 110 0
102 110 0
113 110 0
114 110 0
115 110 0
128 110 0
129 110 0
142 110 0
154 110 0
155 110 0
156 110 0
167 110 0
168 110 0
169 110 0
181 110 0
182 110 0
26 111 0
27 111 0
28 111 0
74 111 0
86 111 0
88 111 0
100 111 0
102 111 0
113 111 0
114 111 0
115 111 0
116 111 0
128 111 0
129 111 0
142 111 0
154 111 0
155 111 0
156 111 0
167 111 0
168 111 0
169 111 0
180 111 0
181 111 0
182 111 0
61 112 0
86 112 0
88 112 0
100 112 0
101 112 0
102 112 0
114 112 0
115 112 0
116 112 0
127 112 0
128 112 0
129 112 0
140 112 0
141 112 0
142 112 0
154 112 0
155 112 0
167 112 0
168 112 0
169 112 0
180 112 0
181 112 0
182 112 0
61 113 0
74 113 0
87 113 0
88 113 0
101 113 0
102 113 0
114 113 0
115 113 0
127 113 0
128 113 0
129 113 0
140 113 0
141 113 0
142 113 0
153 113 0
154 113 0
155 113 0
167 113 0
168 113 0
169 113 0
180 113 0
181 113 0
36 114 0
86 114 0
87 114 0
88 114 0
101 114 0
102 114 0
114 114 0
115 114 0
127 114 0
129 114 0
140 114 0
141 114 0
142 114 0
143 114 0
144 114 0
145 114 0
150 114 0
151 114 0
152 114 0
153 114 0
154 114 0
155 114 0
167 114 0
168 114 0
169 114 0
180 114 0
181 114 0
36 115 0
37 115 0
38 115 0
74 115 0
86 115 0
88 115 0
100 115 0
101 115 0
102 115 0
114 115 0
115 115 0
116 115 0
127 115 0
129 115 0
130 115 0
138 115 0
139 115 0
140 115 0
141 115 0
142 115 0
143 115 0
151 115 0
152 115 0
153 115 0
154 115 0
155 115 0
156 115 0
167 115 0
168 115 0
180 115 0
181 115 0
4 116 0
5 116 0
37 116 0
38 116 0
86 116 0
88 116 0
101 116 0
114 116 0
115 116 0
116 116 0
119 116 0
121 116 0
126 116 0
127 116 0
128 116 0
129 116 0
130 116 0
131 116 0
132 116 0
133 116 0
134 116 0
135 116 0
136 116 0
138 116 0
139 116 0
141 116 0
142 116 0
153 116 0
154 116 0
155 116 0
156 116 0
165 116 0
166 116 0
167 116 0
168 116 0
169 116 0
178 116 0
179 116 0
180 116 0
181 116 0
182 116 0
183 116 0
184 116 0
4 117 0
6 117 0
59 117 0
61 117 0
73 117 0
74 117 0
75 117 0
87 117 0
88 117 0
101 117 0
102 117 0
114 117 0
115 117 0
118 117 0
119 117 0
125 117 0
126 117 0
127 117 0
128 117 0
129 117 0
130 117 0
133 117 0
134 117 0
139 117 0
140 117 0
141 117 0
142 117 0
153 117 0
154 117 0
155 117 0
166 117 0
167 117 0
168 117 0
169 117 0
178 117 0
179 117 0
180 117 0
181 117 0
182 117 0
6 118 0
46 118 0
47 118 0
61 118 0
74 118 0
87 118 0
100 118 0
101 118 0
102 118 0
114 118 0
118 118 0
119 118 0
120 118 0
127 118 0
128 118 0
129 118 0
139 118 0
140 118 0
141 118 0
153 118 0
154 118 0
168 118 0
169 118 0
179 118 0
180 118 0
181 118 0
14 119 0
15 119 0
16 119 0
46 119 0
47 119 0
48 119 0
61 119 0
86 119 0
87 119 0
100 119 0
101 119 0
102 119 0
113 119 0
114 119 0
118 119 0
119 119 0
127 119 0
128 119 0
129 119 0
139 119 0
140 119 0
141 119 0
153 119 0
154 119 0
166 119 0
168 119 0
179 119 0
180 119 0
181 119 0
15 120 0
16 120 0
48 120 0
49 120 0
59 120 0
60 120 0
85 120 0
86 120 0
87 120 0
89 120 0
100 120 0
101 120 0
102 120 0
111 120 0
113 120 0
114 120 0
115 120 0
116 120 0
117 120 0
127 120 0
128 120 0
129 120 0
139 120 0
140 120 0
141 120 0
152 120 0
153 120 0
154 120 0
166 120 0
167 120 0
168 120 0
179 120 0
181 120 0
48 121 0
59 121 0
60 121 0
73 121 0
81 121 0
83 121 0
84 121 0
85 121 0
86 121 0
87 121 0
88 121 0
89 121 0
98 121 0
99 121 0
100 121 0
101 121 0
108 121 0
111 121 0
112 121 0
113 121 0
114 121 0
115 121 0
116 121 0
126 121 0
127 121 0
128 121 0
139 121 0
140 121 0
141 121 0
152 121 0
153 121 0
154 121 0
167 121 0
168 121 0
179 121 0
180 121 0
181 121 0
59 122 0
61 122 0
62 122 0
64 122 0
72 122 0
73 122 0
79 122 0
80 122 0
86 122 0
87 122 0
88 122 0
100 122 0
101 122 0
102 122 0
104 122 0
105 122 0
106 122 0
110 122 0
115 122 0
116 122 0
127 122 0
128 122 0
139 122 0
140 122 0
141 122 0
152 122 0
153 122 0
154 122 0
167 122 0
179 122 0
180 122 0
25 123 0
26 123 0
48 123 0
61 123 0
62 123 0
71 123 0
72 123 0
74 123 0
75 123 0
86 123 0
87 123 0
88 123 0
101 123 0
102 123 0
113 123 0
115 123 0
127 123 0
128 123 0
139 123 0
141 123 0
152 123 0
153 123 0
154 123 0
167 123 0
178 123 0
180 123 0
25 124 0
26 124 0
27 124 0
28 124 0
61 124 0
74 124 0
75 124 0
86 124 0
87 124 0
99 124 0
101 124 0
102 124 0
113 124 0
114 124 0
115 124 0
127 124 0
128 124 0
139 124 0
140 124 0
141 124 0
152 124 0
153 124 0
154 124 0
166 124 0
167 124 0
179 124 0
180 124 0
27 125 0
28 125 0
61 125 0
75 125 0
86 125 0
87 125 0
100 125 0
101 125 0
113 125 0
114 125 0
115 125 0
127 125 0
128 125 0
139 125 0
140 125 0
141 125 0
152 125 0
153 125 0
166 125 0
167 125 0
179 125 0
180 125 0
27 126 0
61 126 0
87 126 0
100 126 0
101 126 0
113 126 0
114 126 0
115 126 0
128 126 0
139 126 0
140 126 0
151 126 0
152 126 0
153 126 0
166 126 0
167 126 0
178 126 0
179 126 0
180 126 0
36 127 0
37 127 0
87 127 0
100 127 0
101 127 0
102 127 0
113 127 0
114 127 0
115 127 0
126 127 0
127 127 0
128 127 0
132 127 0
137 127 0
138 127 0
139 127 0
140 127 0
143 127 0
144 127 0
151 127 0
152 127 0
153 127 0
166 127 0
167 127 0
179 127 0
180 127 0
6 128 0
38 128 0
74 128 0
75 128 0
100 128 0
101 128 0
113 128 0
115 128 0
126 128 0
127 128 0
128 128 0
130 128 0
131 128 0
132 128 0
137 128 0
138 128 0
139 128 0
140 128 0
141 128 0
143 128 0
146 128 0
151 128 0
152 128 0
153 128 0
165 128 0
166 128 0
167 128 0
180 128 0
5 129 0
6 129 0
7 129 0
38 129 0
73 129 0
75 129 0
87 129 0
100 129 0
101 129 0
115 129 0
126 129 0
127 129 0
128 129 0
130 129 0
131 129 0
132 129 0
133 129 0
138 129 0
139 129 0
140 129 0
151 129 0
152 129 0
153 129 0
154 129 0
162 129 0
163 129 0
164 129 0
165 129 0
166 129 0
167 129 0
177 129 0
178 129 0
179 129 0
7 130 0
73 130 0
75 130 0
87 130 0
88 130 0
115 130 0
124 130 0
125 130 0
126 130 0
127 130 0
128 130 0
129 130 0
130 130 0
138 130 0
139 130 0
140 130 0
151 130 0
152 130 0
153 130 0
154 130 0
162 130 0
165 130 0
166 130 0
167 130 0
176 130 0
177 130 0
178 130 0
179 130 0
180 130 0
47 131 0
61 131 0
62 131 0
75 131 0
86 131 0
87 131 0
99 131 0
100 131 0
101 131 0
123 131 0
124 131 0
125 131 0
126 131 0
127 131 0
128 131 0
129 131 0
137 131 0
138 131 0
139 131 0
140 131 0
152 131 0
153 131 0
165 131 0
166 131 0
167 131 0
178 131 0
179 131 0
180 131 0
15 132 0
16 132 0
17 132 0
47 132 0
51 132 0
61 132 0
75 132 0
86 132 0
87 132 0
98 132 0
100 132 0
101 132 0
113 132 0
118 132 0
119 132 0
120 132 0
121 132 0
123 132 0
124 132 0
127 132 0
128 132 0
138 132 0
139 132 0
152 132 0
164 132 0
165 132 0
166 132 0
167 132 0
179 132 0
16 133 0
17 133 0
18 133 0
19 133 0
46 133 0
47 133 0
49 133 0
61 133 0
73 133 0
85 133 0
86 133 0
87 133 0
99 133 0
100 133 0
101 133 0
112 133 0
113 133 0
114 133 0
115 133 0
117 133 0
118 133 0
119 133 0
126 133 0
127 133 0
128 133 0
137 133 0
138 133 0
139 133 0
140 133 0
151 133 0
152 133 0
164 133 0
165 133 0
166 133 0
177 133 0
178 133 0
179 133 0
18 134 0
49 134 0
59 134 0
60 134 0
76 134 0
80 134 0
83 134 0
84 134 0
85 134 0
86 134 0
87 134 0
90 134 0
92 134 0
98 134 0
99 134 0
100 134 0
101 134 0
102 134 0
103 134 0
111 134 0
112 134 0
113 134 0
114 134 0
115 134 0
116 134 0
127 134 0
128 134 0
139 134 0
151 134 0
152 134 0
153 134 0
164 134 0
165 134 0
166 134 0
177 134 0
178 134 0
27 135 0
49 135 0
59 135 0
60 135 0
61 135 0
62 135 0
73 135 0
74 135 0
82 135 0
87 135 0
88 135 0
92 135 0
97 135 0
98 135 0
99 135 0
100 135 0
101 135 0
102 135 0
103 135 0
110 135 0
112 135 0
113 135 0
114 135 0
115 135 0
127 135 0
139 135 0
151 135 0
152 135 0
164 135 0
165 135 0
166 135 0
177 135 0
178 135 0
4 136 0
5 136 0
6 136 0
7 136 0
27 136 0
28 136 0
61 136 0
62 136 0
72 136 0
73 136 0
74 136 0
75 136 0
76 136 0
77 136 0
87 136 0
97 136 0
99 136 0
100 136 0
101 136 0
102 136 0
113 136 0
114 136 0
115 136 0
127 136 0
137 136 0
138 136 0
139 136 0
150 136 0
152 136 0
164 136 0
165 136 0
166 136 0
176 136 0
177 136 0
178 136 0
3 137 0
4 137 0
5 137 0
6 137 0
7 137 0
8 137 0
9 137 0
10 137 0
11 137 0
29 137 0
30 137 0
62 137 0
75 137 0
76 137 0
87 137 0
99 137 0
100 137 0
101 137 0
127 137 0
138 137 0
139 137 0
150 137 0
152 137 0
164 137 0
165 137 0
177 137 0
178 137 0
10 138 0
11 138 0
12 138 0
13 138 0
14 138 0
15 138 0
16 138 0
17 138 0
18 138 0
29 138 0
75 138 0
87 138 0
99 138 0
100 138 0
101 138 0
115 138 0
126 138 0
127 138 0
137 138 0
138 138 0
139 138 0
150 138 0
152 138 0
164 138 0
165 138 0
177 138 0
178 138 0
16 139 0
17 139 0
18 139 0
19 139 0
20 139 0
21 139 0
22 139 0
23 139 0
24 139 0
25 139 0
27 139 0
87 139 0
99 139 0
100 139 0
114 139 0
115 139 0
127 139 0
137 139 0
138 139 0
139 139 0
150 139 0
151 139 0
152 139 0
164 139 0
165 139 0
176 139 0
177 139 0
178 139 0
22 140 0
23 140 0
24 140 0
25 140 0
26 140 0
27 140 0
28 140 0
29 140 0
30 140 0
31 140 0
32 140 0
37 140 0
75 140 0
86 140 0
99 140 0
100 140 0
113 140 0
114 140 0
115 140 0
126 140 0
127 140 0
135 140 0
137 140 0
138 140 0
139 140 0
147 140 0
148 140 0
149 140 0
150 140 0
151 140 0
152 140 0
175 140 0
176 140 0
177 140 0
178 140 0
31 141 0
32 141 0
33 141 0
34 141 0
35 141 0
36 141 0
37 141 0
38 141 0
39 141 0
40 141 0
75 141 0
87 141 0
99 141 0
100 141 0
101 141 0
113 141 0
114 141 0
115 141 0
125 141 0
127 141 0
132 141 0
133 141 0
134 141 0
135 141 0
136 141 0
137 141 0
138 141 0
139 141 0
149 141 0
150 141 0
151 141 0
152 141 0
162 141 0
163 141 0
164 141 0
168 141 0
169 141 0
175 141 0
176 141 0
177 141 0
37 142 0
38 142 0
42 142 0
43 142 0
44 142 0
45 142 0
46 142 0
47 142 0
48 142 0
49 142 0
75 142 0
86 142 0
87 142 0
100 142 0
101 142 0
113 142 0
114 142 0
115 142 0
124 142 0
125 142 0
131 142 0
138 142 0
139 142 0
150 142 0
151 142 0
152 142 0
159 142 0
160 142 0
161 142 0
162 142 0
163 142 0
164 142 0
165 142 0
175 142 0
176 142 0
177 142 0
46 143 0
47 143 0
48 143 0
50 143 0
51 143 0
52 143 0
53 143 0
54 143 0
55 143 0
56 143 0
58 143 0
59 143 0
61 143 0
75 143 0
87 143 0
113 143 0
114 143 0
115 143 0
124 143 0
125 143 0
126 143 0
127 143 0
128 143 0
129 143 0
136 143 0
138 143 0
149 143 0
150 143 0
151 143 0
159 143 0
163 143 0
164 143 0
165 143 0
175 143 0
176 143 0
177 143 0
182 143 0
183 143 0
184 143 0
4 144 0
54 144 0
55 144 0
56 144 0
57 144 0
58 144 0
59 144 0
60 144 0
61 144 0
63 144 0
64 144 0
65 144 0
66 144 0
67 144 0
68 144 0
69 144 0
73 144 0
74 144 0
75 144 0
86 144 0
87 144 0
99 144 0
101 144 0
113 144 0
114 144 0
115 144 0
120 144 0
122 144 0
123 144 0
124 144 0
126 144 0
127 144 0
137 144 0
138 144 0
149 144 0
151 144 0
162 144 0
163 144 0
168 144 0
170 144 0
171 144 0
172 144 0
173 144 0
174 144 0
175 144 0
176 144 0
178 144 0
179 144 0
180 144 0
181 144 0
182 144 0
183 144 0
184 144 0
4 145 0
5 145 0
6 145 0
7 145 0
10 145 0
11 145 0
12 145 0
65 145 0
66 145 0
67 145 0
68 145 0
69 145 0
70 145 0
71 145 0
72 145 0
73 145 0
74 145 0
75 145 0
77 145 0
78 145 0
79 145 0
80 145 0
81 145 0
82 145 0
83 145 0
84 145 0
85 145 0
86 145 0
87 145 0
90 145 0
99 145 0
100 145 0
101 145 0
113 145 0
114 145 0
118 145 0
120 145 0
123 145 0
124 145 0
125 145 0
126 145 0
127 145 0
136 145 0
137 145 0
138 145 0
148 145 0
149 145 0
150 145 0
153 145 0
154 145 0
155 145 0
156 145 0
157 145 0
158 145 0
159 145 0
160 145 0
161 145 0
162 145 0
163 145 0
164 145 0
165 145 0
166 145 0
167 145 0
168 145 0
169 145 0
170 145 0
171 145 0
172 145 0
173 145 0
174 145 0
175 145 0
4 146 0
10 146 0
11 146 0
13 146 0
14 146 0
15 146 0
78 146 0
79 146 0
80 146 0
81 146 0
82 146 0
83 146 0
84 146 0
85 146 0
86 146 0
87 146 0
89 146 0
90 146 0
91 146 0
92 146 0
93 146 0
94 146 0
95 146 0
96 146 0
97 146 0
98 146 0
99 146 0
100 146 0
101 146 0
102 146 0
103 146 0
104 146 0
105 146 0
106 146 0
107 146 0
108 146 0
109 146 0
110 146 0
111 146 0
112 146 0
113 146 0
114 146 0
115 146 0
116 146 0
117 146 0
118 146 0
119 146 0
120 146 0
121 146 0
122 146 0
123 146 0
124 146 0
125 146 0
126 146 0
127 146 0
128 146 0
129 146 0
130 146 0
131 146 0
132 146 0
133 146 0
134 146 0
135 146 0
136 146 0
137 146 0
138 146 0
139 146 0
140 146 0
141 146 0
142 146 0
143 146 0
144 146 0
145 146 0
146 146 0
147 146 0
148 146 0
149 146 0
150 146 0
151 146 0
152 146 0
153 146 0
154 146 0
155 146 0
156 146 0
158 146 0
159 146 0
160 146 0
4 147 0
5 147 0
20 147 0
22 147 0
95 147 0
97 147 0
98 147 0
99 147 0
100 147 0
102 147 0
103 147 0
104 147 0
105 147 0
106 147 0
107 147 0
108 147 0
109 147 0
110 147 0
111 147 0
112 147 0
113 147 0
115 147 0
116 147 0
125 147 0
128 147 0
129 147 0
130 147 0
131 147 0
135 147 0
5 148 0
20 148 0
21 148 0
24 148 0
30 148 0
31 148 0
32 148 0
29 149 0
31 149 0
32 149 0
40 149 0
31 150 0
41 150 0
43 150 0
178 150 0
179 150 0
180 150 0
181 150 0
182 150 0
183 150 0
41 151 0
43 151 0
50 151 0
51 151 0
52 151 0
53 151 0
55 151 0
56 151 0
57 151 0
59 151 0
168 151 0
169 151 0
170 151 0
175 151 0
176 151 0
177 151 0
178 151 0
179 151 0
41 152 0
51 152 0
63 152 0
69 152 0
157 152 0
163 152 0
166 152 0
175 152 0
185 152 0
12 153 0
41 153 0
63 153 0
64 153 0
67 153 0
69 153 0
76 153 0
78 153 0
79 153 0
83 153 0
88 153 0
130 153 0
131 153 0
140 153 0
141 153 0
142 153 0
150 153 0
151 153 0
163 153 0
173 153 0
174 153 0
175 153 0
187 153 0
2 154 0
41 154 0
76 154 0
78 154 0
80 154 0
82 154 0
83 154 0
85 154 0
88 154 0
89 154 0
90 154 0
91 154 0
92 154 0
93 154 0
94 154 0
95 154 0
96 154 0
101 154 0
102 154 0
103 154 0
104 154 0
105 154 0
106 154 0
107 154 0
108 154 0
109 154 0
110 154 0
111 154 0
113 154 0
114 154 0
115 154 0
116 154 0
117 154 0
118 154 0
119 154 0
120 154 0
125 154 0
126 154 0
127 154 0
132 154 0
133 154 0
137 154 0
138 154 0
139 154 0
140 154 0
142 154 0
143 154 0
144 154 0
149 154 0
150 154 0
151 154 0
156 154 0
158 154 0
159 154 0
162 154 0
163 154 0
164 154 0
172 154 0
173 154 0
174 154 0
175 154 0
88 155 0
89 155 0
91 155 0
93 155 0
94 155 0
100 155 0
101 155 0
102 155 0
114 155 0
124 155 0
125 155 0
126 155 0
127 155 0
128 155 0
129 155 0
130 155 0
131 155 0
132 155 0
137 155 0
149 155 0
163 155 0
175 155 0
20 156 0
21 156 0
76 156 0
114 156 0
122 156 0
123 156 0
124 156 0
125 156 0
126 156 0
135 156 0
148 156 0
149 156 0
162 156 0
8 157 0
22 157 0
23 157 0
49 157 0
76 157 0
125 157 0
126 157 0
137 157 0
148 157 0
149 157 0
162 157 0
174 157 0
31 158 0
51 158 0
52 158 0
86 158 0
87 158 0
88 158 0
111 158 0
112 158 0
113 158 0
125 158 0
149 158 0
161 158 0
162 158 0
172 158 0
174 158 0
186 158 0
31 159 0
32 159 0
51 159 0
52 159 0
61 159 0
62 159 0
63 159 0
88 159 0
89 159 0
98 159 0
99 159 0
100 159 0
110 159 0
111 159 0
112 159 0
113 159 0
114 159 0
125 159 0
148 159 0
149 159 0
160 159 0
161 159 0
162 159 0
174 159 0
63 160 0
64 160 0
74 160 0
75 160 0
76 160 0
88 160 0
97 160 0
98 160 0
99 160 0
100 160 0
101 160 0
113 160 0
114 160 0
125 160 0
134 160 0
147 160 0
149 160 0
160 160 0
161 160 0
172 160 0
64 161 0
73 161 0
74 161 0
75 161 0
76 161 0
77 161 0
88 161 0
100 161 0
101 161 0
113 161 0
114 161 0
123 161 0
125 161 0
136 161 0
147 161 0
161 161 0
173 161 0
183 161 0
3 162 0
76 162 0
77 162 0
88 162 0
99 162 0
100 162 0
101 162 0
113 162 0
124 162 0
125 162 0
147 162 0
148 162 0
161 162 0
183 162 0
4 163 0
15 163 0
41 163 0
76 163 0
99 163 0
100 163 0
101 163 0
125 163 0
134 163 0
135 163 0
136 163 0
137 163 0
146 163 0
147 163 0
148 163 0
159 163 0
171 163 0
172 163 0
182 163 0
183 163 0
184 163 0
185 163 0
15 164 0
41 164 0
42 164 0
101 164 0
112 164 0
132 164 0
134 164 0
135 164 0
136 164 0
137 164 0
147 164 0
148 164 0
158 164 0
159 164 0
160 164 0
161 164 0
171 164 0
173 164 0
174 164 0
184 164 0
43 165 0
87 165 0
88 165 0
113 165 0
136 165 0
146 165 0
147 165 0
148 165 0
159 165 0
160 165 0
161 165 0
173 165 0
22 166 0
64 166 0
87 166 0
122 166 0
123 166 0
124 166 0
125 166 0
127 166 0
136 166 0
146 166 0
147 166 0
148 166 0
160 166 0
161 166 0
171 166 0
173 166 0
5 167 0
11 167 0
24 167 0
112 167 0
122 167 0
125 167 0
126 167 0
146 167 0
148 167 0
160 167 0
172 167 0
24 168 0
51 168 0
123 168 0
125 168 0
135 168 0
160 168 0
172 168 0
183 168 0
33 169 0
53 169 0
87 169 0
88 169 0
89 169 0
99 169 0
112 169 0
115 169 0
123 169 0
125 169 0
134 169 0
135 169 0
146 169 0
158 169 0
160 169 0
34 170 0
35 170 0
62 170 0
87 170 0
88 170 0
89 170 0
90 170 0
96 170 0
98 170 0
99 170 0
100 170 0
111 170 0
112 170 0
113 170 0
114 170 0
123 170 0
124 170 0
125 170 0
134 170 0
135 170 0
136 170 0
147 170 0
159 170 0
160 170 0
5 171 0
6 171 0
35 171 0
62 171 0
63 171 0
64 171 0
65 171 0
75 171 0
76 171 0
77 171 0
89 171 0
100 171 0
101 171 0
113 171 0
114 171 0
123 171 0
124 171 0
125 171 0
136 171 0
149 171 0
151 171 0
152 171 0
153 171 0
8 172 0
17 172 0
18 172 0
64 172 0
65 172 0
77 172 0
78 172 0
89 172 0
101 172 0
113 172 0
123 172 0
124 172 0
125 172 0
134 172 0
144 172 0
145 172 0
146 172 0
149 172 0
150 172 0
151 172 0
152 172 0
160 172 0
180 172 0
181 172 0
182 172 0
183 172 0
2 173 0
18 173 0
41 173 0
43 173 0
112 173 0
113 173 0
125 173 0
133 173 0
134 173 0
135 173 0
140 173 0
142 173 0
146 173 0
147 173 0
148 173 0
157 173 0
159 173 0
182 173 0
183 173 0
12 174 0
43 174 0
44 174 0
101 174 0
112 174 0
113 174 0
132 174 0
133 174 0
135 174 0
141 174 0
144 174 0
145 174 0
146 174 0
147 174 0
148 174 0
157 174 0
158 174 0
159 174 0
168 174 0
169 174 0
13 175 0
45 175 0
101 175 0
113 175 0
114 175 0
123 175 0
130 175 0
135 175 0
140 175 0
146 175 0
147 175 0
157 175 0
158 175 0
159 175 0
170 175 0
171 175 0
14 176 0
25 176 0
101 176 0
114 176 0
122 176 0
123 176 0
124 176 0
125 176 0
126 176 0
127 176 0
133 176 0
134 176 0
135 176 0
137 176 0
142 176 0
159 176 0
170 176 0
171 176 0
27 177 0
89 177 0
101 177 0
122 177 0
123 177 0
124 177 0
125 177 0
134 177 0
135 177 0
136 177 0
137 177 0
142 177 0
143 177 0
146 177 0
168 177 0
125 178 0
134 178 0
135 178 0
146 178 0
78 48 1
79 48 1
81 48 1
68 49 1
78 49 1
79 49 1
80 49 1
74 50 1
75 50 1
78 50 1
79 50 1
80 50 1
74 51 1
75 51 1
78 51 1
79 51 1
83 51 1
73 52 1
74 52 1
75 52 1
76 52 1
79 52 1
82 52 1
83 52 1
87 52 1
73 53 1
74 53 1
75 53 1
76 53 1
77 53 1
78 53 1
83 53 1
63 54 1
64 54 1
74 54 1
75 54 1
84 54 1
62 55 1
63 55 1
64 55 1
72 55 1
73 55 1
74 55 1
85 55 1
86 55 1
62 56 1
63 56 1
64 56 1
70 56 1
71 56 1
72 56 1
74 56 1
85 56 1
86 56 1
87 56 1
62 57 1
63 57 1
64 57 1
70 57 1
71 57 1
72 57 1
84 57 1
85 57 1
86 57 1
87 57 1
61 58 1
62 58 1
63 58 1
71 58 1
72 58 1
85 58 1
86 58 1
87 58 1
88 58 1
62 59 1
63 59 1
64 59 1
70 59 1
85 59 1
86 59 1
87 59 1
88 59 1
89 59 1
91 59 1
62 60 1
63 60 1
64 60 1
65 60 1
69 60 1
70 60 1
85 60 1
86 60 1
87 60 1
88 60 1
89 60 1
90 60 1
91 60 1
62 61 1
63 61 1
64 61 1
65 61 1
66 61 1
71 61 1
85 61 1
86 61 1
87 61 1
90 61 1
91 61 1
62 62 1
63 62 1
64 62 1
65 62 1
84 62 1
85 62 1
86 62 1
87 62 1
62 63 1
63 63 1
64 63 1
65 63 1
84 63 1
85 63 1
86 63 1
87 63 1
62 64 1
63 64 1
64 64 1
65 64 1
66 64 1
83 64 1
84 64 1
85 64 1
86 64 1
87 64 1
88 64 1
63 65 1
64 65 1
65 65 1
66 65 1
68 65 1
83 65 1
84 65 1
85 65 1
86 65 1
87 65 1
88 65 1
89 65 1
64 66 1
65 66 1
66 66 1
67 66 1
68 66 1
83 66 1
84 66 1
85 66 1
87 66 1
65 67 1
66 67 1
67 67 1
68 67 1
69 67 1
70 67 1
82 67 1
83 67 1
84 67 1
85 67 1
86 67 1
66 68 1
67 68 1
68 68 1
69 68 1
70 68 1
82 68 1
83 68 1
84 68 1
85 68 1
66 69 1
67 69 1
68 69 1
69 69 1
70 69 1
71 69 1
72 69 1
76 69 1
77 69 1
81 69 1
82 69 1
83 69 1
67 70 1
68 70 1
69 70 1
70 70 1
71 70 1
72 70 1
74 70 1
76 70 1
68 71 1
69 71 1
70 71 1
71 71 1
72 71 1
73 71 1
74 71 1
75 71 1
71 72 1
72 72 1
73 72 1
74 72 1
60 74 1
66 74 1
67 74 1
58 75 1
66 75 1
