81 1 0
96 1 0
98 1 0
99 1 0
155 1 0
12 2 0
22 2 0
44 2 0
70 2 0
79 2 0
80 2 0
81 2 0
82 2 0
83 2 0
84 2 0
85 2 0
86 2 0
87 2 0
88 2 0
89 2 0
90 2 0
91 2 0
92 2 0
93 2 0
96 2 0
98 2 0
99 2 0
111 2 0
112 2 0
113 2 0
126 2 0
127 2 0
140 2 0
141 2 0
154 2 0
155 2 0
167 2 0
168 2 0
169 2 0
181 2 0
182 2 0
183 2 0
184 2 0
12 3 0
22 3 0
44 3 0
56 3 0
81 3 0
82 3 0
83 3 0
84 3 0
96 3 0
97 3 0
98 3 0
111 3 0
112 3 0
113 3 0
125 3 0
126 3 0
127 3 0
140 3 0
141 3 0
154 3 0
155 3 0
167 3 0
168 3 0
169 3 0
181 3 0
182 3 0
183 3 0
2 4 0
3 4 0
44 4 0
70 4 0
83 4 0
84 4 0
96 4 0
97 4 0
98 4 0
112 4 0
113 4 0
125 4 0
126 4 0
127 4 0
140 4 0
141 4 0
154 4 0
155 4 0
167 4 0
168 4 0
169 4 0
181 4 0
182 4 0
2 5 0
3 5 0
11 5 0
56 5 0
70 5 0
83 5 0
97 5 0
98 5 0
111 5 0
112 5 0
113 5 0
126 5 0
127 5 0
140 5 0
141 5 0
153 5 0
154 5 0
155 5 0
168 5 0
182 5 0
2 6 0
3 6 0
10 6 0
11 6 0
12 6 0
13 6 0
21 6 0
56 6 0
83 6 0
96 6 0
97 6 0
98 6 0
112 6 0
113 6 0
125 6 0
126 6 0
127 6 0
139 6 0
140 6 0
141 6 0
153 6 0
154 6 0
155 6 0
167 6 0
168 6 0
181 6 0
182 6 0
11 7 0
12 7 0
20 7 0
21 7 0
25 7 0
56 7 0
83 7 0
96 7 0
97 7 0
98 7 0
111 7 0
112 7 0
125 7 0
126 7 0
127 7 0
139 7 0
140 7 0
141 7 0
154 7 0
155 7 0
167 7 0
168 7 0
180 7 0
181 7 0
182 7 0
11 8 0
20 8 0
21 8 0
22 8 0
25 8 0
30 8 0
31 8 0
33 8 0
55 8 0
56 8 0
83 8 0
97 8 0
98 8 0
111 8 0
112 8 0
126 8 0
127 8 0
140 8 0
141 8 0
153 8 0
154 8 0
155 8 0
167 8 0
168 8 0
181 8 0
182 8 0
11 9 0
21 9 0
30 9 0
31 9 0
32 9 0
33 9 0
43 9 0
69 9 0
82 9 0
83 9 0
111 9 0
112 9 0
125 9 0
126 9 0
127 9 0
139 9 0
140 9 0
141 9 0
153 9 0
154 9 0
155 9 0
167 9 0
168 9 0
181 9 0
182 9 0
2 10 0
11 10 0
32 10 0
33 10 0
69 10 0
83 10 0
97 10 0
110 10 0
111 10 0
112 10 0
125 10 0
126 10 0
138 10 0
139 10 0
140 10 0
141 10 0
153 10 0
154 10 0
155 10 0
167 10 0
168 10 0
180 10 0
181 10 0
182 10 0
32 11 0
41 11 0
42 11 0
44 11 0
54 11 0
55 11 0
81 11 0
82 11 0
83 11 0
96 11 0
97 11 0
110 11 0
111 11 0
112 11 0
124 11 0
125 11 0
126 11 0
130 11 0
131 11 0
134 11 0
136 11 0
137 11 0
138 11 0
139 11 0
140 11 0
141 11 0
142 11 0
150 11 0
152 11 0
153 11 0
154 11 0
155 11 0
167 11 0
168 11 0
180 11 0
181 11 0
182 11 0
41 12 0
42 12 0
43 12 0
44 12 0
45 12 0
48 12 0
54 12 0
81 12 0
82 12 0
83 12 0
96 12 0
97 12 0
110 12 0
111 12 0
112 12 0
122 12 0
123 12 0
124 12 0
125 12 0
126 12 0
127 12 0
128 12 0
129 12 0
130 12 0
131 12 0
132 12 0
133 12 0
134 12 0
135 12 0
136 12 0
137 12 0
138 12 0
139 12 0
140 12 0
141 12 0
148 12 0
149 12 0
150 12 0
151 12 0
152 12 0
153 12 0
154 12 0
155 12 0
167 12 0
168 12 0
180 12 0
181 12 0
182 12 0
31 13 0
42 13 0
43 13 0
54 13 0
56 13 0
67 13 0
82 13 0
94 13 0
95 13 0
96 13 0
97 13 0
99 13 0
102 13 0
110 13 0
111 13 0
112 13 0
114 13 0
115 13 0
116 13 0
119 13 0
120 13 0
121 13 0
122 13 0
123 13 0
124 13 0
126 13 0
127 13 0
139 13 0
140 13 0
141 13 0
151 13 0
152 13 0
154 13 0
155 13 0
165 13 0
166 13 0
167 13 0
169 13 0
170 13 0
180 13 0
181 13 0
182 13 0
20 14 0
31 14 0
53 14 0
54 14 0
55 14 0
56 14 0
65 14 0
66 14 0
67 14 0
81 14 0
82 14 0
91 14 0
93 14 0
94 14 0
95 14 0
96 14 0
97 14 0
98 14 0
99 14 0
100 14 0
101 14 0
102 14 0
107 14 0
108 14 0
109 14 0
110 14 0
111 14 0
112 14 0
113 14 0
114 14 0
115 14 0
116 14 0
117 14 0
118 14 0
119 14 0
120 14 0
121 14 0
122 14 0
125 14 0
126 14 0
138 14 0
139 14 0
140 14 0
153 14 0
154 14 0
155 14 0
164 14 0
165 14 0
166 14 0
167 14 0
168 14 0
169 14 0
179 14 0
180 14 0
181 14 0
182 14 0
31 15 0
42 15 0
55 15 0
56 15 0
64 15 0
66 15 0
67 15 0
68 15 0
69 15 0
70 15 0
81 15 0
82 15 0
83 15 0
84 15 0
85 15 0
86 15 0
87 15 0
88 15 0
89 15 0
90 15 0
91 15 0
92 15 0
93 15 0
94 15 0
96 15 0
97 15 0
98 15 0
99 15 0
105 15 0
106 15 0
107 15 0
108 15 0
109 15 0
110 15 0
111 15 0
112 15 0
125 15 0
126 15 0
138 15 0
139 15 0
140 15 0
153 15 0
154 15 0
165 15 0
167 15 0
168 15 0
169 15 0
178 15 0
179 15 0
180 15 0
181 15 0
182 15 0
183 15 0
184 15 0
20 16 0
55 16 0
64 16 0
65 16 0
66 16 0
68 16 0
78 16 0
79 16 0
80 16 0
81 16 0
82 16 0
83 16 0
84 16 0
85 16 0
86 16 0
91 16 0
92 16 0
95 16 0
96 16 0
97 16 0
109 16 0
110 16 0
111 16 0
112 16 0
124 16 0
125 16 0
126 16 0
138 16 0
139 16 0
140 16 0
153 16 0
154 16 0
167 16 0
168 16 0
177 16 0
179 16 0
180 16 0
181 16 0
182 16 0
183 16 0
10 17 0
42 17 0
66 17 0
67 17 0
68 17 0
77 17 0
78 17 0
79 17 0
80 17 0
81 17 0
82 17 0
83 17 0
95 17 0
96 17 0
97 17 0
109 17 0
110 17 0
111 17 0
124 17 0
125 17 0
126 17 0
139 17 0
140 17 0
152 17 0
153 17 0
154 17 0
166 17 0
167 17 0
168 17 0
180 17 0
181 17 0
182 17 0
10 18 0
20 18 0
42 18 0
67 18 0
68 18 0
79 18 0
80 18 0
82 18 0
83 18 0
95 18 0
96 18 0
110 18 0
111 18 0
125 18 0
126 18 0
138 18 0
139 18 0
140 18 0
153 18 0
154 18 0
166 18 0
167 18 0
168 18 0
180 18 0
181 18 0
182 18 0
9 19 0
18 19 0
30 19 0
42 19 0
54 19 0
66 19 0
67 19 0
80 19 0
81 19 0
82 19 0
95 19 0
96 19 0
109 19 0
110 19 0
111 19 0
124 19 0
125 19 0
138 19 0
139 19 0
140 19 0
153 19 0
154 19 0
166 19 0
167 19 0
180 19 0
181 19 0
5 20 0
8 20 0
9 20 0
10 20 0
18 20 0
54 20 0
68 20 0
80 20 0
81 20 0
82 20 0
95 20 0
96 20 0
109 20 0
110 20 0
111 20 0
125 20 0
138 20 0
139 20 0
140 20 0
153 20 0
154 20 0
166 20 0
167 20 0
180 20 0
181 20 0
7 21 0
8 21 0
9 21 0
10 21 0
14 21 0
18 21 0
54 21 0
81 21 0
82 21 0
95 21 0
96 21 0
109 21 0
110 21 0
111 21 0
124 21 0
125 21 0
138 21 0
139 21 0
152 21 0
153 21 0
154 21 0
166 21 0
167 21 0
180 21 0
181 21 0
17 22 0
18 22 0
19 22 0
20 22 0
54 22 0
66 22 0
81 22 0
94 22 0
95 22 0
96 22 0
109 22 0
110 22 0
124 22 0
125 22 0
138 22 0
139 22 0
152 22 0
153 22 0
154 22 0
166 22 0
167 22 0
179 22 0
180 22 0
181 22 0
17 23 0
18 23 0
19 23 0
20 23 0
28 23 0
29 23 0
54 23 0
67 23 0
81 23 0
95 23 0
96 23 0
109 23 0
110 23 0
124 23 0
125 23 0
138 23 0
139 23 0
152 23 0
153 23 0
154 23 0
166 23 0
167 23 0
180 23 0
181 23 0
19 24 0
28 24 0
29 24 0
30 24 0
54 24 0
67 24 0
81 24 0
95 24 0
96 24 0
110 24 0
124 24 0
125 24 0
138 24 0
139 24 0
152 24 0
153 24 0
154 24 0
166 24 0
167 24 0
180 24 0
181 24 0
19 25 0
29 25 0
30 25 0
54 25 0
66 25 0
67 25 0
81 25 0
95 25 0
96 25 0
110 25 0
124 25 0
125 25 0
137 25 0
138 25 0
139 25 0
152 25 0
153 25 0
154 25 0
166 25 0
167 25 0
179 25 0
180 25 0
181 25 0
19 26 0
29 26 0
39 26 0
40 26 0
41 26 0
42 26 0
53 26 0
65 26 0
66 26 0
67 26 0
80 26 0
81 26 0
95 26 0
96 26 0
110 26 0
123 26 0
124 26 0
126 26 0
127 26 0
128 26 0
129 26 0
133 26 0
134 26 0
135 26 0
136 26 0
137 26 0
138 26 0
139 26 0
140 26 0
141 26 0
144 26 0
151 26 0
152 26 0
153 26 0
155 26 0
166 26 0
167 26 0
179 26 0
180 26 0
181 26 0
18 27 0
29 27 0
38 27 0
39 27 0
40 27 0
41 27 0
42 27 0
52 27 0
53 27 0
65 27 0
66 27 0
67 27 0
80 27 0
81 27 0
110 27 0
122 27 0
123 27 0
124 27 0
126 27 0
127 27 0
128 27 0
132 27 0
133 27 0
134 27 0
135 27 0
136 27 0
137 27 0
138 27 0
139 27 0
140 27 0
142 27 0
143 27 0
144 27 0
145 27 0
146 27 0
147 27 0
148 27 0
149 27 0
150 27 0
151 27 0
152 27 0
153 27 0
154 27 0
155 27 0
163 27 0
164 27 0
165 27 0
166 27 0
167 27 0
179 27 0
180 27 0
181 27 0
28 28 0
29 28 0
40 28 0
41 28 0
51 28 0
52 28 0
53 28 0
65 28 0
66 28 0
79 28 0
80 28 0
81 28 0
94 28 0
98 28 0
100 28 0
109 28 0
110 28 0
116 28 0
120 28 0
121 28 0
122 28 0
123 28 0
124 28 0
125 28 0
126 28 0
137 28 0
138 28 0
139 28 0
150 28 0
151 28 0
152 28 0
153 28 0
154 28 0
162 28 0
163 28 0
164 28 0
165 28 0
166 28 0
167 28 0
168 28 0
179 28 0
180 28 0
181 28 0
29 29 0
41 29 0
49 29 0
51 29 0
52 29 0
53 29 0
54 29 0
55 29 0
65 29 0
66 29 0
67 29 0
79 29 0
80 29 0
81 29 0
93 29 0
94 29 0
96 29 0
97 29 0
98 29 0
99 29 0
100 29 0
106 29 0
107 29 0
108 29 0
109 29 0
110 29 0
111 29 0
112 29 0
113 29 0
114 29 0
115 29 0
116 29 0
117 29 0
118 29 0
119 29 0
120 29 0
121 29 0
124 29 0
125 29 0
137 29 0
138 29 0
139 29 0
151 29 0
152 29 0
153 29 0
154 29 0
162 29 0
164 29 0
165 29 0
166 29 0
167 29 0
168 29 0
172 29 0
174 29 0
177 29 0
178 29 0
179 29 0
180 29 0
181 29 0
182 29 0
49 30 0
53 30 0
54 30 0
56 30 0
63 30 0
64 30 0
65 30 0
66 30 0
67 30 0
68 30 0
79 30 0
80 30 0
81 30 0
90 30 0
91 30 0
92 30 0
93 30 0
94 30 0
95 30 0
96 30 0
100 30 0
101 30 0
106 30 0
107 30 0
108 30 0
109 30 0
110 30 0
111 30 0
112 30 0
113 30 0
122 30 0
123 30 0
124 30 0
125 30 0
137 30 0
138 30 0
139 30 0
151 30 0
152 30 0
153 30 0
165 30 0
166 30 0
167 30 0
176 30 0
177 30 0
178 30 0
179 30 0
180 30 0
181 30 0
182 30 0
51 31 0
52 31 0
53 31 0
61 31 0
62 31 0
65 31 0
66 31 0
67 31 0
76 31 0
78 31 0
79 31 0
80 31 0
84 31 0
85 31 0
86 31 0
87 31 0
88 31 0
89 31 0
90 31 0
91 31 0
92 31 0
93 31 0
95 31 0
96 31 0
108 31 0
109 31 0
110 31 0
122 31 0
123 31 0
124 31 0
137 31 0
138 31 0
139 31 0
151 31 0
152 31 0
153 31 0
165 31 0
166 31 0
167 31 0
179 31 0
180 31 0
181 31 0
7 32 0
23 32 0
24 32 0
51 32 0
53 32 0
66 32 0
67 32 0
78 32 0
79 32 0
80 32 0
81 32 0
82 32 0
83 32 0
84 32 0
85 32 0
86 32 0
87 32 0
88 32 0
94 32 0
95 32 0
108 32 0
109 32 0
110 32 0
123 32 0
124 32 0
137 32 0
138 32 0
139 32 0
151 32 0
152 32 0
153 32 0
165 32 0
166 32 0
180 32 0
6 33 0
7 33 0
18 33 0
23 33 0
24 33 0
28 33 0
29 33 0
40 33 0
53 33 0
66 33 0
80 33 0
81 33 0
85 33 0
93 33 0
94 33 0
95 33 0
108 33 0
109 33 0
110 33 0
122 33 0
123 33 0
124 33 0
136 33 0
137 33 0
138 33 0
139 33 0
151 33 0
152 33 0
153 33 0
165 33 0
166 33 0
178 33 0
179 33 0
180 33 0
6 34 0
7 34 0
8 34 0
9 34 0
10 34 0
22 34 0
23 34 0
24 34 0
25 34 0
40 34 0
66 34 0
80 34 0
81 34 0
94 34 0
107 34 0
109 34 0
122 34 0
123 34 0
124 34 0
136 34 0
137 34 0
138 34 0
151 34 0
152 34 0
153 34 0
165 34 0
166 34 0
179 34 0
180 34 0
5 35 0
7 35 0
8 35 0
16 35 0
17 35 0
22 35 0
23 35 0
25 35 0
26 35 0
40 35 0
52 35 0
65 35 0
66 35 0
80 35 0
94 35 0
107 35 0
109 35 0
122 35 0
123 35 0
124 35 0
137 35 0
138 35 0
151 35 0
152 35 0
164 35 0
165 35 0
166 35 0
178 35 0
179 35 0
180 35 0
8 36 0
16 36 0
17 36 0
18 36 0
22 36 0
23 36 0
24 36 0
25 36 0
26 36 0
40 36 0
52 36 0
66 36 0
80 36 0
92 36 0
94 36 0
107 36 0
109 36 0
123 36 0
124 36 0
136 36 0
137 36 0
138 36 0
150 36 0
151 36 0
152 36 0
164 36 0
165 36 0
166 36 0
180 36 0
3 37 0
4 37 0
5 37 0
6 37 0
7 37 0
9 37 0
10 37 0
17 37 0
18 37 0
22 37 0
23 37 0
24 37 0
25 37 0
38 37 0
39 37 0
65 37 0
66 37 0
78 37 0
79 37 0
80 37 0
92 37 0
93 37 0
94 37 0
108 37 0
109 37 0
122 37 0
123 37 0
124 37 0
137 37 0
138 37 0
150 37 0
151 37 0
152 37 0
165 37 0
166 37 0
178 37 0
179 37 0
180 37 0
3 38 0
5 38 0
6 38 0
8 38 0
18 38 0
23 38 0
27 38 0
38 38 0
39 38 0
50 38 0
51 38 0
52 38 0
64 38 0
65 38 0
66 38 0
78 38 0
79 38 0
80 38 0
93 38 0
94 38 0
108 38 0
109 38 0
122 38 0
123 38 0
124 38 0
137 38 0
138 38 0
150 38 0
151 38 0
152 38 0
164 38 0
165 38 0
166 38 0
178 38 0
179 38 0
180 38 0
3 39 0
7 39 0
25 39 0
26 39 0
27 39 0
28 39 0
29 39 0
38 39 0
52 39 0
64 39 0
65 39 0
79 39 0
80 39 0
92 39 0
93 39 0
94 39 0
108 39 0
109 39 0
122 39 0
123 39 0
124 39 0
137 39 0
138 39 0
151 39 0
152 39 0
165 39 0
166 39 0
178 39 0
179 39 0
180 39 0
2 40 0
4 40 0
7 40 0
12 40 0
28 40 0
39 40 0
64 40 0
65 40 0
66 40 0
79 40 0
80 40 0
93 40 0
94 40 0
109 40 0
122 40 0
123 40 0
124 40 0
136 40 0
137 40 0
138 40 0
150 40 0
151 40 0
152 40 0
165 40 0
166 40 0
178 40 0
179 40 0
180 40 0
2 41 0
7 41 0
8 41 0
11 41 0
12 41 0
28 41 0
38 41 0
39 41 0
64 41 0
65 41 0
80 41 0
92 41 0
93 41 0
94 41 0
108 41 0
109 41 0
122 41 0
123 41 0
124 41 0
135 41 0
136 41 0
137 41 0
138 41 0
139 41 0
140 41 0
141 41 0
142 41 0
149 41 0
150 41 0
151 41 0
152 41 0
164 41 0
165 41 0
179 41 0
180 41 0
2 42 0
3 42 0
6 42 0
7 42 0
9 42 0
11 42 0
12 42 0
17 42 0
28 42 0
37 42 0
38 42 0
39 42 0
50 42 0
51 42 0
52 42 0
64 42 0
65 42 0
78 42 0
79 42 0
80 42 0
92 42 0
93 42 0
94 42 0
108 42 0
122 42 0
123 42 0
124 42 0
127 42 0
128 42 0
129 42 0
130 42 0
131 42 0
132 42 0
133 42 0
134 42 0
135 42 0
136 42 0
137 42 0
138 42 0
139 42 0
146 42 0
147 42 0
148 42 0
149 42 0
150 42 0
151 42 0
152 42 0
163 42 0
164 42 0
165 42 0
166 42 0
178 42 0
179 42 0
180 42 0
2 43 0
5 43 0
6 43 0
11 43 0
12 43 0
17 43 0
39 43 0
40 43 0
50 43 0
51 43 0
52 43 0
53 43 0
64 43 0
65 43 0
78 43 0
79 43 0
92 43 0
93 43 0
94 43 0
108 43 0
120 43 0
121 43 0
122 43 0
123 43 0
125 43 0
126 43 0
127 43 0
128 43 0
129 43 0
130 43 0
131 43 0
133 43 0
134 43 0
135 43 0
136 43 0
137 43 0
138 43 0
149 43 0
150 43 0
151 43 0
152 43 0
153 43 0
154 43 0
155 43 0
161 43 0
162 43 0
163 43 0
164 43 0
165 43 0
166 43 0
167 43 0
176 43 0
177 43 0
178 43 0
179 43 0
180 43 0
2 44 0
3 44 0
4 44 0
11 44 0
39 44 0
49 44 0
50 44 0
51 44 0
52 44 0
53 44 0
54 44 0
55 44 0
78 44 0
79 44 0
80 44 0
92 44 0
93 44 0
94 44 0
107 44 0
108 44 0
114 44 0
117 44 0
118 44 0
119 44 0
120 44 0
121 44 0
122 44 0
123 44 0
124 44 0
125 44 0
126 44 0
136 44 0
137 44 0
138 44 0
150 44 0
151 44 0
152 44 0
160 44 0
161 44 0
162 44 0
163 44 0
164 44 0
165 44 0
166 44 0
174 44 0
176 44 0
177 44 0
178 44 0
179 44 0
180 44 0
181 44 0
2 45 0
4 45 0
9 45 0
10 45 0
11 45 0
12 45 0
27 45 0
46 45 0
48 45 0
49 45 0
50 45 0
51 45 0
52 45 0
53 45 0
62 45 0
63 45 0
64 45 0
66 45 0
78 45 0
79 45 0
80 45 0
90 45 0
91 45 0
92 45 0
93 45 0
94 45 0
95 45 0
99 45 0
105 45 0
106 45 0
107 45 0
108 45 0
109 45 0
116 45 0
117 45 0
118 45 0
119 45 0
121 45 0
122 45 0
123 45 0
124 45 0
136 45 0
137 45 0
150 45 0
151 45 0
165 45 0
166 45 0
177 45 0
178 45 0
179 45 0
180 45 0
2 46 0
6 46 0
9 46 0
10 46 0
11 46 0
12 46 0
37 46 0
47 46 0
48 46 0
50 46 0
51 46 0
52 46 0
65 46 0
66 46 0
78 46 0
79 46 0
80 46 0
88 46 0
89 46 0
90 46 0
91 46 0
92 46 0
93 46 0
94 46 0
95 46 0
97 46 0
99 46 0
100 46 0
101 46 0
103 46 0
105 46 0
106 46 0
107 46 0
108 46 0
109 46 0
110 46 0
122 46 0
123 46 0
135 46 0
136 46 0
137 46 0
150 46 0
151 46 0
164 46 0
165 46 0
178 46 0
179 46 0
2 47 0
6 47 0
7 47 0
8 47 0
9 47 0
10 47 0
11 47 0
48 47 0
51 47 0
52 47 0
64 47 0
65 47 0
66 47 0
74 47 0
76 47 0
77 47 0
78 47 0
82 47 0
83 47 0
84 47 0
85 47 0
86 47 0
88 47 0
89 47 0
93 47 0
94 47 0
104 47 0
105 47 0
106 47 0
108 47 0
109 47 0
122 47 0
123 47 0
135 47 0
136 47 0
137 47 0
150 47 0
151 47 0
164 47 0
165 47 0
178 47 0
179 47 0
8 48 0
9 48 0
11 48 0
51 48 0
65 48 0
76 48 0
77 48 0
78 48 0
80 48 0
81 48 0
83 48 0
86 48 0
87 48 0
88 48 0
92 48 0
93 48 0
108 48 0
109 48 0
121 48 0
122 48 0
123 48 0
135 48 0
136 48 0
137 48 0
149 48 0
150 48 0
151 48 0
164 48 0
165 48 0
178 48 0
179 48 0
2 49 0
6 49 0
7 49 0
11 49 0
65 49 0
79 49 0
80 49 0
93 49 0
106 49 0
107 49 0
108 49 0
121 49 0
122 49 0
123 49 0
136 49 0
137 49 0
150 49 0
151 49 0
163 49 0
164 49 0
165 49 0
177 49 0
178 49 0
179 49 0
6 50 0
7 50 0
12 50 0
13 50 0
14 50 0
15 50 0
16 50 0
18 50 0
19 50 0
22 50 0
24 50 0
27 50 0
79 50 0
80 50 0
93 50 0
107 50 0
108 50 0
121 50 0
122 50 0
123 50 0
136 50 0
137 50 0
149 50 0
150 50 0
151 50 0
163 50 0
164 50 0
165 50 0
177 50 0
178 50 0
179 50 0
6 51 0
17 51 0
18 51 0
24 51 0
26 51 0
29 51 0
31 51 0
33 51 0
36 51 0
37 51 0
79 51 0
92 51 0
93 51 0
106 51 0
107 51 0
108 51 0
121 51 0
122 51 0
136 51 0
137 51 0
149 51 0
150 51 0
151 51 0
163 51 0
164 51 0
165 51 0
176 51 0
179 51 0
6 52 0
17 52 0
78 52 0
79 52 0
92 52 0
93 52 0
107 52 0
108 52 0
121 52 0
122 52 0
135 52 0
137 52 0
150 52 0
151 52 0
163 52 0
164 52 0
165 52 0
178 52 0
179 52 0
6 53 0
16 53 0
17 53 0
38 53 0
78 53 0
91 53 0
92 53 0
93 53 0
105 53 0
106 53 0
107 53 0
135 53 0
136 53 0
137 53 0
149 53 0
150 53 0
151 53 0
163 53 0
164 53 0
165 53 0
178 53 0
179 53 0
6 54 0
16 54 0
27 54 0
28 54 0
38 54 0
77 54 0
78 54 0
82 54 0
83 54 0
84 54 0
86 54 0
90 54 0
91 54 0
92 54 0
93 54 0
107 54 0
121 54 0
122 54 0
135 54 0
136 54 0
137 54 0
149 54 0
150 54 0
151 54 0
158 54 0
159 54 0
163 54 0
164 54 0
178 54 0
6 55 0
27 55 0
92 55 0
95 55 0
99 55 0
100 55 0
101 55 0
103 55 0
104 55 0
107 55 0
121 55 0
122 55 0
136 55 0
137 55 0
149 55 0
150 55 0
151 55 0
156 55 0
157 55 0
158 55 0
159 55 0
161 55 0
162 55 0
163 55 0
164 55 0
176 55 0
178 55 0
6 56 0
27 56 0
79 56 0
106 56 0
109 56 0
112 56 0
113 56 0
120 56 0
121 56 0
122 56 0
133 56 0
134 56 0
135 56 0
136 56 0
137 56 0
138 56 0
139 56 0
140 56 0
148 56 0
150 56 0
151 56 0
156 56 0
157 56 0
158 56 0
159 56 0
160 56 0
161 56 0
162 56 0
164 56 0
165 56 0
187 56 0
6 57 0
16 57 0
27 57 0
36 57 0
37 57 0
79 57 0
93 57 0
119 57 0
120 57 0
121 57 0
124 57 0
125 57 0
126 57 0
127 57 0
129 57 0
131 57 0
132 57 0
133 57 0
134 57 0
135 57 0
136 57 0
137 57 0
138 57 0
139 57 0
140 57 0
147 57 0
148 57 0
149 57 0
150 57 0
151 57 0
152 57 0
153 57 0
155 57 0
157 57 0
158 57 0
159 57 0
160 57 0
161 57 0
162 57 0
164 57 0
176 57 0
186 57 0
6 58 0
27 58 0
36 58 0
38 58 0
39 58 0
79 58 0
93 58 0
107 58 0
119 58 0
125 58 0
126 58 0
127 58 0
131 58 0
134 58 0
135 58 0
136 58 0
137 58 0
138 58 0
139 58 0
140 58 0
141 58 0
146 58 0
147 58 0
148 58 0
149 58 0
150 58 0
151 58 0
152 58 0
158 58 0
159 58 0
160 58 0
161 58 0
163 58 0
164 58 0
175 58 0
176 58 0
177 58 0
178 58 0
179 58 0
180 58 0
181 58 0
182 58 0
38 59 0
39 59 0
79 59 0
93 59 0
119 59 0
122 59 0
123 59 0
125 59 0
146 59 0
147 59 0
148 59 0
149 59 0
150 59 0
151 59 0
159 59 0
160 59 0
161 59 0
163 59 0
164 59 0
169 59 0
170 59 0
171 59 0
172 59 0
173 59 0
174 59 0
175 59 0
176 59 0
177 59 0
178 59 0
179 59 0
38 60 0
79 60 0
91 60 0
93 60 0
122 60 0
123 60 0
136 60 0
149 60 0
150 60 0
158 60 0
162 60 0
163 60 0
164 60 0
168 60 0
169 60 0
170 60 0
171 60 0
174 60 0
178 60 0
179 60 0
185 60 0
5 61 0
90 61 0
91 61 0
93 61 0
104 61 0
105 61 0
106 61 0
111 61 0
112 61 0
113 61 0
121 61 0
122 61 0
136 61 0
149 61 0
150 61 0
161 61 0
162 61 0
163 61 0
168 61 0
169 61 0
171 61 0
178 61 0
4 62 0
5 62 0
7 62 0
8 62 0
81 62 0
82 62 0
84 62 0
85 62 0
86 62 0
87 62 0
88 62 0
89 62 0
90 62 0
91 62 0
92 62 0
93 62 0
94 62 0
103 62 0
104 62 0
105 62 0
106 62 0
107 62 0
108 62 0
121 62 0
122 62 0
136 62 0
150 62 0
163 62 0
173 62 0
175 62 0
176 62 0
177 62 0
184 62 0
4 63 0
6 63 0
7 63 0
76 63 0
77 63 0
78 63 0
80 63 0
81 63 0
82 63 0
83 63 0
85 63 0
88 63 0
89 63 0
90 63 0
91 63 0
92 63 0
93 63 0
94 63 0
101 63 0
103 63 0
104 63 0
106 63 0
107 63 0
121 63 0
122 63 0
135 63 0
136 63 0
149 63 0
150 63 0
163 63 0
164 63 0
177 63 0
178 63 0
184 63 0
6 64 0
77 64 0
78 64 0
79 64 0
92 64 0
93 64 0
100 64 0
101 64 0
103 64 0
104 64 0
106 64 0
107 64 0
121 64 0
149 64 0
163 64 0
164 64 0
177 64 0
178 64 0
6 65 0
15 65 0
16 65 0
76 65 0
78 65 0
79 65 0
90 65 0
92 65 0
104 65 0
106 65 0
120 65 0
121 65 0
148 65 0
149 65 0
162 65 0
163 65 0
177 65 0
6 66 0
15 66 0
16 66 0
76 66 0
78 66 0
92 66 0
104 66 0
106 66 0
120 66 0
121 66 0
135 66 0
148 66 0
149 66 0
162 66 0
163 66 0
177 66 0
178 66 0
4 67 0
16 67 0
78 67 0
92 67 0
105 67 0
106 67 0
119 67 0
120 67 0
121 67 0
122 67 0
134 67 0
135 67 0
148 67 0
149 67 0
163 67 0
177 67 0
28 68 0
78 68 0
92 68 0
106 68 0
120 68 0
121 68 0
122 68 0
133 68 0
135 68 0
148 68 0
149 68 0
162 68 0
163 68 0
177 68 0
25 69 0
27 69 0
77 69 0
78 69 0
90 69 0
92 69 0
105 69 0
106 69 0
119 69 0
120 69 0
121 69 0
122 69 0
133 69 0
134 69 0
135 69 0
147 69 0
148 69 0
149 69 0
162 69 0
163 69 0
176 69 0
177 69 0
26 70 0
27 70 0
78 70 0
92 70 0
104 70 0
105 70 0
106 70 0
121 70 0
134 70 0
135 70 0
147 70 0
148 70 0
149 70 0
162 70 0
163 70 0
175 70 0
177 70 0
26 71 0
78 71 0
92 71 0
106 71 0
120 71 0
121 71 0
133 71 0
147 71 0
148 71 0
149 71 0
162 71 0
163 71 0
175 71 0
177 71 0
78 72 0
91 72 0
92 72 0
106 72 0
120 72 0
121 72 0
132 72 0
133 72 0
134 72 0
135 72 0
136 72 0
139 72 0
145 72 0
146 72 0
147 72 0
148 72 0
149 72 0
150 72 0
160 72 0
161 72 0
162 72 0
163 72 0
164 72 0
167 72 0
175 72 0
176 72 0
177 72 0
78 73 0
91 73 0
92 73 0
106 73 0
120 73 0
121 73 0
131 73 0
132 73 0
133 73 0
134 73 0
135 73 0
144 73 0
145 73 0
146 73 0
147 73 0
148 73 0
149 73 0
150 73 0
151 73 0
153 73 0
157 73 0
160 73 0
161 73 0
162 73 0
163 73 0
164 73 0
167 73 0
173 73 0
174 73 0
175 73 0
176 73 0
177 73 0
178 73 0
179 73 0
180 73 0
78 74 0
92 74 0
104 74 0
105 74 0
106 74 0
118 74 0
119 74 0
120 74 0
121 74 0
122 74 0
124 74 0
125 74 0
127 74 0
129 74 0
131 74 0
132 74 0
133 74 0
134 74 0
135 74 0
148 74 0
149 74 0
157 74 0
158 74 0
161 74 0
162 74 0
163 74 0
173 74 0
174 74 0
175 74 0
176 74 0
177 74 0
178 74 0
6 75 0
63 75 0
76 75 0
78 75 0
90 75 0
92 75 0
106 75 0
116 75 0
117 75 0
118 75 0
119 75 0
120 75 0
121 75 0
122 75 0
123 75 0
124 75 0
125 75 0
126 75 0
127 75 0
129 75 0
131 75 0
132 75 0
133 75 0
134 75 0
135 75 0
147 75 0
148 75 0
149 75 0
161 75 0
162 75 0
163 75 0
175 75 0
176 75 0
177 75 0
4 76 0
5 76 0
60 76 0
61 76 0
62 76 0
63 76 0
78 76 0
88 76 0
89 76 0
90 76 0
91 76 0
94 76 0
104 76 0
105 76 0
106 76 0
109 76 0
110 76 0
114 76 0
115 76 0
116 76 0
117 76 0
118 76 0
120 76 0
121 76 0
122 76 0
123 76 0
132 76 0
134 76 0
146 76 0
147 76 0
148 76 0
161 76 0
162 76 0
174 76 0
175 76 0
176 76 0
177 76 0
4 77 0
6 77 0
61 77 0
62 77 0
63 77 0
76 77 0
81 77 0
83 77 0
84 77 0
85 77 0
88 77 0
89 77 0
90 77 0
91 77 0
92 77 0
93 77 0
94 77 0
95 77 0
102 77 0
103 77 0
104 77 0
105 77 0
106 77 0
107 77 0
108 77 0
109 77 0
110 77 0
111 77 0
112 77 0
114 77 0
115 77 0
119 77 0
120 77 0
121 77 0
132 77 0
133 77 0
134 77 0
146 77 0
147 77 0
148 77 0
160 77 0
161 77 0
162 77 0
175 77 0
176 77 0
6 78 0
16 78 0
63 78 0
64 78 0
75 78 0
76 78 0
77 78 0
81 78 0
82 78 0
84 78 0
90 78 0
91 78 0
92 78 0
93 78 0
102 78 0
103 78 0
104 78 0
105 78 0
106 78 0
107 78 0
109 78 0
119 78 0
120 78 0
121 78 0
133 78 0
134 78 0
147 78 0
148 78 0
161 78 0
162 78 0
174 78 0
175 78 0
176 78 0
6 79 0
26 79 0
63 79 0
64 79 0
75 79 0
76 79 0
77 79 0
78 79 0
79 79 0
91 79 0
92 79 0
101 79 0
103 79 0
105 79 0
106 79 0
119 79 0
120 79 0
121 79 0
132 79 0
133 79 0
134 79 0
146 79 0
147 79 0
148 79 0
160 79 0
161 79 0
162 79 0
175 79 0
176 79 0
14 80 0
15 80 0
26 80 0
61 80 0
63 80 0
73 80 0
77 80 0
78 80 0
91 80 0
105 80 0
106 80 0
120 80 0
132 80 0
134 80 0
146 80 0
147 80 0
148 80 0
161 80 0
162 80 0
175 80 0
176 80 0
16 81 0
17 81 0
63 81 0
77 81 0
78 81 0
105 81 0
132 81 0
133 81 0
134 81 0
146 81 0
148 81 0
160 81 0
161 81 0
162 81 0
175 81 0
176 81 0
16 82 0
25 82 0
63 82 0
77 82 0
90 82 0
105 82 0
120 82 0
132 82 0
133 82 0
134 82 0
146 82 0
147 82 0
148 82 0
160 82 0
161 82 0
162 82 0
174 82 0
175 82 0
176 82 0
24 83 0
25 83 0
63 83 0
77 83 0
90 83 0
103 83 0
105 83 0
118 83 0
120 83 0
133 83 0
134 83 0
146 83 0
147 83 0
148 83 0
161 83 0
162 83 0
174 83 0
175 83 0
26 84 0
27 84 0
77 84 0
90 84 0
91 84 0
103 84 0
105 84 0
118 84 0
119 84 0
120 84 0
132 84 0
133 84 0
134 84 0
146 84 0
147 84 0
160 84 0
161 84 0
162 84 0
174 84 0
175 84 0
176 84 0
26 85 0
27 85 0
61 85 0
63 85 0
90 85 0
91 85 0
92 85 0
103 85 0
105 85 0
118 85 0
120 85 0
134 85 0
146 85 0
147 85 0
160 85 0
161 85 0
162 85 0
174 85 0
175 85 0
36 86 0
63 86 0
77 86 0
90 86 0
91 86 0
92 86 0
105 86 0
119 86 0
120 86 0
132 86 0
133 86 0
134 86 0
145 86 0
146 86 0
147 86 0
160 86 0
161 86 0
174 86 0
175 86 0
35 87 0
36 87 0
49 87 0
63 87 0
77 87 0
90 87 0
91 87 0
103 87 0
105 87 0
119 87 0
130 87 0
131 87 0
132 87 0
136 87 0
137 87 0
143 87 0
144 87 0
145 87 0
146 87 0
151 87 0
153 87 0
154 87 0
155 87 0
157 87 0
158 87 0
159 87 0
160 87 0
161 87 0
174 87 0
175 87 0
176 87 0
36 88 0
37 88 0
38 88 0
39 88 0
61 88 0
63 88 0
75 88 0
77 88 0
91 88 0
103 88 0
105 88 0
117 88 0
119 88 0
126 88 0
129 88 0
130 88 0
131 88 0
132 88 0
133 88 0
134 88 0
138 88 0
141 88 0
143 88 0
144 88 0
145 88 0
146 88 0
147 88 0
148 88 0
152 88 0
153 88 0
157 88 0
159 88 0
160 88 0
161 88 0
162 88 0
163 88 0
164 88 0
165 88 0
170 88 0
171 88 0
172 88 0
173 88 0
174 88 0
175 88 0
176 88 0
177 88 0
178 88 0
26 89 0
38 89 0
39 89 0
63 89 0
77 89 0
91 89 0
103 89 0
117 89 0
119 89 0
122 89 0
125 89 0
126 89 0
127 89 0
128 89 0
129 89 0
131 89 0
132 89 0
133 89 0
134 89 0
143 89 0
144 89 0
145 89 0
146 89 0
147 89 0
148 89 0
159 89 0
160 89 0
161 89 0
167 89 0
169 89 0
170 89 0
171 89 0
172 89 0
173 89 0
174 89 0
175 89 0
176 89 0
185 89 0
186 89 0
4 90 0
5 90 0
37 90 0
38 90 0
46 90 0
48 90 0
50 90 0
63 90 0
117 90 0
118 90 0
121 90 0
122 90 0
123 90 0
124 90 0
125 90 0
126 90 0
127 90 0
132 90 0
133 90 0
134 90 0
145 90 0
146 90 0
147 90 0
159 90 0
160 90 0
161 90 0
173 90 0
174 90 0
175 90 0
185 90 0
4 91 0
5 91 0
7 91 0
38 91 0
47 91 0
48 91 0
49 91 0
50 91 0
53 91 0
77 91 0
90 91 0
93 91 0
103 91 0
115 91 0
116 91 0
117 91 0
118 91 0
119 91 0
120 91 0
132 91 0
133 91 0
145 91 0
146 91 0
147 91 0
159 91 0
160 91 0
173 91 0
174 91 0
175 91 0
6 92 0
49 92 0
50 92 0
60 92 0
61 92 0
62 92 0
77 92 0
87 92 0
88 92 0
89 92 0
90 92 0
92 92 0
93 92 0
94 92 0
102 92 0
103 92 0
104 92 0
109 92 0
111 92 0
115 92 0
116 92 0
117 92 0
119 92 0
120 92 0
132 92 0
133 92 0
145 92 0
146 92 0
159 92 0
160 92 0
173 92 0
174 92 0
6 93 0
15 93 0
16 93 0
38 93 0
49 93 0
60 93 0
61 93 0
62 93 0
63 93 0
64 93 0
66 93 0
75 93 0
77 93 0
86 93 0
87 93 0
88 93 0
89 93 0
90 93 0
91 93 0
92 93 0
93 93 0
99 93 0
102 93 0
103 93 0
104 93 0
105 93 0
106 93 0
107 93 0
108 93 0
109 93 0
110 93 0
111 93 0
112 93 0
113 93 0
114 93 0
115 93 0
117 93 0
119 93 0
120 93 0
132 93 0
133 93 0
145 93 0
146 93 0
159 93 0
160 93 0
172 93 0
173 93 0
174 93 0
185 93 0
6 94 0
15 94 0
16 94 0
17 94 0
61 94 0
63 94 0
69 94 0
70 94 0
74 94 0
75 94 0
80 94 0
81 94 0
82 94 0
83 94 0
87 94 0
89 94 0
91 94 0
92 94 0
101 94 0
102 94 0
103 94 0
104 94 0
105 94 0
106 94 0
119 94 0
131 94 0
132 94 0
133 94 0
145 94 0
146 94 0
159 94 0
160 94 0
172 94 0
174 94 0
185 94 0
186 94 0
17 95 0
62 95 0
63 95 0
75 95 0
76 95 0
77 95 0
78 95 0
89 95 0
91 95 0
103 95 0
104 95 0
105 95 0
117 95 0
118 95 0
119 95 0
132 95 0
133 95 0
145 95 0
146 95 0
158 95 0
159 95 0
160 95 0
172 95 0
173 95 0
174 95 0
185 95 0
186 95 0
17 96 0
63 96 0
75 96 0
77 96 0
90 96 0
91 96 0
103 96 0
104 96 0
105 96 0
117 96 0
119 96 0
131 96 0
132 96 0
133 96 0
145 96 0
146 96 0
159 96 0
160 96 0
172 96 0
173 96 0
174 96 0
185 96 0
25 97 0
38 97 0
75 97 0
77 97 0
89 97 0
91 97 0
103 97 0
104 97 0
105 97 0
131 97 0
132 97 0
133 97 0
145 97 0
146 97 0
158 97 0
159 97 0
160 97 0
172 97 0
173 97 0
174 97 0
185 97 0
186 97 0
24 98 0
25 98 0
26 98 0
77 98 0
90 98 0
91 98 0
104 98 0
117 98 0
118 98 0
119 98 0
146 98 0
158 98 0
159 98 0
160 98 0
172 98 0
173 98 0
174 98 0
184 98 0
186 98 0
26 99 0
27 99 0
47 99 0
77 99 0
89 99 0
90 99 0
102 99 0
103 99 0
104 99 0
117 99 0
118 99 0
119 99 0
132 99 0
145 99 0
146 99 0
158 99 0
159 99 0
160 99 0
172 99 0
173 99 0
174 99 0
185 99 0
186 99 0
26 100 0
27 100 0
76 100 0
77 100 0
89 100 0
90 100 0
102 100 0
103 100 0
104 100 0
117 100 0
118 100 0
119 100 0
131 100 0
132 100 0
133 100 0
144 100 0
158 100 0
159 100 0
172 100 0
173 100 0
26 101 0
37 101 0
38 101 0
47 101 0
75 101 0
76 101 0
77 101 0
89 101 0
90 101 0
91 101 0
104 101 0
117 101 0
118 101 0
119 101 0
131 101 0
132 101 0
133 101 0
134 101 0
135 101 0
136 101 0
137 101 0
140 101 0
143 101 0
144 101 0
145 101 0
146 101 0
147 101 0
149 101 0
151 101 0
157 101 0
158 101 0
159 101 0
172 101 0
173 101 0
37 102 0
38 102 0
76 102 0
77 102 0
89 102 0
90 102 0
91 102 0
104 102 0
117 102 0
118 102 0
119 102 0
130 102 0
131 102 0
134 102 0
135 102 0
136 102 0
137 102 0
140 102 0
142 102 0
143 102 0
144 102 0
145 102 0
146 102 0
147 102 0
148 102 0
149 102 0
155 102 0
156 102 0
157 102 0
158 102 0
159 102 0
160 102 0
169 102 0
170 102 0
171 102 0
172 102 0
173 102 0
184 102 0
5 103 0
38 103 0
63 103 0
89 103 0
90 103 0
91 103 0
102 103 0
104 103 0
117 103 0
118 103 0
119 103 0
129 103 0
130 103 0
131 103 0
132 103 0
133 103 0
134 103 0
143 103 0
145 103 0
146 103 0
157 103 0
158 103 0
159 103 0
160 103 0
168 103 0
169 103 0
170 103 0
171 103 0
172 103 0
173 103 0
183 103 0
184 103 0
4 104 0
5 104 0
38 104 0
48 104 0
49 104 0
77 104 0
89 104 0
102 104 0
104 104 0
117 104 0
119 104 0
125 104 0
127 104 0
130 104 0
131 104 0
132 104 0
133 104 0
145 104 0
157 104 0
158 104 0
159 104 0
169 104 0
170 104 0
171 104 0
172 104 0
173 104 0
183 104 0
184 104 0
185 104 0
186 104 0
6 105 0
7 105 0
38 105 0
48 105 0
50 105 0
51 105 0
63 105 0
77 105 0
89 105 0
102 105 0
103 105 0
104 105 0
108 105 0
115 105 0
116 105 0
117 105 0
118 105 0
119 105 0
121 105 0
122 105 0
123 105 0
132 105 0
133 105 0
145 105 0
157 105 0
158 105 0
159 105 0
171 105 0
172 105 0
173 105 0
183 105 0
184 105 0
185 105 0
186 105 0
6 106 0
7 106 0
17 106 0
47 106 0
48 106 0
50 106 0
51 106 0
61 106 0
63 106 0
77 106 0
89 106 0
90 106 0
91 106 0
103 106 0
107 106 0
108 106 0
109 106 0
116 106 0
117 106 0
118 106 0
119 106 0
121 106 0
122 106 0
123 106 0
124 106 0
125 106 0
131 106 0
132 106 0
145 106 0
157 106 0
158 106 0
171 106 0
172 106 0
173 106 0
185 106 0
16 107 0
49 107 0
50 107 0
60 107 0
61 107 0
87 107 0
88 107 0
89 107 0
90 107 0
102 107 0
103 107 0
105 107 0
106 107 0
107 107 0
118 107 0
119 107 0
130 107 0
131 107 0
132 107 0
143 107 0
145 107 0
157 107 0
158 107 0
172 107 0
18 108 0
49 108 0
50 108 0
60 108 0
61 108 0
62 108 0
75 108 0
87 108 0
88 108 0
89 108 0
90 108 0
91 108 0
101 108 0
102 108 0
103 108 0
104 108 0
105 108 0
106 108 0
118 108 0
119 108 0
130 108 0
131 108 0
132 108 0
143 108 0
145 108 0
157 108 0
158 108 0
171 108 0
172 108 0
183 108 0
18 109 0
63 109 0
64 109 0
71 109 0
74 109 0
75 109 0
76 109 0
77 109 0
78 109 0
90 109 0
91 109 0
95 109 0
98 109 0
99 109 0
101 109 0
102 109 0
103 109 0
104 109 0
105 109 0
117 109 0
118 109 0
130 109 0
131 109 0
132 109 0
143 109 0
144 109 0
145 109 0
157 109 0
158 109 0
170 109 0
171 109 0
172 109 0
183 109 0
184 109 0
49 110 0
63 110 0
71 110 0
73 110 0
74 110 0
75 110 0
76 110 0
77 110 0
78 110 0
90 110 0
99 110 0
100 110 0
104 110 0
105 110 0
117 110 0
118 110 0
130 110 0
132 110 0
143 110 0
144 110 0
145 110 0
158 110 0
170 110 0
171 110 0
172 110 0
183 110 0
184 110 0
25 111 0
26 111 0
63 111 0
75 111 0
76 111 0
77 111 0
90 111 0
104 111 0
105 111 0
115 111 0
118 111 0
131 111 0
132 111 0
145 111 0
157 111 0
158 111 0
170 111 0
171 111 0
183 111 0
184 111 0
28 112 0
29 112 0
30 112 0
77 112 0
90 112 0
104 112 0
116 112 0
117 112 0
118 112 0
130 112 0
131 112 0
144 112 0
145 112 0
157 112 0
158 112 0
170 112 0
171 112 0
183 112 0
184 112 0
28 113 0
61 113 0
63 113 0
88 113 0
90 113 0
104 113 0
116 113 0
117 113 0
118 113 0
129 113 0
130 113 0
131 113 0
143 113 0
144 113 0
156 113 0
157 113 0
158 113 0
170 113 0
171 113 0
182 113 0
184 113 0
63 114 0
76 114 0
77 114 0
89 114 0
90 114 0
103 114 0
104 114 0
116 114 0
117 114 0
118 114 0
129 114 0
130 114 0
131 114 0
143 114 0
144 114 0
145 114 0
156 114 0
157 114 0
158 114 0
169 114 0
170 114 0
171 114 0
182 114 0
183 114 0
184 114 0
37 115 0
38 115 0
76 115 0
77 115 0
89 115 0
90 115 0
104 115 0
116 115 0
117 115 0
118 115 0
129 115 0
131 115 0
142 115 0
143 115 0
145 115 0
146 115 0
147 115 0
148 115 0
153 115 0
155 115 0
156 115 0
157 115 0
169 115 0
170 115 0
171 115 0
182 115 0
183 115 0
184 115 0
38 116 0
39 116 0
74 116 0
90 116 0
104 116 0
116 116 0
117 116 0
118 116 0
129 116 0
131 116 0
132 116 0
141 116 0
142 116 0
143 116 0
144 116 0
145 116 0
146 116 0
153 116 0
154 116 0
155 116 0
156 116 0
157 116 0
158 116 0
159 116 0
169 116 0
170 116 0
182 116 0
183 116 0
184 116 0
6 117 0
39 117 0
40 117 0
61 117 0
90 117 0
116 117 0
117 117 0
118 117 0
128 117 0
129 117 0
130 117 0
131 117 0
136 117 0
138 117 0
140 117 0
141 117 0
144 117 0
145 117 0
156 117 0
157 117 0
158 117 0
159 117 0
167 117 0
168 117 0
169 117 0
170 117 0
171 117 0
180 117 0
181 117 0
182 117 0
183 117 0
6 118 0
39 118 0
61 118 0
63 118 0
75 118 0
76 118 0
77 118 0
90 118 0
102 118 0
103 118 0
104 118 0
117 118 0
118 118 0
121 118 0
124 118 0
126 118 0
127 118 0
128 118 0
129 118 0
130 118 0
131 118 0
132 118 0
133 118 0
135 118 0
136 118 0
143 118 0
144 118 0
155 118 0
156 118 0
157 118 0
168 118 0
169 118 0
170 118 0
171 118 0
181 118 0
182 118 0
183 118 0
184 118 0
8 119 0
48 119 0
49 119 0
63 119 0
89 119 0
102 119 0
104 119 0
116 119 0
120 119 0
121 119 0
122 119 0
123 119 0
126 119 0
130 119 0
131 119 0
142 119 0
143 119 0
144 119 0
155 119 0
156 119 0
157 119 0
169 119 0
170 119 0
171 119 0
181 119 0
182 119 0
183 119 0
184 119 0
17 120 0
39 120 0
48 120 0
49 120 0
88 120 0
104 120 0
115 120 0
116 120 0
121 120 0
129 120 0
130 120 0
131 120 0
142 120 0
143 120 0
144 120 0
155 120 0
156 120 0
157 120 0
170 120 0
183 120 0
17 121 0
50 121 0
51 121 0
61 121 0
88 121 0
91 121 0
103 121 0
104 121 0
113 121 0
115 121 0
116 121 0
117 121 0
118 121 0
119 121 0
129 121 0
131 121 0
142 121 0
143 121 0
155 121 0
156 121 0
170 121 0
181 121 0
182 121 0
183 121 0
18 122 0
50 122 0
61 122 0
62 122 0
81 122 0
83 122 0
85 122 0
87 122 0
88 122 0
89 122 0
90 122 0
101 122 0
102 122 0
103 122 0
108 122 0
110 122 0
113 122 0
114 122 0
115 122 0
116 122 0
117 122 0
118 122 0
129 122 0
131 122 0
142 122 0
143 122 0
155 122 0
156 122 0
170 122 0
183 122 0
18 123 0
61 123 0
62 123 0
63 123 0
64 123 0
74 123 0
75 123 0
80 123 0
81 123 0
82 123 0
87 123 0
88 123 0
90 123 0
91 123 0
101 123 0
102 123 0
103 123 0
104 123 0
106 123 0
107 123 0
108 123 0
110 123 0
114 123 0
115 123 0
117 123 0
118 123 0
129 123 0
130 123 0
131 123 0
142 123 0
143 123 0
155 123 0
156 123 0
170 123 0
183 123 0
28 124 0
63 124 0
64 124 0
74 124 0
75 124 0
76 124 0
77 124 0
88 124 0
90 124 0
103 124 0
104 124 0
114 124 0
115 124 0
117 124 0
118 124 0
129 124 0
130 124 0
131 124 0
142 124 0
143 124 0
154 124 0
155 124 0
156 124 0
27 125 0
28 125 0
29 125 0
63 125 0
76 125 0
77 125 0
88 125 0
89 125 0
90 125 0
102 125 0
103 125 0
104 125 0
116 125 0
117 125 0
129 125 0
130 125 0
131 125 0
141 125 0
142 125 0
143 125 0
154 125 0
155 125 0
156 125 0
168 125 0
169 125 0
170 125 0
181 125 0
182 125 0
183 125 0
2 126 0
29 126 0
30 126 0
63 126 0
77 126 0
102 126 0
103 126 0
104 126 0
116 126 0
117 126 0
141 126 0
143 126 0
154 126 0
155 126 0
156 126 0
168 126 0
181 126 0
182 126 0
2 127 0
29 127 0
63 127 0
88 127 0
89 127 0
102 127 0
103 127 0
116 127 0
117 127 0
129 127 0
130 127 0
131 127 0
141 127 0
142 127 0
143 127 0
154 127 0
168 127 0
169 127 0
181 127 0
182 127 0
75 128 0
88 128 0
89 128 0
90 128 0
102 128 0
103 128 0
104 128 0
116 128 0
117 128 0
129 128 0
130 128 0
131 128 0
140 128 0
141 128 0
142 128 0
145 128 0
146 128 0
154 128 0
155 128 0
156 128 0
168 128 0
169 128 0
170 128 0
182 128 0
8 129 0
38 129 0
75 129 0
77 129 0
102 129 0
103 129 0
104 129 0
117 129 0
129 129 0
130 129 0
135 129 0
136 129 0
137 129 0
140 129 0
141 129 0
142 129 0
143 129 0
144 129 0
145 129 0
148 129 0
153 129 0
154 129 0
155 129 0
156 129 0
167 129 0
168 129 0
169 129 0
181 129 0
182 129 0
7 130 0
8 130 0
40 130 0
50 130 0
75 130 0
77 130 0
88 130 0
89 130 0
90 130 0
103 130 0
104 130 0
117 130 0
128 130 0
129 130 0
130 130 0
133 130 0
134 130 0
135 130 0
136 130 0
142 130 0
143 130 0
153 130 0
154 130 0
155 130 0
156 130 0
164 130 0
166 130 0
167 130 0
168 130 0
169 130 0
170 130 0
179 130 0
180 130 0
181 130 0
182 130 0
9 131 0
40 131 0
50 131 0
64 131 0
75 131 0
77 131 0
89 131 0
90 131 0
116 131 0
117 131 0
127 131 0
128 131 0
129 131 0
130 131 0
131 131 0
132 131 0
142 131 0
153 131 0
154 131 0
155 131 0
156 131 0
167 131 0
168 131 0
169 131 0
170 131 0
178 131 0
179 131 0
180 131 0
181 131 0
182 131 0
64 132 0
75 132 0
77 132 0
88 132 0
102 132 0
103 132 0
115 132 0
116 132 0
117 132 0
122 132 0
125 132 0
128 132 0
129 132 0
130 132 0
131 132 0
140 132 0
142 132 0
154 132 0
155 132 0
167 132 0
168 132 0
169 132 0
181 132 0
182 132 0
18 133 0
19 133 0
49 133 0
53 133 0
63 133 0
77 133 0
88 133 0
89 133 0
90 133 0
102 133 0
103 133 0
116 133 0
121 133 0
122 133 0
123 133 0
125 133 0
126 133 0
130 133 0
131 133 0
140 133 0
141 133 0
142 133 0
153 133 0
155 133 0
167 133 0
168 133 0
169 133 0
179 133 0
181 133 0
18 134 0
20 134 0
48 134 0
49 134 0
51 134 0
62 134 0
77 134 0
87 134 0
89 134 0
90 134 0
102 134 0
103 134 0
114 134 0
115 134 0
116 134 0
117 134 0
120 134 0
121 134 0
128 134 0
129 134 0
130 134 0
141 134 0
142 134 0
153 134 0
154 134 0
155 134 0
167 134 0
168 134 0
169 134 0
179 134 0
181 134 0
20 135 0
50 135 0
51 135 0
62 135 0
86 135 0
87 135 0
88 135 0
89 135 0
92 135 0
100 135 0
102 135 0
103 135 0
104 135 0
105 135 0
113 135 0
114 135 0
115 135 0
116 135 0
117 135 0
118 135 0
129 135 0
130 135 0
142 135 0
153 135 0
154 135 0
155 135 0
166 135 0
167 135 0
168 135 0
179 135 0
181 135 0
2 136 0
3 136 0
20 136 0
29 136 0
51 136 0
61 136 0
62 136 0
63 136 0
64 136 0
76 136 0
83 136 0
84 136 0
87 136 0
89 136 0
90 136 0
99 136 0
100 136 0
101 136 0
102 136 0
103 136 0
104 136 0
105 136 0
111 136 0
112 136 0
113 136 0
114 136 0
115 136 0
117 136 0
118 136 0
128 136 0
129 136 0
141 136 0
142 136 0
153 136 0
154 136 0
155 136 0
167 136 0
168 136 0
179 136 0
180 136 0
181 136 0
1 137 0
2 137 0
3 137 0
8 137 0
9 137 0
29 137 0
51 137 0
64 137 0
75 137 0
76 137 0
77 137 0
78 137 0
89 137 0
90 137 0
99 137 0
100 137 0
101 137 0
102 137 0
103 137 0
104 137 0
117 137 0
128 137 0
129 137 0
130 137 0
140 137 0
141 137 0
142 137 0
167 137 0
168 137 0
179 137 0
180 137 0
4 138 0
5 138 0
6 138 0
7 138 0
8 138 0
9 138 0
10 138 0
11 138 0
12 138 0
13 138 0
31 138 0
32 138 0
64 138 0
77 138 0
78 138 0
89 138 0
103 138 0
104 138 0
117 138 0
129 138 0
130 138 0
140 138 0
141 138 0
154 138 0
166 138 0
167 138 0
168 138 0
179 138 0
180 138 0
9 139 0
11 139 0
12 139 0
13 139 0
14 139 0
15 139 0
16 139 0
17 139 0
18 139 0
19 139 0
31 139 0
77 139 0
78 139 0
88 139 0
89 139 0
101 139 0
102 139 0
103 139 0
117 139 0
128 139 0
129 139 0
140 139 0
141 139 0
154 139 0
167 139 0
168 139 0
179 139 0
180 139 0
15 140 0
16 140 0
17 140 0
18 140 0
19 140 0
20 140 0
21 140 0
22 140 0
23 140 0
24 140 0
25 140 0
26 140 0
27 140 0
29 140 0
31 140 0
77 140 0
89 140 0
101 140 0
103 140 0
117 140 0
129 140 0
139 140 0
140 140 0
141 140 0
154 140 0
167 140 0
178 140 0
179 140 0
180 140 0
23 141 0
24 141 0
25 141 0
26 141 0
27 141 0
28 141 0
29 141 0
30 141 0
31 141 0
32 141 0
33 141 0
40 141 0
41 141 0
75 141 0
77 141 0
101 141 0
103 141 0
115 141 0
117 141 0
128 141 0
129 141 0
139 141 0
140 141 0
141 141 0
150 141 0
151 141 0
152 141 0
153 141 0
154 141 0
171 141 0
178 141 0
179 141 0
180 141 0
30 142 0
32 142 0
33 142 0
34 142 0
35 142 0
36 142 0
37 142 0
38 142 0
39 142 0
40 142 0
41 142 0
49 142 0
77 142 0
88 142 0
89 142 0
90 142 0
101 142 0
102 142 0
103 142 0
116 142 0
117 142 0
134 142 0
135 142 0
138 142 0
139 142 0
140 142 0
141 142 0
142 142 0
151 142 0
152 142 0
153 142 0
154 142 0
155 142 0
164 142 0
165 142 0
166 142 0
167 142 0
171 142 0
177 142 0
178 142 0
179 142 0
180 142 0
37 143 0
38 143 0
39 143 0
40 143 0
44 143 0
45 143 0
46 143 0
47 143 0
48 143 0
49 143 0
50 143 0
51 143 0
64 143 0
77 143 0
88 143 0
89 143 0
90 143 0
101 143 0
102 143 0
103 143 0
116 143 0
117 143 0
126 143 0
127 143 0
128 143 0
132 143 0
133 143 0
140 143 0
141 143 0
152 143 0
153 143 0
154 143 0
161 143 0
164 143 0
165 143 0
166 143 0
167 143 0
177 143 0
178 143 0
179 143 0
2 144 0
8 144 0
45 144 0
46 144 0
47 144 0
48 144 0
49 144 0
50 144 0
51 144 0
52 144 0
53 144 0
54 144 0
55 144 0
56 144 0
57 144 0
58 144 0
59 144 0
60 144 0
63 144 0
77 144 0
89 144 0
90 144 0
102 144 0
103 144 0
116 144 0
117 144 0
126 144 0
127 144 0
128 144 0
129 144 0
130 144 0
131 144 0
132 144 0
140 144 0
141 144 0
152 144 0
153 144 0
154 144 0
165 144 0
166 144 0
167 144 0
178 144 0
179 144 0
180 144 0
182 144 0
183 144 0
184 144 0
185 144 0
186 144 0
1 145 0
2 145 0
3 145 0
4 145 0
5 145 0
6 145 0
9 145 0
53 145 0
54 145 0
55 145 0
56 145 0
57 145 0
58 145 0
59 145 0
60 145 0
61 145 0
62 145 0
63 145 0
64 145 0
65 145 0
66 145 0
67 145 0
68 145 0
69 145 0
70 145 0
72 145 0
74 145 0
76 145 0
77 145 0
88 145 0
89 145 0
90 145 0
102 145 0
103 145 0
115 145 0
124 145 0
126 145 0
127 145 0
128 145 0
129 145 0
139 145 0
140 145 0
153 145 0
164 145 0
165 145 0
170 145 0
171 145 0
172 145 0
173 145 0
174 145 0
175 145 0
176 145 0
177 145 0
178 145 0
180 145 0
181 145 0
182 145 0
183 145 0
184 145 0
6 146 0
7 146 0
8 146 0
9 146 0
10 146 0
12 146 0
13 146 0
14 146 0
15 146 0
65 146 0
66 146 0
67 146 0
68 146 0
69 146 0
70 146 0
71 146 0
72 146 0
73 146 0
74 146 0
75 146 0
76 146 0
77 146 0
78 146 0
79 146 0
80 146 0
81 146 0
82 146 0
83 146 0
84 146 0
85 146 0
86 146 0
87 146 0
88 146 0
89 146 0
91 146 0
92 146 0
101 146 0
102 146 0
103 146 0
115 146 0
116 146 0
120 146 0
122 146 0
125 146 0
126 146 0
127 146 0
128 146 0
129 146 0
133 146 0
138 146 0
139 146 0
140 146 0
150 146 0
151 146 0
152 146 0
154 146 0
155 146 0
156 146 0
157 146 0
158 146 0
159 146 0
160 146 0
161 146 0
162 146 0
163 146 0
164 146 0
165 146 0
166 146 0
167 146 0
168 146 0
169 146 0
170 146 0
171 146 0
172 146 0
173 146 0
174 146 0
175 146 0
6 147 0
10 147 0
12 147 0
13 147 0
15 147 0
16 147 0
17 147 0
18 147 0
19 147 0
25 147 0
79 147 0
80 147 0
81 147 0
82 147 0
83 147 0
84 147 0
85 147 0
86 147 0
87 147 0
88 147 0
89 147 0
90 147 0
91 147 0
92 147 0
93 147 0
94 147 0
95 147 0
96 147 0
97 147 0
98 147 0
99 147 0
100 147 0
101 147 0
102 147 0
103 147 0
104 147 0
105 147 0
106 147 0
107 147 0
108 147 0
109 147 0
110 147 0
111 147 0
112 147 0
113 147 0
114 147 0
115 147 0
116 147 0
117 147 0
118 147 0
119 147 0
120 147 0
121 147 0
122 147 0
123 147 0
124 147 0
125 147 0
126 147 0
127 147 0
128 147 0
129 147 0
130 147 0
131 147 0
132 147 0
133 147 0
134 147 0
135 147 0
136 147 0
137 147 0
138 147 0
139 147 0
140 147 0
141 147 0
142 147 0
143 147 0
144 147 0
145 147 0
146 147 0
147 147 0
148 147 0
149 147 0
150 147 0
151 147 0
152 147 0
153 147 0
154 147 0
155 147 0
156 147 0
157 147 0
158 147 0
162 147 0
5 148 0
7 148 0
12 148 0
16 148 0
17 148 0
18 148 0
19 148 0
20 148 0
22 148 0
23 148 0
24 148 0
27 148 0
97 148 0
98 148 0
99 148 0
100 148 0
101 148 0
102 148 0
105 148 0
106 148 0
107 148 0
108 148 0
109 148 0
110 148 0
111 148 0
112 148 0
113 148 0
114 148 0
115 148 0
116 148 0
118 148 0
119 148 0
120 148 0
127 148 0
130 148 0
131 148 0
132 148 0
133 148 0
7 149 0
22 149 0
23 149 0
24 149 0
25 149 0
26 149 0
27 149 0
33 149 0
34 149 0
7 150 0
28 150 0
29 150 0
33 150 0
34 150 0
36 150 0
42 150 0
184 150 0
33 151 0
37 151 0
43 151 0
44 151 0
45 151 0
47 151 0
49 151 0
55 151 0
175 151 0
177 151 0
178 151 0
179 151 0
180 151 0
181 151 0
182 151 0
183 151 0
184 151 0
43 152 0
44 152 0
45 152 0
48 152 0
52 152 0
53 152 0
54 152 0
55 152 0
56 152 0
57 152 0
58 152 0
59 152 0
60 152 0
65 152 0
166 152 0
170 152 0
171 152 0
172 152 0
173 152 0
174 152 0
177 152 0
178 152 0
179 152 0
12 153 0
33 153 0
52 153 0
53 153 0
55 153 0
56 153 0
58 153 0
65 153 0
66 153 0
68 153 0
69 153 0
70 153 0
71 153 0
72 153 0
73 153 0
155 153 0
158 153 0
159 153 0
165 153 0
166 153 0
177 153 0
2 154 0
14 154 0
42 154 0
43 154 0
65 154 0
66 154 0
68 154 0
69 154 0
70 154 0
71 154 0
72 154 0
73 154 0
74 154 0
75 154 0
78 154 0
80 154 0
81 154 0
82 154 0
83 154 0
85 154 0
86 154 0
90 154 0
93 154 0
102 154 0
108 154 0
116 154 0
117 154 0
128 154 0
132 154 0
135 154 0
140 154 0
141 154 0
142 154 0
143 154 0
144 154 0
145 154 0
146 154 0
147 154 0
152 154 0
153 154 0
154 154 0
165 154 0
166 154 0
175 154 0
176 154 0
177 154 0
4 155 0
14 155 0
43 155 0
65 155 0
73 155 0
74 155 0
78 155 0
79 155 0
80 155 0
81 155 0
82 155 0
83 155 0
84 155 0
85 155 0
86 155 0
87 155 0
88 155 0
90 155 0
91 155 0
92 155 0
93 155 0
94 155 0
95 155 0
96 155 0
97 155 0
98 155 0
99 155 0
100 155 0
103 155 0
104 155 0
105 155 0
106 155 0
107 155 0
108 155 0
109 155 0
110 155 0
111 155 0
112 155 0
113 155 0
114 155 0
116 155 0
117 155 0
118 155 0
119 155 0
120 155 0
121 155 0
122 155 0
128 155 0
129 155 0
130 155 0
131 155 0
132 155 0
133 155 0
134 155 0
135 155 0
136 155 0
137 155 0
139 155 0
140 155 0
141 155 0
142 155 0
144 155 0
145 155 0
146 155 0
151 155 0
152 155 0
153 155 0
159 155 0
161 155 0
165 155 0
166 155 0
175 155 0
177 155 0
178 155 0
4 156 0
90 156 0
91 156 0
92 156 0
93 156 0
94 156 0
95 156 0
96 156 0
97 156 0
103 156 0
104 156 0
116 156 0
117 156 0
126 156 0
128 156 0
129 156 0
130 156 0
131 156 0
132 156 0
133 156 0
134 156 0
139 156 0
140 156 0
151 156 0
152 156 0
165 156 0
177 156 0
22 157 0
23 157 0
78 157 0
103 157 0
116 157 0
125 157 0
126 157 0
127 157 0
128 157 0
129 157 0
137 157 0
139 157 0
151 157 0
163 157 0
165 157 0
24 158 0
51 158 0
52 158 0
89 158 0
103 158 0
127 158 0
128 158 0
139 158 0
151 158 0
24 159 0
53 159 0
54 159 0
88 159 0
89 159 0
90 159 0
114 159 0
128 159 0
151 159 0
163 159 0
164 159 0
176 159 0
33 160 0
34 160 0
53 160 0
54 160 0
64 160 0
65 160 0
78 160 0
90 160 0
91 160 0
101 160 0
102 160 0
112 160 0
113 160 0
114 160 0
116 160 0
126 160 0
127 160 0
151 160 0
164 160 0
176 160 0
34 161 0
54 161 0
65 161 0
66 161 0
77 161 0
78 161 0
90 161 0
91 161 0
100 161 0
101 161 0
102 161 0
103 161 0
115 161 0
116 161 0
127 161 0
139 161 0
149 161 0
150 161 0
151 161 0
164 161 0
66 162 0
76 162 0
77 162 0
78 162 0
79 162 0
90 162 0
91 162 0
102 162 0
103 162 0
115 162 0
116 162 0
127 162 0
151 162 0
176 162 0
4 163 0
5 163 0
77 163 0
78 163 0
79 163 0
90 163 0
103 163 0
115 163 0
116 163 0
126 163 0
127 163 0
142 163 0
149 163 0
151 163 0
163 163 0
185 163 0
186 163 0
43 164 0
66 164 0
79 164 0
103 164 0
116 164 0
127 164 0
136 164 0
137 164 0
138 164 0
149 164 0
151 164 0
174 164 0
175 164 0
185 164 0
187 164 0
17 165 0
43 165 0
44 165 0
66 165 0
103 165 0
136 165 0
137 165 0
138 165 0
139 165 0
149 165 0
150 165 0
160 165 0
161 165 0
162 165 0
163 165 0
173 165 0
175 165 0
176 165 0
2 166 0
45 166 0
89 166 0
103 166 0
138 166 0
139 166 0
150 166 0
162 166 0
163 166 0
164 166 0
175 166 0
24 167 0
45 167 0
66 167 0
79 167 0
89 167 0
91 167 0
124 167 0
125 167 0
126 167 0
127 167 0
138 167 0
150 167 0
163 167 0
175 167 0
6 168 0
7 168 0
13 168 0
26 168 0
114 168 0
124 168 0
127 168 0
128 168 0
138 168 0
150 168 0
162 168 0
163 168 0
184 168 0
13 169 0
26 169 0
53 169 0
103 169 0
122 169 0
127 169 0
128 169 0
138 169 0
150 169 0
162 169 0
35 170 0
55 170 0
90 170 0
114 170 0
118 170 0
119 170 0
127 170 0
136 170 0
137 170 0
138 170 0
174 170 0
35 171 0
37 171 0
55 171 0
89 171 0
90 171 0
91 171 0
92 171 0
98 171 0
100 171 0
101 171 0
102 171 0
113 171 0
114 171 0
115 171 0
116 171 0
117 171 0
127 171 0
138 171 0
149 171 0
150 171 0
157 171 0
159 171 0
161 171 0
174 171 0
7 172 0
36 172 0
37 172 0
65 172 0
66 172 0
77 172 0
78 172 0
91 172 0
92 172 0
101 172 0
103 172 0
114 172 0
115 172 0
116 172 0
126 172 0
127 172 0
138 172 0
148 172 0
149 172 0
153 172 0
154 172 0
155 172 0
156 172 0
157 172 0
158 172 0
2 173 0
67 173 0
79 173 0
80 173 0
91 173 0
103 173 0
116 173 0
126 173 0
127 173 0
147 173 0
148 173 0
151 173 0
152 173 0
153 173 0
162 173 0
183 173 0
185 173 0
4 174 0
20 174 0
67 174 0
79 174 0
80 174 0
91 174 0
103 174 0
116 174 0
127 174 0
135 174 0
136 174 0
137 174 0
142 174 0
143 174 0
144 174 0
148 174 0
149 174 0
150 174 0
162 174 0
185 174 0
20 175 0
46 175 0
67 175 0
80 175 0
91 175 0
103 175 0
114 175 0
116 175 0
126 175 0
132 175 0
135 175 0
137 175 0
138 175 0
142 175 0
146 175 0
147 175 0
148 175 0
149 175 0
150 175 0
159 175 0
160 175 0
161 175 0
171 175 0
2 176 0
15 176 0
47 176 0
101 176 0
103 176 0
114 176 0
115 176 0
116 176 0
125 176 0
137 176 0
141 176 0
142 176 0
149 176 0
150 176 0
161 176 0
162 176 0
173 176 0
174 176 0
16 177 0
27 177 0
56 177 0
91 177 0
103 177 0
116 177 0
125 177 0
126 177 0
127 177 0
128 177 0
136 177 0
139 177 0
140 177 0
145 177 0
149 177 0
161 177 0
173 177 0
126 178 0
127 178 0
138 178 0
71 48 1
63 49 1
70 49 1
71 49 1
65 50 1
66 50 1
67 50 1
70 50 1
75 50 1
65 51 1
66 51 1
67 51 1
70 51 1
71 51 1
75 51 1
67 52 1
68 52 1
69 52 1
66 53 1
67 53 1
68 53 1
69 53 1
66 54 1
67 54 1
68 54 1
69 54 1
71 54 1
75 54 1
56 55 1
66 55 1
76 55 1
77 55 1
56 56 1
57 56 1
64 56 1
65 56 1
66 56 1
67 56 1
76 56 1
77 56 1
78 56 1
79 56 1
55 57 1
56 57 1
63 57 1
65 57 1
67 57 1
68 57 1
77 57 1
78 57 1
79 57 1
80 57 1
55 58 1
56 58 1
63 58 1
64 58 1
67 58 1
68 58 1
77 58 1
78 58 1
79 58 1
80 58 1
81 58 1
82 58 1
83 58 1
54 59 1
55 59 1
56 59 1
62 59 1
66 59 1
77 59 1
78 59 1
79 59 1
80 59 1
81 59 1
82 59 1
83 59 1
84 59 1
55 60 1
56 60 1
57 60 1
61 60 1
65 60 1
77 60 1
78 60 1
79 60 1
80 60 1
81 60 1
82 60 1
55 61 1
56 61 1
57 61 1
62 61 1
63 61 1
77 61 1
78 61 1
79 61 1
80 61 1
82 61 1
55 62 1
56 62 1
57 62 1
58 62 1
77 62 1
78 62 1
79 62 1
80 62 1
55 63 1
56 63 1
57 63 1
77 63 1
78 63 1
79 63 1
55 64 1
56 64 1
57 64 1
58 64 1
77 64 1
78 64 1
79 64 1
55 65 1
56 65 1
57 65 1
58 65 1
59 65 1
76 65 1
77 65 1
78 65 1
79 65 1
80 65 1
55 66 1
56 66 1
57 66 1
58 66 1
59 66 1
76 66 1
77 66 1
78 66 1
79 66 1
56 67 1
57 67 1
58 67 1
59 67 1
60 67 1
61 67 1
76 67 1
77 67 1
78 67 1
57 68 1
58 68 1
59 68 1
60 68 1
61 68 1
62 68 1
63 68 1
75 68 1
76 68 1
77 68 1
53 69 1
58 69 1
59 69 1
60 69 1
61 69 1
62 69 1
63 69 1
68 69 1
75 69 1
76 69 1
59 70 1
60 70 1
61 70 1
62 70 1
63 70 1
64 70 1
69 70 1
74 70 1
75 70 1
59 71 1
60 71 1
61 71 1
62 71 1
63 71 1
64 71 1
65 71 1
66 71 1
69 71 1
70 71 1
60 72 1
61 72 1
62 72 1
63 72 1
64 72 1
65 72 1
66 72 1
67 72 1
65 73 1
66 73 1
59 74 1
