36 1 0
49 1 0
62 1 0
74 1 0
76 1 0
88 1 0
90 1 0
103 1 0
104 1 0
117 1 0
118 1 0
131 1 0
132 1 0
144 1 0
145 1 0
146 1 0
158 1 0
159 1 0
160 1 0
164 1 0
166 1 0
170 1 0
171 1 0
172 1 0
183 1 0
184 1 0
185 1 0
24 2 0
34 2 0
35 2 0
36 2 0
49 2 0
74 2 0
75 2 0
76 2 0
90 2 0
102 2 0
104 2 0
116 2 0
118 2 0
130 2 0
131 2 0
132 2 0
144 2 0
145 2 0
146 2 0
158 2 0
159 2 0
160 2 0
166 2 0
167 2 0
169 2 0
170 2 0
172 2 0
176 2 0
177 2 0
183 2 0
184 2 0
185 2 0
24 3 0
73 3 0
74 3 0
75 3 0
76 3 0
90 3 0
104 3 0
116 3 0
117 3 0
118 3 0
130 3 0
132 3 0
144 3 0
145 3 0
146 3 0
158 3 0
159 3 0
170 3 0
171 3 0
172 3 0
179 3 0
180 3 0
183 3 0
184 3 0
2 4 0
3 4 0
8 4 0
24 4 0
59 4 0
60 4 0
61 4 0
62 4 0
75 4 0
87 4 0
88 4 0
89 4 0
90 4 0
102 4 0
104 4 0
116 4 0
117 4 0
118 4 0
130 4 0
131 4 0
132 4 0
144 4 0
145 4 0
146 4 0
157 4 0
158 4 0
159 4 0
170 4 0
171 4 0
172 4 0
179 4 0
180 4 0
181 4 0
184 4 0
185 4 0
11 5 0
12 5 0
15 5 0
16 5 0
48 5 0
60 5 0
75 5 0
89 5 0
102 5 0
104 5 0
116 5 0
117 5 0
118 5 0
130 5 0
131 5 0
132 5 0
144 5 0
145 5 0
146 5 0
157 5 0
158 5 0
159 5 0
169 5 0
170 5 0
171 5 0
172 5 0
182 5 0
183 5 0
184 5 0
185 5 0
11 6 0
12 6 0
13 6 0
14 6 0
34 6 0
35 6 0
73 6 0
75 6 0
87 6 0
88 6 0
89 6 0
102 6 0
103 6 0
104 6 0
115 6 0
116 6 0
117 6 0
118 6 0
144 6 0
145 6 0
158 6 0
159 6 0
170 6 0
171 6 0
172 6 0
183 6 0
184 6 0
11 7 0
13 7 0
75 7 0
89 7 0
102 7 0
103 7 0
104 7 0
116 7 0
117 7 0
118 7 0
130 7 0
131 7 0
132 7 0
144 7 0
145 7 0
159 7 0
170 7 0
171 7 0
172 7 0
182 7 0
183 7 0
184 7 0
12 8 0
17 8 0
19 8 0
21 8 0
22 8 0
23 8 0
26 8 0
35 8 0
73 8 0
75 8 0
87 8 0
88 8 0
89 8 0
101 8 0
102 8 0
103 8 0
104 8 0
114 8 0
115 8 0
116 8 0
117 8 0
119 8 0
120 8 0
121 8 0
130 8 0
131 8 0
132 8 0
143 8 0
144 8 0
145 8 0
157 8 0
158 8 0
159 8 0
169 8 0
170 8 0
171 8 0
172 8 0
182 8 0
183 8 0
184 8 0
19 9 0
20 9 0
22 9 0
23 9 0
26 9 0
27 9 0
28 9 0
34 9 0
61 9 0
73 9 0
75 9 0
86 9 0
87 9 0
88 9 0
89 9 0
99 9 0
100 9 0
101 9 0
102 9 0
103 9 0
116 9 0
117 9 0
118 9 0
121 9 0
122 9 0
124 9 0
129 9 0
131 9 0
143 9 0
144 9 0
145 9 0
159 9 0
170 9 0
171 9 0
172 9 0
182 9 0
184 9 0
2 10 0
11 10 0
21 10 0
22 10 0
23 10 0
29 10 0
31 10 0
33 10 0
36 10 0
39 10 0
45 10 0
47 10 0
61 10 0
73 10 0
74 10 0
75 10 0
87 10 0
88 10 0
89 10 0
97 10 0
102 10 0
103 10 0
115 10 0
116 10 0
117 10 0
129 10 0
130 10 0
131 10 0
132 10 0
133 10 0
134 10 0
143 10 0
144 10 0
145 10 0
157 10 0
158 10 0
159 10 0
170 10 0
171 10 0
172 10 0
182 10 0
184 10 0
2 11 0
10 11 0
11 11 0
12 11 0
32 11 0
33 11 0
34 11 0
35 11 0
37 11 0
41 11 0
45 11 0
46 11 0
47 11 0
60 11 0
71 11 0
72 11 0
73 11 0
74 11 0
80 11 0
81 11 0
87 11 0
88 11 0
92 11 0
96 11 0
101 11 0
102 11 0
103 11 0
115 11 0
116 11 0
117 11 0
130 11 0
131 11 0
138 11 0
139 11 0
141 11 0
142 11 0
143 11 0
145 11 0
149 11 0
150 11 0
157 11 0
158 11 0
159 11 0
170 11 0
171 11 0
182 11 0
184 11 0
33 12 0
34 12 0
40 12 0
42 12 0
45 12 0
46 12 0
47 12 0
51 12 0
52 12 0
59 12 0
60 12 0
61 12 0
62 12 0
63 12 0
69 12 0
72 12 0
74 12 0
75 12 0
80 12 0
81 12 0
82 12 0
83 12 0
88 12 0
89 12 0
101 12 0
102 12 0
103 12 0
115 12 0
116 12 0
117 12 0
129 12 0
130 12 0
131 12 0
141 12 0
143 12 0
144 12 0
145 12 0
150 12 0
152 12 0
157 12 0
158 12 0
159 12 0
169 12 0
170 12 0
171 12 0
183 12 0
184 12 0
22 13 0
45 13 0
47 13 0
51 13 0
53 13 0
54 13 0
57 13 0
58 13 0
60 13 0
61 13 0
73 13 0
74 13 0
86 13 0
87 13 0
88 13 0
89 13 0
100 13 0
101 13 0
102 13 0
103 13 0
116 13 0
129 13 0
130 13 0
131 13 0
143 13 0
144 13 0
145 13 0
152 13 0
153 13 0
154 13 0
158 13 0
159 13 0
161 13 0
163 13 0
164 13 0
171 13 0
182 13 0
183 13 0
184 13 0
34 14 0
45 14 0
46 14 0
54 14 0
59 14 0
60 14 0
61 14 0
72 14 0
73 14 0
74 14 0
86 14 0
87 14 0
88 14 0
100 14 0
102 14 0
103 14 0
115 14 0
116 14 0
129 14 0
130 14 0
131 14 0
143 14 0
144 14 0
157 14 0
158 14 0
159 14 0
164 14 0
166 14 0
167 14 0
169 14 0
170 14 0
171 14 0
20 15 0
22 15 0
33 15 0
34 15 0
58 15 0
60 15 0
72 15 0
73 15 0
74 15 0
86 15 0
87 15 0
88 15 0
102 15 0
115 15 0
116 15 0
117 15 0
142 15 0
143 15 0
144 15 0
156 15 0
157 15 0
158 15 0
167 15 0
168 15 0
171 15 0
172 15 0
182 15 0
11 16 0
20 16 0
33 16 0
46 16 0
59 16 0
60 16 0
72 16 0
73 16 0
74 16 0
86 16 0
87 16 0
88 16 0
102 16 0
114 16 0
116 16 0
129 16 0
130 16 0
131 16 0
142 16 0
143 16 0
144 16 0
156 16 0
157 16 0
158 16 0
168 16 0
169 16 0
170 16 0
171 16 0
172 16 0
174 16 0
182 16 0
183 16 0
184 16 0
11 17 0
22 17 0
57 17 0
59 17 0
60 17 0
71 17 0
73 17 0
86 17 0
87 17 0
88 17 0
100 17 0
101 17 0
102 17 0
114 17 0
115 17 0
116 17 0
128 17 0
129 17 0
130 17 0
131 17 0
144 17 0
156 17 0
158 17 0
170 17 0
171 17 0
175 17 0
177 17 0
178 17 0
180 17 0
181 17 0
182 17 0
183 17 0
184 17 0
185 17 0
1 18 0
9 18 0
10 18 0
11 18 0
22 18 0
33 18 0
44 18 0
46 18 0
59 18 0
73 18 0
86 18 0
87 18 0
88 18 0
100 18 0
101 18 0
102 18 0
114 18 0
116 18 0
128 18 0
129 18 0
130 18 0
131 18 0
142 18 0
143 18 0
144 18 0
156 18 0
157 18 0
158 18 0
169 18 0
170 18 0
171 18 0
178 18 0
180 18 0
181 18 0
182 18 0
183 18 0
184 18 0
33 19 0
59 19 0
71 19 0
73 19 0
87 19 0
100 19 0
101 19 0
102 19 0
113 19 0
114 19 0
115 19 0
116 19 0
128 19 0
129 19 0
130 19 0
141 19 0
142 19 0
143 19 0
144 19 0
155 19 0
156 19 0
157 19 0
158 19 0
169 19 0
170 19 0
171 19 0
181 19 0
182 19 0
183 19 0
184 19 0
4 20 0
5 20 0
8 20 0
9 20 0
10 20 0
11 20 0
12 20 0
21 20 0
59 20 0
71 20 0
73 20 0
87 20 0
100 20 0
101 20 0
102 20 0
113 20 0
114 20 0
115 20 0
116 20 0
128 20 0
130 20 0
142 20 0
143 20 0
144 20 0
156 20 0
157 20 0
158 20 0
169 20 0
170 20 0
171 20 0
182 20 0
183 20 0
9 21 0
10 21 0
12 21 0
13 21 0
21 21 0
33 21 0
45 21 0
46 21 0
59 21 0
73 21 0
85 21 0
86 21 0
87 21 0
99 21 0
100 21 0
101 21 0
113 21 0
115 21 0
116 21 0
128 21 0
130 21 0
141 21 0
142 21 0
143 21 0
144 21 0
155 21 0
156 21 0
157 21 0
158 21 0
169 21 0
170 21 0
171 21 0
181 21 0
182 21 0
183 21 0
10 22 0
12 22 0
13 22 0
15 22 0
19 22 0
20 22 0
21 22 0
33 22 0
45 22 0
57 22 0
59 22 0
73 22 0
84 22 0
85 22 0
87 22 0
99 22 0
100 22 0
101 22 0
113 22 0
114 22 0
115 22 0
116 22 0
128 22 0
129 22 0
130 22 0
142 22 0
143 22 0
144 22 0
156 22 0
157 22 0
158 22 0
181 22 0
182 22 0
183 22 0
8 23 0
9 23 0
10 23 0
18 23 0
19 23 0
21 23 0
23 23 0
24 23 0
31 23 0
32 23 0
42 23 0
45 23 0
57 23 0
59 23 0
72 23 0
73 23 0
87 23 0
99 23 0
101 23 0
111 23 0
112 23 0
113 23 0
114 23 0
115 23 0
116 23 0
118 23 0
128 23 0
129 23 0
130 23 0
141 23 0
142 23 0
143 23 0
144 23 0
156 23 0
157 23 0
158 23 0
169 23 0
170 23 0
171 23 0
181 23 0
182 23 0
183 23 0
9 24 0
10 24 0
19 24 0
20 24 0
21 24 0
23 24 0
25 24 0
43 24 0
45 24 0
57 24 0
58 24 0
59 24 0
70 24 0
72 24 0
73 24 0
85 24 0
87 24 0
99 24 0
100 24 0
103 24 0
104 24 0
106 24 0
113 24 0
114 24 0
115 24 0
118 24 0
121 24 0
127 24 0
128 24 0
129 24 0
130 24 0
133 24 0
134 24 0
141 24 0
142 24 0
143 24 0
156 24 0
157 24 0
158 24 0
168 24 0
169 24 0
170 24 0
171 24 0
181 24 0
182 24 0
183 24 0
20 25 0
24 25 0
30 25 0
31 25 0
32 25 0
33 25 0
43 25 0
45 25 0
70 25 0
71 25 0
72 25 0
85 25 0
86 25 0
87 25 0
96 25 0
97 25 0
98 25 0
100 25 0
101 25 0
102 25 0
113 25 0
114 25 0
115 25 0
128 25 0
129 25 0
130 25 0
134 25 0
135 25 0
136 25 0
139 25 0
140 25 0
141 25 0
142 25 0
143 25 0
144 25 0
155 25 0
156 25 0
157 25 0
168 25 0
169 25 0
170 25 0
171 25 0
181 25 0
182 25 0
183 25 0
9 26 0
28 26 0
29 26 0
32 26 0
43 26 0
48 26 0
49 26 0
58 26 0
68 26 0
69 26 0
71 26 0
72 26 0
80 26 0
84 26 0
85 26 0
86 26 0
87 26 0
88 26 0
94 26 0
95 26 0
96 26 0
97 26 0
99 26 0
100 26 0
101 26 0
113 26 0
114 26 0
115 26 0
128 26 0
129 26 0
130 26 0
141 26 0
142 26 0
143 26 0
145 26 0
146 26 0
147 26 0
148 26 0
155 26 0
156 26 0
157 26 0
168 26 0
169 26 0
170 26 0
171 26 0
181 26 0
182 26 0
183 26 0
9 27 0
17 27 0
20 27 0
31 27 0
32 27 0
36 27 0
37 27 0
41 27 0
42 27 0
44 27 0
45 27 0
58 27 0
67 27 0
68 27 0
69 27 0
72 27 0
73 27 0
81 27 0
85 27 0
86 27 0
87 27 0
99 27 0
100 27 0
112 27 0
113 27 0
114 27 0
115 27 0
126 27 0
127 27 0
128 27 0
129 27 0
141 27 0
142 27 0
143 27 0
148 27 0
149 27 0
151 27 0
154 27 0
156 27 0
157 27 0
160 27 0
161 27 0
168 27 0
169 27 0
170 27 0
171 27 0
180 27 0
181 27 0
182 27 0
183 27 0
8 28 0
9 28 0
20 28 0
43 28 0
44 28 0
45 28 0
51 28 0
52 28 0
56 28 0
57 28 0
58 28 0
61 28 0
62 28 0
65 28 0
66 28 0
67 28 0
70 28 0
71 28 0
72 28 0
84 28 0
85 28 0
86 28 0
87 28 0
98 28 0
99 28 0
100 28 0
113 28 0
114 28 0
115 28 0
127 28 0
128 28 0
129 28 0
141 28 0
142 28 0
143 28 0
154 28 0
155 28 0
156 28 0
157 28 0
161 28 0
163 28 0
164 28 0
168 28 0
169 28 0
170 28 0
180 28 0
181 28 0
182 28 0
6 29 0
7 29 0
8 29 0
9 29 0
10 29 0
20 29 0
31 29 0
32 29 0
44 29 0
56 29 0
58 29 0
70 29 0
71 29 0
72 29 0
85 29 0
86 29 0
98 29 0
100 29 0
113 29 0
114 29 0
115 29 0
127 29 0
129 29 0
141 29 0
142 29 0
155 29 0
156 29 0
157 29 0
163 29 0
164 29 0
167 29 0
168 29 0
169 29 0
170 29 0
171 29 0
180 29 0
181 29 0
182 29 0
5 30 0
6 30 0
7 30 0
8 30 0
9 30 0
10 30 0
28 30 0
31 30 0
42 30 0
43 30 0
44 30 0
56 30 0
58 30 0
69 30 0
70 30 0
71 30 0
72 30 0
84 30 0
86 30 0
100 30 0
112 30 0
113 30 0
114 30 0
127 30 0
128 30 0
129 30 0
141 30 0
142 30 0
143 30 0
155 30 0
156 30 0
168 30 0
169 30 0
170 30 0
174 30 0
175 30 0
180 30 0
181 30 0
182 30 0
5 31 0
6 31 0
7 31 0
8 31 0
9 31 0
10 31 0
31 31 0
44 31 0
55 31 0
56 31 0
57 31 0
58 31 0
69 31 0
71 31 0
84 31 0
85 31 0
86 31 0
98 31 0
100 31 0
112 31 0
113 31 0
114 31 0
127 31 0
128 31 0
129 31 0
141 31 0
142 31 0
143 31 0
155 31 0
156 31 0
168 31 0
169 31 0
170 31 0
174 31 0
175 31 0
176 31 0
179 31 0
180 31 0
182 31 0
183 31 0
186 31 0
5 32 0
6 32 0
7 32 0
8 32 0
9 32 0
10 32 0
19 32 0
31 32 0
44 32 0
71 32 0
84 32 0
85 32 0
86 32 0
98 32 0
99 32 0
100 32 0
112 32 0
113 32 0
114 32 0
126 32 0
128 32 0
129 32 0
142 32 0
154 32 0
155 32 0
156 32 0
168 32 0
169 32 0
170 32 0
176 32 0
180 32 0
181 32 0
182 32 0
183 32 0
7 33 0
8 33 0
9 33 0
10 33 0
31 33 0
44 33 0
69 33 0
71 33 0
84 33 0
85 33 0
86 33 0
97 33 0
98 33 0
99 33 0
100 33 0
110 33 0
113 33 0
114 33 0
127 33 0
128 33 0
129 33 0
140 33 0
141 33 0
142 33 0
154 33 0
155 33 0
156 33 0
168 33 0
169 33 0
170 33 0
180 33 0
181 33 0
182 33 0
3 34 0
4 34 0
7 34 0
8 34 0
9 34 0
19 34 0
29 34 0
31 34 0
43 34 0
44 34 0
56 34 0
57 34 0
69 34 0
70 34 0
71 34 0
83 34 0
85 34 0
97 34 0
98 34 0
99 34 0
100 34 0
112 34 0
113 34 0
114 34 0
126 34 0
127 34 0
128 34 0
140 34 0
141 34 0
142 34 0
154 34 0
155 34 0
156 34 0
168 34 0
169 34 0
170 34 0
180 34 0
181 34 0
182 34 0
4 35 0
6 35 0
8 35 0
9 35 0
19 35 0
31 35 0
44 35 0
55 35 0
57 35 0
69 35 0
70 35 0
71 35 0
83 35 0
84 35 0
85 35 0
98 35 0
99 35 0
100 35 0
112 35 0
113 35 0
114 35 0
126 35 0
127 35 0
128 35 0
139 35 0
140 35 0
141 35 0
142 35 0
154 35 0
155 35 0
156 35 0
167 35 0
168 35 0
169 35 0
170 35 0
180 35 0
181 35 0
182 35 0
7 36 0
8 36 0
19 36 0
30 36 0
43 36 0
44 36 0
57 36 0
69 36 0
70 36 0
71 36 0
83 36 0
85 36 0
98 36 0
99 36 0
100 36 0
113 36 0
114 36 0
126 36 0
127 36 0
128 36 0
140 36 0
141 36 0
142 36 0
154 36 0
155 36 0
156 36 0
168 36 0
169 36 0
180 36 0
181 36 0
182 36 0
7 37 0
8 37 0
19 37 0
43 37 0
57 37 0
69 37 0
70 37 0
71 37 0
83 37 0
84 37 0
85 37 0
97 37 0
98 37 0
99 37 0
100 37 0
112 37 0
113 37 0
114 37 0
126 37 0
128 37 0
139 37 0
140 37 0
141 37 0
142 37 0
153 37 0
154 37 0
155 37 0
156 37 0
168 37 0
169 37 0
180 37 0
181 37 0
182 37 0
7 38 0
8 38 0
15 38 0
16 38 0
18 38 0
19 38 0
30 38 0
43 38 0
44 38 0
57 38 0
68 38 0
70 38 0
71 38 0
83 38 0
85 38 0
98 38 0
99 38 0
112 38 0
113 38 0
117 38 0
118 38 0
119 38 0
125 38 0
126 38 0
127 38 0
128 38 0
140 38 0
141 38 0
142 38 0
154 38 0
155 38 0
156 38 0
167 38 0
168 38 0
169 38 0
179 38 0
180 38 0
181 38 0
182 38 0
16 39 0
17 39 0
18 39 0
19 39 0
20 39 0
21 39 0
30 39 0
43 39 0
44 39 0
57 39 0
68 39 0
71 39 0
83 39 0
84 39 0
85 39 0
97 39 0
98 39 0
99 39 0
104 39 0
105 39 0
106 39 0
108 39 0
109 39 0
111 39 0
113 39 0
114 39 0
119 39 0
120 39 0
123 39 0
124 39 0
125 39 0
127 39 0
128 39 0
140 39 0
141 39 0
142 39 0
153 39 0
154 39 0
155 39 0
156 39 0
167 39 0
168 39 0
169 39 0
180 39 0
181 39 0
182 39 0
17 40 0
19 40 0
23 40 0
28 40 0
30 40 0
31 40 0
35 40 0
36 40 0
41 40 0
43 40 0
54 40 0
57 40 0
69 40 0
70 40 0
71 40 0
82 40 0
83 40 0
84 40 0
85 40 0
95 40 0
96 40 0
97 40 0
98 40 0
99 40 0
103 40 0
104 40 0
112 40 0
113 40 0
114 40 0
125 40 0
126 40 0
127 40 0
131 40 0
132 40 0
138 40 0
139 40 0
140 40 0
141 40 0
142 40 0
146 40 0
147 40 0
154 40 0
155 40 0
156 40 0
167 40 0
168 40 0
169 40 0
179 40 0
180 40 0
181 40 0
182 40 0
18 41 0
23 41 0
24 41 0
27 41 0
28 41 0
30 41 0
31 41 0
38 41 0
41 41 0
42 41 0
43 41 0
57 41 0
68 41 0
69 41 0
70 41 0
83 41 0
84 41 0
85 41 0
88 41 0
89 41 0
90 41 0
91 41 0
95 41 0
97 41 0
98 41 0
99 41 0
100 41 0
111 41 0
112 41 0
113 41 0
126 41 0
127 41 0
132 41 0
138 41 0
140 41 0
141 41 0
142 41 0
146 41 0
147 41 0
150 41 0
152 41 0
153 41 0
154 41 0
155 41 0
156 41 0
157 41 0
166 41 0
167 41 0
168 41 0
169 41 0
179 41 0
180 41 0
181 41 0
182 41 0
24 42 0
25 42 0
29 42 0
30 42 0
37 42 0
38 42 0
39 42 0
42 42 0
43 42 0
46 42 0
55 42 0
56 42 0
57 42 0
67 42 0
68 42 0
69 42 0
70 42 0
81 42 0
82 42 0
83 42 0
84 42 0
86 42 0
87 42 0
97 42 0
98 42 0
99 42 0
112 42 0
113 42 0
125 42 0
126 42 0
127 42 0
139 42 0
140 42 0
141 42 0
153 42 0
154 42 0
155 42 0
156 42 0
161 42 0
162 42 0
167 42 0
168 42 0
169 42 0
180 42 0
181 42 0
8 43 0
17 43 0
18 43 0
27 43 0
28 43 0
29 43 0
30 43 0
41 43 0
42 43 0
43 43 0
50 43 0
65 43 0
69 43 0
70 43 0
78 43 0
79 43 0
83 43 0
84 43 0
85 43 0
97 43 0
98 43 0
99 43 0
112 43 0
113 43 0
140 43 0
141 43 0
153 43 0
154 43 0
155 43 0
161 43 0
162 43 0
163 43 0
164 43 0
167 43 0
168 43 0
170 43 0
179 43 0
180 43 0
181 43 0
7 44 0
17 44 0
18 44 0
29 44 0
30 44 0
41 44 0
42 44 0
43 44 0
50 44 0
51 44 0
52 44 0
57 44 0
58 44 0
64 44 0
65 44 0
68 44 0
69 44 0
70 44 0
82 44 0
83 44 0
84 44 0
85 44 0
97 44 0
98 44 0
99 44 0
139 44 0
140 44 0
141 44 0
153 44 0
154 44 0
155 44 0
164 44 0
165 44 0
166 44 0
168 44 0
169 44 0
171 44 0
172 44 0
174 44 0
175 44 0
177 44 0
178 44 0
179 44 0
180 44 0
181 44 0
43 45 0
55 45 0
56 45 0
57 45 0
68 45 0
69 45 0
70 45 0
82 45 0
83 45 0
84 45 0
96 45 0
97 45 0
98 45 0
99 45 0
139 45 0
140 45 0
141 45 0
154 45 0
155 45 0
167 45 0
168 45 0
169 45 0
175 45 0
179 45 0
180 45 0
181 45 0
184 45 0
7 46 0
18 46 0
29 46 0
42 46 0
43 46 0
55 46 0
56 46 0
68 46 0
69 46 0
70 46 0
81 46 0
82 46 0
84 46 0
96 46 0
97 46 0
98 46 0
99 46 0
136 46 0
139 46 0
140 46 0
141 46 0
153 46 0
154 46 0
155 46 0
166 46 0
167 46 0
168 46 0
180 46 0
181 46 0
185 46 0
187 46 0
7 47 0
8 47 0
18 47 0
40 47 0
42 47 0
43 47 0
56 47 0
68 47 0
69 47 0
70 47 0
82 47 0
84 47 0
96 47 0
98 47 0
139 47 0
140 47 0
153 47 0
154 47 0
155 47 0
166 47 0
167 47 0
168 47 0
179 47 0
180 47 0
181 47 0
17 48 0
18 48 0
29 48 0
30 48 0
42 48 0
56 48 0
68 48 0
69 48 0
70 48 0
81 48 0
83 48 0
84 48 0
98 48 0
138 48 0
139 48 0
140 48 0
141 48 0
152 48 0
153 48 0
154 48 0
155 48 0
166 48 0
167 48 0
168 48 0
179 48 0
180 48 0
181 48 0
3 49 0
6 49 0
7 49 0
29 49 0
42 49 0
43 49 0
56 49 0
67 49 0
82 49 0
83 49 0
84 49 0
98 49 0
137 49 0
138 49 0
139 49 0
140 49 0
152 49 0
153 49 0
154 49 0
166 49 0
167 49 0
168 49 0
179 49 0
180 49 0
181 49 0
6 50 0
10 50 0
42 50 0
56 50 0
68 50 0
69 50 0
81 50 0
83 50 0
96 50 0
98 50 0
138 50 0
139 50 0
140 50 0
152 50 0
153 50 0
154 50 0
166 50 0
167 50 0
168 50 0
179 50 0
180 50 0
181 50 0
17 51 0
56 51 0
69 51 0
70 51 0
81 51 0
83 51 0
138 51 0
139 51 0
140 51 0
152 51 0
153 51 0
154 51 0
166 51 0
167 51 0
168 51 0
178 51 0
179 51 0
180 51 0
181 51 0
6 52 0
12 52 0
13 52 0
17 52 0
29 52 0
42 52 0
69 52 0
83 52 0
138 52 0
139 52 0
140 52 0
152 52 0
153 52 0
154 52 0
165 52 0
166 52 0
167 52 0
168 52 0
179 52 0
180 52 0
181 52 0
3 53 0
12 53 0
13 53 0
18 53 0
20 53 0
21 53 0
42 53 0
53 53 0
56 53 0
83 53 0
97 53 0
138 53 0
139 53 0
140 53 0
141 53 0
142 53 0
154 53 0
179 53 0
180 53 0
16 54 0
17 54 0
18 54 0
20 54 0
23 54 0
29 54 0
42 54 0
55 54 0
56 54 0
97 54 0
138 54 0
139 54 0
140 54 0
141 54 0
142 54 0
143 54 0
145 54 0
146 54 0
152 54 0
153 54 0
154 54 0
165 54 0
166 54 0
180 54 0
181 54 0
16 55 0
17 55 0
27 55 0
29 55 0
42 55 0
83 55 0
136 55 0
137 55 0
141 55 0
142 55 0
143 55 0
144 55 0
145 55 0
146 55 0
152 55 0
153 55 0
154 55 0
166 55 0
167 55 0
180 55 0
181 55 0
6 56 0
25 56 0
26 56 0
28 56 0
29 56 0
33 56 0
42 56 0
80 56 0
81 56 0
92 56 0
93 56 0
97 56 0
98 56 0
138 56 0
139 56 0
143 56 0
144 56 0
145 56 0
147 56 0
149 56 0
150 56 0
151 56 0
153 56 0
154 56 0
160 56 0
166 56 0
167 56 0
168 56 0
178 56 0
180 56 0
27 57 0
28 57 0
29 57 0
44 57 0
45 57 0
67 57 0
68 57 0
69 57 0
80 57 0
81 57 0
84 57 0
87 57 0
96 57 0
97 57 0
138 57 0
139 57 0
146 57 0
152 57 0
153 57 0
154 57 0
160 57 0
161 57 0
162 57 0
163 57 0
164 57 0
165 57 0
167 57 0
168 57 0
180 57 0
16 58 0
17 58 0
38 58 0
39 58 0
40 58 0
41 58 0
42 58 0
47 58 0
60 58 0
61 58 0
65 58 0
66 58 0
69 58 0
70 58 0
71 58 0
72 58 0
79 58 0
80 58 0
81 58 0
82 58 0
83 58 0
84 58 0
97 58 0
139 58 0
152 58 0
153 58 0
154 58 0
162 58 0
163 58 0
164 58 0
166 58 0
167 58 0
172 58 0
178 58 0
179 58 0
180 58 0
6 59 0
40 59 0
41 59 0
42 59 0
53 59 0
55 59 0
59 59 0
67 59 0
68 59 0
69 59 0
77 59 0
78 59 0
82 59 0
83 59 0
94 59 0
96 59 0
97 59 0
152 59 0
153 59 0
165 59 0
166 59 0
167 59 0
173 59 0
174 59 0
177 59 0
178 59 0
179 59 0
180 59 0
182 59 0
4 60 0
28 60 0
41 60 0
42 60 0
51 60 0
52 60 0
55 60 0
56 60 0
67 60 0
68 60 0
69 60 0
73 60 0
78 60 0
79 60 0
81 60 0
82 60 0
97 60 0
153 60 0
165 60 0
166 60 0
178 60 0
179 60 0
180 60 0
186 60 0
187 60 0
41 61 0
53 61 0
54 61 0
55 61 0
68 61 0
80 61 0
81 61 0
82 61 0
152 61 0
166 61 0
179 61 0
180 61 0
17 62 0
26 62 0
28 62 0
39 62 0
41 62 0
53 62 0
55 62 0
65 62 0
68 62 0
79 62 0
80 62 0
82 62 0
95 62 0
96 62 0
97 62 0
152 62 0
166 62 0
179 62 0
5 63 0
6 63 0
41 63 0
53 63 0
55 63 0
68 63 0
80 63 0
82 63 0
95 63 0
97 63 0
152 63 0
166 63 0
175 63 0
176 63 0
4 64 0
5 64 0
9 64 0
28 64 0
41 64 0
53 64 0
55 64 0
67 64 0
68 64 0
80 64 0
81 64 0
82 64 0
152 64 0
165 64 0
166 64 0
177 64 0
178 64 0
179 64 0
2 65 0
5 65 0
6 65 0
28 65 0
52 65 0
55 65 0
66 65 0
68 65 0
69 65 0
79 65 0
80 65 0
81 65 0
82 65 0
95 65 0
96 65 0
97 65 0
138 65 0
152 65 0
164 65 0
166 65 0
176 65 0
177 65 0
178 65 0
179 65 0
5 66 0
28 66 0
67 66 0
68 66 0
69 66 0
79 66 0
80 66 0
81 66 0
82 66 0
95 66 0
96 66 0
97 66 0
138 66 0
150 66 0
151 66 0
152 66 0
163 66 0
164 66 0
165 66 0
166 66 0
177 66 0
178 66 0
15 67 0
16 67 0
17 67 0
51 67 0
55 67 0
82 67 0
95 67 0
96 67 0
97 67 0
110 67 0
150 67 0
151 67 0
152 67 0
165 67 0
166 67 0
176 67 0
177 67 0
178 67 0
13 68 0
14 68 0
16 68 0
17 68 0
18 68 0
41 68 0
55 68 0
68 68 0
80 68 0
82 68 0
94 68 0
95 68 0
96 68 0
97 68 0
121 68 0
122 68 0
123 68 0
124 68 0
138 68 0
150 68 0
151 68 0
152 68 0
164 68 0
165 68 0
166 68 0
177 68 0
178 68 0
55 69 0
68 69 0
79 69 0
80 69 0
81 69 0
82 69 0
96 69 0
97 69 0
108 69 0
109 69 0
110 69 0
111 69 0
121 69 0
122 69 0
123 69 0
124 69 0
135 69 0
136 69 0
151 69 0
152 69 0
164 69 0
165 69 0
176 69 0
178 69 0
17 70 0
66 70 0
68 70 0
80 70 0
81 70 0
95 70 0
96 70 0
97 70 0
107 70 0
108 70 0
109 70 0
110 70 0
117 70 0
122 70 0
123 70 0
124 70 0
133 70 0
134 70 0
135 70 0
136 70 0
137 70 0
138 70 0
139 70 0
145 70 0
150 70 0
151 70 0
152 70 0
163 70 0
164 70 0
165 70 0
176 70 0
178 70 0
26 71 0
27 71 0
28 71 0
54 71 0
55 71 0
80 71 0
81 71 0
82 71 0
93 71 0
94 71 0
96 71 0
100 71 0
101 71 0
108 71 0
109 71 0
110 71 0
122 71 0
123 71 0
124 71 0
136 71 0
137 71 0
138 71 0
145 71 0
146 71 0
148 71 0
149 71 0
150 71 0
151 71 0
152 71 0
153 71 0
160 71 0
163 71 0
164 71 0
165 71 0
166 71 0
176 71 0
177 71 0
178 71 0
24 72 0
25 72 0
27 72 0
28 72 0
38 72 0
40 72 0
41 72 0
52 72 0
55 72 0
66 72 0
67 72 0
68 72 0
79 72 0
80 72 0
81 72 0
82 72 0
89 72 0
90 72 0
91 72 0
92 72 0
93 72 0
94 72 0
95 72 0
96 72 0
97 72 0
98 72 0
99 72 0
100 72 0
101 72 0
107 72 0
108 72 0
109 72 0
110 72 0
122 72 0
123 72 0
136 72 0
137 72 0
138 72 0
150 72 0
151 72 0
152 72 0
160 72 0
161 72 0
162 72 0
164 72 0
165 72 0
176 72 0
177 72 0
178 72 0
26 73 0
27 73 0
39 73 0
40 73 0
41 73 0
54 73 0
57 73 0
58 73 0
59 73 0
65 73 0
67 73 0
68 73 0
69 73 0
72 73 0
73 73 0
78 73 0
79 73 0
80 73 0
81 73 0
87 73 0
88 73 0
94 73 0
95 73 0
96 73 0
107 73 0
108 73 0
109 73 0
123 73 0
136 73 0
137 73 0
150 73 0
151 73 0
152 73 0
162 73 0
163 73 0
164 73 0
165 73 0
166 73 0
168 73 0
170 73 0
174 73 0
175 73 0
176 73 0
177 73 0
178 73 0
183 73 0
39 74 0
40 74 0
46 74 0
53 74 0
66 74 0
67 74 0
68 74 0
76 74 0
77 74 0
79 74 0
80 74 0
81 74 0
82 74 0
94 74 0
95 74 0
96 74 0
107 74 0
109 74 0
121 74 0
122 74 0
123 74 0
135 74 0
136 74 0
137 74 0
150 74 0
151 74 0
163 74 0
164 74 0
165 74 0
166 74 0
176 74 0
177 74 0
178 74 0
183 74 0
184 74 0
27 75 0
40 75 0
45 75 0
46 75 0
51 75 0
52 75 0
54 75 0
55 75 0
66 75 0
67 75 0
79 75 0
80 75 0
81 75 0
82 75 0
94 75 0
95 75 0
107 75 0
109 75 0
121 75 0
122 75 0
123 75 0
135 75 0
137 75 0
150 75 0
151 75 0
163 75 0
164 75 0
176 75 0
177 75 0
178 75 0
5 76 0
27 76 0
53 76 0
54 76 0
55 76 0
79 76 0
80 76 0
81 76 0
93 76 0
95 76 0
96 76 0
107 76 0
109 76 0
121 76 0
122 76 0
123 76 0
134 76 0
135 76 0
136 76 0
137 76 0
149 76 0
150 76 0
151 76 0
162 76 0
163 76 0
164 76 0
165 76 0
175 76 0
176 76 0
177 76 0
40 77 0
52 77 0
54 77 0
67 77 0
81 77 0
107 77 0
109 77 0
121 77 0
122 77 0
123 77 0
135 77 0
137 77 0
149 77 0
150 77 0
151 77 0
162 77 0
163 77 0
164 77 0
175 77 0
176 77 0
177 77 0
4 78 0
5 78 0
6 78 0
40 78 0
54 78 0
66 78 0
79 78 0
80 78 0
81 78 0
95 78 0
107 78 0
109 78 0
122 78 0
123 78 0
135 78 0
137 78 0
149 78 0
151 78 0
164 78 0
175 78 0
176 78 0
177 78 0
5 79 0
6 79 0
40 79 0
54 79 0
68 79 0
95 79 0
109 79 0
122 79 0
123 79 0
135 79 0
136 79 0
137 79 0
149 79 0
150 79 0
151 79 0
161 79 0
164 79 0
175 79 0
176 79 0
177 79 0
5 80 0
6 80 0
8 80 0
27 80 0
66 80 0
67 80 0
79 80 0
95 80 0
107 80 0
109 80 0
121 80 0
122 80 0
123 80 0
135 80 0
136 80 0
137 80 0
149 80 0
150 80 0
151 80 0
162 80 0
163 80 0
164 80 0
174 80 0
175 80 0
176 80 0
177 80 0
67 81 0
68 81 0
93 81 0
94 81 0
95 81 0
106 81 0
107 81 0
108 81 0
109 81 0
121 81 0
122 81 0
123 81 0
131 81 0
137 81 0
148 81 0
149 81 0
150 81 0
151 81 0
164 81 0
176 81 0
40 82 0
81 82 0
93 82 0
95 82 0
107 82 0
108 82 0
109 82 0
122 82 0
135 82 0
136 82 0
137 82 0
148 82 0
149 82 0
150 82 0
161 82 0
163 82 0
164 82 0
174 82 0
176 82 0
14 83 0
17 83 0
67 83 0
81 83 0
92 83 0
94 83 0
95 83 0
107 83 0
108 83 0
109 83 0
122 83 0
135 83 0
136 83 0
150 83 0
161 83 0
162 83 0
163 83 0
174 83 0
175 83 0
176 83 0
15 84 0
16 84 0
17 84 0
79 84 0
80 84 0
94 84 0
105 84 0
106 84 0
107 84 0
108 84 0
109 84 0
120 84 0
121 84 0
131 84 0
133 84 0
134 84 0
136 84 0
150 84 0
161 84 0
162 84 0
163 84 0
176 84 0
6 85 0
27 85 0
54 85 0
65 85 0
67 85 0
78 85 0
79 85 0
80 85 0
81 85 0
94 85 0
103 85 0
104 85 0
105 85 0
106 85 0
108 85 0
109 85 0
116 85 0
119 85 0
120 85 0
121 85 0
122 85 0
123 85 0
133 85 0
134 85 0
135 85 0
136 85 0
137 85 0
138 85 0
147 85 0
148 85 0
149 85 0
150 85 0
162 85 0
163 85 0
174 85 0
175 85 0
176 85 0
186 85 0
25 86 0
26 86 0
27 86 0
67 86 0
79 86 0
92 86 0
93 86 0
94 86 0
95 86 0
96 86 0
97 86 0
98 86 0
99 86 0
107 86 0
108 86 0
109 86 0
120 86 0
121 86 0
122 86 0
134 86 0
135 86 0
136 86 0
143 86 0
150 86 0
151 86 0
156 86 0
157 86 0
161 86 0
162 86 0
163 86 0
174 86 0
175 86 0
176 86 0
186 86 0
26 87 0
27 87 0
67 87 0
78 87 0
79 87 0
80 87 0
91 87 0
92 87 0
93 87 0
94 87 0
95 87 0
96 87 0
108 87 0
119 87 0
120 87 0
121 87 0
122 87 0
134 87 0
135 87 0
136 87 0
148 87 0
149 87 0
150 87 0
151 87 0
156 87 0
160 87 0
161 87 0
162 87 0
163 87 0
167 87 0
168 87 0
172 87 0
173 87 0
174 87 0
175 87 0
176 87 0
185 87 0
34 88 0
35 88 0
38 88 0
39 88 0
64 88 0
65 88 0
66 88 0
67 88 0
72 88 0
78 88 0
79 88 0
80 88 0
89 88 0
90 88 0
91 88 0
92 88 0
94 88 0
95 88 0
106 88 0
107 88 0
108 88 0
120 88 0
121 88 0
122 88 0
134 88 0
135 88 0
148 88 0
149 88 0
150 88 0
158 88 0
159 88 0
161 88 0
162 88 0
163 88 0
169 88 0
174 88 0
175 88 0
176 88 0
186 88 0
16 89 0
27 89 0
38 89 0
40 89 0
53 89 0
56 89 0
62 89 0
66 89 0
67 89 0
68 89 0
73 89 0
77 89 0
78 89 0
79 89 0
80 89 0
89 89 0
90 89 0
92 89 0
93 89 0
94 89 0
95 89 0
106 89 0
107 89 0
108 89 0
119 89 0
121 89 0
133 89 0
134 89 0
135 89 0
147 89 0
148 89 0
149 89 0
161 89 0
162 89 0
163 89 0
173 89 0
174 89 0
175 89 0
16 90 0
38 90 0
39 90 0
40 90 0
46 90 0
48 90 0
50 90 0
51 90 0
53 90 0
54 90 0
55 90 0
57 90 0
65 90 0
66 90 0
67 90 0
78 90 0
80 90 0
94 90 0
106 90 0
108 90 0
119 90 0
121 90 0
134 90 0
135 90 0
146 90 0
147 90 0
149 90 0
161 90 0
162 90 0
163 90 0
173 90 0
174 90 0
175 90 0
5 91 0
27 91 0
38 91 0
39 91 0
40 91 0
51 91 0
53 91 0
54 91 0
66 91 0
67 91 0
78 91 0
79 91 0
80 91 0
92 91 0
93 91 0
94 91 0
108 91 0
119 91 0
120 91 0
121 91 0
133 91 0
135 91 0
147 91 0
148 91 0
149 91 0
160 91 0
161 91 0
162 91 0
173 91 0
174 91 0
175 91 0
51 92 0
53 92 0
66 92 0
67 92 0
80 92 0
92 92 0
93 92 0
94 92 0
105 92 0
106 92 0
107 92 0
108 92 0
119 92 0
121 92 0
134 92 0
135 92 0
148 92 0
149 92 0
160 92 0
161 92 0
162 92 0
173 92 0
174 92 0
175 92 0
2 93 0
6 93 0
39 93 0
40 93 0
53 93 0
64 93 0
66 93 0
80 93 0
93 93 0
94 93 0
105 93 0
106 93 0
107 93 0
108 93 0
118 93 0
119 93 0
120 93 0
121 93 0
133 93 0
134 93 0
135 93 0
147 93 0
149 93 0
162 93 0
173 93 0
174 93 0
175 93 0
185 93 0
4 94 0
5 94 0
6 94 0
27 94 0
64 94 0
66 94 0
78 94 0
79 94 0
80 94 0
92 94 0
93 94 0
94 94 0
106 94 0
107 94 0
108 94 0
119 94 0
120 94 0
121 94 0
133 94 0
134 94 0
135 94 0
147 94 0
160 94 0
161 94 0
162 94 0
172 94 0
174 94 0
175 94 0
186 94 0
5 95 0
6 95 0
78 95 0
79 95 0
92 95 0
93 95 0
94 95 0
105 95 0
106 95 0
107 95 0
119 95 0
120 95 0
121 95 0
133 95 0
134 95 0
135 95 0
147 95 0
148 95 0
149 95 0
156 95 0
160 95 0
161 95 0
174 95 0
53 96 0
93 96 0
94 96 0
105 96 0
106 96 0
107 96 0
119 96 0
120 96 0
121 96 0
133 96 0
134 96 0
135 96 0
158 96 0
160 96 0
161 96 0
162 96 0
172 96 0
173 96 0
174 96 0
184 96 0
186 96 0
13 97 0
14 97 0
16 97 0
17 97 0
66 97 0
105 97 0
107 97 0
121 97 0
122 97 0
132 97 0
133 97 0
134 97 0
135 97 0
160 97 0
161 97 0
174 97 0
6 98 0
15 98 0
16 98 0
17 98 0
18 98 0
51 98 0
53 98 0
65 98 0
79 98 0
93 98 0
94 98 0
105 98 0
109 98 0
118 98 0
119 98 0
127 98 0
132 98 0
133 98 0
134 98 0
146 98 0
147 98 0
148 98 0
159 98 0
160 98 0
161 98 0
162 98 0
172 98 0
173 98 0
174 98 0
184 98 0
185 98 0
186 98 0
27 99 0
53 99 0
66 99 0
79 99 0
80 99 0
92 99 0
93 99 0
94 99 0
105 99 0
106 99 0
108 99 0
114 99 0
116 99 0
118 99 0
119 99 0
120 99 0
121 99 0
122 99 0
128 99 0
129 99 0
130 99 0
133 99 0
134 99 0
135 99 0
137 99 0
146 99 0
147 99 0
148 99 0
159 99 0
161 99 0
172 99 0
173 99 0
174 99 0
40 100 0
79 100 0
92 100 0
93 100 0
94 100 0
102 100 0
103 100 0
104 100 0
105 100 0
106 100 0
107 100 0
108 100 0
118 100 0
119 100 0
120 100 0
132 100 0
133 100 0
134 100 0
135 100 0
137 100 0
138 100 0
145 100 0
146 100 0
147 100 0
148 100 0
159 100 0
160 100 0
161 100 0
172 100 0
173 100 0
174 100 0
184 100 0
23 101 0
25 101 0
26 101 0
50 101 0
79 101 0
91 101 0
92 101 0
93 101 0
94 101 0
98 101 0
99 101 0
100 101 0
101 101 0
102 101 0
105 101 0
106 101 0
107 101 0
108 101 0
118 101 0
119 101 0
120 101 0
132 101 0
133 101 0
134 101 0
146 101 0
147 101 0
148 101 0
151 101 0
159 101 0
160 101 0
161 101 0
170 101 0
171 101 0
172 101 0
173 101 0
174 101 0
182 101 0
183 101 0
185 101 0
186 101 0
25 102 0
26 102 0
27 102 0
28 102 0
64 102 0
66 102 0
77 102 0
78 102 0
79 102 0
81 102 0
82 102 0
90 102 0
91 102 0
93 102 0
94 102 0
98 102 0
99 102 0
105 102 0
106 102 0
107 102 0
118 102 0
119 102 0
120 102 0
132 102 0
133 102 0
134 102 0
146 102 0
147 102 0
148 102 0
152 102 0
154 102 0
157 102 0
158 102 0
159 102 0
160 102 0
161 102 0
172 102 0
173 102 0
174 102 0
184 102 0
185 102 0
26 103 0
27 103 0
36 103 0
39 103 0
40 103 0
62 103 0
63 103 0
64 103 0
65 103 0
66 103 0
78 103 0
81 103 0
82 103 0
92 103 0
93 103 0
94 103 0
104 103 0
106 103 0
107 103 0
118 103 0
120 103 0
132 103 0
133 103 0
134 103 0
145 103 0
146 103 0
147 103 0
158 103 0
159 103 0
160 103 0
161 103 0
171 103 0
173 103 0
174 103 0
183 103 0
185 103 0
38 104 0
39 104 0
40 104 0
51 104 0
52 104 0
53 104 0
64 104 0
65 104 0
66 104 0
67 104 0
68 104 0
76 104 0
77 104 0
78 104 0
79 104 0
80 104 0
92 104 0
93 104 0
105 104 0
106 104 0
107 104 0
118 104 0
119 104 0
120 104 0
132 104 0
133 104 0
146 104 0
147 104 0
158 104 0
159 104 0
160 104 0
171 104 0
172 104 0
173 104 0
39 105 0
40 105 0
46 105 0
50 105 0
51 105 0
53 105 0
54 105 0
64 105 0
65 105 0
66 105 0
68 105 0
69 105 0
75 105 0
76 105 0
77 105 0
79 105 0
80 105 0
93 105 0
104 105 0
106 105 0
107 105 0
118 105 0
119 105 0
120 105 0
131 105 0
133 105 0
145 105 0
158 105 0
159 105 0
160 105 0
171 105 0
172 105 0
173 105 0
5 106 0
6 106 0
7 106 0
27 106 0
52 106 0
53 106 0
54 106 0
65 106 0
66 106 0
78 106 0
79 106 0
80 106 0
105 106 0
106 106 0
107 106 0
118 106 0
119 106 0
120 106 0
132 106 0
133 106 0
145 106 0
146 106 0
147 106 0
158 106 0
159 106 0
160 106 0
170 106 0
184 106 0
6 107 0
7 107 0
17 107 0
39 107 0
40 107 0
50 107 0
51 107 0
53 107 0
79 107 0
93 107 0
131 107 0
133 107 0
145 107 0
146 107 0
147 107 0
157 107 0
159 107 0
160 107 0
172 107 0
6 108 0
10 108 0
27 108 0
53 108 0
77 108 0
79 108 0
91 108 0
92 108 0
93 108 0
104 108 0
105 108 0
106 108 0
107 108 0
118 108 0
119 108 0
120 108 0
131 108 0
132 108 0
133 108 0
144 108 0
145 108 0
146 108 0
158 108 0
159 108 0
172 108 0
6 109 0
39 109 0
40 109 0
53 109 0
79 109 0
90 109 0
93 109 0
106 109 0
118 109 0
119 109 0
132 109 0
133 109 0
144 109 0
145 109 0
146 109 0
157 109 0
158 109 0
159 109 0
170 109 0
172 109 0
40 110 0
53 110 0
79 110 0
91 110 0
104 110 0
106 110 0
117 110 0
118 110 0
119 110 0
120 110 0
131 110 0
132 110 0
133 110 0
144 110 0
145 110 0
146 110 0
157 110 0
159 110 0
170 110 0
171 110 0
172 110 0
182 110 0
183 110 0
15 111 0
16 111 0
18 111 0
66 111 0
79 111 0
90 111 0
91 111 0
92 111 0
93 111 0
106 111 0
119 111 0
130 111 0
144 111 0
146 111 0
157 111 0
159 111 0
170 111 0
172 111 0
182 111 0
183 111 0
16 112 0
17 112 0
18 112 0
77 112 0
78 112 0
79 112 0
91 112 0
93 112 0
104 112 0
106 112 0
117 112 0
118 112 0
119 112 0
120 112 0
130 112 0
131 112 0
132 112 0
145 112 0
146 112 0
157 112 0
158 112 0
159 112 0
170 112 0
171 112 0
172 112 0
182 112 0
64 113 0
66 113 0
90 113 0
91 113 0
92 113 0
93 113 0
104 113 0
105 113 0
106 113 0
109 113 0
115 113 0
116 113 0
117 113 0
119 113 0
120 113 0
123 113 0
130 113 0
131 113 0
132 113 0
144 113 0
145 113 0
146 113 0
157 113 0
159 113 0
169 113 0
170 113 0
171 113 0
181 113 0
182 113 0
183 113 0
53 114 0
79 114 0
80 114 0
91 114 0
92 114 0
93 114 0
97 114 0
99 114 0
100 114 0
103 114 0
104 114 0
105 114 0
106 114 0
110 114 0
111 114 0
118 114 0
119 114 0
120 114 0
130 114 0
131 114 0
132 114 0
136 114 0
139 114 0
143 114 0
144 114 0
145 114 0
146 114 0
149 114 0
157 114 0
158 114 0
159 114 0
168 114 0
170 114 0
171 114 0
172 114 0
181 114 0
182 114 0
183 114 0
184 114 0
23 115 0
24 115 0
26 115 0
27 115 0
28 115 0
40 115 0
66 115 0
79 115 0
90 115 0
91 115 0
92 115 0
93 115 0
95 115 0
96 115 0
97 115 0
98 115 0
104 115 0
105 115 0
106 115 0
114 115 0
117 115 0
118 115 0
119 115 0
130 115 0
131 115 0
132 115 0
140 115 0
144 115 0
145 115 0
146 115 0
148 115 0
149 115 0
151 115 0
155 115 0
156 115 0
158 115 0
159 115 0
169 115 0
170 115 0
171 115 0
172 115 0
181 115 0
182 115 0
183 115 0
26 116 0
27 116 0
28 116 0
53 116 0
63 116 0
66 116 0
77 116 0
78 116 0
79 116 0
80 116 0
91 116 0
92 116 0
93 116 0
94 116 0
95 116 0
96 116 0
104 116 0
105 116 0
106 116 0
117 116 0
118 116 0
119 116 0
130 116 0
131 116 0
132 116 0
144 116 0
145 116 0
146 116 0
156 116 0
157 116 0
158 116 0
159 116 0
169 116 0
170 116 0
171 116 0
181 116 0
64 117 0
65 117 0
79 117 0
90 117 0
91 117 0
92 117 0
93 117 0
94 117 0
104 117 0
105 117 0
106 117 0
118 117 0
129 117 0
130 117 0
131 117 0
143 117 0
144 117 0
145 117 0
156 117 0
157 117 0
158 117 0
159 117 0
169 117 0
170 117 0
171 117 0
36 118 0
39 118 0
40 118 0
41 118 0
53 118 0
56 118 0
64 118 0
65 118 0
66 118 0
67 118 0
72 118 0
76 118 0
77 118 0
78 118 0
79 118 0
80 118 0
88 118 0
89 118 0
90 118 0
92 118 0
93 118 0
104 118 0
105 118 0
106 118 0
116 118 0
117 118 0
118 118 0
129 118 0
130 118 0
131 118 0
143 118 0
144 118 0
145 118 0
157 118 0
158 118 0
169 118 0
170 118 0
182 118 0
38 119 0
39 119 0
40 119 0
50 119 0
51 119 0
53 119 0
54 119 0
55 119 0
64 119 0
65 119 0
66 119 0
76 119 0
78 119 0
79 119 0
89 119 0
91 119 0
92 119 0
93 119 0
105 119 0
106 119 0
117 119 0
118 119 0
129 119 0
130 119 0
131 119 0
143 119 0
144 119 0
145 119 0
156 119 0
158 119 0
170 119 0
180 119 0
181 119 0
182 119 0
3 120 0
6 120 0
8 120 0
9 120 0
28 120 0
38 120 0
40 120 0
52 120 0
53 120 0
64 120 0
65 120 0
66 120 0
78 120 0
79 120 0
92 120 0
104 120 0
117 120 0
118 120 0
129 120 0
131 120 0
143 120 0
144 120 0
145 120 0
156 120 0
158 120 0
168 120 0
170 120 0
7 121 0
8 121 0
53 121 0
79 121 0
92 121 0
103 121 0
104 121 0
105 121 0
106 121 0
118 121 0
129 121 0
131 121 0
143 121 0
145 121 0
155 121 0
156 121 0
158 121 0
180 121 0
181 121 0
182 121 0
28 122 0
40 122 0
53 122 0
79 122 0
92 122 0
104 122 0
105 122 0
106 122 0
118 122 0
129 122 0
130 122 0
131 122 0
143 122 0
144 122 0
145 122 0
156 122 0
157 122 0
158 122 0
168 122 0
169 122 0
170 122 0
180 122 0
181 122 0
65 123 0
79 123 0
92 123 0
103 123 0
104 123 0
105 123 0
106 123 0
129 123 0
130 123 0
131 123 0
156 123 0
157 123 0
158 123 0
181 123 0
15 124 0
16 124 0
17 124 0
18 124 0
19 124 0
79 124 0
92 124 0
104 124 0
105 124 0
116 124 0
117 124 0
118 124 0
129 124 0
130 124 0
131 124 0
144 124 0
145 124 0
156 124 0
157 124 0
158 124 0
168 124 0
169 124 0
17 125 0
18 125 0
19 125 0
92 125 0
104 125 0
105 125 0
110 125 0
115 125 0
116 125 0
117 125 0
129 125 0
130 125 0
131 125 0
143 125 0
156 125 0
157 125 0
183 125 0
53 126 0
77 126 0
79 126 0
92 126 0
103 126 0
104 126 0
105 126 0
106 126 0
107 126 0
108 126 0
109 126 0
110 126 0
115 126 0
116 126 0
117 126 0
118 126 0
119 126 0
124 126 0
129 126 0
130 126 0
131 126 0
143 126 0
144 126 0
145 126 0
156 126 0
157 126 0
168 126 0
169 126 0
179 126 0
182 126 0
79 127 0
92 127 0
103 127 0
104 127 0
105 127 0
106 127 0
107 127 0
115 127 0
116 127 0
117 127 0
126 127 0
128 127 0
129 127 0
130 127 0
131 127 0
139 127 0
140 127 0
141 127 0
142 127 0
144 127 0
145 127 0
155 127 0
156 127 0
157 127 0
167 127 0
168 127 0
169 127 0
176 127 0
178 127 0
179 127 0
180 127 0
181 127 0
66 128 0
79 128 0
101 128 0
102 128 0
103 128 0
104 128 0
105 128 0
106 128 0
115 128 0
116 128 0
117 128 0
129 128 0
130 128 0
131 128 0
143 128 0
144 128 0
148 128 0
153 128 0
155 128 0
156 128 0
157 128 0
165 128 0
166 128 0
167 128 0
168 128 0
169 128 0
179 128 0
180 128 0
181 128 0
24 129 0
26 129 0
29 129 0
40 129 0
41 129 0
77 129 0
79 129 0
91 129 0
92 129 0
93 129 0
95 129 0
96 129 0
100 129 0
101 129 0
103 129 0
104 129 0
105 129 0
128 129 0
129 129 0
130 129 0
142 129 0
143 129 0
144 129 0
148 129 0
149 129 0
154 129 0
155 129 0
156 129 0
157 129 0
168 129 0
169 129 0
178 129 0
180 129 0
27 130 0
28 130 0
29 130 0
41 130 0
63 130 0
64 130 0
65 130 0
78 130 0
79 130 0
90 130 0
91 130 0
92 130 0
103 130 0
104 130 0
105 130 0
128 130 0
129 130 0
130 130 0
142 130 0
143 130 0
144 130 0
155 130 0
156 130 0
157 130 0
167 130 0
168 130 0
169 130 0
180 130 0
28 131 0
38 131 0
39 131 0
40 131 0
41 131 0
59 131 0
60 131 0
61 131 0
62 131 0
64 131 0
65 131 0
66 131 0
76 131 0
77 131 0
78 131 0
79 131 0
88 131 0
89 131 0
90 131 0
92 131 0
93 131 0
103 131 0
104 131 0
105 131 0
117 131 0
128 131 0
130 131 0
141 131 0
142 131 0
143 131 0
144 131 0
154 131 0
155 131 0
156 131 0
176 131 0
179 131 0
180 131 0
6 132 0
8 132 0
9 132 0
10 132 0
19 132 0
28 132 0
39 132 0
40 132 0
41 132 0
51 132 0
52 132 0
55 132 0
56 132 0
64 132 0
65 132 0
66 132 0
76 132 0
77 132 0
78 132 0
79 132 0
87 132 0
88 132 0
89 132 0
91 132 0
92 132 0
93 132 0
103 132 0
105 132 0
115 132 0
116 132 0
117 132 0
128 132 0
129 132 0
130 132 0
142 132 0
143 132 0
154 132 0
155 132 0
156 132 0
167 132 0
168 132 0
9 133 0
10 133 0
39 133 0
40 133 0
41 133 0
51 133 0
54 133 0
65 133 0
66 133 0
77 133 0
78 133 0
79 133 0
90 133 0
91 133 0
92 133 0
103 133 0
104 133 0
105 133 0
115 133 0
116 133 0
117 133 0
127 133 0
128 133 0
129 133 0
130 133 0
141 133 0
142 133 0
143 133 0
155 133 0
156 133 0
168 133 0
28 134 0
29 134 0
52 134 0
53 134 0
54 134 0
65 134 0
77 134 0
78 134 0
79 134 0
92 134 0
103 134 0
105 134 0
115 134 0
116 134 0
117 134 0
141 134 0
142 134 0
143 134 0
154 134 0
156 134 0
166 134 0
168 134 0
171 134 0
41 135 0
78 135 0
92 135 0
103 135 0
104 135 0
105 135 0
127 135 0
128 135 0
129 135 0
141 135 0
142 135 0
143 135 0
153 135 0
154 135 0
155 135 0
156 135 0
166 135 0
168 135 0
177 135 0
179 135 0
1 136 0
4 136 0
18 136 0
20 136 0
76 136 0
78 136 0
92 136 0
121 136 0
128 136 0
129 136 0
168 136 0
179 136 0
10 137 0
11 137 0
18 137 0
19 137 0
20 137 0
21 137 0
66 137 0
115 137 0
116 137 0
128 137 0
129 137 0
141 137 0
142 137 0
143 137 0
153 137 0
155 137 0
166 137 0
167 137 0
168 137 0
179 137 0
15 138 0
19 138 0
20 138 0
103 138 0
104 138 0
105 138 0
114 138 0
115 138 0
116 138 0
117 138 0
127 138 0
129 138 0
140 138 0
141 138 0
142 138 0
143 138 0
166 138 0
167 138 0
177 138 0
178 138 0
179 138 0
184 138 0
185 138 0
23 139 0
24 139 0
64 139 0
66 139 0
92 139 0
103 139 0
104 139 0
107 139 0
108 139 0
114 139 0
115 139 0
116 139 0
117 139 0
126 139 0
127 139 0
128 139 0
129 139 0
130 139 0
140 139 0
141 139 0
142 139 0
153 139 0
155 139 0
165 139 0
166 139 0
167 139 0
177 139 0
178 139 0
179 139 0
29 140 0
30 140 0
90 140 0
92 140 0
101 140 0
102 140 0
103 140 0
104 140 0
106 140 0
107 140 0
115 140 0
116 140 0
127 140 0
128 140 0
129 140 0
138 140 0
139 140 0
140 140 0
141 140 0
142 140 0
143 140 0
149 140 0
152 140 0
154 140 0
155 140 0
162 140 0
163 140 0
164 140 0
165 140 0
166 140 0
167 140 0
168 140 0
177 140 0
178 140 0
179 140 0
66 141 0
78 141 0
79 141 0
92 141 0
100 141 0
101 141 0
102 141 0
103 141 0
104 141 0
105 141 0
114 141 0
115 141 0
127 141 0
128 141 0
140 141 0
141 141 0
142 141 0
151 141 0
152 141 0
153 141 0
154 141 0
155 141 0
161 141 0
167 141 0
178 141 0
181 141 0
182 141 0
183 141 0
66 142 0
77 142 0
78 142 0
79 142 0
91 142 0
92 142 0
100 142 0
101 142 0
102 142 0
103 142 0
104 142 0
115 142 0
116 142 0
126 142 0
127 142 0
128 142 0
140 142 0
141 142 0
153 142 0
154 142 0
155 142 0
164 142 0
165 142 0
166 142 0
171 142 0
174 142 0
175 142 0
176 142 0
177 142 0
5 143 0
64 143 0
66 143 0
77 143 0
78 143 0
79 143 0
99 143 0
102 143 0
103 143 0
104 143 0
114 143 0
115 143 0
116 143 0
128 143 0
139 143 0
140 143 0
141 143 0
153 143 0
154 143 0
159 143 0
160 143 0
162 143 0
163 143 0
164 143 0
165 143 0
167 143 0
77 144 0
78 144 0
79 144 0
88 144 0
89 144 0
90 144 0
91 144 0
92 144 0
93 144 0
102 144 0
103 144 0
104 144 0
114 144 0
115 144 0
116 144 0
126 144 0
138 144 0
139 144 0
140 144 0
145 144 0
146 144 0
147 144 0
151 144 0
11 145 0
91 145 0
110 145 0
111 145 0
122 145 0
187 145 0
11 146 0
16 147 0
186 147 0
19 148 0
177 148 0
178 148 0
179 148 0
180 148 0
20 149 0
21 149 0
22 149 0
32 149 0
166 149 0
186 149 0
20 150 0
21 150 0
30 150 0
155 150 0
158 150 0
160 150 0
164 150 0
165 150 0
166 150 0
174 150 0
175 150 0
176 150 0
177 150 0
179 150 0
13 151 0
142 151 0
153 151 0
161 151 0
162 151 0
165 151 0
166 151 0
175 151 0
176 151 0
177 151 0
2 152 0
3 152 0
4 152 0
127 152 0
133 152 0
140 152 0
152 152 0
153 152 0
164 152 0
165 152 0
166 152 0
175 152 0
176 152 0
3 153 0
4 153 0
67 153 0
100 153 0
101 153 0
103 153 0
104 153 0
114 153 0
127 153 0
140 153 0
141 153 0
151 153 0
152 153 0
153 153 0
163 153 0
164 153 0
165 153 0
176 153 0
4 154 0
27 154 0
28 154 0
32 154 0
67 154 0
78 154 0
79 154 0
99 154 0
100 154 0
103 154 0
104 154 0
113 154 0
115 154 0
127 154 0
140 154 0
150 154 0
152 154 0
174 154 0
176 154 0
11 155 0
12 155 0
14 155 0
30 155 0
31 155 0
32 155 0
38 155 0
41 155 0
43 155 0
64 155 0
65 155 0
66 155 0
67 155 0
89 155 0
90 155 0
103 155 0
112 155 0
113 155 0
114 155 0
115 155 0
125 155 0
126 155 0
127 155 0
139 155 0
140 155 0
163 155 0
164 155 0
165 155 0
13 156 0
42 156 0
43 156 0
60 156 0
61 156 0
65 156 0
66 156 0
67 156 0
77 156 0
78 156 0
79 156 0
88 156 0
89 156 0
90 156 0
91 156 0
92 156 0
93 156 0
103 156 0
150 156 0
151 156 0
152 156 0
164 156 0
43 157 0
53 157 0
54 157 0
55 157 0
56 157 0
67 157 0
76 157 0
77 157 0
78 157 0
79 157 0
91 157 0
92 157 0
150 157 0
152 157 0
162 157 0
164 157 0
55 158 0
56 158 0
77 158 0
78 158 0
79 158 0
90 158 0
91 158 0
103 158 0
113 158 0
114 158 0
124 158 0
126 158 0
127 158 0
138 158 0
139 158 0
150 158 0
152 158 0
163 158 0
164 158 0
186 158 0
55 159 0
101 159 0
103 159 0
114 159 0
139 159 0
151 159 0
152 159 0
164 159 0
182 159 0
184 159 0
185 159 0
186 159 0
21 160 0
22 160 0
23 160 0
91 160 0
98 160 0
103 160 0
124 160 0
126 160 0
139 160 0
150 160 0
151 160 0
184 160 0
185 160 0
186 160 0
23 161 0
77 161 0
79 161 0
103 161 0
113 161 0
114 161 0
115 161 0
126 161 0
137 161 0
139 161 0
150 161 0
151 161 0
162 161 0
163 161 0
172 161 0
173 161 0
174 161 0
175 161 0
101 162 0
103 162 0
111 162 0
112 162 0
113 162 0
114 162 0
115 162 0
124 162 0
125 162 0
126 162 0
137 162 0
138 162 0
139 162 0
147 162 0
149 162 0
150 162 0
151 162 0
161 162 0
162 162 0
163 162 0
174 162 0
181 162 0
3 163 0
5 163 0
6 163 0
101 163 0
102 163 0
103 163 0
114 163 0
124 163 0
125 163 0
126 163 0
136 163 0
137 163 0
138 163 0
139 163 0
150 163 0
151 163 0
162 163 0
163 163 0
79 164 0
90 164 0
91 164 0
98 164 0
99 164 0
101 164 0
102 164 0
103 164 0
104 164 0
112 164 0
113 164 0
114 164 0
124 164 0
125 164 0
126 164 0
137 164 0
138 164 0
139 164 0
149 164 0
150 164 0
151 164 0
160 164 0
162 164 0
173 164 0
32 165 0
33 165 0
34 165 0
68 165 0
79 165 0
98 165 0
101 165 0
103 165 0
114 165 0
137 165 0
138 165 0
149 165 0
12 166 0
14 166 0
16 166 0
31 166 0
33 166 0
78 166 0
79 166 0
103 166 0
114 166 0
126 166 0
135 166 0
136 166 0
138 166 0
149 166 0
150 166 0
162 166 0
173 166 0
43 167 0
45 167 0
66 167 0
67 167 0
68 167 0
73 167 0
77 167 0
79 167 0
89 167 0
90 167 0
91 167 0
92 167 0
101 167 0
103 167 0
126 167 0
138 167 0
150 167 0
162 167 0
168 167 0
43 168 0
44 168 0
45 168 0
54 168 0
55 168 0
56 168 0
57 168 0
58 168 0
66 168 0
67 168 0
68 168 0
78 168 0
79 168 0
88 168 0
89 168 0
91 168 0
92 168 0
124 168 0
125 168 0
126 168 0
150 168 0
44 169 0
56 169 0
57 169 0
90 169 0
91 169 0
92 169 0
114 169 0
160 169 0
162 169 0
179 169 0
183 169 0
22 170 0
23 170 0
24 170 0
25 170 0
103 170 0
113 170 0
114 170 0
133 170 0
134 170 0
135 170 0
136 170 0
138 170 0
150 170 0
160 170 0
161 170 0
162 170 0
182 170 0
183 170 0
24 171 0
25 171 0
26 171 0
112 171 0
113 171 0
114 171 0
127 171 0
131 171 0
132 171 0
138 171 0
158 171 0
159 171 0
160 171 0
161 171 0
162 171 0
170 171 0
171 171 0
172 171 0
173 171 0
103 172 0
110 172 0
111 172 0
113 172 0
114 172 0
122 172 0
123 172 0
124 172 0
125 172 0
130 172 0
134 172 0
135 172 0
136 172 0
137 172 0
138 172 0
146 172 0
149 172 0
150 172 0
160 172 0
161 172 0
168 172 0
172 172 0
182 172 0
5 173 0
6 173 0
9 173 0
79 173 0
101 173 0
107 173 0
112 173 0
113 173 0
114 173 0
121 173 0
125 173 0
126 173 0
127 173 0
128 173 0
136 173 0
137 173 0
146 173 0
147 173 0
149 173 0
150 173 0
153 173 0
161 173 0
8 174 0
26 174 0
101 174 0
102 174 0
103 174 0
104 174 0
113 174 0
119 174 0
124 174 0
126 174 0
127 174 0
137 174 0
148 174 0
149 174 0
153 174 0
154 174 0
155 174 0
159 174 0
171 174 0
26 175 0
27 175 0
30 175 0
31 175 0
80 175 0
100 175 0
101 175 0
103 175 0
104 175 0
119 175 0
123 175 0
125 175 0
137 175 0
148 175 0
149 175 0
152 175 0
154 175 0
181 175 0
17 176 0
18 176 0
19 176 0
33 176 0
34 176 0
35 176 0
78 176 0
79 176 0
80 176 0
90 176 0
103 176 0
123 176 0
124 176 0
125 176 0
126 176 0
147 176 0
153 176 0
154 176 0
155 176 0
160 176 0
166 176 0
167 176 0
181 176 0
66 177 0
69 177 0
89 177 0
90 177 0
91 177 0
92 177 0
93 177 0
94 177 0
101 177 0
103 177 0
112 177 0
113 177 0
114 177 0
115 177 0
116 177 0
117 177 0
123 177 0
124 177 0
125 177 0
126 177 0
135 177 0
136 177 0
137 177 0
147 177 0
148 177 0
155 177 0
156 177 0
158 177 0
159 177 0
170 177 0
171 177 0
129 43 1
130 43 1
127 44 1
128 44 1
129 44 1
130 44 1
131 44 1
132 44 1
139 44 1
126 45 1
127 45 1
128 45 1
129 45 1
142 45 1
125 46 1
126 46 1
128 46 1
133 46 1
135 46 1
142 46 1
123 47 1
124 47 1
125 47 1
126 47 1
128 47 1
129 47 1
133 47 1
134 47 1
143 47 1
144 47 1
145 47 1
123 48 1
124 48 1
125 48 1
126 48 1
133 48 1
134 48 1
135 48 1
136 48 1
139 48 1
140 48 1
143 48 1
122 49 1
123 49 1
124 49 1
125 49 1
128 49 1
134 49 1
135 49 1
138 49 1
144 49 1
145 49 1
113 50 1
117 50 1
122 50 1
123 50 1
124 50 1
125 50 1
126 50 1
128 50 1
133 50 1
134 50 1
136 50 1
138 50 1
144 50 1
121 51 1
122 51 1
123 51 1
124 51 1
134 51 1
136 51 1
137 51 1
117 52 1
120 52 1
121 52 1
122 52 1
123 52 1
124 52 1
130 52 1
134 52 1
135 52 1
136 52 1
137 52 1
141 52 1
144 52 1
118 53 1
120 53 1
121 53 1
122 53 1
123 53 1
124 53 1
134 53 1
135 53 1
136 53 1
144 53 1
145 53 1
146 53 1
119 54 1
120 54 1
121 54 1
122 54 1
123 54 1
124 54 1
125 54 1
144 54 1
145 54 1
120 55 1
121 55 1
122 55 1
123 55 1
124 55 1
135 55 1
136 55 1
137 55 1
140 55 1
141 55 1
144 55 1
145 55 1
146 55 1
147 55 1
148 55 1
151 55 1
154 55 1
120 56 1
121 56 1
122 56 1
123 56 1
124 56 1
134 56 1
138 56 1
139 56 1
142 56 1
143 56 1
144 56 1
145 56 1
146 56 1
147 56 1
148 56 1
121 57 1
122 57 1
123 57 1
124 57 1
137 57 1
143 57 1
145 57 1
146 57 1
121 58 1
122 58 1
123 58 1
124 58 1
134 58 1
144 58 1
145 58 1
121 59 1
122 59 1
123 59 1
124 59 1
132 59 1
133 59 1
134 59 1
143 59 1
144 59 1
122 60 1
123 60 1
124 60 1
125 60 1
126 60 1
127 60 1
134 60 1
136 60 1
143 60 1
144 60 1
145 60 1
146 60 1
122 61 1
123 61 1
124 61 1
125 61 1
142 61 1
143 61 1
144 61 1
145 61 1
146 61 1
122 62 1
123 62 1
124 62 1
125 62 1
126 62 1
141 62 1
142 62 1
143 62 1
144 62 1
123 63 1
124 63 1
125 63 1
126 63 1
127 63 1
141 63 1
142 63 1
143 63 1
144 63 1
146 63 1
123 64 1
124 64 1
125 64 1
126 64 1
127 64 1
140 64 1
141 64 1
142 64 1
143 64 1
144 64 1
124 65 1
125 65 1
126 65 1
127 65 1
128 65 1
129 65 1
131 65 1
139 65 1
140 65 1
141 65 1
142 65 1
143 65 1
147 65 1
148 65 1
126 66 1
127 66 1
128 66 1
130 66 1
131 66 1
132 66 1
137 66 1
138 66 1
139 66 1
140 66 1
141 66 1
142 66 1
143 66 1
145 66 1
148 66 1
149 66 1
130 67 1
131 67 1
132 67 1
135 67 1
136 67 1
137 67 1
138 67 1
139 67 1
140 67 1
141 67 1
145 67 1
149 67 1
136 68 1
138 68 1
139 68 1
