3 1 0
143 1 0
159 1 0
173 1 0
16 2 0
37 2 0
59 2 0
87 2 0
101 2 0
114 2 0
115 2 0
116 2 0
129 2 0
130 2 0
131 2 0
143 2 0
144 2 0
145 2 0
158 2 0
159 2 0
171 2 0
173 2 0
184 2 0
186 2 0
15 3 0
16 3 0
17 3 0
35 3 0
60 3 0
87 3 0
99 3 0
100 3 0
101 3 0
114 3 0
115 3 0
116 3 0
129 3 0
130 3 0
131 3 0
143 3 0
144 3 0
145 3 0
158 3 0
159 3 0
171 3 0
172 3 0
173 3 0
186 3 0
8 4 0
9 4 0
10 4 0
11 4 0
17 4 0
24 4 0
25 4 0
26 4 0
35 4 0
60 4 0
73 4 0
85 4 0
87 4 0
99 4 0
100 4 0
101 4 0
114 4 0
115 4 0
116 4 0
130 4 0
131 4 0
143 4 0
144 4 0
145 4 0
157 4 0
158 4 0
159 4 0
171 4 0
172 4 0
173 4 0
185 4 0
186 4 0
8 5 0
9 5 0
10 5 0
23 5 0
25 5 0
26 5 0
27 5 0
33 5 0
34 5 0
35 5 0
40 5 0
47 5 0
72 5 0
73 5 0
85 5 0
87 5 0
99 5 0
100 5 0
101 5 0
114 5 0
115 5 0
116 5 0
129 5 0
131 5 0
143 5 0
144 5 0
145 5 0
148 5 0
149 5 0
151 5 0
154 5 0
156 5 0
157 5 0
158 5 0
161 5 0
166 5 0
171 5 0
172 5 0
173 5 0
186 5 0
9 6 0
16 6 0
26 6 0
36 6 0
37 6 0
42 6 0
45 6 0
46 6 0
47 6 0
72 6 0
73 6 0
85 6 0
87 6 0
99 6 0
101 6 0
114 6 0
115 6 0
116 6 0
129 6 0
130 6 0
131 6 0
143 6 0
144 6 0
145 6 0
146 6 0
147 6 0
148 6 0
149 6 0
150 6 0
151 6 0
152 6 0
153 6 0
154 6 0
155 6 0
156 6 0
157 6 0
158 6 0
159 6 0
160 6 0
161 6 0
162 6 0
163 6 0
165 6 0
166 6 0
167 6 0
168 6 0
171 6 0
172 6 0
173 6 0
185 6 0
186 6 0
36 7 0
48 7 0
49 7 0
50 7 0
58 7 0
71 7 0
72 7 0
73 7 0
87 7 0
99 7 0
101 7 0
114 7 0
115 7 0
116 7 0
129 7 0
130 7 0
131 7 0
141 7 0
142 7 0
143 7 0
144 7 0
145 7 0
146 7 0
147 7 0
148 7 0
158 7 0
159 7 0
160 7 0
171 7 0
172 7 0
173 7 0
174 7 0
175 7 0
177 7 0
183 7 0
184 7 0
185 7 0
186 7 0
36 8 0
48 8 0
57 8 0
58 8 0
62 8 0
70 8 0
71 8 0
72 8 0
85 8 0
87 8 0
99 8 0
100 8 0
101 8 0
114 8 0
115 8 0
116 8 0
129 8 0
130 8 0
131 8 0
135 8 0
137 8 0
139 8 0
140 8 0
141 8 0
142 8 0
144 8 0
145 8 0
146 8 0
157 8 0
158 8 0
159 8 0
171 8 0
172 8 0
173 8 0
174 8 0
178 8 0
180 8 0
182 8 0
183 8 0
184 8 0
185 8 0
186 8 0
16 9 0
36 9 0
57 9 0
58 9 0
59 9 0
60 9 0
61 9 0
62 9 0
70 9 0
71 9 0
74 9 0
75 9 0
76 9 0
85 9 0
99 9 0
100 9 0
101 9 0
113 9 0
114 9 0
116 9 0
117 9 0
118 9 0
119 9 0
120 9 0
127 9 0
128 9 0
129 9 0
133 9 0
134 9 0
135 9 0
136 9 0
137 9 0
139 9 0
140 9 0
141 9 0
144 9 0
145 9 0
146 9 0
157 9 0
158 9 0
159 9 0
171 9 0
172 9 0
173 9 0
181 9 0
182 9 0
186 9 0
59 10 0
60 10 0
67 10 0
70 10 0
71 10 0
74 10 0
75 10 0
76 10 0
77 10 0
78 10 0
80 10 0
84 10 0
85 10 0
88 10 0
89 10 0
99 10 0
100 10 0
101 10 0
112 10 0
113 10 0
114 10 0
116 10 0
117 10 0
118 10 0
124 10 0
126 10 0
127 10 0
128 10 0
129 10 0
130 10 0
131 10 0
132 10 0
144 10 0
145 10 0
157 10 0
158 10 0
159 10 0
171 10 0
172 10 0
173 10 0
185 10 0
186 10 0
56 11 0
59 11 0
70 11 0
71 11 0
72 11 0
73 11 0
74 11 0
84 11 0
85 11 0
86 11 0
87 11 0
88 11 0
89 11 0
90 11 0
98 11 0
99 11 0
100 11 0
101 11 0
107 11 0
108 11 0
109 11 0
110 11 0
111 11 0
112 11 0
113 11 0
114 11 0
115 11 0
116 11 0
124 11 0
125 11 0
127 11 0
128 11 0
130 11 0
131 11 0
143 11 0
144 11 0
145 11 0
157 11 0
158 11 0
159 11 0
172 11 0
173 11 0
185 11 0
186 11 0
36 12 0
47 12 0
59 12 0
72 12 0
86 12 0
87 12 0
96 12 0
97 12 0
98 12 0
99 12 0
100 12 0
102 12 0
103 12 0
104 12 0
105 12 0
106 12 0
107 12 0
109 12 0
110 12 0
115 12 0
116 12 0
129 12 0
130 12 0
131 12 0
143 12 0
144 12 0
145 12 0
157 12 0
158 12 0
159 12 0
172 12 0
173 12 0
186 12 0
2 13 0
25 13 0
47 13 0
68 13 0
72 13 0
86 13 0
87 13 0
96 13 0
97 13 0
99 13 0
100 13 0
101 13 0
102 13 0
103 13 0
104 13 0
105 13 0
106 13 0
107 13 0
108 13 0
109 13 0
115 13 0
128 13 0
129 13 0
130 13 0
131 13 0
143 13 0
144 13 0
145 13 0
157 13 0
158 13 0
159 13 0
172 13 0
173 13 0
185 13 0
2 14 0
15 14 0
25 14 0
47 14 0
59 14 0
70 14 0
72 14 0
84 14 0
85 14 0
86 14 0
99 14 0
100 14 0
101 14 0
115 14 0
128 14 0
129 14 0
130 14 0
142 14 0
144 14 0
145 14 0
157 14 0
158 14 0
159 14 0
171 14 0
172 14 0
173 14 0
185 14 0
186 14 0
14 15 0
59 15 0
70 15 0
72 15 0
85 15 0
86 15 0
100 15 0
113 15 0
115 15 0
128 15 0
129 15 0
130 15 0
142 15 0
143 15 0
144 15 0
157 15 0
158 15 0
159 15 0
171 15 0
172 15 0
173 15 0
186 15 0
13 16 0
14 16 0
15 16 0
59 16 0
71 16 0
72 16 0
85 16 0
86 16 0
99 16 0
100 16 0
113 16 0
114 16 0
128 16 0
129 16 0
130 16 0
143 16 0
144 16 0
145 16 0
157 16 0
158 16 0
159 16 0
172 16 0
173 16 0
6 17 0
7 17 0
13 17 0
14 17 0
15 17 0
58 17 0
59 17 0
85 17 0
86 17 0
99 17 0
100 17 0
113 17 0
114 17 0
115 17 0
128 17 0
129 17 0
130 17 0
144 17 0
145 17 0
157 17 0
158 17 0
159 17 0
172 17 0
185 17 0
186 17 0
6 18 0
7 18 0
8 18 0
15 18 0
21 18 0
23 18 0
24 18 0
25 18 0
26 18 0
34 18 0
47 18 0
71 18 0
86 18 0
99 18 0
100 18 0
113 18 0
114 18 0
115 18 0
128 18 0
129 18 0
130 18 0
143 18 0
144 18 0
145 18 0
157 18 0
158 18 0
159 18 0
171 18 0
172 18 0
173 18 0
184 18 0
185 18 0
186 18 0
7 19 0
8 19 0
24 19 0
25 19 0
33 19 0
34 19 0
39 19 0
40 19 0
69 19 0
71 19 0
99 19 0
100 19 0
113 19 0
114 19 0
128 19 0
129 19 0
130 19 0
144 19 0
145 19 0
157 19 0
158 19 0
159 19 0
171 19 0
172 19 0
173 19 0
185 19 0
186 19 0
7 20 0
33 20 0
34 20 0
35 20 0
38 20 0
40 20 0
45 20 0
58 20 0
69 20 0
84 20 0
98 20 0
100 20 0
128 20 0
129 20 0
130 20 0
143 20 0
144 20 0
145 20 0
155 20 0
156 20 0
157 20 0
158 20 0
160 20 0
161 20 0
162 20 0
171 20 0
172 20 0
173 20 0
184 20 0
185 20 0
186 20 0
24 21 0
35 21 0
44 21 0
45 21 0
47 21 0
48 21 0
71 21 0
85 21 0
113 21 0
114 21 0
128 21 0
129 21 0
130 21 0
142 21 0
143 21 0
145 21 0
146 21 0
147 21 0
148 21 0
149 21 0
150 21 0
153 21 0
154 21 0
155 21 0
156 21 0
157 21 0
158 21 0
159 21 0
160 21 0
161 21 0
162 21 0
163 21 0
164 21 0
167 21 0
168 21 0
169 21 0
170 21 0
171 21 0
172 21 0
173 21 0
184 21 0
185 21 0
24 22 0
46 22 0
47 22 0
56 22 0
69 22 0
71 22 0
85 22 0
97 22 0
99 22 0
100 22 0
114 22 0
128 22 0
129 22 0
140 22 0
141 22 0
142 22 0
143 22 0
146 22 0
147 22 0
148 22 0
149 22 0
150 22 0
151 22 0
152 22 0
153 22 0
154 22 0
155 22 0
156 22 0
158 22 0
159 22 0
166 22 0
167 22 0
168 22 0
169 22 0
170 22 0
171 22 0
172 22 0
173 22 0
174 22 0
175 22 0
176 22 0
177 22 0
178 22 0
183 22 0
184 22 0
185 22 0
46 23 0
55 23 0
56 23 0
57 23 0
59 23 0
60 23 0
61 23 0
83 23 0
99 23 0
100 23 0
113 23 0
114 23 0
115 23 0
127 23 0
128 23 0
129 23 0
130 23 0
136 23 0
137 23 0
138 23 0
139 23 0
140 23 0
141 23 0
144 23 0
145 23 0
146 23 0
147 23 0
157 23 0
158 23 0
159 23 0
170 23 0
172 23 0
173 23 0
178 23 0
179 23 0
182 23 0
183 23 0
184 23 0
185 23 0
186 23 0
187 23 0
55 24 0
56 24 0
57 24 0
58 24 0
59 24 0
60 24 0
61 24 0
62 24 0
63 24 0
64 24 0
69 24 0
83 24 0
84 24 0
85 24 0
98 24 0
99 24 0
100 24 0
111 24 0
112 24 0
113 24 0
118 24 0
127 24 0
128 24 0
131 24 0
132 24 0
133 24 0
134 24 0
135 24 0
136 24 0
137 24 0
138 24 0
139 24 0
140 24 0
144 24 0
145 24 0
157 24 0
158 24 0
170 24 0
171 24 0
172 24 0
173 24 0
182 24 0
184 24 0
186 24 0
14 25 0
46 25 0
57 25 0
58 25 0
67 25 0
68 25 0
69 25 0
70 25 0
72 25 0
73 25 0
81 25 0
82 25 0
83 25 0
84 25 0
98 25 0
99 25 0
100 25 0
107 25 0
111 25 0
112 25 0
113 25 0
116 25 0
117 25 0
118 25 0
119 25 0
121 25 0
122 25 0
123 25 0
125 25 0
126 25 0
127 25 0
128 25 0
129 25 0
130 25 0
131 25 0
132 25 0
133 25 0
144 25 0
145 25 0
157 25 0
158 25 0
171 25 0
172 25 0
173 25 0
184 25 0
185 25 0
186 25 0
34 26 0
46 26 0
58 26 0
70 26 0
71 26 0
72 26 0
80 26 0
81 26 0
82 26 0
83 26 0
84 26 0
85 26 0
87 26 0
97 26 0
98 26 0
101 26 0
102 26 0
103 26 0
104 26 0
105 26 0
106 26 0
107 26 0
109 26 0
110 26 0
114 26 0
115 26 0
116 26 0
117 26 0
123 26 0
124 26 0
125 26 0
128 26 0
129 26 0
130 26 0
142 26 0
144 26 0
156 26 0
157 26 0
158 26 0
171 26 0
172 26 0
173 26 0
184 26 0
185 26 0
45 27 0
71 27 0
81 27 0
84 27 0
85 27 0
86 27 0
87 27 0
96 27 0
97 27 0
98 27 0
101 27 0
102 27 0
103 27 0
104 27 0
105 27 0
106 27 0
107 27 0
108 27 0
109 27 0
114 27 0
115 27 0
129 27 0
130 27 0
143 27 0
144 27 0
156 27 0
157 27 0
158 27 0
172 27 0
173 27 0
184 27 0
185 27 0
186 27 0
14 28 0
71 28 0
84 28 0
85 28 0
94 28 0
95 28 0
96 28 0
97 28 0
99 28 0
100 28 0
101 28 0
113 28 0
114 28 0
115 28 0
127 28 0
128 28 0
129 28 0
144 28 0
157 28 0
158 28 0
172 28 0
173 28 0
185 28 0
186 28 0
12 29 0
13 29 0
34 29 0
71 29 0
84 29 0
85 29 0
94 29 0
95 29 0
96 29 0
97 29 0
99 29 0
100 29 0
114 29 0
127 29 0
128 29 0
129 29 0
144 29 0
157 29 0
158 29 0
171 29 0
172 29 0
173 29 0
4 30 0
5 30 0
7 30 0
10 30 0
11 30 0
12 30 0
13 30 0
14 30 0
57 30 0
70 30 0
83 30 0
84 30 0
85 30 0
99 30 0
100 30 0
112 30 0
113 30 0
114 30 0
128 30 0
129 30 0
142 30 0
144 30 0
157 30 0
158 30 0
171 30 0
172 30 0
173 30 0
3 31 0
4 31 0
5 31 0
6 31 0
7 31 0
8 31 0
9 31 0
10 31 0
11 31 0
13 31 0
14 31 0
22 31 0
45 31 0
57 31 0
70 31 0
82 31 0
83 31 0
84 31 0
99 31 0
112 31 0
113 31 0
114 31 0
129 31 0
142 31 0
143 31 0
144 31 0
156 31 0
157 31 0
158 31 0
171 31 0
172 31 0
173 31 0
6 32 0
21 32 0
22 32 0
23 32 0
45 32 0
70 32 0
83 32 0
84 32 0
85 32 0
97 32 0
98 32 0
99 32 0
113 32 0
114 32 0
127 32 0
128 32 0
129 32 0
141 32 0
142 32 0
143 32 0
144 32 0
156 32 0
157 32 0
158 32 0
171 32 0
172 32 0
173 32 0
185 32 0
19 33 0
22 33 0
23 33 0
24 33 0
32 33 0
45 33 0
70 33 0
82 33 0
84 33 0
85 33 0
99 33 0
112 33 0
113 33 0
114 33 0
127 33 0
128 33 0
129 33 0
143 33 0
144 33 0
157 33 0
158 33 0
170 33 0
171 33 0
172 33 0
173 33 0
31 34 0
32 34 0
34 34 0
35 34 0
45 34 0
57 34 0
70 34 0
84 34 0
85 34 0
97 34 0
98 34 0
99 34 0
111 34 0
112 34 0
113 34 0
114 34 0
127 34 0
128 34 0
129 34 0
141 34 0
142 34 0
143 34 0
144 34 0
156 34 0
157 34 0
158 34 0
170 34 0
171 34 0
172 34 0
33 35 0
34 35 0
43 35 0
44 35 0
57 35 0
70 35 0
83 35 0
84 35 0
99 35 0
113 35 0
114 35 0
126 35 0
127 35 0
128 35 0
129 35 0
141 35 0
142 35 0
143 35 0
144 35 0
155 35 0
156 35 0
157 35 0
170 35 0
171 35 0
13 36 0
33 36 0
34 36 0
42 36 0
43 36 0
44 36 0
45 36 0
46 36 0
70 36 0
82 36 0
84 36 0
96 36 0
98 36 0
99 36 0
114 36 0
126 36 0
127 36 0
128 36 0
129 36 0
142 36 0
143 36 0
144 36 0
146 36 0
147 36 0
148 36 0
151 36 0
153 36 0
154 36 0
155 36 0
156 36 0
157 36 0
169 36 0
170 36 0
171 36 0
175 36 0
183 36 0
184 36 0
13 37 0
44 37 0
45 37 0
46 37 0
70 37 0
84 37 0
99 37 0
111 37 0
113 37 0
114 37 0
127 37 0
128 37 0
129 37 0
141 37 0
142 37 0
143 37 0
144 37 0
145 37 0
146 37 0
147 37 0
148 37 0
149 37 0
151 37 0
152 37 0
153 37 0
154 37 0
155 37 0
157 37 0
158 37 0
159 37 0
160 37 0
161 37 0
162 37 0
163 37 0
164 37 0
165 37 0
167 37 0
168 37 0
169 37 0
170 37 0
171 37 0
172 37 0
173 37 0
174 37 0
176 37 0
180 37 0
181 37 0
182 37 0
183 37 0
184 37 0
185 37 0
13 38 0
44 38 0
45 38 0
53 38 0
55 38 0
70 38 0
83 38 0
84 38 0
111 38 0
113 38 0
114 38 0
127 38 0
129 38 0
141 38 0
142 38 0
143 38 0
144 38 0
145 38 0
146 38 0
147 38 0
156 38 0
157 38 0
158 38 0
166 38 0
170 38 0
171 38 0
172 38 0
173 38 0
181 38 0
182 38 0
185 38 0
186 38 0
13 39 0
53 39 0
54 39 0
55 39 0
56 39 0
57 39 0
58 39 0
68 39 0
82 39 0
83 39 0
84 39 0
98 39 0
99 39 0
112 39 0
113 39 0
114 39 0
127 39 0
128 39 0
129 39 0
133 39 0
136 39 0
137 39 0
138 39 0
139 39 0
140 39 0
141 39 0
142 39 0
143 39 0
144 39 0
156 39 0
157 39 0
158 39 0
170 39 0
171 39 0
172 39 0
173 39 0
184 39 0
185 39 0
53 40 0
56 40 0
57 40 0
58 40 0
66 40 0
67 40 0
68 40 0
69 40 0
82 40 0
83 40 0
84 40 0
98 40 0
99 40 0
111 40 0
112 40 0
115 40 0
116 40 0
117 40 0
120 40 0
121 40 0
123 40 0
124 40 0
125 40 0
126 40 0
127 40 0
130 40 0
131 40 0
134 40 0
135 40 0
136 40 0
137 40 0
138 40 0
139 40 0
143 40 0
144 40 0
156 40 0
157 40 0
158 40 0
171 40 0
172 40 0
184 40 0
185 40 0
44 41 0
57 41 0
65 41 0
66 41 0
67 41 0
68 41 0
72 41 0
73 41 0
81 41 0
82 41 0
83 41 0
85 41 0
86 41 0
88 41 0
98 41 0
99 41 0
109 41 0
110 41 0
111 41 0
112 41 0
113 41 0
114 41 0
115 41 0
116 41 0
117 41 0
118 41 0
119 41 0
120 41 0
121 41 0
123 41 0
125 41 0
126 41 0
127 41 0
128 41 0
129 41 0
130 41 0
131 41 0
132 41 0
133 41 0
142 41 0
143 41 0
156 41 0
157 41 0
158 41 0
170 41 0
171 41 0
172 41 0
184 41 0
185 41 0
44 42 0
67 42 0
68 42 0
69 42 0
70 42 0
71 42 0
78 42 0
80 42 0
81 42 0
82 42 0
83 42 0
84 42 0
85 42 0
86 42 0
87 42 0
88 42 0
89 42 0
96 42 0
97 42 0
98 42 0
104 42 0
105 42 0
108 42 0
109 42 0
110 42 0
111 42 0
112 42 0
113 42 0
114 42 0
115 42 0
128 42 0
129 42 0
130 42 0
141 42 0
142 42 0
143 42 0
156 42 0
157 42 0
158 42 0
170 42 0
172 42 0
185 42 0
8 43 0
11 43 0
12 43 0
13 43 0
35 43 0
36 43 0
44 43 0
56 43 0
70 43 0
80 43 0
83 43 0
84 43 0
85 43 0
95 43 0
96 43 0
97 43 0
100 43 0
101 43 0
102 43 0
103 43 0
104 43 0
105 43 0
106 43 0
107 43 0
108 43 0
109 43 0
110 43 0
111 43 0
113 43 0
114 43 0
128 43 0
129 43 0
140 43 0
141 43 0
142 43 0
143 43 0
157 43 0
158 43 0
170 43 0
171 43 0
172 43 0
184 43 0
185 43 0
3 44 0
4 44 0
6 44 0
7 44 0
12 44 0
13 44 0
21 44 0
34 44 0
35 44 0
36 44 0
38 44 0
44 44 0
56 44 0
67 44 0
70 44 0
79 44 0
80 44 0
83 44 0
84 44 0
96 44 0
97 44 0
98 44 0
99 44 0
100 44 0
101 44 0
102 44 0
103 44 0
104 44 0
105 44 0
111 44 0
113 44 0
114 44 0
126 44 0
127 44 0
128 44 0
129 44 0
142 44 0
143 44 0
156 44 0
157 44 0
158 44 0
170 44 0
171 44 0
172 44 0
184 44 0
3 45 0
4 45 0
5 45 0
6 45 0
12 45 0
13 45 0
21 45 0
34 45 0
35 45 0
37 45 0
38 45 0
44 45 0
56 45 0
69 45 0
70 45 0
81 45 0
83 45 0
84 45 0
98 45 0
99 45 0
111 45 0
112 45 0
113 45 0
127 45 0
128 45 0
129 45 0
141 45 0
142 45 0
143 45 0
155 45 0
156 45 0
157 45 0
158 45 0
170 45 0
171 45 0
172 45 0
5 46 0
20 46 0
21 46 0
34 46 0
35 46 0
37 46 0
38 46 0
56 46 0
69 46 0
70 46 0
81 46 0
83 46 0
97 46 0
98 46 0
99 46 0
111 46 0
112 46 0
113 46 0
127 46 0
128 46 0
129 46 0
141 46 0
142 46 0
143 46 0
155 46 0
156 46 0
157 46 0
170 46 0
171 46 0
172 46 0
184 46 0
185 46 0
1 47 0
2 47 0
22 47 0
23 47 0
31 47 0
32 47 0
35 47 0
37 47 0
38 47 0
56 47 0
83 47 0
97 47 0
98 47 0
112 47 0
113 47 0
128 47 0
129 47 0
140 47 0
141 47 0
142 47 0
143 47 0
156 47 0
157 47 0
158 47 0
170 47 0
171 47 0
172 47 0
185 47 0
5 48 0
15 48 0
16 48 0
17 48 0
19 48 0
20 48 0
21 48 0
22 48 0
29 48 0
30 48 0
31 48 0
32 48 0
35 48 0
36 48 0
37 48 0
38 48 0
42 48 0
83 48 0
98 48 0
126 48 0
128 48 0
140 48 0
142 48 0
143 48 0
156 48 0
157 48 0
158 48 0
170 48 0
171 48 0
172 48 0
183 48 0
5 49 0
14 49 0
15 49 0
22 49 0
32 49 0
33 49 0
34 49 0
81 49 0
82 49 0
83 49 0
112 49 0
126 49 0
127 49 0
128 49 0
142 49 0
143 49 0
155 49 0
156 49 0
157 49 0
158 49 0
170 49 0
171 49 0
172 49 0
184 49 0
185 49 0
5 50 0
14 50 0
22 50 0
24 50 0
32 50 0
33 50 0
67 50 0
82 50 0
83 50 0
96 50 0
126 50 0
128 50 0
143 50 0
156 50 0
157 50 0
158 50 0
169 50 0
170 50 0
171 50 0
172 50 0
184 50 0
185 50 0
5 51 0
14 51 0
24 51 0
41 51 0
42 51 0
43 51 0
45 51 0
69 51 0
81 51 0
83 51 0
96 51 0
98 51 0
110 51 0
111 51 0
112 51 0
126 51 0
128 51 0
143 51 0
155 51 0
156 51 0
158 51 0
159 51 0
160 51 0
162 51 0
168 51 0
169 51 0
170 51 0
171 51 0
172 51 0
183 51 0
184 51 0
5 52 0
14 52 0
24 52 0
44 52 0
45 52 0
48 52 0
83 52 0
98 52 0
110 52 0
112 52 0
113 52 0
126 52 0
127 52 0
128 52 0
142 52 0
143 52 0
154 52 0
155 52 0
156 52 0
157 52 0
158 52 0
159 52 0
160 52 0
161 52 0
162 52 0
163 52 0
166 52 0
167 52 0
168 52 0
169 52 0
170 52 0
171 52 0
172 52 0
173 52 0
182 52 0
183 52 0
184 52 0
186 52 0
187 52 0
5 53 0
14 53 0
15 53 0
18 53 0
24 53 0
43 53 0
44 53 0
83 53 0
98 53 0
112 53 0
127 53 0
128 53 0
140 53 0
141 53 0
142 53 0
143 53 0
144 53 0
145 53 0
148 53 0
149 53 0
150 53 0
151 53 0
152 53 0
153 53 0
154 53 0
155 53 0
156 53 0
157 53 0
158 53 0
165 53 0
166 53 0
167 53 0
168 53 0
169 53 0
170 53 0
171 53 0
172 53 0
173 53 0
174 53 0
175 53 0
180 53 0
181 53 0
182 53 0
183 53 0
185 53 0
186 53 0
5 54 0
14 54 0
15 54 0
18 54 0
24 54 0
32 54 0
43 54 0
44 54 0
54 54 0
55 54 0
56 54 0
67 54 0
69 54 0
83 54 0
95 54 0
96 54 0
112 54 0
126 54 0
127 54 0
128 54 0
139 54 0
140 54 0
141 54 0
142 54 0
143 54 0
144 54 0
145 54 0
147 54 0
148 54 0
149 54 0
150 54 0
151 54 0
155 54 0
156 54 0
157 54 0
158 54 0
170 54 0
171 54 0
177 54 0
178 54 0
179 54 0
180 54 0
181 54 0
182 54 0
185 54 0
5 55 0
14 55 0
15 55 0
16 55 0
23 55 0
54 55 0
55 55 0
56 55 0
67 55 0
68 55 0
69 55 0
83 55 0
97 55 0
112 55 0
113 55 0
126 55 0
127 55 0
128 55 0
136 55 0
137 55 0
138 55 0
139 55 0
140 55 0
141 55 0
142 55 0
143 55 0
144 55 0
145 55 0
146 55 0
156 55 0
157 55 0
168 55 0
169 55 0
170 55 0
171 55 0
184 55 0
185 55 0
5 56 0
13 56 0
14 56 0
15 56 0
22 56 0
23 56 0
55 56 0
56 56 0
57 56 0
67 56 0
70 56 0
73 56 0
81 56 0
82 56 0
83 56 0
98 56 0
110 56 0
111 56 0
112 56 0
125 56 0
126 56 0
130 56 0
131 56 0
132 56 0
133 56 0
137 56 0
138 56 0
139 56 0
142 56 0
143 56 0
154 56 0
156 56 0
157 56 0
170 56 0
171 56 0
183 56 0
184 56 0
5 57 0
7 57 0
10 57 0
11 57 0
14 57 0
22 57 0
23 57 0
24 57 0
56 57 0
66 57 0
67 57 0
68 57 0
70 57 0
71 57 0
72 57 0
73 57 0
80 57 0
81 57 0
82 57 0
96 57 0
98 57 0
109 57 0
110 57 0
111 57 0
114 57 0
115 57 0
116 57 0
117 57 0
118 57 0
119 57 0
124 57 0
125 57 0
126 57 0
127 57 0
129 57 0
130 57 0
131 57 0
132 57 0
133 57 0
140 57 0
141 57 0
142 57 0
143 57 0
156 57 0
157 57 0
170 57 0
182 57 0
184 57 0
4 58 0
5 58 0
6 58 0
11 58 0
12 58 0
14 58 0
22 58 0
24 58 0
55 58 0
65 58 0
66 58 0
67 58 0
68 58 0
69 58 0
70 58 0
80 58 0
81 58 0
82 58 0
83 58 0
84 58 0
87 58 0
96 58 0
97 58 0
98 58 0
109 58 0
110 58 0
111 58 0
112 58 0
113 58 0
114 58 0
115 58 0
116 58 0
117 58 0
118 58 0
121 58 0
124 58 0
125 58 0
127 58 0
128 58 0
129 58 0
142 58 0
143 58 0
170 58 0
171 58 0
184 58 0
185 58 0
4 59 0
5 59 0
12 59 0
14 59 0
21 59 0
22 59 0
24 59 0
55 59 0
64 59 0
68 59 0
69 59 0
83 59 0
84 59 0
91 59 0
94 59 0
96 59 0
97 59 0
102 59 0
104 59 0
108 59 0
109 59 0
112 59 0
113 59 0
127 59 0
128 59 0
129 59 0
141 59 0
142 59 0
143 59 0
171 59 0
183 59 0
184 59 0
4 60 0
5 60 0
9 60 0
11 60 0
21 60 0
23 60 0
24 60 0
68 60 0
69 60 0
83 60 0
90 60 0
91 60 0
92 60 0
95 60 0
96 60 0
97 60 0
98 60 0
99 60 0
100 60 0
101 60 0
102 60 0
103 60 0
105 60 0
106 60 0
107 60 0
111 60 0
112 60 0
113 60 0
127 60 0
128 60 0
141 60 0
142 60 0
170 60 0
182 60 0
183 60 0
184 60 0
5 61 0
10 61 0
16 61 0
25 61 0
26 61 0
28 61 0
29 61 0
30 61 0
31 61 0
33 61 0
35 61 0
36 61 0
42 61 0
53 61 0
54 61 0
67 61 0
68 61 0
83 61 0
96 61 0
98 61 0
99 61 0
111 61 0
112 61 0
127 61 0
128 61 0
140 61 0
142 61 0
170 61 0
171 61 0
182 61 0
183 61 0
184 61 0
5 62 0
12 62 0
21 62 0
22 62 0
38 62 0
40 62 0
41 62 0
42 62 0
49 62 0
51 62 0
53 62 0
54 62 0
58 62 0
59 62 0
61 62 0
63 62 0
64 62 0
66 62 0
67 62 0
80 62 0
81 62 0
96 62 0
97 62 0
98 62 0
112 62 0
142 62 0
170 62 0
171 62 0
172 62 0
173 62 0
174 62 0
177 62 0
182 62 0
184 62 0
5 63 0
12 63 0
21 63 0
30 63 0
43 63 0
44 63 0
55 63 0
66 63 0
67 63 0
72 63 0
77 63 0
78 63 0
80 63 0
81 63 0
95 63 0
97 63 0
98 63 0
112 63 0
142 63 0
169 63 0
172 63 0
173 63 0
174 63 0
175 63 0
176 63 0
177 63 0
179 63 0
182 63 0
5 64 0
12 64 0
21 64 0
32 64 0
33 64 0
34 64 0
43 64 0
55 64 0
56 64 0
68 64 0
69 64 0
83 64 0
91 64 0
92 64 0
93 64 0
94 64 0
95 64 0
96 64 0
97 64 0
101 64 0
104 64 0
105 64 0
108 64 0
109 64 0
111 64 0
141 64 0
169 64 0
172 64 0
173 64 0
175 64 0
176 64 0
177 64 0
179 64 0
180 64 0
184 64 0
5 65 0
12 65 0
21 65 0
32 65 0
33 65 0
55 65 0
56 65 0
68 65 0
69 65 0
83 65 0
98 65 0
110 65 0
111 65 0
112 65 0
120 65 0
122 65 0
124 65 0
125 65 0
126 65 0
130 65 0
141 65 0
142 65 0
169 65 0
170 65 0
173 65 0
174 65 0
175 65 0
176 65 0
177 65 0
179 65 0
180 65 0
182 65 0
183 65 0
184 65 0
5 66 0
21 66 0
32 66 0
41 66 0
42 66 0
55 66 0
68 66 0
69 66 0
83 66 0
98 66 0
112 66 0
133 66 0
135 66 0
136 66 0
137 66 0
140 66 0
141 66 0
144 66 0
145 66 0
146 66 0
149 66 0
152 66 0
153 66 0
154 66 0
155 66 0
156 66 0
169 66 0
173 66 0
174 66 0
175 66 0
178 66 0
179 66 0
182 66 0
183 66 0
184 66 0
5 67 0
21 67 0
43 67 0
44 67 0
55 67 0
68 67 0
69 67 0
83 67 0
98 67 0
99 67 0
112 67 0
113 67 0
127 67 0
148 67 0
149 67 0
151 67 0
152 67 0
153 67 0
154 67 0
155 67 0
158 67 0
159 67 0
160 67 0
161 67 0
163 67 0
165 67 0
167 67 0
168 67 0
169 67 0
170 67 0
172 67 0
173 67 0
176 67 0
181 67 0
182 67 0
183 67 0
43 68 0
44 68 0
68 68 0
83 68 0
98 68 0
112 68 0
113 68 0
127 68 0
156 68 0
157 68 0
158 68 0
159 68 0
164 68 0
165 68 0
166 68 0
167 68 0
168 68 0
169 68 0
170 68 0
171 68 0
172 68 0
178 68 0
179 68 0
180 68 0
181 68 0
182 68 0
183 68 0
184 68 0
32 69 0
43 69 0
53 69 0
68 69 0
83 69 0
98 69 0
112 69 0
150 69 0
156 69 0
157 69 0
158 69 0
170 69 0
171 69 0
183 69 0
184 69 0
32 70 0
43 70 0
53 70 0
54 70 0
57 70 0
59 70 0
83 70 0
95 70 0
98 70 0
112 70 0
139 70 0
140 70 0
141 70 0
145 70 0
146 70 0
147 70 0
149 70 0
156 70 0
157 70 0
170 70 0
171 70 0
183 70 0
184 70 0
4 71 0
9 71 0
32 71 0
43 71 0
54 71 0
55 71 0
56 71 0
57 71 0
67 71 0
68 71 0
83 71 0
98 71 0
112 71 0
127 71 0
139 71 0
141 71 0
142 71 0
143 71 0
156 71 0
169 71 0
170 71 0
183 71 0
3 72 0
4 72 0
5 72 0
6 72 0
11 72 0
12 72 0
43 72 0
55 72 0
56 72 0
65 72 0
66 72 0
67 72 0
80 72 0
81 72 0
98 72 0
112 72 0
124 72 0
141 72 0
142 72 0
143 72 0
155 72 0
156 72 0
169 72 0
170 72 0
183 72 0
184 72 0
4 73 0
5 73 0
6 73 0
12 73 0
55 73 0
66 73 0
67 73 0
68 73 0
74 73 0
76 73 0
78 73 0
80 73 0
98 73 0
108 73 0
109 73 0
110 73 0
111 73 0
124 73 0
125 73 0
129 73 0
130 73 0
131 73 0
132 73 0
141 73 0
142 73 0
155 73 0
156 73 0
167 73 0
169 73 0
170 73 0
183 73 0
184 73 0
55 74 0
68 74 0
69 74 0
70 74 0
73 74 0
75 74 0
76 74 0
80 74 0
81 74 0
85 74 0
95 74 0
98 74 0
100 74 0
101 74 0
102 74 0
103 74 0
108 74 0
110 74 0
111 74 0
112 74 0
113 74 0
114 74 0
121 74 0
124 74 0
125 74 0
126 74 0
127 74 0
128 74 0
129 74 0
141 74 0
142 74 0
155 74 0
156 74 0
169 74 0
170 74 0
181 74 0
183 74 0
68 75 0
69 75 0
82 75 0
83 75 0
84 75 0
87 75 0
94 75 0
95 75 0
96 75 0
100 75 0
101 75 0
102 75 0
103 75 0
104 75 0
105 75 0
107 75 0
108 75 0
109 75 0
112 75 0
113 75 0
119 75 0
120 75 0
121 75 0
126 75 0
127 75 0
141 75 0
142 75 0
155 75 0
156 75 0
167 75 0
169 75 0
170 75 0
181 75 0
182 75 0
183 75 0
184 75 0
68 76 0
80 76 0
82 76 0
83 76 0
94 76 0
95 76 0
96 76 0
97 76 0
98 76 0
99 76 0
100 76 0
101 76 0
110 76 0
111 76 0
112 76 0
113 76 0
118 76 0
119 76 0
120 76 0
121 76 0
122 76 0
126 76 0
127 76 0
141 76 0
155 76 0
169 76 0
170 76 0
183 76 0
184 76 0
55 77 0
68 77 0
82 77 0
83 77 0
94 77 0
95 77 0
96 77 0
97 77 0
98 77 0
110 77 0
111 77 0
112 77 0
125 77 0
126 77 0
141 77 0
169 77 0
170 77 0
182 77 0
183 77 0
184 77 0
30 78 0
55 78 0
68 78 0
82 78 0
83 78 0
95 78 0
96 78 0
97 78 0
98 78 0
111 78 0
112 78 0
124 78 0
125 78 0
126 78 0
141 78 0
142 78 0
155 78 0
168 78 0
169 78 0
170 78 0
183 78 0
184 78 0
32 79 0
68 79 0
82 79 0
83 79 0
95 79 0
96 79 0
97 79 0
98 79 0
111 79 0
112 79 0
124 79 0
125 79 0
126 79 0
141 79 0
142 79 0
155 79 0
168 79 0
169 79 0
170 79 0
181 79 0
183 79 0
32 80 0
65 80 0
68 80 0
82 80 0
83 80 0
97 80 0
112 80 0
124 80 0
125 80 0
126 80 0
140 80 0
141 80 0
142 80 0
155 80 0
167 80 0
168 80 0
169 80 0
181 80 0
182 80 0
183 80 0
53 81 0
55 81 0
68 81 0
97 81 0
111 81 0
112 81 0
126 81 0
141 81 0
142 81 0
155 81 0
156 81 0
168 81 0
169 81 0
181 81 0
182 81 0
183 81 0
40 82 0
41 82 0
42 82 0
44 82 0
55 82 0
97 82 0
110 82 0
111 82 0
112 82 0
124 82 0
125 82 0
126 82 0
141 82 0
142 82 0
156 82 0
158 82 0
165 82 0
166 82 0
167 82 0
168 82 0
169 82 0
170 82 0
179 82 0
180 82 0
181 82 0
182 82 0
185 82 0
186 82 0
43 83 0
55 83 0
82 83 0
83 83 0
97 83 0
98 83 0
110 83 0
111 83 0
112 83 0
124 83 0
125 83 0
126 83 0
139 83 0
140 83 0
141 83 0
142 83 0
153 83 0
154 83 0
156 83 0
157 83 0
158 83 0
159 83 0
160 83 0
162 83 0
165 83 0
166 83 0
167 83 0
168 83 0
169 83 0
170 83 0
171 83 0
172 83 0
173 83 0
176 83 0
177 83 0
178 83 0
179 83 0
180 83 0
181 83 0
182 83 0
183 83 0
184 83 0
185 83 0
43 84 0
54 84 0
55 84 0
82 84 0
95 84 0
96 84 0
97 84 0
110 84 0
111 84 0
112 84 0
124 84 0
125 84 0
126 84 0
141 84 0
142 84 0
152 84 0
153 84 0
154 84 0
155 84 0
156 84 0
164 84 0
165 84 0
166 84 0
167 84 0
168 84 0
169 84 0
170 84 0
171 84 0
172 84 0
173 84 0
174 84 0
175 84 0
176 84 0
177 84 0
178 84 0
179 84 0
180 84 0
181 84 0
182 84 0
183 84 0
184 84 0
53 85 0
54 85 0
68 85 0
82 85 0
96 85 0
97 85 0
98 85 0
110 85 0
111 85 0
112 85 0
124 85 0
126 85 0
139 85 0
140 85 0
141 85 0
142 85 0
148 85 0
150 85 0
151 85 0
152 85 0
153 85 0
154 85 0
155 85 0
156 85 0
168 85 0
169 85 0
181 85 0
182 85 0
183 85 0
55 86 0
56 86 0
82 86 0
97 86 0
110 86 0
111 86 0
112 86 0
124 86 0
138 86 0
139 86 0
140 86 0
141 86 0
142 86 0
143 86 0
144 86 0
145 86 0
146 86 0
147 86 0
148 86 0
149 86 0
151 86 0
154 86 0
155 86 0
156 86 0
168 86 0
169 86 0
180 86 0
181 86 0
182 86 0
183 86 0
43 87 0
55 87 0
56 87 0
65 87 0
66 87 0
82 87 0
97 87 0
110 87 0
111 87 0
112 87 0
124 87 0
125 87 0
126 87 0
134 87 0
136 87 0
138 87 0
139 87 0
140 87 0
141 87 0
142 87 0
143 87 0
144 87 0
145 87 0
146 87 0
147 87 0
148 87 0
153 87 0
154 87 0
155 87 0
166 87 0
168 87 0
169 87 0
180 87 0
181 87 0
182 87 0
183 87 0
43 88 0
55 88 0
65 88 0
66 88 0
80 88 0
95 88 0
97 88 0
108 88 0
109 88 0
110 88 0
111 88 0
124 88 0
125 88 0
128 88 0
130 88 0
134 88 0
135 88 0
136 88 0
141 88 0
142 88 0
153 88 0
154 88 0
155 88 0
166 88 0
167 88 0
168 88 0
169 88 0
181 88 0
182 88 0
43 89 0
65 89 0
66 89 0
67 89 0
79 89 0
80 89 0
81 89 0
95 89 0
101 89 0
104 89 0
105 89 0
107 89 0
108 89 0
109 89 0
110 89 0
111 89 0
115 89 0
116 89 0
122 89 0
123 89 0
124 89 0
125 89 0
126 89 0
128 89 0
129 89 0
130 89 0
131 89 0
132 89 0
134 89 0
139 89 0
140 89 0
141 89 0
142 89 0
154 89 0
155 89 0
167 89 0
168 89 0
181 89 0
182 89 0
67 90 0
68 90 0
69 90 0
71 90 0
72 90 0
74 90 0
79 90 0
80 90 0
81 90 0
95 90 0
102 90 0
103 90 0
104 90 0
105 90 0
106 90 0
107 90 0
108 90 0
109 90 0
111 90 0
112 90 0
113 90 0
114 90 0
116 90 0
123 90 0
124 90 0
125 90 0
126 90 0
127 90 0
128 90 0
138 90 0
139 90 0
140 90 0
141 90 0
154 90 0
155 90 0
166 90 0
167 90 0
168 90 0
169 90 0
180 90 0
181 90 0
182 90 0
55 91 0
67 91 0
68 91 0
82 91 0
83 91 0
89 91 0
91 91 0
94 91 0
95 91 0
96 91 0
99 91 0
100 91 0
101 91 0
109 91 0
110 91 0
111 91 0
112 91 0
124 91 0
125 91 0
126 91 0
127 91 0
140 91 0
141 91 0
154 91 0
155 91 0
168 91 0
181 91 0
182 91 0
31 92 0
55 92 0
67 92 0
68 92 0
82 92 0
83 92 0
91 92 0
93 92 0
94 92 0
95 92 0
96 92 0
97 92 0
98 92 0
99 92 0
109 92 0
110 92 0
111 92 0
112 92 0
124 92 0
125 92 0
126 92 0
140 92 0
141 92 0
154 92 0
155 92 0
182 92 0
31 93 0
55 93 0
67 93 0
80 93 0
82 93 0
92 93 0
97 93 0
98 93 0
110 93 0
111 93 0
123 93 0
125 93 0
126 93 0
140 93 0
141 93 0
152 93 0
154 93 0
180 93 0
182 93 0
31 94 0
33 94 0
55 94 0
67 94 0
82 94 0
97 94 0
110 94 0
111 94 0
112 94 0
124 94 0
125 94 0
126 94 0
140 94 0
154 94 0
166 94 0
182 94 0
32 95 0
33 95 0
67 95 0
68 95 0
82 95 0
97 95 0
109 95 0
111 95 0
123 95 0
124 95 0
125 95 0
126 95 0
140 95 0
141 95 0
154 95 0
166 95 0
167 95 0
168 95 0
180 95 0
182 95 0
33 96 0
41 96 0
42 96 0
82 96 0
97 96 0
110 96 0
111 96 0
125 96 0
126 96 0
139 96 0
140 96 0
153 96 0
154 96 0
166 96 0
168 96 0
179 96 0
180 96 0
182 96 0
41 97 0
42 97 0
44 97 0
82 97 0
110 97 0
111 97 0
125 97 0
126 97 0
138 97 0
140 97 0
152 97 0
153 97 0
154 97 0
155 97 0
165 97 0
166 97 0
171 97 0
173 97 0
174 97 0
175 97 0
176 97 0
178 97 0
179 97 0
180 97 0
181 97 0
43 98 0
44 98 0
82 98 0
109 98 0
110 98 0
111 98 0
125 98 0
126 98 0
138 98 0
140 98 0
151 98 0
152 98 0
153 98 0
157 98 0
164 98 0
165 98 0
166 98 0
167 98 0
169 98 0
170 98 0
171 98 0
172 98 0
173 98 0
174 98 0
175 98 0
176 98 0
177 98 0
179 98 0
180 98 0
181 98 0
182 98 0
82 99 0
110 99 0
111 99 0
112 99 0
124 99 0
125 99 0
126 99 0
140 99 0
150 99 0
151 99 0
152 99 0
153 99 0
154 99 0
155 99 0
157 99 0
164 99 0
165 99 0
166 99 0
167 99 0
168 99 0
169 99 0
181 99 0
182 99 0
183 99 0
52 100 0
54 100 0
95 100 0
97 100 0
111 100 0
112 100 0
124 100 0
125 100 0
126 100 0
144 100 0
145 100 0
147 100 0
148 100 0
149 100 0
150 100 0
153 100 0
154 100 0
155 100 0
167 100 0
168 100 0
180 100 0
181 100 0
182 100 0
54 101 0
56 101 0
68 101 0
80 101 0
82 101 0
97 101 0
109 101 0
123 101 0
124 101 0
125 101 0
126 101 0
138 101 0
143 101 0
144 101 0
146 101 0
147 101 0
148 101 0
149 101 0
150 101 0
152 101 0
154 101 0
155 101 0
167 101 0
168 101 0
181 101 0
182 101 0
55 102 0
56 102 0
82 102 0
97 102 0
109 102 0
111 102 0
123 102 0
125 102 0
126 102 0
137 102 0
138 102 0
139 102 0
141 102 0
142 102 0
143 102 0
152 102 0
153 102 0
154 102 0
155 102 0
165 102 0
166 102 0
167 102 0
179 102 0
181 102 0
55 103 0
56 103 0
64 103 0
66 103 0
82 103 0
97 103 0
109 103 0
110 103 0
125 103 0
126 103 0
136 103 0
137 103 0
138 103 0
139 103 0
140 103 0
141 103 0
142 103 0
152 103 0
153 103 0
154 103 0
165 103 0
166 103 0
167 103 0
179 103 0
181 103 0
19 104 0
20 104 0
21 104 0
65 104 0
66 104 0
67 104 0
80 104 0
97 104 0
107 104 0
109 104 0
110 104 0
113 104 0
114 104 0
123 104 0
124 104 0
125 104 0
126 104 0
130 104 0
134 104 0
136 104 0
137 104 0
139 104 0
140 104 0
141 104 0
153 104 0
154 104 0
166 104 0
167 104 0
181 104 0
20 105 0
22 105 0
44 105 0
67 105 0
68 105 0
69 105 0
76 105 0
79 105 0
80 105 0
85 105 0
86 105 0
97 105 0
106 105 0
107 105 0
108 105 0
109 105 0
110 105 0
111 105 0
112 105 0
113 105 0
114 105 0
121 105 0
122 105 0
123 105 0
124 105 0
125 105 0
129 105 0
131 105 0
133 105 0
135 105 0
139 105 0
140 105 0
152 105 0
153 105 0
154 105 0
165 105 0
166 105 0
167 105 0
180 105 0
181 105 0
22 106 0
32 106 0
68 106 0
79 106 0
80 106 0
81 106 0
82 106 0
83 106 0
85 106 0
89 106 0
93 106 0
94 106 0
95 106 0
98 106 0
99 106 0
100 106 0
101 106 0
102 106 0
103 106 0
111 106 0
112 106 0
120 106 0
121 106 0
122 106 0
125 106 0
126 106 0
138 106 0
139 106 0
140 106 0
154 106 0
166 106 0
167 106 0
181 106 0
31 107 0
32 107 0
33 107 0
56 107 0
68 107 0
82 107 0
83 107 0
88 107 0
89 107 0
92 107 0
93 107 0
94 107 0
95 107 0
96 107 0
99 107 0
100 107 0
101 107 0
102 107 0
103 107 0
104 107 0
111 107 0
112 107 0
125 107 0
126 107 0
139 107 0
140 107 0
152 107 0
166 107 0
167 107 0
181 107 0
33 108 0
34 108 0
68 108 0
82 108 0
93 108 0
96 108 0
97 108 0
98 108 0
111 108 0
122 108 0
124 108 0
125 108 0
138 108 0
139 108 0
140 108 0
154 108 0
166 108 0
167 108 0
179 108 0
180 108 0
82 109 0
96 109 0
97 109 0
111 109 0
125 109 0
139 109 0
140 109 0
151 109 0
166 109 0
167 109 0
179 109 0
180 109 0
181 109 0
68 110 0
96 110 0
97 110 0
111 110 0
123 110 0
125 110 0
139 110 0
150 110 0
151 110 0
153 110 0
166 110 0
167 110 0
180 110 0
7 111 0
42 111 0
43 111 0
81 111 0
82 111 0
95 111 0
96 111 0
97 111 0
123 111 0
124 111 0
125 111 0
138 111 0
139 111 0
151 111 0
152 111 0
153 111 0
164 111 0
167 111 0
168 111 0
169 111 0
177 111 0
178 111 0
8 112 0
9 112 0
44 112 0
45 112 0
56 112 0
68 112 0
82 112 0
96 112 0
122 112 0
123 112 0
124 112 0
125 112 0
139 112 0
140 112 0
151 112 0
155 112 0
156 112 0
157 112 0
163 112 0
164 112 0
165 112 0
168 112 0
169 112 0
170 112 0
171 112 0
176 112 0
177 112 0
178 112 0
179 112 0
180 112 0
13 113 0
14 113 0
44 113 0
45 113 0
56 113 0
82 113 0
96 113 0
122 113 0
124 113 0
125 113 0
151 113 0
152 113 0
155 113 0
156 113 0
157 113 0
158 113 0
161 113 0
164 113 0
165 113 0
166 113 0
167 113 0
168 113 0
176 113 0
178 113 0
179 113 0
180 113 0
181 113 0
14 114 0
15 114 0
34 114 0
56 114 0
80 114 0
82 114 0
95 114 0
96 114 0
97 114 0
111 114 0
124 114 0
125 114 0
150 114 0
151 114 0
152 114 0
153 114 0
154 114 0
155 114 0
166 114 0
167 114 0
178 114 0
179 114 0
180 114 0
181 114 0
14 115 0
15 115 0
54 115 0
55 115 0
68 115 0
82 115 0
97 115 0
111 115 0
123 115 0
124 115 0
125 115 0
138 115 0
139 115 0
147 115 0
148 115 0
149 115 0
150 115 0
151 115 0
152 115 0
153 115 0
154 115 0
164 115 0
166 115 0
177 115 0
178 115 0
179 115 0
180 115 0
1 116 0
3 116 0
56 116 0
68 116 0
82 116 0
97 116 0
123 116 0
124 116 0
125 116 0
137 116 0
138 116 0
140 116 0
147 116 0
148 116 0
152 116 0
153 116 0
154 116 0
164 116 0
165 116 0
166 116 0
177 116 0
179 116 0
2 117 0
3 117 0
21 117 0
56 117 0
57 117 0
82 117 0
97 117 0
111 117 0
123 117 0
124 117 0
125 117 0
127 117 0
136 117 0
137 117 0
138 117 0
144 117 0
145 117 0
146 117 0
152 117 0
153 117 0
164 117 0
165 117 0
166 117 0
179 117 0
3 118 0
21 118 0
66 118 0
82 118 0
97 118 0
110 118 0
111 118 0
123 118 0
125 118 0
126 118 0
127 118 0
129 118 0
130 118 0
131 118 0
136 118 0
137 118 0
138 118 0
139 118 0
140 118 0
142 118 0
143 118 0
144 118 0
151 118 0
152 118 0
153 118 0
164 118 0
165 118 0
166 118 0
179 118 0
23 119 0
44 119 0
65 119 0
66 119 0
67 119 0
82 119 0
95 119 0
97 119 0
103 119 0
107 119 0
108 119 0
109 119 0
122 119 0
123 119 0
126 119 0
127 119 0
128 119 0
129 119 0
139 119 0
140 119 0
141 119 0
152 119 0
153 119 0
164 119 0
165 119 0
166 119 0
179 119 0
44 120 0
66 120 0
67 120 0
68 120 0
69 120 0
70 120 0
80 120 0
95 120 0
99 120 0
100 120 0
101 120 0
102 120 0
107 120 0
108 120 0
109 120 0
110 120 0
122 120 0
123 120 0
124 120 0
126 120 0
127 120 0
139 120 0
152 120 0
165 120 0
166 120 0
177 120 0
179 120 0
32 121 0
33 121 0
68 121 0
69 121 0
79 121 0
80 121 0
81 121 0
82 121 0
94 121 0
95 121 0
99 121 0
100 121 0
101 121 0
102 121 0
104 121 0
105 121 0
110 121 0
111 121 0
116 121 0
122 121 0
123 121 0
124 121 0
125 121 0
126 121 0
139 121 0
153 121 0
164 121 0
165 121 0
179 121 0
35 122 0
68 122 0
82 122 0
83 122 0
84 122 0
90 122 0
93 122 0
94 122 0
95 122 0
96 122 0
97 122 0
98 122 0
99 122 0
110 122 0
111 122 0
116 122 0
117 122 0
125 122 0
126 122 0
152 122 0
165 122 0
177 122 0
178 122 0
179 122 0
9 123 0
35 123 0
68 123 0
82 123 0
83 123 0
90 123 0
96 123 0
97 123 0
98 123 0
110 123 0
111 123 0
123 123 0
124 123 0
125 123 0
150 123 0
153 123 0
164 123 0
165 123 0
166 123 0
179 123 0
8 124 0
9 124 0
10 124 0
43 124 0
68 124 0
82 124 0
96 124 0
97 124 0
110 124 0
111 124 0
124 124 0
125 124 0
139 124 0
152 124 0
153 124 0
165 124 0
166 124 0
178 124 0
179 124 0
10 125 0
43 125 0
44 125 0
45 125 0
68 125 0
82 125 0
96 125 0
97 125 0
108 125 0
110 125 0
125 125 0
139 125 0
152 125 0
162 125 0
163 125 0
164 125 0
166 125 0
168 125 0
175 125 0
176 125 0
179 125 0
45 126 0
46 126 0
82 126 0
97 126 0
110 126 0
111 126 0
125 126 0
137 126 0
138 126 0
150 126 0
152 126 0
163 126 0
164 126 0
165 126 0
166 126 0
167 126 0
168 126 0
169 126 0
170 126 0
174 126 0
175 126 0
176 126 0
177 126 0
178 126 0
181 126 0
3 127 0
15 127 0
16 127 0
52 127 0
110 127 0
125 127 0
138 127 0
150 127 0
152 127 0
153 127 0
159 127 0
162 127 0
163 127 0
164 127 0
165 127 0
166 127 0
174 127 0
176 127 0
177 127 0
178 127 0
179 127 0
180 127 0
182 127 0
183 127 0
2 128 0
3 128 0
16 128 0
17 128 0
55 128 0
56 128 0
69 128 0
82 128 0
96 128 0
110 128 0
111 128 0
125 128 0
137 128 0
139 128 0
149 128 0
150 128 0
151 128 0
160 128 0
165 128 0
166 128 0
176 128 0
177 128 0
178 128 0
4 129 0
5 129 0
56 129 0
82 129 0
96 129 0
97 129 0
108 129 0
110 129 0
111 129 0
124 129 0
125 129 0
149 129 0
150 129 0
151 129 0
152 129 0
153 129 0
155 129 0
156 129 0
157 129 0
165 129 0
177 129 0
178 129 0
35 130 0
57 130 0
58 130 0
97 130 0
110 130 0
125 130 0
144 130 0
146 130 0
148 130 0
151 130 0
152 130 0
153 130 0
164 130 0
165 130 0
175 130 0
177 130 0
22 131 0
23 131 0
58 131 0
80 131 0
97 131 0
110 131 0
123 131 0
125 131 0
142 131 0
143 131 0
150 131 0
152 131 0
165 131 0
175 131 0
176 131 0
177 131 0
25 132 0
52 132 0
66 132 0
97 132 0
108 132 0
109 132 0
110 132 0
124 132 0
125 132 0
136 132 0
137 132 0
138 132 0
140 132 0
141 132 0
150 132 0
151 132 0
152 132 0
162 132 0
164 132 0
165 132 0
177 132 0
24 133 0
25 133 0
67 133 0
68 133 0
80 133 0
97 133 0
108 133 0
122 133 0
135 133 0
136 133 0
137 133 0
138 133 0
139 133 0
140 133 0
150 133 0
151 133 0
152 133 0
163 133 0
164 133 0
177 133 0
34 134 0
67 134 0
69 134 0
70 134 0
81 134 0
107 134 0
108 134 0
109 134 0
121 134 0
122 134 0
123 134 0
124 134 0
128 134 0
130 134 0
131 134 0
133 134 0
135 134 0
136 134 0
138 134 0
139 134 0
140 134 0
150 134 0
151 134 0
152 134 0
163 134 0
164 134 0
177 134 0
10 135 0
36 135 0
69 135 0
70 135 0
79 135 0
80 135 0
81 135 0
94 135 0
95 135 0
105 135 0
107 135 0
108 135 0
110 135 0
111 135 0
112 135 0
121 135 0
122 135 0
123 135 0
124 135 0
125 135 0
126 135 0
131 135 0
132 135 0
133 135 0
134 135 0
138 135 0
139 135 0
151 135 0
152 135 0
162 135 0
163 135 0
164 135 0
174 135 0
36 136 0
69 136 0
80 136 0
81 136 0
82 136 0
83 136 0
84 136 0
94 136 0
95 136 0
96 136 0
100 136 0
101 136 0
110 136 0
111 136 0
124 136 0
125 136 0
126 136 0
137 136 0
138 136 0
139 136 0
150 136 0
151 136 0
152 136 0
163 136 0
164 136 0
177 136 0
12 137 0
25 137 0
36 137 0
69 137 0
83 137 0
84 137 0
88 137 0
94 137 0
95 137 0
96 137 0
97 137 0
98 137 0
99 137 0
110 137 0
124 137 0
125 137 0
136 137 0
138 137 0
150 137 0
151 137 0
152 137 0
164 137 0
176 137 0
177 137 0
16 138 0
17 138 0
36 138 0
44 138 0
45 138 0
46 138 0
69 138 0
83 138 0
96 138 0
97 138 0
110 138 0
122 138 0
124 138 0
125 138 0
138 138 0
148 138 0
152 138 0
160 138 0
177 138 0
4 139 0
5 139 0
7 139 0
17 139 0
18 139 0
36 139 0
44 139 0
45 139 0
46 139 0
47 139 0
48 139 0
69 139 0
81 139 0
83 139 0
97 139 0
108 139 0
110 139 0
124 139 0
138 139 0
148 139 0
149 139 0
158 139 0
160 139 0
161 139 0
162 139 0
170 139 0
172 139 0
173 139 0
174 139 0
175 139 0
181 139 0
187 139 0
5 140 0
6 140 0
7 140 0
18 140 0
19 140 0
47 140 0
48 140 0
70 140 0
83 140 0
97 140 0
110 140 0
124 140 0
125 140 0
138 140 0
158 140 0
160 140 0
161 140 0
162 140 0
163 140 0
164 140 0
174 140 0
175 140 0
176 140 0
177 140 0
178 140 0
179 140 0
180 140 0
181 140 0
7 141 0
19 141 0
47 141 0
69 141 0
83 141 0
110 141 0
123 141 0
124 141 0
125 141 0
138 141 0
149 141 0
150 141 0
154 141 0
155 141 0
163 141 0
164 141 0
176 141 0
177 141 0
184 141 0
47 142 0
57 142 0
82 142 0
83 142 0
97 142 0
108 142 0
124 142 0
125 142 0
136 142 0
147 142 0
148 142 0
149 142 0
150 142 0
151 142 0
152 142 0
163 142 0
176 142 0
177 142 0
1 143 0
24 143 0
59 143 0
83 143 0
97 143 0
108 143 0
110 143 0
124 143 0
147 143 0
150 143 0
151 143 0
152 143 0
162 143 0
174 143 0
175 143 0
176 143 0
26 144 0
59 144 0
78 144 0
81 144 0
82 144 0
95 144 0
97 144 0
109 144 0
110 144 0
124 144 0
125 144 0
139 144 0
147 144 0
151 144 0
152 144 0
161 144 0
162 144 0
163 144 0
173 144 0
175 144 0
176 144 0
6 145 0
13 145 0
26 145 0
83 145 0
97 145 0
108 145 0
109 145 0
110 145 0
122 145 0
123 145 0
124 145 0
125 145 0
135 145 0
136 145 0
141 145 0
142 145 0
150 145 0
151 145 0
162 145 0
163 145 0
174 145 0
175 145 0
176 145 0
2 146 0
3 146 0
4 146 0
5 146 0
6 146 0
7 146 0
8 146 0
9 146 0
12 146 0
13 146 0
26 146 0
67 146 0
68 146 0
82 146 0
83 146 0
108 146 0
109 146 0
110 146 0
122 146 0
124 146 0
135 146 0
136 146 0
137 146 0
138 146 0
149 146 0
150 146 0
162 146 0
163 146 0
175 146 0
2 147 0
3 147 0
4 147 0
7 147 0
8 147 0
9 147 0
10 147 0
11 147 0
12 147 0
13 147 0
14 147 0
18 147 0
35 147 0
36 147 0
67 147 0
68 147 0
69 147 0
72 147 0
81 147 0
82 147 0
105 147 0
107 147 0
108 147 0
109 147 0
110 147 0
122 147 0
133 147 0
135 147 0
136 147 0
137 147 0
138 147 0
139 147 0
149 147 0
150 147 0
151 147 0
162 147 0
175 147 0
2 148 0
3 148 0
4 148 0
5 148 0
16 148 0
17 148 0
18 148 0
19 148 0
20 148 0
21 148 0
22 148 0
25 148 0
26 148 0
37 148 0
38 148 0
46 148 0
59 148 0
70 148 0
71 148 0
81 148 0
82 148 0
109 148 0
110 148 0
120 148 0
121 148 0
122 148 0
123 148 0
125 148 0
126 148 0
128 148 0
138 148 0
139 148 0
150 148 0
151 148 0
161 148 0
162 148 0
2 149 0
3 149 0
4 149 0
5 149 0
20 149 0
21 149 0
22 149 0
23 149 0
24 149 0
25 149 0
26 149 0
27 149 0
28 149 0
37 149 0
38 149 0
46 149 0
59 149 0
70 149 0
71 149 0
81 149 0
82 149 0
85 149 0
88 149 0
91 149 0
95 149 0
96 149 0
97 149 0
110 149 0
111 149 0
119 149 0
122 149 0
123 149 0
124 149 0
125 149 0
138 149 0
139 149 0
150 149 0
151 149 0
175 149 0
3 150 0
5 150 0
6 150 0
28 150 0
29 150 0
30 150 0
31 150 0
32 150 0
33 150 0
34 150 0
35 150 0
36 150 0
37 150 0
47 150 0
68 150 0
70 150 0
83 150 0
84 150 0
85 150 0
91 150 0
94 150 0
95 150 0
96 150 0
97 150 0
98 150 0
108 150 0
110 150 0
123 150 0
124 150 0
125 150 0
138 150 0
148 150 0
150 150 0
151 150 0
162 150 0
164 150 0
165 150 0
166 150 0
175 150 0
5 151 0
6 151 0
34 151 0
35 151 0
36 151 0
37 151 0
38 151 0
39 151 0
40 151 0
41 151 0
42 151 0
47 151 0
48 151 0
49 151 0
83 151 0
84 151 0
97 151 0
98 151 0
110 151 0
122 151 0
123 151 0
124 151 0
136 151 0
138 151 0
148 151 0
160 151 0
172 151 0
173 151 0
174 151 0
175 151 0
186 151 0
5 152 0
40 152 0
42 152 0
43 152 0
44 152 0
45 152 0
46 152 0
47 152 0
48 152 0
49 152 0
54 152 0
56 152 0
84 152 0
97 152 0
98 152 0
123 152 0
124 152 0
138 152 0
159 152 0
160 152 0
161 152 0
162 152 0
163 152 0
172 152 0
173 152 0
174 152 0
175 152 0
178 152 0
184 152 0
185 152 0
186 152 0
51 153 0
52 153 0
53 153 0
54 153 0
55 153 0
56 153 0
57 153 0
58 153 0
59 153 0
63 153 0
122 153 0
124 153 0
160 153 0
161 153 0
162 153 0
163 153 0
173 153 0
174 153 0
175 153 0
177 153 0
178 153 0
179 153 0
180 153 0
181 153 0
182 153 0
183 153 0
184 153 0
185 153 0
186 153 0
9 154 0
14 154 0
58 154 0
59 154 0
61 154 0
62 154 0
63 154 0
64 154 0
65 154 0
66 154 0
67 154 0
68 154 0
69 154 0
70 154 0
72 154 0
73 154 0
82 154 0
110 154 0
122 154 0
123 154 0
124 154 0
136 154 0
138 154 0
148 154 0
149 154 0
161 154 0
162 154 0
163 154 0
164 154 0
165 154 0
166 154 0
167 154 0
168 154 0
169 154 0
170 154 0
171 154 0
172 154 0
173 154 0
174 154 0
175 154 0
176 154 0
177 154 0
178 154 0
179 154 0
180 154 0
7 155 0
9 155 0
10 155 0
11 155 0
13 155 0
14 155 0
67 155 0
68 155 0
69 155 0
70 155 0
71 155 0
72 155 0
73 155 0
74 155 0
75 155 0
76 155 0
77 155 0
78 155 0
79 155 0
80 155 0
81 155 0
82 155 0
83 155 0
84 155 0
85 155 0
86 155 0
88 155 0
89 155 0
90 155 0
93 155 0
94 155 0
96 155 0
109 155 0
110 155 0
111 155 0
122 155 0
123 155 0
124 155 0
134 155 0
136 155 0
137 155 0
143 155 0
145 155 0
146 155 0
147 155 0
148 155 0
149 155 0
152 155 0
153 155 0
154 155 0
155 155 0
156 155 0
157 155 0
158 155 0
159 155 0
160 155 0
161 155 0
162 155 0
163 155 0
164 155 0
165 155 0
166 155 0
167 155 0
168 155 0
169 155 0
170 155 0
4 156 0
6 156 0
7 156 0
16 156 0
17 156 0
81 156 0
82 156 0
83 156 0
84 156 0
85 156 0
86 156 0
87 156 0
88 156 0
89 156 0
90 156 0
91 156 0
92 156 0
93 156 0
94 156 0
95 156 0
96 156 0
97 156 0
98 156 0
99 156 0
100 156 0
101 156 0
102 156 0
103 156 0
104 156 0
105 156 0
106 156 0
107 156 0
108 156 0
109 156 0
110 156 0
111 156 0
112 156 0
113 156 0
114 156 0
115 156 0
116 156 0
117 156 0
118 156 0
119 156 0
120 156 0
121 156 0
122 156 0
123 156 0
125 156 0
126 156 0
127 156 0
128 156 0
129 156 0
130 156 0
131 156 0
132 156 0
133 156 0
134 156 0
135 156 0
136 156 0
137 156 0
138 156 0
139 156 0
140 156 0
141 156 0
142 156 0
143 156 0
144 156 0
145 156 0
146 156 0
147 156 0
148 156 0
151 156 0
152 156 0
153 156 0
154 156 0
155 156 0
156 156 0
157 156 0
158 156 0
4 157 0
5 157 0
20 157 0
22 157 0
23 157 0
24 157 0
25 157 0
26 157 0
99 157 0
100 157 0
101 157 0
102 157 0
103 157 0
104 157 0
105 157 0
106 157 0
107 157 0
108 157 0
109 157 0
110 157 0
111 157 0
112 157 0
113 157 0
114 157 0
115 157 0
116 157 0
117 157 0
118 157 0
119 157 0
120 157 0
121 157 0
122 157 0
123 157 0
125 157 0
126 157 0
127 157 0
128 157 0
129 157 0
130 157 0
131 157 0
132 157 0
133 157 0
134 157 0
135 157 0
136 157 0
5 158 0
29 158 0
30 158 0
31 158 0
33 158 0
35 158 0
3 159 0
4 159 0
5 159 0
9 159 0
14 159 0
29 159 0
33 159 0
34 159 0
40 159 0
41 159 0
43 159 0
183 159 0
39 160 0
40 160 0
41 160 0
44 160 0
46 160 0
47 160 0
52 160 0
177 160 0
178 160 0
179 160 0
180 160 0
181 160 0
182 160 0
183 160 0
187 160 0
12 161 0
21 161 0
40 161 0
51 161 0
55 161 0
56 161 0
61 161 0
169 161 0
170 161 0
173 161 0
174 161 0
175 161 0
176 161 0
177 161 0
178 161 0
179 161 0
181 161 0
2 162 0
24 162 0
49 162 0
56 162 0
61 162 0
62 162 0
66 162 0
67 162 0
68 162 0
71 162 0
72 162 0
73 162 0
74 162 0
75 162 0
161 162 0
162 162 0
163 162 0
164 162 0
165 162 0
167 162 0
168 162 0
173 162 0
174 162 0
178 162 0
51 163 0
52 163 0
61 163 0
66 163 0
67 163 0
71 163 0
72 163 0
73 163 0
77 163 0
78 163 0
80 163 0
84 163 0
85 163 0
86 163 0
89 163 0
131 163 0
133 163 0
135 163 0
137 163 0
138 163 0
139 163 0
140 163 0
141 163 0
143 163 0
145 163 0
146 163 0
149 163 0
150 163 0
151 163 0
152 163 0
153 163 0
154 163 0
155 163 0
161 163 0
171 163 0
172 163 0
173 163 0
182 163 0
184 163 0
185 163 0
5 164 0
51 164 0
71 164 0
84 164 0
85 164 0
86 164 0
87 164 0
88 164 0
89 164 0
90 164 0
91 164 0
92 164 0
93 164 0
94 164 0
95 164 0
98 164 0
99 164 0
100 164 0
101 164 0
102 164 0
103 164 0
104 164 0
105 164 0
110 164 0
111 164 0
112 164 0
114 164 0
115 164 0
116 164 0
117 164 0
118 164 0
119 164 0
120 164 0
121 164 0
122 164 0
124 164 0
125 164 0
126 164 0
127 164 0
128 164 0
129 164 0
130 164 0
131 164 0
132 164 0
133 164 0
134 164 0
135 164 0
137 164 0
138 164 0
139 164 0
140 164 0
141 164 0
142 164 0
143 164 0
144 164 0
145 164 0
146 164 0
149 164 0
150 164 0
151 164 0
152 164 0
160 164 0
161 164 0
162 164 0
171 164 0
172 164 0
173 164 0
174 164 0
184 164 0
186 164 0
7 165 0
8 165 0
85 165 0
92 165 0
98 165 0
99 165 0
100 165 0
101 165 0
102 165 0
103 165 0
104 165 0
105 165 0
106 165 0
107 165 0
110 165 0
111 165 0
112 165 0
113 165 0
114 165 0
115 165 0
116 165 0
117 165 0
119 165 0
124 165 0
125 165 0
137 165 0
149 165 0
160 165 0
161 165 0
173 165 0
174 165 0
186 165 0
29 166 0
30 166 0
98 166 0
110 166 0
111 166 0
124 166 0
148 166 0
172 166 0
18 167 0
31 167 0
62 167 0
85 167 0
124 167 0
147 167 0
148 167 0
149 167 0
20 168 0
31 168 0
32 168 0
62 168 0
146 168 0
147 168 0
149 168 0
62 169 0
98 169 0
111 169 0
148 169 0
149 169 0
3 170 0
14 170 0
40 170 0
134 170 0
148 170 0
149 170 0
172 170 0
5 171 0
42 171 0
70 171 0
107 171 0
108 171 0
109 171 0
110 171 0
133 171 0
134 171 0
135 171 0
136 171 0
140 171 0
141 171 0
159 171 0
160 171 0
5 172 0
27 172 0
42 172 0
51 172 0
71 172 0
73 172 0
81 172 0
84 172 0
109 172 0
111 172 0
120 172 0
121 172 0
122 172 0
123 172 0
137 172 0
138 172 0
9 173 0
51 173 0
53 173 0
73 173 0
83 173 0
84 173 0
85 173 0
97 173 0
111 173 0
120 173 0
122 173 0
123 173 0
124 173 0
128 173 0
137 173 0
146 173 0
148 173 0
9 174 0
10 174 0
11 174 0
53 174 0
73 174 0
85 174 0
86 174 0
96 174 0
97 174 0
98 174 0
99 174 0
120 174 0
123 174 0
124 174 0
136 174 0
137 174 0
148 174 0
157 174 0
158 174 0
159 174 0
169 174 0
170 174 0
182 174 0
183 174 0
86 175 0
98 175 0
99 175 0
122 175 0
123 175 0
124 175 0
157 175 0
158 175 0
159 175 0
160 175 0
171 175 0
182 175 0
184 175 0
21 176 0
58 176 0
73 176 0
86 176 0
99 176 0
123 176 0
137 176 0
159 176 0
160 176 0
171 176 0
184 176 0
23 177 0
35 177 0
61 177 0
86 177 0
99 177 0
159 177 0
86 178 0
146 178 0
9 47 1
5 48 1
6 55 1
25 72 1
25 73 1
29 73 1
9 74 1
21 74 1
22 74 1
4 75 1
21 75 1
22 75 1
23 75 1
27 75 1
22 76 1
23 76 1
24 76 1
25 76 1
28 76 1
23 77 1
24 77 1
25 77 1
26 77 1
27 77 1
30 77 1
25 78 1
26 78 1
27 78 1
28 78 1
29 78 1
26 79 1
27 79 1
28 79 1
29 79 1
30 79 1
28 80 1
29 80 1
30 80 1
31 80 1
17 81 1
28 81 1
29 81 1
30 81 1
31 81 1
32 81 1
19 82 1
29 82 1
30 82 1
31 82 1
12 83 1
29 83 1
30 83 1
31 83 1
32 83 1
11 84 1
12 84 1
23 84 1
29 84 1
30 84 1
31 84 1
32 84 1
11 85 1
29 85 1
30 85 1
31 85 1
32 85 1
33 85 1
34 85 1
11 86 1
12 86 1
28 86 1
29 86 1
31 86 1
11 87 1
12 87 1
28 87 1
29 87 1
31 87 1
32 87 1
33 87 1
34 87 1
8 88 1
11 88 1
12 88 1
28 88 1
29 88 1
30 88 1
31 88 1
32 88 1
33 88 1
11 89 1
12 89 1
14 89 1
29 89 1
30 89 1
31 89 1
32 89 1
33 89 1
11 90 1
12 90 1
13 90 1
30 90 1
31 90 1
32 90 1
12 91 1
13 91 1
30 91 1
31 91 1
32 91 1
13 92 1
14 92 1
31 92 1
32 92 1
13 93 1
14 93 1
15 93 1
22 93 1
23 93 1
13 94 1
14 94 1
15 94 1
23 94 1
24 94 1
25 94 1
15 95 1
16 95 1
18 95 1
24 95 1
25 95 1
15 96 1
16 96 1
17 96 1
25 96 1
8 97 1
12 97 1
16 97 1
17 97 1
18 97 1
19 97 1
21 97 1
25 97 1
26 97 1
27 97 1
18 98 1
19 98 1
20 98 1
21 98 1
22 98 1
23 98 1
24 98 1
25 98 1
15 99 1
20 99 1
21 99 1
8 101 1
