64 1 0
66 1 0
67 1 0
78 1 0
80 1 0
93 1 0
94 1 0
95 1 0
107 1 0
108 1 0
109 1 0
121 1 0
122 1 0
123 1 0
135 1 0
136 1 0
137 1 0
149 1 0
150 1 0
163 1 0
164 1 0
168 1 0
169 1 0
170 1 0
171 1 0
175 1 0
176 1 0
177 1 0
38 2 0
39 2 0
40 2 0
51 2 0
53 2 0
79 2 0
80 2 0
93 2 0
94 2 0
95 2 0
107 2 0
108 2 0
109 2 0
121 2 0
122 2 0
123 2 0
135 2 0
136 2 0
137 2 0
149 2 0
150 2 0
162 2 0
163 2 0
164 2 0
170 2 0
171 2 0
174 2 0
175 2 0
176 2 0
177 2 0
180 2 0
181 2 0
2 3 0
66 3 0
78 3 0
80 3 0
94 3 0
95 3 0
108 3 0
109 3 0
121 3 0
122 3 0
123 3 0
135 3 0
136 3 0
137 3 0
148 3 0
149 3 0
150 3 0
162 3 0
163 3 0
164 3 0
175 3 0
176 3 0
177 3 0
180 3 0
181 3 0
184 3 0
1 4 0
6 4 0
52 4 0
64 4 0
78 4 0
80 4 0
92 4 0
93 4 0
94 4 0
107 4 0
108 4 0
109 4 0
121 4 0
122 4 0
123 4 0
135 4 0
136 4 0
137 4 0
149 4 0
150 4 0
162 4 0
163 4 0
164 4 0
175 4 0
176 4 0
177 4 0
185 4 0
5 5 0
6 5 0
12 5 0
16 5 0
64 5 0
65 5 0
66 5 0
78 5 0
80 5 0
94 5 0
108 5 0
121 5 0
122 5 0
123 5 0
135 5 0
136 5 0
137 5 0
148 5 0
149 5 0
150 5 0
162 5 0
163 5 0
164 5 0
175 5 0
176 5 0
12 6 0
13 6 0
14 6 0
15 6 0
17 6 0
18 6 0
20 6 0
39 6 0
52 6 0
80 6 0
92 6 0
93 6 0
94 6 0
107 6 0
108 6 0
120 6 0
121 6 0
122 6 0
123 6 0
135 6 0
136 6 0
137 6 0
148 6 0
149 6 0
150 6 0
162 6 0
163 6 0
164 6 0
175 6 0
176 6 0
15 7 0
16 7 0
17 7 0
79 7 0
80 7 0
92 7 0
93 7 0
94 7 0
107 7 0
108 7 0
122 7 0
135 7 0
136 7 0
137 7 0
148 7 0
149 7 0
150 7 0
162 7 0
163 7 0
164 7 0
174 7 0
175 7 0
176 7 0
16 8 0
17 8 0
22 8 0
26 8 0
79 8 0
80 8 0
92 8 0
93 8 0
94 8 0
106 8 0
107 8 0
108 8 0
120 8 0
121 8 0
122 8 0
126 8 0
135 8 0
136 8 0
148 8 0
149 8 0
150 8 0
162 8 0
163 8 0
164 8 0
174 8 0
175 8 0
176 8 0
22 9 0
25 9 0
26 9 0
27 9 0
30 9 0
31 9 0
32 9 0
38 9 0
39 9 0
65 9 0
78 9 0
79 9 0
92 9 0
93 9 0
105 9 0
106 9 0
108 9 0
109 9 0
117 9 0
120 9 0
121 9 0
122 9 0
123 9 0
125 9 0
126 9 0
128 9 0
129 9 0
134 9 0
136 9 0
148 9 0
149 9 0
150 9 0
163 9 0
164 9 0
175 9 0
176 9 0
5 10 0
26 10 0
37 10 0
39 10 0
41 10 0
42 10 0
52 10 0
65 10 0
77 10 0
78 10 0
79 10 0
92 10 0
93 10 0
102 10 0
103 10 0
104 10 0
105 10 0
107 10 0
108 10 0
109 10 0
121 10 0
122 10 0
128 10 0
129 10 0
133 10 0
134 10 0
135 10 0
136 10 0
137 10 0
148 10 0
149 10 0
150 10 0
162 10 0
163 10 0
164 10 0
174 10 0
175 10 0
176 10 0
5 11 0
15 11 0
16 11 0
38 11 0
39 11 0
42 11 0
49 11 0
50 11 0
51 11 0
52 11 0
65 11 0
76 11 0
77 11 0
78 11 0
79 11 0
80 11 0
85 11 0
91 11 0
92 11 0
95 11 0
97 11 0
99 11 0
100 11 0
101 11 0
102 11 0
106 11 0
107 11 0
108 11 0
120 11 0
121 11 0
122 11 0
134 11 0
135 11 0
136 11 0
143 11 0
146 11 0
147 11 0
148 11 0
149 11 0
153 11 0
154 11 0
162 11 0
163 11 0
164 11 0
174 11 0
175 11 0
176 11 0
13 12 0
36 12 0
37 12 0
38 12 0
39 12 0
44 12 0
45 12 0
50 12 0
51 12 0
55 12 0
63 12 0
64 12 0
65 12 0
68 12 0
73 12 0
74 12 0
78 12 0
79 12 0
80 12 0
85 12 0
86 12 0
87 12 0
90 12 0
91 12 0
93 12 0
94 12 0
106 12 0
107 12 0
108 12 0
119 12 0
120 12 0
121 12 0
122 12 0
134 12 0
135 12 0
136 12 0
143 12 0
146 12 0
148 12 0
149 12 0
150 12 0
154 12 0
155 12 0
156 12 0
157 12 0
162 12 0
163 12 0
164 12 0
174 12 0
175 12 0
176 12 0
15 13 0
26 13 0
38 13 0
49 13 0
50 13 0
51 13 0
62 13 0
63 13 0
65 13 0
66 13 0
67 13 0
68 13 0
77 13 0
78 13 0
79 13 0
91 13 0
92 13 0
93 13 0
94 13 0
105 13 0
106 13 0
107 13 0
119 13 0
121 13 0
134 13 0
135 13 0
136 13 0
148 13 0
149 13 0
156 13 0
157 13 0
158 13 0
161 13 0
163 13 0
167 13 0
168 13 0
174 13 0
175 13 0
176 13 0
50 14 0
51 14 0
57 14 0
61 14 0
64 14 0
65 14 0
77 14 0
78 14 0
79 14 0
91 14 0
92 14 0
93 14 0
105 14 0
106 14 0
107 14 0
120 14 0
121 14 0
134 14 0
135 14 0
136 14 0
148 14 0
149 14 0
162 14 0
163 14 0
164 14 0
168 14 0
171 14 0
174 14 0
175 14 0
176 14 0
35 15 0
38 15 0
50 15 0
51 15 0
64 15 0
65 15 0
76 15 0
78 15 0
91 15 0
92 15 0
93 15 0
107 15 0
119 15 0
120 15 0
121 15 0
134 15 0
135 15 0
136 15 0
147 15 0
148 15 0
149 15 0
162 15 0
163 15 0
171 15 0
172 15 0
175 15 0
176 15 0
38 16 0
50 16 0
51 16 0
63 16 0
64 16 0
77 16 0
78 16 0
91 16 0
92 16 0
93 16 0
105 16 0
106 16 0
107 16 0
119 16 0
120 16 0
121 16 0
133 16 0
134 16 0
135 16 0
147 16 0
148 16 0
149 16 0
161 16 0
162 16 0
163 16 0
172 16 0
173 16 0
174 16 0
176 16 0
177 16 0
178 16 0
60 17 0
62 17 0
64 17 0
76 17 0
78 17 0
90 17 0
92 17 0
104 17 0
105 17 0
106 17 0
107 17 0
118 17 0
119 17 0
120 17 0
121 17 0
132 17 0
133 17 0
135 17 0
147 17 0
148 17 0
149 17 0
161 17 0
162 17 0
163 17 0
174 17 0
175 17 0
176 17 0
179 17 0
180 17 0
181 17 0
182 17 0
185 17 0
186 17 0
187 17 0
3 18 0
4 18 0
6 18 0
14 18 0
15 18 0
37 18 0
64 18 0
76 18 0
77 18 0
78 18 0
90 18 0
91 18 0
92 18 0
105 18 0
106 18 0
107 18 0
119 18 0
120 18 0
121 18 0
135 18 0
147 18 0
148 18 0
149 18 0
161 18 0
162 18 0
163 18 0
174 18 0
175 18 0
176 18 0
182 18 0
183 18 0
185 18 0
4 19 0
5 19 0
37 19 0
64 19 0
76 19 0
77 19 0
78 19 0
89 19 0
90 19 0
92 19 0
106 19 0
119 19 0
120 19 0
121 19 0
133 19 0
134 19 0
135 19 0
146 19 0
148 19 0
149 19 0
160 19 0
161 19 0
162 19 0
163 19 0
174 19 0
175 19 0
187 19 0
4 20 0
13 20 0
14 20 0
25 20 0
61 20 0
63 20 0
64 20 0
76 20 0
77 20 0
78 20 0
90 20 0
91 20 0
92 20 0
104 20 0
105 20 0
106 20 0
119 20 0
120 20 0
121 20 0
133 20 0
134 20 0
135 20 0
147 20 0
148 20 0
149 20 0
161 20 0
162 20 0
174 20 0
175 20 0
176 20 0
187 20 0
4 21 0
13 21 0
14 21 0
17 21 0
37 21 0
48 21 0
50 21 0
63 21 0
76 21 0
77 21 0
78 21 0
90 21 0
91 21 0
92 21 0
104 21 0
106 21 0
119 21 0
120 21 0
133 21 0
135 21 0
147 21 0
148 21 0
149 21 0
160 21 0
161 21 0
162 21 0
163 21 0
174 21 0
175 21 0
4 22 0
13 22 0
14 22 0
17 22 0
25 22 0
37 22 0
49 22 0
50 22 0
77 22 0
78 22 0
90 22 0
91 22 0
92 22 0
104 22 0
105 22 0
106 22 0
118 22 0
119 22 0
120 22 0
133 22 0
134 22 0
135 22 0
146 22 0
147 22 0
148 22 0
149 22 0
161 22 0
162 22 0
163 22 0
174 22 0
175 22 0
2 23 0
4 23 0
13 23 0
14 23 0
23 23 0
27 23 0
36 23 0
37 23 0
49 23 0
50 23 0
61 23 0
63 23 0
77 23 0
90 23 0
92 23 0
104 23 0
105 23 0
106 23 0
117 23 0
118 23 0
119 23 0
120 23 0
121 23 0
133 23 0
134 23 0
135 23 0
146 23 0
147 23 0
148 23 0
161 23 0
162 23 0
175 23 0
186 23 0
4 24 0
13 24 0
24 24 0
25 24 0
35 24 0
37 24 0
49 24 0
50 24 0
61 24 0
63 24 0
77 24 0
90 24 0
91 24 0
92 24 0
104 24 0
108 24 0
109 24 0
118 24 0
119 24 0
120 24 0
124 24 0
125 24 0
132 24 0
133 24 0
134 24 0
138 24 0
146 24 0
147 24 0
148 24 0
161 24 0
162 24 0
174 24 0
175 24 0
186 24 0
3 25 0
13 25 0
23 25 0
24 25 0
25 25 0
35 25 0
36 25 0
37 25 0
49 25 0
63 25 0
75 25 0
77 25 0
90 25 0
91 25 0
92 25 0
102 25 0
103 25 0
104 25 0
105 25 0
106 25 0
107 25 0
118 25 0
119 25 0
120 25 0
133 25 0
134 25 0
135 25 0
138 25 0
139 25 0
140 25 0
141 25 0
144 25 0
145 25 0
146 25 0
147 25 0
148 25 0
160 25 0
161 25 0
162 25 0
173 25 0
174 25 0
175 25 0
12 26 0
13 26 0
24 26 0
34 26 0
36 26 0
37 26 0
40 26 0
47 26 0
48 26 0
61 26 0
62 26 0
63 26 0
75 26 0
76 26 0
78 26 0
84 26 0
89 26 0
90 26 0
91 26 0
92 26 0
93 26 0
94 26 0
100 26 0
101 26 0
102 26 0
104 26 0
105 26 0
106 26 0
118 26 0
119 26 0
120 26 0
133 26 0
134 26 0
135 26 0
141 26 0
143 26 0
146 26 0
147 26 0
148 26 0
150 26 0
151 26 0
152 26 0
160 26 0
161 26 0
162 26 0
174 26 0
175 26 0
186 26 0
12 27 0
13 27 0
24 27 0
35 27 0
36 27 0
41 27 0
45 27 0
46 27 0
47 27 0
49 27 0
50 27 0
51 27 0
62 27 0
63 27 0
72 27 0
73 27 0
74 27 0
75 27 0
76 27 0
77 27 0
78 27 0
84 27 0
90 27 0
91 27 0
92 27 0
93 27 0
103 27 0
104 27 0
105 27 0
117 27 0
118 27 0
119 27 0
120 27 0
132 27 0
133 27 0
134 27 0
146 27 0
147 27 0
148 27 0
159 27 0
161 27 0
164 27 0
165 27 0
173 27 0
174 27 0
175 27 0
10 28 0
12 28 0
13 28 0
45 28 0
47 28 0
48 28 0
49 28 0
54 28 0
55 28 0
56 28 0
61 28 0
62 28 0
63 28 0
67 28 0
69 28 0
72 28 0
73 28 0
75 28 0
76 28 0
77 28 0
89 28 0
90 28 0
91 28 0
103 28 0
104 28 0
105 28 0
118 28 0
119 28 0
120 28 0
132 28 0
133 28 0
134 28 0
147 28 0
148 28 0
157 28 0
160 28 0
161 28 0
162 28 0
165 28 0
168 28 0
173 28 0
174 28 0
175 28 0
11 29 0
12 29 0
13 29 0
21 29 0
24 29 0
33 29 0
34 29 0
35 29 0
36 29 0
48 29 0
60 29 0
62 29 0
63 29 0
66 29 0
67 29 0
75 29 0
76 29 0
77 29 0
89 29 0
90 29 0
91 29 0
103 29 0
104 29 0
105 29 0
117 29 0
118 29 0
119 29 0
120 29 0
132 29 0
133 29 0
134 29 0
146 29 0
147 29 0
160 29 0
161 29 0
162 29 0
168 29 0
169 29 0
170 29 0
171 29 0
172 29 0
173 29 0
174 29 0
175 29 0
185 29 0
187 29 0
2 30 0
3 30 0
8 30 0
9 30 0
10 30 0
11 30 0
12 30 0
13 30 0
46 30 0
47 30 0
48 30 0
60 30 0
61 30 0
62 30 0
63 30 0
74 30 0
76 30 0
89 30 0
91 30 0
103 30 0
104 30 0
105 30 0
119 30 0
132 30 0
133 30 0
134 30 0
146 30 0
147 30 0
160 30 0
161 30 0
173 30 0
174 30 0
175 30 0
177 30 0
178 30 0
179 30 0
185 30 0
187 30 0
2 31 0
9 31 0
10 31 0
11 31 0
12 31 0
13 31 0
46 31 0
47 31 0
48 31 0
60 31 0
61 31 0
62 31 0
74 31 0
76 31 0
89 31 0
90 31 0
91 31 0
103 31 0
104 31 0
105 31 0
117 31 0
118 31 0
119 31 0
131 31 0
132 31 0
133 31 0
134 31 0
145 31 0
147 31 0
148 31 0
159 31 0
160 31 0
161 31 0
173 31 0
174 31 0
175 31 0
179 31 0
180 31 0
181 31 0
185 31 0
2 32 0
3 32 0
9 32 0
10 32 0
11 32 0
12 32 0
13 32 0
14 32 0
24 32 0
48 32 0
60 32 0
74 32 0
75 32 0
76 32 0
89 32 0
90 32 0
91 32 0
103 32 0
104 32 0
105 32 0
117 32 0
118 32 0
119 32 0
131 32 0
132 32 0
133 32 0
134 32 0
146 32 0
147 32 0
159 32 0
160 32 0
161 32 0
173 32 0
174 32 0
175 32 0
181 32 0
185 32 0
186 32 0
187 32 0
1 33 0
2 33 0
3 33 0
8 33 0
9 33 0
11 33 0
12 33 0
13 33 0
46 33 0
48 33 0
60 33 0
62 33 0
74 33 0
75 33 0
76 33 0
89 33 0
90 33 0
103 33 0
104 33 0
105 33 0
115 33 0
117 33 0
118 33 0
119 33 0
131 33 0
132 33 0
133 33 0
145 33 0
146 33 0
147 33 0
159 33 0
160 33 0
161 33 0
173 33 0
174 33 0
175 33 0
186 33 0
2 34 0
5 34 0
8 34 0
11 34 0
12 34 0
21 34 0
23 34 0
35 34 0
48 34 0
62 34 0
74 34 0
75 34 0
76 34 0
90 34 0
103 34 0
104 34 0
105 34 0
117 34 0
118 34 0
119 34 0
131 34 0
132 34 0
133 34 0
145 34 0
146 34 0
147 34 0
159 34 0
160 34 0
161 34 0
173 34 0
174 34 0
185 34 0
186 34 0
9 35 0
10 35 0
13 35 0
33 35 0
35 35 0
61 35 0
62 35 0
75 35 0
88 35 0
89 35 0
90 35 0
102 35 0
103 35 0
104 35 0
117 35 0
119 35 0
131 35 0
132 35 0
133 35 0
145 35 0
146 35 0
147 35 0
159 35 0
160 35 0
161 35 0
172 35 0
173 35 0
174 35 0
186 35 0
11 36 0
12 36 0
32 36 0
35 36 0
62 36 0
73 36 0
74 36 0
75 36 0
76 36 0
88 36 0
90 36 0
102 36 0
103 36 0
104 36 0
105 36 0
117 36 0
118 36 0
119 36 0
131 36 0
132 36 0
133 36 0
145 36 0
146 36 0
147 36 0
159 36 0
160 36 0
161 36 0
172 36 0
173 36 0
174 36 0
184 36 0
185 36 0
2 37 0
10 37 0
11 37 0
12 37 0
23 37 0
48 37 0
62 37 0
74 37 0
75 37 0
88 37 0
90 37 0
102 37 0
104 37 0
117 37 0
118 37 0
119 37 0
131 37 0
132 37 0
133 37 0
145 37 0
146 37 0
147 37 0
159 37 0
160 37 0
161 37 0
172 37 0
173 37 0
174 37 0
20 38 0
22 38 0
23 38 0
32 38 0
34 38 0
35 38 0
48 38 0
59 38 0
61 38 0
62 38 0
73 38 0
75 38 0
87 38 0
89 38 0
90 38 0
103 38 0
104 38 0
117 38 0
118 38 0
130 38 0
131 38 0
132 38 0
133 38 0
145 38 0
146 38 0
147 38 0
159 38 0
160 38 0
161 38 0
172 38 0
174 38 0
185 38 0
21 39 0
22 39 0
23 39 0
24 39 0
34 39 0
35 39 0
59 39 0
60 39 0
61 39 0
62 39 0
73 39 0
75 39 0
87 39 0
88 39 0
89 39 0
90 39 0
102 39 0
103 39 0
104 39 0
110 39 0
111 39 0
113 39 0
114 39 0
115 39 0
116 39 0
117 39 0
118 39 0
119 39 0
123 39 0
129 39 0
130 39 0
132 39 0
133 39 0
144 39 0
145 39 0
146 39 0
147 39 0
159 39 0
160 39 0
161 39 0
172 39 0
173 39 0
174 39 0
11 40 0
12 40 0
21 40 0
22 40 0
48 40 0
59 40 0
61 40 0
73 40 0
75 40 0
87 40 0
88 40 0
89 40 0
100 40 0
101 40 0
102 40 0
103 40 0
104 40 0
105 40 0
108 40 0
109 40 0
110 40 0
111 40 0
112 40 0
117 40 0
118 40 0
119 40 0
130 40 0
131 40 0
132 40 0
133 40 0
135 40 0
136 40 0
143 40 0
144 40 0
145 40 0
146 40 0
147 40 0
150 40 0
151 40 0
159 40 0
160 40 0
161 40 0
172 40 0
173 40 0
174 40 0
185 40 0
186 40 0
22 41 0
25 41 0
32 41 0
33 41 0
35 41 0
36 41 0
45 41 0
46 41 0
48 41 0
61 41 0
73 41 0
74 41 0
75 41 0
88 41 0
89 41 0
95 41 0
97 41 0
99 41 0
100 41 0
101 41 0
103 41 0
104 41 0
105 41 0
106 41 0
116 41 0
117 41 0
118 41 0
130 41 0
131 41 0
132 41 0
136 41 0
138 41 0
142 41 0
145 41 0
146 41 0
147 41 0
151 41 0
154 41 0
157 41 0
158 41 0
159 41 0
160 41 0
161 41 0
172 41 0
173 41 0
174 41 0
184 41 0
185 41 0
186 41 0
28 42 0
31 42 0
32 42 0
34 42 0
35 42 0
42 42 0
44 42 0
45 42 0
47 42 0
48 42 0
49 42 0
59 42 0
61 42 0
71 42 0
72 42 0
73 42 0
74 42 0
75 42 0
87 42 0
88 42 0
89 42 0
94 42 0
95 42 0
96 42 0
102 42 0
104 42 0
116 42 0
117 42 0
118 42 0
130 42 0
131 42 0
132 42 0
145 42 0
146 42 0
147 42 0
154 42 0
155 42 0
160 42 0
165 42 0
166 42 0
172 42 0
173 42 0
174 42 0
184 42 0
186 42 0
21 43 0
22 43 0
31 43 0
32 43 0
33 43 0
34 43 0
46 43 0
47 43 0
48 43 0
51 43 0
70 43 0
71 43 0
72 43 0
74 43 0
75 43 0
86 43 0
89 43 0
90 43 0
91 43 0
117 43 0
118 43 0
130 43 0
131 43 0
132 43 0
144 43 0
145 43 0
146 43 0
159 43 0
160 43 0
167 43 0
168 43 0
172 43 0
173 43 0
184 43 0
185 43 0
21 44 0
22 44 0
32 44 0
33 44 0
34 44 0
45 44 0
46 44 0
47 44 0
52 44 0
55 44 0
62 44 0
63 44 0
70 44 0
71 44 0
73 44 0
74 44 0
75 44 0
88 44 0
89 44 0
90 44 0
116 44 0
117 44 0
118 44 0
129 44 0
130 44 0
131 44 0
132 44 0
144 44 0
145 44 0
146 44 0
158 44 0
159 44 0
160 44 0
168 44 0
169 44 0
170 44 0
173 44 0
174 44 0
176 44 0
177 44 0
178 44 0
179 44 0
184 44 0
186 44 0
19 45 0
22 45 0
47 45 0
59 45 0
60 45 0
61 45 0
62 45 0
72 45 0
73 45 0
74 45 0
75 45 0
87 45 0
88 45 0
89 45 0
144 45 0
145 45 0
146 45 0
158 45 0
159 45 0
160 45 0
171 45 0
172 45 0
173 45 0
174 45 0
179 45 0
180 45 0
185 45 0
186 45 0
45 46 0
47 46 0
59 46 0
60 46 0
61 46 0
73 46 0
74 46 0
75 46 0
116 46 0
129 46 0
130 46 0
131 46 0
132 46 0
143 46 0
144 46 0
145 46 0
146 46 0
158 46 0
159 46 0
160 46 0
171 46 0
172 46 0
173 46 0
184 46 0
185 46 0
186 46 0
1 47 0
2 47 0
12 47 0
19 47 0
20 47 0
45 47 0
47 47 0
59 47 0
60 47 0
61 47 0
73 47 0
74 47 0
129 47 0
130 47 0
131 47 0
132 47 0
144 47 0
145 47 0
146 47 0
158 47 0
159 47 0
160 47 0
171 47 0
172 47 0
173 47 0
184 47 0
32 48 0
33 48 0
34 48 0
47 48 0
59 48 0
60 48 0
61 48 0
72 48 0
74 48 0
130 48 0
131 48 0
143 48 0
144 48 0
145 48 0
157 48 0
158 48 0
159 48 0
160 48 0
171 48 0
172 48 0
173 48 0
184 48 0
185 48 0
8 49 0
11 49 0
38 49 0
45 49 0
47 49 0
59 49 0
60 49 0
61 49 0
74 49 0
129 49 0
130 49 0
131 49 0
143 49 0
144 49 0
145 49 0
157 49 0
158 49 0
159 49 0
171 49 0
172 49 0
173 49 0
183 49 0
184 49 0
185 49 0
6 50 0
11 50 0
47 50 0
73 50 0
74 50 0
129 50 0
130 50 0
131 50 0
143 50 0
144 50 0
145 50 0
157 50 0
158 50 0
159 50 0
169 50 0
171 50 0
172 50 0
173 50 0
184 50 0
185 50 0
70 51 0
72 51 0
74 51 0
129 51 0
130 51 0
143 51 0
144 51 0
145 51 0
157 51 0
158 51 0
159 51 0
171 51 0
172 51 0
173 51 0
183 51 0
21 52 0
33 52 0
46 52 0
74 52 0
143 52 0
144 52 0
145 52 0
157 52 0
158 52 0
159 52 0
171 52 0
172 52 0
173 52 0
183 52 0
184 52 0
185 52 0
16 53 0
17 53 0
19 53 0
20 53 0
25 53 0
33 53 0
46 53 0
129 53 0
130 53 0
131 53 0
142 53 0
143 53 0
144 53 0
145 53 0
157 53 0
158 53 0
159 53 0
172 53 0
175 53 0
184 53 0
185 53 0
10 54 0
17 54 0
19 54 0
21 54 0
22 54 0
25 54 0
27 54 0
33 54 0
46 54 0
60 54 0
129 54 0
130 54 0
141 54 0
142 54 0
143 54 0
144 54 0
145 54 0
146 54 0
147 54 0
148 54 0
149 54 0
150 54 0
157 54 0
158 54 0
159 54 0
170 54 0
171 54 0
172 54 0
183 54 0
185 54 0
20 55 0
21 55 0
22 55 0
60 55 0
74 55 0
128 55 0
129 55 0
130 55 0
131 55 0
137 55 0
138 55 0
141 55 0
142 55 0
145 55 0
146 55 0
147 55 0
148 55 0
149 55 0
150 55 0
157 55 0
158 55 0
159 55 0
170 55 0
171 55 0
172 55 0
185 55 0
10 56 0
30 56 0
31 56 0
32 56 0
33 56 0
46 56 0
60 56 0
74 56 0
129 56 0
130 56 0
131 56 0
138 56 0
142 56 0
143 56 0
144 56 0
148 56 0
149 56 0
155 56 0
156 56 0
157 56 0
158 56 0
159 56 0
164 56 0
165 56 0
170 56 0
171 56 0
172 56 0
182 56 0
184 56 0
185 56 0
31 57 0
33 57 0
60 57 0
72 57 0
74 57 0
128 57 0
130 57 0
143 57 0
144 57 0
147 57 0
150 57 0
151 57 0
152 57 0
153 57 0
157 57 0
158 57 0
159 57 0
165 57 0
167 57 0
170 57 0
171 57 0
172 57 0
185 57 0
10 58 0
20 58 0
21 58 0
33 58 0
43 58 0
45 58 0
46 58 0
47 58 0
50 58 0
65 58 0
70 58 0
71 58 0
72 58 0
73 58 0
74 58 0
142 58 0
143 58 0
144 58 0
157 58 0
158 58 0
159 58 0
166 58 0
167 58 0
168 58 0
171 58 0
172 58 0
184 58 0
185 58 0
10 59 0
32 59 0
33 59 0
44 59 0
45 59 0
46 59 0
57 59 0
58 59 0
63 59 0
64 59 0
65 59 0
72 59 0
73 59 0
74 59 0
78 59 0
144 59 0
156 59 0
157 59 0
158 59 0
170 59 0
171 59 0
172 59 0
178 59 0
182 59 0
183 59 0
184 59 0
185 59 0
33 60 0
44 60 0
45 60 0
46 60 0
57 60 0
59 60 0
60 60 0
61 60 0
62 60 0
72 60 0
73 60 0
74 60 0
77 60 0
130 60 0
158 60 0
170 60 0
171 60 0
172 60 0
183 60 0
184 60 0
185 60 0
44 61 0
46 61 0
57 61 0
58 61 0
59 61 0
60 61 0
71 61 0
73 61 0
129 61 0
130 61 0
158 61 0
170 61 0
171 61 0
184 61 0
10 62 0
46 62 0
58 62 0
60 62 0
73 62 0
157 62 0
171 62 0
10 63 0
32 63 0
59 63 0
60 63 0
73 63 0
142 63 0
143 63 0
144 63 0
171 63 0
8 64 0
32 64 0
57 64 0
58 64 0
59 64 0
60 64 0
73 64 0
129 64 0
142 64 0
143 64 0
144 64 0
170 64 0
171 64 0
8 65 0
10 65 0
21 65 0
32 65 0
57 65 0
60 65 0
71 65 0
73 65 0
127 65 0
129 65 0
142 65 0
143 65 0
144 65 0
156 65 0
157 65 0
169 65 0
171 65 0
181 65 0
183 65 0
9 66 0
10 66 0
21 66 0
72 66 0
73 66 0
127 66 0
128 66 0
129 66 0
141 66 0
142 66 0
143 66 0
157 66 0
169 66 0
170 66 0
171 66 0
183 66 0
9 67 0
10 67 0
15 67 0
19 67 0
21 67 0
45 67 0
58 67 0
59 67 0
60 67 0
73 67 0
84 67 0
86 67 0
87 67 0
128 67 0
129 67 0
142 67 0
143 67 0
155 67 0
156 67 0
157 67 0
168 67 0
169 67 0
170 67 0
171 67 0
181 67 0
182 67 0
183 67 0
9 68 0
16 68 0
18 68 0
19 68 0
21 68 0
45 68 0
58 68 0
60 68 0
73 68 0
85 68 0
115 68 0
127 68 0
129 68 0
138 68 0
141 68 0
142 68 0
143 68 0
156 68 0
157 68 0
169 68 0
170 68 0
171 68 0
182 68 0
183 68 0
20 69 0
59 69 0
73 69 0
85 69 0
86 69 0
87 69 0
113 69 0
114 69 0
116 69 0
121 69 0
126 69 0
127 69 0
128 69 0
129 69 0
141 69 0
142 69 0
143 69 0
155 69 0
156 69 0
157 69 0
169 69 0
170 69 0
181 69 0
183 69 0
45 70 0
59 70 0
60 70 0
71 70 0
72 70 0
73 70 0
85 70 0
86 70 0
87 70 0
100 70 0
101 70 0
112 70 0
113 70 0
114 70 0
115 70 0
121 70 0
122 70 0
125 70 0
126 70 0
128 70 0
129 70 0
138 70 0
139 70 0
140 70 0
141 70 0
142 70 0
143 70 0
149 70 0
150 70 0
155 70 0
156 70 0
157 70 0
168 70 0
169 70 0
170 70 0
171 70 0
181 70 0
183 70 0
30 71 0
31 71 0
59 71 0
71 71 0
73 71 0
85 71 0
86 71 0
99 71 0
100 71 0
101 71 0
105 71 0
107 71 0
110 71 0
111 71 0
112 71 0
114 71 0
115 71 0
127 71 0
128 71 0
129 71 0
138 71 0
141 71 0
142 71 0
143 71 0
150 71 0
151 71 0
152 71 0
153 71 0
154 71 0
155 71 0
156 71 0
157 71 0
164 71 0
165 71 0
168 71 0
169 71 0
170 71 0
182 71 0
183 71 0
26 72 0
30 72 0
31 72 0
32 72 0
45 72 0
57 72 0
71 72 0
72 72 0
73 72 0
85 72 0
86 72 0
96 72 0
97 72 0
98 72 0
99 72 0
100 72 0
101 72 0
102 72 0
105 72 0
106 72 0
107 72 0
113 72 0
114 72 0
115 72 0
127 72 0
128 72 0
129 72 0
141 72 0
142 72 0
143 72 0
151 72 0
155 72 0
156 72 0
157 72 0
164 72 0
165 72 0
166 72 0
167 72 0
168 72 0
169 72 0
170 72 0
181 72 0
182 72 0
183 72 0
30 73 0
31 73 0
32 73 0
42 73 0
43 73 0
45 73 0
59 73 0
64 73 0
65 73 0
70 73 0
71 73 0
72 73 0
83 73 0
84 73 0
85 73 0
86 73 0
90 73 0
91 73 0
93 73 0
95 73 0
99 73 0
101 73 0
112 73 0
114 73 0
128 73 0
140 73 0
141 73 0
142 73 0
155 73 0
156 73 0
157 73 0
167 73 0
168 73 0
170 73 0
171 73 0
175 73 0
179 73 0
180 73 0
181 73 0
182 73 0
183 73 0
31 74 0
43 74 0
44 74 0
45 74 0
62 74 0
63 74 0
64 74 0
71 74 0
72 74 0
73 74 0
78 74 0
82 74 0
83 74 0
84 74 0
86 74 0
87 74 0
89 74 0
92 74 0
99 74 0
100 74 0
101 74 0
112 74 0
114 74 0
126 74 0
127 74 0
128 74 0
140 74 0
141 74 0
142 74 0
168 74 0
169 74 0
170 74 0
171 74 0
175 74 0
179 74 0
181 74 0
182 74 0
183 74 0
44 75 0
45 75 0
55 75 0
56 75 0
57 75 0
58 75 0
59 75 0
60 75 0
61 75 0
71 75 0
72 75 0
82 75 0
84 75 0
85 75 0
86 75 0
87 75 0
99 75 0
100 75 0
101 75 0
114 75 0
126 75 0
127 75 0
128 75 0
142 75 0
154 75 0
155 75 0
156 75 0
168 75 0
169 75 0
170 75 0
181 75 0
182 75 0
20 76 0
57 76 0
58 76 0
59 76 0
72 76 0
84 76 0
85 76 0
86 76 0
98 76 0
99 76 0
100 76 0
101 76 0
112 76 0
114 76 0
126 76 0
127 76 0
128 76 0
140 76 0
142 76 0
154 76 0
155 76 0
156 76 0
167 76 0
168 76 0
169 76 0
170 76 0
181 76 0
182 76 0
42 77 0
45 77 0
57 77 0
58 77 0
59 77 0
86 77 0
100 77 0
112 77 0
114 77 0
126 77 0
127 77 0
128 77 0
140 77 0
142 77 0
154 77 0
155 77 0
156 77 0
167 77 0
168 77 0
169 77 0
182 77 0
8 78 0
9 78 0
31 78 0
71 78 0
72 78 0
83 78 0
85 78 0
86 78 0
100 78 0
112 78 0
113 78 0
114 78 0
126 78 0
127 78 0
128 78 0
140 78 0
141 78 0
142 78 0
154 78 0
155 78 0
156 78 0
167 78 0
168 78 0
169 78 0
180 78 0
181 78 0
182 78 0
4 79 0
6 79 0
7 79 0
8 79 0
9 79 0
10 79 0
42 79 0
44 79 0
45 79 0
72 79 0
100 79 0
126 79 0
127 79 0
128 79 0
140 79 0
142 79 0
154 79 0
155 79 0
156 79 0
169 79 0
180 79 0
181 79 0
182 79 0
10 80 0
58 80 0
84 80 0
85 80 0
100 80 0
112 80 0
113 80 0
114 80 0
126 80 0
127 80 0
128 80 0
140 80 0
141 80 0
142 80 0
154 80 0
155 80 0
156 80 0
167 80 0
168 80 0
169 80 0
179 80 0
180 80 0
181 80 0
182 80 0
58 81 0
70 81 0
72 81 0
98 81 0
100 81 0
111 81 0
114 81 0
125 81 0
126 81 0
127 81 0
128 81 0
140 81 0
142 81 0
154 81 0
155 81 0
156 81 0
167 81 0
168 81 0
169 81 0
181 81 0
14 82 0
72 82 0
84 82 0
85 82 0
86 82 0
98 82 0
99 82 0
100 82 0
111 82 0
112 82 0
113 82 0
114 82 0
126 82 0
127 82 0
139 82 0
141 82 0
154 82 0
155 82 0
167 82 0
168 82 0
169 82 0
179 82 0
180 82 0
181 82 0
72 83 0
85 83 0
112 83 0
113 83 0
114 83 0
125 83 0
127 83 0
141 83 0
142 83 0
154 83 0
155 83 0
168 83 0
179 83 0
180 83 0
181 83 0
19 84 0
20 84 0
21 84 0
58 84 0
70 84 0
72 84 0
85 84 0
98 84 0
99 84 0
100 84 0
111 84 0
112 84 0
113 84 0
114 84 0
125 84 0
126 84 0
127 84 0
128 84 0
139 84 0
140 84 0
141 84 0
153 84 0
154 84 0
155 84 0
166 84 0
167 84 0
168 84 0
179 84 0
180 84 0
181 84 0
10 85 0
19 85 0
20 85 0
58 85 0
70 85 0
72 85 0
83 85 0
85 85 0
98 85 0
99 85 0
109 85 0
110 85 0
111 85 0
113 85 0
114 85 0
123 85 0
124 85 0
125 85 0
126 85 0
127 85 0
128 85 0
137 85 0
140 85 0
141 85 0
142 85 0
154 85 0
155 85 0
167 85 0
168 85 0
179 85 0
180 85 0
181 85 0
30 86 0
31 86 0
58 86 0
70 86 0
72 86 0
84 86 0
85 86 0
98 86 0
99 86 0
101 86 0
102 86 0
103 86 0
104 86 0
108 86 0
109 86 0
110 86 0
112 86 0
113 86 0
114 86 0
125 86 0
126 86 0
127 86 0
128 86 0
139 86 0
140 86 0
141 86 0
145 86 0
152 86 0
153 86 0
154 86 0
155 86 0
156 86 0
161 86 0
166 86 0
167 86 0
168 86 0
179 86 0
180 86 0
181 86 0
20 87 0
26 87 0
27 87 0
28 87 0
29 87 0
31 87 0
32 87 0
44 87 0
58 87 0
69 87 0
72 87 0
84 87 0
85 87 0
96 87 0
98 87 0
99 87 0
101 87 0
102 87 0
112 87 0
113 87 0
114 87 0
125 87 0
126 87 0
127 87 0
139 87 0
140 87 0
141 87 0
153 87 0
154 87 0
155 87 0
156 87 0
160 87 0
161 87 0
163 87 0
165 87 0
166 87 0
167 87 0
168 87 0
171 87 0
178 87 0
179 87 0
180 87 0
181 87 0
31 88 0
32 88 0
39 88 0
43 88 0
44 88 0
58 88 0
70 88 0
71 88 0
77 88 0
83 88 0
84 88 0
85 88 0
95 88 0
96 88 0
97 88 0
98 88 0
99 88 0
100 88 0
111 88 0
112 88 0
113 88 0
114 88 0
125 88 0
126 88 0
127 88 0
138 88 0
139 88 0
140 88 0
141 88 0
153 88 0
154 88 0
155 88 0
163 88 0
164 88 0
166 88 0
167 88 0
168 88 0
169 88 0
173 88 0
178 88 0
180 88 0
181 88 0
184 88 0
20 89 0
39 89 0
40 89 0
44 89 0
45 89 0
48 89 0
55 89 0
58 89 0
61 89 0
67 89 0
68 89 0
69 89 0
70 89 0
71 89 0
72 89 0
73 89 0
77 89 0
78 89 0
81 89 0
82 89 0
83 89 0
85 89 0
93 89 0
95 89 0
97 89 0
98 89 0
99 89 0
100 89 0
112 89 0
113 89 0
124 89 0
125 89 0
126 89 0
138 89 0
140 89 0
152 89 0
153 89 0
154 89 0
166 89 0
167 89 0
168 89 0
178 89 0
179 89 0
180 89 0
31 90 0
43 90 0
44 90 0
45 90 0
51 90 0
55 90 0
56 90 0
57 90 0
58 90 0
60 90 0
61 90 0
62 90 0
66 90 0
67 90 0
68 90 0
70 90 0
71 90 0
72 90 0
78 90 0
82 90 0
84 90 0
85 90 0
86 90 0
97 90 0
99 90 0
111 90 0
112 90 0
113 90 0
124 90 0
125 90 0
126 90 0
139 90 0
140 90 0
154 90 0
166 90 0
167 90 0
168 90 0
178 90 0
179 90 0
180 90 0
10 91 0
31 91 0
42 91 0
43 91 0
44 91 0
55 91 0
57 91 0
58 91 0
59 91 0
70 91 0
71 91 0
72 91 0
83 91 0
84 91 0
85 91 0
97 91 0
99 91 0
113 91 0
124 91 0
125 91 0
126 91 0
138 91 0
139 91 0
140 91 0
141 91 0
152 91 0
153 91 0
154 91 0
165 91 0
166 91 0
167 91 0
178 91 0
179 91 0
180 91 0
56 92 0
57 92 0
58 92 0
69 92 0
71 92 0
83 92 0
85 92 0
97 92 0
98 92 0
99 92 0
111 92 0
113 92 0
124 92 0
125 92 0
126 92 0
139 92 0
140 92 0
152 92 0
153 92 0
154 92 0
165 92 0
166 92 0
167 92 0
178 92 0
179 92 0
180 92 0
9 93 0
44 93 0
56 93 0
58 93 0
69 93 0
71 93 0
84 93 0
85 93 0
98 93 0
99 93 0
111 93 0
112 93 0
113 93 0
124 93 0
125 93 0
126 93 0
138 93 0
139 93 0
140 93 0
152 93 0
154 93 0
167 93 0
177 93 0
178 93 0
179 93 0
180 93 0
8 94 0
10 94 0
44 94 0
58 94 0
69 94 0
71 94 0
83 94 0
84 94 0
85 94 0
97 94 0
99 94 0
111 94 0
112 94 0
113 94 0
124 94 0
125 94 0
126 94 0
138 94 0
139 94 0
140 94 0
152 94 0
153 94 0
154 94 0
165 94 0
166 94 0
167 94 0
177 94 0
179 94 0
180 94 0
8 95 0
9 95 0
10 95 0
44 95 0
58 95 0
71 95 0
82 95 0
84 95 0
85 95 0
97 95 0
98 95 0
99 95 0
111 95 0
112 95 0
113 95 0
124 95 0
125 95 0
126 95 0
137 95 0
138 95 0
139 95 0
140 95 0
152 95 0
153 95 0
154 95 0
167 95 0
179 95 0
58 96 0
67 96 0
71 96 0
84 96 0
85 96 0
96 96 0
97 96 0
98 96 0
99 96 0
110 96 0
112 96 0
124 96 0
126 96 0
139 96 0
140 96 0
152 96 0
153 96 0
154 96 0
165 96 0
166 96 0
167 96 0
177 96 0
178 96 0
179 96 0
21 97 0
68 97 0
71 97 0
99 97 0
110 97 0
112 97 0
121 97 0
124 97 0
125 97 0
126 97 0
138 97 0
139 97 0
140 97 0
152 97 0
153 97 0
165 97 0
166 97 0
167 97 0
176 97 0
177 97 0
179 97 0
18 98 0
20 98 0
21 98 0
31 98 0
55 98 0
56 98 0
58 98 0
71 98 0
84 98 0
96 98 0
98 98 0
99 98 0
110 98 0
112 98 0
114 98 0
123 98 0
124 98 0
125 98 0
126 98 0
138 98 0
139 98 0
152 98 0
153 98 0
164 98 0
165 98 0
166 98 0
177 98 0
178 98 0
179 98 0
19 99 0
20 99 0
71 99 0
84 99 0
96 99 0
97 99 0
98 99 0
99 99 0
110 99 0
111 99 0
113 99 0
114 99 0
115 99 0
119 99 0
123 99 0
124 99 0
125 99 0
126 99 0
127 99 0
128 99 0
131 99 0
136 99 0
137 99 0
139 99 0
140 99 0
151 99 0
152 99 0
153 99 0
164 99 0
166 99 0
179 99 0
44 100 0
71 100 0
84 100 0
96 100 0
97 100 0
98 100 0
99 100 0
108 100 0
109 100 0
110 100 0
111 100 0
112 100 0
113 100 0
124 100 0
125 100 0
126 100 0
136 100 0
137 100 0
138 100 0
139 100 0
140 100 0
142 100 0
150 100 0
151 100 0
152 100 0
153 100 0
164 100 0
165 100 0
166 100 0
176 100 0
177 100 0
178 100 0
179 100 0
25 101 0
30 101 0
71 101 0
83 101 0
84 101 0
97 101 0
98 101 0
99 101 0
104 101 0
105 101 0
106 101 0
107 101 0
110 101 0
111 101 0
112 101 0
113 101 0
123 101 0
124 101 0
125 101 0
137 101 0
138 101 0
139 101 0
151 101 0
152 101 0
153 101 0
154 101 0
155 101 0
156 101 0
164 101 0
165 101 0
175 101 0
176 101 0
177 101 0
178 101 0
179 101 0
184 101 0
26 102 0
30 102 0
32 102 0
33 102 0
69 102 0
71 102 0
82 102 0
84 102 0
87 102 0
88 102 0
96 102 0
97 102 0
98 102 0
99 102 0
101 102 0
104 102 0
105 102 0
106 102 0
110 102 0
111 102 0
112 102 0
123 102 0
125 102 0
136 102 0
137 102 0
138 102 0
139 102 0
151 102 0
152 102 0
153 102 0
155 102 0
157 102 0
158 102 0
162 102 0
163 102 0
164 102 0
165 102 0
166 102 0
177 102 0
178 102 0
10 103 0
30 103 0
31 103 0
32 103 0
37 103 0
42 103 0
43 103 0
44 103 0
58 103 0
68 103 0
69 103 0
70 103 0
71 103 0
83 103 0
87 103 0
88 103 0
96 103 0
98 103 0
99 103 0
100 103 0
102 103 0
103 103 0
109 103 0
111 103 0
112 103 0
124 103 0
125 103 0
137 103 0
138 103 0
139 103 0
150 103 0
151 103 0
152 103 0
164 103 0
165 103 0
166 103 0
176 103 0
178 103 0
179 103 0
1 104 0
2 104 0
31 104 0
39 104 0
41 104 0
42 104 0
43 104 0
44 104 0
68 104 0
69 104 0
70 104 0
71 104 0
72 104 0
83 104 0
84 104 0
85 104 0
86 104 0
96 104 0
97 104 0
98 104 0
99 104 0
109 104 0
110 104 0
111 104 0
112 104 0
123 104 0
124 104 0
125 104 0
136 104 0
137 104 0
138 104 0
150 104 0
151 104 0
152 104 0
163 104 0
164 104 0
165 104 0
176 104 0
177 104 0
178 104 0
31 105 0
42 105 0
43 105 0
44 105 0
55 105 0
56 105 0
57 105 0
58 105 0
59 105 0
60 105 0
61 105 0
69 105 0
70 105 0
71 105 0
80 105 0
81 105 0
82 105 0
83 105 0
84 105 0
85 105 0
98 105 0
110 105 0
111 105 0
112 105 0
123 105 0
125 105 0
136 105 0
138 105 0
150 105 0
152 105 0
163 105 0
164 105 0
165 105 0
176 105 0
177 105 0
178 105 0
10 106 0
44 106 0
56 106 0
57 106 0
58 106 0
59 106 0
69 106 0
70 106 0
71 106 0
80 106 0
81 106 0
83 106 0
84 106 0
85 106 0
98 106 0
110 106 0
111 106 0
112 106 0
123 106 0
124 106 0
125 106 0
136 106 0
137 106 0
138 106 0
150 106 0
151 106 0
152 106 0
162 106 0
163 106 0
164 106 0
165 106 0
175 106 0
176 106 0
177 106 0
178 106 0
5 107 0
8 107 0
9 107 0
10 107 0
11 107 0
21 107 0
42 107 0
44 107 0
55 107 0
56 107 0
58 107 0
84 107 0
96 107 0
97 107 0
98 107 0
111 107 0
112 107 0
123 107 0
125 107 0
138 107 0
150 107 0
151 107 0
152 107 0
162 107 0
163 107 0
164 107 0
165 107 0
175 107 0
176 107 0
177 107 0
10 108 0
11 108 0
32 108 0
55 108 0
57 108 0
58 108 0
84 108 0
95 108 0
96 108 0
97 108 0
98 108 0
110 108 0
111 108 0
112 108 0
123 108 0
124 108 0
125 108 0
136 108 0
138 108 0
149 108 0
150 108 0
151 108 0
152 108 0
175 108 0
177 108 0
8 109 0
9 109 0
10 109 0
11 109 0
42 109 0
44 109 0
84 109 0
111 109 0
122 109 0
123 109 0
124 109 0
125 109 0
136 109 0
137 109 0
138 109 0
149 109 0
150 109 0
151 109 0
162 109 0
163 109 0
164 109 0
175 109 0
177 109 0
10 110 0
11 110 0
43 110 0
44 110 0
84 110 0
96 110 0
98 110 0
111 110 0
123 110 0
124 110 0
125 110 0
136 110 0
137 110 0
138 110 0
149 110 0
150 110 0
151 110 0
162 110 0
163 110 0
164 110 0
175 110 0
176 110 0
177 110 0
18 111 0
20 111 0
22 111 0
41 111 0
44 111 0
70 111 0
71 111 0
80 111 0
84 111 0
95 111 0
96 111 0
97 111 0
109 111 0
111 111 0
124 111 0
136 111 0
137 111 0
138 111 0
149 111 0
150 111 0
151 111 0
161 111 0
162 111 0
164 111 0
175 111 0
177 111 0
20 112 0
21 112 0
22 112 0
82 112 0
84 112 0
109 112 0
110 112 0
111 112 0
122 112 0
123 112 0
124 112 0
135 112 0
136 112 0
137 112 0
149 112 0
150 112 0
151 112 0
162 112 0
163 112 0
164 112 0
176 112 0
177 112 0
20 113 0
21 113 0
22 113 0
71 113 0
84 113 0
96 113 0
97 113 0
98 113 0
109 113 0
111 113 0
120 113 0
121 113 0
122 113 0
123 113 0
124 113 0
125 113 0
130 113 0
134 113 0
135 113 0
136 113 0
137 113 0
149 113 0
150 113 0
151 113 0
162 113 0
163 113 0
164 113 0
57 114 0
58 114 0
82 114 0
84 114 0
96 114 0
97 114 0
98 114 0
105 114 0
107 114 0
108 114 0
109 114 0
110 114 0
111 114 0
114 114 0
115 114 0
123 114 0
124 114 0
125 114 0
135 114 0
136 114 0
137 114 0
143 114 0
149 114 0
150 114 0
151 114 0
153 114 0
154 114 0
162 114 0
163 114 0
164 114 0
175 114 0
176 114 0
178 114 0
180 114 0
185 114 0
30 115 0
70 115 0
71 115 0
84 115 0
96 115 0
97 115 0
98 115 0
100 115 0
101 115 0
102 115 0
103 115 0
104 115 0
108 115 0
109 115 0
110 115 0
111 115 0
112 115 0
122 115 0
123 115 0
124 115 0
135 115 0
136 115 0
137 115 0
144 115 0
145 115 0
148 115 0
149 115 0
150 115 0
151 115 0
153 115 0
155 115 0
160 115 0
161 115 0
162 115 0
163 115 0
165 115 0
173 115 0
174 115 0
175 115 0
176 115 0
177 115 0
2 116 0
29 116 0
30 116 0
32 116 0
33 116 0
70 116 0
71 116 0
83 116 0
84 116 0
96 116 0
97 116 0
98 116 0
99 116 0
101 116 0
102 116 0
109 116 0
110 116 0
111 116 0
122 116 0
123 116 0
124 116 0
135 116 0
136 116 0
137 116 0
149 116 0
150 116 0
151 116 0
161 116 0
162 116 0
163 116 0
164 116 0
174 116 0
175 116 0
176 116 0
2 117 0
30 117 0
32 117 0
84 117 0
96 117 0
97 117 0
100 117 0
109 117 0
110 117 0
111 117 0
122 117 0
123 117 0
124 117 0
135 117 0
136 117 0
137 117 0
149 117 0
150 117 0
161 117 0
162 117 0
163 117 0
164 117 0
174 117 0
175 117 0
176 117 0
2 118 0
32 118 0
43 118 0
44 118 0
57 118 0
58 118 0
61 118 0
66 118 0
67 118 0
68 118 0
69 118 0
70 118 0
71 118 0
82 118 0
83 118 0
84 118 0
94 118 0
95 118 0
96 118 0
97 118 0
98 118 0
99 118 0
109 118 0
110 118 0
111 118 0
121 118 0
122 118 0
123 118 0
124 118 0
134 118 0
135 118 0
136 118 0
149 118 0
150 118 0
162 118 0
163 118 0
12 119 0
32 119 0
44 119 0
45 119 0
56 119 0
57 119 0
58 119 0
59 119 0
60 119 0
62 119 0
68 119 0
69 119 0
70 119 0
71 119 0
80 119 0
81 119 0
82 119 0
84 119 0
93 119 0
94 119 0
95 119 0
96 119 0
97 119 0
98 119 0
108 119 0
109 119 0
110 119 0
111 119 0
121 119 0
122 119 0
123 119 0
134 119 0
135 119 0
136 119 0
148 119 0
149 119 0
150 119 0
161 119 0
162 119 0
163 119 0
175 119 0
185 119 0
10 120 0
11 120 0
32 120 0
43 120 0
44 120 0
45 120 0
54 120 0
55 120 0
57 120 0
58 120 0
59 120 0
69 120 0
70 120 0
71 120 0
83 120 0
84 120 0
96 120 0
97 120 0
98 120 0
109 120 0
110 120 0
111 120 0
122 120 0
123 120 0
134 120 0
135 120 0
136 120 0
148 120 0
149 120 0
150 120 0
161 120 0
163 120 0
173 120 0
175 120 0
9 121 0
12 121 0
13 121 0
42 121 0
45 121 0
57 121 0
58 121 0
82 121 0
83 121 0
84 121 0
95 121 0
96 121 0
97 121 0
108 121 0
109 121 0
110 121 0
111 121 0
123 121 0
136 121 0
146 121 0
149 121 0
150 121 0
162 121 0
163 121 0
185 121 0
12 122 0
56 122 0
57 122 0
58 122 0
82 122 0
83 122 0
84 122 0
95 122 0
97 122 0
109 122 0
110 122 0
111 122 0
123 122 0
134 122 0
136 122 0
148 122 0
149 122 0
150 122 0
161 122 0
162 122 0
163 122 0
173 122 0
174 122 0
175 122 0
12 123 0
68 123 0
70 123 0
84 123 0
95 123 0
97 123 0
109 123 0
121 123 0
123 123 0
134 123 0
135 123 0
136 123 0
149 123 0
150 123 0
160 123 0
161 123 0
162 123 0
163 123 0
174 123 0
175 123 0
19 124 0
23 124 0
32 124 0
70 124 0
82 124 0
83 124 0
84 124 0
95 124 0
97 124 0
110 124 0
111 124 0
121 124 0
122 124 0
123 124 0
133 124 0
134 124 0
135 124 0
136 124 0
148 124 0
149 124 0
150 124 0
161 124 0
162 124 0
163 124 0
172 124 0
21 125 0
22 125 0
23 125 0
58 125 0
70 125 0
84 125 0
95 125 0
97 125 0
108 125 0
109 125 0
110 125 0
111 125 0
121 125 0
122 125 0
123 125 0
134 125 0
135 125 0
136 125 0
148 125 0
149 125 0
150 125 0
161 125 0
162 125 0
163 125 0
174 125 0
22 126 0
23 126 0
58 126 0
82 126 0
84 126 0
95 126 0
97 126 0
108 126 0
109 126 0
110 126 0
112 126 0
113 126 0
115 126 0
120 126 0
122 126 0
123 126 0
124 126 0
134 126 0
135 126 0
148 126 0
149 126 0
150 126 0
161 126 0
162 126 0
174 126 0
183 126 0
184 126 0
45 127 0
82 127 0
84 127 0
96 127 0
97 127 0
108 127 0
109 127 0
110 127 0
112 127 0
114 127 0
121 127 0
122 127 0
123 127 0
131 127 0
132 127 0
133 127 0
135 127 0
136 127 0
145 127 0
146 127 0
147 127 0
149 127 0
150 127 0
160 127 0
162 127 0
172 127 0
173 127 0
174 127 0
183 127 0
184 127 0
185 127 0
186 127 0
82 128 0
83 128 0
84 128 0
97 128 0
107 128 0
108 128 0
109 128 0
110 128 0
111 128 0
121 128 0
122 128 0
133 128 0
134 128 0
135 128 0
136 128 0
147 128 0
148 128 0
149 128 0
150 128 0
151 128 0
152 128 0
157 128 0
160 128 0
161 128 0
162 128 0
170 128 0
171 128 0
172 128 0
173 128 0
174 128 0
175 128 0
185 128 0
186 128 0
2 129 0
31 129 0
45 129 0
70 129 0
84 129 0
95 129 0
96 129 0
97 129 0
98 129 0
106 129 0
109 129 0
110 129 0
111 129 0
122 129 0
133 129 0
134 129 0
135 129 0
147 129 0
148 129 0
149 129 0
153 129 0
158 129 0
159 129 0
160 129 0
161 129 0
162 129 0
172 129 0
173 129 0
174 129 0
185 129 0
3 130 0
4 130 0
31 130 0
33 130 0
45 130 0
58 130 0
83 130 0
95 130 0
96 130 0
104 130 0
108 130 0
109 130 0
110 130 0
120 130 0
121 130 0
122 130 0
133 130 0
134 130 0
135 130 0
147 130 0
148 130 0
149 130 0
160 130 0
161 130 0
162 130 0
172 130 0
173 130 0
174 130 0
3 131 0
31 131 0
32 131 0
33 131 0
37 131 0
43 131 0
45 131 0
58 131 0
66 131 0
67 131 0
68 131 0
69 131 0
70 131 0
71 131 0
82 131 0
83 131 0
94 131 0
95 131 0
96 131 0
97 131 0
98 131 0
100 131 0
108 131 0
120 131 0
121 131 0
122 131 0
132 131 0
134 131 0
135 131 0
146 131 0
147 131 0
148 131 0
149 131 0
160 131 0
161 131 0
173 131 0
12 132 0
13 132 0
14 132 0
23 132 0
31 132 0
33 132 0
43 132 0
44 132 0
45 132 0
65 132 0
68 132 0
69 132 0
70 132 0
81 132 0
82 132 0
83 132 0
94 132 0
95 132 0
97 132 0
98 132 0
107 132 0
108 132 0
109 132 0
110 132 0
120 132 0
121 132 0
122 132 0
133 132 0
134 132 0
135 132 0
147 132 0
148 132 0
149 132 0
159 132 0
161 132 0
172 132 0
173 132 0
184 132 0
11 133 0
12 133 0
13 133 0
14 133 0
15 133 0
33 133 0
44 133 0
45 133 0
56 133 0
58 133 0
59 133 0
60 133 0
68 133 0
70 133 0
81 133 0
82 133 0
83 133 0
84 133 0
85 133 0
95 133 0
96 133 0
97 133 0
98 133 0
108 133 0
109 133 0
110 133 0
120 133 0
121 133 0
122 133 0
133 133 0
134 133 0
135 133 0
146 133 0
147 133 0
148 133 0
159 133 0
160 133 0
161 133 0
172 133 0
173 133 0
14 134 0
33 134 0
45 134 0
57 134 0
58 134 0
59 134 0
70 134 0
82 134 0
83 134 0
84 134 0
95 134 0
96 134 0
97 134 0
108 134 0
109 134 0
110 134 0
119 134 0
120 134 0
121 134 0
122 134 0
133 134 0
134 134 0
146 134 0
147 134 0
148 134 0
159 134 0
160 134 0
161 134 0
171 134 0
173 134 0
56 135 0
58 135 0
70 135 0
81 135 0
82 135 0
83 135 0
97 135 0
108 135 0
109 135 0
121 135 0
133 135 0
134 135 0
146 135 0
147 135 0
148 135 0
159 135 0
160 135 0
161 135 0
171 135 0
173 135 0
4 136 0
97 136 0
119 136 0
121 136 0
132 136 0
133 136 0
134 136 0
182 136 0
184 136 0
21 137 0
22 137 0
23 137 0
24 137 0
25 137 0
83 137 0
95 137 0
97 137 0
108 137 0
119 137 0
121 137 0
132 137 0
133 137 0
134 137 0
145 137 0
146 137 0
147 137 0
148 137 0
158 137 0
159 137 0
160 137 0
161 137 0
172 137 0
173 137 0
182 137 0
183 137 0
184 137 0
23 138 0
24 138 0
25 138 0
81 138 0
83 138 0
95 138 0
97 138 0
108 138 0
109 138 0
119 138 0
120 138 0
121 138 0
133 138 0
134 138 0
145 138 0
146 138 0
147 138 0
159 138 0
160 138 0
171 138 0
182 138 0
183 138 0
184 138 0
7 139 0
24 139 0
68 139 0
70 139 0
95 139 0
97 139 0
108 139 0
109 139 0
113 139 0
114 139 0
115 139 0
118 139 0
119 139 0
120 139 0
121 139 0
122 139 0
130 139 0
132 139 0
133 139 0
134 139 0
147 139 0
158 139 0
159 139 0
160 139 0
170 139 0
171 139 0
180 139 0
181 139 0
182 139 0
183 139 0
184 139 0
82 140 0
83 140 0
95 140 0
96 140 0
97 140 0
107 140 0
108 140 0
109 140 0
112 140 0
114 140 0
119 140 0
120 140 0
121 140 0
132 140 0
133 140 0
134 140 0
138 140 0
144 140 0
145 140 0
146 140 0
147 140 0
148 140 0
157 140 0
158 140 0
159 140 0
160 140 0
169 140 0
170 140 0
171 140 0
172 140 0
173 140 0
182 140 0
183 140 0
184 140 0
83 141 0
84 141 0
95 141 0
97 141 0
105 141 0
106 141 0
107 141 0
108 141 0
109 141 0
110 141 0
111 141 0
121 141 0
132 141 0
133 141 0
145 141 0
146 141 0
147 141 0
156 141 0
157 141 0
158 141 0
159 141 0
160 141 0
170 141 0
171 141 0
172 141 0
181 141 0
182 141 0
183 141 0
7 142 0
70 142 0
82 142 0
95 142 0
97 142 0
104 142 0
105 142 0
106 142 0
107 142 0
108 142 0
109 142 0
119 142 0
120 142 0
121 142 0
131 142 0
132 142 0
133 142 0
145 142 0
146 142 0
147 142 0
158 142 0
159 142 0
160 142 0
169 142 0
170 142 0
171 142 0
176 142 0
179 142 0
180 142 0
181 142 0
182 142 0
70 143 0
71 143 0
81 143 0
82 143 0
83 143 0
84 143 0
97 143 0
104 143 0
105 143 0
107 143 0
108 143 0
109 143 0
119 143 0
120 143 0
131 143 0
132 143 0
133 143 0
144 143 0
146 143 0
156 143 0
159 143 0
164 143 0
166 143 0
168 143 0
169 143 0
170 143 0
172 143 0
173 143 0
82 144 0
83 144 0
94 144 0
95 144 0
96 144 0
97 144 0
107 144 0
108 144 0
109 144 0
119 144 0
120 144 0
131 144 0
133 144 0
145 144 0
146 144 0
148 144 0
150 144 0
152 144 0
153 144 0
156 144 0
158 144 0
161 144 0
89 145 0
92 145 0
93 145 0
94 145 0
95 145 0
97 145 0
101 145 0
105 145 0
106 145 0
107 145 0
111 145 0
112 145 0
114 145 0
117 145 0
119 145 0
122 145 0
123 145 0
126 145 0
127 145 0
128 145 0
129 145 0
130 145 0
131 145 0
132 145 0
137 145 0
182 148 0
184 148 0
24 149 0
25 149 0
34 149 0
170 149 0
171 149 0
173 149 0
176 149 0
24 150 0
25 150 0
26 150 0
34 150 0
159 150 0
162 150 0
164 150 0
165 150 0
166 150 0
169 150 0
170 150 0
179 150 0
180 150 0
181 150 0
184 150 0
16 151 0
17 151 0
146 151 0
147 151 0
149 151 0
150 151 0
157 151 0
158 151 0
167 151 0
168 151 0
170 151 0
179 151 0
180 151 0
181 151 0
182 151 0
7 152 0
20 152 0
59 152 0
132 152 0
133 152 0
155 152 0
157 152 0
158 152 0
159 152 0
160 152 0
168 152 0
169 152 0
170 152 0
180 152 0
181 152 0
8 153 0
71 153 0
83 153 0
84 153 0
96 153 0
106 153 0
108 153 0
119 153 0
132 153 0
145 153 0
146 153 0
157 153 0
158 153 0
170 153 0
180 153 0
181 153 0
6 154 0
7 154 0
8 154 0
83 154 0
84 154 0
96 154 0
104 154 0
105 154 0
108 154 0
109 154 0
119 154 0
120 154 0
143 154 0
145 154 0
156 154 0
157 154 0
169 154 0
180 154 0
181 154 0
16 155 0
17 155 0
32 155 0
35 155 0
36 155 0
69 155 0
70 155 0
71 155 0
83 155 0
108 155 0
130 155 0
131 155 0
132 155 0
145 155 0
157 155 0
167 155 0
169 155 0
13 156 0
17 156 0
18 156 0
34 156 0
35 156 0
36 156 0
47 156 0
69 156 0
70 156 0
71 156 0
72 156 0
83 156 0
93 156 0
94 156 0
95 156 0
96 156 0
107 156 0
108 156 0
119 156 0
131 156 0
155 156 0
169 156 0
46 157 0
47 157 0
48 157 0
58 157 0
71 157 0
80 157 0
81 157 0
82 157 0
83 157 0
84 157 0
93 157 0
96 157 0
97 157 0
106 157 0
119 157 0
129 157 0
131 157 0
143 157 0
144 157 0
145 157 0
157 157 0
166 157 0
167 157 0
169 157 0
180 157 0
47 158 0
58 158 0
59 158 0
60 158 0
71 158 0
81 158 0
83 158 0
84 158 0
90 158 0
95 158 0
96 158 0
108 158 0
118 158 0
119 158 0
131 158 0
155 158 0
157 158 0
169 158 0
180 158 0
60 159 0
82 159 0
83 159 0
96 159 0
131 159 0
144 159 0
155 159 0
156 159 0
169 159 0
1 160 0
2 160 0
26 160 0
96 160 0
106 160 0
107 160 0
108 160 0
119 160 0
144 160 0
155 160 0
156 160 0
166 160 0
168 160 0
182 160 0
25 161 0
26 161 0
27 161 0
82 161 0
83 161 0
84 161 0
108 161 0
118 161 0
119 161 0
129 161 0
131 161 0
142 161 0
144 161 0
156 161 0
166 161 0
168 161 0
176 161 0
177 161 0
179 161 0
180 161 0
27 162 0
92 162 0
96 162 0
106 162 0
107 162 0
108 162 0
116 162 0
117 162 0
118 162 0
119 162 0
120 162 0
129 162 0
130 162 0
131 162 0
142 162 0
143 162 0
154 162 0
155 162 0
156 162 0
159 162 0
164 162 0
165 162 0
166 162 0
167 162 0
168 162 0
178 162 0
179 162 0
8 163 0
10 163 0
114 163 0
115 163 0
116 163 0
118 163 0
119 163 0
129 163 0
130 163 0
131 163 0
141 163 0
142 163 0
143 163 0
144 163 0
154 163 0
155 163 0
156 163 0
166 163 0
167 163 0
168 163 0
177 163 0
6 164 0
9 164 0
10 164 0
84 164 0
95 164 0
96 164 0
104 164 0
105 164 0
106 164 0
107 164 0
108 164 0
117 164 0
118 164 0
129 164 0
130 164 0
131 164 0
142 164 0
143 164 0
144 164 0
155 164 0
156 164 0
165 164 0
167 164 0
178 164 0
34 165 0
35 165 0
37 165 0
84 165 0
103 165 0
107 165 0
108 165 0
117 165 0
118 165 0
130 165 0
141 165 0
143 165 0
166 165 0
36 166 0
37 166 0
38 166 0
82 166 0
84 166 0
108 166 0
117 166 0
118 166 0
130 166 0
141 166 0
143 166 0
153 166 0
154 166 0
155 166 0
166 166 0
176 166 0
178 166 0
19 167 0
20 167 0
37 167 0
69 167 0
70 167 0
71 167 0
72 167 0
73 167 0
82 167 0
84 167 0
95 167 0
96 167 0
106 167 0
107 167 0
108 167 0
141 167 0
143 167 0
153 167 0
155 167 0
165 167 0
166 167 0
40 168 0
46 168 0
47 168 0
59 168 0
72 168 0
73 168 0
82 168 0
83 168 0
84 168 0
93 168 0
94 168 0
95 168 0
96 168 0
97 168 0
118 168 0
119 168 0
129 168 0
130 168 0
141 168 0
143 168 0
155 168 0
3 169 0
4 169 0
48 169 0
49 169 0
61 169 0
62 169 0
71 169 0
72 169 0
82 169 0
83 169 0
84 169 0
96 169 0
97 169 0
177 169 0
183 169 0
184 169 0
2 170 0
3 170 0
4 170 0
27 170 0
61 170 0
96 170 0
117 170 0
118 170 0
130 170 0
141 170 0
142 170 0
143 170 0
155 170 0
166 170 0
28 171 0
29 171 0
30 171 0
96 171 0
116 171 0
117 171 0
118 171 0
131 171 0
132 171 0
133 171 0
136 171 0
154 171 0
164 171 0
166 171 0
175 171 0
176 171 0
177 171 0
29 172 0
106 172 0
115 172 0
116 172 0
117 172 0
118 172 0
127 172 0
128 172 0
129 172 0
130 172 0
134 172 0
135 172 0
140 172 0
142 172 0
154 172 0
165 172 0
166 172 0
172 172 0
173 172 0
177 172 0
11 173 0
84 173 0
112 173 0
118 173 0
126 173 0
129 173 0
130 173 0
132 173 0
140 173 0
141 173 0
142 173 0
150 173 0
151 173 0
152 173 0
154 173 0
155 173 0
156 173 0
157 173 0
164 173 0
176 173 0
10 174 0
12 174 0
84 174 0
96 174 0
106 174 0
107 174 0
108 174 0
118 174 0
123 174 0
125 174 0
128 174 0
130 174 0
131 174 0
141 174 0
142 174 0
152 174 0
153 174 0
154 174 0
155 174 0
156 174 0
157 174 0
158 174 0
159 174 0
163 174 0
165 174 0
12 175 0
30 175 0
31 175 0
84 175 0
105 175 0
106 175 0
107 175 0
108 175 0
118 175 0
121 175 0
123 175 0
127 175 0
128 175 0
129 175 0
130 175 0
142 175 0
151 175 0
152 175 0
153 175 0
154 175 0
157 175 0
159 175 0
160 175 0
165 175 0
22 176 0
38 176 0
39 176 0
40 176 0
83 176 0
84 176 0
104 176 0
107 176 0
108 176 0
118 176 0
120 176 0
122 176 0
128 176 0
129 176 0
130 176 0
140 176 0
141 176 0
157 176 0
158 176 0
161 176 0
162 176 0
170 176 0
171 176 0
172 176 0
22 177 0
37 177 0
39 177 0
71 177 0
73 177 0
81 177 0
82 177 0
84 177 0
94 177 0
95 177 0
117 177 0
118 177 0
120 177 0
121 177 0
128 177 0
129 177 0
130 177 0
140 177 0
141 177 0
158 177 0
159 177 0
163 177 0
164 177 0
165 177 0
175 177 0
117 43 1
118 43 1
115 44 1
116 44 1
118 44 1
129 44 1
104 45 1
113 45 1
114 45 1
115 45 1
117 45 1
112 46 1
113 46 1
114 46 1
115 46 1
117 46 1
121 46 1
122 46 1
111 47 1
112 47 1
113 47 1
114 47 1
121 47 1
122 47 1
123 47 1
124 47 1
107 48 1
111 48 1
112 48 1
113 48 1
121 48 1
122 48 1
123 48 1
124 48 1
127 48 1
132 48 1
110 49 1
111 49 1
112 49 1
113 49 1
116 49 1
121 49 1
122 49 1
123 49 1
132 49 1
133 49 1
109 50 1
110 50 1
111 50 1
112 50 1
121 50 1
122 50 1
123 50 1
132 50 1
133 50 1
109 51 1
110 51 1
111 51 1
112 51 1
122 51 1
123 51 1
124 51 1
132 51 1
133 51 1
134 51 1
136 51 1
137 51 1
105 52 1
108 52 1
109 52 1
110 52 1
111 52 1
112 52 1
113 52 1
122 52 1
123 52 1
124 52 1
125 52 1
131 52 1
132 52 1
134 52 1
135 52 1
108 53 1
109 53 1
110 53 1
111 53 1
112 53 1
124 53 1
125 53 1
126 53 1
131 53 1
132 53 1
133 53 1
134 53 1
136 53 1
142 53 1
109 54 1
110 54 1
111 54 1
112 54 1
118 54 1
122 54 1
123 54 1
133 54 1
134 54 1
135 54 1
109 55 1
110 55 1
111 55 1
112 55 1
113 55 1
124 55 1
125 55 1
128 55 1
129 55 1
132 55 1
133 55 1
134 55 1
135 55 1
139 55 1
144 55 1
107 56 1
108 56 1
109 56 1
110 56 1
111 56 1
112 56 1
119 56 1
120 56 1
126 56 1
130 56 1
133 56 1
134 56 1
135 56 1
136 56 1
106 57 1
108 57 1
109 57 1
110 57 1
111 57 1
112 57 1
113 57 1
120 57 1
137 57 1
103 58 1
109 58 1
110 58 1
111 58 1
112 58 1
121 58 1
133 58 1
134 58 1
135 58 1
136 58 1
100 59 1
104 59 1
107 59 1
108 59 1
109 59 1
110 59 1
111 59 1
112 59 1
113 59 1
132 59 1
133 59 1
134 59 1
109 60 1
110 60 1
111 60 1
112 60 1
113 60 1
114 60 1
130 60 1
131 60 1
132 60 1
133 60 1
134 60 1
135 60 1
110 61 1
111 61 1
112 61 1
113 61 1
114 61 1
130 61 1
131 61 1
132 61 1
133 61 1
134 61 1
135 61 1
111 62 1
112 62 1
113 62 1
114 62 1
130 62 1
131 62 1
132 62 1
133 62 1
134 62 1
135 62 1
112 63 1
113 63 1
114 63 1
115 63 1
118 63 1
129 63 1
130 63 1
131 63 1
132 63 1
133 63 1
112 64 1
113 64 1
114 64 1
115 64 1
118 64 1
128 64 1
129 64 1
130 64 1
131 64 1
132 64 1
113 65 1
114 65 1
115 65 1
116 65 1
117 65 1
118 65 1
119 65 1
120 65 1
126 65 1
127 65 1
128 65 1
129 65 1
130 65 1
131 65 1
115 66 1
116 66 1
117 66 1
118 66 1
119 66 1
120 66 1
125 66 1
126 66 1
127 66 1
129 66 1
130 66 1
131 66 1
132 66 1
118 67 1
119 67 1
120 67 1
122 67 1
123 67 1
124 67 1
125 67 1
126 67 1
127 67 1
