69 1 0
70 1 0
71 1 0
83 1 0
84 1 0
85 1 0
97 1 0
99 1 0
112 1 0
113 1 0
126 1 0
127 1 0
128 1 0
139 1 0
140 1 0
141 1 0
142 1 0
154 1 0
155 1 0
167 1 0
168 1 0
169 1 0
172 1 0
173 1 0
175 1 0
180 1 0
181 1 0
21 2 0
42 2 0
44 2 0
70 2 0
83 2 0
84 2 0
85 2 0
98 2 0
99 2 0
112 2 0
113 2 0
125 2 0
127 2 0
128 2 0
140 2 0
141 2 0
154 2 0
155 2 0
167 2 0
168 2 0
169 2 0
174 2 0
175 2 0
178 2 0
179 2 0
180 2 0
181 2 0
2 3 0
69 3 0
70 3 0
82 3 0
84 3 0
85 3 0
97 3 0
99 3 0
111 3 0
112 3 0
113 3 0
126 3 0
127 3 0
139 3 0
140 3 0
141 3 0
153 3 0
154 3 0
155 3 0
167 3 0
168 3 0
179 3 0
180 3 0
181 3 0
1 4 0
5 4 0
9 4 0
10 4 0
55 4 0
56 4 0
57 4 0
97 4 0
98 4 0
99 4 0
111 4 0
112 4 0
113 4 0
126 4 0
127 4 0
140 4 0
141 4 0
154 4 0
155 4 0
167 4 0
168 4 0
181 4 0
8 5 0
9 5 0
10 5 0
20 5 0
70 5 0
84 5 0
98 5 0
99 5 0
112 5 0
113 5 0
125 5 0
126 5 0
127 5 0
139 5 0
141 5 0
153 5 0
154 5 0
155 5 0
168 5 0
180 5 0
181 5 0
9 6 0
10 6 0
17 6 0
19 6 0
22 6 0
31 6 0
69 6 0
70 6 0
82 6 0
83 6 0
84 6 0
97 6 0
98 6 0
111 6 0
112 6 0
113 6 0
125 6 0
126 6 0
127 6 0
140 6 0
141 6 0
153 6 0
154 6 0
155 6 0
167 6 0
168 6 0
179 6 0
180 6 0
181 6 0
20 7 0
21 7 0
31 7 0
82 7 0
83 7 0
84 7 0
96 7 0
97 7 0
98 7 0
110 7 0
111 7 0
112 7 0
113 7 0
127 7 0
139 7 0
140 7 0
141 7 0
153 7 0
154 7 0
166 7 0
167 7 0
168 7 0
179 7 0
180 7 0
181 7 0
19 8 0
20 8 0
25 8 0
30 8 0
31 8 0
68 8 0
69 8 0
70 8 0
82 8 0
83 8 0
84 8 0
97 8 0
98 8 0
111 8 0
112 8 0
113 8 0
125 8 0
126 8 0
127 8 0
139 8 0
140 8 0
141 8 0
153 8 0
154 8 0
155 8 0
166 8 0
167 8 0
168 8 0
179 8 0
180 8 0
181 8 0
20 9 0
25 9 0
29 9 0
30 9 0
31 9 0
56 9 0
69 9 0
70 9 0
82 9 0
83 9 0
84 9 0
96 9 0
97 9 0
98 9 0
110 9 0
111 9 0
112 9 0
113 9 0
114 9 0
121 9 0
122 9 0
123 9 0
127 9 0
132 9 0
139 9 0
140 9 0
141 9 0
152 9 0
153 9 0
154 9 0
155 9 0
166 9 0
167 9 0
168 9 0
179 9 0
180 9 0
181 9 0
28 10 0
29 10 0
30 10 0
31 10 0
35 10 0
44 10 0
69 10 0
82 10 0
83 10 0
84 10 0
97 10 0
98 10 0
108 10 0
109 10 0
110 10 0
112 10 0
113 10 0
114 10 0
115 10 0
121 10 0
122 10 0
125 10 0
126 10 0
127 10 0
133 10 0
137 10 0
138 10 0
140 10 0
141 10 0
153 10 0
154 10 0
167 10 0
168 10 0
169 10 0
179 10 0
180 10 0
181 10 0
8 11 0
9 11 0
17 11 0
41 11 0
43 11 0
44 11 0
82 11 0
83 11 0
84 11 0
85 11 0
96 11 0
100 11 0
107 11 0
108 11 0
111 11 0
112 11 0
113 11 0
124 11 0
125 11 0
126 11 0
139 11 0
140 11 0
141 11 0
147 11 0
152 11 0
153 11 0
156 11 0
157 11 0
167 11 0
168 11 0
179 11 0
180 11 0
181 11 0
5 12 0
9 12 0
19 12 0
29 12 0
30 12 0
41 12 0
42 12 0
43 12 0
49 12 0
52 12 0
53 12 0
54 12 0
55 12 0
58 12 0
68 12 0
69 12 0
73 12 0
77 12 0
78 12 0
80 12 0
81 12 0
83 12 0
84 12 0
85 12 0
90 12 0
94 12 0
95 12 0
96 12 0
97 12 0
98 12 0
99 12 0
110 12 0
111 12 0
112 12 0
124 12 0
125 12 0
126 12 0
139 12 0
140 12 0
147 12 0
148 12 0
151 12 0
153 12 0
154 12 0
155 12 0
158 12 0
159 12 0
161 12 0
166 12 0
167 12 0
168 12 0
179 12 0
180 12 0
181 12 0
29 13 0
42 13 0
54 13 0
55 13 0
67 13 0
68 13 0
70 13 0
71 13 0
72 13 0
73 13 0
77 13 0
78 13 0
82 13 0
83 13 0
84 13 0
96 13 0
97 13 0
98 13 0
110 13 0
111 13 0
112 13 0
124 13 0
125 13 0
126 13 0
138 13 0
139 13 0
140 13 0
152 13 0
153 13 0
154 13 0
161 13 0
162 13 0
165 13 0
166 13 0
167 13 0
168 13 0
171 13 0
172 13 0
178 13 0
179 13 0
180 13 0
17 14 0
19 14 0
42 14 0
54 14 0
55 14 0
65 14 0
66 14 0
67 14 0
69 14 0
70 14 0
81 14 0
82 14 0
83 14 0
95 14 0
96 14 0
97 14 0
110 14 0
111 14 0
112 14 0
124 14 0
125 14 0
126 14 0
138 14 0
139 14 0
140 14 0
152 14 0
153 14 0
154 14 0
166 14 0
167 14 0
168 14 0
172 14 0
173 14 0
175 14 0
179 14 0
180 14 0
16 15 0
19 15 0
30 15 0
55 15 0
69 15 0
81 15 0
82 15 0
83 15 0
95 15 0
96 15 0
97 15 0
110 15 0
111 15 0
112 15 0
126 15 0
138 15 0
139 15 0
140 15 0
152 15 0
153 15 0
154 15 0
166 15 0
167 15 0
168 15 0
176 15 0
178 15 0
179 15 0
180 15 0
28 16 0
29 16 0
55 16 0
67 16 0
68 16 0
69 16 0
81 16 0
82 16 0
83 16 0
95 16 0
96 16 0
97 16 0
110 16 0
111 16 0
112 16 0
122 16 0
124 16 0
125 16 0
126 16 0
138 16 0
139 16 0
140 16 0
152 16 0
153 16 0
154 16 0
166 16 0
167 16 0
168 16 0
177 16 0
178 16 0
179 16 0
181 16 0
182 16 0
183 16 0
8 17 0
54 17 0
55 17 0
66 17 0
68 17 0
81 17 0
82 17 0
95 17 0
96 17 0
97 17 0
109 17 0
111 17 0
123 17 0
124 17 0
125 17 0
126 17 0
138 17 0
139 17 0
140 17 0
152 17 0
153 17 0
154 17 0
166 17 0
167 17 0
168 17 0
179 17 0
180 17 0
181 17 0
183 17 0
186 17 0
18 18 0
29 18 0
41 18 0
54 18 0
68 18 0
81 18 0
82 18 0
95 18 0
96 18 0
97 18 0
109 18 0
110 18 0
111 18 0
123 18 0
124 18 0
125 18 0
126 18 0
139 18 0
140 18 0
152 18 0
153 18 0
154 18 0
165 18 0
166 18 0
167 18 0
179 18 0
180 18 0
5 19 0
6 19 0
7 19 0
8 19 0
9 19 0
29 19 0
68 19 0
80 19 0
81 19 0
82 19 0
94 19 0
95 19 0
96 19 0
97 19 0
109 19 0
110 19 0
111 19 0
123 19 0
124 19 0
125 19 0
137 19 0
138 19 0
139 19 0
140 19 0
151 19 0
152 19 0
153 19 0
165 19 0
166 19 0
167 19 0
179 19 0
180 19 0
7 20 0
8 20 0
18 20 0
68 20 0
80 20 0
82 20 0
95 20 0
96 20 0
97 20 0
109 20 0
110 20 0
111 20 0
123 20 0
124 20 0
125 20 0
138 20 0
139 20 0
140 20 0
152 20 0
153 20 0
165 20 0
166 20 0
167 20 0
179 20 0
180 20 0
7 21 0
15 21 0
16 21 0
17 21 0
18 21 0
20 21 0
54 21 0
66 21 0
67 21 0
68 21 0
80 21 0
81 21 0
82 21 0
94 21 0
95 21 0
96 21 0
97 21 0
109 21 0
110 21 0
111 21 0
123 21 0
125 21 0
138 21 0
139 21 0
140 21 0
151 21 0
152 21 0
153 21 0
165 21 0
166 21 0
167 21 0
178 21 0
179 21 0
180 21 0
7 22 0
17 22 0
18 22 0
19 22 0
52 22 0
54 22 0
80 22 0
82 22 0
95 22 0
96 22 0
97 22 0
109 22 0
110 22 0
111 22 0
123 22 0
124 22 0
125 22 0
138 22 0
139 22 0
140 22 0
151 22 0
152 22 0
153 22 0
165 22 0
166 22 0
167 22 0
178 22 0
179 22 0
180 22 0
7 23 0
27 23 0
41 23 0
54 23 0
65 23 0
67 23 0
68 23 0
82 23 0
94 23 0
95 23 0
96 23 0
109 23 0
110 23 0
111 23 0
121 23 0
122 23 0
123 23 0
124 23 0
125 23 0
138 23 0
139 23 0
140 23 0
152 23 0
153 23 0
165 23 0
166 23 0
167 23 0
178 23 0
179 23 0
180 23 0
26 24 0
27 24 0
29 24 0
30 24 0
39 24 0
40 24 0
41 24 0
52 24 0
54 24 0
65 24 0
67 24 0
68 24 0
80 24 0
81 24 0
82 24 0
95 24 0
96 24 0
109 24 0
112 24 0
113 24 0
114 24 0
121 24 0
122 24 0
124 24 0
125 24 0
129 24 0
137 24 0
138 24 0
142 24 0
151 24 0
152 24 0
153 24 0
165 24 0
166 24 0
167 24 0
178 24 0
179 24 0
180 24 0
28 25 0
29 25 0
40 25 0
52 25 0
54 25 0
65 25 0
67 25 0
79 25 0
80 25 0
81 25 0
82 25 0
94 25 0
95 25 0
96 25 0
107 25 0
108 25 0
109 25 0
110 25 0
111 25 0
112 25 0
123 25 0
124 25 0
125 25 0
139 25 0
140 25 0
142 25 0
143 25 0
144 25 0
145 25 0
149 25 0
150 25 0
151 25 0
152 25 0
153 25 0
165 25 0
166 25 0
167 25 0
178 25 0
179 25 0
180 25 0
14 26 0
17 26 0
28 26 0
38 26 0
39 26 0
40 26 0
52 26 0
67 26 0
79 26 0
80 26 0
81 26 0
82 26 0
94 26 0
95 26 0
96 26 0
99 26 0
101 26 0
104 26 0
106 26 0
107 26 0
110 26 0
111 26 0
123 26 0
124 26 0
125 26 0
138 26 0
139 26 0
140 26 0
145 26 0
146 26 0
151 26 0
152 26 0
153 26 0
155 26 0
156 26 0
165 26 0
166 26 0
167 26 0
178 26 0
179 26 0
180 26 0
4 27 0
6 27 0
7 27 0
17 27 0
26 27 0
40 27 0
41 27 0
45 27 0
51 27 0
52 27 0
54 27 0
55 27 0
56 27 0
66 27 0
67 27 0
78 27 0
79 27 0
80 27 0
81 27 0
82 27 0
83 27 0
89 27 0
93 27 0
94 27 0
95 27 0
96 27 0
97 27 0
98 27 0
99 27 0
100 27 0
108 27 0
109 27 0
110 27 0
122 27 0
123 27 0
124 27 0
137 27 0
138 27 0
139 27 0
151 27 0
152 27 0
153 27 0
156 27 0
161 27 0
164 27 0
165 27 0
166 27 0
169 27 0
178 27 0
179 27 0
180 27 0
6 28 0
15 28 0
16 28 0
17 28 0
44 28 0
49 28 0
50 28 0
52 28 0
53 28 0
54 28 0
59 28 0
65 28 0
66 28 0
67 28 0
74 28 0
75 28 0
77 28 0
78 28 0
81 28 0
82 28 0
94 28 0
95 28 0
96 28 0
97 28 0
108 28 0
109 28 0
110 28 0
123 28 0
124 28 0
125 28 0
137 28 0
138 28 0
139 28 0
150 28 0
151 28 0
152 28 0
160 28 0
161 28 0
164 28 0
165 28 0
166 28 0
167 28 0
172 28 0
178 28 0
179 28 0
180 28 0
17 29 0
38 29 0
39 29 0
40 29 0
52 29 0
53 29 0
61 29 0
64 29 0
65 29 0
66 29 0
67 29 0
70 29 0
71 29 0
72 29 0
74 29 0
75 29 0
76 29 0
79 29 0
80 29 0
81 29 0
94 29 0
95 29 0
96 29 0
108 29 0
109 29 0
110 29 0
123 29 0
124 29 0
137 29 0
138 29 0
150 29 0
151 29 0
152 29 0
165 29 0
166 29 0
167 29 0
172 29 0
173 29 0
174 29 0
176 29 0
177 29 0
178 29 0
179 29 0
180 29 0
13 30 0
14 30 0
16 30 0
28 30 0
39 30 0
50 30 0
51 30 0
52 30 0
53 30 0
65 30 0
66 30 0
67 30 0
79 30 0
80 30 0
81 30 0
94 30 0
95 30 0
96 30 0
108 30 0
109 30 0
110 30 0
122 30 0
123 30 0
124 30 0
137 30 0
138 30 0
139 30 0
150 30 0
151 30 0
152 30 0
164 30 0
165 30 0
166 30 0
174 30 0
178 30 0
179 30 0
182 30 0
183 30 0
2 31 0
12 31 0
13 31 0
14 31 0
15 31 0
16 31 0
17 31 0
52 31 0
53 31 0
65 31 0
66 31 0
67 31 0
78 31 0
79 31 0
80 31 0
81 31 0
94 31 0
95 31 0
108 31 0
109 31 0
110 31 0
122 31 0
123 31 0
124 31 0
136 31 0
137 31 0
138 31 0
150 31 0
152 31 0
164 31 0
165 31 0
166 31 0
178 31 0
179 31 0
180 31 0
183 31 0
185 31 0
2 32 0
4 32 0
6 32 0
11 32 0
12 32 0
13 32 0
14 32 0
15 32 0
16 32 0
17 32 0
27 32 0
66 32 0
78 32 0
79 32 0
80 32 0
81 32 0
93 32 0
94 32 0
95 32 0
108 32 0
109 32 0
122 32 0
123 32 0
124 32 0
136 32 0
137 32 0
138 32 0
150 32 0
151 32 0
152 32 0
164 32 0
165 32 0
166 32 0
178 32 0
179 32 0
4 33 0
6 33 0
7 33 0
11 33 0
12 33 0
13 33 0
14 33 0
15 33 0
16 33 0
17 33 0
27 33 0
65 33 0
66 33 0
67 33 0
78 33 0
80 33 0
93 33 0
94 33 0
95 33 0
107 33 0
108 33 0
109 33 0
122 33 0
123 33 0
124 33 0
137 33 0
138 33 0
150 33 0
151 33 0
152 33 0
164 33 0
165 33 0
166 33 0
178 33 0
179 33 0
5 34 0
6 34 0
10 34 0
11 34 0
12 34 0
14 34 0
15 34 0
16 34 0
27 34 0
52 34 0
66 34 0
78 34 0
80 34 0
93 34 0
94 34 0
95 34 0
107 34 0
109 34 0
122 34 0
123 34 0
124 34 0
136 34 0
137 34 0
138 34 0
150 34 0
151 34 0
152 34 0
164 34 0
165 34 0
166 34 0
178 34 0
179 34 0
6 35 0
15 35 0
37 35 0
39 35 0
64 35 0
66 35 0
80 35 0
93 35 0
94 35 0
95 35 0
107 35 0
108 35 0
109 35 0
122 35 0
123 35 0
124 35 0
136 35 0
137 35 0
138 35 0
150 35 0
151 35 0
152 35 0
164 35 0
165 35 0
166 35 0
177 35 0
178 35 0
179 35 0
2 36 0
3 36 0
5 36 0
11 36 0
16 36 0
17 36 0
37 36 0
78 36 0
79 36 0
80 36 0
93 36 0
94 36 0
95 36 0
107 36 0
109 36 0
122 36 0
123 36 0
124 36 0
136 36 0
137 36 0
138 36 0
150 36 0
151 36 0
152 36 0
164 36 0
165 36 0
166 36 0
177 36 0
178 36 0
179 36 0
2 37 0
5 37 0
6 37 0
14 37 0
15 37 0
16 37 0
39 37 0
51 37 0
63 37 0
64 37 0
66 37 0
78 37 0
79 37 0
80 37 0
93 37 0
94 37 0
95 37 0
107 37 0
108 37 0
109 37 0
121 37 0
122 37 0
123 37 0
124 37 0
136 37 0
137 37 0
138 37 0
149 37 0
150 37 0
151 37 0
152 37 0
164 37 0
165 37 0
177 37 0
178 37 0
179 37 0
2 38 0
5 38 0
6 38 0
27 38 0
37 38 0
39 38 0
64 38 0
65 38 0
66 38 0
78 38 0
79 38 0
80 38 0
91 38 0
92 38 0
94 38 0
95 38 0
107 38 0
108 38 0
109 38 0
122 38 0
123 38 0
124 38 0
135 38 0
136 38 0
137 38 0
138 38 0
150 38 0
151 38 0
152 38 0
164 38 0
165 38 0
166 38 0
177 38 0
178 38 0
179 38 0
2 39 0
15 39 0
23 39 0
24 39 0
26 39 0
27 39 0
38 39 0
39 39 0
64 39 0
78 39 0
80 39 0
94 39 0
107 39 0
108 39 0
109 39 0
120 39 0
121 39 0
122 39 0
123 39 0
124 39 0
130 39 0
135 39 0
136 39 0
137 39 0
150 39 0
151 39 0
152 39 0
164 39 0
165 39 0
166 39 0
177 39 0
178 39 0
179 39 0
2 40 0
3 40 0
5 40 0
25 40 0
26 40 0
27 40 0
28 40 0
29 40 0
38 40 0
52 40 0
64 40 0
66 40 0
78 40 0
80 40 0
93 40 0
94 40 0
107 40 0
108 40 0
109 40 0
113 40 0
114 40 0
115 40 0
116 40 0
117 40 0
122 40 0
123 40 0
124 40 0
130 40 0
134 40 0
135 40 0
136 40 0
137 40 0
138 40 0
140 40 0
148 40 0
149 40 0
150 40 0
151 40 0
155 40 0
164 40 0
165 40 0
177 40 0
178 40 0
179 40 0
2 41 0
5 41 0
25 41 0
26 41 0
27 41 0
29 41 0
37 41 0
40 41 0
52 41 0
64 41 0
66 41 0
78 41 0
79 41 0
80 41 0
92 41 0
93 41 0
94 41 0
104 41 0
105 41 0
106 41 0
107 41 0
108 41 0
109 41 0
110 41 0
111 41 0
112 41 0
113 41 0
114 41 0
121 41 0
122 41 0
123 41 0
135 41 0
136 41 0
137 41 0
140 41 0
142 41 0
143 41 0
147 41 0
148 41 0
149 41 0
150 41 0
151 41 0
152 41 0
155 41 0
156 41 0
158 41 0
163 41 0
164 41 0
165 41 0
177 41 0
178 41 0
179 41 0
13 42 0
14 42 0
15 42 0
35 42 0
36 42 0
37 42 0
38 42 0
39 42 0
40 42 0
44 42 0
45 42 0
49 42 0
50 42 0
51 42 0
52 42 0
64 42 0
65 42 0
66 42 0
77 42 0
78 42 0
79 42 0
80 42 0
92 42 0
93 42 0
94 42 0
95 42 0
97 42 0
99 42 0
101 42 0
102 42 0
104 42 0
105 42 0
107 42 0
108 42 0
109 42 0
121 42 0
122 42 0
123 42 0
135 42 0
136 42 0
137 42 0
146 42 0
147 42 0
148 42 0
149 42 0
150 42 0
151 42 0
152 42 0
158 42 0
159 42 0
160 42 0
162 42 0
165 42 0
168 42 0
169 42 0
177 42 0
178 42 0
2 43 0
15 43 0
24 43 0
25 43 0
26 43 0
32 43 0
35 43 0
38 43 0
39 43 0
51 43 0
52 43 0
56 43 0
76 43 0
77 43 0
79 43 0
80 43 0
91 43 0
92 43 0
93 43 0
94 43 0
95 43 0
96 43 0
98 43 0
107 43 0
108 43 0
109 43 0
111 43 0
120 43 0
122 43 0
123 43 0
135 43 0
136 43 0
137 43 0
149 43 0
150 43 0
151 43 0
164 43 0
165 43 0
169 43 0
170 43 0
172 43 0
177 43 0
178 43 0
15 44 0
24 44 0
26 44 0
37 44 0
38 44 0
50 44 0
51 44 0
52 44 0
57 44 0
64 44 0
65 44 0
66 44 0
67 44 0
74 44 0
75 44 0
76 44 0
77 44 0
78 44 0
79 44 0
94 44 0
95 44 0
105 44 0
107 44 0
108 44 0
121 44 0
122 44 0
135 44 0
136 44 0
137 44 0
149 44 0
150 44 0
151 44 0
163 44 0
164 44 0
165 44 0
172 44 0
173 44 0
176 44 0
178 44 0
179 44 0
182 44 0
183 44 0
2 45 0
5 45 0
51 45 0
52 45 0
66 45 0
67 45 0
73 45 0
74 45 0
75 45 0
79 45 0
92 45 0
93 45 0
94 45 0
98 45 0
99 45 0
106 45 0
120 45 0
122 45 0
135 45 0
136 45 0
137 45 0
149 45 0
150 45 0
151 45 0
164 45 0
165 45 0
175 45 0
176 45 0
177 45 0
178 45 0
179 45 0
183 45 0
184 45 0
185 45 0
2 46 0
4 46 0
5 46 0
15 46 0
26 46 0
50 46 0
51 46 0
52 46 0
64 46 0
65 46 0
66 46 0
106 46 0
108 46 0
121 46 0
122 46 0
135 46 0
136 46 0
137 46 0
148 46 0
149 46 0
150 46 0
163 46 0
164 46 0
176 46 0
177 46 0
178 46 0
3 47 0
4 47 0
9 47 0
25 47 0
26 47 0
38 47 0
50 47 0
51 47 0
64 47 0
65 47 0
66 47 0
106 47 0
107 47 0
108 47 0
120 47 0
122 47 0
134 47 0
135 47 0
136 47 0
137 47 0
148 47 0
149 47 0
150 47 0
163 47 0
164 47 0
176 47 0
177 47 0
178 47 0
5 48 0
11 48 0
13 48 0
38 48 0
51 48 0
63 48 0
65 48 0
106 48 0
107 48 0
108 48 0
122 48 0
134 48 0
135 48 0
136 48 0
148 48 0
149 48 0
150 48 0
162 48 0
163 48 0
164 48 0
176 48 0
177 48 0
178 48 0
5 49 0
9 49 0
43 49 0
51 49 0
63 49 0
65 49 0
122 49 0
134 49 0
135 49 0
136 49 0
148 49 0
149 49 0
150 49 0
162 49 0
163 49 0
164 49 0
176 49 0
177 49 0
4 50 0
47 50 0
65 50 0
122 50 0
134 50 0
135 50 0
136 50 0
148 50 0
149 50 0
150 50 0
162 50 0
163 50 0
164 50 0
175 50 0
176 50 0
177 50 0
14 51 0
15 51 0
63 51 0
120 51 0
135 51 0
136 51 0
148 51 0
149 51 0
150 51 0
162 51 0
163 51 0
164 51 0
176 51 0
177 51 0
120 52 0
136 52 0
148 52 0
149 52 0
150 52 0
162 52 0
163 52 0
164 52 0
176 52 0
177 52 0
4 53 0
5 53 0
20 53 0
21 53 0
24 53 0
37 53 0
38 53 0
51 53 0
120 53 0
121 53 0
122 53 0
134 53 0
135 53 0
136 53 0
146 53 0
147 53 0
149 53 0
150 53 0
162 53 0
163 53 0
164 53 0
176 53 0
177 53 0
178 53 0
21 54 0
26 54 0
37 54 0
51 54 0
65 54 0
118 54 0
119 54 0
120 54 0
121 54 0
123 54 0
134 54 0
135 54 0
136 54 0
146 54 0
147 54 0
149 54 0
150 54 0
151 54 0
152 54 0
153 54 0
162 54 0
163 54 0
164 54 0
175 54 0
177 54 0
180 54 0
25 55 0
26 55 0
116 55 0
119 55 0
121 55 0
122 55 0
128 55 0
129 55 0
132 55 0
133 55 0
134 55 0
135 55 0
136 55 0
142 55 0
145 55 0
146 55 0
147 55 0
149 55 0
150 55 0
151 55 0
152 55 0
153 55 0
162 55 0
163 55 0
174 55 0
175 55 0
176 55 0
177 55 0
25 56 0
36 56 0
37 56 0
65 56 0
119 56 0
120 56 0
121 56 0
122 56 0
134 56 0
135 56 0
136 56 0
142 56 0
143 56 0
145 56 0
146 56 0
147 56 0
148 56 0
152 56 0
153 56 0
160 56 0
161 56 0
162 56 0
163 56 0
168 56 0
174 56 0
175 56 0
177 56 0
25 57 0
33 57 0
34 57 0
35 57 0
37 57 0
38 57 0
62 57 0
65 57 0
121 57 0
134 57 0
135 57 0
136 57 0
148 57 0
149 57 0
151 57 0
157 57 0
162 57 0
163 57 0
164 57 0
169 57 0
170 57 0
171 57 0
174 57 0
175 57 0
176 57 0
177 57 0
11 58 0
14 58 0
23 58 0
25 58 0
37 58 0
38 58 0
48 58 0
147 58 0
148 58 0
149 58 0
162 58 0
163 58 0
164 58 0
171 58 0
172 58 0
174 58 0
175 58 0
176 58 0
177 58 0
180 58 0
25 59 0
37 59 0
49 59 0
50 59 0
51 59 0
63 59 0
64 59 0
119 59 0
121 59 0
134 59 0
135 59 0
148 59 0
149 59 0
163 59 0
174 59 0
175 59 0
176 59 0
177 59 0
178 59 0
182 59 0
25 60 0
37 60 0
49 60 0
50 60 0
51 60 0
57 60 0
62 60 0
63 60 0
64 60 0
65 60 0
118 60 0
119 60 0
120 60 0
121 60 0
162 60 0
163 60 0
174 60 0
175 60 0
176 60 0
177 60 0
3 61 0
4 61 0
49 61 0
50 61 0
51 61 0
62 61 0
63 61 0
64 61 0
65 61 0
119 61 0
120 61 0
121 61 0
163 61 0
174 61 0
175 61 0
176 61 0
2 62 0
3 62 0
4 62 0
14 62 0
23 62 0
25 62 0
37 62 0
62 62 0
64 62 0
120 62 0
176 62 0
2 63 0
3 63 0
4 63 0
37 63 0
62 63 0
63 63 0
64 63 0
119 63 0
120 63 0
133 63 0
134 63 0
135 63 0
147 63 0
148 63 0
149 63 0
176 63 0
4 64 0
6 64 0
25 64 0
62 64 0
64 64 0
118 64 0
120 64 0
133 64 0
134 64 0
147 64 0
148 64 0
149 64 0
162 64 0
175 64 0
176 64 0
12 65 0
13 65 0
15 65 0
25 65 0
37 65 0
64 65 0
118 65 0
134 65 0
146 65 0
147 65 0
148 65 0
149 65 0
160 65 0
161 65 0
162 65 0
174 65 0
175 65 0
176 65 0
12 66 0
14 66 0
25 66 0
34 66 0
50 66 0
63 66 0
64 66 0
118 66 0
120 66 0
132 66 0
134 66 0
146 66 0
147 66 0
148 66 0
149 66 0
160 66 0
161 66 0
162 66 0
174 66 0
175 66 0
176 66 0
13 67 0
14 67 0
48 67 0
50 67 0
63 67 0
64 67 0
118 67 0
120 67 0
132 67 0
133 67 0
134 67 0
146 67 0
147 67 0
148 67 0
160 67 0
162 67 0
174 67 0
175 67 0
176 67 0
4 68 0
13 68 0
14 68 0
23 68 0
24 68 0
25 68 0
50 68 0
63 68 0
64 68 0
78 68 0
118 68 0
119 68 0
120 68 0
132 68 0
133 68 0
134 68 0
147 68 0
148 68 0
162 68 0
174 68 0
175 68 0
22 69 0
25 69 0
50 69 0
62 69 0
64 69 0
76 69 0
77 69 0
78 69 0
89 69 0
90 69 0
91 69 0
92 69 0
104 69 0
107 69 0
118 69 0
119 69 0
124 69 0
131 69 0
132 69 0
133 69 0
134 69 0
146 69 0
147 69 0
148 69 0
160 69 0
161 69 0
162 69 0
173 69 0
175 69 0
24 70 0
25 70 0
50 70 0
62 70 0
64 70 0
76 70 0
77 70 0
78 70 0
90 70 0
91 70 0
105 70 0
106 70 0
117 70 0
118 70 0
119 70 0
120 70 0
121 70 0
125 70 0
127 70 0
129 70 0
130 70 0
131 70 0
132 70 0
133 70 0
134 70 0
145 70 0
146 70 0
147 70 0
154 70 0
160 70 0
161 70 0
162 70 0
173 70 0
174 70 0
175 70 0
186 70 0
76 71 0
77 71 0
78 71 0
91 71 0
104 71 0
105 71 0
106 71 0
115 71 0
116 71 0
117 71 0
118 71 0
119 71 0
120 71 0
132 71 0
133 71 0
134 71 0
143 71 0
145 71 0
146 71 0
147 71 0
148 71 0
149 71 0
154 71 0
155 71 0
156 71 0
159 71 0
160 71 0
161 71 0
163 71 0
168 71 0
169 71 0
173 71 0
174 71 0
175 71 0
30 72 0
34 72 0
35 72 0
36 72 0
48 72 0
50 72 0
64 72 0
76 72 0
77 72 0
78 72 0
90 72 0
91 72 0
103 72 0
104 72 0
105 72 0
106 72 0
112 72 0
114 72 0
118 72 0
119 72 0
120 72 0
132 72 0
133 72 0
134 72 0
146 72 0
147 72 0
148 72 0
156 72 0
159 72 0
160 72 0
161 72 0
162 72 0
163 72 0
168 72 0
169 72 0
171 72 0
173 72 0
174 72 0
175 72 0
186 72 0
34 73 0
36 73 0
47 73 0
48 73 0
49 73 0
50 73 0
75 73 0
76 73 0
77 73 0
78 73 0
89 73 0
90 73 0
91 73 0
97 73 0
101 73 0
102 73 0
103 73 0
104 73 0
105 73 0
106 73 0
107 73 0
108 73 0
110 73 0
116 73 0
117 73 0
119 73 0
132 73 0
133 73 0
146 73 0
147 73 0
160 73 0
161 73 0
162 73 0
171 73 0
172 73 0
175 73 0
179 73 0
180 73 0
184 73 0
185 73 0
187 73 0
34 74 0
35 74 0
36 74 0
46 74 0
47 74 0
48 74 0
49 74 0
50 74 0
62 74 0
63 74 0
67 74 0
68 74 0
69 74 0
70 74 0
74 74 0
75 74 0
76 74 0
77 74 0
78 74 0
82 74 0
88 74 0
89 74 0
90 74 0
91 74 0
94 74 0
95 74 0
96 74 0
97 74 0
98 74 0
104 74 0
105 74 0
106 74 0
117 74 0
118 74 0
119 74 0
131 74 0
132 74 0
133 74 0
145 74 0
146 74 0
147 74 0
160 74 0
161 74 0
162 74 0
173 74 0
174 74 0
175 74 0
176 74 0
180 74 0
186 74 0
187 74 0
48 75 0
49 75 0
62 75 0
65 75 0
66 75 0
69 75 0
76 75 0
77 75 0
78 75 0
82 75 0
86 75 0
87 75 0
88 75 0
91 75 0
92 75 0
104 75 0
105 75 0
106 75 0
117 75 0
119 75 0
131 75 0
132 75 0
133 75 0
147 75 0
159 75 0
160 75 0
161 75 0
173 75 0
174 75 0
175 75 0
3 76 0
25 76 0
36 76 0
48 76 0
49 76 0
60 76 0
61 76 0
62 76 0
63 76 0
64 76 0
65 76 0
75 76 0
76 76 0
77 76 0
89 76 0
90 76 0
91 76 0
103 76 0
104 76 0
105 76 0
106 76 0
117 76 0
118 76 0
119 76 0
131 76 0
132 76 0
133 76 0
146 76 0
147 76 0
160 76 0
161 76 0
173 76 0
174 76 0
2 77 0
3 77 0
4 77 0
47 77 0
49 77 0
62 77 0
63 77 0
64 77 0
103 77 0
104 77 0
105 77 0
117 77 0
119 77 0
131 77 0
132 77 0
133 77 0
145 77 0
146 77 0
147 77 0
159 77 0
160 77 0
161 77 0
172 77 0
173 77 0
174 77 0
2 78 0
3 78 0
4 78 0
36 78 0
49 78 0
61 78 0
63 78 0
75 78 0
76 78 0
77 78 0
88 78 0
89 78 0
90 78 0
91 78 0
103 78 0
105 78 0
117 78 0
118 78 0
119 78 0
131 78 0
132 78 0
133 78 0
145 78 0
146 78 0
147 78 0
159 78 0
160 78 0
161 78 0
172 78 0
173 78 0
174 78 0
8 79 0
11 79 0
12 79 0
13 79 0
47 79 0
49 79 0
61 79 0
63 79 0
75 79 0
77 79 0
90 79 0
91 79 0
105 79 0
119 79 0
131 79 0
132 79 0
133 79 0
145 79 0
146 79 0
147 79 0
159 79 0
160 79 0
161 79 0
172 79 0
173 79 0
174 79 0
185 79 0
186 79 0
11 80 0
12 80 0
14 80 0
25 80 0
61 80 0
63 80 0
89 80 0
90 80 0
103 80 0
105 80 0
117 80 0
119 80 0
131 80 0
132 80 0
133 80 0
145 80 0
146 80 0
147 80 0
159 80 0
160 80 0
161 80 0
172 80 0
174 80 0
13 81 0
49 81 0
63 81 0
77 81 0
90 81 0
103 81 0
104 81 0
105 81 0
117 81 0
119 81 0
130 81 0
131 81 0
132 81 0
133 81 0
145 81 0
146 81 0
147 81 0
159 81 0
160 81 0
161 81 0
172 81 0
173 81 0
174 81 0
184 81 0
186 81 0
61 82 0
63 82 0
77 82 0
89 82 0
90 82 0
102 82 0
103 82 0
104 82 0
105 82 0
116 82 0
118 82 0
119 82 0
131 82 0
132 82 0
145 82 0
146 82 0
147 82 0
158 82 0
159 82 0
160 82 0
161 82 0
172 82 0
173 82 0
174 82 0
184 82 0
186 82 0
49 83 0
63 83 0
76 83 0
77 83 0
90 83 0
117 83 0
118 83 0
119 83 0
132 83 0
145 83 0
146 83 0
147 83 0
158 83 0
159 83 0
160 83 0
172 83 0
173 83 0
174 83 0
184 83 0
185 83 0
186 83 0
20 84 0
23 84 0
25 84 0
26 84 0
75 84 0
77 84 0
90 84 0
103 84 0
104 84 0
105 84 0
117 84 0
130 84 0
131 84 0
132 84 0
144 84 0
145 84 0
146 84 0
147 84 0
158 84 0
159 84 0
160 84 0
172 84 0
173 84 0
184 84 0
185 84 0
23 85 0
24 85 0
25 85 0
61 85 0
63 85 0
75 85 0
77 85 0
90 85 0
102 85 0
104 85 0
115 85 0
116 85 0
117 85 0
118 85 0
129 85 0
130 85 0
131 85 0
132 85 0
133 85 0
138 85 0
140 85 0
144 85 0
145 85 0
146 85 0
147 85 0
158 85 0
160 85 0
171 85 0
172 85 0
173 85 0
184 85 0
13 86 0
14 86 0
23 86 0
24 86 0
25 86 0
61 86 0
63 86 0
75 86 0
77 86 0
89 86 0
90 86 0
104 86 0
110 86 0
112 86 0
115 86 0
116 86 0
117 86 0
118 86 0
119 86 0
129 86 0
130 86 0
131 86 0
132 86 0
133 86 0
142 86 0
144 86 0
145 86 0
146 86 0
157 86 0
158 86 0
159 86 0
160 86 0
161 86 0
164 86 0
165 86 0
171 86 0
172 86 0
173 86 0
184 86 0
185 86 0
24 87 0
25 87 0
31 87 0
34 87 0
35 87 0
36 87 0
49 87 0
63 87 0
74 87 0
76 87 0
77 87 0
89 87 0
90 87 0
102 87 0
103 87 0
107 87 0
108 87 0
116 87 0
117 87 0
118 87 0
119 87 0
130 87 0
131 87 0
132 87 0
144 87 0
145 87 0
146 87 0
158 87 0
159 87 0
160 87 0
161 87 0
165 87 0
167 87 0
171 87 0
172 87 0
173 87 0
183 87 0
184 87 0
185 87 0
32 88 0
34 88 0
35 88 0
36 88 0
49 88 0
63 88 0
75 88 0
88 88 0
89 88 0
90 88 0
101 88 0
102 88 0
103 88 0
104 88 0
105 88 0
106 88 0
107 88 0
117 88 0
118 88 0
119 88 0
130 88 0
131 88 0
144 88 0
145 88 0
146 88 0
158 88 0
159 88 0
160 88 0
167 88 0
168 88 0
170 88 0
171 88 0
172 88 0
173 88 0
174 88 0
182 88 0
183 88 0
185 88 0
186 88 0
4 89 0
25 89 0
35 89 0
36 89 0
44 89 0
46 89 0
47 89 0
48 89 0
49 89 0
62 89 0
63 89 0
73 89 0
74 89 0
75 89 0
78 89 0
82 89 0
88 89 0
90 89 0
98 89 0
99 89 0
100 89 0
101 89 0
102 89 0
103 89 0
104 89 0
105 89 0
118 89 0
130 89 0
131 89 0
132 89 0
145 89 0
158 89 0
159 89 0
171 89 0
172 89 0
173 89 0
184 89 0
185 89 0
3 90 0
4 90 0
5 90 0
36 90 0
45 90 0
47 90 0
48 90 0
49 90 0
60 90 0
61 90 0
62 90 0
63 90 0
64 90 0
65 90 0
72 90 0
73 90 0
74 90 0
75 90 0
76 90 0
77 90 0
82 90 0
87 90 0
88 90 0
89 90 0
90 90 0
91 90 0
94 90 0
97 90 0
98 90 0
99 90 0
100 90 0
102 90 0
103 90 0
104 90 0
105 90 0
116 90 0
117 90 0
118 90 0
129 90 0
130 90 0
131 90 0
143 90 0
144 90 0
145 90 0
157 90 0
158 90 0
159 90 0
171 90 0
172 90 0
173 90 0
183 90 0
184 90 0
185 90 0
4 91 0
35 91 0
36 91 0
47 91 0
48 91 0
49 91 0
59 91 0
60 91 0
62 91 0
63 91 0
64 91 0
73 91 0
75 91 0
76 91 0
77 91 0
89 91 0
90 91 0
101 91 0
102 91 0
103 91 0
104 91 0
116 91 0
118 91 0
129 91 0
130 91 0
131 91 0
143 91 0
144 91 0
145 91 0
157 91 0
158 91 0
159 91 0
170 91 0
171 91 0
172 91 0
46 92 0
49 92 0
61 92 0
62 92 0
63 92 0
64 92 0
74 92 0
76 92 0
88 92 0
89 92 0
90 92 0
102 92 0
103 92 0
104 92 0
118 92 0
129 92 0
130 92 0
131 92 0
143 92 0
145 92 0
157 92 0
158 92 0
159 92 0
170 92 0
171 92 0
172 92 0
36 93 0
48 93 0
61 93 0
62 93 0
63 93 0
74 93 0
76 93 0
88 93 0
89 93 0
90 93 0
100 93 0
102 93 0
103 93 0
104 93 0
116 93 0
117 93 0
118 93 0
129 93 0
131 93 0
143 93 0
144 93 0
145 93 0
157 93 0
159 93 0
170 93 0
171 93 0
172 93 0
183 93 0
184 93 0
12 94 0
13 94 0
48 94 0
62 94 0
63 94 0
76 94 0
89 94 0
104 94 0
115 94 0
116 94 0
117 94 0
118 94 0
129 94 0
130 94 0
131 94 0
143 94 0
144 94 0
145 94 0
157 94 0
158 94 0
159 94 0
170 94 0
171 94 0
172 94 0
183 94 0
184 94 0
12 95 0
14 95 0
15 95 0
48 95 0
62 95 0
76 95 0
87 95 0
89 95 0
102 95 0
103 95 0
104 95 0
115 95 0
116 95 0
117 95 0
118 95 0
128 95 0
129 95 0
131 95 0
142 95 0
143 95 0
144 95 0
145 95 0
156 95 0
157 95 0
158 95 0
159 95 0
170 95 0
171 95 0
172 95 0
182 95 0
183 95 0
184 95 0
12 96 0
13 96 0
14 96 0
48 96 0
62 96 0
63 96 0
74 96 0
76 96 0
87 96 0
89 96 0
102 96 0
103 96 0
104 96 0
116 96 0
117 96 0
118 96 0
129 96 0
131 96 0
143 96 0
144 96 0
145 96 0
157 96 0
158 96 0
159 96 0
170 96 0
171 96 0
172 96 0
183 96 0
184 96 0
13 97 0
14 97 0
73 97 0
76 97 0
87 97 0
89 97 0
102 97 0
103 97 0
104 97 0
115 97 0
117 97 0
128 97 0
131 97 0
143 97 0
144 97 0
145 97 0
157 97 0
158 97 0
159 97 0
169 97 0
170 97 0
171 97 0
182 97 0
184 97 0
23 98 0
25 98 0
36 98 0
47 98 0
48 98 0
49 98 0
62 98 0
76 98 0
87 98 0
89 98 0
101 98 0
102 98 0
103 98 0
104 98 0
117 98 0
129 98 0
130 98 0
131 98 0
143 98 0
144 98 0
156 98 0
157 98 0
158 98 0
159 98 0
169 98 0
170 98 0
171 98 0
172 98 0
182 98 0
183 98 0
184 98 0
5 99 0
24 99 0
25 99 0
62 99 0
76 99 0
87 99 0
89 99 0
101 99 0
102 99 0
103 99 0
104 99 0
115 99 0
116 99 0
117 99 0
119 99 0
120 99 0
127 99 0
128 99 0
130 99 0
132 99 0
133 99 0
142 99 0
143 99 0
144 99 0
156 99 0
157 99 0
158 99 0
170 99 0
171 99 0
182 99 0
183 99 0
184 99 0
13 100 0
25 100 0
36 100 0
46 100 0
49 100 0
76 100 0
87 100 0
88 100 0
89 100 0
101 100 0
102 100 0
103 100 0
115 100 0
116 100 0
117 100 0
118 100 0
129 100 0
130 100 0
131 100 0
142 100 0
144 100 0
145 100 0
155 100 0
156 100 0
157 100 0
158 100 0
169 100 0
170 100 0
171 100 0
182 100 0
183 100 0
25 101 0
47 101 0
49 101 0
62 101 0
63 101 0
74 101 0
76 101 0
87 101 0
89 101 0
102 101 0
103 101 0
104 101 0
110 101 0
111 101 0
113 101 0
114 101 0
115 101 0
116 101 0
117 101 0
118 101 0
128 101 0
129 101 0
130 101 0
131 101 0
142 101 0
143 101 0
144 101 0
148 101 0
155 101 0
156 101 0
157 101 0
158 101 0
159 101 0
169 101 0
180 101 0
181 101 0
182 101 0
183 101 0
5 102 0
34 102 0
35 102 0
62 102 0
63 102 0
74 102 0
75 102 0
76 102 0
86 102 0
89 102 0
101 102 0
102 102 0
103 102 0
104 102 0
107 102 0
108 102 0
109 102 0
110 102 0
111 102 0
112 102 0
115 102 0
116 102 0
117 102 0
118 102 0
128 102 0
130 102 0
141 102 0
142 102 0
143 102 0
144 102 0
156 102 0
157 102 0
158 102 0
160 102 0
162 102 0
163 102 0
168 102 0
169 102 0
170 102 0
171 102 0
172 102 0
175 102 0
176 102 0
181 102 0
182 102 0
183 102 0
34 103 0
36 103 0
37 103 0
62 103 0
74 103 0
75 103 0
76 103 0
86 103 0
87 103 0
92 103 0
93 103 0
94 103 0
99 103 0
100 103 0
101 103 0
103 103 0
106 103 0
107 103 0
108 103 0
115 103 0
116 103 0
117 103 0
128 103 0
129 103 0
130 103 0
142 103 0
143 103 0
144 103 0
156 103 0
157 103 0
163 103 0
168 103 0
170 103 0
171 103 0
181 103 0
182 103 0
183 103 0
3 104 0
4 104 0
5 104 0
35 104 0
36 104 0
44 104 0
47 104 0
48 104 0
49 104 0
62 104 0
72 104 0
73 104 0
74 104 0
75 104 0
76 104 0
87 104 0
88 104 0
91 104 0
92 104 0
101 104 0
102 104 0
103 104 0
104 104 0
105 104 0
106 104 0
115 104 0
116 104 0
117 104 0
128 104 0
129 104 0
130 104 0
142 104 0
143 104 0
155 104 0
156 104 0
157 104 0
168 104 0
169 104 0
170 104 0
181 104 0
182 104 0
183 104 0
4 105 0
5 105 0
6 105 0
34 105 0
36 105 0
46 105 0
47 105 0
49 105 0
61 105 0
62 105 0
65 105 0
74 105 0
75 105 0
76 105 0
86 105 0
87 105 0
88 105 0
89 105 0
90 105 0
102 105 0
103 105 0
114 105 0
115 105 0
116 105 0
117 105 0
127 105 0
130 105 0
141 105 0
143 105 0
155 105 0
156 105 0
157 105 0
169 105 0
170 105 0
181 105 0
182 105 0
5 106 0
25 106 0
47 106 0
48 106 0
49 106 0
59 106 0
60 106 0
61 106 0
62 106 0
63 106 0
64 106 0
74 106 0
75 106 0
76 106 0
86 106 0
87 106 0
88 106 0
89 106 0
90 106 0
101 106 0
102 106 0
103 106 0
114 106 0
115 106 0
116 106 0
117 106 0
127 106 0
128 106 0
129 106 0
130 106 0
141 106 0
142 106 0
143 106 0
155 106 0
156 106 0
157 106 0
168 106 0
170 106 0
181 106 0
182 106 0
8 107 0
13 107 0
14 107 0
15 107 0
36 107 0
49 107 0
62 107 0
63 107 0
75 107 0
76 107 0
87 107 0
88 107 0
89 107 0
90 107 0
101 107 0
102 107 0
103 107 0
115 107 0
116 107 0
117 107 0
128 107 0
129 107 0
130 107 0
141 107 0
142 107 0
143 107 0
154 107 0
155 107 0
156 107 0
157 107 0
167 107 0
168 107 0
169 107 0
170 107 0
181 107 0
182 107 0
11 108 0
12 108 0
13 108 0
14 108 0
15 108 0
60 108 0
62 108 0
63 108 0
75 108 0
89 108 0
101 108 0
102 108 0
103 108 0
115 108 0
116 108 0
117 108 0
128 108 0
129 108 0
130 108 0
141 108 0
142 108 0
143 108 0
155 108 0
156 108 0
157 108 0
161 108 0
182 108 0
14 109 0
15 109 0
49 109 0
75 109 0
87 109 0
89 109 0
102 109 0
103 109 0
116 109 0
117 109 0
127 109 0
128 109 0
129 109 0
130 109 0
141 109 0
142 109 0
143 109 0
154 109 0
155 109 0
156 109 0
157 109 0
167 109 0
168 109 0
169 109 0
170 109 0
180 109 0
181 109 0
182 109 0
26 110 0
47 110 0
48 110 0
49 110 0
89 110 0
100 110 0
101 110 0
102 110 0
103 110 0
115 110 0
116 110 0
128 110 0
129 110 0
130 110 0
141 110 0
142 110 0
143 110 0
155 110 0
156 110 0
167 110 0
168 110 0
169 110 0
180 110 0
181 110 0
182 110 0
23 111 0
62 111 0
74 111 0
75 111 0
87 111 0
89 111 0
101 111 0
114 111 0
115 111 0
116 111 0
127 111 0
128 111 0
129 111 0
141 111 0
143 111 0
154 111 0
155 111 0
156 111 0
167 111 0
168 111 0
169 111 0
179 111 0
180 111 0
181 111 0
182 111 0
24 112 0
26 112 0
27 112 0
74 112 0
75 112 0
76 112 0
86 112 0
89 112 0
102 112 0
103 112 0
114 112 0
115 112 0
116 112 0
127 112 0
128 112 0
129 112 0
141 112 0
142 112 0
143 112 0
154 112 0
155 112 0
156 112 0
167 112 0
168 112 0
169 112 0
180 112 0
181 112 0
182 112 0
24 113 0
25 113 0
26 113 0
27 113 0
62 113 0
75 113 0
87 113 0
88 113 0
89 113 0
101 113 0
102 113 0
103 113 0
113 113 0
114 113 0
115 113 0
116 113 0
126 113 0
127 113 0
128 113 0
129 113 0
130 113 0
140 113 0
141 113 0
142 113 0
153 113 0
154 113 0
155 113 0
156 113 0
167 113 0
168 113 0
169 113 0
180 113 0
181 113 0
24 114 0
25 114 0
26 114 0
62 114 0
75 114 0
87 114 0
88 114 0
89 114 0
114 114 0
115 114 0
116 114 0
119 114 0
125 114 0
126 114 0
127 114 0
128 114 0
129 114 0
130 114 0
140 114 0
141 114 0
142 114 0
153 114 0
154 114 0
158 114 0
167 114 0
168 114 0
169 114 0
180 114 0
181 114 0
185 114 0
36 115 0
62 115 0
73 115 0
75 115 0
86 115 0
89 115 0
100 115 0
101 115 0
102 115 0
103 115 0
106 115 0
107 115 0
113 115 0
114 115 0
115 115 0
116 115 0
117 115 0
119 115 0
128 115 0
129 115 0
140 115 0
141 115 0
142 115 0
148 115 0
152 115 0
153 115 0
154 115 0
155 115 0
156 115 0
157 115 0
158 115 0
159 115 0
160 115 0
166 115 0
167 115 0
168 115 0
169 115 0
170 115 0
176 115 0
177 115 0
178 115 0
179 115 0
181 115 0
182 115 0
26 116 0
35 116 0
36 116 0
37 116 0
62 116 0
75 116 0
87 116 0
89 116 0
101 116 0
102 116 0
103 116 0
106 116 0
107 116 0
114 116 0
115 116 0
116 116 0
126 116 0
127 116 0
128 116 0
129 116 0
140 116 0
141 116 0
142 116 0
154 116 0
155 116 0
156 116 0
159 116 0
160 116 0
165 116 0
166 116 0
168 116 0
169 116 0
179 116 0
180 116 0
181 116 0
4 117 0
6 117 0
36 117 0
37 117 0
75 117 0
89 117 0
101 117 0
105 117 0
106 117 0
114 117 0
115 117 0
116 117 0
126 117 0
127 117 0
128 117 0
129 117 0
140 117 0
141 117 0
142 117 0
153 117 0
154 117 0
155 117 0
156 117 0
166 117 0
167 117 0
168 117 0
169 117 0
179 117 0
180 117 0
181 117 0
4 118 0
5 118 0
6 118 0
36 118 0
37 118 0
48 118 0
49 118 0
62 118 0
72 118 0
73 118 0
75 118 0
87 118 0
89 118 0
100 118 0
101 118 0
102 118 0
103 118 0
104 118 0
114 118 0
115 118 0
116 118 0
126 118 0
127 118 0
128 118 0
129 118 0
140 118 0
141 118 0
142 118 0
154 118 0
155 118 0
166 118 0
167 118 0
168 118 0
180 118 0
16 119 0
34 119 0
36 119 0
48 119 0
49 119 0
60 119 0
61 119 0
62 119 0
63 119 0
64 119 0
65 119 0
66 119 0
69 119 0
70 119 0
72 119 0
73 119 0
74 119 0
75 119 0
76 119 0
85 119 0
86 119 0
87 119 0
88 119 0
89 119 0
98 119 0
99 119 0
100 119 0
101 119 0
102 119 0
103 119 0
114 119 0
115 119 0
116 119 0
126 119 0
127 119 0
128 119 0
139 119 0
140 119 0
141 119 0
142 119 0
155 119 0
166 119 0
168 119 0
180 119 0
36 120 0
47 120 0
48 120 0
49 120 0
50 120 0
59 120 0
60 120 0
61 120 0
62 120 0
64 120 0
65 120 0
74 120 0
75 120 0
76 120 0
85 120 0
86 120 0
87 120 0
88 120 0
89 120 0
97 120 0
101 120 0
102 120 0
103 120 0
113 120 0
114 120 0
115 120 0
116 120 0
126 120 0
127 120 0
128 120 0
140 120 0
141 120 0
153 120 0
155 120 0
166 120 0
167 120 0
168 120 0
180 120 0
14 121 0
15 121 0
17 121 0
49 121 0
59 121 0
60 121 0
62 121 0
63 121 0
75 121 0
87 121 0
88 121 0
89 121 0
100 121 0
101 121 0
102 121 0
114 121 0
115 121 0
126 121 0
127 121 0
128 121 0
139 121 0
140 121 0
141 121 0
153 121 0
155 121 0
166 121 0
168 121 0
178 121 0
180 121 0
14 122 0
16 122 0
17 122 0
49 122 0
61 122 0
62 122 0
87 122 0
88 122 0
89 122 0
101 122 0
102 122 0
113 122 0
114 122 0
115 122 0
126 122 0
127 122 0
128 122 0
139 122 0
140 122 0
141 122 0
153 122 0
154 122 0
155 122 0
166 122 0
167 122 0
168 122 0
178 122 0
179 122 0
180 122 0
16 123 0
37 123 0
49 123 0
62 123 0
75 123 0
87 123 0
100 123 0
102 123 0
114 123 0
115 123 0
126 123 0
127 123 0
128 123 0
139 123 0
141 123 0
153 123 0
154 123 0
155 123 0
166 123 0
167 123 0
168 123 0
177 123 0
179 123 0
180 123 0
37 124 0
75 124 0
87 124 0
89 124 0
100 124 0
101 124 0
102 124 0
114 124 0
115 124 0
116 124 0
126 124 0
127 124 0
128 124 0
141 124 0
153 124 0
154 124 0
155 124 0
166 124 0
167 124 0
168 124 0
24 125 0
25 125 0
27 125 0
62 125 0
75 125 0
87 125 0
89 125 0
100 125 0
101 125 0
102 125 0
113 125 0
114 125 0
115 125 0
126 125 0
128 125 0
138 125 0
139 125 0
140 125 0
141 125 0
153 125 0
154 125 0
155 125 0
165 125 0
166 125 0
167 125 0
176 125 0
179 125 0
7 126 0
26 126 0
27 126 0
75 126 0
87 126 0
88 126 0
89 126 0
100 126 0
102 126 0
114 126 0
115 126 0
120 126 0
121 126 0
122 126 0
125 126 0
126 126 0
127 126 0
128 126 0
129 126 0
138 126 0
139 126 0
140 126 0
141 126 0
152 126 0
153 126 0
154 126 0
155 126 0
165 126 0
166 126 0
167 126 0
177 126 0
178 126 0
179 126 0
25 127 0
26 127 0
27 127 0
89 127 0
113 127 0
114 127 0
115 127 0
116 127 0
117 127 0
119 127 0
125 127 0
126 127 0
127 127 0
128 127 0
129 127 0
136 127 0
139 127 0
140 127 0
141 127 0
152 127 0
153 127 0
154 127 0
155 127 0
166 127 0
167 127 0
177 127 0
178 127 0
179 127 0
62 128 0
75 128 0
87 128 0
88 128 0
102 128 0
112 128 0
113 128 0
114 128 0
115 128 0
116 128 0
117 128 0
126 128 0
127 128 0
138 128 0
139 128 0
140 128 0
141 128 0
152 128 0
154 128 0
155 128 0
156 128 0
165 128 0
166 128 0
167 128 0
175 128 0
176 128 0
177 128 0
178 128 0
179 128 0
185 128 0
37 129 0
75 129 0
102 129 0
109 129 0
111 129 0
112 129 0
113 129 0
114 129 0
115 129 0
116 129 0
125 129 0
126 129 0
127 129 0
138 129 0
139 129 0
140 129 0
141 129 0
153 129 0
154 129 0
159 129 0
164 129 0
165 129 0
166 129 0
167 129 0
174 129 0
177 129 0
178 129 0
179 129 0
6 130 0
29 130 0
35 130 0
36 130 0
49 130 0
50 130 0
75 130 0
88 130 0
89 130 0
101 130 0
102 130 0
108 130 0
109 130 0
111 130 0
113 130 0
114 130 0
115 130 0
125 130 0
126 130 0
127 130 0
137 130 0
138 130 0
139 130 0
140 130 0
152 130 0
153 130 0
154 130 0
165 130 0
166 130 0
167 130 0
177 130 0
178 130 0
179 130 0
7 131 0
8 131 0
35 131 0
36 131 0
37 131 0
38 131 0
50 131 0
72 131 0
73 131 0
74 131 0
75 131 0
87 131 0
88 131 0
100 131 0
105 131 0
106 131 0
125 131 0
126 131 0
127 131 0
137 131 0
138 131 0
139 131 0
140 131 0
151 131 0
152 131 0
153 131 0
154 131 0
165 131 0
166 131 0
178 131 0
7 132 0
35 132 0
37 132 0
47 132 0
48 132 0
49 132 0
50 132 0
61 132 0
69 132 0
71 132 0
72 132 0
73 132 0
75 132 0
86 132 0
87 132 0
88 132 0
89 132 0
98 132 0
99 132 0
100 132 0
101 132 0
102 132 0
103 132 0
104 132 0
113 132 0
114 132 0
115 132 0
125 132 0
126 132 0
127 132 0
138 132 0
139 132 0
140 132 0
152 132 0
153 132 0
166 132 0
177 132 0
178 132 0
12 133 0
16 133 0
18 133 0
35 133 0
37 133 0
49 133 0
50 133 0
60 133 0
61 133 0
65 133 0
73 133 0
74 133 0
75 133 0
85 133 0
86 133 0
87 133 0
88 133 0
89 133 0
97 133 0
98 133 0
99 133 0
102 133 0
103 133 0
112 133 0
114 133 0
115 133 0
124 133 0
125 133 0
126 133 0
127 133 0
138 133 0
139 133 0
140 133 0
152 133 0
153 133 0
164 133 0
165 133 0
166 133 0
176 133 0
177 133 0
178 133 0
16 134 0
17 134 0
18 134 0
49 134 0
50 134 0
60 134 0
61 134 0
62 134 0
63 134 0
64 134 0
73 134 0
75 134 0
86 134 0
87 134 0
88 134 0
89 134 0
100 134 0
101 134 0
102 134 0
113 134 0
114 134 0
115 134 0
125 134 0
126 134 0
127 134 0
137 134 0
138 134 0
139 134 0
140 134 0
151 134 0
152 134 0
153 134 0
164 134 0
165 134 0
166 134 0
175 134 0
178 134 0
17 135 0
18 135 0
37 135 0
61 135 0
62 135 0
63 135 0
73 135 0
75 135 0
86 135 0
87 135 0
88 135 0
89 135 0
100 135 0
102 135 0
113 135 0
114 135 0
125 135 0
126 135 0
127 135 0
138 135 0
139 135 0
151 135 0
152 135 0
153 135 0
164 135 0
165 135 0
166 135 0
176 135 0
177 135 0
178 135 0
50 136 0
62 136 0
63 136 0
73 136 0
75 136 0
88 136 0
102 136 0
124 136 0
126 136 0
137 136 0
151 136 0
164 136 0
165 136 0
176 136 0
178 136 0
26 137 0
63 137 0
88 137 0
100 137 0
102 137 0
113 137 0
114 137 0
125 137 0
126 137 0
137 137 0
138 137 0
139 137 0
151 137 0
152 137 0
153 137 0
164 137 0
165 137 0
176 137 0
177 137 0
178 137 0
15 138 0
26 138 0
27 138 0
28 138 0
29 138 0
50 138 0
100 138 0
102 138 0
112 138 0
114 138 0
125 138 0
126 138 0
138 138 0
139 138 0
164 138 0
165 138 0
26 139 0
27 139 0
28 139 0
29 139 0
50 139 0
63 139 0
86 139 0
88 139 0
100 139 0
102 139 0
123 139 0
124 139 0
125 139 0
126 139 0
127 139 0
136 139 0
137 139 0
138 139 0
139 139 0
151 139 0
152 139 0
164 139 0
165 139 0
175 139 0
176 139 0
177 139 0
179 139 0
181 139 0
182 139 0
185 139 0
27 140 0
28 140 0
29 140 0
50 140 0
75 140 0
88 140 0
100 140 0
102 140 0
112 140 0
113 140 0
114 140 0
119 140 0
124 140 0
125 140 0
126 140 0
127 140 0
135 140 0
137 140 0
138 140 0
139 140 0
149 140 0
150 140 0
151 140 0
159 140 0
162 140 0
163 140 0
164 140 0
165 140 0
174 140 0
175 140 0
176 140 0
177 140 0
178 140 0
187 140 0
75 141 0
86 141 0
88 141 0
100 141 0
102 141 0
110 141 0
111 141 0
112 141 0
113 141 0
114 141 0
115 141 0
124 141 0
125 141 0
126 141 0
137 141 0
138 141 0
139 141 0
149 141 0
150 141 0
151 141 0
152 141 0
153 141 0
161 141 0
162 141 0
163 141 0
164 141 0
165 141 0
175 141 0
176 141 0
177 141 0
75 142 0
88 142 0
100 142 0
101 142 0
102 142 0
109 142 0
110 142 0
111 142 0
112 142 0
113 142 0
114 142 0
115 142 0
123 142 0
124 142 0
125 142 0
126 142 0
136 142 0
137 142 0
138 142 0
139 142 0
150 142 0
151 142 0
152 142 0
163 142 0
164 142 0
165 142 0
175 142 0
176 142 0
181 142 0
182 142 0
185 142 0
187 142 0
75 143 0
87 143 0
88 143 0
100 143 0
101 143 0
102 143 0
108 143 0
110 143 0
112 143 0
113 143 0
114 143 0
123 143 0
125 143 0
136 143 0
137 143 0
138 143 0
150 143 0
151 143 0
162 143 0
163 143 0
164 143 0
169 143 0
172 143 0
173 143 0
174 143 0
175 143 0
178 143 0
179 143 0
61 144 0
66 144 0
74 144 0
87 144 0
88 144 0
100 144 0
104 144 0
105 144 0
109 144 0
112 144 0
113 144 0
114 144 0
124 144 0
125 144 0
136 144 0
137 144 0
138 144 0
157 144 0
158 144 0
160 144 0
161 144 0
162 144 0
163 144 0
166 144 0
169 144 0
84 145 0
87 145 0
90 145 0
94 145 0
96 145 0
98 145 0
99 145 0
100 145 0
101 145 0
102 145 0
103 145 0
111 145 0
112 145 0
118 145 0
123 145 0
124 145 0
129 145 0
131 145 0
132 145 0
134 145 0
135 145 0
136 145 0
137 145 0
141 145 0
142 145 0
143 145 0
144 145 0
145 145 0
146 145 0
150 145 0
98 146 0
110 146 0
118 146 0
19 147 0
29 149 0
176 149 0
179 149 0
1 150 0
2 150 0
27 150 0
29 150 0
30 150 0
38 150 0
39 150 0
168 150 0
170 150 0
171 150 0
175 150 0
185 150 0
21 151 0
28 151 0
29 151 0
30 151 0
39 151 0
154 151 0
155 151 0
162 151 0
163 151 0
172 151 0
173 151 0
175 151 0
184 151 0
185 151 0
186 151 0
24 152 0
159 152 0
160 152 0
162 152 0
163 152 0
164 152 0
167 152 0
173 152 0
174 152 0
175 152 0
184 152 0
185 152 0
186 152 0
10 153 0
64 153 0
76 153 0
88 153 0
94 153 0
101 153 0
102 153 0
113 153 0
124 153 0
137 153 0
150 153 0
151 153 0
162 153 0
163 153 0
174 153 0
185 153 0
11 154 0
12 154 0
76 154 0
88 154 0
89 154 0
101 154 0
102 154 0
110 154 0
111 154 0
112 154 0
113 154 0
114 154 0
124 154 0
125 154 0
136 154 0
137 154 0
150 154 0
161 154 0
162 154 0
163 154 0
173 154 0
174 154 0
175 154 0
185 154 0
12 155 0
37 155 0
74 155 0
76 155 0
88 155 0
113 155 0
122 155 0
124 155 0
135 155 0
136 155 0
160 155 0
162 155 0
167 155 0
172 155 0
174 155 0
20 156 0
38 156 0
40 156 0
74 156 0
75 156 0
76 156 0
88 156 0
99 156 0
107 156 0
112 156 0
113 156 0
124 156 0
134 156 0
136 156 0
148 156 0
149 156 0
150 156 0
173 156 0
174 156 0
19 157 0
21 157 0
22 157 0
38 157 0
40 157 0
51 157 0
52 157 0
69 157 0
73 157 0
74 157 0
75 157 0
76 157 0
87 157 0
88 157 0
98 157 0
99 157 0
101 157 0
102 157 0
111 157 0
113 157 0
124 157 0
148 157 0
149 157 0
159 157 0
161 157 0
162 157 0
174 157 0
21 158 0
51 158 0
52 158 0
63 158 0
72 158 0
76 158 0
86 158 0
87 158 0
88 158 0
89 158 0
100 158 0
101 158 0
102 158 0
112 158 0
113 158 0
123 158 0
124 158 0
135 158 0
136 158 0
148 158 0
149 158 0
161 158 0
50 159 0
52 159 0
63 159 0
64 159 0
65 159 0
86 159 0
87 159 0
88 159 0
89 159 0
99 159 0
100 159 0
101 159 0
113 159 0
136 159 0
149 159 0
160 159 0
161 159 0
2 160 0
4 160 0
5 160 0
31 160 0
64 160 0
65 160 0
88 160 0
101 160 0
122 160 0
124 160 0
149 160 0
159 160 0
160 160 0
161 160 0
173 160 0
4 161 0
5 161 0
31 161 0
64 161 0
86 161 0
88 161 0
99 161 0
101 161 0
122 161 0
123 161 0
134 161 0
136 161 0
147 161 0
148 161 0
149 161 0
161 161 0
181 161 0
182 161 0
184 161 0
31 162 0
32 162 0
88 162 0
95 162 0
101 162 0
111 162 0
112 162 0
113 162 0
121 162 0
122 162 0
123 162 0
124 162 0
125 162 0
128 162 0
135 162 0
136 162 0
146 162 0
147 162 0
148 162 0
158 162 0
159 162 0
161 162 0
169 162 0
170 162 0
171 162 0
172 162 0
173 162 0
183 162 0
184 162 0
31 163 0
88 163 0
94 163 0
120 163 0
121 163 0
122 163 0
123 163 0
124 163 0
134 163 0
135 163 0
136 163 0
145 163 0
146 163 0
147 163 0
148 163 0
149 163 0
157 163 0
158 163 0
159 163 0
160 163 0
161 163 0
162 163 0
171 163 0
172 163 0
173 163 0
76 164 0
88 164 0
100 164 0
101 164 0
111 164 0
112 164 0
113 164 0
123 164 0
124 164 0
134 164 0
135 164 0
136 164 0
147 164 0
148 164 0
149 164 0
159 164 0
160 164 0
161 164 0
172 164 0
9 165 0
13 165 0
14 165 0
76 165 0
88 165 0
101 165 0
107 165 0
110 165 0
111 165 0
112 165 0
113 165 0
123 165 0
135 165 0
147 165 0
148 165 0
171 165 0
40 166 0
41 166 0
76 166 0
105 166 0
106 166 0
111 166 0
112 166 0
113 166 0
122 166 0
123 166 0
133 166 0
135 166 0
146 166 0
148 166 0
159 166 0
160 166 0
171 166 0
22 167 0
40 167 0
41 167 0
42 167 0
103 167 0
122 167 0
123 167 0
135 167 0
148 167 0
158 167 0
159 167 0
160 167 0
169 167 0
171 167 0
24 168 0
42 168 0
51 168 0
52 168 0
74 168 0
75 168 0
77 168 0
87 168 0
88 168 0
99 168 0
100 168 0
101 168 0
102 168 0
122 168 0
123 168 0
135 168 0
146 168 0
5 169 0
51 169 0
53 169 0
63 169 0
76 169 0
77 169 0
87 169 0
88 169 0
89 169 0
98 169 0
99 169 0
101 169 0
102 169 0
135 169 0
158 169 0
159 169 0
160 169 0
7 170 0
8 170 0
53 170 0
65 170 0
66 170 0
88 170 0
89 170 0
101 170 0
111 170 0
112 170 0
122 170 0
123 170 0
134 170 0
135 170 0
159 170 0
6 171 0
7 171 0
8 171 0
99 171 0
101 171 0
122 171 0
123 171 0
137 171 0
138 171 0
147 171 0
157 171 0
159 171 0
169 171 0
180 171 0
181 171 0
182 171 0
31 172 0
32 172 0
33 172 0
34 172 0
101 172 0
120 172 0
121 172 0
122 172 0
123 172 0
133 172 0
134 172 0
139 172 0
147 172 0
150 172 0
168 172 0
170 172 0
171 172 0
176 172 0
177 172 0
180 172 0
181 172 0
182 172 0
3 173 0
4 173 0
33 173 0
77 173 0
88 173 0
89 173 0
101 173 0
110 173 0
111 173 0
112 173 0
121 173 0
122 173 0
123 173 0
130 173 0
131 173 0
132 173 0
134 173 0
135 173 0
136 173 0
137 173 0
144 173 0
145 173 0
147 173 0
155 173 0
157 173 0
158 173 0
159 173 0
160 173 0
161 173 0
181 173 0
15 174 0
115 174 0
117 174 0
122 174 0
123 174 0
128 174 0
133 174 0
134 174 0
135 174 0
145 174 0
146 174 0
147 174 0
156 174 0
157 174 0
158 174 0
159 174 0
161 174 0
162 174 0
16 175 0
75 175 0
110 175 0
111 175 0
112 175 0
113 175 0
123 175 0
128 175 0
132 175 0
133 175 0
134 175 0
145 175 0
146 175 0
147 175 0
157 175 0
158 175 0
159 175 0
160 175 0
162 175 0
163 175 0
164 175 0
16 176 0
35 176 0
101 176 0
109 176 0
110 176 0
111 176 0
112 176 0
113 176 0
121 176 0
123 176 0
126 176 0
127 176 0
132 176 0
133 176 0
134 176 0
145 176 0
146 176 0
161 176 0
162 176 0
166 176 0
177 176 0
178 176 0
181 176 0
26 177 0
44 177 0
74 177 0
76 177 0
77 177 0
78 177 0
87 177 0
89 177 0
112 177 0
122 177 0
125 177 0
132 177 0
134 177 0
144 177 0
145 177 0
146 177 0
162 177 0
163 177 0
167 177 0
168 177 0
169 177 0
180 177 0
103 44 1
104 44 1
100 45 1
101 45 1
107 45 1
114 45 1
115 45 1
95 46 1
99 46 1
100 46 1
101 46 1
103 46 1
107 46 1
108 46 1
109 46 1
116 46 1
117 46 1
98 47 1
99 47 1
100 47 1
107 47 1
108 47 1
109 47 1
110 47 1
115 47 1
98 48 1
99 48 1
107 48 1
108 48 1
109 48 1
120 48 1
97 49 1
98 49 1
99 49 1
107 49 1
108 49 1
109 49 1
110 49 1
117 49 1
96 50 1
97 50 1
98 50 1
99 50 1
108 50 1
109 50 1
117 50 1
118 50 1
119 50 1
121 50 1
125 50 1
95 51 1
96 51 1
97 51 1
98 51 1
99 51 1
108 51 1
109 51 1
110 51 1
118 51 1
119 51 1
120 51 1
121 51 1
122 51 1
95 52 1
96 52 1
97 52 1
98 52 1
99 52 1
110 52 1
111 52 1
112 52 1
113 52 1
118 52 1
119 52 1
120 52 1
121 52 1
122 52 1
126 52 1
98 53 1
108 53 1
110 53 1
111 53 1
112 53 1
118 53 1
119 53 1
120 53 1
121 53 1
122 53 1
96 54 1
97 54 1
98 54 1
103 54 1
104 54 1
111 54 1
119 54 1
120 54 1
121 54 1
122 54 1
123 54 1
95 55 1
96 55 1
97 55 1
98 55 1
99 55 1
106 55 1
108 55 1
110 55 1
111 55 1
120 55 1
127 55 1
95 56 1
96 56 1
97 56 1
98 56 1
105 56 1
108 56 1
116 56 1
121 56 1
95 57 1
96 57 1
97 57 1
98 57 1
105 57 1
106 57 1
109 57 1
119 57 1
120 57 1
121 57 1
122 57 1
95 58 1
96 58 1
97 58 1
98 58 1
99 58 1
100 58 1
101 58 1
119 58 1
120 58 1
121 58 1
122 58 1
127 58 1
89 59 1
94 59 1
95 59 1
96 59 1
97 59 1
98 59 1
99 59 1
105 59 1
118 59 1
119 59 1
120 59 1
89 60 1
92 60 1
93 60 1
96 60 1
97 60 1
98 60 1
99 60 1
100 60 1
117 60 1
118 60 1
119 60 1
120 60 1
121 60 1
122 60 1
97 61 1
98 61 1
99 61 1
100 61 1
109 61 1
117 61 1
118 61 1
119 61 1
120 61 1
121 61 1
97 62 1
98 62 1
99 62 1
100 62 1
116 62 1
117 62 1
118 62 1
119 62 1
120 62 1
121 62 1
123 62 1
98 63 1
99 63 1
100 63 1
101 63 1
102 63 1
116 63 1
117 63 1
118 63 1
119 63 1
120 63 1
121 63 1
123 63 1
98 64 1
99 64 1
100 64 1
101 64 1
102 64 1
114 64 1
115 64 1
116 64 1
117 64 1
118 64 1
121 64 1
94 65 1
99 65 1
100 65 1
101 65 1
102 65 1
103 65 1
104 65 1
113 65 1
114 65 1
115 65 1
116 65 1
117 65 1
118 65 1
119 65 1
101 66 1
102 66 1
103 66 1
104 66 1
105 66 1
112 66 1
113 66 1
114 66 1
115 66 1
117 66 1
118 66 1
98 67 1
102 67 1
103 67 1
104 67 1
105 67 1
106 67 1
107 67 1
108 67 1
112 67 1
113 67 1
114 67 1
117 67 1
106 68 1
107 68 1
109 68 1
