14 1 0
22 1 0
35 1 0
36 1 0
48 1 0
61 1 0
74 1 0
75 1 0
79 1 0
87 1 0
88 1 0
89 1 0
103 1 0
104 1 0
116 1 0
117 1 0
118 1 0
132 1 0
144 1 0
145 1 0
146 1 0
158 1 0
159 1 0
160 1 0
172 1 0
173 1 0
174 1 0
177 1 0
178 1 0
179 1 0
184 1 0
185 1 0
186 1 0
36 2 0
75 2 0
87 2 0
88 2 0
89 2 0
103 2 0
104 2 0
117 2 0
118 2 0
130 2 0
131 2 0
132 2 0
144 2 0
145 2 0
146 2 0
158 2 0
159 2 0
160 2 0
172 2 0
173 2 0
178 2 0
179 2 0
180 2 0
183 2 0
184 2 0
185 2 0
186 2 0
4 3 0
61 3 0
74 3 0
75 3 0
86 3 0
88 3 0
89 3 0
101 3 0
102 3 0
103 3 0
116 3 0
117 3 0
118 3 0
130 3 0
131 3 0
132 3 0
144 3 0
145 3 0
146 3 0
158 3 0
159 3 0
171 3 0
172 3 0
173 3 0
184 3 0
185 3 0
186 3 0
2 4 0
3 4 0
5 4 0
25 4 0
59 4 0
61 4 0
74 4 0
75 4 0
87 4 0
88 4 0
89 4 0
101 4 0
103 4 0
116 4 0
117 4 0
118 4 0
130 4 0
131 4 0
132 4 0
145 4 0
146 4 0
157 4 0
158 4 0
159 4 0
160 4 0
171 4 0
172 4 0
173 4 0
2 5 0
4 5 0
12 5 0
13 5 0
61 5 0
72 5 0
88 5 0
101 5 0
103 5 0
116 5 0
117 5 0
118 5 0
130 5 0
131 5 0
132 5 0
144 5 0
145 5 0
146 5 0
158 5 0
159 5 0
172 5 0
173 5 0
184 5 0
185 5 0
3 6 0
4 6 0
12 6 0
13 6 0
14 6 0
24 6 0
35 6 0
47 6 0
73 6 0
74 6 0
87 6 0
88 6 0
89 6 0
101 6 0
102 6 0
103 6 0
116 6 0
117 6 0
118 6 0
132 6 0
144 6 0
145 6 0
146 6 0
157 6 0
158 6 0
159 6 0
171 6 0
172 6 0
173 6 0
184 6 0
185 6 0
13 7 0
22 7 0
25 7 0
87 7 0
88 7 0
101 7 0
102 7 0
103 7 0
115 7 0
116 7 0
117 7 0
129 7 0
130 7 0
131 7 0
132 7 0
144 7 0
145 7 0
146 7 0
158 7 0
159 7 0
171 7 0
172 7 0
173 7 0
184 7 0
185 7 0
23 8 0
24 8 0
25 8 0
72 8 0
73 8 0
74 8 0
87 8 0
88 8 0
101 8 0
102 8 0
103 8 0
116 8 0
117 8 0
129 8 0
130 8 0
131 8 0
144 8 0
145 8 0
146 8 0
158 8 0
159 8 0
171 8 0
172 8 0
173 8 0
184 8 0
185 8 0
24 9 0
30 9 0
32 9 0
33 9 0
34 9 0
72 9 0
74 9 0
86 9 0
87 9 0
88 9 0
101 9 0
102 9 0
103 9 0
115 9 0
116 9 0
117 9 0
127 9 0
128 9 0
129 9 0
130 9 0
132 9 0
136 9 0
143 9 0
144 9 0
145 9 0
146 9 0
157 9 0
158 9 0
159 9 0
171 9 0
172 9 0
173 9 0
184 9 0
185 9 0
12 10 0
33 10 0
34 10 0
35 10 0
36 10 0
38 10 0
60 10 0
73 10 0
74 10 0
86 10 0
87 10 0
88 10 0
101 10 0
102 10 0
114 10 0
115 10 0
117 10 0
119 10 0
120 10 0
126 10 0
127 10 0
128 10 0
129 10 0
130 10 0
131 10 0
132 10 0
137 10 0
142 10 0
143 10 0
145 10 0
157 10 0
158 10 0
159 10 0
172 10 0
173 10 0
185 10 0
12 11 0
13 11 0
34 11 0
40 11 0
46 11 0
47 11 0
86 11 0
87 11 0
88 11 0
100 11 0
102 11 0
105 11 0
111 11 0
112 11 0
113 11 0
114 11 0
116 11 0
117 11 0
118 11 0
129 11 0
130 11 0
131 11 0
143 11 0
144 11 0
145 11 0
157 11 0
158 11 0
159 11 0
171 11 0
172 11 0
173 11 0
185 11 0
32 12 0
33 12 0
34 12 0
45 12 0
47 12 0
51 12 0
57 12 0
58 12 0
59 12 0
60 12 0
73 12 0
85 12 0
86 12 0
87 12 0
88 12 0
89 12 0
90 12 0
100 12 0
101 12 0
102 12 0
103 12 0
104 12 0
105 12 0
106 12 0
107 12 0
108 12 0
109 12 0
110 12 0
111 12 0
115 12 0
116 12 0
117 12 0
129 12 0
130 12 0
131 12 0
144 12 0
145 12 0
155 12 0
156 12 0
157 12 0
159 12 0
160 12 0
165 12 0
171 12 0
172 12 0
173 12 0
184 12 0
185 12 0
23 13 0
34 13 0
42 13 0
46 13 0
47 13 0
56 13 0
57 13 0
59 13 0
60 13 0
71 13 0
72 13 0
80 13 0
81 13 0
82 13 0
83 13 0
85 13 0
87 13 0
88 13 0
89 13 0
98 13 0
99 13 0
100 13 0
102 13 0
103 13 0
115 13 0
116 13 0
117 13 0
129 13 0
130 13 0
131 13 0
143 13 0
144 13 0
145 13 0
157 13 0
158 13 0
159 13 0
165 13 0
166 13 0
169 13 0
170 13 0
171 13 0
172 13 0
176 13 0
183 13 0
185 13 0
34 14 0
45 14 0
46 14 0
59 14 0
70 14 0
71 14 0
72 14 0
74 14 0
75 14 0
77 14 0
78 14 0
86 14 0
87 14 0
88 14 0
100 14 0
101 14 0
102 14 0
103 14 0
115 14 0
116 14 0
117 14 0
128 14 0
129 14 0
130 14 0
131 14 0
142 14 0
143 14 0
144 14 0
145 14 0
157 14 0
158 14 0
159 14 0
171 14 0
172 14 0
173 14 0
177 14 0
179 14 0
33 15 0
34 15 0
57 15 0
59 15 0
70 15 0
71 15 0
73 15 0
74 15 0
87 15 0
100 15 0
101 15 0
102 15 0
115 15 0
116 15 0
129 15 0
130 15 0
143 15 0
144 15 0
145 15 0
157 15 0
158 15 0
171 15 0
172 15 0
173 15 0
180 15 0
181 15 0
184 15 0
185 15 0
32 16 0
33 16 0
34 16 0
45 16 0
46 16 0
57 16 0
59 16 0
73 16 0
85 16 0
86 16 0
87 16 0
100 16 0
101 16 0
102 16 0
114 16 0
115 16 0
116 16 0
128 16 0
129 16 0
130 16 0
131 16 0
143 16 0
144 16 0
145 16 0
157 16 0
158 16 0
171 16 0
172 16 0
182 16 0
183 16 0
186 16 0
2 17 0
57 17 0
59 17 0
73 17 0
87 17 0
100 17 0
101 17 0
102 17 0
115 17 0
116 17 0
129 17 0
130 17 0
143 17 0
144 17 0
145 17 0
157 17 0
158 17 0
171 17 0
172 17 0
183 17 0
184 17 0
185 17 0
2 18 0
10 18 0
11 18 0
12 18 0
33 18 0
46 18 0
57 18 0
58 18 0
59 18 0
73 18 0
85 18 0
86 18 0
87 18 0
100 18 0
101 18 0
102 18 0
114 18 0
116 18 0
128 18 0
129 18 0
130 18 0
143 18 0
144 18 0
145 18 0
156 18 0
157 18 0
158 18 0
170 18 0
171 18 0
172 18 0
184 18 0
185 18 0
1 19 0
2 19 0
11 19 0
71 19 0
72 19 0
73 19 0
85 19 0
86 19 0
87 19 0
99 19 0
100 19 0
101 19 0
114 19 0
115 19 0
116 19 0
128 19 0
130 19 0
143 19 0
144 19 0
145 19 0
156 19 0
157 19 0
158 19 0
170 19 0
171 19 0
172 19 0
183 19 0
184 19 0
185 19 0
10 20 0
11 20 0
12 20 0
22 20 0
33 20 0
59 20 0
71 20 0
72 20 0
85 20 0
86 20 0
87 20 0
99 20 0
100 20 0
101 20 0
114 20 0
115 20 0
116 20 0
128 20 0
130 20 0
142 20 0
143 20 0
144 20 0
145 20 0
156 20 0
157 20 0
158 20 0
170 20 0
171 20 0
172 20 0
183 20 0
184 20 0
185 20 0
11 21 0
12 21 0
20 21 0
21 21 0
22 21 0
33 21 0
46 21 0
57 21 0
70 21 0
72 21 0
85 21 0
86 21 0
87 21 0
99 21 0
100 21 0
101 21 0
114 21 0
115 21 0
116 21 0
128 21 0
129 21 0
130 21 0
142 21 0
143 21 0
144 21 0
145 21 0
156 21 0
157 21 0
158 21 0
170 21 0
171 21 0
172 21 0
183 21 0
184 21 0
185 21 0
9 22 0
11 22 0
18 22 0
20 22 0
21 22 0
22 22 0
32 22 0
33 22 0
45 22 0
58 22 0
71 22 0
72 22 0
84 22 0
85 22 0
86 22 0
87 22 0
99 22 0
100 22 0
101 22 0
114 22 0
115 22 0
116 22 0
128 22 0
129 22 0
130 22 0
143 22 0
144 22 0
156 22 0
157 22 0
158 22 0
170 22 0
171 22 0
172 22 0
183 22 0
10 23 0
11 23 0
21 23 0
22 23 0
33 23 0
45 23 0
58 23 0
70 23 0
72 23 0
85 23 0
86 23 0
87 23 0
99 23 0
101 23 0
114 23 0
115 23 0
128 23 0
129 23 0
130 23 0
142 23 0
143 23 0
144 23 0
156 23 0
157 23 0
158 23 0
170 23 0
171 23 0
172 23 0
183 23 0
184 23 0
185 23 0
9 24 0
11 24 0
21 24 0
31 24 0
32 24 0
43 24 0
45 24 0
56 24 0
57 24 0
58 24 0
70 24 0
72 24 0
86 24 0
101 24 0
115 24 0
118 24 0
125 24 0
126 24 0
127 24 0
128 24 0
129 24 0
130 24 0
142 24 0
143 24 0
144 24 0
156 24 0
157 24 0
158 24 0
170 24 0
171 24 0
172 24 0
183 24 0
184 24 0
185 24 0
10 25 0
21 25 0
25 25 0
30 25 0
31 25 0
32 25 0
33 25 0
45 25 0
69 25 0
72 25 0
84 25 0
85 25 0
86 25 0
98 25 0
99 25 0
100 25 0
101 25 0
113 25 0
114 25 0
117 25 0
118 25 0
119 25 0
126 25 0
128 25 0
129 25 0
130 25 0
138 25 0
140 25 0
141 25 0
142 25 0
143 25 0
144 25 0
145 25 0
148 25 0
149 25 0
155 25 0
156 25 0
157 25 0
158 25 0
170 25 0
171 25 0
172 25 0
183 25 0
184 25 0
185 25 0
10 26 0
11 26 0
19 26 0
32 26 0
33 26 0
43 26 0
44 26 0
45 26 0
58 26 0
70 26 0
72 26 0
84 26 0
86 26 0
87 26 0
99 26 0
100 26 0
101 26 0
111 26 0
112 26 0
113 26 0
114 26 0
115 26 0
116 26 0
128 26 0
129 26 0
130 26 0
138 26 0
142 26 0
143 26 0
144 26 0
145 26 0
149 26 0
150 26 0
153 26 0
154 26 0
155 26 0
156 26 0
157 26 0
158 26 0
169 26 0
170 26 0
171 26 0
172 26 0
183 26 0
184 26 0
185 26 0
9 27 0
11 27 0
31 27 0
32 27 0
39 27 0
42 27 0
43 27 0
44 27 0
45 27 0
56 27 0
57 27 0
83 27 0
84 27 0
85 27 0
86 27 0
87 27 0
88 27 0
98 27 0
99 27 0
100 27 0
105 27 0
106 27 0
107 27 0
108 27 0
109 27 0
110 27 0
111 27 0
113 27 0
114 27 0
115 27 0
116 27 0
127 27 0
128 27 0
129 27 0
142 27 0
143 27 0
144 27 0
156 27 0
157 27 0
158 27 0
160 27 0
161 27 0
169 27 0
170 27 0
171 27 0
183 27 0
184 27 0
10 28 0
11 28 0
21 28 0
32 28 0
44 28 0
45 28 0
48 28 0
54 28 0
55 28 0
56 28 0
57 28 0
58 28 0
59 28 0
70 28 0
71 28 0
81 28 0
82 28 0
83 28 0
84 28 0
86 28 0
87 28 0
88 28 0
97 28 0
98 28 0
99 28 0
100 28 0
101 28 0
102 28 0
103 28 0
113 28 0
114 28 0
115 28 0
127 28 0
128 28 0
129 28 0
141 28 0
142 28 0
143 28 0
144 28 0
156 28 0
157 28 0
165 28 0
169 28 0
171 28 0
172 28 0
176 28 0
183 28 0
184 28 0
20 29 0
32 29 0
42 29 0
43 29 0
44 29 0
54 29 0
57 29 0
58 29 0
64 29 0
65 29 0
68 29 0
69 29 0
70 29 0
71 29 0
75 29 0
77 29 0
78 29 0
79 29 0
80 29 0
81 29 0
84 29 0
85 29 0
86 29 0
98 29 0
99 29 0
100 29 0
101 29 0
112 29 0
113 29 0
114 29 0
115 29 0
129 29 0
142 29 0
143 29 0
155 29 0
156 29 0
157 29 0
170 29 0
171 29 0
172 29 0
176 29 0
177 29 0
178 29 0
179 29 0
181 29 0
182 29 0
183 29 0
184 29 0
32 30 0
42 30 0
44 30 0
57 30 0
58 30 0
68 30 0
69 30 0
71 30 0
72 30 0
73 30 0
74 30 0
75 30 0
76 30 0
84 30 0
85 30 0
86 30 0
98 30 0
100 30 0
101 30 0
112 30 0
113 30 0
114 30 0
127 30 0
128 30 0
129 30 0
142 30 0
143 30 0
155 30 0
156 30 0
157 30 0
169 30 0
170 30 0
171 30 0
178 30 0
179 30 0
181 30 0
182 30 0
184 30 0
187 30 0
16 31 0
17 31 0
19 31 0
20 31 0
44 31 0
55 31 0
57 31 0
70 31 0
71 31 0
72 31 0
83 31 0
84 31 0
85 31 0
100 31 0
112 31 0
113 31 0
114 31 0
127 31 0
128 31 0
129 31 0
141 31 0
142 31 0
143 31 0
155 31 0
156 31 0
157 31 0
169 31 0
170 31 0
171 31 0
182 31 0
183 31 0
184 31 0
10 32 0
14 32 0
15 32 0
16 32 0
17 32 0
18 32 0
19 32 0
31 32 0
43 32 0
44 32 0
68 32 0
71 32 0
83 32 0
85 32 0
100 32 0
112 32 0
113 32 0
114 32 0
127 32 0
128 32 0
129 32 0
141 32 0
142 32 0
143 32 0
155 32 0
156 32 0
157 32 0
169 32 0
170 32 0
171 32 0
183 32 0
184 32 0
8 33 0
9 33 0
10 33 0
15 33 0
16 33 0
17 33 0
18 33 0
19 33 0
31 33 0
32 33 0
57 33 0
69 33 0
70 33 0
71 33 0
85 33 0
98 33 0
99 33 0
100 33 0
112 33 0
113 33 0
114 33 0
126 33 0
127 33 0
128 33 0
129 33 0
141 33 0
142 33 0
143 33 0
155 33 0
156 33 0
157 33 0
169 33 0
170 33 0
171 33 0
182 33 0
183 33 0
184 33 0
7 34 0
8 34 0
9 34 0
10 34 0
12 34 0
15 34 0
16 34 0
17 34 0
18 34 0
19 34 0
20 34 0
31 34 0
55 34 0
57 34 0
70 34 0
71 34 0
83 34 0
84 34 0
85 34 0
98 34 0
99 34 0
100 34 0
112 34 0
113 34 0
114 34 0
127 34 0
128 34 0
129 34 0
141 34 0
142 34 0
143 34 0
154 34 0
155 34 0
156 34 0
157 34 0
169 34 0
170 34 0
171 34 0
182 34 0
183 34 0
184 34 0
9 35 0
10 35 0
14 35 0
15 35 0
17 35 0
18 35 0
20 35 0
31 35 0
56 35 0
57 35 0
69 35 0
70 35 0
71 35 0
82 35 0
84 35 0
85 35 0
98 35 0
99 35 0
100 35 0
112 35 0
113 35 0
114 35 0
126 35 0
127 35 0
128 35 0
129 35 0
141 35 0
142 35 0
143 35 0
155 35 0
156 35 0
157 35 0
169 35 0
170 35 0
171 35 0
182 35 0
183 35 0
184 35 0
8 36 0
9 36 0
10 36 0
15 36 0
16 36 0
17 36 0
18 36 0
19 36 0
31 36 0
41 36 0
43 36 0
69 36 0
70 36 0
71 36 0
83 36 0
84 36 0
85 36 0
98 36 0
99 36 0
100 36 0
112 36 0
113 36 0
114 36 0
127 36 0
128 36 0
129 36 0
141 36 0
142 36 0
143 36 0
155 36 0
156 36 0
157 36 0
169 36 0
170 36 0
171 36 0
182 36 0
183 36 0
184 36 0
18 37 0
20 37 0
41 37 0
43 37 0
69 37 0
70 37 0
71 37 0
82 37 0
83 37 0
84 37 0
85 37 0
97 37 0
98 37 0
99 37 0
100 37 0
112 37 0
113 37 0
114 37 0
126 37 0
127 37 0
128 37 0
129 37 0
141 37 0
142 37 0
143 37 0
154 37 0
155 37 0
156 37 0
157 37 0
168 37 0
169 37 0
170 37 0
182 37 0
183 37 0
184 37 0
19 38 0
20 38 0
30 38 0
31 38 0
43 38 0
57 38 0
69 38 0
70 38 0
71 38 0
83 38 0
84 38 0
85 38 0
98 38 0
99 38 0
112 38 0
114 38 0
126 38 0
127 38 0
128 38 0
141 38 0
142 38 0
143 38 0
155 38 0
156 38 0
157 38 0
168 38 0
169 38 0
170 38 0
182 38 0
183 38 0
184 38 0
5 39 0
9 39 0
19 39 0
30 39 0
31 39 0
43 39 0
69 39 0
83 39 0
84 39 0
85 39 0
97 39 0
98 39 0
99 39 0
112 39 0
113 39 0
114 39 0
125 39 0
126 39 0
127 39 0
128 39 0
129 39 0
133 39 0
140 39 0
141 39 0
142 39 0
154 39 0
155 39 0
156 39 0
169 39 0
170 39 0
182 39 0
183 39 0
5 40 0
9 40 0
19 40 0
28 40 0
29 40 0
30 40 0
31 40 0
41 40 0
43 40 0
54 40 0
69 40 0
70 40 0
82 40 0
84 40 0
85 40 0
99 40 0
112 40 0
113 40 0
114 40 0
120 40 0
124 40 0
125 40 0
126 40 0
127 40 0
128 40 0
129 40 0
134 40 0
138 40 0
139 40 0
140 40 0
141 40 0
142 40 0
154 40 0
155 40 0
169 40 0
170 40 0
182 40 0
183 40 0
5 41 0
28 41 0
29 41 0
30 41 0
31 41 0
41 41 0
42 41 0
55 41 0
68 41 0
69 41 0
70 41 0
83 41 0
84 41 0
85 41 0
97 41 0
99 41 0
110 41 0
111 41 0
112 41 0
113 41 0
114 41 0
115 41 0
117 41 0
118 41 0
119 41 0
126 41 0
127 41 0
128 41 0
129 41 0
140 41 0
141 41 0
142 41 0
152 41 0
153 41 0
154 41 0
155 41 0
156 41 0
157 41 0
161 41 0
168 41 0
169 41 0
170 41 0
181 41 0
182 41 0
183 41 0
5 42 0
7 42 0
9 42 0
28 42 0
30 42 0
40 42 0
41 42 0
42 42 0
44 42 0
45 42 0
54 42 0
55 42 0
56 42 0
70 42 0
82 42 0
83 42 0
84 42 0
97 42 0
98 42 0
99 42 0
106 42 0
109 42 0
110 42 0
111 42 0
112 42 0
113 42 0
114 42 0
115 42 0
116 42 0
117 42 0
126 42 0
127 42 0
128 42 0
140 42 0
141 42 0
142 42 0
147 42 0
151 42 0
152 42 0
153 42 0
154 42 0
155 42 0
156 42 0
157 42 0
163 42 0
164 42 0
166 42 0
167 42 0
168 42 0
169 42 0
170 42 0
182 42 0
183 42 0
3 43 0
4 43 0
5 43 0
7 43 0
9 43 0
19 43 0
28 43 0
30 43 0
40 43 0
41 43 0
42 43 0
43 43 0
44 43 0
50 43 0
54 43 0
56 43 0
57 43 0
70 43 0
81 43 0
82 43 0
83 43 0
84 43 0
97 43 0
98 43 0
100 43 0
101 43 0
102 43 0
103 43 0
104 43 0
108 43 0
110 43 0
112 43 0
113 43 0
114 43 0
127 43 0
128 43 0
140 43 0
141 43 0
142 43 0
154 43 0
155 43 0
156 43 0
168 43 0
169 43 0
170 43 0
176 43 0
177 43 0
181 43 0
182 43 0
183 43 0
2 44 0
3 44 0
4 44 0
5 44 0
19 44 0
30 44 0
39 44 0
40 44 0
42 44 0
43 44 0
53 44 0
54 44 0
55 44 0
56 44 0
69 44 0
70 44 0
79 44 0
80 44 0
81 44 0
82 44 0
83 44 0
84 44 0
85 44 0
93 44 0
95 44 0
96 44 0
97 44 0
98 44 0
99 44 0
100 44 0
101 44 0
110 44 0
111 44 0
112 44 0
113 44 0
114 44 0
127 44 0
128 44 0
140 44 0
141 44 0
142 44 0
154 44 0
155 44 0
156 44 0
168 44 0
169 44 0
170 44 0
176 44 0
177 44 0
178 44 0
180 44 0
181 44 0
182 44 0
183 44 0
2 45 0
3 45 0
4 45 0
5 45 0
7 45 0
9 45 0
30 45 0
42 45 0
43 45 0
54 45 0
55 45 0
56 45 0
69 45 0
70 45 0
71 45 0
72 45 0
73 45 0
74 45 0
77 45 0
78 45 0
79 45 0
80 45 0
82 45 0
83 45 0
84 45 0
95 45 0
96 45 0
97 45 0
98 45 0
99 45 0
113 45 0
114 45 0
125 45 0
127 45 0
140 45 0
141 45 0
142 45 0
154 45 0
155 45 0
156 45 0
168 45 0
169 45 0
170 45 0
180 45 0
181 45 0
182 45 0
183 45 0
4 46 0
5 46 0
7 46 0
9 46 0
19 46 0
54 46 0
55 46 0
56 46 0
68 46 0
69 46 0
70 46 0
71 46 0
72 46 0
82 46 0
83 46 0
84 46 0
97 46 0
98 46 0
99 46 0
113 46 0
127 46 0
139 46 0
140 46 0
141 46 0
142 46 0
154 46 0
155 46 0
168 46 0
169 46 0
181 46 0
182 46 0
183 46 0
4 47 0
7 47 0
8 47 0
9 47 0
42 47 0
56 47 0
68 47 0
69 47 0
70 47 0
71 47 0
73 47 0
82 47 0
84 47 0
85 47 0
96 47 0
97 47 0
98 47 0
112 47 0
113 47 0
125 47 0
127 47 0
139 47 0
140 47 0
141 47 0
153 47 0
155 47 0
168 47 0
169 47 0
181 47 0
182 47 0
7 48 0
16 48 0
18 48 0
19 48 0
42 48 0
54 48 0
56 48 0
68 48 0
69 48 0
70 48 0
97 48 0
98 48 0
111 48 0
112 48 0
113 48 0
126 48 0
127 48 0
139 48 0
140 48 0
141 48 0
153 48 0
154 48 0
155 48 0
167 48 0
168 48 0
169 48 0
181 48 0
182 48 0
8 49 0
9 49 0
56 49 0
98 49 0
111 49 0
112 49 0
113 49 0
127 49 0
139 49 0
140 49 0
141 49 0
153 49 0
154 49 0
155 49 0
167 49 0
168 49 0
169 49 0
180 49 0
181 49 0
182 49 0
8 50 0
9 50 0
40 50 0
98 50 0
111 50 0
127 50 0
139 50 0
140 50 0
141 50 0
153 50 0
154 50 0
155 50 0
167 50 0
168 50 0
169 50 0
180 50 0
181 50 0
182 50 0
19 51 0
54 51 0
111 51 0
112 51 0
125 51 0
127 51 0
139 51 0
140 51 0
141 51 0
153 51 0
154 51 0
155 51 0
167 51 0
168 51 0
169 51 0
181 51 0
182 51 0
19 52 0
111 52 0
112 52 0
113 52 0
126 52 0
127 52 0
139 52 0
140 52 0
141 52 0
153 52 0
154 52 0
155 52 0
167 52 0
168 52 0
169 52 0
180 52 0
181 52 0
182 52 0
18 53 0
29 53 0
42 53 0
55 53 0
56 53 0
110 53 0
111 53 0
112 53 0
113 53 0
125 53 0
126 53 0
127 53 0
139 53 0
140 53 0
141 53 0
151 53 0
153 53 0
154 53 0
155 53 0
167 53 0
168 53 0
169 53 0
180 53 0
181 53 0
182 53 0
42 54 0
55 54 0
112 54 0
124 54 0
125 54 0
127 54 0
139 54 0
140 54 0
141 54 0
149 54 0
150 54 0
151 54 0
152 54 0
153 54 0
154 54 0
155 54 0
156 54 0
157 54 0
167 54 0
168 54 0
169 54 0
178 54 0
180 54 0
181 54 0
182 54 0
184 54 0
25 55 0
28 55 0
30 55 0
42 55 0
55 55 0
111 55 0
112 55 0
121 55 0
122 55 0
123 55 0
124 55 0
125 55 0
126 55 0
127 55 0
138 55 0
139 55 0
140 55 0
149 55 0
150 55 0
151 55 0
153 55 0
154 55 0
155 55 0
156 55 0
157 55 0
167 55 0
168 55 0
169 55 0
179 55 0
182 55 0
29 56 0
30 56 0
121 56 0
123 56 0
124 56 0
125 56 0
126 56 0
127 56 0
137 56 0
138 56 0
139 56 0
140 56 0
141 56 0
147 56 0
150 56 0
151 56 0
153 56 0
156 56 0
157 56 0
167 56 0
168 56 0
178 56 0
179 56 0
182 56 0
29 57 0
30 57 0
37 57 0
39 57 0
40 57 0
55 57 0
109 57 0
110 57 0
112 57 0
113 57 0
114 57 0
124 57 0
126 57 0
139 57 0
140 57 0
141 57 0
152 57 0
153 57 0
154 57 0
155 57 0
156 57 0
157 57 0
164 57 0
165 57 0
166 57 0
167 57 0
168 57 0
169 57 0
170 57 0
175 57 0
176 57 0
178 57 0
179 57 0
16 58 0
29 58 0
37 58 0
39 58 0
41 58 0
42 58 0
43 58 0
53 58 0
55 58 0
109 58 0
111 58 0
112 58 0
113 58 0
139 58 0
140 58 0
152 58 0
153 58 0
154 58 0
161 58 0
162 58 0
163 58 0
167 58 0
168 58 0
169 58 0
175 58 0
176 58 0
177 58 0
179 58 0
180 58 0
181 58 0
182 58 0
41 59 0
42 59 0
53 59 0
56 59 0
110 59 0
111 59 0
112 59 0
126 59 0
139 59 0
140 59 0
152 59 0
153 59 0
154 59 0
167 59 0
168 59 0
169 59 0
178 59 0
179 59 0
180 59 0
181 59 0
182 59 0
183 59 0
29 60 0
41 60 0
53 60 0
54 60 0
55 60 0
56 60 0
112 60 0
124 60 0
125 60 0
126 60 0
166 60 0
167 60 0
168 60 0
178 60 0
179 60 0
180 60 0
181 60 0
182 60 0
8 61 0
41 61 0
53 61 0
55 61 0
111 61 0
112 61 0
125 61 0
126 61 0
139 61 0
167 61 0
168 61 0
177 61 0
178 61 0
179 61 0
7 62 0
8 62 0
15 62 0
18 62 0
41 62 0
55 62 0
111 62 0
112 62 0
153 62 0
154 62 0
6 63 0
7 63 0
8 63 0
55 63 0
110 63 0
111 63 0
112 63 0
135 63 0
139 63 0
140 63 0
153 63 0
167 63 0
168 63 0
181 63 0
6 64 0
7 64 0
8 64 0
29 64 0
39 64 0
41 64 0
53 64 0
55 64 0
111 64 0
112 64 0
123 64 0
124 64 0
125 64 0
138 64 0
139 64 0
152 64 0
153 64 0
154 64 0
167 64 0
168 64 0
179 64 0
180 64 0
181 64 0
17 65 0
29 65 0
52 65 0
55 65 0
110 65 0
111 65 0
112 65 0
125 65 0
139 65 0
151 65 0
153 65 0
165 65 0
167 65 0
179 65 0
180 65 0
181 65 0
16 66 0
17 66 0
19 66 0
29 66 0
41 66 0
55 66 0
111 66 0
112 66 0
123 66 0
124 66 0
125 66 0
137 66 0
138 66 0
139 66 0
151 66 0
152 66 0
153 66 0
154 66 0
165 66 0
166 66 0
167 66 0
179 66 0
181 66 0
15 67 0
16 67 0
17 67 0
18 67 0
55 67 0
111 67 0
112 67 0
123 67 0
124 67 0
125 67 0
137 67 0
139 67 0
151 67 0
152 67 0
153 67 0
164 67 0
167 67 0
179 67 0
180 67 0
181 67 0
7 68 0
18 68 0
41 68 0
96 68 0
111 68 0
123 68 0
124 68 0
125 68 0
137 68 0
138 68 0
139 68 0
151 68 0
152 68 0
153 68 0
166 68 0
167 68 0
180 68 0
181 68 0
27 69 0
28 69 0
29 69 0
41 69 0
52 69 0
54 69 0
93 69 0
96 69 0
109 69 0
111 69 0
112 69 0
123 69 0
137 69 0
138 69 0
139 69 0
152 69 0
153 69 0
165 69 0
166 69 0
167 69 0
180 69 0
28 70 0
29 70 0
94 70 0
95 70 0
96 70 0
111 70 0
122 70 0
123 70 0
124 70 0
126 70 0
129 70 0
136 70 0
137 70 0
138 70 0
139 70 0
151 70 0
152 70 0
153 70 0
165 70 0
166 70 0
167 70 0
180 70 0
6 71 0
29 71 0
54 71 0
81 71 0
82 71 0
95 71 0
96 71 0
109 71 0
110 71 0
111 71 0
121 71 0
122 71 0
123 71 0
124 71 0
125 71 0
136 71 0
137 71 0
138 71 0
139 71 0
148 71 0
149 71 0
150 71 0
151 71 0
152 71 0
153 71 0
154 71 0
160 71 0
165 71 0
166 71 0
167 71 0
168 71 0
178 71 0
179 71 0
180 71 0
29 72 0
39 72 0
40 72 0
41 72 0
53 72 0
54 72 0
68 72 0
81 72 0
82 72 0
95 72 0
96 72 0
108 72 0
109 72 0
110 72 0
111 72 0
121 72 0
122 72 0
123 72 0
124 72 0
125 72 0
137 72 0
138 72 0
139 72 0
151 72 0
152 72 0
153 72 0
160 72 0
161 72 0
163 72 0
164 72 0
165 72 0
166 72 0
167 72 0
168 72 0
169 72 0
175 72 0
178 72 0
179 72 0
180 72 0
29 73 0
38 73 0
39 73 0
54 73 0
68 73 0
69 73 0
80 73 0
82 73 0
94 73 0
95 73 0
96 73 0
106 73 0
107 73 0
108 73 0
109 73 0
110 73 0
111 73 0
112 73 0
113 73 0
114 73 0
115 73 0
117 73 0
123 73 0
124 73 0
125 73 0
137 73 0
138 73 0
139 73 0
151 73 0
152 73 0
153 73 0
165 73 0
166 73 0
167 73 0
175 73 0
176 73 0
177 73 0
178 73 0
179 73 0
180 73 0
184 73 0
38 74 0
39 74 0
40 74 0
41 74 0
51 74 0
52 74 0
54 74 0
67 74 0
68 74 0
79 74 0
80 74 0
81 74 0
82 74 0
94 74 0
95 74 0
96 74 0
101 74 0
103 74 0
104 74 0
105 74 0
106 74 0
107 74 0
109 74 0
110 74 0
111 74 0
112 74 0
122 74 0
123 74 0
124 74 0
136 74 0
137 74 0
138 74 0
151 74 0
152 74 0
165 74 0
166 74 0
167 74 0
177 74 0
178 74 0
180 74 0
181 74 0
184 74 0
40 75 0
41 75 0
51 75 0
52 75 0
53 75 0
54 75 0
67 75 0
68 75 0
69 75 0
70 75 0
72 75 0
73 75 0
74 75 0
78 75 0
79 75 0
82 75 0
83 75 0
84 75 0
87 75 0
91 75 0
92 75 0
93 75 0
94 75 0
95 75 0
96 75 0
97 75 0
98 75 0
99 75 0
106 75 0
109 75 0
110 75 0
111 75 0
122 75 0
123 75 0
124 75 0
136 75 0
138 75 0
150 75 0
152 75 0
164 75 0
165 75 0
166 75 0
167 75 0
178 75 0
179 75 0
180 75 0
38 76 0
40 76 0
52 76 0
53 76 0
54 76 0
65 76 0
66 76 0
67 76 0
68 76 0
69 76 0
71 76 0
73 76 0
80 76 0
81 76 0
82 76 0
83 76 0
90 76 0
91 76 0
92 76 0
93 76 0
94 76 0
95 76 0
96 76 0
97 76 0
109 76 0
110 76 0
111 76 0
122 76 0
123 76 0
124 76 0
136 76 0
138 76 0
150 76 0
151 76 0
152 76 0
165 76 0
166 76 0
178 76 0
179 76 0
180 76 0
54 77 0
64 77 0
65 77 0
66 77 0
68 77 0
69 77 0
80 77 0
81 77 0
82 77 0
94 77 0
95 77 0
96 77 0
108 77 0
109 77 0
110 77 0
123 77 0
124 77 0
136 77 0
138 77 0
150 77 0
151 77 0
152 77 0
165 77 0
166 77 0
177 77 0
178 77 0
179 77 0
6 78 0
7 78 0
8 78 0
54 78 0
66 78 0
67 78 0
68 78 0
69 78 0
80 78 0
81 78 0
82 78 0
94 78 0
95 78 0
96 78 0
108 78 0
109 78 0
110 78 0
122 78 0
124 78 0
136 78 0
137 78 0
138 78 0
150 78 0
152 78 0
165 78 0
166 78 0
177 78 0
178 78 0
179 78 0
6 79 0
7 79 0
8 79 0
40 79 0
54 79 0
68 79 0
81 79 0
94 79 0
95 79 0
109 79 0
110 79 0
122 79 0
124 79 0
135 79 0
136 79 0
137 79 0
138 79 0
150 79 0
151 79 0
152 79 0
164 79 0
165 79 0
166 79 0
177 79 0
179 79 0
7 80 0
8 80 0
16 80 0
68 80 0
82 80 0
93 80 0
95 80 0
110 80 0
122 80 0
124 80 0
136 80 0
137 80 0
138 80 0
150 80 0
151 80 0
152 80 0
164 80 0
165 80 0
166 80 0
177 80 0
178 80 0
179 80 0
15 81 0
16 81 0
18 81 0
51 81 0
65 81 0
67 81 0
68 81 0
80 81 0
81 81 0
82 81 0
93 81 0
94 81 0
95 81 0
108 81 0
110 81 0
122 81 0
123 81 0
124 81 0
137 81 0
138 81 0
149 81 0
151 81 0
152 81 0
164 81 0
165 81 0
166 81 0
177 81 0
178 81 0
179 81 0
15 82 0
18 82 0
29 82 0
68 82 0
80 82 0
81 82 0
82 82 0
95 82 0
110 82 0
121 82 0
123 82 0
124 82 0
136 82 0
137 82 0
138 82 0
150 82 0
151 82 0
152 82 0
164 82 0
165 82 0
166 82 0
177 82 0
178 82 0
179 82 0
67 83 0
68 83 0
82 83 0
93 83 0
95 83 0
108 83 0
109 83 0
110 83 0
122 83 0
123 83 0
124 83 0
136 83 0
137 83 0
151 83 0
152 83 0
164 83 0
165 83 0
177 83 0
178 83 0
179 83 0
28 84 0
80 84 0
82 84 0
95 84 0
108 84 0
109 84 0
110 84 0
124 84 0
135 84 0
136 84 0
137 84 0
150 84 0
151 84 0
152 84 0
163 84 0
164 84 0
165 84 0
177 84 0
178 84 0
179 84 0
26 85 0
27 85 0
29 85 0
30 85 0
54 85 0
66 85 0
68 85 0
79 85 0
80 85 0
81 85 0
82 85 0
95 85 0
109 85 0
110 85 0
120 85 0
121 85 0
122 85 0
123 85 0
124 85 0
134 85 0
135 85 0
136 85 0
143 85 0
144 85 0
149 85 0
151 85 0
163 85 0
164 85 0
165 85 0
176 85 0
177 85 0
178 85 0
8 86 0
27 86 0
28 86 0
29 86 0
30 86 0
53 86 0
67 86 0
68 86 0
81 86 0
82 86 0
93 86 0
94 86 0
95 86 0
108 86 0
109 86 0
120 86 0
121 86 0
122 86 0
123 86 0
124 86 0
133 86 0
134 86 0
135 86 0
136 86 0
137 86 0
138 86 0
148 86 0
149 86 0
151 86 0
164 86 0
177 86 0
178 86 0
17 87 0
29 87 0
81 87 0
82 87 0
93 87 0
95 87 0
109 87 0
113 87 0
114 87 0
117 87 0
118 87 0
119 87 0
120 87 0
121 87 0
122 87 0
123 87 0
124 87 0
135 87 0
136 87 0
137 87 0
138 87 0
149 87 0
150 87 0
151 87 0
160 87 0
162 87 0
163 87 0
164 87 0
165 87 0
166 87 0
171 87 0
172 87 0
176 87 0
177 87 0
178 87 0
29 88 0
38 88 0
39 88 0
53 88 0
65 88 0
67 88 0
68 88 0
81 88 0
107 88 0
108 88 0
111 88 0
112 88 0
114 88 0
121 88 0
122 88 0
123 88 0
124 88 0
135 88 0
136 88 0
137 88 0
149 88 0
150 88 0
151 88 0
163 88 0
164 88 0
165 88 0
166 88 0
172 88 0
173 88 0
175 88 0
176 88 0
177 88 0
178 88 0
36 89 0
38 89 0
40 89 0
41 89 0
52 89 0
53 89 0
66 89 0
67 89 0
79 89 0
80 89 0
93 89 0
94 89 0
95 89 0
105 89 0
106 89 0
107 89 0
108 89 0
109 89 0
110 89 0
111 89 0
122 89 0
123 89 0
135 89 0
136 89 0
137 89 0
149 89 0
150 89 0
151 89 0
163 89 0
164 89 0
165 89 0
176 89 0
177 89 0
178 89 0
38 90 0
40 90 0
41 90 0
50 90 0
51 90 0
52 90 0
53 90 0
66 90 0
67 90 0
77 90 0
78 90 0
79 90 0
80 90 0
81 90 0
82 90 0
83 90 0
92 90 0
93 90 0
94 90 0
95 90 0
104 90 0
105 90 0
107 90 0
108 90 0
109 90 0
110 90 0
121 90 0
122 90 0
123 90 0
124 90 0
135 90 0
136 90 0
137 90 0
148 90 0
150 90 0
163 90 0
164 90 0
165 90 0
176 90 0
177 90 0
178 90 0
6 91 0
9 91 0
29 91 0
38 91 0
39 91 0
40 91 0
51 91 0
52 91 0
53 91 0
54 91 0
65 91 0
66 91 0
67 91 0
68 91 0
71 91 0
76 91 0
77 91 0
78 91 0
79 91 0
80 91 0
81 91 0
82 91 0
92 91 0
93 91 0
94 91 0
95 91 0
99 91 0
100 91 0
102 91 0
103 91 0
104 91 0
107 91 0
108 91 0
109 91 0
110 91 0
121 91 0
122 91 0
123 91 0
134 91 0
135 91 0
136 91 0
148 91 0
149 91 0
150 91 0
162 91 0
163 91 0
164 91 0
175 91 0
177 91 0
178 91 0
7 92 0
8 92 0
29 92 0
40 92 0
51 92 0
52 92 0
53 92 0
54 92 0
64 92 0
65 92 0
67 92 0
68 92 0
69 92 0
70 92 0
72 92 0
78 92 0
80 92 0
81 92 0
82 92 0
93 92 0
94 92 0
95 92 0
107 92 0
108 92 0
109 92 0
123 92 0
134 92 0
135 92 0
136 92 0
149 92 0
150 92 0
162 92 0
163 92 0
164 92 0
175 92 0
176 92 0
177 92 0
178 92 0
40 93 0
52 93 0
53 93 0
65 93 0
66 93 0
67 93 0
68 93 0
79 93 0
81 93 0
93 93 0
94 93 0
95 93 0
107 93 0
108 93 0
109 93 0
121 93 0
123 93 0
133 93 0
134 93 0
135 93 0
136 93 0
148 93 0
149 93 0
150 93 0
164 93 0
175 93 0
176 93 0
177 93 0
17 94 0
29 94 0
51 94 0
53 94 0
65 94 0
67 94 0
79 94 0
80 94 0
81 94 0
93 94 0
94 94 0
95 94 0
107 94 0
108 94 0
109 94 0
121 94 0
122 94 0
123 94 0
134 94 0
135 94 0
136 94 0
150 94 0
162 94 0
163 94 0
164 94 0
175 94 0
176 94 0
177 94 0
53 95 0
67 95 0
81 95 0
93 95 0
94 95 0
107 95 0
108 95 0
109 95 0
120 95 0
121 95 0
122 95 0
123 95 0
133 95 0
135 95 0
136 95 0
148 95 0
149 95 0
150 95 0
164 95 0
175 95 0
176 95 0
177 95 0
16 96 0
17 96 0
18 96 0
40 96 0
53 96 0
67 96 0
93 96 0
94 96 0
107 96 0
108 96 0
109 96 0
120 96 0
121 96 0
122 96 0
123 96 0
134 96 0
135 96 0
136 96 0
148 96 0
149 96 0
150 96 0
162 96 0
163 96 0
164 96 0
175 96 0
176 96 0
177 96 0
16 97 0
17 97 0
18 97 0
66 97 0
67 97 0
94 97 0
107 97 0
108 97 0
109 97 0
120 97 0
121 97 0
122 97 0
123 97 0
136 97 0
148 97 0
149 97 0
162 97 0
163 97 0
164 97 0
174 97 0
175 97 0
176 97 0
177 97 0
17 98 0
18 98 0
53 98 0
67 98 0
80 98 0
81 98 0
92 98 0
93 98 0
94 98 0
107 98 0
108 98 0
109 98 0
122 98 0
133 98 0
135 98 0
136 98 0
148 98 0
149 98 0
150 98 0
161 98 0
162 98 0
163 98 0
164 98 0
174 98 0
175 98 0
176 98 0
28 99 0
29 99 0
53 99 0
67 99 0
81 99 0
92 99 0
93 99 0
94 99 0
107 99 0
108 99 0
109 99 0
120 99 0
121 99 0
122 99 0
124 99 0
133 99 0
134 99 0
135 99 0
136 99 0
138 99 0
147 99 0
148 99 0
149 99 0
150 99 0
162 99 0
163 99 0
174 99 0
175 99 0
176 99 0
177 99 0
27 100 0
28 100 0
29 100 0
30 100 0
67 100 0
81 100 0
92 100 0
94 100 0
107 100 0
108 100 0
109 100 0
120 100 0
121 100 0
123 100 0
132 100 0
133 100 0
134 100 0
135 100 0
136 100 0
137 100 0
140 100 0
146 100 0
148 100 0
149 100 0
161 100 0
162 100 0
163 100 0
174 100 0
175 100 0
176 100 0
29 101 0
53 101 0
79 101 0
81 101 0
92 101 0
94 101 0
107 101 0
108 101 0
109 101 0
118 101 0
119 101 0
120 101 0
121 101 0
122 101 0
123 101 0
124 101 0
134 101 0
135 101 0
136 101 0
147 101 0
148 101 0
149 101 0
150 101 0
153 101 0
159 101 0
160 101 0
161 101 0
162 101 0
163 101 0
174 101 0
175 101 0
176 101 0
186 101 0
29 102 0
38 102 0
67 102 0
79 102 0
81 102 0
94 102 0
107 102 0
108 102 0
109 102 0
114 102 0
116 102 0
117 102 0
118 102 0
119 102 0
120 102 0
121 102 0
122 102 0
123 102 0
133 102 0
134 102 0
135 102 0
136 102 0
147 102 0
148 102 0
149 102 0
150 102 0
161 102 0
162 102 0
163 102 0
166 102 0
174 102 0
175 102 0
176 102 0
177 102 0
180 102 0
188 102 0
29 103 0
38 103 0
39 103 0
67 103 0
79 103 0
81 103 0
91 103 0
92 103 0
94 103 0
99 103 0
105 103 0
106 103 0
108 103 0
113 103 0
114 103 0
115 103 0
116 103 0
119 103 0
120 103 0
121 103 0
122 103 0
133 103 0
134 103 0
135 103 0
146 103 0
147 103 0
148 103 0
149 103 0
161 103 0
162 103 0
163 103 0
166 103 0
172 103 0
173 103 0
174 103 0
175 103 0
176 103 0
186 103 0
37 104 0
39 104 0
40 104 0
41 104 0
42 104 0
53 104 0
67 104 0
78 104 0
79 104 0
80 104 0
81 104 0
96 104 0
97 104 0
98 104 0
105 104 0
106 104 0
107 104 0
108 104 0
109 104 0
110 104 0
113 104 0
120 104 0
121 104 0
122 104 0
133 104 0
134 104 0
135 104 0
147 104 0
148 104 0
160 104 0
161 104 0
162 104 0
163 104 0
175 104 0
176 104 0
7 105 0
9 105 0
38 105 0
39 105 0
40 105 0
41 105 0
51 105 0
53 105 0
72 105 0
77 105 0
78 105 0
79 105 0
80 105 0
81 105 0
93 105 0
95 105 0
96 105 0
106 105 0
107 105 0
108 105 0
109 105 0
110 105 0
119 105 0
121 105 0
122 105 0
132 105 0
135 105 0
146 105 0
148 105 0
160 105 0
161 105 0
162 105 0
173 105 0
174 105 0
175 105 0
9 106 0
10 106 0
40 106 0
51 106 0
52 106 0
53 106 0
54 106 0
64 106 0
65 106 0
66 106 0
69 106 0
70 106 0
78 106 0
79 106 0
80 106 0
81 106 0
91 106 0
92 106 0
93 106 0
94 106 0
95 106 0
96 106 0
106 106 0
107 106 0
108 106 0
119 106 0
121 106 0
122 106 0
133 106 0
134 106 0
135 106 0
147 106 0
148 106 0
160 106 0
161 106 0
162 106 0
173 106 0
174 106 0
175 106 0
186 106 0
9 107 0
11 107 0
19 107 0
40 107 0
53 107 0
54 107 0
62 107 0
65 107 0
66 107 0
67 107 0
68 107 0
79 107 0
80 107 0
86 107 0
90 107 0
91 107 0
92 107 0
94 107 0
95 107 0
106 107 0
108 107 0
120 107 0
121 107 0
122 107 0
133 107 0
134 107 0
135 107 0
146 107 0
147 107 0
148 107 0
160 107 0
162 107 0
173 107 0
174 107 0
175 107 0
17 108 0
18 108 0
19 108 0
30 108 0
51 108 0
53 108 0
64 108 0
66 108 0
67 108 0
68 108 0
78 108 0
80 108 0
91 108 0
92 108 0
93 108 0
94 108 0
95 108 0
106 108 0
107 108 0
108 108 0
120 108 0
121 108 0
122 108 0
133 108 0
134 108 0
135 108 0
146 108 0
147 108 0
148 108 0
159 108 0
160 108 0
161 108 0
162 108 0
173 108 0
174 108 0
175 108 0
9 109 0
17 109 0
19 109 0
40 109 0
53 109 0
65 109 0
66 109 0
67 109 0
80 109 0
92 109 0
94 109 0
106 109 0
107 109 0
108 109 0
120 109 0
121 109 0
122 109 0
132 109 0
133 109 0
134 109 0
135 109 0
146 109 0
147 109 0
148 109 0
160 109 0
161 109 0
173 109 0
174 109 0
175 109 0
19 110 0
30 110 0
40 110 0
53 110 0
65 110 0
67 110 0
94 110 0
105 110 0
106 110 0
107 110 0
108 110 0
120 110 0
121 110 0
133 110 0
134 110 0
135 110 0
146 110 0
147 110 0
148 110 0
159 110 0
160 110 0
161 110 0
162 110 0
172 110 0
173 110 0
174 110 0
19 111 0
40 111 0
67 111 0
79 111 0
80 111 0
92 111 0
94 111 0
108 111 0
119 111 0
121 111 0
132 111 0
134 111 0
135 111 0
146 111 0
147 111 0
148 111 0
159 111 0
160 111 0
161 111 0
172 111 0
174 111 0
30 112 0
80 112 0
94 112 0
106 112 0
107 112 0
108 112 0
119 112 0
121 112 0
133 112 0
134 112 0
135 112 0
146 112 0
147 112 0
148 112 0
159 112 0
160 112 0
161 112 0
172 112 0
173 112 0
174 112 0
29 113 0
31 113 0
53 113 0
67 113 0
70 113 0
80 113 0
94 113 0
105 113 0
106 113 0
107 113 0
108 113 0
119 113 0
121 113 0
132 113 0
133 113 0
145 113 0
146 113 0
147 113 0
148 113 0
159 113 0
160 113 0
161 113 0
172 113 0
174 113 0
186 113 0
29 114 0
30 114 0
31 114 0
53 114 0
80 114 0
92 114 0
94 114 0
107 114 0
108 114 0
119 114 0
120 114 0
121 114 0
130 114 0
131 114 0
132 114 0
133 114 0
134 114 0
135 114 0
144 114 0
145 114 0
146 114 0
147 114 0
158 114 0
159 114 0
160 114 0
161 114 0
172 114 0
173 114 0
174 114 0
30 115 0
41 115 0
67 115 0
80 115 0
93 115 0
94 115 0
106 115 0
107 115 0
108 115 0
117 115 0
118 115 0
119 115 0
120 115 0
121 115 0
127 115 0
130 115 0
132 115 0
133 115 0
134 115 0
135 115 0
145 115 0
146 115 0
147 115 0
148 115 0
158 115 0
159 115 0
160 115 0
161 115 0
171 115 0
172 115 0
173 115 0
174 115 0
181 115 0
183 115 0
184 115 0
185 115 0
186 115 0
30 116 0
41 116 0
65 116 0
67 116 0
79 116 0
80 116 0
92 116 0
93 116 0
94 116 0
105 116 0
107 116 0
108 116 0
113 116 0
114 116 0
117 116 0
118 116 0
119 116 0
120 116 0
121 116 0
127 116 0
131 116 0
132 116 0
133 116 0
134 116 0
145 116 0
146 116 0
147 116 0
159 116 0
161 116 0
164 116 0
170 116 0
171 116 0
172 116 0
173 116 0
174 116 0
184 116 0
185 116 0
186 116 0
39 117 0
80 117 0
105 117 0
111 117 0
119 117 0
120 117 0
121 117 0
131 117 0
132 117 0
133 117 0
134 117 0
145 117 0
146 117 0
147 117 0
159 117 0
160 117 0
161 117 0
170 117 0
171 117 0
172 117 0
173 117 0
174 117 0
184 117 0
185 117 0
9 118 0
10 118 0
39 118 0
41 118 0
54 118 0
67 118 0
78 118 0
80 118 0
94 118 0
106 118 0
109 118 0
110 118 0
119 118 0
120 118 0
121 118 0
133 118 0
134 118 0
145 118 0
146 118 0
147 118 0
159 118 0
160 118 0
161 118 0
172 118 0
173 118 0
184 118 0
185 118 0
8 119 0
9 119 0
10 119 0
40 119 0
41 119 0
65 119 0
67 119 0
75 119 0
76 119 0
77 119 0
78 119 0
80 119 0
92 119 0
94 119 0
104 119 0
105 119 0
106 119 0
107 119 0
108 119 0
109 119 0
110 119 0
119 119 0
120 119 0
121 119 0
132 119 0
133 119 0
134 119 0
144 119 0
145 119 0
146 119 0
147 119 0
159 119 0
160 119 0
171 119 0
173 119 0
183 119 0
185 119 0
9 120 0
10 120 0
39 120 0
41 120 0
52 120 0
65 120 0
72 120 0
78 120 0
79 120 0
80 120 0
81 120 0
90 120 0
91 120 0
92 120 0
93 120 0
94 120 0
102 120 0
104 120 0
105 120 0
106 120 0
107 120 0
108 120 0
119 120 0
120 120 0
121 120 0
131 120 0
132 120 0
133 120 0
134 120 0
145 120 0
146 120 0
147 120 0
158 120 0
159 120 0
160 120 0
171 120 0
172 120 0
173 120 0
39 121 0
41 121 0
51 121 0
54 121 0
64 121 0
65 121 0
66 121 0
67 121 0
68 121 0
80 121 0
81 121 0
91 121 0
92 121 0
93 121 0
94 121 0
98 121 0
103 121 0
105 121 0
106 121 0
107 121 0
108 121 0
119 121 0
120 121 0
121 121 0
131 121 0
133 121 0
144 121 0
145 121 0
146 121 0
160 121 0
18 122 0
19 122 0
41 122 0
53 122 0
54 122 0
64 122 0
65 122 0
66 122 0
67 122 0
78 122 0
80 122 0
92 122 0
93 122 0
94 122 0
107 122 0
120 122 0
121 122 0
131 122 0
133 122 0
145 122 0
146 122 0
158 122 0
159 122 0
160 122 0
171 122 0
172 122 0
173 122 0
17 123 0
18 123 0
20 123 0
21 123 0
54 123 0
67 123 0
78 123 0
80 123 0
91 123 0
105 123 0
107 123 0
120 123 0
121 123 0
130 123 0
131 123 0
133 123 0
158 123 0
159 123 0
160 123 0
171 123 0
173 123 0
184 123 0
20 124 0
67 124 0
80 124 0
92 124 0
94 124 0
107 124 0
119 124 0
120 124 0
121 124 0
131 124 0
132 124 0
133 124 0
144 124 0
145 124 0
146 124 0
158 124 0
160 124 0
171 124 0
172 124 0
173 124 0
20 125 0
25 125 0
65 125 0
67 125 0
92 125 0
93 125 0
94 125 0
106 125 0
107 125 0
120 125 0
121 125 0
131 125 0
133 125 0
144 125 0
145 125 0
146 125 0
158 125 0
159 125 0
160 125 0
173 125 0
29 126 0
31 126 0
52 126 0
54 126 0
78 126 0
80 126 0
92 126 0
93 126 0
94 126 0
105 126 0
106 126 0
107 126 0
119 126 0
120 126 0
121 126 0
131 126 0
132 126 0
133 126 0
144 126 0
145 126 0
146 126 0
159 126 0
160 126 0
171 126 0
172 126 0
182 126 0
183 126 0
184 126 0
29 127 0
30 127 0
31 127 0
67 127 0
93 127 0
94 127 0
107 127 0
119 127 0
120 127 0
124 127 0
126 127 0
129 127 0
130 127 0
131 127 0
132 127 0
133 127 0
134 127 0
144 127 0
145 127 0
146 127 0
158 127 0
159 127 0
160 127 0
171 127 0
172 127 0
182 127 0
183 127 0
184 127 0
1 128 0
29 128 0
31 128 0
67 128 0
80 128 0
93 128 0
105 128 0
107 128 0
117 128 0
119 128 0
120 128 0
121 128 0
123 128 0
124 128 0
125 128 0
130 128 0
131 128 0
132 128 0
133 128 0
143 128 0
144 128 0
145 128 0
146 128 0
153 128 0
155 128 0
156 128 0
157 128 0
158 128 0
159 128 0
160 128 0
170 128 0
172 128 0
181 128 0
182 128 0
183 128 0
184 128 0
41 129 0
80 129 0
92 129 0
93 129 0
94 129 0
117 129 0
118 129 0
119 129 0
120 129 0
121 129 0
131 129 0
132 129 0
143 129 0
144 129 0
145 129 0
146 129 0
157 129 0
158 129 0
159 129 0
160 129 0
169 129 0
170 129 0
171 129 0
172 129 0
177 129 0
181 129 0
182 129 0
183 129 0
184 129 0
41 130 0
78 130 0
80 130 0
92 130 0
93 130 0
94 130 0
105 130 0
106 130 0
107 130 0
114 130 0
116 130 0
117 130 0
118 130 0
119 130 0
120 130 0
121 130 0
129 130 0
130 130 0
131 130 0
132 130 0
143 130 0
144 130 0
145 130 0
157 130 0
158 130 0
159 130 0
160 130 0
169 130 0
170 130 0
171 130 0
172 130 0
173 130 0
182 130 0
183 130 0
184 130 0
9 131 0
35 131 0
39 131 0
40 131 0
41 131 0
42 131 0
45 131 0
54 131 0
67 131 0
78 131 0
79 131 0
80 131 0
92 131 0
93 131 0
94 131 0
106 131 0
107 131 0
108 131 0
120 131 0
132 131 0
143 131 0
144 131 0
145 131 0
157 131 0
159 131 0
170 131 0
171 131 0
172 131 0
183 131 0
9 132 0
10 132 0
11 132 0
12 132 0
39 132 0
40 132 0
41 132 0
42 132 0
52 132 0
54 132 0
67 132 0
68 132 0
78 132 0
79 132 0
80 132 0
91 132 0
92 132 0
93 132 0
94 132 0
104 132 0
105 132 0
106 132 0
107 132 0
108 132 0
109 132 0
117 132 0
118 132 0
119 132 0
120 132 0
130 132 0
131 132 0
132 132 0
143 132 0
144 132 0
145 132 0
157 132 0
158 132 0
159 132 0
170 132 0
171 132 0
183 132 0
11 133 0
40 133 0
41 133 0
42 133 0
52 133 0
53 133 0
54 133 0
72 133 0
76 133 0
77 133 0
78 133 0
79 133 0
80 133 0
91 133 0
104 133 0
105 133 0
106 133 0
107 133 0
108 133 0
109 133 0
117 133 0
119 133 0
120 133 0
129 133 0
131 133 0
132 133 0
143 133 0
144 133 0
145 133 0
157 133 0
158 133 0
159 133 0
169 133 0
170 133 0
171 133 0
183 133 0
20 134 0
21 134 0
22 134 0
41 134 0
51 134 0
53 134 0
54 134 0
55 134 0
61 134 0
66 134 0
70 134 0
76 134 0
79 134 0
80 134 0
90 134 0
91 134 0
92 134 0
93 134 0
94 134 0
95 134 0
101 134 0
102 134 0
103 134 0
104 134 0
105 134 0
107 134 0
108 134 0
118 134 0
119 134 0
120 134 0
130 134 0
131 134 0
132 134 0
143 134 0
144 134 0
145 134 0
157 134 0
158 134 0
169 134 0
170 134 0
171 134 0
20 135 0
21 135 0
22 135 0
23 135 0
41 135 0
54 135 0
55 135 0
60 135 0
65 135 0
66 135 0
68 135 0
79 135 0
80 135 0
90 135 0
91 135 0
92 135 0
93 135 0
94 135 0
105 135 0
107 135 0
130 135 0
131 135 0
132 135 0
143 135 0
144 135 0
145 135 0
157 135 0
158 135 0
169 135 0
170 135 0
171 135 0
183 135 0
22 136 0
54 136 0
66 136 0
67 136 0
68 136 0
78 136 0
91 136 0
92 136 0
93 136 0
94 136 0
107 136 0
118 136 0
119 136 0
120 136 0
130 136 0
131 136 0
132 136 0
144 136 0
169 136 0
170 136 0
171 136 0
180 136 0
181 136 0
182 136 0
183 136 0
5 137 0
66 137 0
67 137 0
68 137 0
93 137 0
107 137 0
119 137 0
120 137 0
130 137 0
131 137 0
143 137 0
144 137 0
157 137 0
158 137 0
169 137 0
170 137 0
171 137 0
181 137 0
182 137 0
183 137 0
4 138 0
93 138 0
105 138 0
107 138 0
117 138 0
118 138 0
119 138 0
130 138 0
131 138 0
142 138 0
143 138 0
144 138 0
145 138 0
157 138 0
158 138 0
169 138 0
170 138 0
182 138 0
31 139 0
32 139 0
33 139 0
91 139 0
93 139 0
104 139 0
105 139 0
107 139 0
118 139 0
119 139 0
129 139 0
130 139 0
133 139 0
142 139 0
143 139 0
144 139 0
145 139 0
156 139 0
157 139 0
169 139 0
170 139 0
180 139 0
181 139 0
182 139 0
186 139 0
27 140 0
30 140 0
31 140 0
32 140 0
33 140 0
80 140 0
91 140 0
93 140 0
106 140 0
107 140 0
117 140 0
119 140 0
129 140 0
130 140 0
131 140 0
132 140 0
139 140 0
142 140 0
143 140 0
144 140 0
155 140 0
156 140 0
157 140 0
168 140 0
169 140 0
170 140 0
180 140 0
181 140 0
182 140 0
183 140 0
30 141 0
31 141 0
32 141 0
68 141 0
78 141 0
80 141 0
93 141 0
117 141 0
123 141 0
129 141 0
130 141 0
131 141 0
132 141 0
142 141 0
143 141 0
144 141 0
153 141 0
154 141 0
155 141 0
156 141 0
157 141 0
158 141 0
164 141 0
166 141 0
167 141 0
168 141 0
169 141 0
177 141 0
179 141 0
180 141 0
181 141 0
182 141 0
40 142 0
68 142 0
80 142 0
93 142 0
105 142 0
106 142 0
107 142 0
115 142 0
116 142 0
117 142 0
118 142 0
119 142 0
120 142 0
122 142 0
129 142 0
130 142 0
131 142 0
142 142 0
143 142 0
144 142 0
152 142 0
155 142 0
156 142 0
157 142 0
166 142 0
168 142 0
169 142 0
170 142 0
178 142 0
180 142 0
181 142 0
182 142 0
53 143 0
68 143 0
80 143 0
105 143 0
106 143 0
107 143 0
116 143 0
117 143 0
118 143 0
119 143 0
120 143 0
130 143 0
141 143 0
142 143 0
143 143 0
154 143 0
155 143 0
156 143 0
157 143 0
168 143 0
169 143 0
170 143 0
177 143 0
178 143 0
179 143 0
180 143 0
182 143 0
183 143 0
184 143 0
58 144 0
62 144 0
63 144 0
66 144 0
67 144 0
78 144 0
80 144 0
92 144 0
93 144 0
105 144 0
107 144 0
109 144 0
112 144 0
114 144 0
115 144 0
117 144 0
118 144 0
119 144 0
129 144 0
130 144 0
141 144 0
142 144 0
143 144 0
156 144 0
165 144 0
166 144 0
167 144 0
168 144 0
170 144 0
171 144 0
172 144 0
173 144 0
174 144 0
175 144 0
176 144 0
5 145 0
7 145 0
67 145 0
69 145 0
71 145 0
73 145 0
75 145 0
76 145 0
77 145 0
78 145 0
79 145 0
85 145 0
91 145 0
92 145 0
93 145 0
105 145 0
117 145 0
118 145 0
128 145 0
129 145 0
130 145 0
139 145 0
140 145 0
141 145 0
142 145 0
144 145 0
146 145 0
147 145 0
148 145 0
149 145 0
150 145 0
151 145 0
152 145 0
153 145 0
154 145 0
155 145 0
158 145 0
159 145 0
161 145 0
164 145 0
4 146 0
5 146 0
84 146 0
85 146 0
88 146 0
91 146 0
92 146 0
95 146 0
97 146 0
98 146 0
99 146 0
100 146 0
102 146 0
103 146 0
104 146 0
105 146 0
106 146 0
112 146 0
113 146 0
115 146 0
116 146 0
117 146 0
118 146 0
120 146 0
121 146 0
122 146 0
123 146 0
124 146 0
125 146 0
126 146 0
127 146 0
128 146 0
129 146 0
131 146 0
133 146 0
134 146 0
135 146 0
136 146 0
137 146 0
138 146 0
139 146 0
140 146 0
141 146 0
142 146 0
180 149 0
183 149 0
184 149 0
5 150 0
32 150 0
34 150 0
43 150 0
168 150 0
172 150 0
173 150 0
174 150 0
175 150 0
176 150 0
180 150 0
181 150 0
6 151 0
33 151 0
34 151 0
43 151 0
159 151 0
162 151 0
167 151 0
168 151 0
177 151 0
6 152 0
25 152 0
32 152 0
33 152 0
34 152 0
43 152 0
56 152 0
155 152 0
156 152 0
158 152 0
164 152 0
167 152 0
168 152 0
175 152 0
177 152 0
178 152 0
179 152 0
180 152 0
181 152 0
34 153 0
68 153 0
69 153 0
81 153 0
93 153 0
99 153 0
106 153 0
107 153 0
129 153 0
130 153 0
142 153 0
143 153 0
155 153 0
156 153 0
165 153 0
166 153 0
167 153 0
168 153 0
180 153 0
6 154 0
14 154 0
68 154 0
69 154 0
81 154 0
93 154 0
95 154 0
96 154 0
97 154 0
106 154 0
107 154 0
116 154 0
118 154 0
119 154 0
120 154 0
129 154 0
130 154 0
141 154 0
142 154 0
143 154 0
147 154 0
154 154 0
155 154 0
166 154 0
167 154 0
168 154 0
179 154 0
180 154 0
13 155 0
14 155 0
15 155 0
16 155 0
42 155 0
93 155 0
106 155 0
115 155 0
116 155 0
117 155 0
118 155 0
119 155 0
129 155 0
130 155 0
140 155 0
141 155 0
165 155 0
167 155 0
179 155 0
2 156 0
15 156 0
16 156 0
42 156 0
45 156 0
93 156 0
106 156 0
114 156 0
115 156 0
118 156 0
119 156 0
129 156 0
153 156 0
154 156 0
167 156 0
1 157 0
24 157 0
42 157 0
43 157 0
44 157 0
45 157 0
67 157 0
69 157 0
78 157 0
79 157 0
80 157 0
81 157 0
104 157 0
117 157 0
118 157 0
129 157 0
141 157 0
153 157 0
154 157 0
164 157 0
165 157 0
166 157 0
167 157 0
24 158 0
25 158 0
26 158 0
44 158 0
56 158 0
73 158 0
77 158 0
78 158 0
79 158 0
80 158 0
81 158 0
91 158 0
103 158 0
104 158 0
106 158 0
117 158 0
118 158 0
129 158 0
140 158 0
141 158 0
153 158 0
154 158 0
165 158 0
179 158 0
44 159 0
56 159 0
57 159 0
66 159 0
67 159 0
68 159 0
70 159 0
81 159 0
91 159 0
92 159 0
93 159 0
94 159 0
99 159 0
102 159 0
106 159 0
129 159 0
141 159 0
154 159 0
166 159 0
57 160 0
67 160 0
68 160 0
69 160 0
70 160 0
91 160 0
93 160 0
94 160 0
106 160 0
127 160 0
129 160 0
152 160 0
153 160 0
154 160 0
166 160 0
177 160 0
178 160 0
9 161 0
69 161 0
81 161 0
93 161 0
106 161 0
127 161 0
129 161 0
141 161 0
165 161 0
166 161 0
178 161 0
9 162 0
93 162 0
106 162 0
115 162 0
117 162 0
118 162 0
126 162 0
127 162 0
130 162 0
131 162 0
139 162 0
141 162 0
152 162 0
153 162 0
154 162 0
165 162 0
166 162 0
176 162 0
177 162 0
178 162 0
8 163 0
34 163 0
36 163 0
91 163 0
93 163 0
99 163 0
117 163 0
126 163 0
127 163 0
128 163 0
129 163 0
138 163 0
139 163 0
140 163 0
141 163 0
152 163 0
153 163 0
163 163 0
164 163 0
165 163 0
166 163 0
174 163 0
175 163 0
177 163 0
178 163 0
35 164 0
91 164 0
93 164 0
106 164 0
114 164 0
117 164 0
118 164 0
124 164 0
125 164 0
127 164 0
128 164 0
129 164 0
139 164 0
140 164 0
141 164 0
151 164 0
152 164 0
153 164 0
154 164 0
165 164 0
166 164 0
176 164 0
177 164 0
4 165 0
5 165 0
81 165 0
93 165 0
103 165 0
106 165 0
113 165 0
115 165 0
116 165 0
117 165 0
118 165 0
128 165 0
140 165 0
151 165 0
152 165 0
153 165 0
154 165 0
165 165 0
166 165 0
5 166 0
18 166 0
81 166 0
113 166 0
114 166 0
115 166 0
116 166 0
117 166 0
118 166 0
128 166 0
138 166 0
140 166 0
153 166 0
165 166 0
17 167 0
44 167 0
45 167 0
46 167 0
117 167 0
118 167 0
128 167 0
140 167 0
153 167 0
163 167 0
164 167 0
165 167 0
26 168 0
44 168 0
46 168 0
79 168 0
80 168 0
93 168 0
104 168 0
128 168 0
140 168 0
26 169 0
27 169 0
28 169 0
46 169 0
56 169 0
79 169 0
81 169 0
82 169 0
92 169 0
93 169 0
103 169 0
104 169 0
105 169 0
106 169 0
117 169 0
140 169 0
151 169 0
163 169 0
164 169 0
28 170 0
55 170 0
58 170 0
67 170 0
68 170 0
70 170 0
80 170 0
81 170 0
82 170 0
91 170 0
92 170 0
93 170 0
94 170 0
103 170 0
104 170 0
105 170 0
106 170 0
107 170 0
116 170 0
117 170 0
152 170 0
162 170 0
164 170 0
11 171 0
12 171 0
57 171 0
58 171 0
70 171 0
93 171 0
94 171 0
106 171 0
117 171 0
142 171 0
143 171 0
144 171 0
146 171 0
147 171 0
149 171 0
152 171 0
153 171 0
11 172 0
38 172 0
93 172 0
102 172 0
106 172 0
116 172 0
117 172 0
126 172 0
128 172 0
138 172 0
139 172 0
143 172 0
144 172 0
145 172 0
152 172 0
171 172 0
172 172 0
173 172 0
174 172 0
175 172 0
176 172 0
184 172 0
185 172 0
186 172 0
36 173 0
38 173 0
106 173 0
115 173 0
117 173 0
124 173 0
125 173 0
126 173 0
127 173 0
128 173 0
135 173 0
136 173 0
142 173 0
149 173 0
150 173 0
152 173 0
162 173 0
163 173 0
176 173 0
182 173 0
7 174 0
8 174 0
38 174 0
121 174 0
124 174 0
127 174 0
128 174 0
134 174 0
138 174 0
139 174 0
140 174 0
150 174 0
151 174 0
152 174 0
159 174 0
160 174 0
161 174 0
163 174 0
164 174 0
165 174 0
166 174 0
19 175 0
82 175 0
106 175 0
114 175 0
116 175 0
118 175 0
127 175 0
128 175 0
131 175 0
133 175 0
137 175 0
139 175 0
140 175 0
150 175 0
151 175 0
152 175 0
162 175 0
163 175 0
164 175 0
166 175 0
167 175 0
18 176 0
20 176 0
21 176 0
82 176 0
106 176 0
115 176 0
116 176 0
117 176 0
118 176 0
129 176 0
130 176 0
131 176 0
139 176 0
151 176 0
169 176 0
183 176 0
184 176 0
185 176 0
20 177 0
82 177 0
93 177 0
115 177 0
117 177 0
118 177 0
126 177 0
130 177 0
139 177 0
151 177 0
163 177 0
167 177 0
175 177 0
22 32 1
9 36 1
20 37 1
23 37 1
4 44 1
18 44 1
19 44 1
85 47 1
101 47 1
104 48 1
84 49 1
85 49 1
86 49 1
95 49 1
96 49 1
97 49 1
103 49 1
83 50 1
84 50 1
85 50 1
87 50 1
95 50 1
96 50 1
105 50 1
106 50 1
82 51 1
83 51 1
84 51 1
85 51 1
86 51 1
94 51 1
95 51 1
96 51 1
104 51 1
105 51 1
106 51 1
107 51 1
109 51 1
84 52 1
94 52 1
95 52 1
96 52 1
97 52 1
98 52 1
104 52 1
105 52 1
106 52 1
94 53 1
96 53 1
104 53 1
105 53 1
106 53 1
107 53 1
108 53 1
109 53 1
110 53 1
83 54 1
84 54 1
90 54 1
91 54 1
97 54 1
105 54 1
110 54 1
111 54 1
120 54 1
82 55 1
83 55 1
84 55 1
85 55 1
88 55 1
92 55 1
93 55 1
96 55 1
82 56 1
83 56 1
84 56 1
90 56 1
91 56 1
94 56 1
96 56 1
106 56 1
107 56 1
108 56 1
111 56 1
81 57 1
82 57 1
83 57 1
84 57 1
85 57 1
91 57 1
92 57 1
93 57 1
105 57 1
106 57 1
107 57 1
110 57 1
82 58 1
83 58 1
84 58 1
85 58 1
90 58 1
91 58 1
106 58 1
107 58 1
108 58 1
82 59 1
83 59 1
84 59 1
85 59 1
86 59 1
90 59 1
91 59 1
92 59 1
96 59 1
97 59 1
105 59 1
106 59 1
107 59 1
108 59 1
109 59 1
110 59 1
111 59 1
112 59 1
82 60 1
83 60 1
84 60 1
85 60 1
86 60 1
87 60 1
90 60 1
91 60 1
103 60 1
104 60 1
105 60 1
106 60 1
107 60 1
108 60 1
109 60 1
111 60 1
112 60 1
115 60 1
76 61 1
82 61 1
83 61 1
84 61 1
85 61 1
86 61 1
95 61 1
104 61 1
105 61 1
106 61 1
107 61 1
109 61 1
114 61 1
115 61 1
83 62 1
84 62 1
85 62 1
86 62 1
87 62 1
104 62 1
105 62 1
106 62 1
107 62 1
108 62 1
109 62 1
123 62 1
83 63 1
84 63 1
85 63 1
86 63 1
87 63 1
88 63 1
90 63 1
103 63 1
104 63 1
105 63 1
106 63 1
107 63 1
109 63 1
84 64 1
85 64 1
86 64 1
87 64 1
88 64 1
102 64 1
103 64 1
104 64 1
105 64 1
106 64 1
107 64 1
109 64 1
112 64 1
85 65 1
86 65 1
87 65 1
88 65 1
89 65 1
101 65 1
102 65 1
103 65 1
104 65 1
105 65 1
107 65 1
108 65 1
86 66 1
87 66 1
88 66 1
89 66 1
91 66 1
96 66 1
101 66 1
102 66 1
103 66 1
104 66 1
105 66 1
86 67 1
87 67 1
88 67 1
89 67 1
90 67 1
91 67 1
92 67 1
93 67 1
96 67 1
97 67 1
100 67 1
101 67 1
102 67 1
103 67 1
87 68 1
88 68 1
89 68 1
90 68 1
91 68 1
92 68 1
93 68 1
95 68 1
97 68 1
101 68 1
103 68 1
104 68 1
107 68 1
88 69 1
89 69 1
90 69 1
91 69 1
93 69 1
94 69 1
89 70 1
90 70 1
91 70 1
92 70 1
93 70 1
94 70 1
97 70 1
87 72 1
