83 1 0
86 1 0
112 1 0
182 1 0
42 2 0
83 2 0
84 2 0
96 2 0
97 2 0
111 2 0
112 2 0
125 2 0
126 2 0
139 2 0
141 2 0
153 2 0
154 2 0
167 2 0
168 2 0
181 2 0
182 2 0
2 3 0
68 3 0
83 3 0
96 3 0
97 3 0
110 3 0
112 3 0
125 3 0
126 3 0
139 3 0
140 3 0
141 3 0
153 3 0
154 3 0
155 3 0
167 3 0
168 3 0
180 3 0
181 3 0
182 3 0
2 4 0
42 4 0
68 4 0
82 4 0
83 4 0
96 4 0
97 4 0
112 4 0
125 4 0
126 4 0
139 4 0
140 4 0
141 4 0
153 4 0
154 4 0
155 4 0
167 4 0
168 4 0
180 4 0
181 4 0
182 4 0
8 5 0
9 5 0
10 5 0
11 5 0
20 5 0
82 5 0
83 5 0
96 5 0
97 5 0
112 5 0
125 5 0
126 5 0
139 5 0
140 5 0
141 5 0
153 5 0
154 5 0
155 5 0
167 5 0
168 5 0
180 5 0
181 5 0
182 5 0
9 6 0
10 6 0
11 6 0
19 6 0
20 6 0
21 6 0
24 6 0
30 6 0
54 6 0
55 6 0
95 6 0
96 6 0
97 6 0
110 6 0
111 6 0
125 6 0
126 6 0
139 6 0
140 6 0
141 6 0
153 6 0
154 6 0
155 6 0
167 6 0
168 6 0
180 6 0
181 6 0
182 6 0
10 7 0
19 7 0
20 7 0
21 7 0
23 7 0
24 7 0
25 7 0
26 7 0
27 7 0
29 7 0
30 7 0
55 7 0
97 7 0
110 7 0
111 7 0
125 7 0
126 7 0
139 7 0
140 7 0
153 7 0
154 7 0
155 7 0
167 7 0
168 7 0
181 7 0
182 7 0
20 8 0
21 8 0
27 8 0
30 8 0
31 8 0
32 8 0
33 8 0
81 8 0
82 8 0
110 8 0
111 8 0
125 8 0
126 8 0
139 8 0
140 8 0
141 8 0
153 8 0
154 8 0
155 8 0
167 8 0
168 8 0
181 8 0
182 8 0
19 9 0
31 9 0
32 9 0
42 9 0
53 9 0
81 9 0
82 9 0
96 9 0
110 9 0
111 9 0
124 9 0
125 9 0
126 9 0
137 9 0
138 9 0
139 9 0
140 9 0
141 9 0
153 9 0
154 9 0
155 9 0
167 9 0
168 9 0
180 9 0
181 9 0
182 9 0
9 10 0
31 10 0
41 10 0
43 10 0
67 10 0
81 10 0
82 10 0
96 10 0
110 10 0
111 10 0
123 10 0
124 10 0
125 10 0
129 10 0
130 10 0
131 10 0
132 10 0
135 10 0
136 10 0
137 10 0
138 10 0
139 10 0
140 10 0
141 10 0
142 10 0
150 10 0
151 10 0
152 10 0
153 10 0
154 10 0
167 10 0
168 10 0
180 10 0
181 10 0
182 10 0
40 11 0
41 11 0
42 11 0
43 11 0
44 11 0
45 11 0
54 11 0
67 11 0
82 11 0
95 11 0
96 11 0
97 11 0
110 11 0
111 11 0
120 11 0
121 11 0
122 11 0
123 11 0
124 11 0
126 11 0
127 11 0
128 11 0
129 11 0
130 11 0
131 11 0
132 11 0
133 11 0
134 11 0
135 11 0
136 11 0
137 11 0
138 11 0
139 11 0
140 11 0
141 11 0
148 11 0
149 11 0
150 11 0
151 11 0
152 11 0
154 11 0
155 11 0
157 11 0
166 11 0
167 11 0
180 11 0
181 11 0
182 11 0
41 12 0
42 12 0
51 12 0
53 12 0
54 12 0
56 12 0
65 12 0
67 12 0
81 12 0
94 12 0
95 12 0
96 12 0
97 12 0
99 12 0
109 12 0
110 12 0
111 12 0
112 12 0
113 12 0
114 12 0
117 12 0
118 12 0
119 12 0
120 12 0
121 12 0
122 12 0
123 12 0
125 12 0
126 12 0
127 12 0
138 12 0
139 12 0
140 12 0
153 12 0
154 12 0
155 12 0
157 12 0
158 12 0
159 12 0
165 12 0
166 12 0
167 12 0
168 12 0
169 12 0
170 12 0
180 12 0
181 12 0
182 12 0
53 13 0
54 13 0
55 13 0
61 13 0
64 13 0
65 13 0
66 13 0
69 13 0
81 13 0
90 13 0
92 13 0
93 13 0
94 13 0
95 13 0
96 13 0
97 13 0
98 13 0
99 13 0
100 13 0
101 13 0
102 13 0
107 13 0
108 13 0
109 13 0
110 13 0
111 13 0
112 13 0
113 13 0
114 13 0
115 13 0
116 13 0
118 13 0
119 13 0
120 13 0
125 13 0
126 13 0
138 13 0
139 13 0
140 13 0
152 13 0
153 13 0
154 13 0
165 13 0
166 13 0
167 13 0
168 13 0
169 13 0
179 13 0
180 13 0
181 13 0
182 13 0
183 13 0
54 14 0
55 14 0
61 14 0
64 14 0
66 14 0
67 14 0
68 14 0
69 14 0
80 14 0
81 14 0
83 14 0
84 14 0
85 14 0
86 14 0
87 14 0
88 14 0
89 14 0
90 14 0
91 14 0
92 14 0
93 14 0
94 14 0
95 14 0
96 14 0
97 14 0
106 14 0
107 14 0
108 14 0
109 14 0
110 14 0
111 14 0
112 14 0
124 14 0
125 14 0
126 14 0
138 14 0
139 14 0
140 14 0
152 14 0
153 14 0
154 14 0
166 14 0
167 14 0
168 14 0
177 14 0
178 14 0
179 14 0
180 14 0
181 14 0
182 14 0
183 14 0
54 15 0
64 15 0
67 15 0
68 15 0
78 15 0
79 15 0
80 15 0
81 15 0
82 15 0
83 15 0
84 15 0
85 15 0
88 15 0
90 15 0
94 15 0
95 15 0
96 15 0
109 15 0
110 15 0
111 15 0
124 15 0
125 15 0
138 15 0
139 15 0
140 15 0
152 15 0
153 15 0
154 15 0
166 15 0
167 15 0
180 15 0
181 15 0
182 15 0
18 16 0
65 16 0
66 16 0
67 16 0
76 16 0
77 16 0
78 16 0
79 16 0
80 16 0
81 16 0
82 16 0
94 16 0
95 16 0
96 16 0
109 16 0
110 16 0
111 16 0
124 16 0
125 16 0
138 16 0
139 16 0
140 16 0
152 16 0
153 16 0
154 16 0
166 16 0
167 16 0
180 16 0
181 16 0
182 16 0
19 17 0
67 17 0
80 17 0
81 17 0
82 17 0
94 17 0
95 17 0
96 17 0
109 17 0
110 17 0
111 17 0
125 17 0
138 17 0
139 17 0
152 17 0
153 17 0
154 17 0
166 17 0
167 17 0
180 17 0
181 17 0
7 18 0
53 18 0
65 18 0
66 18 0
67 18 0
79 18 0
80 18 0
81 18 0
94 18 0
95 18 0
96 18 0
109 18 0
110 18 0
123 18 0
125 18 0
138 18 0
139 18 0
153 18 0
154 18 0
166 18 0
167 18 0
179 18 0
180 18 0
181 18 0
4 19 0
5 19 0
6 19 0
7 19 0
8 19 0
9 19 0
67 19 0
81 19 0
94 19 0
95 19 0
96 19 0
109 19 0
110 19 0
123 19 0
125 19 0
138 19 0
139 19 0
152 19 0
153 19 0
154 19 0
166 19 0
167 19 0
179 19 0
180 19 0
181 19 0
5 20 0
7 20 0
8 20 0
9 20 0
18 20 0
80 20 0
81 20 0
94 20 0
95 20 0
109 20 0
110 20 0
123 20 0
124 20 0
125 20 0
138 20 0
139 20 0
152 20 0
153 20 0
154 20 0
166 20 0
167 20 0
179 20 0
180 20 0
181 20 0
15 21 0
16 21 0
17 21 0
18 21 0
19 21 0
53 21 0
67 21 0
81 21 0
94 21 0
95 21 0
108 21 0
109 21 0
110 21 0
123 21 0
124 21 0
125 21 0
138 21 0
139 21 0
152 21 0
153 21 0
154 21 0
166 21 0
167 21 0
179 21 0
180 21 0
181 21 0
17 22 0
18 22 0
19 22 0
27 22 0
28 22 0
53 22 0
65 22 0
66 22 0
67 22 0
80 22 0
81 22 0
94 22 0
95 22 0
108 22 0
109 22 0
110 22 0
123 22 0
124 22 0
125 22 0
139 22 0
152 22 0
153 22 0
154 22 0
166 22 0
167 22 0
179 22 0
180 22 0
181 22 0
27 23 0
28 23 0
29 23 0
66 23 0
67 23 0
79 23 0
80 23 0
94 23 0
95 23 0
108 23 0
110 23 0
123 23 0
124 23 0
137 23 0
138 23 0
139 23 0
152 23 0
153 23 0
167 23 0
179 23 0
180 23 0
181 23 0
17 24 0
28 24 0
29 24 0
30 24 0
38 24 0
39 24 0
40 24 0
52 24 0
53 24 0
65 24 0
66 24 0
80 24 0
81 24 0
94 24 0
95 24 0
110 24 0
123 24 0
124 24 0
135 24 0
136 24 0
137 24 0
138 24 0
152 24 0
166 24 0
167 24 0
179 24 0
180 24 0
181 24 0
38 25 0
39 25 0
65 25 0
66 25 0
79 25 0
80 25 0
95 25 0
110 25 0
123 25 0
126 25 0
127 25 0
128 25 0
130 25 0
131 25 0
133 25 0
134 25 0
135 25 0
136 25 0
137 25 0
138 25 0
139 25 0
140 25 0
141 25 0
142 25 0
143 25 0
144 25 0
146 25 0
150 25 0
151 25 0
152 25 0
155 25 0
165 25 0
166 25 0
167 25 0
179 25 0
180 25 0
181 25 0
36 26 0
37 26 0
38 26 0
39 26 0
40 26 0
41 26 0
52 26 0
65 26 0
66 26 0
79 26 0
80 26 0
95 26 0
110 26 0
120 26 0
121 26 0
122 26 0
123 26 0
125 26 0
126 26 0
127 26 0
128 26 0
132 26 0
133 26 0
134 26 0
138 26 0
139 26 0
140 26 0
143 26 0
144 26 0
145 26 0
146 26 0
147 26 0
148 26 0
149 26 0
150 26 0
151 26 0
152 26 0
153 26 0
154 26 0
163 26 0
164 26 0
165 26 0
166 26 0
167 26 0
179 26 0
180 26 0
181 26 0
27 27 0
37 27 0
40 27 0
41 27 0
51 27 0
52 27 0
64 27 0
65 27 0
66 27 0
79 27 0
80 27 0
98 27 0
99 27 0
108 27 0
109 27 0
110 27 0
114 27 0
115 27 0
116 27 0
120 27 0
121 27 0
122 27 0
124 27 0
125 27 0
137 27 0
138 27 0
139 27 0
152 27 0
153 27 0
154 27 0
162 27 0
163 27 0
164 27 0
165 27 0
166 27 0
167 27 0
168 27 0
171 27 0
179 27 0
180 27 0
181 27 0
40 28 0
48 28 0
50 28 0
51 28 0
52 28 0
54 28 0
55 28 0
64 28 0
65 28 0
67 28 0
79 28 0
80 28 0
92 28 0
93 28 0
94 28 0
96 28 0
97 28 0
98 28 0
99 28 0
100 28 0
104 28 0
106 28 0
107 28 0
108 28 0
109 28 0
113 28 0
114 28 0
115 28 0
116 28 0
117 28 0
118 28 0
119 28 0
120 28 0
121 28 0
124 28 0
125 28 0
137 28 0
138 28 0
139 28 0
151 28 0
152 28 0
153 28 0
165 28 0
166 28 0
167 28 0
172 28 0
173 28 0
175 28 0
177 28 0
178 28 0
179 28 0
180 28 0
181 28 0
182 28 0
183 28 0
49 29 0
52 29 0
53 29 0
54 29 0
59 29 0
60 29 0
62 29 0
63 29 0
64 29 0
65 29 0
66 29 0
67 29 0
68 29 0
78 29 0
79 29 0
80 29 0
89 29 0
90 29 0
91 29 0
92 29 0
93 29 0
94 29 0
95 29 0
96 29 0
105 29 0
106 29 0
107 29 0
108 29 0
109 29 0
110 29 0
111 29 0
112 29 0
113 29 0
114 29 0
122 29 0
123 29 0
124 29 0
137 29 0
138 29 0
151 29 0
152 29 0
153 29 0
165 29 0
166 29 0
167 29 0
177 29 0
178 29 0
179 29 0
180 29 0
181 29 0
28 30 0
50 30 0
52 30 0
60 30 0
64 30 0
65 30 0
66 30 0
67 30 0
77 30 0
78 30 0
79 30 0
83 30 0
84 30 0
85 30 0
86 30 0
89 30 0
90 30 0
91 30 0
92 30 0
94 30 0
95 30 0
109 30 0
110 30 0
122 30 0
123 30 0
124 30 0
137 30 0
138 30 0
150 30 0
151 30 0
152 30 0
153 30 0
165 30 0
166 30 0
179 30 0
180 30 0
181 30 0
52 31 0
65 31 0
66 31 0
75 31 0
77 31 0
78 31 0
79 31 0
80 31 0
81 31 0
82 31 0
83 31 0
84 31 0
85 31 0
86 31 0
87 31 0
88 31 0
89 31 0
93 31 0
94 31 0
95 31 0
108 31 0
109 31 0
110 31 0
122 31 0
123 31 0
124 31 0
136 31 0
137 31 0
138 31 0
151 31 0
152 31 0
153 31 0
165 31 0
166 31 0
178 31 0
180 31 0
6 32 0
21 32 0
22 32 0
23 32 0
24 32 0
28 32 0
39 32 0
65 32 0
66 32 0
79 32 0
80 32 0
81 32 0
82 32 0
84 32 0
94 32 0
108 32 0
109 32 0
122 32 0
123 32 0
136 32 0
138 32 0
151 32 0
152 32 0
153 32 0
165 32 0
166 32 0
178 32 0
179 32 0
180 32 0
4 33 0
5 33 0
6 33 0
7 33 0
8 33 0
9 33 0
21 33 0
22 33 0
23 33 0
24 33 0
25 33 0
50 33 0
51 33 0
65 33 0
80 33 0
93 33 0
94 33 0
107 33 0
109 33 0
121 33 0
122 33 0
123 33 0
124 33 0
136 33 0
137 33 0
138 33 0
151 33 0
152 33 0
165 33 0
166 33 0
178 33 0
179 33 0
180 33 0
4 34 0
6 34 0
7 34 0
8 34 0
15 34 0
16 34 0
21 34 0
22 34 0
23 34 0
24 34 0
25 34 0
39 34 0
51 34 0
64 34 0
65 34 0
79 34 0
80 34 0
94 34 0
107 34 0
109 34 0
122 34 0
123 34 0
136 34 0
137 34 0
138 34 0
151 34 0
152 34 0
164 34 0
165 34 0
166 34 0
179 34 0
180 34 0
15 35 0
16 35 0
17 35 0
18 35 0
20 35 0
21 35 0
22 35 0
23 35 0
24 35 0
25 35 0
65 35 0
79 35 0
80 35 0
92 35 0
94 35 0
107 35 0
108 35 0
109 35 0
122 35 0
123 35 0
136 35 0
137 35 0
138 35 0
150 35 0
151 35 0
152 35 0
166 35 0
178 35 0
180 35 0
2 36 0
3 36 0
5 36 0
6 36 0
8 36 0
9 36 0
16 36 0
17 36 0
21 36 0
22 36 0
23 36 0
24 36 0
25 36 0
38 36 0
65 36 0
78 36 0
79 36 0
80 36 0
92 36 0
93 36 0
94 36 0
107 36 0
108 36 0
109 36 0
122 36 0
123 36 0
136 36 0
137 36 0
138 36 0
150 36 0
151 36 0
152 36 0
164 36 0
165 36 0
166 36 0
178 36 0
179 36 0
180 36 0
4 37 0
5 37 0
6 37 0
16 37 0
17 37 0
23 37 0
24 37 0
25 37 0
26 37 0
37 37 0
50 37 0
51 37 0
64 37 0
65 37 0
78 37 0
79 37 0
80 37 0
92 37 0
93 37 0
94 37 0
107 37 0
108 37 0
109 37 0
122 37 0
123 37 0
136 37 0
137 37 0
138 37 0
151 37 0
152 37 0
164 37 0
165 37 0
166 37 0
178 37 0
179 37 0
180 37 0
26 38 0
27 38 0
28 38 0
39 38 0
50 38 0
51 38 0
63 38 0
64 38 0
65 38 0
78 38 0
79 38 0
92 38 0
93 38 0
94 38 0
107 38 0
108 38 0
122 38 0
123 38 0
136 38 0
137 38 0
138 38 0
150 38 0
151 38 0
152 38 0
164 38 0
165 38 0
166 38 0
178 38 0
179 38 0
180 38 0
2 39 0
27 39 0
28 39 0
33 39 0
38 39 0
65 39 0
77 39 0
78 39 0
79 39 0
93 39 0
107 39 0
108 39 0
122 39 0
123 39 0
136 39 0
137 39 0
150 39 0
151 39 0
152 39 0
164 39 0
165 39 0
166 39 0
179 39 0
180 39 0
6 40 0
10 40 0
37 40 0
39 40 0
64 40 0
65 40 0
79 40 0
92 40 0
93 40 0
107 40 0
108 40 0
122 40 0
123 40 0
135 40 0
136 40 0
137 40 0
138 40 0
139 40 0
140 40 0
141 40 0
142 40 0
148 40 0
149 40 0
150 40 0
151 40 0
152 40 0
164 40 0
165 40 0
178 40 0
179 40 0
180 40 0
3 41 0
4 41 0
12 41 0
37 41 0
38 41 0
49 41 0
50 41 0
51 41 0
64 41 0
65 41 0
78 41 0
79 41 0
93 41 0
107 41 0
108 41 0
121 41 0
122 41 0
123 41 0
126 41 0
127 41 0
128 41 0
129 41 0
130 41 0
131 41 0
132 41 0
133 41 0
134 41 0
135 41 0
136 41 0
137 41 0
138 41 0
146 41 0
147 41 0
148 41 0
149 41 0
150 41 0
151 41 0
152 41 0
153 41 0
163 41 0
164 41 0
165 41 0
166 41 0
167 41 0
178 41 0
179 41 0
3 42 0
11 42 0
38 42 0
39 42 0
50 42 0
51 42 0
52 42 0
64 42 0
65 42 0
77 42 0
78 42 0
79 42 0
92 42 0
93 42 0
108 42 0
119 42 0
120 42 0
121 42 0
122 42 0
124 42 0
125 42 0
126 42 0
127 42 0
128 42 0
129 42 0
130 42 0
131 42 0
132 42 0
134 42 0
135 42 0
136 42 0
137 42 0
138 42 0
151 42 0
152 42 0
154 42 0
155 42 0
161 42 0
162 42 0
163 42 0
164 42 0
165 42 0
166 42 0
174 42 0
176 42 0
177 42 0
178 42 0
179 42 0
180 42 0
181 42 0
2 43 0
11 43 0
38 43 0
39 43 0
49 43 0
50 43 0
52 43 0
53 43 0
54 43 0
55 43 0
56 43 0
65 43 0
78 43 0
79 43 0
91 43 0
92 43 0
93 43 0
106 43 0
107 43 0
108 43 0
113 43 0
115 43 0
117 43 0
118 43 0
119 43 0
120 43 0
121 43 0
122 43 0
123 43 0
124 43 0
125 43 0
136 43 0
137 43 0
150 43 0
151 43 0
159 43 0
160 43 0
161 43 0
162 43 0
163 43 0
165 43 0
166 43 0
175 43 0
176 43 0
177 43 0
179 43 0
180 43 0
181 43 0
2 44 0
3 44 0
8 44 0
9 44 0
10 44 0
46 44 0
47 44 0
48 44 0
49 44 0
50 44 0
51 44 0
52 44 0
53 44 0
54 44 0
55 44 0
61 44 0
62 44 0
63 44 0
78 44 0
79 44 0
90 44 0
91 44 0
92 44 0
95 44 0
97 44 0
99 44 0
100 44 0
105 44 0
106 44 0
107 44 0
111 44 0
112 44 0
113 44 0
115 44 0
116 44 0
117 44 0
118 44 0
119 44 0
121 44 0
123 44 0
135 44 0
136 44 0
137 44 0
150 44 0
151 44 0
164 44 0
165 44 0
178 44 0
179 44 0
180 44 0
3 45 0
5 45 0
6 45 0
9 45 0
10 45 0
11 45 0
36 45 0
37 45 0
47 45 0
48 45 0
50 45 0
51 45 0
52 45 0
61 45 0
64 45 0
65 45 0
66 45 0
77 45 0
78 45 0
79 45 0
88 45 0
89 45 0
90 45 0
91 45 0
92 45 0
93 45 0
94 45 0
95 45 0
96 45 0
97 45 0
99 45 0
100 45 0
102 45 0
103 45 0
104 45 0
105 45 0
106 45 0
107 45 0
108 45 0
109 45 0
110 45 0
121 45 0
122 45 0
123 45 0
135 45 0
137 45 0
150 45 0
151 45 0
164 45 0
165 45 0
178 45 0
179 45 0
2 46 0
4 46 0
5 46 0
6 46 0
7 46 0
8 46 0
9 46 0
10 46 0
11 46 0
50 46 0
51 46 0
64 46 0
65 46 0
72 46 0
74 46 0
75 46 0
77 46 0
78 46 0
80 46 0
81 46 0
82 46 0
83 46 0
84 46 0
85 46 0
87 46 0
88 46 0
89 46 0
90 46 0
92 46 0
93 46 0
103 46 0
104 46 0
105 46 0
108 46 0
109 46 0
121 46 0
122 46 0
123 46 0
135 46 0
136 46 0
137 46 0
149 46 0
150 46 0
151 46 0
164 46 0
165 46 0
178 46 0
179 46 0
9 47 0
38 47 0
51 47 0
63 47 0
64 47 0
74 47 0
75 47 0
77 47 0
79 47 0
80 47 0
81 47 0
82 47 0
83 47 0
84 47 0
85 47 0
86 47 0
87 47 0
88 47 0
93 47 0
106 47 0
107 47 0
108 47 0
121 47 0
122 47 0
135 47 0
136 47 0
137 47 0
149 47 0
150 47 0
151 47 0
163 47 0
164 47 0
165 47 0
177 47 0
178 47 0
179 47 0
5 48 0
6 48 0
64 48 0
79 48 0
93 48 0
106 48 0
107 48 0
108 48 0
121 48 0
122 48 0
135 48 0
136 48 0
137 48 0
149 48 0
150 48 0
151 48 0
163 48 0
164 48 0
165 48 0
177 48 0
178 48 0
179 48 0
5 49 0
6 49 0
12 49 0
13 49 0
14 49 0
15 49 0
16 49 0
17 49 0
19 49 0
23 49 0
78 49 0
79 49 0
106 49 0
107 49 0
122 49 0
135 49 0
136 49 0
137 49 0
149 49 0
150 49 0
151 49 0
163 49 0
164 49 0
165 49 0
177 49 0
178 49 0
179 49 0
5 50 0
15 50 0
16 50 0
17 50 0
19 50 0
21 50 0
23 50 0
25 50 0
29 50 0
30 50 0
31 50 0
33 50 0
36 50 0
37 50 0
78 50 0
91 50 0
92 50 0
93 50 0
106 50 0
107 50 0
120 50 0
122 50 0
135 50 0
149 50 0
150 50 0
151 50 0
163 50 0
164 50 0
165 50 0
176 50 0
178 50 0
179 50 0
15 51 0
16 51 0
17 51 0
77 51 0
91 51 0
92 51 0
105 51 0
106 51 0
107 51 0
120 51 0
122 51 0
135 51 0
136 51 0
149 51 0
150 51 0
151 51 0
163 51 0
164 51 0
165 51 0
178 51 0
179 51 0
6 52 0
15 52 0
16 52 0
37 52 0
38 52 0
73 52 0
77 52 0
91 52 0
92 52 0
105 52 0
107 52 0
122 52 0
135 52 0
136 52 0
149 52 0
150 52 0
163 52 0
164 52 0
178 52 0
16 53 0
26 53 0
27 53 0
38 53 0
77 53 0
82 53 0
83 53 0
84 53 0
87 53 0
89 53 0
91 53 0
92 53 0
107 53 0
120 53 0
121 53 0
122 53 0
135 53 0
136 53 0
149 53 0
150 53 0
156 53 0
158 53 0
163 53 0
164 53 0
176 53 0
177 53 0
178 53 0
26 54 0
27 54 0
38 54 0
78 54 0
89 54 0
91 54 0
92 54 0
95 54 0
97 54 0
98 54 0
100 54 0
103 54 0
107 54 0
120 54 0
122 54 0
135 54 0
136 54 0
149 54 0
150 54 0
156 54 0
157 54 0
158 54 0
159 54 0
160 54 0
161 54 0
162 54 0
163 54 0
164 54 0
178 54 0
5 55 0
26 55 0
78 55 0
92 55 0
103 55 0
105 55 0
109 55 0
110 55 0
111 55 0
112 55 0
113 55 0
114 55 0
120 55 0
121 55 0
122 55 0
133 55 0
134 55 0
135 55 0
136 55 0
138 55 0
139 55 0
140 55 0
148 55 0
149 55 0
150 55 0
156 55 0
157 55 0
158 55 0
160 55 0
161 55 0
162 55 0
164 55 0
36 56 0
78 56 0
92 56 0
117 56 0
118 56 0
119 56 0
120 56 0
121 56 0
124 56 0
126 56 0
127 56 0
129 56 0
131 56 0
132 56 0
133 56 0
134 56 0
135 56 0
136 56 0
137 56 0
138 56 0
139 56 0
140 56 0
148 56 0
149 56 0
150 56 0
151 56 0
152 56 0
153 56 0
154 56 0
155 56 0
156 56 0
157 56 0
158 56 0
159 56 0
160 56 0
161 56 0
164 56 0
176 56 0
186 56 0
34 57 0
35 57 0
36 57 0
37 57 0
38 57 0
78 57 0
92 57 0
107 57 0
125 57 0
126 57 0
127 57 0
128 57 0
130 57 0
131 57 0
135 57 0
136 57 0
139 57 0
146 57 0
147 57 0
148 57 0
149 57 0
150 57 0
151 57 0
159 57 0
160 57 0
161 57 0
162 57 0
163 57 0
164 57 0
165 57 0
173 57 0
174 57 0
175 57 0
176 57 0
177 57 0
178 57 0
179 57 0
180 57 0
181 57 0
186 57 0
37 58 0
38 58 0
77 58 0
78 58 0
92 58 0
119 58 0
122 58 0
123 58 0
124 58 0
125 58 0
146 58 0
147 58 0
148 58 0
149 58 0
150 58 0
151 58 0
159 58 0
160 58 0
161 58 0
163 58 0
164 58 0
168 58 0
169 58 0
170 58 0
171 58 0
172 58 0
173 58 0
174 58 0
178 58 0
179 58 0
37 59 0
92 59 0
112 59 0
121 59 0
122 59 0
135 59 0
136 59 0
149 59 0
150 59 0
158 59 0
162 59 0
163 59 0
164 59 0
168 59 0
169 59 0
170 59 0
171 59 0
172 59 0
178 59 0
179 59 0
185 59 0
37 60 0
89 60 0
90 60 0
91 60 0
104 60 0
105 60 0
110 60 0
111 60 0
112 60 0
113 60 0
114 60 0
116 60 0
121 60 0
122 60 0
135 60 0
136 60 0
149 60 0
162 60 0
163 60 0
167 60 0
168 60 0
169 60 0
171 60 0
172 60 0
174 60 0
176 60 0
178 60 0
2 61 0
3 61 0
4 61 0
7 61 0
77 61 0
80 61 0
81 61 0
87 61 0
88 61 0
89 61 0
90 61 0
91 61 0
93 61 0
94 61 0
103 61 0
104 61 0
105 61 0
106 61 0
107 61 0
108 61 0
119 61 0
121 61 0
135 61 0
149 61 0
163 61 0
174 61 0
175 61 0
176 61 0
177 61 0
184 61 0
3 62 0
4 62 0
5 62 0
6 62 0
75 62 0
76 62 0
77 62 0
80 62 0
81 62 0
82 62 0
83 62 0
84 62 0
86 62 0
87 62 0
88 62 0
89 62 0
92 62 0
93 62 0
100 62 0
102 62 0
103 62 0
106 62 0
107 62 0
121 62 0
135 62 0
149 62 0
163 62 0
177 62 0
178 62 0
6 63 0
77 63 0
78 63 0
79 63 0
81 63 0
92 63 0
100 63 0
101 63 0
102 63 0
103 63 0
106 63 0
121 63 0
135 63 0
149 63 0
163 63 0
177 63 0
13 64 0
14 64 0
15 64 0
77 64 0
78 64 0
90 64 0
92 64 0
100 64 0
104 64 0
106 64 0
121 64 0
135 64 0
148 64 0
149 64 0
163 64 0
177 64 0
15 65 0
16 65 0
77 65 0
78 65 0
92 65 0
104 65 0
106 65 0
119 65 0
120 65 0
121 65 0
135 65 0
149 65 0
162 65 0
163 65 0
177 65 0
15 66 0
76 66 0
77 66 0
78 66 0
91 66 0
92 66 0
104 66 0
105 66 0
106 66 0
119 66 0
121 66 0
133 66 0
134 66 0
135 66 0
148 66 0
149 66 0
162 66 0
163 66 0
177 66 0
27 67 0
76 67 0
77 67 0
90 67 0
92 67 0
104 67 0
106 67 0
120 67 0
121 67 0
133 67 0
134 67 0
135 67 0
148 67 0
149 67 0
162 67 0
163 67 0
177 67 0
23 68 0
24 68 0
90 68 0
92 68 0
104 68 0
105 68 0
119 68 0
120 68 0
121 68 0
133 68 0
134 68 0
135 68 0
147 68 0
148 68 0
149 68 0
162 68 0
163 68 0
177 68 0
25 69 0
26 69 0
78 69 0
90 69 0
92 69 0
104 69 0
105 69 0
106 69 0
119 69 0
121 69 0
134 69 0
135 69 0
147 69 0
148 69 0
149 69 0
162 69 0
163 69 0
175 69 0
177 69 0
25 70 0
77 70 0
78 70 0
92 70 0
104 70 0
105 70 0
106 70 0
120 70 0
121 70 0
133 70 0
147 70 0
148 70 0
149 70 0
162 70 0
163 70 0
175 70 0
176 70 0
177 70 0
76 71 0
78 71 0
90 71 0
91 71 0
105 71 0
106 71 0
121 71 0
132 71 0
133 71 0
136 71 0
137 71 0
145 71 0
146 71 0
147 71 0
148 71 0
149 71 0
160 71 0
161 71 0
162 71 0
164 71 0
165 71 0
166 71 0
167 71 0
175 71 0
176 71 0
177 71 0
90 72 0
91 72 0
92 72 0
105 72 0
106 72 0
119 72 0
120 72 0
121 72 0
131 72 0
132 72 0
133 72 0
134 72 0
135 72 0
136 72 0
143 72 0
144 72 0
145 72 0
146 72 0
148 72 0
149 72 0
150 72 0
151 72 0
156 72 0
157 72 0
159 72 0
160 72 0
161 72 0
162 72 0
163 72 0
164 72 0
173 72 0
174 72 0
175 72 0
176 72 0
178 72 0
179 72 0
180 72 0
182 72 0
91 73 0
92 73 0
104 73 0
105 73 0
106 73 0
118 73 0
119 73 0
120 73 0
121 73 0
124 73 0
127 73 0
128 73 0
129 73 0
130 73 0
131 73 0
132 73 0
133 73 0
134 73 0
135 73 0
147 73 0
148 73 0
149 73 0
157 73 0
158 73 0
161 73 0
162 73 0
163 73 0
173 73 0
174 73 0
176 73 0
177 73 0
178 73 0
179 73 0
63 74 0
76 74 0
90 74 0
91 74 0
92 74 0
105 74 0
106 74 0
116 74 0
117 74 0
118 74 0
119 74 0
120 74 0
121 74 0
122 74 0
123 74 0
124 74 0
126 74 0
127 74 0
129 74 0
130 74 0
131 74 0
134 74 0
135 74 0
147 74 0
148 74 0
161 74 0
162 74 0
163 74 0
173 74 0
175 74 0
176 74 0
177 74 0
185 74 0
61 75 0
62 75 0
63 75 0
76 75 0
77 75 0
88 75 0
89 75 0
90 75 0
94 75 0
104 75 0
105 75 0
110 75 0
112 75 0
114 75 0
115 75 0
116 75 0
117 75 0
118 75 0
120 75 0
121 75 0
122 75 0
123 75 0
124 75 0
125 75 0
132 75 0
133 75 0
134 75 0
146 75 0
147 75 0
148 75 0
161 75 0
162 75 0
174 75 0
175 75 0
176 75 0
177 75 0
3 76 0
60 76 0
61 76 0
63 76 0
76 76 0
81 76 0
83 76 0
88 76 0
89 76 0
90 76 0
91 76 0
92 76 0
93 76 0
94 76 0
95 76 0
101 76 0
102 76 0
103 76 0
104 76 0
105 76 0
108 76 0
109 76 0
110 76 0
111 76 0
112 76 0
114 76 0
115 76 0
119 76 0
120 76 0
121 76 0
132 76 0
133 76 0
134 76 0
146 76 0
147 76 0
148 76 0
160 76 0
161 76 0
162 76 0
174 76 0
175 76 0
176 76 0
5 77 0
63 77 0
64 77 0
66 77 0
75 77 0
76 77 0
80 77 0
81 77 0
82 77 0
83 77 0
84 77 0
85 77 0
88 77 0
91 77 0
92 77 0
94 77 0
101 77 0
102 77 0
103 77 0
105 77 0
106 77 0
107 77 0
108 77 0
109 77 0
110 77 0
111 77 0
120 77 0
121 77 0
132 77 0
133 77 0
134 77 0
147 77 0
148 77 0
160 77 0
161 77 0
162 77 0
174 77 0
175 77 0
176 77 0
5 78 0
62 78 0
63 78 0
66 78 0
74 78 0
75 78 0
76 78 0
77 78 0
78 78 0
79 78 0
91 78 0
101 78 0
102 78 0
104 78 0
105 78 0
106 78 0
119 78 0
120 78 0
132 78 0
133 78 0
134 78 0
146 78 0
147 78 0
148 78 0
161 78 0
162 78 0
174 78 0
175 78 0
176 78 0
13 79 0
14 79 0
15 79 0
63 79 0
71 79 0
72 79 0
73 79 0
77 79 0
78 79 0
91 79 0
105 79 0
120 79 0
132 79 0
134 79 0
146 79 0
147 79 0
148 79 0
160 79 0
161 79 0
162 79 0
175 79 0
176 79 0
13 80 0
14 80 0
15 80 0
16 80 0
63 80 0
77 80 0
91 80 0
105 80 0
120 80 0
132 80 0
133 80 0
134 80 0
147 80 0
148 80 0
160 80 0
161 80 0
162 80 0
174 80 0
175 80 0
176 80 0
15 81 0
77 81 0
91 81 0
105 81 0
133 81 0
134 81 0
146 81 0
147 81 0
160 81 0
161 81 0
162 81 0
174 81 0
175 81 0
23 82 0
24 82 0
77 82 0
89 82 0
90 82 0
91 82 0
105 82 0
118 82 0
120 82 0
132 82 0
133 82 0
134 82 0
146 82 0
147 82 0
161 82 0
162 82 0
174 82 0
175 82 0
176 82 0
23 83 0
24 83 0
26 83 0
77 83 0
91 83 0
103 83 0
105 83 0
118 83 0
119 83 0
120 83 0
132 83 0
133 83 0
146 83 0
147 83 0
160 83 0
161 83 0
174 83 0
175 83 0
187 83 0
25 84 0
26 84 0
90 84 0
91 84 0
103 84 0
105 84 0
119 84 0
133 84 0
134 84 0
147 84 0
160 84 0
161 84 0
162 84 0
174 84 0
175 84 0
61 85 0
62 85 0
91 85 0
105 85 0
118 85 0
119 85 0
132 85 0
133 85 0
145 85 0
146 85 0
147 85 0
160 85 0
161 85 0
174 85 0
175 85 0
35 86 0
36 86 0
62 86 0
77 86 0
90 86 0
91 86 0
104 86 0
105 86 0
119 86 0
130 86 0
131 86 0
132 86 0
137 86 0
145 86 0
146 86 0
150 86 0
151 86 0
153 86 0
154 86 0
155 86 0
156 86 0
157 86 0
158 86 0
159 86 0
160 86 0
161 86 0
174 86 0
175 86 0
176 86 0
35 87 0
36 87 0
37 87 0
38 87 0
39 87 0
75 87 0
77 87 0
90 87 0
91 87 0
105 87 0
117 87 0
118 87 0
119 87 0
129 87 0
130 87 0
131 87 0
132 87 0
133 87 0
134 87 0
135 87 0
136 87 0
141 87 0
143 87 0
144 87 0
145 87 0
146 87 0
147 87 0
148 87 0
149 87 0
151 87 0
152 87 0
153 87 0
154 87 0
157 87 0
158 87 0
159 87 0
160 87 0
161 87 0
162 87 0
164 87 0
165 87 0
167 87 0
170 87 0
172 87 0
173 87 0
174 87 0
175 87 0
176 87 0
177 87 0
178 87 0
37 88 0
38 88 0
62 88 0
76 88 0
77 88 0
91 88 0
103 88 0
119 88 0
121 88 0
122 88 0
124 88 0
126 88 0
127 88 0
128 88 0
129 88 0
130 88 0
131 88 0
133 88 0
134 88 0
138 88 0
139 88 0
142 88 0
143 88 0
144 88 0
146 88 0
147 88 0
159 88 0
160 88 0
161 88 0
162 88 0
164 88 0
165 88 0
166 88 0
167 88 0
168 88 0
169 88 0
170 88 0
171 88 0
172 88 0
173 88 0
174 88 0
175 88 0
176 88 0
185 88 0
186 88 0
36 89 0
37 89 0
47 89 0
62 89 0
105 89 0
117 89 0
123 89 0
124 89 0
125 89 0
126 89 0
127 89 0
128 89 0
129 89 0
132 89 0
133 89 0
145 89 0
146 89 0
147 89 0
159 89 0
160 89 0
161 89 0
173 89 0
174 89 0
175 89 0
185 89 0
3 90 0
4 90 0
37 90 0
46 90 0
47 90 0
62 90 0
76 90 0
89 90 0
90 90 0
103 90 0
115 90 0
116 90 0
117 90 0
118 90 0
119 90 0
120 90 0
121 90 0
132 90 0
133 90 0
145 90 0
146 90 0
159 90 0
160 90 0
173 90 0
174 90 0
175 90 0
3 91 0
5 91 0
6 91 0
37 91 0
49 91 0
50 91 0
51 91 0
52 91 0
53 91 0
60 91 0
61 91 0
76 91 0
88 91 0
89 91 0
90 91 0
92 91 0
93 91 0
94 91 0
102 91 0
103 91 0
104 91 0
113 91 0
114 91 0
115 91 0
116 91 0
117 91 0
119 91 0
120 91 0
131 91 0
132 91 0
133 91 0
145 91 0
146 91 0
159 91 0
160 91 0
173 91 0
174 91 0
14 92 0
15 92 0
37 92 0
48 92 0
49 92 0
59 92 0
60 92 0
61 92 0
62 92 0
63 92 0
65 92 0
75 92 0
79 92 0
81 92 0
85 92 0
86 92 0
87 92 0
88 92 0
89 92 0
90 92 0
91 92 0
92 92 0
93 92 0
101 92 0
102 92 0
103 92 0
104 92 0
105 92 0
106 92 0
110 92 0
113 92 0
114 92 0
115 92 0
119 92 0
132 92 0
133 92 0
144 92 0
145 92 0
146 92 0
158 92 0
159 92 0
160 92 0
172 92 0
174 92 0
14 93 0
15 93 0
16 93 0
49 93 0
62 93 0
63 93 0
69 93 0
73 93 0
74 93 0
75 93 0
79 93 0
80 93 0
81 93 0
82 93 0
87 93 0
88 93 0
91 93 0
100 93 0
101 93 0
102 93 0
104 93 0
105 93 0
106 93 0
107 93 0
108 93 0
109 93 0
110 93 0
111 93 0
112 93 0
113 93 0
118 93 0
119 93 0
131 93 0
133 93 0
145 93 0
146 93 0
159 93 0
160 93 0
172 93 0
174 93 0
185 93 0
16 94 0
62 94 0
73 94 0
74 94 0
76 94 0
77 94 0
78 94 0
89 94 0
90 94 0
91 94 0
103 94 0
104 94 0
117 94 0
118 94 0
119 94 0
132 94 0
133 94 0
145 94 0
146 94 0
158 94 0
159 94 0
160 94 0
172 94 0
174 94 0
186 94 0
37 95 0
62 95 0
76 95 0
77 95 0
89 95 0
90 95 0
102 95 0
103 95 0
104 95 0
117 95 0
118 95 0
131 95 0
132 95 0
133 95 0
145 95 0
146 95 0
158 95 0
159 95 0
160 95 0
172 95 0
173 95 0
174 95 0
185 95 0
76 96 0
88 96 0
90 96 0
104 96 0
131 96 0
132 96 0
133 96 0
145 96 0
146 96 0
158 96 0
159 96 0
160 96 0
172 96 0
173 96 0
174 96 0
185 96 0
23 97 0
24 97 0
25 97 0
60 97 0
76 97 0
90 97 0
102 97 0
104 97 0
117 97 0
118 97 0
132 97 0
145 97 0
146 97 0
158 97 0
159 97 0
160 97 0
172 97 0
173 97 0
174 97 0
184 97 0
186 97 0
26 98 0
76 98 0
90 98 0
102 98 0
104 98 0
117 98 0
118 98 0
131 98 0
132 98 0
146 98 0
158 98 0
159 98 0
160 98 0
172 98 0
173 98 0
174 98 0
185 98 0
186 98 0
26 99 0
46 99 0
62 99 0
76 99 0
89 99 0
90 99 0
102 99 0
103 99 0
104 99 0
117 99 0
118 99 0
131 99 0
132 99 0
146 99 0
158 99 0
159 99 0
172 99 0
173 99 0
186 99 0
26 100 0
37 100 0
75 100 0
76 100 0
89 100 0
90 100 0
102 100 0
103 100 0
104 100 0
117 100 0
118 100 0
131 100 0
132 100 0
135 100 0
136 100 0
137 100 0
143 100 0
144 100 0
147 100 0
148 100 0
150 100 0
151 100 0
157 100 0
158 100 0
159 100 0
172 100 0
173 100 0
35 101 0
36 101 0
37 101 0
38 101 0
62 101 0
74 101 0
75 101 0
76 101 0
89 101 0
90 101 0
102 101 0
104 101 0
117 101 0
118 101 0
130 101 0
131 101 0
134 101 0
135 101 0
136 101 0
137 101 0
140 101 0
142 101 0
143 101 0
144 101 0
145 101 0
146 101 0
147 101 0
148 101 0
149 101 0
153 101 0
155 101 0
156 101 0
157 101 0
158 101 0
159 101 0
160 101 0
171 101 0
172 101 0
173 101 0
184 101 0
37 102 0
38 102 0
62 102 0
76 102 0
89 102 0
90 102 0
102 102 0
104 102 0
117 102 0
118 102 0
129 102 0
130 102 0
131 102 0
133 102 0
134 102 0
142 102 0
145 102 0
146 102 0
158 102 0
159 102 0
160 102 0
168 102 0
169 102 0
170 102 0
171 102 0
172 102 0
173 102 0
184 102 0
3 103 0
4 103 0
5 103 0
37 103 0
38 103 0
47 103 0
62 103 0
76 103 0
90 103 0
102 103 0
103 103 0
104 103 0
117 103 0
118 103 0
119 103 0
126 103 0
127 103 0
129 103 0
130 103 0
131 103 0
132 103 0
133 103 0
145 103 0
157 103 0
158 103 0
159 103 0
169 103 0
172 103 0
173 103 0
183 103 0
184 103 0
185 103 0
186 103 0
3 104 0
4 104 0
5 104 0
6 104 0
47 104 0
48 104 0
50 104 0
76 104 0
89 104 0
90 104 0
102 104 0
104 104 0
108 104 0
115 104 0
116 104 0
117 104 0
118 104 0
121 104 0
125 104 0
126 104 0
127 104 0
128 104 0
132 104 0
145 104 0
157 104 0
158 104 0
159 104 0
171 104 0
172 104 0
173 104 0
178 104 0
179 104 0
180 104 0
183 104 0
184 104 0
185 104 0
186 104 0
5 105 0
6 105 0
8 105 0
46 105 0
47 105 0
48 105 0
62 105 0
76 105 0
89 105 0
90 105 0
103 105 0
106 105 0
107 105 0
108 105 0
109 105 0
112 105 0
114 105 0
115 105 0
116 105 0
117 105 0
118 105 0
120 105 0
123 105 0
124 105 0
125 105 0
130 105 0
131 105 0
132 105 0
145 105 0
157 105 0
158 105 0
171 105 0
172 105 0
185 105 0
6 106 0
47 106 0
48 106 0
49 106 0
50 106 0
60 106 0
61 106 0
87 106 0
88 106 0
89 106 0
90 106 0
102 106 0
106 106 0
107 106 0
108 106 0
109 106 0
110 106 0
118 106 0
119 106 0
120 106 0
121 106 0
122 106 0
130 106 0
131 106 0
145 106 0
157 106 0
158 106 0
170 106 0
171 106 0
172 106 0
183 106 0
14 107 0
15 107 0
49 107 0
59 107 0
60 107 0
61 107 0
64 107 0
87 107 0
88 107 0
89 107 0
90 107 0
101 107 0
102 107 0
103 107 0
105 107 0
106 107 0
118 107 0
129 107 0
130 107 0
131 107 0
143 107 0
144 107 0
145 107 0
157 107 0
158 107 0
171 107 0
172 107 0
183 107 0
184 107 0
17 108 0
49 108 0
62 108 0
63 108 0
67 108 0
71 108 0
74 108 0
75 108 0
89 108 0
90 108 0
91 108 0
97 108 0
101 108 0
102 108 0
103 108 0
104 108 0
105 108 0
117 108 0
118 108 0
131 108 0
143 108 0
144 108 0
145 108 0
158 108 0
171 108 0
172 108 0
183 108 0
184 108 0
17 109 0
62 109 0
69 109 0
71 109 0
72 109 0
73 109 0
74 109 0
75 109 0
76 109 0
77 109 0
89 109 0
90 109 0
94 109 0
96 109 0
99 109 0
100 109 0
104 109 0
116 109 0
117 109 0
118 109 0
130 109 0
131 109 0
132 109 0
143 109 0
144 109 0
145 109 0
156 109 0
158 109 0
170 109 0
171 109 0
172 109 0
183 109 0
184 109 0
25 110 0
26 110 0
62 110 0
76 110 0
77 110 0
90 110 0
104 110 0
117 110 0
130 110 0
131 110 0
144 110 0
145 110 0
156 110 0
157 110 0
158 110 0
170 110 0
171 110 0
183 110 0
184 110 0
25 111 0
27 111 0
28 111 0
76 111 0
115 111 0
116 111 0
117 111 0
130 111 0
131 111 0
143 111 0
144 111 0
157 111 0
158 111 0
169 111 0
170 111 0
171 111 0
183 111 0
184 111 0
27 112 0
28 112 0
29 112 0
62 112 0
76 112 0
87 112 0
88 112 0
90 112 0
103 112 0
116 112 0
117 112 0
129 112 0
131 112 0
143 112 0
144 112 0
156 112 0
157 112 0
158 112 0
170 112 0
171 112 0
182 112 0
184 112 0
62 113 0
76 113 0
90 113 0
102 113 0
103 113 0
116 113 0
117 113 0
129 113 0
130 113 0
131 113 0
143 113 0
144 113 0
156 113 0
157 113 0
158 113 0
170 113 0
171 113 0
182 113 0
183 113 0
184 113 0
37 114 0
74 114 0
76 114 0
88 114 0
89 114 0
90 114 0
103 114 0
104 114 0
116 114 0
117 114 0
129 114 0
131 114 0
142 114 0
143 114 0
146 114 0
147 114 0
148 114 0
153 114 0
154 114 0
155 114 0
156 114 0
157 114 0
169 114 0
170 114 0
171 114 0
182 114 0
183 114 0
184 114 0
37 115 0
76 115 0
89 115 0
90 115 0
103 115 0
104 115 0
116 115 0
117 115 0
129 115 0
131 115 0
141 115 0
142 115 0
143 115 0
144 115 0
145 115 0
146 115 0
147 115 0
149 115 0
152 115 0
153 115 0
154 115 0
155 115 0
157 115 0
158 115 0
169 115 0
182 115 0
183 115 0
184 115 0
38 116 0
39 116 0
89 116 0
116 116 0
117 116 0
128 116 0
129 116 0
130 116 0
131 116 0
136 116 0
137 116 0
140 116 0
141 116 0
144 116 0
145 116 0
156 116 0
157 116 0
158 116 0
159 116 0
160 116 0
161 116 0
167 116 0
168 116 0
169 116 0
170 116 0
171 116 0
180 116 0
181 116 0
182 116 0
183 116 0
5 117 0
6 117 0
38 117 0
39 117 0
62 117 0
76 117 0
88 117 0
102 117 0
103 117 0
116 117 0
117 117 0
118 117 0
121 117 0
124 117 0
126 117 0
127 117 0
128 117 0
129 117 0
130 117 0
131 117 0
132 117 0
135 117 0
136 117 0
137 117 0
138 117 0
139 117 0
144 117 0
156 117 0
157 117 0
167 117 0
168 117 0
169 117 0
170 117 0
171 117 0
180 117 0
181 117 0
182 117 0
183 117 0
184 117 0
7 118 0
62 118 0
76 118 0
103 118 0
104 118 0
116 118 0
120 118 0
121 118 0
122 118 0
123 118 0
124 118 0
125 118 0
126 118 0
127 118 0
130 118 0
131 118 0
132 118 0
142 118 0
143 118 0
144 118 0
155 118 0
156 118 0
157 118 0
169 118 0
170 118 0
171 118 0
179 118 0
180 118 0
182 118 0
183 118 0
184 118 0
7 119 0
47 119 0
48 119 0
76 119 0
89 119 0
102 119 0
103 119 0
104 119 0
115 119 0
116 119 0
120 119 0
121 119 0
122 119 0
129 119 0
130 119 0
131 119 0
142 119 0
143 119 0
155 119 0
156 119 0
157 119 0
170 119 0
183 119 0
15 120 0
16 120 0
47 120 0
49 120 0
50 120 0
62 120 0
88 120 0
102 120 0
103 120 0
104 120 0
115 120 0
116 120 0
119 120 0
120 120 0
129 120 0
130 120 0
131 120 0
142 120 0
143 120 0
155 120 0
156 120 0
168 120 0
170 120 0
181 120 0
182 120 0
183 120 0
49 121 0
50 121 0
61 121 0
84 121 0
86 121 0
87 121 0
88 121 0
94 121 0
101 121 0
102 121 0
113 121 0
114 121 0
115 121 0
116 121 0
117 121 0
118 121 0
129 121 0
130 121 0
131 121 0
142 121 0
143 121 0
155 121 0
156 121 0
169 121 0
170 121 0
181 121 0
183 121 0
17 122 0
60 122 0
61 122 0
74 122 0
79 122 0
81 122 0
86 122 0
87 122 0
88 122 0
89 122 0
90 122 0
100 122 0
101 122 0
102 122 0
103 122 0
104 122 0
106 122 0
108 122 0
110 122 0
113 122 0
114 122 0
117 122 0
118 122 0
129 122 0
130 122 0
131 122 0
142 122 0
143 122 0
154 122 0
155 122 0
156 122 0
170 122 0
183 122 0
63 123 0
64 123 0
73 123 0
74 123 0
75 123 0
78 123 0
80 123 0
88 123 0
89 123 0
90 123 0
103 123 0
104 123 0
105 123 0
108 123 0
110 123 0
111 123 0
112 123 0
113 123 0
117 123 0
129 123 0
130 123 0
143 123 0
154 123 0
155 123 0
156 123 0
169 123 0
170 123 0
26 124 0
27 124 0
62 124 0
63 124 0
76 124 0
77 124 0
88 124 0
89 124 0
102 124 0
103 124 0
104 124 0
115 124 0
117 124 0
129 124 0
130 124 0
141 124 0
142 124 0
143 124 0
154 124 0
155 124 0
156 124 0
168 124 0
169 124 0
170 124 0
181 124 0
182 124 0
183 124 0
26 125 0
27 125 0
28 125 0
29 125 0
63 125 0
76 125 0
89 125 0
102 125 0
103 125 0
116 125 0
117 125 0
129 125 0
130 125 0
141 125 0
142 125 0
143 125 0
154 125 0
155 125 0
156 125 0
168 125 0
181 125 0
182 125 0
183 125 0
28 126 0
29 126 0
76 126 0
87 126 0
88 126 0
102 126 0
103 126 0
115 126 0
116 126 0
117 126 0
141 126 0
142 126 0
143 126 0
155 126 0
168 126 0
181 126 0
182 126 0
63 127 0
87 127 0
88 127 0
89 127 0
102 127 0
103 127 0
116 127 0
117 127 0
129 127 0
130 127 0
141 127 0
142 127 0
154 127 0
155 127 0
168 127 0
169 127 0
170 127 0
181 127 0
182 127 0
37 128 0
38 128 0
76 128 0
89 128 0
102 128 0
103 128 0
116 128 0
117 128 0
128 128 0
129 128 0
130 128 0
134 128 0
136 128 0
137 128 0
139 128 0
140 128 0
141 128 0
142 128 0
144 128 0
145 128 0
148 128 0
153 128 0
154 128 0
155 128 0
167 128 0
168 128 0
169 128 0
181 128 0
182 128 0
6 129 0
7 129 0
39 129 0
76 129 0
88 129 0
89 129 0
102 129 0
103 129 0
117 129 0
128 129 0
129 129 0
130 129 0
134 129 0
135 129 0
136 129 0
142 129 0
143 129 0
144 129 0
153 129 0
154 129 0
155 129 0
156 129 0
164 129 0
166 129 0
167 129 0
168 129 0
169 129 0
180 129 0
181 129 0
182 129 0
6 130 0
7 130 0
39 130 0
50 130 0
63 130 0
74 130 0
76 130 0
89 130 0
103 130 0
116 130 0
117 130 0
128 130 0
129 130 0
130 130 0
131 130 0
132 130 0
133 130 0
134 130 0
140 130 0
142 130 0
153 130 0
154 130 0
155 130 0
156 130 0
163 130 0
164 130 0
165 130 0
169 130 0
170 130 0
179 130 0
180 130 0
181 130 0
182 130 0
8 131 0
9 131 0
63 131 0
76 131 0
89 131 0
116 131 0
117 131 0
126 131 0
127 131 0
128 131 0
129 131 0
130 131 0
131 131 0
140 131 0
142 131 0
154 131 0
155 131 0
167 131 0
168 131 0
169 131 0
179 131 0
181 131 0
182 131 0
63 132 0
76 132 0
77 132 0
88 132 0
89 132 0
101 132 0
102 132 0
103 132 0
115 132 0
120 132 0
121 132 0
122 132 0
125 132 0
126 132 0
129 132 0
130 132 0
140 132 0
141 132 0
142 132 0
153 132 0
155 132 0
167 132 0
168 132 0
169 132 0
181 132 0
182 132 0
17 133 0
18 133 0
48 133 0
49 133 0
77 133 0
88 133 0
89 133 0
101 133 0
103 133 0
114 133 0
115 133 0
116 133 0
120 133 0
121 133 0
122 133 0
123 133 0
128 133 0
129 133 0
130 133 0
140 133 0
141 133 0
142 133 0
153 133 0
154 133 0
155 133 0
167 133 0
168 133 0
169 133 0
179 133 0
181 133 0
20 134 0
48 134 0
50 134 0
51 134 0
63 134 0
75 134 0
86 134 0
87 134 0
88 134 0
89 134 0
102 134 0
103 134 0
114 134 0
115 134 0
116 134 0
117 134 0
119 134 0
120 134 0
128 134 0
129 134 0
130 134 0
141 134 0
142 134 0
153 134 0
154 134 0
155 134 0
167 134 0
168 134 0
179 134 0
181 134 0
19 135 0
50 135 0
51 135 0
61 135 0
62 135 0
82 135 0
85 135 0
86 135 0
87 135 0
88 135 0
89 135 0
92 135 0
100 135 0
101 135 0
102 135 0
104 135 0
105 135 0
111 135 0
112 135 0
113 135 0
114 135 0
116 135 0
117 135 0
129 135 0
141 135 0
142 135 0
153 135 0
154 135 0
155 135 0
166 135 0
167 135 0
168 135 0
179 135 0
180 135 0
181 135 0
1 136 0
2 136 0
28 136 0
50 136 0
63 136 0
64 136 0
74 136 0
75 136 0
76 136 0
82 136 0
84 136 0
89 136 0
99 136 0
100 136 0
101 136 0
102 136 0
103 136 0
104 136 0
105 136 0
106 136 0
116 136 0
117 136 0
128 136 0
129 136 0
141 136 0
154 136 0
167 136 0
168 136 0
179 136 0
180 136 0
181 136 0
2 137 0
3 137 0
4 137 0
5 137 0
6 137 0
7 137 0
8 137 0
9 137 0
28 137 0
29 137 0
63 137 0
74 137 0
75 137 0
77 137 0
78 137 0
89 137 0
102 137 0
103 137 0
117 137 0
129 137 0
140 137 0
141 137 0
154 137 0
166 137 0
167 137 0
168 137 0
179 137 0
180 137 0
4 138 0
5 138 0
6 138 0
7 138 0
8 138 0
9 138 0
10 138 0
11 138 0
12 138 0
13 138 0
14 138 0
17 138 0
30 138 0
31 138 0
77 138 0
89 138 0
101 138 0
102 138 0
103 138 0
117 138 0
128 138 0
129 138 0
140 138 0
141 138 0
154 138 0
166 138 0
167 138 0
168 138 0
179 138 0
180 138 0
12 139 0
13 139 0
14 139 0
15 139 0
16 139 0
17 139 0
18 139 0
19 139 0
20 139 0
21 139 0
77 139 0
89 139 0
101 139 0
102 139 0
116 139 0
117 139 0
129 139 0
140 139 0
141 139 0
153 139 0
154 139 0
167 139 0
168 139 0
179 139 0
180 139 0
18 140 0
20 140 0
21 140 0
22 140 0
23 140 0
24 140 0
25 140 0
26 140 0
27 140 0
28 140 0
29 140 0
30 140 0
77 140 0
89 140 0
101 140 0
102 140 0
115 140 0
117 140 0
128 140 0
139 140 0
140 140 0
141 140 0
145 140 0
150 140 0
152 140 0
153 140 0
154 140 0
167 140 0
178 140 0
179 140 0
180 140 0
25 141 0
26 141 0
27 141 0
28 141 0
29 141 0
30 141 0
31 141 0
32 141 0
33 141 0
34 141 0
35 141 0
39 141 0
40 141 0
77 141 0
88 141 0
89 141 0
101 141 0
102 141 0
115 141 0
117 141 0
129 141 0
137 141 0
138 141 0
139 141 0
140 141 0
141 141 0
142 141 0
143 141 0
148 141 0
149 141 0
150 141 0
151 141 0
152 141 0
153 141 0
154 141 0
165 141 0
166 141 0
170 141 0
171 141 0
177 141 0
178 141 0
179 141 0
180 141 0
33 142 0
34 142 0
35 142 0
36 142 0
37 142 0
38 142 0
39 142 0
40 142 0
44 142 0
46 142 0
77 142 0
89 142 0
101 142 0
102 142 0
115 142 0
116 142 0
117 142 0
128 142 0
132 142 0
133 142 0
135 142 0
136 142 0
139 142 0
140 142 0
141 142 0
152 142 0
153 142 0
154 142 0
164 142 0
165 142 0
166 142 0
167 142 0
168 142 0
177 142 0
178 142 0
179 142 0
43 143 0
44 143 0
45 143 0
46 143 0
47 143 0
48 143 0
49 143 0
50 143 0
51 143 0
52 143 0
53 143 0
55 143 0
76 143 0
77 143 0
89 143 0
101 143 0
102 143 0
115 143 0
116 143 0
117 143 0
126 143 0
127 143 0
128 143 0
129 143 0
130 143 0
131 143 0
132 143 0
140 143 0
141 143 0
152 143 0
153 143 0
154 143 0
161 143 0
165 143 0
166 143 0
167 143 0
178 143 0
179 143 0
180 143 0
183 143 0
2 144 0
4 144 0
5 144 0
49 144 0
50 144 0
52 144 0
53 144 0
54 144 0
55 144 0
56 144 0
57 144 0
58 144 0
59 144 0
60 144 0
61 144 0
62 144 0
63 144 0
77 144 0
88 144 0
89 144 0
102 144 0
103 144 0
115 144 0
125 144 0
126 144 0
127 144 0
128 144 0
129 144 0
130 144 0
139 144 0
140 144 0
153 144 0
165 144 0
166 144 0
167 144 0
170 144 0
173 144 0
174 144 0
175 144 0
176 144 0
177 144 0
178 144 0
179 144 0
180 144 0
181 144 0
182 144 0
183 144 0
184 144 0
185 144 0
186 144 0
2 145 0
3 145 0
4 145 0
5 145 0
6 145 0
7 145 0
9 145 0
14 145 0
59 145 0
60 145 0
61 145 0
62 145 0
63 145 0
64 145 0
65 145 0
66 145 0
67 145 0
68 145 0
69 145 0
70 145 0
71 145 0
72 145 0
73 145 0
74 145 0
75 145 0
76 145 0
79 145 0
80 145 0
81 145 0
87 145 0
88 145 0
89 145 0
101 145 0
102 145 0
115 145 0
116 145 0
122 145 0
125 145 0
126 145 0
127 145 0
128 145 0
129 145 0
140 145 0
151 145 0
152 145 0
157 145 0
158 145 0
159 145 0
160 145 0
161 145 0
162 145 0
163 145 0
164 145 0
165 145 0
167 145 0
168 145 0
169 145 0
170 145 0
171 145 0
172 145 0
173 145 0
174 145 0
175 145 0
176 145 0
177 145 0
180 145 0
5 146 0
6 146 0
7 146 0
8 146 0
9 146 0
10 146 0
11 146 0
12 146 0
13 146 0
14 146 0
15 146 0
70 146 0
71 146 0
72 146 0
73 146 0
74 146 0
75 146 0
76 146 0
77 146 0
78 146 0
79 146 0
80 146 0
81 146 0
82 146 0
83 146 0
84 146 0
85 146 0
86 146 0
87 146 0
88 146 0
89 146 0
90 146 0
91 146 0
92 146 0
93 146 0
94 146 0
95 146 0
96 146 0
97 146 0
98 146 0
99 146 0
100 146 0
101 146 0
102 146 0
104 146 0
105 146 0
107 146 0
109 146 0
111 146 0
112 146 0
113 146 0
114 146 0
115 146 0
116 146 0
117 146 0
118 146 0
119 146 0
120 146 0
121 146 0
122 146 0
123 146 0
125 146 0
126 146 0
127 146 0
128 146 0
129 146 0
130 146 0
131 146 0
132 146 0
133 146 0
134 146 0
135 146 0
136 146 0
137 146 0
138 146 0
139 146 0
140 146 0
141 146 0
142 146 0
143 146 0
144 146 0
145 146 0
146 146 0
147 146 0
148 146 0
149 146 0
150 146 0
151 146 0
152 146 0
153 146 0
154 146 0
155 146 0
156 146 0
157 146 0
158 146 0
159 146 0
160 146 0
161 146 0
162 146 0
163 146 0
164 146 0
11 147 0
12 147 0
13 147 0
14 147 0
15 147 0
16 147 0
17 147 0
18 147 0
22 147 0
24 147 0
86 147 0
87 147 0
88 147 0
90 147 0
91 147 0
92 147 0
93 147 0
94 147 0
95 147 0
96 147 0
97 147 0
98 147 0
99 147 0
100 147 0
101 147 0
102 147 0
103 147 0
104 147 0
105 147 0
106 147 0
107 147 0
108 147 0
109 147 0
110 147 0
111 147 0
112 147 0
113 147 0
114 147 0
115 147 0
116 147 0
117 147 0
118 147 0
119 147 0
120 147 0
121 147 0
122 147 0
125 147 0
126 147 0
127 147 0
128 147 0
129 147 0
130 147 0
131 147 0
132 147 0
133 147 0
134 147 0
135 147 0
136 147 0
137 147 0
138 147 0
139 147 0
142 147 0
144 147 0
145 147 0
146 147 0
147 147 0
148 147 0
149 147 0
150 147 0
6 148 0
17 148 0
21 148 0
22 148 0
24 148 0
26 148 0
6 149 0
22 149 0
24 149 0
26 149 0
27 149 0
32 149 0
33 149 0
34 149 0
35 149 0
36 149 0
44 149 0
29 150 0
30 150 0
32 150 0
33 150 0
34 150 0
36 150 0
39 150 0
41 150 0
42 150 0
44 150 0
178 150 0
180 150 0
181 150 0
182 150 0
183 150 0
184 150 0
185 150 0
32 151 0
43 151 0
44 151 0
45 151 0
47 151 0
48 151 0
52 151 0
53 151 0
54 151 0
55 151 0
57 151 0
170 151 0
171 151 0
172 151 0
173 151 0
174 151 0
175 151 0
177 151 0
178 151 0
179 151 0
180 151 0
181 151 0
182 151 0
42 152 0
43 152 0
47 152 0
49 152 0
51 152 0
52 152 0
53 152 0
54 152 0
55 152 0
56 152 0
57 152 0
58 152 0
59 152 0
60 152 0
65 152 0
155 152 0
159 152 0
166 152 0
167 152 0
168 152 0
169 152 0
171 152 0
172 152 0
177 152 0
33 153 0
42 153 0
52 153 0
64 153 0
65 153 0
66 153 0
68 153 0
70 153 0
71 153 0
72 153 0
73 153 0
78 153 0
81 153 0
82 153 0
135 153 0
144 153 0
145 153 0
146 153 0
147 153 0
152 153 0
153 153 0
154 153 0
165 153 0
166 153 0
176 153 0
177 153 0
13 154 0
14 154 0
41 154 0
42 154 0
64 154 0
65 154 0
66 154 0
68 154 0
70 154 0
71 154 0
72 154 0
73 154 0
74 154 0
77 154 0
78 154 0
79 154 0
80 154 0
81 154 0
82 154 0
85 154 0
86 154 0
88 154 0
90 154 0
91 154 0
92 154 0
93 154 0
94 154 0
96 154 0
97 154 0
98 154 0
99 154 0
100 154 0
102 154 0
103 154 0
104 154 0
105 154 0
106 154 0
107 154 0
108 154 0
109 154 0
110 154 0
111 154 0
112 154 0
113 154 0
115 154 0
116 154 0
117 154 0
118 154 0
119 154 0
120 154 0
121 154 0
122 154 0
123 154 0
128 154 0
129 154 0
130 154 0
131 154 0
132 154 0
135 154 0
136 154 0
139 154 0
140 154 0
141 154 0
142 154 0
143 154 0
144 154 0
145 154 0
146 154 0
152 154 0
153 154 0
154 154 0
155 154 0
156 154 0
157 154 0
159 154 0
161 154 0
165 154 0
166 154 0
175 154 0
176 154 0
177 154 0
178 154 0
3 155 0
78 155 0
82 155 0
84 155 0
85 155 0
86 155 0
87 155 0
90 155 0
91 155 0
92 155 0
93 155 0
94 155 0
95 155 0
96 155 0
97 155 0
98 155 0
102 155 0
103 155 0
104 155 0
105 155 0
106 155 0
107 155 0
108 155 0
109 155 0
110 155 0
115 155 0
116 155 0
117 155 0
118 155 0
119 155 0
120 155 0
127 155 0
128 155 0
129 155 0
130 155 0
131 155 0
132 155 0
133 155 0
134 155 0
135 155 0
139 155 0
140 155 0
141 155 0
145 155 0
146 155 0
151 155 0
152 155 0
165 155 0
177 155 0
178 155 0
22 156 0
102 156 0
103 156 0
116 156 0
125 156 0
126 156 0
127 156 0
128 156 0
129 156 0
139 156 0
151 156 0
163 156 0
165 156 0
21 157 0
22 157 0
127 157 0
128 157 0
139 157 0
151 157 0
163 157 0
164 157 0
165 157 0
24 158 0
51 158 0
88 158 0
89 158 0
90 158 0
103 158 0
127 158 0
128 158 0
139 158 0
151 158 0
163 158 0
164 158 0
176 158 0
23 159 0
32 159 0
53 159 0
78 159 0
88 159 0
90 159 0
112 159 0
113 159 0
114 159 0
151 159 0
164 159 0
176 159 0
32 160 0
33 160 0
34 160 0
53 160 0
63 160 0
64 160 0
65 160 0
77 160 0
90 160 0
91 160 0
100 160 0
101 160 0
102 160 0
115 160 0
116 160 0
127 160 0
149 160 0
150 160 0
151 160 0
164 160 0
176 160 0
65 161 0
66 161 0
76 161 0
77 161 0
90 161 0
99 161 0
100 161 0
101 161 0
102 161 0
103 161 0
115 161 0
116 161 0
127 161 0
151 161 0
164 161 0
176 161 0
65 162 0
76 162 0
77 162 0
78 162 0
79 162 0
90 162 0
102 162 0
103 162 0
115 162 0
116 162 0
125 162 0
127 162 0
151 162 0
176 162 0
4 163 0
78 163 0
79 163 0
90 163 0
102 163 0
103 163 0
115 163 0
127 163 0
149 163 0
151 163 0
163 163 0
185 163 0
42 164 0
78 164 0
103 164 0
115 164 0
127 164 0
136 164 0
137 164 0
138 164 0
139 164 0
148 164 0
149 164 0
150 164 0
160 164 0
161 164 0
162 164 0
173 164 0
174 164 0
175 164 0
176 164 0
187 164 0
1 165 0
16 165 0
44 165 0
102 165 0
103 165 0
136 165 0
137 165 0
138 165 0
139 165 0
150 165 0
151 165 0
160 165 0
161 165 0
162 165 0
163 165 0
164 165 0
175 165 0
176 165 0
10 166 0
44 166 0
78 166 0
90 166 0
102 166 0
125 166 0
126 166 0
138 166 0
150 166 0
163 166 0
175 166 0
23 167 0
24 167 0
54 167 0
90 167 0
124 167 0
125 167 0
127 167 0
128 167 0
129 167 0
150 167 0
163 167 0
175 167 0
6 168 0
12 168 0
26 168 0
122 168 0
127 168 0
128 168 0
138 168 0
150 168 0
162 168 0
184 168 0
52 169 0
53 169 0
118 169 0
119 169 0
127 169 0
136 169 0
137 169 0
138 169 0
34 170 0
35 170 0
55 170 0
89 170 0
90 170 0
99 170 0
114 170 0
117 170 0
127 170 0
137 170 0
138 170 0
149 170 0
150 170 0
161 170 0
174 170 0
36 171 0
88 171 0
89 171 0
90 171 0
91 171 0
92 171 0
100 171 0
101 171 0
102 171 0
113 171 0
114 171 0
115 171 0
116 171 0
126 171 0
127 171 0
138 171 0
148 171 0
149 171 0
155 171 0
156 171 0
157 171 0
158 171 0
159 171 0
161 171 0
174 171 0
36 172 0
64 172 0
65 172 0
76 172 0
77 172 0
78 172 0
83 172 0
91 172 0
102 172 0
103 172 0
104 172 0
110 172 0
115 172 0
116 172 0
126 172 0
127 172 0
138 172 0
148 172 0
153 172 0
154 172 0
155 172 0
156 172 0
157 172 0
162 172 0
183 172 0
184 172 0
18 173 0
19 173 0
66 173 0
67 173 0
79 173 0
80 173 0
91 173 0
103 173 0
115 173 0
116 173 0
125 173 0
126 173 0
127 173 0
145 173 0
148 173 0
150 173 0
151 173 0
162 173 0
183 173 0
185 173 0
3 174 0
44 174 0
45 174 0
66 174 0
79 174 0
80 174 0
103 174 0
113 174 0
126 174 0
127 174 0
135 174 0
136 174 0
137 174 0
139 174 0
141 174 0
142 174 0
147 174 0
148 174 0
149 174 0
150 174 0
159 174 0
160 174 0
185 174 0
46 175 0
79 175 0
103 175 0
114 175 0
115 175 0
134 175 0
137 175 0
138 175 0
146 175 0
147 175 0
148 175 0
149 175 0
150 175 0
159 175 0
160 175 0
161 175 0
162 175 0
173 175 0
174 175 0
15 176 0
46 176 0
91 176 0
101 176 0
103 176 0
115 176 0
116 176 0
125 176 0
126 176 0
136 176 0
141 176 0
148 176 0
149 176 0
161 176 0
173 176 0
26 177 0
79 177 0
103 177 0
116 177 0
125 177 0
126 177 0
127 177 0
136 177 0
139 177 0
144 177 0
145 177 0
161 177 0
173 177 0
183 177 0
127 178 0
71 48 1
66 49 1
70 49 1
71 49 1
65 50 1
66 50 1
67 50 1
70 50 1
71 50 1
75 50 1
65 51 1
67 51 1
71 51 1
75 51 1
67 52 1
68 52 1
69 52 1
66 53 1
67 53 1
68 53 1
69 53 1
75 53 1
66 54 1
67 54 1
68 54 1
69 54 1
71 54 1
56 55 1
57 55 1
66 55 1
76 55 1
77 55 1
56 56 1
62 56 1
63 56 1
64 56 1
65 56 1
66 56 1
67 56 1
76 56 1
77 56 1
78 56 1
79 56 1
55 57 1
56 57 1
63 57 1
65 57 1
67 57 1
68 57 1
77 57 1
78 57 1
79 57 1
80 57 1
83 57 1
55 58 1
56 58 1
63 58 1
64 58 1
68 58 1
77 58 1
78 58 1
79 58 1
80 58 1
81 58 1
82 58 1
83 58 1
54 59 1
55 59 1
56 59 1
62 59 1
66 59 1
77 59 1
78 59 1
79 59 1
80 59 1
81 59 1
82 59 1
83 59 1
55 60 1
56 60 1
57 60 1
61 60 1
65 60 1
77 60 1
78 60 1
79 60 1
80 60 1
81 60 1
55 61 1
56 61 1
57 61 1
63 61 1
67 61 1
77 61 1
78 61 1
79 61 1
80 61 1
82 61 1
83 61 1
55 62 1
56 62 1
57 62 1
58 62 1
77 62 1
78 62 1
79 62 1
80 62 1
81 62 1
55 63 1
56 63 1
57 63 1
77 63 1
78 63 1
79 63 1
55 64 1
56 64 1
57 64 1
58 64 1
59 64 1
77 64 1
78 64 1
79 64 1
80 64 1
55 65 1
56 65 1
57 65 1
58 65 1
59 65 1
76 65 1
77 65 1
78 65 1
79 65 1
80 65 1
81 65 1
56 66 1
57 66 1
58 66 1
59 66 1
62 66 1
76 66 1
77 66 1
78 66 1
79 66 1
56 67 1
57 67 1
58 67 1
59 67 1
60 67 1
61 67 1
62 67 1
76 67 1
77 67 1
78 67 1
57 68 1
58 68 1
59 68 1
60 68 1
61 68 1
62 68 1
63 68 1
75 68 1
76 68 1
77 68 1
53 69 1
58 69 1
59 69 1
60 69 1
61 69 1
62 69 1
63 69 1
64 69 1
68 69 1
69 69 1
75 69 1
76 69 1
59 70 1
60 70 1
61 70 1
62 70 1
63 70 1
64 70 1
69 70 1
70 70 1
74 70 1
75 70 1
59 71 1
60 71 1
61 71 1
62 71 1
63 71 1
64 71 1
65 71 1
66 71 1
67 71 1
69 71 1
70 71 1
60 72 1
61 72 1
62 72 1
63 72 1
64 72 1
65 72 1
66 72 1
67 72 1
65 73 1
66 73 1
59 74 1
