58 1 0
61 1 0
62 1 0
75 1 0
76 1 0
87 1 0
100 1 0
101 1 0
103 1 0
117 1 0
118 1 0
131 1 0
158 1 0
159 1 0
25 2 0
58 2 0
60 2 0
71 2 0
74 2 0
75 2 0
84 2 0
85 2 0
86 2 0
87 2 0
93 2 0
94 2 0
95 2 0
96 2 0
97 2 0
98 2 0
99 2 0
100 2 0
101 2 0
102 2 0
103 2 0
112 2 0
113 2 0
114 2 0
117 2 0
130 2 0
131 2 0
145 2 0
158 2 0
159 2 0
172 2 0
173 2 0
183 2 0
36 3 0
60 3 0
73 3 0
74 3 0
84 3 0
85 3 0
86 3 0
87 3 0
88 3 0
89 3 0
90 3 0
91 3 0
93 3 0
94 3 0
95 3 0
96 3 0
97 3 0
98 3 0
99 3 0
102 3 0
103 3 0
115 3 0
116 3 0
117 3 0
130 3 0
131 3 0
145 3 0
158 3 0
159 3 0
171 3 0
172 3 0
173 3 0
186 3 0
187 3 0
6 4 0
15 4 0
25 4 0
36 4 0
60 4 0
73 4 0
74 4 0
83 4 0
85 4 0
87 4 0
88 4 0
89 4 0
90 4 0
91 4 0
92 4 0
93 4 0
94 4 0
95 4 0
102 4 0
115 4 0
116 4 0
117 4 0
130 4 0
131 4 0
144 4 0
145 4 0
158 4 0
159 4 0
173 4 0
185 4 0
186 4 0
5 5 0
47 5 0
60 5 0
72 5 0
73 5 0
87 5 0
88 5 0
100 5 0
102 5 0
115 5 0
116 5 0
117 5 0
130 5 0
131 5 0
144 5 0
145 5 0
158 5 0
159 5 0
172 5 0
173 5 0
185 5 0
186 5 0
4 6 0
5 6 0
73 6 0
86 6 0
87 6 0
101 6 0
102 6 0
115 6 0
116 6 0
130 6 0
131 6 0
144 6 0
145 6 0
158 6 0
159 6 0
172 6 0
173 6 0
185 6 0
186 6 0
4 7 0
5 7 0
6 7 0
13 7 0
47 7 0
73 7 0
86 7 0
87 7 0
100 7 0
101 7 0
116 7 0
130 7 0
131 7 0
144 7 0
145 7 0
158 7 0
159 7 0
171 7 0
172 7 0
173 7 0
185 7 0
186 7 0
5 8 0
8 8 0
13 8 0
14 8 0
15 8 0
16 8 0
23 8 0
57 8 0
59 8 0
72 8 0
73 8 0
86 8 0
87 8 0
100 8 0
101 8 0
115 8 0
116 8 0
130 8 0
131 8 0
144 8 0
145 8 0
158 8 0
159 8 0
172 8 0
173 8 0
185 8 0
186 8 0
14 9 0
15 9 0
22 9 0
23 9 0
25 9 0
26 9 0
27 9 0
34 9 0
59 9 0
73 9 0
86 9 0
87 9 0
100 9 0
101 9 0
115 9 0
116 9 0
130 9 0
131 9 0
143 9 0
144 9 0
145 9 0
158 9 0
159 9 0
171 9 0
172 9 0
173 9 0
185 9 0
186 9 0
14 10 0
22 10 0
23 10 0
24 10 0
25 10 0
29 10 0
33 10 0
34 10 0
59 10 0
73 10 0
86 10 0
87 10 0
100 10 0
101 10 0
115 10 0
116 10 0
129 10 0
130 10 0
131 10 0
144 10 0
145 10 0
158 10 0
159 10 0
171 10 0
172 10 0
185 10 0
186 10 0
14 11 0
24 11 0
32 11 0
34 11 0
35 11 0
36 11 0
37 11 0
58 11 0
59 11 0
72 11 0
73 11 0
86 11 0
87 11 0
100 11 0
101 11 0
115 11 0
116 11 0
131 11 0
142 11 0
143 11 0
144 11 0
145 11 0
146 11 0
149 11 0
158 11 0
159 11 0
171 11 0
172 11 0
186 11 0
35 12 0
36 12 0
45 12 0
58 12 0
73 12 0
86 12 0
87 12 0
100 12 0
101 12 0
114 12 0
115 12 0
116 12 0
128 12 0
129 12 0
130 12 0
132 12 0
135 12 0
136 12 0
139 12 0
140 12 0
141 12 0
142 12 0
143 12 0
144 12 0
145 12 0
146 12 0
147 12 0
148 12 0
149 12 0
155 12 0
156 12 0
157 12 0
158 12 0
159 12 0
171 12 0
172 12 0
185 12 0
186 12 0
35 13 0
45 13 0
48 13 0
72 13 0
86 13 0
100 13 0
101 13 0
114 13 0
115 13 0
116 13 0
124 13 0
127 13 0
128 13 0
129 13 0
130 13 0
132 13 0
133 13 0
134 13 0
135 13 0
136 13 0
137 13 0
138 13 0
139 13 0
140 13 0
141 13 0
142 13 0
145 13 0
146 13 0
154 13 0
155 13 0
156 13 0
157 13 0
159 13 0
160 13 0
161 13 0
171 13 0
172 13 0
175 13 0
185 13 0
186 13 0
13 14 0
42 14 0
44 14 0
45 14 0
46 14 0
47 14 0
49 14 0
50 14 0
57 14 0
70 14 0
71 14 0
72 14 0
85 14 0
100 14 0
101 14 0
102 14 0
114 14 0
115 14 0
117 14 0
118 14 0
119 14 0
120 14 0
121 14 0
123 14 0
124 14 0
125 14 0
126 14 0
127 14 0
128 14 0
130 14 0
131 14 0
132 14 0
133 14 0
143 14 0
144 14 0
145 14 0
158 14 0
159 14 0
160 14 0
161 14 0
162 14 0
163 14 0
164 14 0
169 14 0
170 14 0
171 14 0
172 14 0
173 14 0
174 14 0
175 14 0
177 14 0
184 14 0
185 14 0
186 14 0
13 15 0
34 15 0
45 15 0
46 15 0
52 15 0
54 15 0
56 15 0
57 15 0
60 15 0
61 15 0
70 15 0
71 15 0
72 15 0
85 15 0
86 15 0
98 15 0
99 15 0
100 15 0
101 15 0
102 15 0
103 15 0
104 15 0
105 15 0
106 15 0
107 15 0
112 15 0
113 15 0
114 15 0
117 15 0
118 15 0
119 15 0
121 15 0
122 15 0
123 15 0
124 15 0
125 15 0
129 15 0
130 15 0
131 15 0
143 15 0
144 15 0
157 15 0
158 15 0
159 15 0
168 15 0
169 15 0
170 15 0
172 15 0
173 15 0
183 15 0
184 15 0
185 15 0
23 16 0
34 16 0
58 16 0
59 16 0
60 16 0
65 16 0
66 16 0
67 16 0
68 16 0
69 16 0
70 16 0
73 16 0
74 16 0
85 16 0
86 16 0
88 16 0
89 16 0
90 16 0
96 16 0
97 16 0
98 16 0
99 16 0
100 16 0
101 16 0
102 16 0
103 16 0
104 16 0
105 16 0
106 16 0
107 16 0
108 16 0
109 16 0
110 16 0
111 16 0
112 16 0
113 16 0
114 16 0
115 16 0
116 16 0
117 16 0
118 16 0
129 16 0
130 16 0
143 16 0
144 16 0
157 16 0
158 16 0
171 16 0
172 16 0
181 16 0
182 16 0
183 16 0
184 16 0
186 16 0
187 16 0
58 17 0
59 17 0
65 17 0
67 17 0
68 17 0
69 17 0
71 17 0
72 17 0
73 17 0
74 17 0
75 17 0
77 17 0
84 17 0
85 17 0
87 17 0
88 17 0
89 17 0
90 17 0
91 17 0
92 17 0
93 17 0
94 17 0
95 17 0
96 17 0
97 17 0
98 17 0
99 17 0
100 17 0
101 17 0
111 17 0
112 17 0
113 17 0
115 17 0
116 17 0
129 17 0
130 17 0
143 17 0
144 17 0
157 17 0
158 17 0
170 17 0
171 17 0
172 17 0
185 17 0
186 17 0
23 18 0
34 18 0
72 18 0
78 18 0
81 18 0
84 18 0
85 18 0
86 18 0
87 18 0
88 18 0
89 18 0
99 18 0
100 18 0
101 18 0
114 18 0
115 18 0
129 18 0
130 18 0
143 18 0
144 18 0
157 18 0
158 18 0
171 18 0
172 18 0
184 18 0
185 18 0
186 18 0
2 19 0
3 19 0
23 19 0
58 19 0
70 19 0
80 19 0
81 19 0
83 19 0
84 19 0
86 19 0
87 19 0
100 19 0
113 19 0
115 19 0
128 19 0
130 19 0
143 19 0
144 19 0
157 19 0
158 19 0
171 19 0
172 19 0
184 19 0
185 19 0
186 19 0
2 20 0
3 20 0
4 20 0
86 20 0
99 20 0
100 20 0
114 20 0
115 20 0
128 20 0
130 20 0
143 20 0
144 20 0
157 20 0
158 20 0
170 20 0
171 20 0
172 20 0
185 20 0
186 20 0
3 21 0
4 21 0
11 21 0
12 21 0
56 21 0
58 21 0
86 21 0
99 21 0
100 21 0
114 21 0
115 21 0
129 21 0
130 21 0
143 21 0
144 21 0
157 21 0
158 21 0
172 21 0
184 21 0
185 21 0
3 22 0
10 22 0
11 22 0
12 22 0
13 22 0
45 22 0
71 22 0
84 22 0
99 22 0
100 22 0
115 22 0
128 22 0
129 22 0
143 22 0
144 22 0
157 22 0
158 22 0
171 22 0
172 22 0
184 22 0
185 22 0
10 23 0
11 23 0
12 23 0
13 23 0
15 23 0
20 23 0
21 23 0
22 23 0
23 23 0
45 23 0
56 23 0
69 23 0
71 23 0
84 23 0
85 23 0
99 23 0
100 23 0
113 23 0
128 23 0
129 23 0
143 23 0
144 23 0
157 23 0
158 23 0
170 23 0
171 23 0
172 23 0
184 23 0
185 23 0
12 24 0
17 24 0
18 24 0
20 24 0
21 24 0
22 24 0
23 24 0
24 24 0
45 24 0
70 24 0
71 24 0
84 24 0
85 24 0
99 24 0
100 24 0
113 24 0
114 24 0
128 24 0
129 24 0
157 24 0
158 24 0
171 24 0
172 24 0
185 24 0
12 25 0
20 25 0
21 25 0
22 25 0
23 25 0
26 25 0
30 25 0
31 25 0
32 25 0
45 25 0
71 25 0
83 25 0
84 25 0
85 25 0
99 25 0
100 25 0
113 25 0
128 25 0
129 25 0
157 25 0
158 25 0
170 25 0
172 25 0
184 25 0
185 25 0
22 26 0
30 26 0
31 26 0
32 26 0
33 26 0
44 26 0
71 26 0
84 26 0
85 26 0
98 26 0
99 26 0
100 26 0
114 26 0
128 26 0
129 26 0
141 26 0
142 26 0
143 26 0
157 26 0
158 26 0
171 26 0
184 26 0
185 26 0
22 27 0
33 27 0
36 27 0
43 27 0
44 27 0
69 27 0
70 27 0
71 27 0
84 27 0
85 27 0
98 27 0
99 27 0
100 27 0
113 27 0
115 27 0
128 27 0
130 27 0
131 27 0
132 27 0
133 27 0
136 27 0
138 27 0
139 27 0
140 27 0
141 27 0
142 27 0
143 27 0
145 27 0
146 27 0
147 27 0
155 27 0
156 27 0
157 27 0
160 27 0
170 27 0
171 27 0
184 27 0
185 27 0
33 28 0
42 28 0
43 28 0
56 28 0
84 28 0
85 28 0
100 28 0
113 28 0
114 28 0
115 28 0
126 28 0
127 28 0
128 28 0
131 28 0
132 28 0
133 28 0
135 28 0
136 28 0
137 28 0
138 28 0
139 28 0
140 28 0
141 28 0
143 28 0
144 28 0
145 28 0
146 28 0
147 28 0
148 28 0
150 28 0
151 28 0
152 28 0
153 28 0
154 28 0
155 28 0
156 28 0
157 28 0
158 28 0
159 28 0
160 28 0
161 28 0
167 28 0
168 28 0
169 28 0
170 28 0
171 28 0
184 28 0
185 28 0
20 29 0
39 29 0
43 29 0
44 29 0
45 29 0
46 29 0
47 29 0
56 29 0
57 29 0
69 29 0
83 29 0
84 29 0
85 29 0
98 29 0
99 29 0
112 29 0
113 29 0
114 29 0
122 29 0
123 29 0
125 29 0
126 29 0
127 29 0
128 29 0
129 29 0
130 29 0
131 29 0
142 29 0
143 29 0
151 29 0
152 29 0
153 29 0
154 29 0
155 29 0
157 29 0
158 29 0
159 29 0
165 29 0
166 29 0
167 29 0
168 29 0
169 29 0
171 29 0
172 29 0
173 29 0
174 29 0
178 29 0
183 29 0
184 29 0
185 29 0
41 30 0
44 30 0
45 30 0
55 30 0
56 30 0
69 30 0
83 30 0
85 30 0
98 30 0
102 30 0
103 30 0
104 30 0
111 30 0
112 30 0
113 30 0
114 30 0
115 30 0
119 30 0
120 30 0
121 30 0
124 30 0
125 30 0
126 30 0
127 30 0
129 30 0
130 30 0
142 30 0
143 30 0
156 30 0
157 30 0
158 30 0
166 30 0
170 30 0
171 30 0
172 30 0
176 30 0
177 30 0
178 30 0
179 30 0
180 30 0
181 30 0
182 30 0
183 30 0
184 30 0
185 30 0
186 30 0
187 30 0
44 31 0
51 31 0
55 31 0
56 31 0
57 31 0
58 31 0
59 31 0
60 31 0
61 31 0
66 31 0
68 31 0
69 31 0
72 31 0
73 31 0
74 31 0
75 31 0
83 31 0
85 31 0
95 31 0
96 31 0
97 31 0
98 31 0
100 31 0
101 31 0
102 31 0
103 31 0
104 31 0
105 31 0
106 31 0
108 31 0
109 31 0
110 31 0
111 31 0
112 31 0
113 31 0
114 31 0
115 31 0
116 31 0
117 31 0
119 31 0
120 31 0
121 31 0
122 31 0
123 31 0
124 31 0
127 31 0
128 31 0
129 31 0
142 31 0
143 31 0
156 31 0
157 31 0
170 31 0
171 31 0
182 31 0
185 31 0
186 31 0
2 32 0
44 32 0
54 32 0
56 32 0
57 32 0
58 32 0
61 32 0
64 32 0
65 32 0
66 32 0
68 32 0
69 32 0
70 32 0
71 32 0
72 32 0
73 32 0
75 32 0
76 32 0
83 32 0
90 32 0
91 32 0
93 32 0
94 32 0
95 32 0
96 32 0
97 32 0
98 32 0
99 32 0
100 32 0
109 32 0
110 32 0
111 32 0
114 32 0
115 32 0
116 32 0
127 32 0
128 32 0
129 32 0
141 32 0
142 32 0
143 32 0
156 32 0
157 32 0
170 32 0
171 32 0
184 32 0
185 32 0
1 33 0
2 33 0
10 33 0
26 33 0
44 33 0
57 33 0
64 33 0
65 33 0
68 33 0
70 33 0
71 33 0
81 33 0
82 33 0
83 33 0
86 33 0
87 33 0
88 33 0
89 33 0
90 33 0
91 33 0
92 33 0
94 33 0
95 33 0
96 33 0
99 33 0
100 33 0
113 33 0
114 33 0
127 33 0
128 33 0
142 33 0
143 33 0
157 33 0
170 33 0
171 33 0
184 33 0
185 33 0
2 34 0
25 34 0
26 34 0
27 34 0
32 34 0
57 34 0
70 34 0
71 34 0
81 34 0
82 34 0
84 34 0
85 34 0
86 34 0
87 34 0
88 34 0
89 34 0
90 34 0
91 34 0
99 34 0
113 34 0
114 34 0
127 34 0
128 34 0
141 34 0
142 34 0
143 34 0
156 34 0
157 34 0
169 34 0
170 34 0
171 34 0
183 34 0
184 34 0
185 34 0
2 35 0
9 35 0
10 35 0
13 35 0
25 35 0
26 35 0
27 35 0
28 35 0
32 35 0
70 35 0
83 35 0
84 35 0
85 35 0
99 35 0
113 35 0
114 35 0
127 35 0
128 35 0
141 35 0
142 35 0
143 35 0
156 35 0
157 35 0
170 35 0
183 35 0
184 35 0
185 35 0
6 36 0
7 36 0
8 36 0
9 36 0
10 36 0
11 36 0
12 36 0
13 36 0
14 36 0
25 36 0
26 36 0
27 36 0
28 36 0
29 36 0
32 36 0
56 36 0
70 36 0
84 36 0
99 36 0
113 36 0
114 36 0
128 36 0
141 36 0
142 36 0
143 36 0
156 36 0
157 36 0
170 36 0
171 36 0
183 36 0
184 36 0
185 36 0
7 37 0
11 37 0
12 37 0
18 37 0
20 37 0
24 37 0
25 37 0
28 37 0
32 37 0
43 37 0
56 37 0
70 37 0
83 37 0
84 37 0
98 37 0
112 37 0
114 37 0
127 37 0
128 37 0
142 37 0
143 37 0
156 37 0
157 37 0
169 37 0
170 37 0
171 37 0
185 37 0
10 38 0
17 38 0
20 38 0
21 38 0
24 38 0
25 38 0
26 38 0
27 38 0
28 38 0
32 38 0
43 38 0
70 38 0
83 38 0
84 38 0
97 38 0
98 38 0
112 38 0
113 38 0
114 38 0
127 38 0
128 38 0
141 38 0
142 38 0
143 38 0
155 38 0
156 38 0
157 38 0
169 38 0
170 38 0
171 38 0
183 38 0
184 38 0
185 38 0
6 39 0
7 39 0
8 39 0
9 39 0
10 39 0
13 39 0
21 39 0
24 39 0
25 39 0
26 39 0
27 39 0
28 39 0
30 39 0
31 39 0
34 39 0
42 39 0
55 39 0
56 39 0
68 39 0
83 39 0
84 39 0
97 39 0
98 39 0
112 39 0
113 39 0
127 39 0
128 39 0
141 39 0
143 39 0
156 39 0
157 39 0
170 39 0
171 39 0
183 39 0
184 39 0
5 40 0
21 40 0
29 40 0
30 40 0
31 40 0
34 40 0
42 40 0
43 40 0
55 40 0
84 40 0
97 40 0
98 40 0
112 40 0
113 40 0
127 40 0
128 40 0
141 40 0
143 40 0
155 40 0
156 40 0
157 40 0
183 40 0
184 40 0
5 41 0
14 41 0
31 41 0
32 41 0
33 41 0
43 41 0
56 41 0
84 41 0
97 41 0
98 41 0
113 41 0
127 41 0
128 41 0
141 41 0
155 41 0
156 41 0
157 41 0
169 41 0
170 41 0
183 41 0
184 41 0
10 42 0
14 42 0
15 42 0
31 42 0
32 42 0
35 42 0
38 42 0
43 42 0
54 42 0
55 42 0
56 42 0
82 42 0
83 42 0
84 42 0
97 42 0
112 42 0
127 42 0
128 42 0
140 42 0
141 42 0
142 42 0
144 42 0
153 42 0
154 42 0
155 42 0
156 42 0
169 42 0
170 42 0
183 42 0
184 42 0
5 43 0
9 43 0
10 43 0
14 43 0
15 43 0
31 43 0
41 43 0
42 43 0
54 43 0
56 43 0
68 43 0
69 43 0
83 43 0
84 43 0
97 43 0
98 43 0
111 43 0
112 43 0
113 43 0
126 43 0
127 43 0
128 43 0
132 43 0
133 43 0
134 43 0
135 43 0
137 43 0
138 43 0
139 43 0
140 43 0
141 43 0
142 43 0
143 43 0
144 43 0
145 43 0
146 43 0
149 43 0
151 43 0
152 43 0
153 43 0
154 43 0
155 43 0
156 43 0
157 43 0
158 43 0
168 43 0
169 43 0
170 43 0
172 43 0
173 43 0
174 43 0
175 43 0
182 43 0
183 43 0
184 43 0
5 44 0
8 44 0
9 44 0
15 44 0
41 44 0
42 44 0
55 44 0
82 44 0
83 44 0
84 44 0
97 44 0
98 44 0
111 44 0
112 44 0
113 44 0
125 44 0
126 44 0
127 44 0
128 44 0
129 44 0
130 44 0
131 44 0
132 44 0
133 44 0
134 44 0
135 44 0
136 44 0
137 44 0
138 44 0
139 44 0
140 44 0
142 44 0
143 44 0
151 44 0
152 44 0
153 44 0
155 44 0
156 44 0
157 44 0
158 44 0
159 44 0
160 44 0
166 44 0
167 44 0
168 44 0
169 44 0
170 44 0
171 44 0
172 44 0
178 44 0
181 44 0
182 44 0
183 44 0
184 44 0
4 45 0
5 45 0
7 45 0
8 45 0
9 45 0
14 45 0
43 45 0
44 45 0
54 45 0
55 45 0
56 45 0
57 45 0
58 45 0
59 45 0
68 45 0
70 45 0
83 45 0
84 45 0
97 45 0
98 45 0
111 45 0
112 45 0
113 45 0
120 45 0
121 45 0
122 45 0
123 45 0
124 45 0
125 45 0
126 45 0
128 45 0
129 45 0
130 45 0
131 45 0
132 45 0
133 45 0
134 45 0
141 45 0
142 45 0
143 45 0
155 45 0
156 45 0
163 45 0
164 45 0
165 45 0
166 45 0
167 45 0
169 45 0
170 45 0
171 45 0
178 45 0
179 45 0
180 45 0
181 45 0
182 45 0
183 45 0
184 45 0
185 45 0
186 45 0
187 45 0
5 46 0
6 46 0
14 46 0
43 46 0
47 46 0
53 46 0
54 46 0
59 46 0
60 46 0
61 46 0
67 46 0
68 46 0
83 46 0
84 46 0
96 46 0
97 46 0
98 46 0
101 46 0
104 46 0
111 46 0
112 46 0
115 46 0
116 46 0
117 46 0
118 46 0
119 46 0
120 46 0
121 46 0
122 46 0
123 46 0
124 46 0
125 46 0
127 46 0
128 46 0
129 46 0
140 46 0
141 46 0
142 46 0
155 46 0
156 46 0
168 46 0
169 46 0
170 46 0
183 46 0
184 46 0
2 47 0
4 47 0
5 47 0
12 47 0
14 47 0
48 47 0
51 47 0
52 47 0
53 47 0
54 47 0
55 47 0
56 47 0
57 47 0
66 47 0
67 47 0
68 47 0
83 47 0
84 47 0
95 47 0
96 47 0
97 47 0
99 47 0
100 47 0
101 47 0
102 47 0
103 47 0
104 47 0
107 47 0
109 47 0
110 47 0
111 47 0
112 47 0
113 47 0
115 47 0
116 47 0
117 47 0
118 47 0
119 47 0
120 47 0
121 47 0
126 47 0
127 47 0
128 47 0
141 47 0
142 47 0
155 47 0
156 47 0
169 47 0
170 47 0
183 47 0
184 47 0
1 48 0
4 48 0
5 48 0
9 48 0
12 48 0
13 48 0
14 48 0
31 48 0
50 48 0
52 48 0
53 48 0
55 48 0
56 48 0
67 48 0
68 48 0
69 48 0
70 48 0
71 48 0
72 48 0
73 48 0
75 48 0
77 48 0
82 48 0
83 48 0
86 48 0
87 48 0
88 48 0
89 48 0
90 48 0
91 48 0
95 48 0
97 48 0
98 48 0
99 48 0
100 48 0
101 48 0
102 48 0
103 48 0
104 48 0
106 48 0
107 48 0
108 48 0
109 48 0
110 48 0
112 48 0
113 48 0
114 48 0
126 48 0
127 48 0
142 48 0
155 48 0
156 48 0
170 48 0
182 48 0
183 48 0
184 48 0
10 49 0
11 49 0
12 49 0
13 49 0
14 49 0
31 49 0
52 49 0
55 49 0
69 49 0
76 49 0
77 49 0
78 49 0
79 49 0
80 49 0
81 49 0
82 49 0
83 49 0
85 49 0
86 49 0
87 49 0
88 49 0
89 49 0
90 49 0
91 49 0
92 49 0
93 49 0
94 49 0
97 49 0
98 49 0
112 49 0
113 49 0
114 49 0
127 49 0
128 49 0
141 49 0
142 49 0
154 49 0
155 49 0
156 49 0
168 49 0
169 49 0
182 49 0
183 49 0
184 49 0
69 50 0
79 50 0
80 50 0
81 50 0
83 50 0
84 50 0
85 50 0
86 50 0
97 50 0
98 50 0
112 50 0
113 50 0
126 50 0
141 50 0
154 50 0
155 50 0
156 50 0
168 50 0
169 50 0
182 50 0
183 50 0
2 51 0
9 51 0
10 51 0
30 51 0
41 51 0
69 51 0
82 51 0
83 51 0
84 51 0
97 51 0
98 51 0
111 51 0
112 51 0
126 51 0
127 51 0
140 51 0
141 51 0
154 51 0
155 51 0
156 51 0
168 51 0
169 51 0
180 51 0
183 51 0
9 52 0
10 52 0
15 52 0
16 52 0
17 52 0
18 52 0
19 52 0
21 52 0
22 52 0
23 52 0
24 52 0
25 52 0
26 52 0
27 52 0
28 52 0
29 52 0
30 52 0
41 52 0
68 52 0
83 52 0
84 52 0
96 52 0
98 52 0
111 52 0
112 52 0
125 52 0
126 52 0
127 52 0
140 52 0
141 52 0
154 52 0
155 52 0
156 52 0
168 52 0
169 52 0
183 52 0
10 53 0
21 53 0
22 53 0
29 53 0
30 53 0
31 53 0
38 53 0
39 53 0
40 53 0
41 53 0
67 53 0
68 53 0
69 53 0
96 53 0
97 53 0
111 53 0
112 53 0
126 53 0
127 53 0
140 53 0
141 53 0
154 53 0
155 53 0
156 53 0
168 53 0
169 53 0
182 53 0
183 53 0
9 54 0
10 54 0
14 54 0
16 54 0
17 54 0
20 54 0
21 54 0
66 54 0
67 54 0
68 54 0
69 54 0
70 54 0
71 54 0
74 54 0
82 54 0
96 54 0
97 54 0
112 54 0
126 54 0
127 54 0
140 54 0
141 54 0
154 54 0
155 54 0
168 54 0
169 54 0
182 54 0
183 54 0
9 55 0
10 55 0
20 55 0
31 55 0
42 55 0
69 55 0
76 55 0
77 55 0
78 55 0
79 55 0
80 55 0
81 55 0
82 55 0
85 55 0
96 55 0
97 55 0
126 55 0
127 55 0
140 55 0
141 55 0
154 55 0
155 55 0
156 55 0
161 55 0
162 55 0
163 55 0
166 55 0
167 55 0
168 55 0
169 55 0
182 55 0
183 55 0
20 56 0
29 56 0
30 56 0
31 56 0
69 56 0
84 56 0
92 56 0
93 56 0
94 56 0
95 56 0
96 56 0
99 56 0
101 56 0
104 56 0
105 56 0
110 56 0
111 56 0
126 56 0
140 56 0
141 56 0
154 56 0
155 56 0
161 56 0
162 56 0
163 56 0
164 56 0
165 56 0
166 56 0
167 56 0
168 56 0
169 56 0
182 56 0
183 56 0
30 57 0
31 57 0
69 57 0
83 57 0
84 57 0
97 57 0
98 57 0
108 57 0
109 57 0
110 57 0
111 57 0
114 57 0
115 57 0
116 57 0
118 57 0
120 57 0
126 57 0
139 57 0
140 57 0
141 57 0
154 57 0
155 57 0
161 57 0
162 57 0
164 57 0
165 57 0
168 57 0
169 57 0
182 57 0
183 57 0
30 58 0
69 58 0
83 58 0
84 58 0
97 58 0
98 58 0
122 58 0
123 58 0
124 58 0
125 58 0
126 58 0
129 58 0
130 58 0
131 58 0
132 58 0
133 58 0
137 58 0
138 58 0
139 58 0
140 58 0
142 58 0
143 58 0
144 58 0
146 58 0
147 58 0
153 58 0
154 58 0
155 58 0
156 58 0
157 58 0
160 58 0
161 58 0
162 58 0
163 58 0
164 58 0
165 58 0
168 58 0
169 58 0
182 58 0
184 58 0
185 58 0
9 59 0
69 59 0
83 59 0
97 59 0
98 59 0
130 59 0
133 59 0
134 59 0
135 59 0
136 59 0
137 59 0
141 59 0
142 59 0
143 59 0
144 59 0
151 59 0
152 59 0
153 59 0
154 59 0
155 59 0
156 59 0
157 59 0
158 59 0
163 59 0
164 59 0
165 59 0
168 59 0
169 59 0
170 59 0
178 59 0
179 59 0
180 59 0
181 59 0
182 59 0
183 59 0
184 59 0
185 59 0
186 59 0
20 60 0
67 60 0
83 60 0
97 60 0
98 60 0
111 60 0
125 60 0
129 60 0
130 60 0
131 60 0
134 60 0
141 60 0
142 60 0
154 60 0
155 60 0
156 60 0
158 60 0
163 60 0
164 60 0
165 60 0
166 60 0
168 60 0
169 60 0
170 60 0
173 60 0
174 60 0
175 60 0
176 60 0
177 60 0
178 60 0
179 60 0
180 60 0
182 60 0
183 60 0
184 60 0
83 61 0
97 61 0
98 61 0
112 61 0
124 61 0
127 61 0
128 61 0
129 61 0
141 61 0
153 61 0
154 61 0
155 61 0
163 61 0
166 61 0
167 61 0
168 61 0
172 61 0
173 61 0
174 61 0
175 61 0
176 61 0
177 61 0
178 61 0
182 61 0
183 61 0
184 61 0
67 62 0
96 62 0
97 62 0
110 62 0
118 62 0
119 62 0
120 62 0
121 62 0
122 62 0
126 62 0
127 62 0
128 62 0
140 62 0
141 62 0
154 62 0
155 62 0
167 62 0
174 62 0
176 62 0
177 62 0
178 62 0
182 62 0
183 62 0
66 63 0
67 63 0
72 63 0
82 63 0
83 63 0
92 63 0
93 63 0
94 63 0
95 63 0
96 63 0
97 63 0
99 63 0
108 63 0
109 63 0
110 63 0
111 63 0
112 63 0
113 63 0
114 63 0
115 63 0
126 63 0
127 63 0
140 63 0
141 63 0
154 63 0
155 63 0
168 63 0
7 64 0
8 64 0
67 64 0
68 64 0
69 64 0
70 64 0
72 64 0
75 64 0
78 64 0
81 64 0
82 64 0
85 64 0
86 64 0
88 64 0
89 64 0
91 64 0
92 64 0
93 64 0
94 64 0
95 64 0
96 64 0
97 64 0
98 64 0
99 64 0
105 64 0
107 64 0
111 64 0
112 64 0
113 64 0
126 64 0
140 64 0
154 64 0
168 64 0
169 64 0
182 64 0
183 64 0
9 65 0
10 65 0
13 65 0
14 65 0
68 65 0
69 65 0
75 65 0
78 65 0
80 65 0
81 65 0
82 65 0
84 65 0
85 65 0
86 65 0
87 65 0
88 65 0
95 65 0
96 65 0
97 65 0
98 65 0
108 65 0
111 65 0
112 65 0
126 65 0
140 65 0
154 65 0
168 65 0
169 65 0
182 65 0
183 65 0
9 66 0
10 66 0
67 66 0
68 66 0
69 66 0
78 66 0
79 66 0
82 66 0
83 66 0
84 66 0
96 66 0
97 66 0
103 66 0
104 66 0
105 66 0
106 66 0
107 66 0
111 66 0
126 66 0
140 66 0
154 66 0
167 66 0
168 66 0
182 66 0
18 67 0
19 67 0
67 67 0
68 67 0
82 67 0
83 67 0
97 67 0
111 67 0
125 67 0
126 67 0
140 67 0
153 67 0
154 67 0
167 67 0
168 67 0
181 67 0
182 67 0
183 67 0
19 68 0
67 68 0
81 68 0
83 68 0
96 68 0
97 68 0
111 68 0
125 68 0
126 68 0
139 68 0
140 68 0
153 68 0
154 68 0
167 68 0
168 68 0
182 68 0
19 69 0
20 69 0
68 69 0
81 69 0
82 69 0
83 69 0
96 69 0
97 69 0
110 69 0
111 69 0
126 69 0
139 69 0
140 69 0
153 69 0
154 69 0
167 69 0
168 69 0
182 69 0
82 70 0
83 70 0
96 70 0
97 70 0
109 70 0
110 70 0
111 70 0
125 70 0
126 70 0
139 70 0
140 70 0
153 70 0
154 70 0
167 70 0
168 70 0
181 70 0
182 70 0
83 71 0
95 71 0
96 71 0
97 71 0
110 71 0
111 71 0
125 71 0
126 71 0
139 71 0
140 71 0
153 71 0
154 71 0
167 71 0
168 71 0
181 71 0
182 71 0
82 72 0
83 72 0
96 72 0
97 72 0
110 72 0
111 72 0
125 72 0
126 72 0
152 72 0
153 72 0
154 72 0
167 72 0
168 72 0
180 72 0
181 72 0
182 72 0
68 73 0
81 73 0
82 73 0
83 73 0
95 73 0
96 73 0
110 73 0
111 73 0
126 73 0
138 73 0
142 73 0
143 73 0
145 73 0
150 73 0
151 73 0
152 73 0
153 73 0
155 73 0
166 73 0
167 73 0
170 73 0
171 73 0
172 73 0
174 73 0
179 73 0
180 73 0
181 73 0
183 73 0
68 74 0
82 74 0
83 74 0
96 74 0
97 74 0
109 74 0
110 74 0
111 74 0
125 74 0
126 74 0
137 74 0
138 74 0
139 74 0
140 74 0
141 74 0
142 74 0
147 74 0
149 74 0
150 74 0
151 74 0
152 74 0
153 74 0
154 74 0
155 74 0
156 74 0
157 74 0
158 74 0
159 74 0
160 74 0
162 74 0
163 74 0
164 74 0
165 74 0
166 74 0
167 74 0
168 74 0
169 74 0
170 74 0
171 74 0
172 74 0
173 74 0
178 74 0
179 74 0
180 74 0
181 74 0
183 74 0
184 74 0
185 74 0
186 74 0
82 75 0
83 75 0
96 75 0
97 75 0
109 75 0
110 75 0
111 75 0
125 75 0
126 75 0
132 75 0
133 75 0
134 75 0
135 75 0
136 75 0
137 75 0
138 75 0
139 75 0
140 75 0
149 75 0
150 75 0
152 75 0
153 75 0
154 75 0
155 75 0
157 75 0
158 75 0
160 75 0
161 75 0
162 75 0
163 75 0
164 75 0
165 75 0
166 75 0
167 75 0
168 75 0
177 75 0
178 75 0
179 75 0
181 75 0
182 75 0
183 75 0
184 75 0
1 76 0
82 76 0
83 76 0
97 76 0
109 76 0
110 76 0
111 76 0
122 76 0
123 76 0
124 76 0
125 76 0
126 76 0
128 76 0
129 76 0
130 76 0
132 76 0
133 76 0
134 76 0
135 76 0
136 76 0
139 76 0
140 76 0
152 76 0
153 76 0
154 76 0
166 76 0
167 76 0
168 76 0
181 76 0
182 76 0
8 77 0
52 77 0
67 77 0
68 77 0
82 77 0
83 77 0
95 77 0
110 77 0
118 77 0
119 77 0
121 77 0
122 77 0
123 77 0
125 77 0
126 77 0
127 77 0
128 77 0
129 77 0
130 77 0
131 77 0
132 77 0
139 77 0
152 77 0
153 77 0
166 77 0
167 77 0
180 77 0
181 77 0
8 78 0
52 78 0
53 78 0
65 78 0
66 78 0
67 78 0
68 78 0
88 78 0
91 78 0
93 78 0
94 78 0
95 78 0
98 78 0
99 78 0
100 78 0
108 78 0
109 78 0
110 78 0
112 78 0
115 78 0
116 78 0
118 78 0
119 78 0
120 78 0
121 78 0
122 78 0
123 78 0
125 78 0
126 78 0
127 78 0
138 78 0
151 78 0
152 78 0
153 78 0
166 78 0
167 78 0
180 78 0
181 78 0
8 79 0
53 79 0
54 79 0
55 79 0
65 79 0
66 79 0
67 79 0
68 79 0
71 79 0
81 79 0
85 79 0
86 79 0
87 79 0
88 79 0
90 79 0
93 79 0
94 79 0
95 79 0
96 79 0
97 79 0
98 79 0
99 79 0
100 79 0
103 79 0
106 79 0
107 79 0
108 79 0
109 79 0
110 79 0
111 79 0
112 79 0
113 79 0
114 79 0
116 79 0
124 79 0
125 79 0
126 79 0
138 79 0
139 79 0
152 79 0
153 79 0
166 79 0
167 79 0
180 79 0
181 79 0
9 80 0
10 80 0
11 80 0
53 80 0
54 80 0
67 80 0
68 80 0
69 80 0
70 80 0
76 80 0
80 80 0
81 80 0
86 80 0
87 80 0
88 80 0
92 80 0
96 80 0
97 80 0
107 80 0
108 80 0
110 80 0
111 80 0
112 80 0
124 80 0
125 80 0
139 80 0
152 80 0
153 80 0
166 80 0
167 80 0
180 80 0
181 80 0
67 81 0
68 81 0
76 81 0
79 81 0
80 81 0
81 81 0
82 81 0
83 81 0
84 81 0
96 81 0
97 81 0
104 81 0
109 81 0
110 81 0
111 81 0
124 81 0
125 81 0
138 81 0
139 81 0
152 81 0
153 81 0
165 81 0
166 81 0
167 81 0
179 81 0
180 81 0
181 81 0
18 82 0
19 82 0
82 82 0
83 82 0
96 82 0
109 82 0
110 82 0
124 82 0
125 82 0
139 82 0
151 82 0
152 82 0
153 82 0
166 82 0
167 82 0
180 82 0
181 82 0
19 83 0
20 83 0
53 83 0
82 83 0
83 83 0
96 83 0
110 83 0
124 83 0
125 83 0
138 83 0
151 83 0
152 83 0
153 83 0
166 83 0
167 83 0
179 83 0
180 83 0
181 83 0
20 84 0
82 84 0
94 84 0
95 84 0
96 84 0
109 84 0
110 84 0
124 84 0
125 84 0
138 84 0
139 84 0
152 84 0
153 84 0
166 84 0
179 84 0
180 84 0
181 84 0
28 85 0
29 85 0
82 85 0
96 85 0
109 85 0
110 85 0
124 85 0
138 85 0
139 85 0
151 85 0
152 85 0
153 85 0
179 85 0
180 85 0
181 85 0
20 86 0
29 86 0
30 86 0
31 86 0
96 86 0
108 86 0
110 86 0
125 86 0
137 86 0
138 86 0
139 86 0
150 86 0
151 86 0
152 86 0
153 86 0
166 86 0
179 86 0
180 86 0
30 87 0
31 87 0
42 87 0
66 87 0
68 87 0
81 87 0
82 87 0
96 87 0
110 87 0
123 87 0
124 87 0
125 87 0
138 87 0
139 87 0
151 87 0
152 87 0
165 87 0
166 87 0
179 87 0
180 87 0
20 88 0
30 88 0
41 88 0
66 88 0
67 88 0
82 88 0
95 88 0
96 88 0
109 88 0
110 88 0
123 88 0
125 88 0
137 88 0
138 88 0
150 88 0
151 88 0
154 88 0
155 88 0
156 88 0
157 88 0
158 88 0
159 88 0
160 88 0
163 88 0
164 88 0
165 88 0
166 88 0
178 88 0
179 88 0
180 88 0
1 89 0
36 89 0
40 89 0
41 89 0
67 89 0
68 89 0
81 89 0
82 89 0
95 89 0
109 89 0
110 89 0
124 89 0
125 89 0
136 89 0
137 89 0
138 89 0
139 89 0
142 89 0
143 89 0
149 89 0
150 89 0
151 89 0
152 89 0
153 89 0
154 89 0
155 89 0
156 89 0
157 89 0
158 89 0
159 89 0
160 89 0
161 89 0
162 89 0
164 89 0
165 89 0
166 89 0
167 89 0
170 89 0
171 89 0
174 89 0
177 89 0
178 89 0
179 89 0
180 89 0
181 89 0
182 89 0
183 89 0
184 89 0
1 90 0
40 90 0
41 90 0
42 90 0
43 90 0
82 90 0
95 90 0
96 90 0
109 90 0
110 90 0
127 90 0
128 90 0
131 90 0
133 90 0
134 90 0
135 90 0
136 90 0
137 90 0
138 90 0
139 90 0
140 90 0
141 90 0
142 90 0
143 90 0
144 90 0
145 90 0
147 90 0
148 90 0
150 90 0
151 90 0
152 90 0
153 90 0
165 90 0
166 90 0
167 90 0
170 90 0
171 90 0
172 90 0
173 90 0
174 90 0
175 90 0
176 90 0
177 90 0
178 90 0
179 90 0
180 90 0
181 90 0
182 90 0
42 91 0
43 91 0
54 91 0
82 91 0
95 91 0
109 91 0
110 91 0
126 91 0
127 91 0
131 91 0
132 91 0
133 91 0
134 91 0
135 91 0
138 91 0
139 91 0
151 91 0
152 91 0
153 91 0
165 91 0
166 91 0
178 91 0
179 91 0
180 91 0
181 91 0
42 92 0
52 92 0
82 92 0
95 92 0
109 92 0
110 92 0
122 92 0
123 92 0
124 92 0
126 92 0
127 92 0
128 92 0
137 92 0
138 92 0
151 92 0
152 92 0
164 92 0
178 92 0
179 92 0
180 92 0
7 93 0
8 93 0
9 93 0
51 93 0
52 93 0
67 93 0
81 93 0
82 93 0
94 93 0
95 93 0
96 93 0
107 93 0
108 93 0
109 93 0
110 93 0
118 93 0
119 93 0
120 93 0
121 93 0
122 93 0
123 93 0
124 93 0
125 93 0
126 93 0
137 93 0
138 93 0
150 93 0
151 93 0
164 93 0
165 93 0
166 93 0
178 93 0
179 93 0
8 94 0
10 94 0
54 94 0
55 94 0
56 94 0
57 94 0
58 94 0
65 94 0
66 94 0
92 94 0
93 94 0
94 94 0
95 94 0
96 94 0
98 94 0
99 94 0
103 94 0
107 94 0
108 94 0
109 94 0
114 94 0
118 94 0
124 94 0
125 94 0
138 94 0
139 94 0
150 94 0
151 94 0
164 94 0
165 94 0
166 94 0
178 94 0
179 94 0
10 95 0
19 95 0
54 95 0
65 95 0
66 95 0
67 95 0
68 95 0
69 95 0
79 95 0
80 95 0
85 95 0
86 95 0
89 95 0
90 95 0
91 95 0
92 95 0
93 95 0
94 95 0
95 95 0
96 95 0
97 95 0
105 95 0
106 95 0
107 95 0
108 95 0
109 95 0
110 95 0
111 95 0
112 95 0
115 95 0
117 95 0
118 95 0
119 95 0
124 95 0
125 95 0
137 95 0
138 95 0
139 95 0
150 95 0
151 95 0
164 95 0
165 95 0
166 95 0
178 95 0
179 95 0
19 96 0
20 96 0
54 96 0
67 96 0
68 96 0
79 96 0
80 96 0
81 96 0
85 96 0
87 96 0
88 96 0
90 96 0
91 96 0
92 96 0
93 96 0
95 96 0
96 96 0
97 96 0
105 96 0
106 96 0
109 96 0
110 96 0
124 96 0
138 96 0
150 96 0
151 96 0
164 96 0
165 96 0
178 96 0
179 96 0
21 97 0
66 97 0
67 97 0
68 97 0
77 97 0
80 97 0
81 97 0
82 97 0
83 97 0
84 97 0
95 97 0
96 97 0
108 97 0
109 97 0
110 97 0
123 97 0
136 97 0
137 97 0
138 97 0
150 97 0
151 97 0
164 97 0
165 97 0
179 97 0
21 98 0
66 98 0
67 98 0
81 98 0
82 98 0
94 98 0
95 98 0
96 98 0
109 98 0
110 98 0
123 98 0
137 98 0
138 98 0
150 98 0
151 98 0
164 98 0
165 98 0
177 98 0
178 98 0
179 98 0
80 99 0
94 99 0
95 99 0
108 99 0
122 99 0
123 99 0
124 99 0
137 99 0
138 99 0
150 99 0
151 99 0
164 99 0
165 99 0
178 99 0
179 99 0
28 100 0
29 100 0
30 100 0
67 100 0
82 100 0
95 100 0
108 100 0
109 100 0
122 100 0
123 100 0
124 100 0
136 100 0
137 100 0
138 100 0
150 100 0
151 100 0
164 100 0
165 100 0
178 100 0
31 101 0
32 101 0
66 101 0
67 101 0
80 101 0
81 101 0
82 101 0
94 101 0
95 101 0
96 101 0
108 101 0
109 101 0
123 101 0
124 101 0
136 101 0
137 101 0
138 101 0
150 101 0
151 101 0
163 101 0
164 101 0
165 101 0
178 101 0
179 101 0
1 102 0
10 102 0
31 102 0
42 102 0
80 102 0
81 102 0
94 102 0
95 102 0
108 102 0
109 102 0
123 102 0
124 102 0
135 102 0
136 102 0
139 102 0
141 102 0
142 102 0
143 102 0
147 102 0
148 102 0
149 102 0
150 102 0
153 102 0
155 102 0
162 102 0
163 102 0
164 102 0
177 102 0
178 102 0
179 102 0
39 103 0
40 103 0
67 103 0
80 103 0
94 103 0
95 103 0
108 103 0
123 103 0
136 103 0
140 103 0
141 103 0
142 103 0
147 103 0
148 103 0
149 103 0
151 103 0
153 103 0
154 103 0
155 103 0
156 103 0
158 103 0
160 103 0
161 103 0
162 103 0
163 103 0
164 103 0
165 103 0
174 103 0
175 103 0
176 103 0
177 103 0
178 103 0
2 104 0
3 104 0
41 104 0
67 104 0
80 104 0
81 104 0
108 104 0
109 104 0
135 104 0
136 104 0
137 104 0
139 104 0
140 104 0
141 104 0
148 104 0
149 104 0
150 104 0
151 104 0
152 104 0
164 104 0
165 104 0
166 104 0
174 104 0
175 104 0
176 104 0
177 104 0
178 104 0
179 104 0
180 104 0
42 105 0
43 105 0
80 105 0
81 105 0
108 105 0
109 105 0
123 105 0
132 105 0
133 105 0
134 105 0
135 105 0
136 105 0
137 105 0
138 105 0
149 105 0
150 105 0
151 105 0
163 105 0
164 105 0
165 105 0
173 105 0
174 105 0
177 105 0
178 105 0
179 105 0
182 105 0
183 105 0
8 106 0
9 106 0
42 106 0
43 106 0
52 106 0
67 106 0
123 106 0
127 106 0
128 106 0
132 106 0
133 106 0
137 106 0
138 106 0
149 106 0
150 106 0
151 106 0
163 106 0
164 106 0
176 106 0
177 106 0
178 106 0
184 106 0
185 106 0
9 107 0
52 107 0
95 107 0
111 107 0
113 107 0
115 107 0
117 107 0
118 107 0
120 107 0
121 107 0
122 107 0
123 107 0
127 107 0
129 107 0
130 107 0
131 107 0
132 107 0
136 107 0
137 107 0
138 107 0
149 107 0
150 107 0
162 107 0
163 107 0
164 107 0
176 107 0
177 107 0
178 107 0
10 108 0
11 108 0
21 108 0
31 108 0
51 108 0
52 108 0
53 108 0
81 108 0
93 108 0
94 108 0
110 108 0
111 108 0
114 108 0
115 108 0
117 108 0
119 108 0
120 108 0
121 108 0
122 108 0
123 108 0
124 108 0
126 108 0
127 108 0
128 108 0
129 108 0
135 108 0
136 108 0
137 108 0
149 108 0
150 108 0
162 108 0
163 108 0
164 108 0
176 108 0
177 108 0
20 109 0
53 109 0
54 109 0
55 109 0
66 109 0
80 109 0
91 109 0
92 109 0
93 109 0
94 109 0
107 109 0
108 109 0
111 109 0
112 109 0
122 109 0
123 109 0
124 109 0
125 109 0
136 109 0
137 109 0
149 109 0
150 109 0
162 109 0
163 109 0
164 109 0
176 109 0
177 109 0
20 110 0
54 110 0
63 110 0
65 110 0
66 110 0
79 110 0
80 110 0
85 110 0
92 110 0
94 110 0
95 110 0
96 110 0
106 110 0
107 110 0
108 110 0
109 110 0
110 110 0
111 110 0
122 110 0
123 110 0
124 110 0
135 110 0
136 110 0
137 110 0
149 110 0
150 110 0
162 110 0
163 110 0
164 110 0
177 110 0
22 111 0
54 111 0
67 111 0
68 111 0
69 111 0
78 111 0
79 111 0
80 111 0
81 111 0
82 111 0
83 111 0
84 111 0
95 111 0
96 111 0
102 111 0
105 111 0
106 111 0
107 111 0
108 111 0
109 111 0
110 111 0
121 111 0
122 111 0
123 111 0
124 111 0
136 111 0
137 111 0
148 111 0
149 111 0
150 111 0
162 111 0
163 111 0
176 111 0
177 111 0
22 112 0
67 112 0
68 112 0
74 112 0
75 112 0
81 112 0
82 112 0
83 112 0
94 112 0
95 112 0
101 112 0
102 112 0
103 112 0
105 112 0
106 112 0
109 112 0
110 112 0
123 112 0
136 112 0
137 112 0
148 112 0
149 112 0
150 112 0
162 112 0
163 112 0
175 112 0
176 112 0
177 112 0
30 113 0
81 113 0
82 113 0
94 113 0
95 113 0
109 113 0
122 113 0
123 113 0
137 113 0
149 113 0
150 113 0
162 113 0
163 113 0
175 113 0
176 113 0
177 113 0
3 114 0
30 114 0
32 114 0
80 114 0
81 114 0
82 114 0
93 114 0
94 114 0
95 114 0
108 114 0
109 114 0
122 114 0
123 114 0
135 114 0
136 114 0
148 114 0
149 114 0
150 114 0
162 114 0
163 114 0
175 114 0
176 114 0
177 114 0
3 115 0
4 115 0
32 115 0
80 115 0
81 115 0
82 115 0
95 115 0
108 115 0
109 115 0
122 115 0
123 115 0
135 115 0
136 115 0
137 115 0
148 115 0
149 115 0
161 115 0
162 115 0
163 115 0
175 115 0
176 115 0
3 116 0
4 116 0
32 116 0
68 116 0
79 116 0
81 116 0
95 116 0
108 116 0
109 116 0
122 116 0
123 116 0
135 116 0
136 116 0
147 116 0
148 116 0
152 116 0
153 116 0
160 116 0
161 116 0
162 116 0
163 116 0
175 116 0
176 116 0
4 117 0
41 117 0
42 117 0
81 117 0
94 117 0
108 117 0
109 117 0
122 117 0
123 117 0
136 117 0
137 117 0
147 117 0
148 117 0
149 117 0
150 117 0
151 117 0
152 117 0
153 117 0
159 117 0
160 117 0
161 117 0
162 117 0
163 117 0
174 117 0
175 117 0
176 117 0
177 117 0
178 117 0
67 118 0
81 118 0
94 118 0
95 118 0
109 118 0
122 118 0
123 118 0
134 118 0
135 118 0
136 118 0
137 118 0
139 118 0
141 118 0
143 118 0
146 118 0
147 118 0
148 118 0
149 118 0
150 118 0
162 118 0
163 118 0
164 118 0
165 118 0
166 118 0
173 118 0
174 118 0
175 118 0
176 118 0
177 118 0
186 118 0
187 118 0
44 119 0
67 119 0
81 119 0
94 119 0
95 119 0
107 119 0
108 119 0
109 119 0
122 119 0
123 119 0
126 119 0
127 119 0
129 119 0
133 119 0
134 119 0
135 119 0
136 119 0
137 119 0
138 119 0
139 119 0
141 119 0
142 119 0
143 119 0
144 119 0
145 119 0
149 119 0
150 119 0
161 119 0
162 119 0
173 119 0
175 119 0
176 119 0
177 119 0
185 119 0
186 119 0
188 119 0
9 120 0
10 120 0
44 120 0
67 120 0
80 120 0
81 120 0
108 120 0
109 120 0
122 120 0
125 120 0
126 120 0
127 120 0
128 120 0
129 120 0
130 120 0
132 120 0
135 120 0
136 120 0
137 120 0
138 120 0
148 120 0
161 120 0
162 120 0
175 120 0
176 120 0
188 120 0
10 121 0
12 121 0
22 121 0
53 121 0
68 121 0
81 121 0
94 121 0
108 121 0
109 121 0
122 121 0
126 121 0
127 121 0
128 121 0
135 121 0
136 121 0
148 121 0
161 121 0
162 121 0
175 121 0
176 121 0
12 122 0
52 122 0
53 122 0
54 122 0
81 122 0
94 122 0
95 122 0
108 122 0
109 122 0
121 122 0
122 122 0
125 122 0
126 122 0
135 122 0
136 122 0
148 122 0
149 122 0
161 122 0
162 122 0
174 122 0
176 122 0
21 123 0
22 123 0
54 123 0
55 123 0
81 123 0
82 123 0
92 123 0
93 123 0
94 123 0
107 123 0
108 123 0
119 123 0
120 123 0
121 123 0
122 123 0
123 123 0
124 123 0
125 123 0
135 123 0
136 123 0
147 123 0
148 123 0
149 123 0
160 123 0
161 123 0
174 123 0
175 123 0
176 123 0
22 124 0
23 124 0
55 124 0
65 124 0
66 124 0
86 124 0
91 124 0
92 124 0
93 124 0
94 124 0
95 124 0
96 124 0
97 124 0
105 124 0
106 124 0
107 124 0
108 124 0
111 124 0
112 124 0
114 124 0
115 124 0
118 124 0
119 124 0
120 124 0
122 124 0
123 124 0
124 124 0
135 124 0
136 124 0
147 124 0
148 124 0
149 124 0
161 124 0
174 124 0
175 124 0
187 124 0
23 125 0
65 125 0
66 125 0
67 125 0
69 125 0
79 125 0
80 125 0
83 125 0
86 125 0
91 125 0
95 125 0
96 125 0
106 125 0
107 125 0
108 125 0
109 125 0
110 125 0
112 125 0
113 125 0
115 125 0
116 125 0
117 125 0
118 125 0
119 125 0
120 125 0
122 125 0
123 125 0
135 125 0
136 125 0
147 125 0
148 125 0
174 125 0
175 125 0
187 125 0
12 126 0
67 126 0
68 126 0
69 126 0
72 126 0
79 126 0
80 126 0
81 126 0
82 126 0
83 126 0
84 126 0
93 126 0
94 126 0
95 126 0
96 126 0
106 126 0
107 126 0
108 126 0
109 126 0
110 126 0
121 126 0
122 126 0
135 126 0
136 126 0
147 126 0
148 126 0
160 126 0
161 126 0
174 126 0
175 126 0
4 127 0
31 127 0
32 127 0
33 127 0
68 127 0
69 127 0
81 127 0
82 127 0
94 127 0
95 127 0
108 127 0
109 127 0
121 127 0
122 127 0
135 127 0
147 127 0
148 127 0
160 127 0
161 127 0
174 127 0
175 127 0
5 128 0
31 128 0
33 128 0
34 128 0
81 128 0
82 128 0
94 128 0
95 128 0
108 128 0
109 128 0
122 128 0
135 128 0
136 128 0
147 128 0
148 128 0
174 128 0
175 128 0
6 129 0
33 129 0
34 129 0
67 129 0
81 129 0
93 129 0
94 129 0
108 129 0
109 129 0
121 129 0
122 129 0
135 129 0
146 129 0
147 129 0
160 129 0
174 129 0
175 129 0
55 130 0
68 130 0
80 130 0
81 130 0
107 130 0
108 130 0
109 130 0
122 130 0
134 130 0
139 130 0
144 130 0
145 130 0
146 130 0
147 130 0
153 130 0
159 130 0
160 130 0
171 130 0
172 130 0
173 130 0
174 130 0
43 131 0
54 131 0
55 131 0
68 131 0
81 131 0
82 131 0
94 131 0
108 131 0
109 131 0
121 131 0
122 131 0
135 131 0
137 131 0
138 131 0
140 131 0
141 131 0
147 131 0
148 131 0
149 131 0
155 131 0
158 131 0
159 131 0
160 131 0
161 131 0
162 131 0
171 131 0
172 131 0
173 131 0
174 131 0
175 131 0
185 131 0
186 131 0
12 132 0
55 132 0
66 132 0
68 132 0
80 132 0
81 132 0
82 132 0
108 132 0
109 132 0
121 132 0
122 132 0
123 132 0
132 132 0
133 132 0
134 132 0
135 132 0
138 132 0
139 132 0
146 132 0
147 132 0
148 132 0
160 132 0
161 132 0
162 132 0
168 132 0
169 132 0
170 132 0
174 132 0
175 132 0
176 132 0
184 132 0
185 132 0
186 132 0
187 132 0
44 133 0
45 133 0
68 133 0
81 133 0
82 133 0
121 133 0
122 133 0
131 133 0
132 133 0
133 133 0
134 133 0
135 133 0
136 133 0
137 133 0
145 133 0
146 133 0
147 133 0
159 133 0
160 133 0
161 133 0
173 133 0
174 133 0
175 133 0
184 133 0
187 133 0
13 134 0
68 134 0
82 134 0
93 134 0
108 134 0
109 134 0
129 134 0
131 134 0
132 134 0
133 134 0
135 134 0
136 134 0
145 134 0
146 134 0
147 134 0
148 134 0
159 134 0
160 134 0
161 134 0
172 134 0
173 134 0
174 134 0
185 134 0
186 134 0
53 135 0
54 135 0
94 135 0
108 135 0
120 135 0
121 135 0
127 135 0
128 135 0
130 135 0
131 135 0
133 135 0
134 135 0
135 135 0
136 135 0
146 135 0
147 135 0
159 135 0
160 135 0
173 135 0
174 135 0
185 135 0
186 135 0
1 136 0
22 136 0
23 136 0
53 136 0
54 136 0
92 136 0
93 136 0
94 136 0
107 136 0
108 136 0
109 136 0
120 136 0
121 136 0
122 136 0
124 136 0
125 136 0
126 136 0
127 136 0
134 136 0
135 136 0
146 136 0
147 136 0
159 136 0
160 136 0
172 136 0
173 136 0
185 136 0
186 136 0
3 137 0
24 137 0
25 137 0
55 137 0
56 137 0
66 137 0
67 137 0
68 137 0
89 137 0
92 137 0
93 137 0
94 137 0
95 137 0
99 137 0
106 137 0
107 137 0
108 137 0
111 137 0
115 137 0
117 137 0
118 137 0
119 137 0
120 137 0
121 137 0
122 137 0
123 137 0
134 137 0
135 137 0
145 137 0
146 137 0
147 137 0
159 137 0
160 137 0
172 137 0
185 137 0
186 137 0
1 138 0
2 138 0
3 138 0
4 138 0
5 138 0
6 138 0
7 138 0
24 138 0
25 138 0
55 138 0
56 138 0
66 138 0
67 138 0
68 138 0
80 138 0
81 138 0
90 138 0
94 138 0
95 138 0
96 138 0
98 138 0
99 138 0
104 138 0
105 138 0
106 138 0
107 138 0
108 138 0
109 138 0
110 138 0
114 138 0
122 138 0
123 138 0
134 138 0
135 138 0
145 138 0
146 138 0
147 138 0
172 138 0
173 138 0
185 138 0
186 138 0
2 139 0
3 139 0
4 139 0
5 139 0
6 139 0
7 139 0
8 139 0
9 139 0
10 139 0
11 139 0
13 139 0
24 139 0
34 139 0
68 139 0
69 139 0
70 139 0
79 139 0
80 139 0
81 139 0
82 139 0
90 139 0
94 139 0
95 139 0
105 139 0
106 139 0
107 139 0
108 139 0
109 139 0
122 139 0
123 139 0
134 139 0
135 139 0
146 139 0
147 139 0
158 139 0
159 139 0
160 139 0
172 139 0
173 139 0
184 139 0
185 139 0
8 140 0
9 140 0
10 140 0
11 140 0
12 140 0
13 140 0
14 140 0
15 140 0
16 140 0
17 140 0
36 140 0
69 140 0
81 140 0
82 140 0
83 140 0
107 140 0
108 140 0
109 140 0
134 140 0
135 140 0
158 140 0
159 140 0
160 140 0
172 140 0
184 140 0
185 140 0
13 141 0
14 141 0
15 141 0
16 141 0
17 141 0
18 141 0
19 141 0
20 141 0
21 141 0
22 141 0
23 141 0
24 141 0
35 141 0
36 141 0
68 141 0
69 141 0
82 141 0
83 141 0
107 141 0
108 141 0
121 141 0
134 141 0
135 141 0
145 141 0
158 141 0
159 141 0
160 141 0
171 141 0
184 141 0
185 141 0
20 142 0
21 142 0
22 142 0
23 142 0
24 142 0
25 142 0
26 142 0
27 142 0
28 142 0
29 142 0
30 142 0
31 142 0
33 142 0
45 142 0
80 142 0
82 142 0
106 142 0
107 142 0
108 142 0
121 142 0
134 142 0
135 142 0
145 142 0
146 142 0
155 142 0
157 142 0
158 142 0
159 142 0
171 142 0
184 142 0
185 142 0
27 143 0
28 143 0
29 143 0
30 143 0
31 143 0
32 143 0
33 143 0
34 143 0
35 143 0
36 143 0
37 143 0
38 143 0
39 143 0
41 143 0
44 143 0
45 143 0
82 143 0
93 143 0
94 143 0
107 143 0
108 143 0
121 143 0
122 143 0
123 143 0
135 143 0
143 143 0
144 143 0
145 143 0
146 143 0
147 143 0
148 143 0
154 143 0
155 143 0
156 143 0
157 143 0
158 143 0
159 143 0
160 143 0
162 143 0
170 143 0
171 143 0
178 143 0
182 143 0
183 143 0
184 143 0
185 143 0
36 144 0
37 144 0
38 144 0
39 144 0
40 144 0
41 144 0
42 144 0
43 144 0
44 144 0
45 144 0
46 144 0
48 144 0
68 144 0
81 144 0
82 144 0
93 144 0
94 144 0
95 144 0
107 144 0
108 144 0
121 144 0
122 144 0
123 144 0
135 144 0
141 144 0
144 144 0
145 144 0
146 144 0
147 144 0
158 144 0
159 144 0
160 144 0
161 144 0
162 144 0
169 144 0
170 144 0
171 144 0
172 144 0
173 144 0
181 144 0
182 144 0
183 144 0
184 144 0
185 144 0
2 145 0
12 145 0
43 145 0
44 145 0
48 145 0
49 145 0
50 145 0
51 145 0
52 145 0
53 145 0
54 145 0
55 145 0
56 145 0
57 145 0
81 145 0
82 145 0
93 145 0
94 145 0
95 145 0
107 145 0
108 145 0
121 145 0
122 145 0
123 145 0
132 145 0
133 145 0
134 145 0
135 145 0
137 145 0
145 145 0
146 145 0
159 145 0
166 145 0
171 145 0
172 145 0
173 145 0
178 145 0
179 145 0
180 145 0
181 145 0
182 145 0
183 145 0
184 145 0
185 145 0
186 145 0
1 146 0
5 146 0
6 146 0
12 146 0
51 146 0
52 146 0
53 146 0
54 146 0
55 146 0
56 146 0
57 146 0
58 146 0
59 146 0
60 146 0
61 146 0
62 146 0
63 146 0
64 146 0
65 146 0
66 146 0
67 146 0
68 146 0
69 146 0
81 146 0
82 146 0
94 146 0
95 146 0
107 146 0
108 146 0
131 146 0
132 146 0
133 146 0
134 146 0
135 146 0
144 146 0
157 146 0
158 146 0
161 146 0
162 146 0
164 146 0
165 146 0
166 146 0
167 146 0
168 146 0
169 146 0
170 146 0
171 146 0
172 146 0
173 146 0
174 146 0
175 146 0
176 146 0
177 146 0
178 146 0
179 146 0
180 146 0
181 146 0
182 146 0
183 146 0
3 147 0
4 147 0
5 147 0
6 147 0
7 147 0
8 147 0
9 147 0
10 147 0
11 147 0
60 147 0
61 147 0
62 147 0
63 147 0
64 147 0
65 147 0
66 147 0
67 147 0
68 147 0
69 147 0
70 147 0
71 147 0
72 147 0
73 147 0
74 147 0
75 147 0
76 147 0
77 147 0
78 147 0
79 147 0
80 147 0
81 147 0
82 147 0
84 147 0
85 147 0
86 147 0
87 147 0
94 147 0
95 147 0
107 147 0
108 147 0
121 147 0
122 147 0
129 147 0
130 147 0
131 147 0
133 147 0
134 147 0
135 147 0
138 147 0
142 147 0
143 147 0
144 147 0
145 147 0
148 147 0
149 147 0
150 147 0
151 147 0
152 147 0
153 147 0
154 147 0
155 147 0
156 147 0
157 147 0
158 147 0
159 147 0
160 147 0
161 147 0
162 147 0
163 147 0
164 147 0
165 147 0
166 147 0
167 147 0
168 147 0
169 147 0
170 147 0
174 147 0
5 148 0
10 148 0
11 148 0
12 148 0
13 148 0
14 148 0
15 148 0
16 148 0
17 148 0
18 148 0
74 148 0
75 148 0
76 148 0
77 148 0
78 148 0
79 148 0
80 148 0
81 148 0
82 148 0
83 148 0
84 148 0
85 148 0
86 148 0
87 148 0
88 148 0
89 148 0
90 148 0
91 148 0
92 148 0
93 148 0
94 148 0
95 148 0
96 148 0
97 148 0
98 148 0
99 148 0
100 148 0
101 148 0
102 148 0
103 148 0
104 148 0
105 148 0
106 148 0
107 148 0
108 148 0
109 148 0
110 148 0
111 148 0
112 148 0
113 148 0
114 148 0
115 148 0
116 148 0
117 148 0
118 148 0
119 148 0
120 148 0
121 148 0
122 148 0
123 148 0
124 148 0
125 148 0
126 148 0
127 148 0
128 148 0
129 148 0
130 148 0
131 148 0
132 148 0
133 148 0
134 148 0
135 148 0
136 148 0
137 148 0
138 148 0
139 148 0
140 148 0
141 148 0
142 148 0
143 148 0
144 148 0
145 148 0
146 148 0
147 148 0
148 148 0
149 148 0
150 148 0
151 148 0
152 148 0
153 148 0
154 148 0
155 148 0
156 148 0
157 148 0
159 148 0
161 148 0
5 149 0
10 149 0
14 149 0
16 149 0
17 149 0
18 149 0
19 149 0
20 149 0
21 149 0
22 149 0
23 149 0
28 149 0
90 149 0
91 149 0
92 149 0
93 149 0
94 149 0
96 149 0
97 149 0
98 149 0
99 149 0
100 149 0
101 149 0
102 149 0
103 149 0
104 149 0
105 149 0
106 149 0
107 149 0
108 149 0
109 149 0
110 149 0
111 149 0
112 149 0
113 149 0
114 149 0
115 149 0
116 149 0
117 149 0
118 149 0
119 149 0
120 149 0
121 149 0
122 149 0
123 149 0
124 149 0
125 149 0
126 149 0
127 149 0
128 149 0
129 149 0
131 149 0
132 149 0
133 149 0
135 149 0
136 149 0
137 149 0
138 149 0
141 149 0
9 150 0
20 150 0
22 150 0
23 150 0
24 150 0
25 150 0
26 150 0
27 150 0
28 150 0
30 150 0
33 150 0
184 150 0
11 151 0
26 151 0
27 151 0
28 151 0
29 151 0
30 151 0
33 151 0
34 151 0
183 151 0
184 151 0
186 151 0
11 152 0
32 152 0
33 152 0
36 152 0
37 152 0
38 152 0
39 152 0
40 152 0
41 152 0
42 152 0
43 152 0
44 152 0
45 152 0
47 152 0
171 152 0
177 152 0
178 152 0
179 152 0
180 152 0
181 152 0
183 152 0
184 152 0
185 152 0
186 152 0
187 152 0
37 153 0
38 153 0
40 153 0
41 153 0
44 153 0
46 153 0
47 153 0
48 153 0
49 153 0
50 153 0
51 153 0
52 153 0
54 153 0
57 153 0
58 153 0
59 153 0
60 153 0
61 153 0
63 153 0
64 153 0
167 153 0
171 153 0
172 153 0
173 153 0
174 153 0
175 153 0
176 153 0
177 153 0
178 153 0
183 153 0
48 154 0
49 154 0
51 154 0
52 154 0
53 154 0
54 154 0
56 154 0
57 154 0
58 154 0
59 154 0
60 154 0
61 154 0
62 154 0
63 154 0
64 154 0
65 154 0
66 154 0
72 154 0
73 154 0
74 154 0
75 154 0
146 154 0
157 154 0
158 154 0
159 154 0
160 154 0
162 154 0
163 154 0
164 154 0
166 154 0
171 154 0
172 154 0
17 155 0
47 155 0
57 155 0
65 155 0
70 155 0
71 155 0
72 155 0
73 155 0
74 155 0
75 155 0
76 155 0
77 155 0
78 155 0
79 155 0
80 155 0
82 155 0
84 155 0
85 155 0
122 155 0
124 155 0
130 155 0
142 155 0
145 155 0
146 155 0
147 155 0
149 155 0
150 155 0
151 155 0
152 155 0
153 155 0
157 155 0
158 155 0
159 155 0
160 155 0
170 155 0
171 155 0
180 155 0
181 155 0
182 155 0
183 155 0
184 155 0
6 156 0
38 156 0
70 156 0
71 156 0
72 156 0
73 156 0
74 156 0
75 156 0
76 156 0
77 156 0
78 156 0
79 156 0
82 156 0
83 156 0
84 156 0
85 156 0
86 156 0
87 156 0
88 156 0
89 156 0
90 156 0
91 156 0
92 156 0
93 156 0
94 156 0
95 156 0
96 156 0
97 156 0
98 156 0
99 156 0
100 156 0
101 156 0
102 156 0
103 156 0
104 156 0
105 156 0
107 156 0
108 156 0
109 156 0
110 156 0
111 156 0
112 156 0
113 156 0
114 156 0
115 156 0
116 156 0
117 156 0
118 156 0
119 156 0
121 156 0
122 156 0
123 156 0
124 156 0
125 156 0
126 156 0
127 156 0
128 156 0
129 156 0
130 156 0
133 156 0
134 156 0
135 156 0
136 156 0
137 156 0
138 156 0
140 156 0
141 156 0
142 156 0
144 156 0
145 156 0
146 156 0
147 156 0
148 156 0
149 156 0
150 156 0
151 156 0
154 156 0
157 156 0
158 156 0
159 156 0
162 156 0
170 156 0
171 156 0
182 156 0
183 156 0
184 156 0
9 157 0
18 157 0
48 157 0
70 157 0
82 157 0
83 157 0
84 157 0
85 157 0
87 157 0
88 157 0
89 157 0
90 157 0
91 157 0
93 157 0
94 157 0
95 157 0
96 157 0
97 157 0
98 157 0
99 157 0
100 157 0
101 157 0
102 157 0
103 157 0
104 157 0
108 157 0
109 157 0
111 157 0
114 157 0
115 157 0
121 157 0
122 157 0
126 157 0
132 157 0
133 157 0
134 157 0
135 157 0
136 157 0
137 157 0
139 157 0
140 157 0
141 157 0
144 157 0
145 157 0
157 157 0
170 157 0
171 157 0
182 157 0
183 157 0
8 158 0
48 158 0
108 158 0
121 158 0
131 158 0
132 158 0
133 158 0
134 158 0
156 158 0
157 158 0
2 159 0
27 159 0
121 159 0
133 159 0
134 159 0
145 159 0
157 159 0
2 160 0
12 160 0
29 160 0
56 160 0
93 160 0
94 160 0
133 160 0
134 160 0
144 160 0
145 160 0
155 160 0
168 160 0
169 160 0
170 160 0
181 160 0
182 160 0
14 161 0
29 161 0
56 161 0
57 161 0
93 161 0
94 161 0
95 161 0
117 161 0
119 161 0
120 161 0
121 161 0
126 161 0
127 161 0
128 161 0
132 161 0
143 161 0
144 161 0
155 161 0
156 161 0
157 161 0
169 161 0
182 161 0
37 162 0
38 162 0
58 162 0
59 162 0
68 162 0
69 162 0
70 162 0
95 162 0
96 162 0
106 162 0
107 162 0
108 162 0
120 162 0
121 162 0
122 162 0
123 162 0
124 162 0
132 162 0
133 162 0
143 162 0
144 162 0
155 162 0
156 162 0
169 162 0
170 162 0
39 163 0
58 163 0
59 163 0
70 163 0
71 163 0
82 163 0
94 163 0
95 163 0
96 163 0
97 163 0
106 163 0
107 163 0
108 163 0
109 163 0
110 163 0
115 163 0
121 163 0
122 163 0
132 163 0
133 163 0
143 163 0
155 163 0
156 163 0
39 164 0
71 164 0
73 164 0
81 164 0
82 164 0
83 164 0
84 164 0
85 164 0
86 164 0
88 164 0
95 164 0
107 164 0
108 164 0
109 164 0
120 164 0
121 164 0
132 164 0
133 164 0
20 165 0
83 165 0
84 165 0
95 165 0
107 165 0
108 165 0
120 165 0
121 165 0
141 165 0
153 165 0
167 165 0
179 165 0
8 166 0
20 166 0
84 166 0
95 166 0
96 166 0
107 166 0
108 166 0
120 166 0
142 166 0
143 166 0
144 166 0
145 166 0
146 166 0
153 166 0
154 166 0
155 166 0
156 166 0
166 166 0
167 166 0
168 166 0
180 166 0
181 166 0
182 166 0
3 167 0
4 167 0
7 167 0
10 167 0
21 167 0
22 167 0
48 167 0
84 167 0
107 167 0
108 167 0
141 167 0
142 167 0
143 167 0
144 167 0
145 167 0
155 167 0
156 167 0
157 167 0
168 167 0
169 167 0
170 167 0
181 167 0
3 168 0
4 168 0
5 168 0
6 168 0
49 168 0
50 168 0
71 168 0
96 168 0
107 168 0
108 168 0
130 168 0
131 168 0
132 168 0
143 168 0
144 168 0
155 168 0
156 168 0
168 168 0
180 168 0
5 169 0
15 169 0
28 169 0
29 169 0
49 169 0
95 169 0
108 169 0
129 169 0
130 169 0
131 169 0
132 169 0
133 169 0
135 169 0
136 169 0
137 169 0
143 169 0
155 169 0
156 169 0
168 169 0
180 169 0
10 170 0
29 170 0
132 170 0
133 170 0
155 170 0
180 170 0
17 171 0
31 171 0
58 171 0
120 171 0
124 171 0
125 171 0
131 171 0
132 171 0
133 171 0
142 171 0
153 171 0
155 171 0
2 172 0
31 172 0
40 172 0
95 172 0
119 172 0
120 172 0
121 172 0
122 172 0
123 172 0
131 172 0
132 172 0
143 172 0
154 172 0
162 172 0
163 172 0
166 172 0
2 173 0
39 173 0
40 173 0
41 173 0
42 173 0
60 173 0
70 173 0
94 173 0
95 173 0
96 173 0
97 173 0
106 173 0
107 173 0
108 173 0
118 173 0
119 173 0
120 173 0
121 173 0
122 173 0
132 173 0
143 173 0
153 173 0
154 173 0
157 173 0
162 173 0
163 173 0
166 173 0
41 174 0
42 174 0
69 174 0
70 174 0
71 174 0
83 174 0
87 174 0
96 174 0
97 174 0
108 174 0
109 174 0
110 174 0
115 174 0
116 174 0
121 174 0
122 174 0
131 174 0
132 174 0
142 174 0
143 174 0
152 174 0
153 174 0
154 174 0
155 174 0
156 174 0
157 174 0
158 174 0
167 174 0
168 174 0
6 175 0
41 175 0
71 175 0
72 175 0
73 175 0
84 175 0
85 175 0
86 175 0
97 175 0
108 175 0
109 175 0
121 175 0
131 175 0
132 175 0
141 175 0
142 175 0
155 175 0
156 175 0
166 175 0
167 175 0
14 176 0
24 176 0
50 176 0
71 176 0
72 176 0
84 176 0
85 176 0
96 176 0
108 176 0
121 176 0
131 176 0
132 176 0
140 176 0
141 176 0
142 176 0
143 176 0
146 176 0
147 176 0
152 176 0
153 176 0
154 176 0
164 176 0
165 176 0
179 176 0
96 177 0
121 177 0
142 177 0
146 177 0
154 177 0
155 177 0
166 177 0
167 177 0
178 177 0
179 177 0
154 178 0
62 52 1
51 54 1
53 54 1
56 54 1
57 54 1
56 55 1
57 55 1
58 55 1
61 55 1
62 55 1
57 56 1
58 56 1
62 56 1
55 58 1
56 58 1
62 58 1
63 58 1
44 59 1
48 59 1
62 59 1
63 59 1
64 59 1
43 60 1
44 60 1
49 60 1
55 60 1
63 60 1
64 60 1
65 60 1
66 60 1
68 60 1
43 61 1
44 61 1
49 61 1
64 61 1
65 61 1
67 61 1
43 62 1
44 62 1
49 62 1
50 62 1
64 62 1
65 62 1
66 62 1
67 62 1
43 63 1
44 63 1
49 63 1
64 63 1
65 63 1
67 63 1
42 64 1
43 64 1
44 64 1
48 64 1
64 64 1
65 64 1
66 64 1
67 64 1
42 65 1
43 65 1
44 65 1
64 65 1
65 65 1
66 65 1
67 65 1
68 65 1
42 66 1
43 66 1
44 66 1
47 66 1
48 66 1
64 66 1
65 66 1
66 66 1
67 66 1
42 67 1
43 67 1
44 67 1
64 67 1
65 67 1
66 67 1
67 67 1
68 67 1
42 68 1
43 68 1
44 68 1
49 68 1
64 68 1
65 68 1
66 68 1
67 68 1
36 69 1
42 69 1
43 69 1
44 69 1
45 69 1
46 69 1
63 69 1
64 69 1
65 69 1
66 69 1
67 69 1
33 70 1
42 70 1
43 70 1
44 70 1
45 70 1
46 70 1
47 70 1
64 70 1
65 70 1
66 70 1
67 70 1
43 71 1
44 71 1
45 71 1
46 71 1
47 71 1
48 71 1
64 71 1
65 71 1
44 72 1
45 72 1
46 72 1
47 72 1
48 72 1
63 72 1
64 72 1
65 72 1
45 73 1
46 73 1
47 73 1
48 73 1
49 73 1
50 73 1
55 73 1
62 73 1
63 73 1
64 73 1
45 74 1
46 74 1
47 74 1
48 74 1
49 74 1
51 74 1
52 74 1
56 74 1
57 74 1
46 75 1
47 75 1
48 75 1
49 75 1
52 75 1
56 75 1
57 75 1
47 76 1
48 76 1
49 76 1
50 76 1
51 76 1
52 76 1
54 76 1
56 76 1
57 76 1
58 76 1
49 77 1
50 77 1
51 77 1
52 77 1
53 77 1
54 77 1
55 77 1
56 77 1
58 77 1
53 78 1
