49 1 0
62 1 0
90 1 0
105 1 0
119 1 0
133 1 0
135 1 0
136 1 0
149 1 0
163 1 0
174 1 0
175 1 0
39 2 0
48 2 0
49 2 0
50 2 0
51 2 0
52 2 0
53 2 0
62 2 0
63 2 0
65 2 0
76 2 0
77 2 0
90 2 0
91 2 0
104 2 0
105 2 0
106 2 0
107 2 0
109 2 0
117 2 0
118 2 0
119 2 0
121 2 0
124 2 0
125 2 0
126 2 0
127 2 0
128 2 0
129 2 0
130 2 0
131 2 0
132 2 0
134 2 0
135 2 0
136 2 0
147 2 0
148 2 0
149 2 0
161 2 0
162 2 0
163 2 0
164 2 0
169 2 0
170 2 0
171 2 0
172 2 0
173 2 0
174 2 0
176 2 0
177 2 0
178 2 0
179 2 0
180 2 0
181 2 0
39 3 0
49 3 0
50 3 0
51 3 0
56 3 0
61 3 0
62 3 0
64 3 0
65 3 0
66 3 0
68 3 0
75 3 0
76 3 0
78 3 0
89 3 0
91 3 0
103 3 0
104 3 0
106 3 0
107 3 0
108 3 0
109 3 0
110 3 0
117 3 0
118 3 0
119 3 0
121 3 0
122 3 0
123 3 0
124 3 0
125 3 0
126 3 0
127 3 0
128 3 0
129 3 0
130 3 0
133 3 0
134 3 0
135 3 0
147 3 0
148 3 0
149 3 0
161 3 0
162 3 0
163 3 0
171 3 0
172 3 0
173 3 0
174 3 0
175 3 0
176 3 0
177 3 0
178 3 0
184 3 0
39 4 0
50 4 0
60 4 0
61 4 0
62 4 0
63 4 0
64 4 0
65 4 0
66 4 0
69 4 0
70 4 0
71 4 0
72 4 0
73 4 0
74 4 0
75 4 0
76 4 0
77 4 0
78 4 0
79 4 0
80 4 0
81 4 0
89 4 0
91 4 0
102 4 0
103 4 0
104 4 0
105 4 0
106 4 0
107 4 0
112 4 0
114 4 0
115 4 0
116 4 0
117 4 0
118 4 0
120 4 0
121 4 0
133 4 0
134 4 0
148 4 0
149 4 0
161 4 0
162 4 0
175 4 0
176 4 0
17 5 0
50 5 0
61 5 0
62 5 0
63 5 0
76 5 0
77 5 0
78 5 0
87 5 0
88 5 0
89 5 0
96 5 0
97 5 0
98 5 0
99 5 0
100 5 0
101 5 0
102 5 0
105 5 0
106 5 0
116 5 0
117 5 0
120 5 0
132 5 0
133 5 0
134 5 0
147 5 0
148 5 0
161 5 0
162 5 0
175 5 0
176 5 0
75 6 0
76 6 0
77 6 0
85 6 0
87 6 0
88 6 0
89 6 0
90 6 0
91 6 0
92 6 0
93 6 0
94 6 0
96 6 0
97 6 0
98 6 0
99 6 0
100 6 0
101 6 0
102 6 0
103 6 0
105 6 0
118 6 0
119 6 0
120 6 0
133 6 0
134 6 0
147 6 0
148 6 0
161 6 0
162 6 0
175 6 0
176 6 0
49 7 0
62 7 0
76 7 0
86 7 0
87 7 0
89 7 0
90 7 0
91 7 0
94 7 0
95 7 0
96 7 0
97 7 0
104 7 0
105 7 0
118 7 0
119 7 0
120 7 0
133 7 0
134 7 0
147 7 0
148 7 0
161 7 0
162 7 0
174 7 0
175 7 0
176 7 0
38 8 0
60 8 0
62 8 0
75 8 0
76 8 0
90 8 0
104 8 0
105 8 0
118 8 0
119 8 0
120 8 0
134 8 0
147 8 0
148 8 0
161 8 0
162 8 0
175 8 0
176 8 0
6 9 0
7 9 0
62 9 0
75 9 0
76 9 0
89 9 0
90 9 0
103 9 0
104 9 0
105 9 0
118 9 0
119 9 0
133 9 0
134 9 0
147 9 0
148 9 0
161 9 0
162 9 0
175 9 0
176 9 0
5 10 0
6 10 0
7 10 0
8 10 0
16 10 0
60 10 0
62 10 0
75 10 0
76 10 0
89 10 0
90 10 0
103 10 0
104 10 0
105 10 0
119 10 0
132 10 0
133 10 0
134 10 0
147 10 0
148 10 0
161 10 0
162 10 0
174 10 0
175 10 0
176 10 0
2 11 0
5 11 0
7 11 0
11 11 0
14 11 0
15 11 0
18 11 0
26 11 0
62 11 0
75 11 0
76 11 0
89 11 0
90 11 0
103 11 0
104 11 0
118 11 0
119 11 0
134 11 0
147 11 0
148 11 0
161 11 0
162 11 0
174 11 0
175 11 0
176 11 0
12 12 0
16 12 0
17 12 0
25 12 0
29 12 0
36 12 0
49 12 0
74 12 0
76 12 0
88 12 0
89 12 0
90 12 0
103 12 0
104 12 0
118 12 0
119 12 0
134 12 0
146 12 0
147 12 0
148 12 0
161 12 0
162 12 0
174 12 0
175 12 0
176 12 0
16 13 0
25 13 0
26 13 0
27 13 0
28 13 0
29 13 0
31 13 0
35 13 0
36 13 0
47 13 0
61 13 0
62 13 0
76 13 0
89 13 0
90 13 0
103 13 0
104 13 0
117 13 0
119 13 0
132 13 0
133 13 0
146 13 0
147 13 0
148 13 0
161 13 0
162 13 0
174 13 0
175 13 0
176 13 0
16 14 0
26 14 0
35 14 0
36 14 0
37 14 0
38 14 0
39 14 0
49 14 0
75 14 0
103 14 0
104 14 0
117 14 0
119 14 0
132 14 0
134 14 0
144 14 0
145 14 0
146 14 0
147 14 0
148 14 0
150 14 0
151 14 0
152 14 0
159 14 0
161 14 0
162 14 0
175 14 0
176 14 0
26 15 0
37 15 0
38 15 0
48 15 0
61 15 0
74 15 0
75 15 0
88 15 0
89 15 0
90 15 0
103 15 0
104 15 0
117 15 0
118 15 0
119 15 0
130 15 0
131 15 0
132 15 0
135 15 0
137 15 0
139 15 0
141 15 0
142 15 0
143 15 0
144 15 0
145 15 0
148 15 0
149 15 0
150 15 0
151 15 0
152 15 0
156 15 0
157 15 0
158 15 0
159 15 0
160 15 0
161 15 0
162 15 0
174 15 0
175 15 0
37 16 0
47 16 0
50 16 0
51 16 0
60 16 0
61 16 0
74 16 0
75 16 0
88 16 0
89 16 0
103 16 0
104 16 0
117 16 0
118 16 0
119 16 0
127 16 0
128 16 0
129 16 0
130 16 0
131 16 0
132 16 0
133 16 0
134 16 0
135 16 0
136 16 0
137 16 0
138 16 0
140 16 0
141 16 0
142 16 0
143 16 0
144 16 0
145 16 0
146 16 0
147 16 0
148 16 0
155 16 0
156 16 0
157 16 0
158 16 0
162 16 0
163 16 0
164 16 0
165 16 0
166 16 0
167 16 0
172 16 0
173 16 0
174 16 0
175 16 0
176 16 0
177 16 0
178 16 0
179 16 0
180 16 0
6 17 0
37 17 0
45 17 0
46 17 0
47 17 0
48 17 0
49 17 0
50 17 0
51 17 0
52 17 0
59 17 0
60 17 0
63 17 0
74 17 0
75 17 0
88 17 0
89 17 0
101 17 0
102 17 0
103 17 0
104 17 0
117 17 0
118 17 0
119 17 0
120 17 0
121 17 0
123 17 0
124 17 0
125 17 0
127 17 0
128 17 0
129 17 0
130 17 0
131 17 0
133 17 0
134 17 0
135 17 0
146 17 0
147 17 0
148 17 0
161 17 0
162 17 0
166 17 0
167 17 0
169 17 0
170 17 0
171 17 0
172 17 0
173 17 0
174 17 0
175 17 0
176 17 0
177 17 0
178 17 0
179 17 0
180 17 0
181 17 0
37 18 0
48 18 0
49 18 0
56 18 0
57 18 0
59 18 0
60 18 0
63 18 0
64 18 0
73 18 0
74 18 0
75 18 0
88 18 0
89 18 0
101 18 0
102 18 0
103 18 0
105 18 0
106 18 0
107 18 0
108 18 0
109 18 0
110 18 0
113 18 0
115 18 0
116 18 0
117 18 0
118 18 0
120 18 0
121 18 0
122 18 0
123 18 0
124 18 0
125 18 0
126 18 0
127 18 0
128 18 0
132 18 0
133 18 0
134 18 0
146 18 0
147 18 0
160 18 0
161 18 0
162 18 0
172 18 0
174 18 0
175 18 0
176 18 0
185 18 0
48 19 0
59 19 0
60 19 0
61 19 0
62 19 0
63 19 0
71 19 0
72 19 0
73 19 0
74 19 0
76 19 0
87 19 0
89 19 0
91 19 0
92 19 0
93 19 0
95 19 0
96 19 0
97 19 0
98 19 0
99 19 0
100 19 0
101 19 0
102 19 0
103 19 0
104 19 0
105 19 0
106 19 0
107 19 0
109 19 0
110 19 0
113 19 0
114 19 0
115 19 0
116 19 0
117 19 0
118 19 0
119 19 0
120 19 0
121 19 0
132 19 0
133 19 0
146 19 0
147 19 0
160 19 0
161 19 0
162 19 0
174 19 0
175 19 0
48 20 0
61 20 0
62 20 0
71 20 0
72 20 0
74 20 0
75 20 0
76 20 0
77 20 0
78 20 0
79 20 0
80 20 0
86 20 0
87 20 0
88 20 0
91 20 0
92 20 0
93 20 0
94 20 0
95 20 0
96 20 0
97 20 0
98 20 0
99 20 0
100 20 0
101 20 0
104 20 0
115 20 0
118 20 0
119 20 0
132 20 0
133 20 0
146 20 0
147 20 0
160 20 0
161 20 0
162 20 0
174 20 0
175 20 0
15 21 0
36 21 0
48 21 0
61 21 0
74 21 0
75 21 0
81 21 0
82 21 0
86 21 0
87 21 0
88 21 0
89 21 0
90 21 0
91 21 0
92 21 0
102 21 0
103 21 0
104 21 0
117 21 0
118 21 0
119 21 0
132 21 0
133 21 0
146 21 0
147 21 0
160 21 0
161 21 0
162 21 0
174 21 0
175 21 0
4 22 0
5 22 0
25 22 0
36 22 0
48 22 0
61 22 0
74 22 0
75 22 0
82 22 0
83 22 0
84 22 0
89 22 0
90 22 0
103 22 0
104 22 0
117 22 0
118 22 0
133 22 0
146 22 0
147 22 0
162 22 0
174 22 0
175 22 0
4 23 0
5 23 0
14 23 0
25 23 0
36 23 0
46 23 0
72 23 0
74 23 0
89 23 0
102 23 0
103 23 0
117 23 0
118 23 0
133 23 0
146 23 0
147 23 0
161 23 0
174 23 0
175 23 0
3 24 0
5 24 0
6 24 0
13 24 0
25 24 0
36 24 0
73 24 0
87 24 0
88 24 0
89 24 0
102 24 0
103 24 0
117 24 0
118 24 0
131 24 0
133 24 0
146 24 0
147 24 0
161 24 0
162 24 0
174 24 0
175 24 0
5 25 0
13 25 0
14 25 0
74 25 0
88 25 0
89 25 0
102 25 0
103 25 0
117 25 0
118 25 0
131 25 0
132 25 0
133 25 0
146 25 0
147 25 0
161 25 0
175 25 0
14 26 0
15 26 0
16 26 0
20 26 0
24 26 0
74 26 0
87 26 0
88 26 0
102 26 0
103 26 0
117 26 0
118 26 0
131 26 0
132 26 0
133 26 0
146 26 0
147 26 0
160 26 0
161 26 0
174 26 0
175 26 0
5 27 0
23 27 0
24 27 0
25 27 0
26 27 0
36 27 0
73 27 0
74 27 0
87 27 0
88 27 0
102 27 0
103 27 0
118 27 0
131 27 0
132 27 0
133 27 0
146 27 0
147 27 0
161 27 0
162 27 0
174 27 0
175 27 0
22 28 0
24 28 0
25 28 0
33 28 0
34 28 0
47 28 0
73 28 0
74 28 0
88 28 0
102 28 0
103 28 0
116 28 0
117 28 0
118 28 0
131 28 0
132 28 0
133 28 0
146 28 0
147 28 0
160 28 0
161 28 0
174 28 0
175 28 0
24 29 0
25 29 0
33 29 0
34 29 0
35 29 0
36 29 0
37 29 0
74 29 0
88 29 0
102 29 0
103 29 0
116 29 0
117 29 0
118 29 0
131 29 0
132 29 0
143 29 0
144 29 0
145 29 0
146 29 0
147 29 0
148 29 0
160 29 0
173 29 0
174 29 0
175 29 0
35 30 0
36 30 0
38 30 0
39 30 0
74 30 0
87 30 0
88 30 0
103 30 0
116 30 0
118 30 0
131 30 0
136 30 0
137 30 0
138 30 0
139 30 0
140 30 0
141 30 0
142 30 0
143 30 0
144 30 0
145 30 0
146 30 0
147 30 0
148 30 0
149 30 0
150 30 0
151 30 0
155 30 0
158 30 0
159 30 0
160 30 0
162 30 0
163 30 0
164 30 0
165 30 0
166 30 0
172 30 0
173 30 0
174 30 0
175 30 0
45 31 0
46 31 0
87 31 0
88 31 0
103 31 0
118 31 0
130 31 0
131 31 0
134 31 0
135 31 0
136 31 0
137 31 0
138 31 0
139 31 0
140 31 0
141 31 0
142 31 0
143 31 0
144 31 0
146 31 0
147 31 0
148 31 0
149 31 0
151 31 0
152 31 0
153 31 0
154 31 0
155 31 0
156 31 0
157 31 0
158 31 0
159 31 0
161 31 0
162 31 0
166 31 0
169 31 0
170 31 0
171 31 0
172 31 0
173 31 0
174 31 0
175 31 0
176 31 0
177 31 0
35 32 0
43 32 0
44 32 0
45 32 0
46 32 0
47 32 0
48 32 0
49 32 0
58 32 0
59 32 0
72 32 0
86 32 0
87 32 0
88 32 0
101 32 0
102 32 0
103 32 0
116 32 0
117 32 0
118 32 0
127 32 0
128 32 0
129 32 0
130 32 0
131 32 0
132 32 0
133 32 0
134 32 0
145 32 0
146 32 0
147 32 0
161 32 0
162 32 0
169 32 0
170 32 0
171 32 0
174 32 0
175 32 0
176 32 0
180 32 0
181 32 0
182 32 0
185 32 0
186 32 0
187 32 0
35 33 0
44 33 0
47 33 0
48 33 0
56 33 0
57 33 0
72 33 0
86 33 0
88 33 0
101 33 0
104 33 0
105 33 0
106 33 0
108 33 0
114 33 0
115 33 0
116 33 0
119 33 0
120 33 0
121 33 0
122 33 0
123 33 0
124 33 0
125 33 0
126 33 0
127 33 0
128 33 0
129 33 0
130 33 0
132 33 0
133 33 0
145 33 0
146 33 0
147 33 0
159 33 0
160 33 0
161 33 0
173 33 0
174 33 0
175 33 0
181 33 0
182 33 0
184 33 0
185 33 0
186 33 0
35 34 0
47 34 0
54 34 0
56 34 0
57 34 0
58 34 0
62 34 0
63 34 0
71 34 0
72 34 0
76 34 0
77 34 0
78 34 0
87 34 0
88 34 0
98 34 0
99 34 0
100 34 0
101 34 0
102 34 0
104 34 0
105 34 0
106 34 0
107 34 0
108 34 0
109 34 0
111 34 0
112 34 0
113 34 0
114 34 0
115 34 0
116 34 0
117 34 0
118 34 0
119 34 0
120 34 0
121 34 0
122 34 0
123 34 0
124 34 0
125 34 0
126 34 0
130 34 0
132 34 0
145 34 0
146 34 0
147 34 0
159 34 0
160 34 0
161 34 0
173 34 0
174 34 0
175 34 0
3 35 0
35 35 0
47 35 0
57 35 0
58 35 0
59 35 0
60 35 0
61 35 0
62 35 0
63 35 0
69 35 0
70 35 0
71 35 0
72 35 0
74 35 0
75 35 0
76 35 0
77 35 0
78 35 0
85 35 0
86 35 0
87 35 0
88 35 0
94 35 0
96 35 0
97 35 0
98 35 0
99 35 0
100 35 0
101 35 0
102 35 0
103 35 0
104 35 0
113 35 0
114 35 0
115 35 0
117 35 0
118 35 0
119 35 0
132 35 0
145 35 0
146 35 0
147 35 0
159 35 0
160 35 0
161 35 0
173 35 0
174 35 0
2 36 0
3 36 0
4 36 0
14 36 0
35 36 0
47 36 0
60 36 0
70 36 0
71 36 0
73 36 0
74 36 0
83 36 0
84 36 0
85 36 0
86 36 0
87 36 0
89 36 0
92 36 0
93 36 0
94 36 0
95 36 0
96 36 0
97 36 0
98 36 0
99 36 0
100 36 0
102 36 0
103 36 0
116 36 0
117 36 0
118 36 0
132 36 0
145 36 0
146 36 0
147 36 0
159 36 0
160 36 0
161 36 0
173 36 0
174 36 0
175 36 0
2 37 0
4 37 0
5 37 0
27 37 0
28 37 0
29 37 0
34 37 0
60 37 0
70 37 0
73 37 0
74 37 0
84 37 0
87 37 0
88 37 0
89 37 0
90 37 0
91 37 0
92 37 0
93 37 0
94 37 0
95 37 0
100 37 0
101 37 0
102 37 0
103 37 0
116 37 0
117 37 0
118 37 0
130 37 0
131 37 0
132 37 0
145 37 0
146 37 0
159 37 0
160 37 0
161 37 0
173 37 0
174 37 0
4 38 0
5 38 0
12 38 0
13 38 0
27 38 0
28 38 0
29 38 0
30 38 0
73 38 0
87 38 0
88 38 0
102 38 0
117 38 0
118 38 0
130 38 0
132 38 0
145 38 0
146 38 0
159 38 0
160 38 0
161 38 0
173 38 0
174 38 0
11 39 0
12 39 0
13 39 0
14 39 0
15 39 0
27 39 0
29 39 0
30 39 0
31 39 0
46 39 0
59 39 0
71 39 0
73 39 0
87 39 0
88 39 0
102 39 0
117 39 0
130 39 0
132 39 0
145 39 0
146 39 0
159 39 0
160 39 0
161 39 0
173 39 0
174 39 0
10 40 0
13 40 0
14 40 0
15 40 0
23 40 0
26 40 0
27 40 0
28 40 0
29 40 0
30 40 0
31 40 0
46 40 0
59 40 0
71 40 0
73 40 0
86 40 0
87 40 0
88 40 0
102 40 0
117 40 0
130 40 0
131 40 0
132 40 0
145 40 0
146 40 0
159 40 0
160 40 0
173 40 0
174 40 0
13 41 0
20 41 0
21 41 0
22 41 0
23 41 0
26 41 0
27 41 0
28 41 0
29 41 0
30 41 0
31 41 0
45 41 0
46 41 0
59 41 0
73 41 0
86 41 0
87 41 0
100 41 0
102 41 0
117 41 0
130 41 0
131 41 0
132 41 0
145 41 0
146 41 0
159 41 0
160 41 0
173 41 0
174 41 0
7 42 0
8 42 0
9 42 0
10 42 0
11 42 0
12 42 0
13 42 0
14 42 0
23 42 0
24 42 0
25 42 0
28 42 0
29 42 0
30 42 0
33 42 0
34 42 0
45 42 0
46 42 0
73 42 0
87 42 0
100 42 0
101 42 0
102 42 0
115 42 0
116 42 0
117 42 0
130 42 0
131 42 0
132 42 0
144 42 0
145 42 0
146 42 0
159 42 0
160 42 0
173 42 0
174 42 0
7 43 0
8 43 0
24 43 0
28 43 0
32 43 0
33 43 0
45 43 0
46 43 0
87 43 0
101 43 0
102 43 0
115 43 0
116 43 0
117 43 0
130 43 0
131 43 0
132 43 0
144 43 0
145 43 0
146 43 0
159 43 0
160 43 0
174 43 0
7 44 0
32 44 0
33 44 0
35 44 0
46 44 0
59 44 0
73 44 0
86 44 0
87 44 0
116 44 0
117 44 0
130 44 0
131 44 0
132 44 0
144 44 0
145 44 0
148 44 0
159 44 0
160 44 0
172 44 0
173 44 0
7 45 0
16 45 0
23 45 0
34 45 0
35 45 0
59 45 0
73 45 0
86 45 0
87 45 0
100 45 0
101 45 0
117 45 0
130 45 0
131 45 0
132 45 0
143 45 0
144 45 0
145 45 0
146 45 0
147 45 0
148 45 0
149 45 0
150 45 0
151 45 0
153 45 0
156 45 0
157 45 0
158 45 0
159 45 0
171 45 0
172 45 0
173 45 0
176 45 0
7 46 0
16 46 0
23 46 0
34 46 0
35 46 0
44 46 0
59 46 0
86 46 0
87 46 0
101 46 0
102 46 0
115 46 0
129 46 0
130 46 0
131 46 0
132 46 0
136 46 0
137 46 0
138 46 0
139 46 0
140 46 0
141 46 0
142 46 0
143 46 0
144 46 0
145 46 0
146 46 0
147 46 0
152 46 0
153 46 0
154 46 0
155 46 0
156 46 0
157 46 0
158 46 0
159 46 0
160 46 0
161 46 0
162 46 0
163 46 0
170 46 0
171 46 0
172 46 0
173 46 0
174 46 0
175 46 0
176 46 0
177 46 0
178 46 0
179 46 0
185 46 0
186 46 0
6 47 0
7 47 0
10 47 0
11 47 0
16 47 0
34 47 0
44 47 0
45 47 0
71 47 0
73 47 0
86 47 0
87 47 0
100 47 0
101 47 0
115 47 0
116 47 0
128 47 0
129 47 0
130 47 0
131 47 0
133 47 0
134 47 0
135 47 0
136 47 0
137 47 0
138 47 0
139 47 0
140 47 0
141 47 0
142 47 0
143 47 0
144 47 0
145 47 0
146 47 0
159 47 0
160 47 0
161 47 0
162 47 0
163 47 0
167 47 0
169 47 0
170 47 0
171 47 0
174 47 0
175 47 0
182 47 0
183 47 0
184 47 0
185 47 0
186 47 0
6 48 0
7 48 0
8 48 0
10 48 0
11 48 0
15 48 0
16 48 0
23 48 0
46 48 0
57 48 0
58 48 0
73 48 0
86 48 0
87 48 0
100 48 0
101 48 0
102 48 0
115 48 0
116 48 0
122 48 0
124 48 0
125 48 0
126 48 0
127 48 0
128 48 0
129 48 0
131 48 0
132 48 0
133 48 0
134 48 0
135 48 0
136 48 0
144 48 0
145 48 0
146 48 0
158 48 0
159 48 0
160 48 0
168 48 0
169 48 0
170 48 0
174 48 0
6 49 0
7 49 0
8 49 0
15 49 0
16 49 0
23 49 0
46 49 0
47 49 0
57 49 0
60 49 0
61 49 0
62 49 0
63 49 0
64 49 0
70 49 0
71 49 0
72 49 0
73 49 0
87 49 0
99 49 0
100 49 0
103 49 0
114 49 0
115 49 0
118 49 0
119 49 0
120 49 0
121 49 0
122 49 0
123 49 0
124 49 0
125 49 0
127 49 0
129 49 0
130 49 0
131 49 0
132 49 0
144 49 0
145 49 0
158 49 0
159 49 0
160 49 0
173 49 0
2 50 0
3 50 0
5 50 0
6 50 0
7 50 0
8 50 0
14 50 0
15 50 0
16 50 0
23 50 0
46 50 0
56 50 0
57 50 0
58 50 0
59 50 0
60 50 0
61 50 0
69 50 0
70 50 0
71 50 0
72 50 0
87 50 0
98 50 0
99 50 0
100 50 0
101 50 0
103 50 0
104 50 0
105 50 0
107 50 0
108 50 0
109 50 0
112 50 0
113 50 0
114 50 0
115 50 0
118 50 0
119 50 0
120 50 0
121 50 0
122 50 0
123 50 0
130 50 0
131 50 0
132 50 0
144 50 0
145 50 0
146 50 0
158 50 0
159 50 0
172 50 0
186 50 0
3 51 0
4 51 0
6 51 0
7 51 0
11 51 0
14 51 0
15 51 0
16 51 0
23 51 0
52 51 0
54 51 0
55 51 0
58 51 0
59 51 0
69 51 0
70 51 0
71 51 0
72 51 0
73 51 0
75 51 0
86 51 0
87 51 0
90 51 0
92 51 0
95 51 0
96 51 0
97 51 0
98 51 0
99 51 0
100 51 0
101 51 0
102 51 0
103 51 0
104 51 0
105 51 0
106 51 0
107 51 0
109 51 0
110 51 0
111 51 0
112 51 0
113 51 0
114 51 0
116 51 0
117 51 0
118 51 0
130 51 0
131 51 0
145 51 0
158 51 0
159 51 0
186 51 0
12 52 0
13 52 0
14 52 0
15 52 0
45 52 0
54 52 0
55 52 0
58 52 0
59 52 0
72 52 0
73 52 0
76 52 0
79 52 0
80 52 0
81 52 0
82 52 0
83 52 0
84 52 0
85 52 0
86 52 0
89 52 0
90 52 0
91 52 0
92 52 0
93 52 0
94 52 0
95 52 0
96 52 0
97 52 0
98 52 0
100 52 0
101 52 0
116 52 0
117 52 0
130 52 0
131 52 0
144 52 0
158 52 0
159 52 0
172 52 0
15 53 0
58 53 0
72 53 0
73 53 0
81 53 0
82 53 0
83 53 0
84 53 0
85 53 0
86 53 0
87 53 0
88 53 0
89 53 0
90 53 0
93 53 0
95 53 0
96 53 0
97 53 0
100 53 0
101 53 0
116 53 0
117 53 0
131 53 0
144 53 0
145 53 0
158 53 0
159 53 0
172 53 0
173 53 0
2 54 0
3 54 0
5 54 0
58 54 0
87 54 0
88 54 0
100 54 0
101 54 0
114 54 0
116 54 0
130 54 0
131 54 0
145 54 0
158 54 0
159 54 0
173 54 0
185 54 0
3 55 0
12 55 0
13 55 0
17 55 0
18 55 0
19 55 0
20 55 0
21 55 0
22 55 0
24 55 0
25 55 0
26 55 0
27 55 0
28 55 0
30 55 0
31 55 0
32 55 0
33 55 0
44 55 0
86 55 0
87 55 0
101 55 0
116 55 0
129 55 0
130 55 0
131 55 0
158 55 0
159 55 0
172 55 0
187 55 0
3 56 0
12 56 0
31 56 0
32 56 0
41 56 0
42 56 0
43 56 0
44 56 0
54 56 0
55 56 0
56 56 0
57 56 0
71 56 0
116 56 0
129 56 0
130 56 0
131 56 0
158 56 0
159 56 0
172 56 0
173 56 0
186 56 0
3 57 0
4 57 0
12 57 0
16 57 0
17 57 0
18 57 0
19 57 0
20 57 0
23 57 0
24 57 0
25 57 0
34 57 0
45 57 0
56 57 0
58 57 0
65 57 0
66 57 0
68 57 0
69 57 0
70 57 0
71 57 0
75 57 0
78 57 0
82 57 0
85 57 0
86 57 0
87 57 0
100 57 0
101 57 0
129 57 0
130 57 0
131 57 0
145 57 0
158 57 0
159 57 0
163 57 0
164 57 0
165 57 0
168 57 0
172 57 0
173 57 0
3 58 0
12 58 0
13 58 0
23 58 0
45 58 0
58 58 0
72 58 0
81 58 0
82 58 0
83 58 0
84 58 0
85 58 0
86 58 0
91 58 0
95 58 0
96 58 0
98 58 0
99 58 0
100 58 0
101 58 0
131 58 0
144 58 0
145 58 0
158 58 0
159 58 0
163 58 0
164 58 0
165 58 0
166 58 0
167 58 0
168 58 0
169 58 0
171 58 0
172 58 0
173 58 0
12 59 0
23 59 0
29 59 0
58 59 0
72 59 0
87 59 0
97 59 0
98 59 0
100 59 0
101 59 0
104 59 0
107 59 0
109 59 0
110 59 0
111 59 0
113 59 0
114 59 0
115 59 0
143 59 0
144 59 0
145 59 0
158 59 0
159 59 0
163 59 0
164 59 0
166 59 0
167 59 0
168 59 0
170 59 0
171 59 0
172 59 0
173 59 0
12 60 0
33 60 0
34 60 0
58 60 0
72 60 0
73 60 0
87 60 0
101 60 0
114 60 0
119 60 0
121 60 0
123 60 0
124 60 0
126 60 0
127 60 0
129 60 0
130 60 0
134 60 0
141 60 0
142 60 0
143 60 0
144 60 0
148 60 0
157 60 0
158 60 0
162 60 0
163 60 0
164 60 0
165 60 0
166 60 0
167 60 0
168 60 0
169 60 0
170 60 0
171 60 0
172 60 0
173 60 0
185 60 0
58 61 0
72 61 0
87 61 0
101 61 0
133 61 0
134 61 0
135 61 0
136 61 0
138 61 0
139 61 0
140 61 0
141 61 0
142 61 0
143 61 0
145 61 0
146 61 0
147 61 0
150 61 0
151 61 0
152 61 0
154 61 0
156 61 0
157 61 0
158 61 0
159 61 0
160 61 0
161 61 0
163 61 0
164 61 0
165 61 0
166 61 0
167 61 0
168 61 0
170 61 0
171 61 0
184 61 0
185 61 0
12 62 0
57 62 0
58 62 0
72 62 0
87 62 0
101 62 0
144 62 0
145 62 0
155 62 0
156 62 0
157 62 0
158 62 0
159 62 0
160 62 0
163 62 0
168 62 0
169 62 0
170 62 0
172 62 0
173 62 0
180 62 0
181 62 0
182 62 0
184 62 0
185 62 0
187 62 0
72 63 0
101 63 0
128 63 0
129 63 0
132 63 0
133 63 0
134 63 0
135 63 0
136 63 0
137 63 0
138 63 0
144 63 0
145 63 0
158 63 0
159 63 0
165 63 0
166 63 0
168 63 0
169 63 0
170 63 0
171 63 0
172 63 0
173 63 0
176 63 0
177 63 0
178 63 0
179 63 0
180 63 0
181 63 0
182 63 0
183 63 0
184 63 0
186 63 0
187 63 0
2 64 0
72 64 0
87 64 0
101 64 0
128 64 0
130 64 0
131 64 0
132 64 0
144 64 0
145 64 0
158 64 0
159 64 0
172 64 0
181 64 0
185 64 0
186 64 0
2 65 0
56 65 0
87 65 0
99 65 0
100 65 0
114 65 0
121 65 0
122 65 0
123 65 0
126 65 0
127 65 0
130 65 0
131 65 0
144 65 0
145 65 0
158 65 0
159 65 0
172 65 0
186 65 0
3 66 0
4 66 0
58 66 0
59 66 0
60 66 0
61 66 0
65 66 0
69 66 0
70 66 0
85 66 0
87 66 0
92 66 0
95 66 0
97 66 0
98 66 0
99 66 0
100 66 0
111 66 0
113 66 0
114 66 0
117 66 0
118 66 0
119 66 0
120 66 0
129 66 0
130 66 0
131 66 0
144 66 0
145 66 0
158 66 0
172 66 0
186 66 0
11 67 0
57 67 0
58 67 0
64 67 0
65 67 0
66 67 0
67 67 0
69 67 0
70 67 0
71 67 0
72 67 0
73 67 0
74 67 0
84 67 0
85 67 0
87 67 0
88 67 0
91 67 0
92 67 0
94 67 0
95 67 0
99 67 0
101 67 0
102 67 0
103 67 0
111 67 0
114 67 0
115 67 0
116 67 0
117 67 0
130 67 0
144 67 0
158 67 0
172 67 0
184 67 0
186 67 0
10 68 0
11 68 0
12 68 0
72 68 0
73 68 0
83 68 0
84 68 0
85 68 0
89 68 0
90 68 0
91 68 0
92 68 0
93 68 0
94 68 0
95 68 0
96 68 0
101 68 0
102 68 0
105 68 0
107 68 0
115 68 0
130 68 0
144 68 0
158 68 0
172 68 0
186 68 0
12 69 0
13 69 0
72 69 0
81 69 0
82 69 0
84 69 0
86 69 0
87 69 0
88 69 0
89 69 0
100 69 0
101 69 0
107 69 0
108 69 0
109 69 0
110 69 0
111 69 0
114 69 0
115 69 0
130 69 0
142 69 0
144 69 0
157 69 0
158 69 0
170 69 0
171 69 0
172 69 0
186 69 0
12 70 0
55 70 0
56 70 0
70 70 0
72 70 0
86 70 0
87 70 0
100 70 0
101 70 0
113 70 0
114 70 0
115 70 0
128 70 0
130 70 0
143 70 0
144 70 0
156 70 0
158 70 0
170 70 0
171 70 0
172 70 0
186 70 0
56 71 0
57 71 0
58 71 0
71 71 0
72 71 0
85 71 0
86 71 0
100 71 0
114 71 0
115 71 0
130 71 0
142 71 0
143 71 0
144 71 0
156 71 0
157 71 0
158 71 0
170 71 0
171 71 0
172 71 0
186 71 0
57 72 0
58 72 0
71 72 0
72 72 0
86 72 0
100 72 0
113 72 0
114 72 0
115 72 0
130 72 0
143 72 0
144 72 0
156 72 0
157 72 0
158 72 0
170 72 0
171 72 0
172 72 0
186 72 0
57 73 0
72 73 0
85 73 0
86 73 0
99 73 0
100 73 0
101 73 0
113 73 0
114 73 0
115 73 0
130 73 0
142 73 0
144 73 0
156 73 0
157 73 0
158 73 0
170 73 0
171 73 0
172 73 0
184 73 0
185 73 0
72 74 0
86 74 0
99 74 0
100 74 0
101 74 0
112 74 0
113 74 0
114 74 0
115 74 0
130 74 0
142 74 0
143 74 0
144 74 0
156 74 0
157 74 0
158 74 0
170 74 0
171 74 0
172 74 0
184 74 0
57 75 0
85 75 0
86 75 0
99 75 0
100 75 0
101 75 0
114 75 0
115 75 0
130 75 0
142 75 0
145 75 0
156 75 0
157 75 0
158 75 0
170 75 0
171 75 0
173 75 0
174 75 0
184 75 0
86 76 0
99 76 0
100 76 0
101 76 0
114 76 0
115 76 0
130 76 0
141 76 0
142 76 0
145 76 0
146 76 0
147 76 0
148 76 0
149 76 0
152 76 0
154 76 0
155 76 0
156 76 0
158 76 0
160 76 0
166 76 0
168 76 0
169 76 0
170 76 0
171 76 0
173 76 0
174 76 0
175 76 0
176 76 0
177 76 0
183 76 0
184 76 0
56 77 0
85 77 0
86 77 0
99 77 0
100 77 0
113 77 0
114 77 0
115 77 0
128 77 0
129 77 0
130 77 0
141 77 0
142 77 0
143 77 0
144 77 0
145 77 0
151 77 0
152 77 0
154 77 0
155 77 0
157 77 0
158 77 0
159 77 0
160 77 0
162 77 0
163 77 0
164 77 0
165 77 0
166 77 0
167 77 0
168 77 0
169 77 0
171 77 0
172 77 0
173 77 0
182 77 0
183 77 0
184 77 0
185 77 0
186 77 0
2 78 0
3 78 0
71 78 0
85 78 0
86 78 0
99 78 0
100 78 0
101 78 0
114 78 0
128 78 0
130 78 0
133 78 0
136 78 0
137 78 0
138 78 0
139 78 0
140 78 0
141 78 0
142 78 0
143 78 0
144 78 0
156 78 0
157 78 0
158 78 0
165 78 0
166 78 0
167 78 0
168 78 0
171 78 0
172 78 0
181 78 0
182 78 0
183 78 0
184 78 0
185 78 0
186 78 0
4 79 0
45 79 0
71 79 0
86 79 0
99 79 0
100 79 0
101 79 0
113 79 0
126 79 0
127 79 0
128 79 0
136 79 0
137 79 0
138 79 0
139 79 0
143 79 0
144 79 0
156 79 0
157 79 0
170 79 0
171 79 0
172 79 0
184 79 0
185 79 0
3 80 0
4 80 0
85 80 0
86 80 0
99 80 0
100 80 0
113 80 0
125 80 0
127 80 0
128 80 0
129 80 0
130 80 0
131 80 0
132 80 0
133 80 0
134 80 0
135 80 0
143 80 0
156 80 0
157 80 0
169 80 0
170 80 0
171 80 0
183 80 0
184 80 0
185 80 0
11 81 0
54 81 0
55 81 0
56 81 0
69 81 0
86 81 0
98 81 0
99 81 0
100 81 0
101 81 0
111 81 0
112 81 0
113 81 0
114 81 0
122 81 0
123 81 0
124 81 0
125 81 0
129 81 0
130 81 0
131 81 0
141 81 0
155 81 0
156 81 0
157 81 0
170 81 0
171 81 0
183 81 0
184 81 0
185 81 0
11 82 0
55 82 0
56 82 0
57 82 0
58 82 0
68 82 0
69 82 0
70 82 0
86 82 0
88 82 0
90 82 0
91 82 0
94 82 0
96 82 0
98 82 0
99 82 0
101 82 0
103 82 0
104 82 0
111 82 0
112 82 0
113 82 0
114 82 0
115 82 0
117 82 0
118 82 0
119 82 0
120 82 0
121 82 0
122 82 0
129 82 0
130 82 0
143 82 0
155 82 0
156 82 0
157 82 0
170 82 0
171 82 0
183 82 0
184 82 0
185 82 0
11 83 0
12 83 0
13 83 0
57 83 0
58 83 0
66 83 0
68 83 0
69 83 0
71 83 0
72 83 0
84 83 0
85 83 0
88 83 0
89 83 0
90 83 0
91 83 0
92 83 0
93 83 0
94 83 0
95 83 0
96 83 0
100 83 0
101 83 0
109 83 0
110 83 0
111 83 0
114 83 0
115 83 0
128 83 0
129 83 0
142 83 0
143 83 0
155 83 0
156 83 0
157 83 0
169 83 0
170 83 0
171 83 0
183 83 0
184 83 0
185 83 0
12 84 0
57 84 0
71 84 0
72 84 0
73 84 0
74 84 0
75 84 0
83 84 0
84 84 0
85 84 0
86 84 0
87 84 0
88 84 0
89 84 0
90 84 0
100 84 0
110 84 0
111 84 0
112 84 0
114 84 0
115 84 0
128 84 0
129 84 0
143 84 0
155 84 0
156 84 0
157 84 0
169 84 0
170 84 0
171 84 0
183 84 0
184 84 0
57 85 0
69 85 0
71 85 0
79 85 0
85 85 0
86 85 0
87 85 0
100 85 0
112 85 0
114 85 0
127 85 0
129 85 0
141 85 0
155 85 0
156 85 0
157 85 0
169 85 0
170 85 0
171 85 0
183 85 0
184 85 0
185 85 0
45 86 0
57 86 0
71 86 0
85 86 0
86 86 0
99 86 0
100 86 0
114 86 0
129 86 0
141 86 0
142 86 0
155 86 0
156 86 0
157 86 0
169 86 0
170 86 0
171 86 0
183 86 0
184 86 0
57 87 0
71 87 0
84 87 0
85 87 0
86 87 0
98 87 0
99 87 0
100 87 0
112 87 0
113 87 0
114 87 0
129 87 0
141 87 0
142 87 0
143 87 0
155 87 0
156 87 0
157 87 0
169 87 0
170 87 0
171 87 0
183 87 0
184 87 0
45 88 0
55 88 0
57 88 0
71 88 0
85 88 0
98 88 0
99 88 0
100 88 0
112 88 0
113 88 0
114 88 0
127 88 0
128 88 0
129 88 0
141 88 0
142 88 0
143 88 0
154 88 0
155 88 0
156 88 0
157 88 0
170 88 0
171 88 0
184 88 0
45 89 0
57 89 0
71 89 0
85 89 0
100 89 0
112 89 0
113 89 0
114 89 0
127 89 0
128 89 0
129 89 0
141 89 0
142 89 0
143 89 0
154 89 0
155 89 0
156 89 0
157 89 0
170 89 0
171 89 0
183 89 0
184 89 0
32 90 0
33 90 0
34 90 0
45 90 0
57 90 0
71 90 0
85 90 0
112 90 0
113 90 0
114 90 0
126 90 0
127 90 0
129 90 0
141 90 0
142 90 0
143 90 0
154 90 0
155 90 0
156 90 0
158 90 0
168 90 0
169 90 0
170 90 0
182 90 0
183 90 0
57 91 0
71 91 0
85 91 0
100 91 0
114 91 0
128 91 0
140 91 0
141 91 0
142 91 0
143 91 0
153 91 0
154 91 0
155 91 0
158 91 0
159 91 0
160 91 0
161 91 0
163 91 0
164 91 0
165 91 0
166 91 0
167 91 0
168 91 0
169 91 0
170 91 0
171 91 0
181 91 0
182 91 0
183 91 0
2 92 0
3 92 0
4 92 0
43 92 0
44 92 0
71 92 0
85 92 0
99 92 0
100 92 0
112 92 0
113 92 0
114 92 0
128 92 0
139 92 0
140 92 0
141 92 0
142 92 0
143 92 0
144 92 0
146 92 0
147 92 0
149 92 0
153 92 0
154 92 0
155 92 0
156 92 0
157 92 0
158 92 0
159 92 0
160 92 0
161 92 0
162 92 0
169 92 0
170 92 0
171 92 0
174 92 0
176 92 0
177 92 0
179 92 0
180 92 0
181 92 0
182 92 0
183 92 0
184 92 0
185 92 0
4 93 0
42 93 0
43 93 0
44 93 0
71 93 0
84 93 0
85 93 0
98 93 0
100 93 0
112 93 0
113 93 0
114 93 0
127 93 0
128 93 0
135 93 0
137 93 0
139 93 0
142 93 0
143 93 0
144 93 0
146 93 0
147 93 0
148 93 0
149 93 0
152 93 0
156 93 0
157 93 0
168 93 0
169 93 0
170 93 0
178 93 0
179 93 0
183 93 0
184 93 0
185 93 0
4 94 0
43 94 0
45 94 0
46 94 0
47 94 0
57 94 0
71 94 0
84 94 0
100 94 0
114 94 0
129 94 0
130 94 0
131 94 0
132 94 0
133 94 0
134 94 0
135 94 0
136 94 0
137 94 0
138 94 0
139 94 0
142 94 0
143 94 0
154 94 0
155 94 0
156 94 0
168 94 0
169 94 0
170 94 0
183 94 0
184 94 0
45 95 0
46 95 0
57 95 0
71 95 0
84 95 0
85 95 0
86 95 0
114 95 0
125 95 0
126 95 0
127 95 0
130 95 0
131 95 0
132 95 0
133 95 0
141 95 0
142 95 0
143 95 0
154 95 0
155 95 0
156 95 0
168 95 0
169 95 0
170 95 0
183 95 0
45 96 0
55 96 0
56 96 0
71 96 0
86 96 0
98 96 0
111 96 0
112 96 0
114 96 0
125 96 0
126 96 0
127 96 0
128 96 0
129 96 0
130 96 0
141 96 0
154 96 0
155 96 0
156 96 0
168 96 0
169 96 0
170 96 0
181 96 0
182 96 0
183 96 0
11 97 0
55 97 0
57 97 0
58 97 0
69 97 0
70 97 0
84 97 0
97 97 0
98 97 0
99 97 0
103 97 0
110 97 0
111 97 0
112 97 0
116 97 0
117 97 0
118 97 0
119 97 0
128 97 0
129 97 0
140 97 0
142 97 0
154 97 0
155 97 0
169 97 0
182 97 0
183 97 0
12 98 0
13 98 0
24 98 0
57 98 0
58 98 0
68 98 0
69 98 0
70 98 0
84 98 0
88 98 0
89 98 0
91 98 0
92 98 0
93 98 0
94 98 0
95 98 0
96 98 0
97 98 0
98 98 0
99 98 0
100 98 0
101 98 0
102 98 0
108 98 0
109 98 0
110 98 0
111 98 0
112 98 0
113 98 0
114 98 0
115 98 0
116 98 0
117 98 0
118 98 0
119 98 0
120 98 0
121 98 0
122 98 0
123 98 0
124 98 0
127 98 0
128 98 0
142 98 0
154 98 0
155 98 0
168 98 0
169 98 0
182 98 0
183 98 0
13 99 0
22 99 0
57 99 0
70 99 0
71 99 0
72 99 0
75 99 0
76 99 0
77 99 0
82 99 0
83 99 0
84 99 0
88 99 0
90 99 0
91 99 0
93 99 0
95 99 0
97 99 0
100 99 0
101 99 0
110 99 0
111 99 0
113 99 0
114 99 0
126 99 0
127 99 0
128 99 0
141 99 0
142 99 0
155 99 0
168 99 0
169 99 0
183 99 0
71 100 0
72 100 0
81 100 0
83 100 0
85 100 0
86 100 0
87 100 0
88 100 0
89 100 0
90 100 0
100 100 0
112 100 0
113 100 0
114 100 0
126 100 0
127 100 0
128 100 0
142 100 0
153 100 0
154 100 0
155 100 0
168 100 0
169 100 0
181 100 0
182 100 0
183 100 0
24 101 0
57 101 0
71 101 0
85 101 0
86 101 0
99 101 0
100 101 0
113 101 0
126 101 0
127 101 0
128 101 0
141 101 0
142 101 0
153 101 0
154 101 0
155 101 0
167 101 0
169 101 0
183 101 0
71 102 0
84 102 0
85 102 0
97 102 0
99 102 0
113 102 0
128 102 0
140 102 0
141 102 0
142 102 0
153 102 0
154 102 0
155 102 0
167 102 0
168 102 0
169 102 0
181 102 0
182 102 0
183 102 0
32 103 0
57 103 0
85 103 0
99 103 0
113 103 0
128 103 0
139 103 0
140 103 0
141 103 0
142 103 0
153 103 0
155 103 0
169 103 0
181 103 0
182 103 0
13 104 0
32 104 0
57 104 0
83 104 0
84 104 0
85 104 0
99 104 0
113 104 0
128 104 0
139 104 0
140 104 0
141 104 0
153 104 0
158 104 0
167 104 0
169 104 0
181 104 0
182 104 0
4 105 0
13 105 0
34 105 0
35 105 0
85 105 0
99 105 0
113 105 0
128 105 0
140 105 0
141 105 0
142 105 0
145 105 0
146 105 0
147 105 0
152 105 0
153 105 0
154 105 0
157 105 0
158 105 0
159 105 0
160 105 0
165 105 0
166 105 0
167 105 0
168 105 0
181 105 0
182 105 0
3 106 0
4 106 0
5 106 0
13 106 0
34 106 0
71 106 0
85 106 0
97 106 0
99 106 0
111 106 0
113 106 0
126 106 0
140 106 0
143 106 0
144 106 0
145 106 0
146 106 0
147 106 0
148 106 0
149 106 0
152 106 0
153 106 0
154 106 0
155 106 0
156 106 0
157 106 0
158 106 0
159 106 0
165 106 0
166 106 0
167 106 0
168 106 0
169 106 0
170 106 0
175 106 0
179 106 0
180 106 0
181 106 0
182 106 0
4 107 0
5 107 0
34 107 0
44 107 0
45 107 0
71 107 0
99 107 0
113 107 0
127 107 0
128 107 0
138 107 0
139 107 0
140 107 0
142 107 0
143 107 0
144 107 0
150 107 0
152 107 0
154 107 0
155 107 0
167 107 0
168 107 0
169 107 0
175 107 0
177 107 0
178 107 0
179 107 0
182 107 0
183 107 0
184 107 0
44 108 0
45 108 0
46 108 0
113 108 0
127 108 0
128 108 0
133 108 0
134 108 0
135 108 0
136 108 0
137 108 0
138 108 0
139 108 0
140 108 0
141 108 0
142 108 0
153 108 0
154 108 0
155 108 0
166 108 0
168 108 0
180 108 0
181 108 0
182 108 0
12 109 0
46 109 0
47 109 0
71 109 0
99 109 0
111 109 0
113 109 0
125 109 0
126 109 0
127 109 0
128 109 0
135 109 0
136 109 0
137 109 0
138 109 0
141 109 0
142 109 0
153 109 0
154 109 0
166 109 0
167 109 0
168 109 0
180 109 0
181 109 0
182 109 0
11 110 0
12 110 0
46 110 0
84 110 0
99 110 0
113 110 0
114 110 0
120 110 0
121 110 0
123 110 0
124 110 0
125 110 0
126 110 0
127 110 0
128 110 0
129 110 0
130 110 0
133 110 0
134 110 0
135 110 0
140 110 0
141 110 0
152 110 0
154 110 0
166 110 0
167 110 0
168 110 0
180 110 0
181 110 0
11 111 0
13 111 0
14 111 0
55 111 0
56 111 0
59 111 0
84 111 0
85 111 0
97 111 0
98 111 0
99 111 0
112 111 0
113 111 0
115 111 0
116 111 0
117 111 0
119 111 0
121 111 0
122 111 0
123 111 0
124 111 0
125 111 0
127 111 0
128 111 0
129 111 0
130 111 0
131 111 0
132 111 0
133 111 0
139 111 0
140 111 0
141 111 0
153 111 0
154 111 0
166 111 0
167 111 0
168 111 0
179 111 0
181 111 0
13 112 0
55 112 0
56 112 0
57 112 0
58 112 0
60 112 0
62 112 0
69 112 0
84 112 0
91 112 0
94 112 0
95 112 0
96 112 0
97 112 0
98 112 0
99 112 0
111 112 0
112 112 0
115 112 0
116 112 0
117 112 0
127 112 0
128 112 0
129 112 0
140 112 0
141 112 0
152 112 0
153 112 0
154 112 0
166 112 0
167 112 0
180 112 0
181 112 0
23 113 0
57 113 0
58 113 0
69 113 0
70 113 0
83 113 0
84 113 0
88 113 0
90 113 0
91 113 0
95 113 0
97 113 0
98 113 0
99 113 0
110 113 0
111 113 0
112 113 0
113 113 0
114 113 0
115 113 0
126 113 0
127 113 0
128 113 0
140 113 0
141 113 0
153 113 0
154 113 0
166 113 0
167 113 0
180 113 0
181 113 0
25 114 0
57 114 0
58 114 0
80 114 0
82 114 0
83 114 0
84 114 0
88 114 0
89 114 0
92 114 0
99 114 0
100 114 0
110 114 0
111 114 0
112 114 0
113 114 0
114 114 0
125 114 0
127 114 0
153 114 0
154 114 0
167 114 0
179 114 0
180 114 0
181 114 0
25 115 0
71 115 0
72 115 0
73 115 0
77 115 0
82 115 0
84 115 0
85 115 0
86 115 0
87 115 0
97 115 0
98 115 0
99 115 0
105 115 0
106 115 0
108 115 0
109 115 0
110 115 0
113 115 0
114 115 0
127 115 0
141 115 0
152 115 0
153 115 0
154 115 0
166 115 0
167 115 0
179 115 0
180 115 0
181 115 0
25 116 0
33 116 0
71 116 0
85 116 0
86 116 0
97 116 0
98 116 0
99 116 0
113 116 0
125 116 0
126 116 0
127 116 0
141 116 0
152 116 0
153 116 0
154 116 0
166 116 0
167 116 0
180 116 0
1 117 0
2 117 0
33 117 0
34 117 0
71 117 0
85 117 0
86 117 0
97 117 0
99 117 0
111 117 0
113 117 0
126 117 0
127 117 0
139 117 0
140 117 0
141 117 0
152 117 0
153 117 0
154 117 0
167 117 0
179 117 0
35 118 0
83 118 0
85 118 0
97 118 0
99 118 0
113 118 0
126 118 0
127 118 0
140 118 0
141 118 0
152 118 0
180 118 0
6 119 0
7 119 0
35 119 0
58 119 0
85 119 0
98 119 0
99 119 0
113 119 0
126 119 0
127 119 0
140 119 0
141 119 0
151 119 0
152 119 0
156 119 0
159 119 0
164 119 0
165 119 0
178 119 0
179 119 0
180 119 0
7 120 0
44 120 0
45 120 0
71 120 0
85 120 0
98 120 0
99 120 0
112 120 0
113 120 0
125 120 0
126 120 0
127 120 0
139 120 0
146 120 0
150 120 0
151 120 0
152 120 0
153 120 0
154 120 0
155 120 0
156 120 0
161 120 0
162 120 0
163 120 0
164 120 0
165 120 0
166 120 0
167 120 0
168 120 0
169 120 0
177 120 0
178 120 0
179 120 0
181 120 0
182 120 0
7 121 0
45 121 0
46 121 0
85 121 0
97 121 0
113 121 0
127 121 0
138 121 0
139 121 0
143 121 0
153 121 0
154 121 0
166 121 0
167 121 0
169 121 0
177 121 0
178 121 0
179 121 0
180 121 0
181 121 0
47 122 0
48 122 0
85 122 0
99 122 0
111 122 0
113 122 0
127 122 0
131 122 0
137 122 0
138 122 0
139 122 0
140 122 0
141 122 0
144 122 0
145 122 0
146 122 0
148 122 0
153 122 0
154 122 0
164 122 0
165 122 0
166 122 0
180 122 0
181 122 0
13 123 0
47 123 0
48 123 0
84 123 0
85 123 0
99 123 0
113 123 0
135 123 0
136 123 0
140 123 0
141 123 0
151 123 0
153 123 0
164 123 0
165 123 0
166 123 0
178 123 0
180 123 0
13 124 0
84 124 0
85 124 0
97 124 0
99 124 0
113 124 0
125 124 0
130 124 0
131 124 0
132 124 0
140 124 0
141 124 0
151 124 0
153 124 0
164 124 0
165 124 0
166 124 0
178 124 0
179 124 0
15 125 0
56 125 0
57 125 0
85 125 0
97 125 0
99 125 0
113 125 0
125 125 0
126 125 0
129 125 0
138 125 0
139 125 0
140 125 0
151 125 0
152 125 0
153 125 0
164 125 0
165 125 0
166 125 0
178 125 0
179 125 0
15 126 0
24 126 0
25 126 0
56 126 0
57 126 0
96 126 0
97 126 0
98 126 0
101 126 0
111 126 0
113 126 0
124 126 0
125 126 0
126 126 0
127 126 0
128 126 0
129 126 0
139 126 0
140 126 0
151 126 0
152 126 0
153 126 0
164 126 0
166 126 0
179 126 0
15 127 0
24 127 0
58 127 0
59 127 0
63 127 0
70 127 0
84 127 0
94 127 0
95 127 0
96 127 0
97 127 0
98 127 0
100 127 0
101 127 0
109 127 0
110 127 0
111 127 0
112 127 0
115 127 0
116 127 0
121 127 0
122 127 0
124 127 0
125 127 0
126 127 0
127 127 0
128 127 0
139 127 0
140 127 0
151 127 0
152 127 0
153 127 0
178 127 0
179 127 0
1 128 0
26 128 0
58 128 0
59 128 0
69 128 0
70 128 0
71 128 0
83 128 0
84 128 0
91 128 0
94 128 0
95 128 0
98 128 0
99 128 0
100 128 0
104 128 0
108 128 0
109 128 0
110 128 0
111 128 0
112 128 0
113 128 0
114 128 0
118 128 0
119 128 0
120 128 0
122 128 0
123 128 0
126 128 0
127 128 0
139 128 0
140 128 0
151 128 0
152 128 0
153 128 0
177 128 0
178 128 0
179 128 0
3 129 0
15 129 0
26 129 0
70 129 0
71 129 0
72 129 0
73 129 0
82 129 0
83 129 0
84 129 0
87 129 0
88 129 0
97 129 0
99 129 0
108 129 0
109 129 0
110 129 0
113 129 0
114 129 0
126 129 0
139 129 0
140 129 0
152 129 0
153 129 0
165 129 0
178 129 0
179 129 0
3 130 0
35 130 0
36 130 0
71 130 0
72 130 0
82 130 0
85 130 0
86 130 0
99 130 0
111 130 0
112 130 0
113 130 0
126 130 0
138 130 0
140 130 0
152 130 0
163 130 0
164 130 0
165 130 0
178 130 0
179 130 0
7 131 0
8 131 0
26 131 0
35 131 0
36 131 0
37 131 0
48 131 0
72 131 0
85 131 0
86 131 0
97 131 0
98 131 0
99 131 0
111 131 0
112 131 0
113 131 0
125 131 0
127 131 0
138 131 0
140 131 0
152 131 0
163 131 0
165 131 0
178 131 0
179 131 0
9 132 0
37 132 0
59 132 0
72 132 0
86 132 0
97 132 0
98 132 0
99 132 0
113 132 0
125 132 0
126 132 0
127 132 0
138 132 0
140 132 0
145 132 0
149 132 0
150 132 0
151 132 0
155 132 0
162 132 0
163 132 0
179 132 0
9 133 0
37 133 0
59 133 0
72 133 0
84 133 0
98 133 0
99 133 0
111 133 0
112 133 0
126 133 0
127 133 0
140 133 0
143 133 0
145 133 0
146 133 0
147 133 0
148 133 0
149 133 0
150 133 0
151 133 0
152 133 0
154 133 0
155 133 0
158 133 0
160 133 0
162 133 0
163 133 0
164 133 0
174 133 0
176 133 0
177 133 0
178 133 0
179 133 0
37 134 0
46 134 0
47 134 0
72 134 0
98 134 0
99 134 0
111 134 0
112 134 0
113 134 0
125 134 0
138 134 0
144 134 0
145 134 0
146 134 0
151 134 0
152 134 0
153 134 0
163 134 0
164 134 0
165 134 0
166 134 0
167 134 0
168 134 0
169 134 0
172 134 0
173 134 0
174 134 0
175 134 0
176 134 0
178 134 0
179 134 0
180 134 0
181 134 0
48 135 0
72 135 0
84 135 0
86 135 0
111 135 0
113 135 0
137 135 0
138 135 0
139 135 0
140 135 0
141 135 0
142 135 0
143 135 0
150 135 0
151 135 0
152 135 0
163 135 0
164 135 0
165 135 0
177 135 0
178 135 0
179 135 0
14 136 0
15 136 0
48 136 0
72 136 0
86 136 0
99 136 0
112 136 0
113 136 0
127 136 0
136 136 0
137 136 0
138 136 0
139 136 0
140 136 0
141 136 0
149 136 0
150 136 0
151 136 0
164 136 0
165 136 0
178 136 0
179 136 0
16 137 0
48 137 0
86 137 0
99 137 0
112 137 0
113 137 0
127 137 0
139 137 0
140 137 0
149 137 0
151 137 0
164 137 0
177 137 0
178 137 0
16 138 0
97 138 0
111 138 0
113 138 0
125 138 0
132 138 0
133 138 0
134 138 0
139 138 0
140 138 0
150 138 0
151 138 0
164 138 0
176 138 0
178 138 0
4 139 0
25 139 0
26 139 0
57 139 0
58 139 0
96 139 0
97 139 0
98 139 0
112 139 0
113 139 0
124 139 0
125 139 0
126 139 0
128 139 0
129 139 0
138 139 0
139 139 0
149 139 0
150 139 0
151 139 0
162 139 0
163 139 0
164 139 0
176 139 0
177 139 0
178 139 0
2 140 0
3 140 0
4 140 0
6 140 0
26 140 0
28 140 0
57 140 0
58 140 0
60 140 0
86 140 0
92 140 0
95 140 0
96 140 0
97 140 0
98 140 0
99 140 0
110 140 0
111 140 0
115 140 0
121 140 0
123 140 0
124 140 0
125 140 0
126 140 0
127 140 0
128 140 0
138 140 0
139 140 0
151 140 0
164 140 0
177 140 0
1 141 0
2 141 0
3 141 0
4 141 0
5 141 0
7 141 0
27 141 0
28 141 0
59 141 0
60 141 0
69 141 0
70 141 0
71 141 0
84 141 0
95 141 0
96 141 0
98 141 0
99 141 0
100 141 0
105 141 0
106 141 0
109 141 0
110 141 0
111 141 0
112 141 0
113 141 0
115 141 0
116 141 0
123 141 0
126 141 0
127 141 0
139 141 0
149 141 0
150 141 0
151 141 0
177 141 0
3 142 0
5 142 0
6 142 0
7 142 0
8 142 0
9 142 0
10 142 0
11 142 0
12 142 0
13 142 0
28 142 0
37 142 0
59 142 0
60 142 0
70 142 0
72 142 0
73 142 0
83 142 0
84 142 0
85 142 0
88 142 0
89 142 0
90 142 0
91 142 0
92 142 0
93 142 0
98 142 0
99 142 0
105 142 0
106 142 0
107 142 0
108 142 0
109 142 0
110 142 0
111 142 0
112 142 0
113 142 0
120 142 0
126 142 0
127 142 0
137 142 0
151 142 0
162 142 0
175 142 0
177 142 0
11 143 0
12 143 0
13 143 0
14 143 0
15 143 0
16 143 0
17 143 0
18 143 0
19 143 0
20 143 0
37 143 0
38 143 0
59 143 0
72 143 0
73 143 0
77 143 0
78 143 0
79 143 0
80 143 0
81 143 0
83 143 0
84 143 0
85 143 0
86 143 0
87 143 0
88 143 0
97 143 0
98 143 0
112 143 0
113 143 0
125 143 0
139 143 0
149 143 0
162 143 0
177 143 0
18 144 0
19 144 0
20 144 0
21 144 0
22 144 0
23 144 0
24 144 0
25 144 0
26 144 0
27 144 0
29 144 0
38 144 0
39 144 0
40 144 0
72 144 0
73 144 0
86 144 0
87 144 0
98 144 0
111 144 0
112 144 0
126 144 0
127 144 0
139 144 0
149 144 0
161 144 0
162 144 0
164 144 0
23 145 0
24 145 0
25 145 0
26 145 0
27 145 0
28 145 0
29 145 0
30 145 0
31 145 0
32 145 0
33 145 0
34 145 0
35 145 0
39 145 0
71 145 0
86 145 0
98 145 0
111 145 0
112 145 0
126 145 0
148 145 0
149 145 0
150 145 0
160 145 0
161 145 0
162 145 0
163 145 0
174 145 0
175 145 0
176 145 0
31 146 0
32 146 0
33 146 0
34 146 0
35 146 0
36 146 0
37 146 0
38 146 0
39 146 0
40 146 0
41 146 0
42 146 0
43 146 0
47 146 0
73 146 0
86 146 0
98 146 0
110 146 0
111 146 0
112 146 0
125 146 0
126 146 0
137 146 0
148 146 0
149 146 0
150 146 0
151 146 0
163 146 0
164 146 0
173 146 0
174 146 0
175 146 0
176 146 0
177 146 0
181 146 0
186 146 0
187 146 0
40 147 0
41 147 0
42 147 0
43 147 0
44 147 0
45 147 0
46 147 0
47 147 0
48 147 0
49 147 0
51 147 0
52 147 0
55 147 0
73 147 0
97 147 0
98 147 0
99 147 0
111 147 0
112 147 0
125 147 0
126 147 0
136 147 0
137 147 0
150 147 0
151 147 0
163 147 0
164 147 0
174 147 0
175 147 0
176 147 0
177 147 0
178 147 0
179 147 0
180 147 0
181 147 0
182 147 0
183 147 0
184 147 0
185 147 0
186 147 0
187 147 0
2 148 0
3 148 0
4 148 0
5 148 0
50 148 0
51 148 0
52 148 0
53 148 0
54 148 0
55 148 0
56 148 0
57 148 0
58 148 0
59 148 0
60 148 0
61 148 0
62 148 0
63 148 0
64 148 0
67 148 0
71 148 0
72 148 0
97 148 0
99 148 0
126 148 0
127 148 0
136 148 0
137 148 0
138 148 0
139 148 0
150 148 0
161 148 0
162 148 0
165 148 0
166 148 0
167 148 0
168 148 0
169 148 0
170 148 0
171 148 0
172 148 0
173 148 0
174 148 0
175 148 0
176 148 0
178 148 0
179 148 0
180 148 0
181 148 0
182 148 0
183 148 0
184 148 0
185 148 0
1 149 0
2 149 0
3 149 0
4 149 0
5 149 0
8 149 0
9 149 0
56 149 0
57 149 0
58 149 0
59 149 0
60 149 0
61 149 0
62 149 0
63 149 0
64 149 0
65 149 0
66 149 0
67 149 0
68 149 0
69 149 0
70 149 0
71 149 0
72 149 0
74 149 0
75 149 0
76 149 0
78 149 0
79 149 0
98 149 0
111 149 0
124 149 0
125 149 0
126 149 0
135 149 0
136 149 0
137 149 0
138 149 0
139 149 0
140 149 0
146 149 0
147 149 0
148 149 0
149 149 0
152 149 0
153 149 0
154 149 0
155 149 0
156 149 0
157 149 0
158 149 0
159 149 0
160 149 0
161 149 0
162 149 0
163 149 0
164 149 0
165 149 0
166 149 0
167 149 0
168 149 0
169 149 0
170 149 0
171 149 0
172 149 0
173 149 0
174 149 0
7 150 0
8 150 0
9 150 0
10 150 0
11 150 0
12 150 0
13 150 0
14 150 0
68 150 0
69 150 0
70 150 0
71 150 0
72 150 0
73 150 0
74 150 0
75 150 0
76 150 0
77 150 0
78 150 0
79 150 0
80 150 0
81 150 0
82 150 0
83 150 0
84 150 0
85 150 0
86 150 0
87 150 0
88 150 0
89 150 0
90 150 0
91 150 0
92 150 0
93 150 0
94 150 0
95 150 0
96 150 0
97 150 0
98 150 0
103 150 0
110 150 0
111 150 0
112 150 0
118 150 0
119 150 0
120 150 0
121 150 0
122 150 0
123 150 0
124 150 0
125 150 0
126 150 0
128 150 0
129 150 0
130 150 0
131 150 0
132 150 0
133 150 0
134 150 0
135 150 0
136 150 0
137 150 0
138 150 0
139 150 0
140 150 0
141 150 0
142 150 0
143 150 0
144 150 0
145 150 0
146 150 0
147 150 0
148 150 0
149 150 0
150 150 0
151 150 0
152 150 0
153 150 0
154 150 0
155 150 0
156 150 0
157 150 0
158 150 0
159 150 0
160 150 0
161 150 0
8 151 0
11 151 0
13 151 0
14 151 0
15 151 0
16 151 0
17 151 0
18 151 0
19 151 0
20 151 0
80 151 0
82 151 0
83 151 0
84 151 0
85 151 0
87 151 0
88 151 0
89 151 0
90 151 0
91 151 0
92 151 0
93 151 0
94 151 0
95 151 0
96 151 0
97 151 0
98 151 0
99 151 0
100 151 0
101 151 0
102 151 0
103 151 0
104 151 0
105 151 0
106 151 0
107 151 0
108 151 0
109 151 0
110 151 0
111 151 0
112 151 0
113 151 0
114 151 0
115 151 0
116 151 0
117 151 0
118 151 0
119 151 0
120 151 0
121 151 0
122 151 0
123 151 0
124 151 0
125 151 0
126 151 0
127 151 0
128 151 0
129 151 0
130 151 0
131 151 0
132 151 0
133 151 0
134 151 0
135 151 0
136 151 0
137 151 0
139 151 0
140 151 0
141 151 0
142 151 0
143 151 0
8 152 0
18 152 0
19 152 0
20 152 0
21 152 0
22 152 0
24 152 0
25 152 0
27 152 0
3 153 0
24 153 0
25 153 0
26 153 0
27 153 0
29 153 0
30 153 0
34 153 0
36 153 0
2 154 0
3 154 0
30 154 0
31 154 0
36 154 0
175 154 0
176 154 0
177 154 0
178 154 0
179 154 0
180 154 0
181 154 0
182 154 0
183 154 0
187 154 0
14 155 0
34 155 0
40 155 0
41 155 0
42 155 0
43 155 0
44 155 0
45 155 0
46 155 0
47 155 0
51 155 0
53 155 0
54 155 0
167 155 0
168 155 0
170 155 0
172 155 0
175 155 0
176 155 0
177 155 0
178 155 0
179 155 0
180 155 0
181 155 0
41 156 0
42 156 0
44 156 0
51 156 0
52 156 0
53 156 0
54 156 0
55 156 0
57 156 0
58 156 0
59 156 0
61 156 0
62 156 0
63 156 0
64 156 0
69 156 0
161 156 0
162 156 0
163 156 0
164 156 0
165 156 0
166 156 0
167 156 0
168 156 0
175 156 0
176 156 0
41 157 0
51 157 0
54 157 0
55 157 0
56 157 0
57 157 0
58 157 0
61 157 0
62 157 0
63 157 0
64 157 0
65 157 0
66 157 0
67 157 0
68 157 0
69 157 0
70 157 0
73 157 0
74 157 0
76 157 0
79 157 0
143 157 0
144 157 0
149 157 0
150 157 0
152 157 0
153 157 0
154 157 0
155 157 0
156 157 0
161 157 0
165 157 0
166 157 0
173 157 0
174 157 0
175 157 0
185 157 0
61 158 0
74 158 0
75 158 0
76 158 0
77 158 0
78 158 0
79 158 0
80 158 0
81 158 0
82 158 0
83 158 0
84 158 0
85 158 0
87 158 0
88 158 0
91 158 0
92 158 0
93 158 0
95 158 0
96 158 0
104 158 0
105 158 0
106 158 0
107 158 0
108 158 0
110 158 0
112 158 0
113 158 0
114 158 0
115 158 0
116 158 0
117 158 0
118 158 0
119 158 0
120 158 0
121 158 0
122 158 0
123 158 0
125 158 0
126 158 0
127 158 0
128 158 0
129 158 0
130 158 0
131 158 0
132 158 0
133 158 0
134 158 0
135 158 0
137 158 0
138 158 0
139 158 0
140 158 0
141 158 0
142 158 0
143 158 0
149 158 0
150 158 0
151 158 0
152 158 0
153 158 0
154 158 0
155 158 0
156 158 0
157 158 0
161 158 0
162 158 0
163 158 0
164 158 0
165 158 0
172 158 0
174 158 0
175 158 0
185 158 0
187 158 0
51 159 0
74 159 0
76 159 0
77 159 0
80 159 0
81 159 0
83 159 0
87 159 0
88 159 0
89 159 0
90 159 0
91 159 0
92 159 0
93 159 0
94 159 0
95 159 0
96 159 0
97 159 0
99 159 0
100 159 0
101 159 0
102 159 0
103 159 0
104 159 0
105 159 0
106 159 0
107 159 0
108 159 0
109 159 0
112 159 0
113 159 0
114 159 0
115 159 0
116 159 0
117 159 0
119 159 0
120 159 0
121 159 0
122 159 0
125 159 0
126 159 0
127 159 0
128 159 0
131 159 0
132 159 0
134 159 0
137 159 0
138 159 0
139 159 0
148 159 0
149 159 0
161 159 0
162 159 0
174 159 0
175 159 0
187 159 0
9 160 0
22 160 0
51 160 0
87 160 0
99 160 0
100 160 0
101 160 0
102 160 0
103 160 0
105 160 0
107 160 0
112 160 0
113 160 0
125 160 0
126 160 0
135 160 0
136 160 0
137 160 0
143 160 0
149 160 0
159 160 0
161 160 0
174 160 0
175 160 0
3 161 0
11 161 0
22 161 0
51 161 0
52 161 0
74 161 0
134 161 0
135 161 0
136 161 0
137 161 0
138 161 0
148 161 0
149 161 0
160 161 0
161 161 0
5 162 0
137 162 0
138 162 0
174 162 0
5 163 0
30 163 0
98 163 0
133 163 0
137 163 0
161 163 0
32 164 0
60 164 0
97 164 0
98 164 0
99 164 0
123 164 0
124 164 0
137 164 0
160 164 0
173 164 0
32 165 0
40 165 0
41 165 0
62 165 0
63 165 0
73 165 0
98 165 0
99 165 0
100 165 0
111 165 0
125 165 0
126 165 0
137 165 0
173 165 0
3 166 0
43 166 0
62 166 0
63 166 0
72 166 0
73 166 0
99 166 0
100 166 0
110 166 0
111 166 0
112 166 0
113 166 0
119 166 0
125 166 0
126 166 0
2 167 0
43 167 0
62 167 0
75 167 0
85 167 0
86 167 0
87 167 0
88 167 0
89 167 0
93 167 0
99 167 0
100 167 0
112 167 0
113 167 0
125 167 0
137 167 0
183 167 0
184 167 0
2 168 0
75 168 0
87 168 0
88 168 0
100 168 0
112 168 0
125 168 0
137 168 0
145 168 0
146 168 0
147 168 0
156 168 0
158 168 0
159 168 0
170 168 0
171 168 0
183 168 0
184 168 0
185 168 0
23 169 0
75 169 0
87 169 0
88 169 0
112 169 0
137 169 0
145 169 0
146 169 0
147 169 0
148 169 0
149 169 0
159 169 0
160 169 0
171 169 0
172 169 0
173 169 0
174 169 0
184 169 0
185 169 0
25 170 0
51 170 0
100 170 0
110 170 0
112 170 0
148 170 0
159 170 0
160 170 0
172 170 0
173 170 0
7 171 0
9 171 0
10 171 0
14 171 0
25 171 0
53 171 0
112 171 0
125 171 0
134 171 0
135 171 0
136 171 0
159 171 0
172 171 0
184 171 0
8 172 0
18 172 0
19 172 0
53 172 0
112 172 0
133 172 0
134 172 0
137 172 0
138 172 0
159 172 0
12 173 0
13 173 0
32 173 0
123 173 0
137 173 0
147 173 0
159 173 0
3 174 0
34 174 0
62 174 0
123 174 0
129 174 0
137 174 0
147 174 0
158 174 0
159 174 0
164 174 0
165 174 0
166 174 0
169 174 0
171 174 0
3 175 0
34 175 0
43 175 0
62 175 0
92 175 0
99 175 0
109 175 0
123 175 0
124 175 0
126 175 0
135 175 0
137 175 0
157 175 0
158 175 0
160 175 0
161 175 0
162 175 0
163 175 0
165 175 0
166 175 0
5 176 0
43 176 0
64 176 0
97 176 0
98 176 0
99 176 0
100 176 0
101 176 0
102 176 0
110 176 0
111 176 0
121 176 0
123 176 0
124 176 0
125 176 0
126 176 0
137 176 0
147 176 0
155 176 0
156 176 0
157 176 0
159 176 0
160 176 0
161 176 0
172 176 0
45 177 0
100 177 0
101 177 0
112 177 0
113 177 0
114 177 0
120 177 0
125 177 0
126 177 0
159 177 0
100 178 0
44 60 1
44 61 1
45 61 1
57 61 1
44 62 1
45 62 1
47 62 1
48 62 1
49 62 1
46 63 1
47 63 1
55 63 1
40 64 1
46 64 1
47 64 1
48 64 1
49 64 1
50 64 1
47 65 1
48 65 1
49 65 1
50 65 1
51 65 1
52 65 1
32 66 1
37 66 1
49 66 1
50 66 1
51 66 1
52 66 1
53 66 1
50 67 1
51 67 1
52 67 1
53 67 1
31 68 1
32 68 1
36 68 1
50 68 1
51 68 1
52 68 1
53 68 1
54 68 1
31 69 1
32 69 1
50 69 1
51 69 1
52 69 1
53 69 1
54 69 1
55 69 1
31 70 1
32 70 1
35 70 1
36 70 1
50 70 1
51 70 1
52 70 1
53 70 1
54 70 1
31 71 1
35 71 1
51 71 1
52 71 1
53 71 1
54 71 1
55 71 1
30 72 1
31 72 1
51 72 1
52 72 1
53 72 1
54 72 1
30 73 1
31 73 1
32 73 1
50 73 1
51 73 1
52 73 1
53 73 1
54 73 1
30 74 1
31 74 1
38 74 1
51 74 1
52 74 1
53 74 1
54 74 1
30 75 1
31 75 1
32 75 1
33 75 1
51 75 1
52 75 1
53 75 1
54 75 1
31 76 1
32 76 1
51 76 1
52 76 1
53 76 1
54 76 1
31 77 1
32 77 1
33 77 1
34 77 1
51 77 1
52 77 1
31 78 1
32 78 1
33 78 1
35 78 1
51 78 1
32 79 1
33 79 1
34 79 1
35 79 1
51 79 1
33 80 1
34 80 1
35 80 1
38 80 1
44 80 1
50 80 1
34 81 1
35 81 1
36 81 1
40 81 1
44 81 1
45 81 1
35 82 1
36 82 1
37 82 1
38 82 1
39 82 1
40 82 1
44 82 1
45 82 1
46 82 1
36 83 1
37 83 1
38 83 1
39 83 1
40 83 1
41 83 1
43 83 1
44 83 1
45 83 1
46 83 1
38 84 1
39 84 1
40 84 1
41 84 1
42 84 1
43 84 1
44 84 1
45 84 1
42 85 1
