4 1 0
5 1 0
22 1 0
31 1 0
152 1 0
181 1 0
4 2 0
5 2 0
20 2 0
21 2 0
22 2 0
29 2 0
30 2 0
31 2 0
32 2 0
33 2 0
34 2 0
36 2 0
42 2 0
55 2 0
68 2 0
82 2 0
95 2 0
96 2 0
108 2 0
110 2 0
124 2 0
125 2 0
138 2 0
143 2 0
144 2 0
145 2 0
146 2 0
147 2 0
150 2 0
151 2 0
152 2 0
153 2 0
158 2 0
159 2 0
166 2 0
167 2 0
181 2 0
4 3 0
5 3 0
19 3 0
32 3 0
33 3 0
36 3 0
42 3 0
43 3 0
44 3 0
45 3 0
68 3 0
80 3 0
81 3 0
82 3 0
95 3 0
96 3 0
108 3 0
110 3 0
124 3 0
125 3 0
137 3 0
138 3 0
142 3 0
143 3 0
144 3 0
145 3 0
146 3 0
147 3 0
149 3 0
150 3 0
151 3 0
152 3 0
153 3 0
154 3 0
155 3 0
156 3 0
157 3 0
158 3 0
159 3 0
160 3 0
161 3 0
162 3 0
163 3 0
164 3 0
165 3 0
166 3 0
167 3 0
181 3 0
32 4 0
43 4 0
44 4 0
45 4 0
53 4 0
82 4 0
94 4 0
95 4 0
96 4 0
108 4 0
109 4 0
110 4 0
124 4 0
125 4 0
135 4 0
136 4 0
137 4 0
138 4 0
139 4 0
140 4 0
141 4 0
142 4 0
152 4 0
153 4 0
154 4 0
166 4 0
167 4 0
168 4 0
169 4 0
170 4 0
177 4 0
178 4 0
179 4 0
180 4 0
181 4 0
21 5 0
43 5 0
52 5 0
53 5 0
54 5 0
80 5 0
94 5 0
95 5 0
96 5 0
108 5 0
109 5 0
110 5 0
112 5 0
123 5 0
124 5 0
126 5 0
127 5 0
128 5 0
129 5 0
130 5 0
131 5 0
132 5 0
133 5 0
134 5 0
135 5 0
137 5 0
139 5 0
140 5 0
152 5 0
153 5 0
154 5 0
166 5 0
167 5 0
168 5 0
174 5 0
175 5 0
176 5 0
177 5 0
178 5 0
179 5 0
181 5 0
182 5 0
183 5 0
184 5 0
185 5 0
21 6 0
43 6 0
53 6 0
54 6 0
55 6 0
56 6 0
59 6 0
60 6 0
65 6 0
66 6 0
69 6 0
71 6 0
73 6 0
74 6 0
79 6 0
80 6 0
95 6 0
96 6 0
108 6 0
112 6 0
113 6 0
114 6 0
115 6 0
120 6 0
121 6 0
122 6 0
123 6 0
124 6 0
126 6 0
127 6 0
128 6 0
129 6 0
130 6 0
131 6 0
132 6 0
133 6 0
134 6 0
135 6 0
139 6 0
140 6 0
152 6 0
153 6 0
154 6 0
166 6 0
167 6 0
168 6 0
176 6 0
177 6 0
178 6 0
180 6 0
181 6 0
54 7 0
55 7 0
63 7 0
64 7 0
65 7 0
66 7 0
69 7 0
71 7 0
72 7 0
74 7 0
75 7 0
76 7 0
77 7 0
78 7 0
79 7 0
80 7 0
83 7 0
84 7 0
85 7 0
95 7 0
96 7 0
107 7 0
108 7 0
109 7 0
110 7 0
111 7 0
112 7 0
116 7 0
119 7 0
120 7 0
121 7 0
122 7 0
123 7 0
124 7 0
125 7 0
126 7 0
138 7 0
139 7 0
152 7 0
153 7 0
154 7 0
167 7 0
179 7 0
180 7 0
181 7 0
54 8 0
65 8 0
66 8 0
67 8 0
68 8 0
69 8 0
77 8 0
80 8 0
81 8 0
82 8 0
83 8 0
92 8 0
93 8 0
94 8 0
95 8 0
102 8 0
104 8 0
105 8 0
106 8 0
107 8 0
108 8 0
109 8 0
110 8 0
111 8 0
120 8 0
121 8 0
122 8 0
123 8 0
124 8 0
125 8 0
138 8 0
139 8 0
152 8 0
153 8 0
154 8 0
167 8 0
179 8 0
180 8 0
181 8 0
31 9 0
54 9 0
67 9 0
81 9 0
82 9 0
90 9 0
91 9 0
92 9 0
93 9 0
94 9 0
95 9 0
96 9 0
97 9 0
100 9 0
101 9 0
102 9 0
103 9 0
104 9 0
105 9 0
106 9 0
107 9 0
110 9 0
123 9 0
125 9 0
139 9 0
152 9 0
153 9 0
154 9 0
166 9 0
167 9 0
179 9 0
180 9 0
181 9 0
21 10 0
42 10 0
43 10 0
54 10 0
67 10 0
81 10 0
89 10 0
90 10 0
91 10 0
92 10 0
93 10 0
94 10 0
95 10 0
96 10 0
97 10 0
98 10 0
99 10 0
100 10 0
101 10 0
102 10 0
103 10 0
108 10 0
109 10 0
110 10 0
123 10 0
124 10 0
125 10 0
139 10 0
152 10 0
153 10 0
167 10 0
179 10 0
180 10 0
181 10 0
31 11 0
54 11 0
65 11 0
67 11 0
79 11 0
81 11 0
95 11 0
109 11 0
110 11 0
123 11 0
124 11 0
125 11 0
137 11 0
138 11 0
139 11 0
152 11 0
153 11 0
167 11 0
179 11 0
180 11 0
181 11 0
10 12 0
31 12 0
66 12 0
67 12 0
80 12 0
81 12 0
95 12 0
108 12 0
109 12 0
123 12 0
124 12 0
125 12 0
137 12 0
138 12 0
139 12 0
152 12 0
153 12 0
166 12 0
167 12 0
179 12 0
180 12 0
181 12 0
9 13 0
10 13 0
11 13 0
19 13 0
54 13 0
66 13 0
67 13 0
80 13 0
81 13 0
108 13 0
109 13 0
124 13 0
137 13 0
138 13 0
139 13 0
152 13 0
153 13 0
167 13 0
179 13 0
180 13 0
181 13 0
2 14 0
5 14 0
8 14 0
10 14 0
11 14 0
18 14 0
19 14 0
42 14 0
66 14 0
79 14 0
80 14 0
93 14 0
94 14 0
95 14 0
108 14 0
109 14 0
123 14 0
124 14 0
138 14 0
139 14 0
151 14 0
152 14 0
153 14 0
166 14 0
167 14 0
179 14 0
180 14 0
181 14 0
2 15 0
3 15 0
4 15 0
18 15 0
19 15 0
20 15 0
21 15 0
24 15 0
29 15 0
32 15 0
41 15 0
66 15 0
78 15 0
80 15 0
93 15 0
94 15 0
95 15 0
108 15 0
109 15 0
122 15 0
123 15 0
124 15 0
137 15 0
138 15 0
139 15 0
151 15 0
152 15 0
153 15 0
166 15 0
167 15 0
179 15 0
180 15 0
181 15 0
3 16 0
20 16 0
27 16 0
28 16 0
29 16 0
31 16 0
33 16 0
41 16 0
43 16 0
66 16 0
80 16 0
93 16 0
94 16 0
95 16 0
108 16 0
109 16 0
122 16 0
123 16 0
124 16 0
137 16 0
139 16 0
150 16 0
151 16 0
152 16 0
153 16 0
166 16 0
167 16 0
179 16 0
180 16 0
181 16 0
20 17 0
30 17 0
31 17 0
40 17 0
41 17 0
43 17 0
66 17 0
78 17 0
80 17 0
94 17 0
95 17 0
108 17 0
109 17 0
122 17 0
123 17 0
124 17 0
137 17 0
139 17 0
142 17 0
149 17 0
150 17 0
151 17 0
152 17 0
155 17 0
156 17 0
157 17 0
165 17 0
166 17 0
167 17 0
179 17 0
180 17 0
181 17 0
3 18 0
20 18 0
30 18 0
42 18 0
66 18 0
78 18 0
79 18 0
80 18 0
94 18 0
95 18 0
107 18 0
108 18 0
109 18 0
122 18 0
123 18 0
124 18 0
136 18 0
137 18 0
141 18 0
142 18 0
143 18 0
145 18 0
147 18 0
148 18 0
149 18 0
150 18 0
151 18 0
153 18 0
154 18 0
155 18 0
156 18 0
157 18 0
158 18 0
161 18 0
162 18 0
163 18 0
164 18 0
165 18 0
166 18 0
179 18 0
10 19 0
42 19 0
52 19 0
66 19 0
79 19 0
80 19 0
92 19 0
94 19 0
109 19 0
122 19 0
123 19 0
124 19 0
132 19 0
133 19 0
134 19 0
135 19 0
136 19 0
137 19 0
138 19 0
139 19 0
140 19 0
141 19 0
142 19 0
143 19 0
144 19 0
145 19 0
146 19 0
147 19 0
148 19 0
149 19 0
150 19 0
151 19 0
152 19 0
153 19 0
154 19 0
160 19 0
161 19 0
162 19 0
163 19 0
164 19 0
166 19 0
167 19 0
168 19 0
169 19 0
170 19 0
171 19 0
172 19 0
173 19 0
177 19 0
178 19 0
179 19 0
180 19 0
181 19 0
182 19 0
183 19 0
184 19 0
185 19 0
41 20 0
50 20 0
51 20 0
52 20 0
54 20 0
56 20 0
57 20 0
64 20 0
80 20 0
92 20 0
94 20 0
108 20 0
109 20 0
122 20 0
123 20 0
124 20 0
127 20 0
130 20 0
131 20 0
132 20 0
133 20 0
134 20 0
135 20 0
138 20 0
139 20 0
140 20 0
151 20 0
152 20 0
153 20 0
165 20 0
166 20 0
167 20 0
174 20 0
176 20 0
177 20 0
178 20 0
180 20 0
181 20 0
182 20 0
185 20 0
52 21 0
53 21 0
54 21 0
57 21 0
58 21 0
59 21 0
61 21 0
63 21 0
64 21 0
68 21 0
69 21 0
78 21 0
79 21 0
80 21 0
92 21 0
94 21 0
105 21 0
106 21 0
107 21 0
108 21 0
110 21 0
112 21 0
113 21 0
114 21 0
121 21 0
122 21 0
123 21 0
124 21 0
126 21 0
127 21 0
128 21 0
130 21 0
131 21 0
132 21 0
133 21 0
134 21 0
138 21 0
139 21 0
151 21 0
152 21 0
153 21 0
165 21 0
166 21 0
167 21 0
178 21 0
179 21 0
180 21 0
181 21 0
52 22 0
53 22 0
61 22 0
63 22 0
64 22 0
65 22 0
66 22 0
67 22 0
68 22 0
76 22 0
77 22 0
78 22 0
79 22 0
80 22 0
92 22 0
93 22 0
94 22 0
97 22 0
99 22 0
101 22 0
103 22 0
104 22 0
105 22 0
106 22 0
107 22 0
108 22 0
109 22 0
110 22 0
111 22 0
112 22 0
113 22 0
114 22 0
115 22 0
116 22 0
117 22 0
119 22 0
120 22 0
121 22 0
122 22 0
123 22 0
124 22 0
125 22 0
126 22 0
137 22 0
138 22 0
151 22 0
152 22 0
153 22 0
166 22 0
167 22 0
179 22 0
180 22 0
181 22 0
41 23 0
53 23 0
65 23 0
66 23 0
67 23 0
72 23 0
77 23 0
78 23 0
79 23 0
80 23 0
81 23 0
82 23 0
83 23 0
92 23 0
93 23 0
95 23 0
96 23 0
97 23 0
99 23 0
100 23 0
101 23 0
102 23 0
103 23 0
104 23 0
105 23 0
108 23 0
109 23 0
110 23 0
118 23 0
119 23 0
123 23 0
124 23 0
136 23 0
137 23 0
138 23 0
151 23 0
152 23 0
153 23 0
165 23 0
167 23 0
179 23 0
180 23 0
40 24 0
41 24 0
52 24 0
66 24 0
79 24 0
80 24 0
83 24 0
85 24 0
91 24 0
92 24 0
93 24 0
94 24 0
95 24 0
96 24 0
97 24 0
98 24 0
99 24 0
101 24 0
102 24 0
107 24 0
108 24 0
109 24 0
122 24 0
123 24 0
124 24 0
138 24 0
150 24 0
152 24 0
153 24 0
167 24 0
178 24 0
179 24 0
180 24 0
19 25 0
52 25 0
65 25 0
66 25 0
79 25 0
80 25 0
90 25 0
91 25 0
92 25 0
94 25 0
95 25 0
106 25 0
109 25 0
123 25 0
124 25 0
138 25 0
166 25 0
167 25 0
178 25 0
179 25 0
180 25 0
7 26 0
8 26 0
9 26 0
29 26 0
65 26 0
79 26 0
89 26 0
90 26 0
91 26 0
94 26 0
108 26 0
109 26 0
123 26 0
136 26 0
137 26 0
138 26 0
151 26 0
152 26 0
166 26 0
167 26 0
178 26 0
179 26 0
180 26 0
6 27 0
7 27 0
8 27 0
9 27 0
10 27 0
17 27 0
29 27 0
40 27 0
65 27 0
79 27 0
92 27 0
94 27 0
106 27 0
108 27 0
109 27 0
122 27 0
123 27 0
136 27 0
137 27 0
138 27 0
150 27 0
151 27 0
152 27 0
165 27 0
166 27 0
167 27 0
179 27 0
180 27 0
2 28 0
3 28 0
9 28 0
17 28 0
18 28 0
29 28 0
79 28 0
93 28 0
108 28 0
121 28 0
122 28 0
123 28 0
136 28 0
137 28 0
138 28 0
151 28 0
152 28 0
165 28 0
166 28 0
167 28 0
179 28 0
180 28 0
2 29 0
9 29 0
13 29 0
14 29 0
15 29 0
16 29 0
17 29 0
18 29 0
19 29 0
20 29 0
65 29 0
77 29 0
79 29 0
93 29 0
106 29 0
107 29 0
108 29 0
121 29 0
122 29 0
123 29 0
137 29 0
138 29 0
151 29 0
152 29 0
165 29 0
166 29 0
167 29 0
179 29 0
180 29 0
9 30 0
18 30 0
19 30 0
22 30 0
27 30 0
28 30 0
52 30 0
65 30 0
77 30 0
79 30 0
93 30 0
106 30 0
107 30 0
108 30 0
121 30 0
122 30 0
123 30 0
136 30 0
137 30 0
138 30 0
150 30 0
151 30 0
152 30 0
166 30 0
167 30 0
179 30 0
180 30 0
9 31 0
24 31 0
27 31 0
28 31 0
29 31 0
30 31 0
52 31 0
65 31 0
77 31 0
79 31 0
93 31 0
107 31 0
108 31 0
121 31 0
122 31 0
123 31 0
136 31 0
137 31 0
138 31 0
150 31 0
151 31 0
152 31 0
165 31 0
166 31 0
179 31 0
180 31 0
29 32 0
38 32 0
39 32 0
50 32 0
52 32 0
63 32 0
65 32 0
79 32 0
93 32 0
94 32 0
106 32 0
108 32 0
121 32 0
122 32 0
123 32 0
136 32 0
137 32 0
138 32 0
149 32 0
150 32 0
151 32 0
165 32 0
166 32 0
167 32 0
178 32 0
179 32 0
180 32 0
9 33 0
29 33 0
38 33 0
39 33 0
40 33 0
41 33 0
50 33 0
52 33 0
65 33 0
77 33 0
79 33 0
93 33 0
108 33 0
121 33 0
122 33 0
123 33 0
136 33 0
138 33 0
139 33 0
140 33 0
141 33 0
144 33 0
146 33 0
147 33 0
148 33 0
149 33 0
150 33 0
151 33 0
152 33 0
154 33 0
155 33 0
157 33 0
158 33 0
161 33 0
162 33 0
163 33 0
164 33 0
165 33 0
166 33 0
167 33 0
168 33 0
170 33 0
177 33 0
178 33 0
179 33 0
180 33 0
9 34 0
39 34 0
40 34 0
50 34 0
65 34 0
77 34 0
79 34 0
93 34 0
106 34 0
107 34 0
108 34 0
122 34 0
123 34 0
135 34 0
136 34 0
139 34 0
140 34 0
141 34 0
142 34 0
143 34 0
144 34 0
145 34 0
146 34 0
147 34 0
148 34 0
149 34 0
151 34 0
152 34 0
153 34 0
154 34 0
156 34 0
157 34 0
158 34 0
159 34 0
160 34 0
161 34 0
163 34 0
164 34 0
165 34 0
166 34 0
167 34 0
168 34 0
175 34 0
176 34 0
177 34 0
178 34 0
180 34 0
181 34 0
182 34 0
183 34 0
40 35 0
50 35 0
51 35 0
54 35 0
65 35 0
77 35 0
78 35 0
79 35 0
92 35 0
93 35 0
106 35 0
107 35 0
108 35 0
121 35 0
122 35 0
123 35 0
134 35 0
135 35 0
136 35 0
137 35 0
138 35 0
139 35 0
140 35 0
150 35 0
151 35 0
152 35 0
165 35 0
166 35 0
167 35 0
175 35 0
176 35 0
177 35 0
179 35 0
180 35 0
181 35 0
182 35 0
184 35 0
186 35 0
187 35 0
50 36 0
51 36 0
52 36 0
53 36 0
63 36 0
77 36 0
79 36 0
92 36 0
93 36 0
106 36 0
107 36 0
110 36 0
113 36 0
114 36 0
120 36 0
121 36 0
124 36 0
127 36 0
128 36 0
129 36 0
131 36 0
132 36 0
133 36 0
134 36 0
135 36 0
137 36 0
138 36 0
150 36 0
151 36 0
152 36 0
164 36 0
165 36 0
166 36 0
167 36 0
178 36 0
179 36 0
180 36 0
18 37 0
39 37 0
48 37 0
51 37 0
52 37 0
60 37 0
61 37 0
62 37 0
63 37 0
76 37 0
77 37 0
80 37 0
91 37 0
93 37 0
105 37 0
106 37 0
107 37 0
110 37 0
111 37 0
112 37 0
113 37 0
114 37 0
117 37 0
119 37 0
120 37 0
121 37 0
122 37 0
125 37 0
126 37 0
127 37 0
128 37 0
129 37 0
130 37 0
131 37 0
132 37 0
133 37 0
134 37 0
135 37 0
137 37 0
138 37 0
150 37 0
151 37 0
152 37 0
165 37 0
166 37 0
178 37 0
179 37 0
180 37 0
18 38 0
39 38 0
51 38 0
52 38 0
60 38 0
62 38 0
63 38 0
64 38 0
65 38 0
67 38 0
68 38 0
75 38 0
76 38 0
77 38 0
80 38 0
81 38 0
82 38 0
91 38 0
93 38 0
101 38 0
102 38 0
103 38 0
104 38 0
105 38 0
106 38 0
107 38 0
108 38 0
109 38 0
110 38 0
116 38 0
117 38 0
118 38 0
119 38 0
120 38 0
121 38 0
122 38 0
123 38 0
124 38 0
125 38 0
126 38 0
136 38 0
137 38 0
150 38 0
151 38 0
152 38 0
165 38 0
166 38 0
178 38 0
179 38 0
180 38 0
18 39 0
39 39 0
63 39 0
64 39 0
65 39 0
69 39 0
71 39 0
73 39 0
74 39 0
75 39 0
76 39 0
77 39 0
78 39 0
79 39 0
80 39 0
83 39 0
84 39 0
88 39 0
90 39 0
91 39 0
92 39 0
95 39 0
96 39 0
97 39 0
98 39 0
99 39 0
100 39 0
101 39 0
103 39 0
104 39 0
105 39 0
107 39 0
108 39 0
122 39 0
123 39 0
136 39 0
137 39 0
150 39 0
151 39 0
152 39 0
165 39 0
166 39 0
179 39 0
180 39 0
6 40 0
7 40 0
30 40 0
31 40 0
32 40 0
39 40 0
51 40 0
64 40 0
65 40 0
72 40 0
73 40 0
74 40 0
75 40 0
78 40 0
79 40 0
88 40 0
90 40 0
91 40 0
92 40 0
93 40 0
94 40 0
95 40 0
96 40 0
97 40 0
98 40 0
99 40 0
100 40 0
101 40 0
102 40 0
103 40 0
107 40 0
108 40 0
121 40 0
122 40 0
123 40 0
136 40 0
137 40 0
150 40 0
151 40 0
152 40 0
165 40 0
166 40 0
178 40 0
179 40 0
180 40 0
8 41 0
9 41 0
30 41 0
31 41 0
32 41 0
34 41 0
39 41 0
51 41 0
64 41 0
78 41 0
79 41 0
92 41 0
93 41 0
94 41 0
95 41 0
96 41 0
97 41 0
98 41 0
107 41 0
121 41 0
122 41 0
123 41 0
135 41 0
137 41 0
150 41 0
151 41 0
152 41 0
164 41 0
165 41 0
166 41 0
178 41 0
179 41 0
180 41 0
8 42 0
16 42 0
17 42 0
30 42 0
31 42 0
33 42 0
34 42 0
39 42 0
51 42 0
64 42 0
77 42 0
78 42 0
91 42 0
92 42 0
93 42 0
107 42 0
120 42 0
122 42 0
123 42 0
134 42 0
135 42 0
136 42 0
137 42 0
150 42 0
151 42 0
152 42 0
165 42 0
166 42 0
177 42 0
178 42 0
179 42 0
8 43 0
16 43 0
18 43 0
19 43 0
30 43 0
31 43 0
33 43 0
34 43 0
39 43 0
64 43 0
76 43 0
77 43 0
78 43 0
91 43 0
92 43 0
93 43 0
107 43 0
120 43 0
121 43 0
122 43 0
136 43 0
137 43 0
150 43 0
151 43 0
152 43 0
165 43 0
179 43 0
180 43 0
14 44 0
17 44 0
18 44 0
26 44 0
27 44 0
30 44 0
31 44 0
32 44 0
33 44 0
34 44 0
49 44 0
51 44 0
64 44 0
76 44 0
77 44 0
78 44 0
92 44 0
93 44 0
107 44 0
120 44 0
122 44 0
123 44 0
135 44 0
136 44 0
137 44 0
150 44 0
151 44 0
152 44 0
164 44 0
165 44 0
166 44 0
179 44 0
11 45 0
12 45 0
13 45 0
14 45 0
15 45 0
16 45 0
25 45 0
26 45 0
28 45 0
29 45 0
30 45 0
32 45 0
33 45 0
34 45 0
49 45 0
64 45 0
93 45 0
107 45 0
120 45 0
121 45 0
122 45 0
136 45 0
137 45 0
150 45 0
151 45 0
164 45 0
165 45 0
166 45 0
178 45 0
179 45 0
10 46 0
11 46 0
28 46 0
31 46 0
37 46 0
62 46 0
64 46 0
107 46 0
120 46 0
121 46 0
122 46 0
135 46 0
136 46 0
137 46 0
150 46 0
151 46 0
152 46 0
164 46 0
165 46 0
166 46 0
178 46 0
179 46 0
8 47 0
10 47 0
20 47 0
28 47 0
35 47 0
37 47 0
38 47 0
63 47 0
64 47 0
78 47 0
91 47 0
92 47 0
106 47 0
121 47 0
122 47 0
136 47 0
137 47 0
150 47 0
151 47 0
164 47 0
165 47 0
166 47 0
178 47 0
179 47 0
10 48 0
20 48 0
37 48 0
38 48 0
39 48 0
40 48 0
63 48 0
64 48 0
105 48 0
106 48 0
107 48 0
121 48 0
122 48 0
135 48 0
136 48 0
137 48 0
149 48 0
150 48 0
151 48 0
153 48 0
154 48 0
155 48 0
156 48 0
162 48 0
163 48 0
164 48 0
177 48 0
178 48 0
181 48 0
182 48 0
20 49 0
38 49 0
39 49 0
43 49 0
76 49 0
92 49 0
107 49 0
121 49 0
122 49 0
135 49 0
136 49 0
137 49 0
142 49 0
143 49 0
144 49 0
145 49 0
146 49 0
147 49 0
148 49 0
149 49 0
150 49 0
151 49 0
152 49 0
153 49 0
155 49 0
156 49 0
159 49 0
160 49 0
161 49 0
162 49 0
163 49 0
164 49 0
165 49 0
166 49 0
167 49 0
169 49 0
175 49 0
176 49 0
177 49 0
178 49 0
179 49 0
180 49 0
181 49 0
182 49 0
183 49 0
184 49 0
10 50 0
11 50 0
14 50 0
19 50 0
20 50 0
45 50 0
49 50 0
76 50 0
90 50 0
92 50 0
105 50 0
107 50 0
120 50 0
122 50 0
133 50 0
134 50 0
135 50 0
136 50 0
137 50 0
139 50 0
140 50 0
141 50 0
142 50 0
143 50 0
144 50 0
145 50 0
146 50 0
147 50 0
148 50 0
149 50 0
151 50 0
152 50 0
160 50 0
161 50 0
164 50 0
165 50 0
166 50 0
167 50 0
168 50 0
169 50 0
170 50 0
172 50 0
173 50 0
174 50 0
175 50 0
179 50 0
180 50 0
10 51 0
11 51 0
13 51 0
14 51 0
20 51 0
49 51 0
62 51 0
63 51 0
77 51 0
78 51 0
90 51 0
91 51 0
92 51 0
105 51 0
106 51 0
107 51 0
121 51 0
132 51 0
133 51 0
134 51 0
135 51 0
136 51 0
137 51 0
138 51 0
139 51 0
140 51 0
141 51 0
142 51 0
143 51 0
150 51 0
151 51 0
152 51 0
163 51 0
164 51 0
165 51 0
172 51 0
173 51 0
174 51 0
175 51 0
176 51 0
179 51 0
180 51 0
10 52 0
11 52 0
19 52 0
20 52 0
50 52 0
51 52 0
61 52 0
62 52 0
63 52 0
64 52 0
65 52 0
76 52 0
77 52 0
78 52 0
92 52 0
105 52 0
120 52 0
124 52 0
125 52 0
126 52 0
127 52 0
129 52 0
131 52 0
132 52 0
133 52 0
134 52 0
136 52 0
137 52 0
138 52 0
150 52 0
151 52 0
163 52 0
164 52 0
165 52 0
179 52 0
10 53 0
11 53 0
12 53 0
18 53 0
19 53 0
20 53 0
50 53 0
51 53 0
60 53 0
61 53 0
62 53 0
65 53 0
66 53 0
67 53 0
69 53 0
75 53 0
76 53 0
77 53 0
78 53 0
90 53 0
92 53 0
103 53 0
104 53 0
105 53 0
108 53 0
109 53 0
110 53 0
112 53 0
113 53 0
119 53 0
120 53 0
121 53 0
125 53 0
126 53 0
127 53 0
128 53 0
129 53 0
130 53 0
131 53 0
132 53 0
135 53 0
137 53 0
149 53 0
150 53 0
151 53 0
163 53 0
164 53 0
165 53 0
177 53 0
6 54 0
7 54 0
10 54 0
11 54 0
14 54 0
18 54 0
20 54 0
50 54 0
59 54 0
60 54 0
61 54 0
62 54 0
63 54 0
64 54 0
65 54 0
66 54 0
74 54 0
75 54 0
76 54 0
77 54 0
78 54 0
79 54 0
81 54 0
92 54 0
102 54 0
103 54 0
104 54 0
105 54 0
106 54 0
107 54 0
108 54 0
109 54 0
110 54 0
111 54 0
114 54 0
115 54 0
116 54 0
117 54 0
118 54 0
119 54 0
120 54 0
121 54 0
122 54 0
123 54 0
124 54 0
125 54 0
136 54 0
137 54 0
151 54 0
163 54 0
164 54 0
177 54 0
178 54 0
7 55 0
8 55 0
10 55 0
14 55 0
17 55 0
18 55 0
19 55 0
20 55 0
50 55 0
63 55 0
64 55 0
74 55 0
75 55 0
76 55 0
77 55 0
78 55 0
79 55 0
80 55 0
81 55 0
82 55 0
90 55 0
91 55 0
94 55 0
95 55 0
96 55 0
97 55 0
101 55 0
102 55 0
103 55 0
106 55 0
107 55 0
108 55 0
118 55 0
121 55 0
122 55 0
123 55 0
136 55 0
137 55 0
163 55 0
164 55 0
9 56 0
10 56 0
16 56 0
17 56 0
19 56 0
20 56 0
50 56 0
63 56 0
64 56 0
78 56 0
84 56 0
85 56 0
86 56 0
87 56 0
88 56 0
89 56 0
90 56 0
91 56 0
92 56 0
93 56 0
94 56 0
95 56 0
96 56 0
97 56 0
98 56 0
99 56 0
100 56 0
102 56 0
103 56 0
106 56 0
107 56 0
121 56 0
122 56 0
135 56 0
136 56 0
178 56 0
6 57 0
37 57 0
63 57 0
77 57 0
89 57 0
90 57 0
92 57 0
93 57 0
94 57 0
105 57 0
106 57 0
120 57 0
121 57 0
122 57 0
135 57 0
136 57 0
137 57 0
150 57 0
163 57 0
178 57 0
6 58 0
16 58 0
17 58 0
22 58 0
23 58 0
24 58 0
25 58 0
26 58 0
27 58 0
29 58 0
30 58 0
31 58 0
34 58 0
36 58 0
37 58 0
49 58 0
61 58 0
77 58 0
92 58 0
93 58 0
106 58 0
107 58 0
121 58 0
150 58 0
163 58 0
164 58 0
177 58 0
178 58 0
179 58 0
7 59 0
8 59 0
16 59 0
17 59 0
25 59 0
33 59 0
34 59 0
36 59 0
45 59 0
46 59 0
47 59 0
48 59 0
49 59 0
54 59 0
56 59 0
57 59 0
58 59 0
60 59 0
61 59 0
62 59 0
77 59 0
92 59 0
106 59 0
136 59 0
163 59 0
164 59 0
177 59 0
178 59 0
7 60 0
8 60 0
16 60 0
17 60 0
38 60 0
50 60 0
61 60 0
62 60 0
63 60 0
72 60 0
74 60 0
75 60 0
76 60 0
81 60 0
90 60 0
136 60 0
150 60 0
151 60 0
163 60 0
164 60 0
165 60 0
168 60 0
169 60 0
172 60 0
173 60 0
176 60 0
178 60 0
16 61 0
22 61 0
23 61 0
24 61 0
27 61 0
28 61 0
29 61 0
50 61 0
63 61 0
77 61 0
86 61 0
87 61 0
88 61 0
89 61 0
90 61 0
91 61 0
96 61 0
99 61 0
100 61 0
101 61 0
102 61 0
103 61 0
104 61 0
105 61 0
135 61 0
136 61 0
149 61 0
150 61 0
151 61 0
163 61 0
164 61 0
165 61 0
167 61 0
168 61 0
170 61 0
171 61 0
172 61 0
174 61 0
175 61 0
176 61 0
177 61 0
178 61 0
179 61 0
8 62 0
16 62 0
27 62 0
28 62 0
36 62 0
37 62 0
50 62 0
63 62 0
64 62 0
77 62 0
78 62 0
92 62 0
103 62 0
104 62 0
105 62 0
106 62 0
107 62 0
113 62 0
115 62 0
116 62 0
118 62 0
119 62 0
120 62 0
134 62 0
135 62 0
136 62 0
150 62 0
163 62 0
164 62 0
165 62 0
167 62 0
168 62 0
169 62 0
170 62 0
171 62 0
172 62 0
174 62 0
175 62 0
177 62 0
178 62 0
27 63 0
36 63 0
37 63 0
38 63 0
39 63 0
50 63 0
63 63 0
77 63 0
78 63 0
92 63 0
93 63 0
106 63 0
107 63 0
125 63 0
126 63 0
127 63 0
130 63 0
131 63 0
132 63 0
134 63 0
135 63 0
136 63 0
137 63 0
141 63 0
145 63 0
148 63 0
149 63 0
150 63 0
151 63 0
154 63 0
163 63 0
164 63 0
168 63 0
169 63 0
170 63 0
171 63 0
173 63 0
174 63 0
175 63 0
177 63 0
178 63 0
38 64 0
39 64 0
40 64 0
63 64 0
77 64 0
78 64 0
92 64 0
93 64 0
106 64 0
107 64 0
121 64 0
141 64 0
145 64 0
146 64 0
147 64 0
148 64 0
149 64 0
150 64 0
151 64 0
152 64 0
153 64 0
154 64 0
155 64 0
156 64 0
159 64 0
160 64 0
162 64 0
163 64 0
164 64 0
168 64 0
174 64 0
175 64 0
176 64 0
177 64 0
186 64 0
38 65 0
63 65 0
77 65 0
78 65 0
92 65 0
106 65 0
107 65 0
121 65 0
150 65 0
151 65 0
158 65 0
159 65 0
160 65 0
161 65 0
162 65 0
163 65 0
164 65 0
165 65 0
166 65 0
173 65 0
174 65 0
175 65 0
176 65 0
177 65 0
178 65 0
182 65 0
186 65 0
16 66 0
48 66 0
51 66 0
77 66 0
92 66 0
106 66 0
107 66 0
139 66 0
140 66 0
141 66 0
142 66 0
144 66 0
145 66 0
150 66 0
151 66 0
164 66 0
165 66 0
177 66 0
178 66 0
179 66 0
180 66 0
48 67 0
49 67 0
50 67 0
51 67 0
52 67 0
53 67 0
92 67 0
133 67 0
134 67 0
135 67 0
136 67 0
137 67 0
138 67 0
139 67 0
150 67 0
151 67 0
164 67 0
165 67 0
177 67 0
178 67 0
49 68 0
50 68 0
51 68 0
61 68 0
77 68 0
92 68 0
105 68 0
106 68 0
135 68 0
136 68 0
137 68 0
150 68 0
163 68 0
164 68 0
177 68 0
178 68 0
50 69 0
60 69 0
61 69 0
62 69 0
69 69 0
75 69 0
90 69 0
92 69 0
104 69 0
105 69 0
119 69 0
124 69 0
125 69 0
126 69 0
127 69 0
128 69 0
131 69 0
136 69 0
137 69 0
149 69 0
150 69 0
163 69 0
164 69 0
178 69 0
60 70 0
61 70 0
62 70 0
63 70 0
64 70 0
65 70 0
66 70 0
67 70 0
69 70 0
74 70 0
75 70 0
76 70 0
79 70 0
92 70 0
100 70 0
103 70 0
104 70 0
105 70 0
106 70 0
107 70 0
108 70 0
116 70 0
118 70 0
119 70 0
120 70 0
121 70 0
122 70 0
123 70 0
124 70 0
135 70 0
136 70 0
148 70 0
149 70 0
150 70 0
163 70 0
164 70 0
63 71 0
71 71 0
72 71 0
76 71 0
77 71 0
78 71 0
79 71 0
80 71 0
81 71 0
88 71 0
89 71 0
90 71 0
93 71 0
94 71 0
95 71 0
96 71 0
97 71 0
98 71 0
99 71 0
100 71 0
101 71 0
106 71 0
107 71 0
108 71 0
109 71 0
120 71 0
121 71 0
122 71 0
135 71 0
136 71 0
149 71 0
150 71 0
162 71 0
163 71 0
164 71 0
176 71 0
177 71 0
178 71 0
63 72 0
76 72 0
77 72 0
78 72 0
87 72 0
88 72 0
89 72 0
90 72 0
91 72 0
93 72 0
94 72 0
95 72 0
96 72 0
97 72 0
106 72 0
107 72 0
116 72 0
117 72 0
120 72 0
121 72 0
135 72 0
136 72 0
149 72 0
150 72 0
162 72 0
163 72 0
176 72 0
177 72 0
178 72 0
50 73 0
62 73 0
63 73 0
75 73 0
76 73 0
77 73 0
87 73 0
88 73 0
89 73 0
90 73 0
91 73 0
92 73 0
93 73 0
104 73 0
106 73 0
114 73 0
115 73 0
116 73 0
119 73 0
120 73 0
135 73 0
149 73 0
150 73 0
163 73 0
164 73 0
176 73 0
177 73 0
178 73 0
50 74 0
62 74 0
75 74 0
77 74 0
91 74 0
92 74 0
105 74 0
106 74 0
118 74 0
120 74 0
134 74 0
135 74 0
149 74 0
163 74 0
164 74 0
176 74 0
177 74 0
50 75 0
62 75 0
63 75 0
75 75 0
77 75 0
88 75 0
90 75 0
91 75 0
92 75 0
104 75 0
106 75 0
118 75 0
119 75 0
120 75 0
135 75 0
136 75 0
149 75 0
161 75 0
162 75 0
163 75 0
164 75 0
177 75 0
62 76 0
77 76 0
91 76 0
92 76 0
106 76 0
118 76 0
119 76 0
120 76 0
134 76 0
135 76 0
149 76 0
161 76 0
162 76 0
163 76 0
164 76 0
175 76 0
77 77 0
91 77 0
92 77 0
105 77 0
106 77 0
118 77 0
119 77 0
120 77 0
134 77 0
135 77 0
136 77 0
147 77 0
148 77 0
149 77 0
162 77 0
163 77 0
175 77 0
177 77 0
178 77 0
50 78 0
77 78 0
90 78 0
91 78 0
106 78 0
118 78 0
119 78 0
120 78 0
135 78 0
136 78 0
147 78 0
148 78 0
149 78 0
150 78 0
161 78 0
162 78 0
163 78 0
175 78 0
176 78 0
180 78 0
77 79 0
89 79 0
91 79 0
105 79 0
106 79 0
119 79 0
120 79 0
135 79 0
136 79 0
147 79 0
151 79 0
152 79 0
155 79 0
160 79 0
161 79 0
162 79 0
163 79 0
173 79 0
174 79 0
175 79 0
176 79 0
179 79 0
180 79 0
181 79 0
182 79 0
183 79 0
63 80 0
77 80 0
91 80 0
92 80 0
104 80 0
105 80 0
106 80 0
120 80 0
133 80 0
135 80 0
146 80 0
147 80 0
148 80 0
149 80 0
150 80 0
151 80 0
152 80 0
155 80 0
157 80 0
158 80 0
159 80 0
160 80 0
161 80 0
162 80 0
163 80 0
164 80 0
166 80 0
167 80 0
168 80 0
169 80 0
170 80 0
171 80 0
172 80 0
173 80 0
174 80 0
175 80 0
176 80 0
177 80 0
178 80 0
179 80 0
180 80 0
48 81 0
49 81 0
76 81 0
90 81 0
91 81 0
92 81 0
104 81 0
106 81 0
118 81 0
120 81 0
135 81 0
145 81 0
146 81 0
147 81 0
148 81 0
149 81 0
150 81 0
159 81 0
161 81 0
162 81 0
163 81 0
164 81 0
170 81 0
171 81 0
172 81 0
173 81 0
175 81 0
176 81 0
177 81 0
178 81 0
48 82 0
49 82 0
50 82 0
76 82 0
77 82 0
90 82 0
92 82 0
106 82 0
120 82 0
132 82 0
133 82 0
134 82 0
139 82 0
140 82 0
147 82 0
148 82 0
149 82 0
150 82 0
161 82 0
162 82 0
163 82 0
175 82 0
176 82 0
177 82 0
50 83 0
51 83 0
77 83 0
91 83 0
92 83 0
106 83 0
118 83 0
119 83 0
120 83 0
130 83 0
132 83 0
133 83 0
134 83 0
135 83 0
139 83 0
140 83 0
141 83 0
142 83 0
143 83 0
144 83 0
148 83 0
149 83 0
160 83 0
161 83 0
162 83 0
163 83 0
175 83 0
176 83 0
177 83 0
60 84 0
61 84 0
90 84 0
91 84 0
92 84 0
106 84 0
118 84 0
120 84 0
121 84 0
122 84 0
125 84 0
126 84 0
127 84 0
128 84 0
129 84 0
135 84 0
136 84 0
137 84 0
138 84 0
139 84 0
148 84 0
149 84 0
160 84 0
161 84 0
162 84 0
163 84 0
174 84 0
175 84 0
176 84 0
177 84 0
59 85 0
60 85 0
61 85 0
75 85 0
91 85 0
95 85 0
98 85 0
103 85 0
104 85 0
105 85 0
107 85 0
108 85 0
109 85 0
116 85 0
117 85 0
118 85 0
119 85 0
121 85 0
122 85 0
123 85 0
126 85 0
127 85 0
128 85 0
129 85 0
130 85 0
135 85 0
136 85 0
146 85 0
148 85 0
149 85 0
161 85 0
162 85 0
175 85 0
176 85 0
177 85 0
38 86 0
62 86 0
63 86 0
64 86 0
66 86 0
73 86 0
74 86 0
75 86 0
90 86 0
95 86 0
96 86 0
98 86 0
104 86 0
105 86 0
106 86 0
107 86 0
108 86 0
109 86 0
110 86 0
114 86 0
116 86 0
117 86 0
118 86 0
119 86 0
120 86 0
121 86 0
122 86 0
123 86 0
124 86 0
133 86 0
135 86 0
147 86 0
148 86 0
149 86 0
160 86 0
161 86 0
162 86 0
163 86 0
175 86 0
176 86 0
177 86 0
38 87 0
50 87 0
62 87 0
63 87 0
76 87 0
77 87 0
79 87 0
88 87 0
89 87 0
90 87 0
95 87 0
96 87 0
97 87 0
98 87 0
101 87 0
105 87 0
106 87 0
107 87 0
113 87 0
120 87 0
121 87 0
134 87 0
135 87 0
148 87 0
162 87 0
175 87 0
176 87 0
50 88 0
62 88 0
76 88 0
77 88 0
79 88 0
80 88 0
81 88 0
86 88 0
87 88 0
88 88 0
89 88 0
90 88 0
91 88 0
92 88 0
93 88 0
104 88 0
105 88 0
106 88 0
120 88 0
133 88 0
134 88 0
135 88 0
148 88 0
149 88 0
161 88 0
162 88 0
175 88 0
176 88 0
177 88 0
62 89 0
75 89 0
76 89 0
77 89 0
85 89 0
86 89 0
87 89 0
88 89 0
91 89 0
92 89 0
104 89 0
105 89 0
119 89 0
120 89 0
134 89 0
135 89 0
148 89 0
160 89 0
162 89 0
174 89 0
175 89 0
176 89 0
38 90 0
50 90 0
76 90 0
91 90 0
92 90 0
104 90 0
105 90 0
106 90 0
119 90 0
120 90 0
133 90 0
134 90 0
135 90 0
146 90 0
147 90 0
148 90 0
160 90 0
162 90 0
174 90 0
175 90 0
176 90 0
62 91 0
76 91 0
91 91 0
104 91 0
105 91 0
106 91 0
119 91 0
120 91 0
133 91 0
134 91 0
135 91 0
148 91 0
149 91 0
160 91 0
161 91 0
162 91 0
176 91 0
36 92 0
37 92 0
62 92 0
89 92 0
91 92 0
104 92 0
105 92 0
106 92 0
119 92 0
134 92 0
147 92 0
148 92 0
160 92 0
161 92 0
162 92 0
176 92 0
36 93 0
37 93 0
76 93 0
91 93 0
104 93 0
105 93 0
106 93 0
118 93 0
119 93 0
120 93 0
134 93 0
135 93 0
146 93 0
148 93 0
159 93 0
160 93 0
161 93 0
162 93 0
173 93 0
174 93 0
176 93 0
37 94 0
38 94 0
39 94 0
62 94 0
76 94 0
89 94 0
91 94 0
104 94 0
105 94 0
118 94 0
119 94 0
120 94 0
134 94 0
144 94 0
146 94 0
147 94 0
148 94 0
149 94 0
159 94 0
160 94 0
163 94 0
164 94 0
165 94 0
166 94 0
168 94 0
169 94 0
170 94 0
171 94 0
172 94 0
173 94 0
174 94 0
175 94 0
176 94 0
187 94 0
1 95 0
2 95 0
3 95 0
38 95 0
62 95 0
77 95 0
91 95 0
103 95 0
104 95 0
105 95 0
106 95 0
119 95 0
120 95 0
132 95 0
134 95 0
145 95 0
146 95 0
147 95 0
149 95 0
150 95 0
152 95 0
154 95 0
156 95 0
158 95 0
159 95 0
160 95 0
161 95 0
162 95 0
163 95 0
164 95 0
165 95 0
166 95 0
167 95 0
168 95 0
170 95 0
171 95 0
172 95 0
173 95 0
175 95 0
176 95 0
177 95 0
180 95 0
181 95 0
182 95 0
186 95 0
2 96 0
3 96 0
7 96 0
38 96 0
48 96 0
49 96 0
76 96 0
77 96 0
89 96 0
91 96 0
103 96 0
105 96 0
106 96 0
119 96 0
132 96 0
134 96 0
143 96 0
145 96 0
146 96 0
147 96 0
148 96 0
149 96 0
150 96 0
151 96 0
152 96 0
153 96 0
154 96 0
155 96 0
158 96 0
159 96 0
161 96 0
162 96 0
163 96 0
173 96 0
174 96 0
175 96 0
176 96 0
182 96 0
8 97 0
9 97 0
47 97 0
48 97 0
49 97 0
76 97 0
77 97 0
91 97 0
105 97 0
118 97 0
119 97 0
120 97 0
134 97 0
135 97 0
136 97 0
137 97 0
138 97 0
139 97 0
142 97 0
143 97 0
145 97 0
148 97 0
149 97 0
161 97 0
162 97 0
173 97 0
174 97 0
175 97 0
176 97 0
8 98 0
9 98 0
50 98 0
51 98 0
52 98 0
91 98 0
105 98 0
117 98 0
118 98 0
119 98 0
120 98 0
132 98 0
137 98 0
138 98 0
139 98 0
141 98 0
142 98 0
148 98 0
149 98 0
160 98 0
161 98 0
173 98 0
174 98 0
175 98 0
50 99 0
51 99 0
60 99 0
61 99 0
77 99 0
91 99 0
104 99 0
106 99 0
107 99 0
118 99 0
119 99 0
130 99 0
131 99 0
132 99 0
133 99 0
134 99 0
135 99 0
136 99 0
137 99 0
146 99 0
147 99 0
148 99 0
159 99 0
161 99 0
173 99 0
174 99 0
175 99 0
16 100 0
50 100 0
60 100 0
61 100 0
74 100 0
91 100 0
103 100 0
104 100 0
107 100 0
108 100 0
117 100 0
118 100 0
129 100 0
131 100 0
132 100 0
133 100 0
134 100 0
135 100 0
146 100 0
148 100 0
159 100 0
160 100 0
161 100 0
173 100 0
174 100 0
175 100 0
15 101 0
16 101 0
18 101 0
38 101 0
61 101 0
62 101 0
63 101 0
65 101 0
66 101 0
67 101 0
73 101 0
74 101 0
91 101 0
102 101 0
103 101 0
104 101 0
105 101 0
106 101 0
107 101 0
108 101 0
109 101 0
113 101 0
115 101 0
116 101 0
117 101 0
118 101 0
119 101 0
123 101 0
124 101 0
125 101 0
128 101 0
129 101 0
130 101 0
131 101 0
133 101 0
134 101 0
135 101 0
147 101 0
148 101 0
159 101 0
160 101 0
161 101 0
175 101 0
15 102 0
17 102 0
18 102 0
62 102 0
63 102 0
73 102 0
74 102 0
75 102 0
76 102 0
79 102 0
80 102 0
87 102 0
88 102 0
89 102 0
93 102 0
95 102 0
96 102 0
102 102 0
104 102 0
105 102 0
106 102 0
107 102 0
116 102 0
118 102 0
119 102 0
120 102 0
121 102 0
122 102 0
123 102 0
124 102 0
126 102 0
127 102 0
132 102 0
133 102 0
134 102 0
147 102 0
148 102 0
159 102 0
160 102 0
161 102 0
17 103 0
26 103 0
27 103 0
62 103 0
63 103 0
75 103 0
76 103 0
77 103 0
78 103 0
81 103 0
82 103 0
83 103 0
87 103 0
88 103 0
89 103 0
90 103 0
93 103 0
94 103 0
95 103 0
96 103 0
99 103 0
100 103 0
105 103 0
106 103 0
115 103 0
116 103 0
119 103 0
120 103 0
132 103 0
133 103 0
159 103 0
160 103 0
161 103 0
28 104 0
29 104 0
76 104 0
77 104 0
86 104 0
89 104 0
90 104 0
91 104 0
92 104 0
94 104 0
105 104 0
117 104 0
118 104 0
119 104 0
133 104 0
146 104 0
147 104 0
159 104 0
160 104 0
161 104 0
174 104 0
17 105 0
28 105 0
29 105 0
50 105 0
76 105 0
90 105 0
91 105 0
105 105 0
119 105 0
132 105 0
146 105 0
147 105 0
159 105 0
161 105 0
173 105 0
174 105 0
175 105 0
76 106 0
90 106 0
91 106 0
105 106 0
118 106 0
119 106 0
133 106 0
145 106 0
146 106 0
147 106 0
159 106 0
160 106 0
161 106 0
174 106 0
175 106 0
2 107 0
37 107 0
62 107 0
63 107 0
76 107 0
91 107 0
105 107 0
118 107 0
119 107 0
131 107 0
132 107 0
133 107 0
146 107 0
147 107 0
158 107 0
159 107 0
160 107 0
161 107 0
172 107 0
173 107 0
174 107 0
2 108 0
4 108 0
37 108 0
38 108 0
39 108 0
90 108 0
91 108 0
118 108 0
119 108 0
133 108 0
134 108 0
145 108 0
147 108 0
150 108 0
152 108 0
158 108 0
159 108 0
162 108 0
163 108 0
164 108 0
171 108 0
172 108 0
173 108 0
174 108 0
3 109 0
4 109 0
8 109 0
39 109 0
90 109 0
91 109 0
118 109 0
119 109 0
132 109 0
133 109 0
145 109 0
148 109 0
149 109 0
150 109 0
151 109 0
152 109 0
153 109 0
156 109 0
157 109 0
158 109 0
159 109 0
160 109 0
161 109 0
162 109 0
163 109 0
164 109 0
165 109 0
166 109 0
167 109 0
170 109 0
171 109 0
172 109 0
173 109 0
174 109 0
175 109 0
176 109 0
183 109 0
184 109 0
185 109 0
186 109 0
8 110 0
10 110 0
39 110 0
51 110 0
76 110 0
91 110 0
105 110 0
119 110 0
132 110 0
133 110 0
145 110 0
146 110 0
148 110 0
149 110 0
150 110 0
151 110 0
152 110 0
153 110 0
155 110 0
160 110 0
161 110 0
162 110 0
174 110 0
175 110 0
179 110 0
184 110 0
185 110 0
187 110 0
10 111 0
29 111 0
49 111 0
50 111 0
76 111 0
91 111 0
105 111 0
118 111 0
134 111 0
142 111 0
144 111 0
145 111 0
146 111 0
147 111 0
148 111 0
158 111 0
159 111 0
160 111 0
161 111 0
173 111 0
174 111 0
187 111 0
29 112 0
49 112 0
50 112 0
51 112 0
76 112 0
89 112 0
91 112 0
103 112 0
105 112 0
117 112 0
118 112 0
119 112 0
131 112 0
132 112 0
133 112 0
134 112 0
140 112 0
142 112 0
143 112 0
144 112 0
146 112 0
147 112 0
148 112 0
158 112 0
159 112 0
160 112 0
172 112 0
173 112 0
16 113 0
51 113 0
63 113 0
77 113 0
89 113 0
91 113 0
103 113 0
105 113 0
117 113 0
118 113 0
119 113 0
122 113 0
123 113 0
125 113 0
130 113 0
131 113 0
132 113 0
141 113 0
142 113 0
143 113 0
146 113 0
147 113 0
148 113 0
158 113 0
159 113 0
160 113 0
172 113 0
173 113 0
174 113 0
16 114 0
17 114 0
61 114 0
89 114 0
91 114 0
102 114 0
103 114 0
105 114 0
117 114 0
122 114 0
125 114 0
129 114 0
130 114 0
131 114 0
132 114 0
133 114 0
138 114 0
139 114 0
144 114 0
145 114 0
146 114 0
147 114 0
158 114 0
159 114 0
160 114 0
173 114 0
18 115 0
60 115 0
61 115 0
77 115 0
101 115 0
102 115 0
105 115 0
117 115 0
121 115 0
122 115 0
123 115 0
124 115 0
129 115 0
133 115 0
134 115 0
135 115 0
136 115 0
146 115 0
147 115 0
158 115 0
159 115 0
160 115 0
173 115 0
186 115 0
18 116 0
60 116 0
61 116 0
62 116 0
63 116 0
64 116 0
66 116 0
74 116 0
97 116 0
98 116 0
99 116 0
102 116 0
103 116 0
116 116 0
117 116 0
118 116 0
120 116 0
121 116 0
133 116 0
134 116 0
145 116 0
146 116 0
158 116 0
159 116 0
160 116 0
171 116 0
184 116 0
186 116 0
27 117 0
28 117 0
63 117 0
64 117 0
74 117 0
75 117 0
76 117 0
89 117 0
94 117 0
97 117 0
98 117 0
99 117 0
100 117 0
103 117 0
104 117 0
105 117 0
108 117 0
109 117 0
110 117 0
112 117 0
115 117 0
116 117 0
117 117 0
118 117 0
119 117 0
120 117 0
132 117 0
133 117 0
146 117 0
147 117 0
158 117 0
159 117 0
160 117 0
171 117 0
173 117 0
184 117 0
186 117 0
3 118 0
63 118 0
75 118 0
76 118 0
77 118 0
87 118 0
88 118 0
89 118 0
90 118 0
92 118 0
93 118 0
95 118 0
104 118 0
105 118 0
112 118 0
119 118 0
120 118 0
131 118 0
133 118 0
145 118 0
146 118 0
147 118 0
158 118 0
159 118 0
171 118 0
172 118 0
173 118 0
186 118 0
30 119 0
63 119 0
76 119 0
77 119 0
80 119 0
81 119 0
84 119 0
85 119 0
86 119 0
90 119 0
91 119 0
92 119 0
102 119 0
103 119 0
104 119 0
105 119 0
110 119 0
111 119 0
112 119 0
113 119 0
114 119 0
119 119 0
131 119 0
132 119 0
133 119 0
146 119 0
158 119 0
159 119 0
160 119 0
172 119 0
173 119 0
4 120 0
6 120 0
38 120 0
63 120 0
77 120 0
91 120 0
92 120 0
104 120 0
105 120 0
118 120 0
119 120 0
146 120 0
157 120 0
159 120 0
160 120 0
172 120 0
173 120 0
5 121 0
6 121 0
38 121 0
63 121 0
104 121 0
105 121 0
119 121 0
133 121 0
146 121 0
147 121 0
173 121 0
5 122 0
6 122 0
40 122 0
41 122 0
91 122 0
102 122 0
103 122 0
104 122 0
105 122 0
118 122 0
119 122 0
132 122 0
133 122 0
147 122 0
157 122 0
158 122 0
162 122 0
163 122 0
169 122 0
170 122 0
171 122 0
184 122 0
185 122 0
10 123 0
11 123 0
40 123 0
89 123 0
91 123 0
103 123 0
104 123 0
105 123 0
117 123 0
118 123 0
132 123 0
133 123 0
145 123 0
146 123 0
156 123 0
157 123 0
158 123 0
159 123 0
160 123 0
161 123 0
162 123 0
163 123 0
164 123 0
165 123 0
169 123 0
170 123 0
171 123 0
172 123 0
183 123 0
184 123 0
10 124 0
12 124 0
91 124 0
104 124 0
105 124 0
117 124 0
118 124 0
119 124 0
132 124 0
145 124 0
146 124 0
149 124 0
151 124 0
156 124 0
157 124 0
158 124 0
159 124 0
160 124 0
171 124 0
172 124 0
173 124 0
174 124 0
175 124 0
182 124 0
183 124 0
184 124 0
185 124 0
186 124 0
12 125 0
50 125 0
51 125 0
63 125 0
91 125 0
104 125 0
117 125 0
119 125 0
139 125 0
140 125 0
142 125 0
143 125 0
144 125 0
145 125 0
149 125 0
150 125 0
151 125 0
152 125 0
159 125 0
160 125 0
170 125 0
171 125 0
172 125 0
185 125 0
186 125 0
52 126 0
53 126 0
77 126 0
91 126 0
104 126 0
105 126 0
119 126 0
141 126 0
144 126 0
145 126 0
146 126 0
147 126 0
148 126 0
149 126 0
158 126 0
159 126 0
172 126 0
18 127 0
52 127 0
53 127 0
63 127 0
89 127 0
91 127 0
104 127 0
117 127 0
118 127 0
119 127 0
131 127 0
137 127 0
138 127 0
139 127 0
144 127 0
145 127 0
146 127 0
170 127 0
171 127 0
172 127 0
185 127 0
18 128 0
52 128 0
77 128 0
91 128 0
103 128 0
104 128 0
117 128 0
118 128 0
119 128 0
131 128 0
135 128 0
136 128 0
137 128 0
144 128 0
146 128 0
156 128 0
158 128 0
170 128 0
171 128 0
172 128 0
185 128 0
20 129 0
52 129 0
61 129 0
62 129 0
77 129 0
91 129 0
102 129 0
103 129 0
119 129 0
129 129 0
130 129 0
131 129 0
132 129 0
133 129 0
134 129 0
135 129 0
146 129 0
157 129 0
158 129 0
169 129 0
171 129 0
172 129 0
183 129 0
185 129 0
20 130 0
29 130 0
52 130 0
62 130 0
63 130 0
64 130 0
101 130 0
102 130 0
103 130 0
116 130 0
117 130 0
126 130 0
129 130 0
130 130 0
131 130 0
132 130 0
133 130 0
134 130 0
144 130 0
145 130 0
146 130 0
158 130 0
159 130 0
171 130 0
185 130 0
29 131 0
30 131 0
31 131 0
52 131 0
63 131 0
64 131 0
65 131 0
66 131 0
97 131 0
100 131 0
101 131 0
102 131 0
103 131 0
104 131 0
105 131 0
106 131 0
107 131 0
108 131 0
109 131 0
116 131 0
117 131 0
118 131 0
119 131 0
120 131 0
123 131 0
124 131 0
126 131 0
132 131 0
133 131 0
134 131 0
144 131 0
145 131 0
158 131 0
171 131 0
185 131 0
5 132 0
20 132 0
30 132 0
31 132 0
53 132 0
64 132 0
74 132 0
75 132 0
76 132 0
87 132 0
88 132 0
89 132 0
90 132 0
96 132 0
97 132 0
98 132 0
99 132 0
100 132 0
101 132 0
103 132 0
104 132 0
105 132 0
118 132 0
119 132 0
120 132 0
121 132 0
123 132 0
124 132 0
125 132 0
126 132 0
127 132 0
128 132 0
132 132 0
133 132 0
144 132 0
145 132 0
146 132 0
156 132 0
158 132 0
171 132 0
8 133 0
20 133 0
31 133 0
64 133 0
77 133 0
78 133 0
79 133 0
81 133 0
82 133 0
88 133 0
89 133 0
90 133 0
91 133 0
92 133 0
102 133 0
103 133 0
104 133 0
105 133 0
119 133 0
132 133 0
144 133 0
145 133 0
146 133 0
158 133 0
170 133 0
171 133 0
39 134 0
40 134 0
41 134 0
64 134 0
77 134 0
78 134 0
90 134 0
91 134 0
92 134 0
103 134 0
104 134 0
118 134 0
119 134 0
131 134 0
132 134 0
144 134 0
145 134 0
146 134 0
170 134 0
171 134 0
185 134 0
12 135 0
31 135 0
39 135 0
40 135 0
41 135 0
42 135 0
64 135 0
77 135 0
78 135 0
91 135 0
104 135 0
118 135 0
119 135 0
132 135 0
133 135 0
145 135 0
146 135 0
154 135 0
155 135 0
170 135 0
183 135 0
184 135 0
2 136 0
13 136 0
14 136 0
31 136 0
42 136 0
43 136 0
53 136 0
88 136 0
91 136 0
104 136 0
119 136 0
131 136 0
132 136 0
143 136 0
146 136 0
153 136 0
154 136 0
155 136 0
156 136 0
157 136 0
160 136 0
161 136 0
164 136 0
166 136 0
167 136 0
168 136 0
169 136 0
170 136 0
176 136 0
179 136 0
180 136 0
181 136 0
182 136 0
183 136 0
184 136 0
2 137 0
14 137 0
42 137 0
53 137 0
64 137 0
76 137 0
77 137 0
91 137 0
104 137 0
118 137 0
132 137 0
133 137 0
150 137 0
151 137 0
152 137 0
156 137 0
157 137 0
158 137 0
159 137 0
160 137 0
169 137 0
170 137 0
171 137 0
172 137 0
180 137 0
181 137 0
184 137 0
185 137 0
51 138 0
52 138 0
53 138 0
64 138 0
77 138 0
78 138 0
91 138 0
118 138 0
119 138 0
129 138 0
132 138 0
133 138 0
142 138 0
143 138 0
144 138 0
145 138 0
147 138 0
148 138 0
149 138 0
157 138 0
158 138 0
170 138 0
171 138 0
184 138 0
19 139 0
53 139 0
64 139 0
77 139 0
78 139 0
91 139 0
103 139 0
104 139 0
118 139 0
119 139 0
132 139 0
141 139 0
142 139 0
143 139 0
144 139 0
145 139 0
146 139 0
147 139 0
157 139 0
170 139 0
183 139 0
184 139 0
19 140 0
20 140 0
53 140 0
54 140 0
78 140 0
91 140 0
103 140 0
104 140 0
105 140 0
118 140 0
119 140 0
132 140 0
145 140 0
146 140 0
156 140 0
157 140 0
168 140 0
169 140 0
170 140 0
182 140 0
183 140 0
184 140 0
21 141 0
76 141 0
77 141 0
78 141 0
91 141 0
104 141 0
118 141 0
133 141 0
140 141 0
144 141 0
145 141 0
146 141 0
155 141 0
156 141 0
157 141 0
168 141 0
169 141 0
170 141 0
181 141 0
182 141 0
183 141 0
8 142 0
21 142 0
78 142 0
91 142 0
102 142 0
103 142 0
104 142 0
117 142 0
118 142 0
129 142 0
130 142 0
131 142 0
136 142 0
137 142 0
143 142 0
144 142 0
145 142 0
155 142 0
156 142 0
157 142 0
169 142 0
170 142 0
182 142 0
183 142 0
1 143 0
2 143 0
3 143 0
4 143 0
5 143 0
8 143 0
9 143 0
30 143 0
31 143 0
54 143 0
61 143 0
62 143 0
63 143 0
77 143 0
78 143 0
90 143 0
91 143 0
100 143 0
101 143 0
102 143 0
103 143 0
104 143 0
116 143 0
117 143 0
118 143 0
119 143 0
123 143 0
128 143 0
129 143 0
130 143 0
131 143 0
132 143 0
133 143 0
134 143 0
145 143 0
155 143 0
156 143 0
157 143 0
169 143 0
170 143 0
183 143 0
2 144 0
3 144 0
4 144 0
5 144 0
6 144 0
7 144 0
8 144 0
9 144 0
31 144 0
32 144 0
33 144 0
63 144 0
64 144 0
65 144 0
66 144 0
67 144 0
76 144 0
77 144 0
95 144 0
98 144 0
99 144 0
100 144 0
101 144 0
102 144 0
103 144 0
104 144 0
105 144 0
106 144 0
108 144 0
112 144 0
115 144 0
116 144 0
117 144 0
132 144 0
133 144 0
156 144 0
157 144 0
183 144 0
4 145 0
7 145 0
8 145 0
9 145 0
11 145 0
12 145 0
13 145 0
14 145 0
15 145 0
16 145 0
32 145 0
33 145 0
64 145 0
65 145 0
75 145 0
76 145 0
77 145 0
83 145 0
89 145 0
90 145 0
91 145 0
94 145 0
95 145 0
98 145 0
99 145 0
100 145 0
104 145 0
105 145 0
106 145 0
107 145 0
108 145 0
109 145 0
112 145 0
114 145 0
115 145 0
116 145 0
117 145 0
118 145 0
119 145 0
120 145 0
121 145 0
123 145 0
124 145 0
125 145 0
126 145 0
127 145 0
128 145 0
132 145 0
133 145 0
156 145 0
181 145 0
11 146 0
14 146 0
15 146 0
16 146 0
17 146 0
18 146 0
19 146 0
20 146 0
21 146 0
23 146 0
25 146 0
26 146 0
32 146 0
41 146 0
42 146 0
54 146 0
65 146 0
77 146 0
78 146 0
79 146 0
80 146 0
83 146 0
89 146 0
90 146 0
91 146 0
92 146 0
93 146 0
94 146 0
95 146 0
104 146 0
117 146 0
118 146 0
119 146 0
132 146 0
156 146 0
1 147 0
23 147 0
24 147 0
25 147 0
26 147 0
27 147 0
28 147 0
29 147 0
30 147 0
31 147 0
32 147 0
42 147 0
43 147 0
44 147 0
78 147 0
85 147 0
91 147 0
92 147 0
93 147 0
104 147 0
117 147 0
118 147 0
119 147 0
132 147 0
144 147 0
168 147 0
169 147 0
170 147 0
1 148 0
2 148 0
3 148 0
7 148 0
28 148 0
29 148 0
30 148 0
31 148 0
32 148 0
33 148 0
34 148 0
35 148 0
36 148 0
37 148 0
38 148 0
39 148 0
43 148 0
44 148 0
65 148 0
78 148 0
91 148 0
92 148 0
132 148 0
154 148 0
155 148 0
165 148 0
166 148 0
167 148 0
168 148 0
169 148 0
180 148 0
181 148 0
184 148 0
35 149 0
36 149 0
37 149 0
38 149 0
39 149 0
40 149 0
41 149 0
42 149 0
43 149 0
44 149 0
45 149 0
46 149 0
78 149 0
91 149 0
92 149 0
116 149 0
118 149 0
151 149 0
153 149 0
154 149 0
155 149 0
156 149 0
157 149 0
158 149 0
159 149 0
165 149 0
166 149 0
168 149 0
169 149 0
170 149 0
176 149 0
178 149 0
179 149 0
180 149 0
181 149 0
182 149 0
183 149 0
45 150 0
46 150 0
47 150 0
48 150 0
49 150 0
50 150 0
51 150 0
52 150 0
53 150 0
54 150 0
56 150 0
59 150 0
60 150 0
104 150 0
116 150 0
117 150 0
130 150 0
132 150 0
143 150 0
155 150 0
156 150 0
157 150 0
167 150 0
168 150 0
169 150 0
175 150 0
176 150 0
177 150 0
178 150 0
179 150 0
180 150 0
181 150 0
182 150 0
183 150 0
184 150 0
185 150 0
186 150 0
187 150 0
53 151 0
54 151 0
55 151 0
56 151 0
57 151 0
58 151 0
59 151 0
60 151 0
61 151 0
62 151 0
63 151 0
64 151 0
65 151 0
66 151 0
67 151 0
69 151 0
76 151 0
104 151 0
116 151 0
117 151 0
118 151 0
131 151 0
132 151 0
141 151 0
142 151 0
143 151 0
144 151 0
156 151 0
159 151 0
161 151 0
162 151 0
163 151 0
164 151 0
165 151 0
166 151 0
167 151 0
168 151 0
169 151 0
170 151 0
171 151 0
172 151 0
173 151 0
174 151 0
175 151 0
176 151 0
178 151 0
179 151 0
5 152 0
6 152 0
7 152 0
8 152 0
9 152 0
12 152 0
13 152 0
14 152 0
62 152 0
63 152 0
64 152 0
66 152 0
67 152 0
68 152 0
69 152 0
70 152 0
71 152 0
72 152 0
73 152 0
74 152 0
75 152 0
76 152 0
77 152 0
78 152 0
80 152 0
81 152 0
83 152 0
84 152 0
86 152 0
90 152 0
91 152 0
116 152 0
118 152 0
131 152 0
132 152 0
140 152 0
141 152 0
142 152 0
143 152 0
144 152 0
148 152 0
149 152 0
150 152 0
151 152 0
152 152 0
153 152 0
154 152 0
155 152 0
156 152 0
157 152 0
158 152 0
159 152 0
160 152 0
161 152 0
162 152 0
163 152 0
164 152 0
165 152 0
166 152 0
167 152 0
170 152 0
2 153 0
6 153 0
12 153 0
13 153 0
14 153 0
15 153 0
17 153 0
18 153 0
72 153 0
73 153 0
74 153 0
75 153 0
76 153 0
77 153 0
78 153 0
79 153 0
80 153 0
81 153 0
82 153 0
83 153 0
84 153 0
85 153 0
86 153 0
87 153 0
88 153 0
89 153 0
90 153 0
91 153 0
92 153 0
93 153 0
94 153 0
95 153 0
96 153 0
97 153 0
98 153 0
99 153 0
100 153 0
101 153 0
102 153 0
103 153 0
104 153 0
106 153 0
107 153 0
108 153 0
109 153 0
110 153 0
111 153 0
112 153 0
113 153 0
114 153 0
115 153 0
116 153 0
117 153 0
118 153 0
120 153 0
121 153 0
122 153 0
123 153 0
124 153 0
125 153 0
126 153 0
127 153 0
128 153 0
129 153 0
130 153 0
131 153 0
132 153 0
133 153 0
134 153 0
135 153 0
136 153 0
137 153 0
138 153 0
139 153 0
140 153 0
141 153 0
142 153 0
143 153 0
144 153 0
145 153 0
146 153 0
147 153 0
148 153 0
149 153 0
150 153 0
151 153 0
152 153 0
153 153 0
154 153 0
156 153 0
157 153 0
12 154 0
13 154 0
17 154 0
18 154 0
19 154 0
20 154 0
22 154 0
23 154 0
87 154 0
93 154 0
94 154 0
95 154 0
96 154 0
97 154 0
98 154 0
99 154 0
100 154 0
101 154 0
102 154 0
103 154 0
104 154 0
105 154 0
106 154 0
107 154 0
108 154 0
109 154 0
110 154 0
111 154 0
112 154 0
113 154 0
114 154 0
115 154 0
116 154 0
117 154 0
118 154 0
119 154 0
120 154 0
121 154 0
122 154 0
123 154 0
124 154 0
125 154 0
126 154 0
127 154 0
128 154 0
129 154 0
130 154 0
131 154 0
133 154 0
134 154 0
135 154 0
136 154 0
137 154 0
138 154 0
139 154 0
140 154 0
13 155 0
18 155 0
21 155 0
22 155 0
24 155 0
25 155 0
26 155 0
27 155 0
28 155 0
31 155 0
1 156 0
13 156 0
27 156 0
28 156 0
30 156 0
31 156 0
32 156 0
34 156 0
35 156 0
36 156 0
38 156 0
40 156 0
182 156 0
183 156 0
184 156 0
186 156 0
7 157 0
13 157 0
34 157 0
35 157 0
36 157 0
40 157 0
41 157 0
47 157 0
176 157 0
177 157 0
178 157 0
181 157 0
182 157 0
183 157 0
184 157 0
185 157 0
186 157 0
7 158 0
19 158 0
50 158 0
51 158 0
52 158 0
57 158 0
64 158 0
167 158 0
168 158 0
169 158 0
170 158 0
171 158 0
172 158 0
173 158 0
174 158 0
175 158 0
176 158 0
177 158 0
181 158 0
184 158 0
19 159 0
46 159 0
47 159 0
48 159 0
51 159 0
56 159 0
57 159 0
58 159 0
59 159 0
61 159 0
62 159 0
66 159 0
67 159 0
68 159 0
69 159 0
70 159 0
71 159 0
72 159 0
155 159 0
156 159 0
157 159 0
159 159 0
160 159 0
161 159 0
167 159 0
168 159 0
170 159 0
171 159 0
181 159 0
46 160 0
47 160 0
56 160 0
57 160 0
58 160 0
59 160 0
60 160 0
61 160 0
63 160 0
64 160 0
65 160 0
66 160 0
67 160 0
69 160 0
70 160 0
71 160 0
72 160 0
75 160 0
79 160 0
80 160 0
81 160 0
82 160 0
83 160 0
84 160 0
85 160 0
88 160 0
89 160 0
105 160 0
131 160 0
133 160 0
134 160 0
135 160 0
137 160 0
138 160 0
140 160 0
143 160 0
144 160 0
145 160 0
146 160 0
147 160 0
148 160 0
149 160 0
150 160 0
154 160 0
155 160 0
156 160 0
158 160 0
159 160 0
160 160 0
161 160 0
167 160 0
168 160 0
177 160 0
178 160 0
3 161 0
46 161 0
56 161 0
66 161 0
75 161 0
79 161 0
80 161 0
81 161 0
82 161 0
83 161 0
84 161 0
85 161 0
86 161 0
88 161 0
89 161 0
90 161 0
92 161 0
93 161 0
94 161 0
96 161 0
97 161 0
98 161 0
99 161 0
101 161 0
102 161 0
105 161 0
106 161 0
107 161 0
108 161 0
109 161 0
110 161 0
111 161 0
112 161 0
113 161 0
114 161 0
115 161 0
116 161 0
117 161 0
118 161 0
119 161 0
120 161 0
121 161 0
122 161 0
123 161 0
124 161 0
125 161 0
126 161 0
127 161 0
128 161 0
129 161 0
130 161 0
131 161 0
132 161 0
133 161 0
134 161 0
135 161 0
136 161 0
137 161 0
138 161 0
139 161 0
140 161 0
143 161 0
144 161 0
145 161 0
146 161 0
147 161 0
149 161 0
150 161 0
154 161 0
155 161 0
156 161 0
157 161 0
158 161 0
159 161 0
160 161 0
167 161 0
168 161 0
177 161 0
180 161 0
181 161 0
2 162 0
3 162 0
79 162 0
84 162 0
85 162 0
87 162 0
88 162 0
89 162 0
92 162 0
93 162 0
95 162 0
96 162 0
97 162 0
98 162 0
99 162 0
100 162 0
101 162 0
102 162 0
105 162 0
106 162 0
107 162 0
108 162 0
109 162 0
110 162 0
111 162 0
112 162 0
113 162 0
114 162 0
115 162 0
118 162 0
119 162 0
120 162 0
121 162 0
122 162 0
131 162 0
135 162 0
136 162 0
138 162 0
143 162 0
154 162 0
155 162 0
167 162 0
168 162 0
180 162 0
181 162 0
13 163 0
54 163 0
56 163 0
79 163 0
92 163 0
93 163 0
105 163 0
106 163 0
118 163 0
141 163 0
142 163 0
143 163 0
154 163 0
166 163 0
13 164 0
26 164 0
27 164 0
57 164 0
79 164 0
93 164 0
105 164 0
118 164 0
140 164 0
141 164 0
142 164 0
143 164 0
144 164 0
154 164 0
8 165 0
15 165 0
27 165 0
57 165 0
143 165 0
144 165 0
10 166 0
35 166 0
57 166 0
143 166 0
166 166 0
10 167 0
35 167 0
37 167 0
65 167 0
103 167 0
104 167 0
128 167 0
129 167 0
142 167 0
143 167 0
154 167 0
166 167 0
179 167 0
22 168 0
37 168 0
65 168 0
70 168 0
78 168 0
103 168 0
104 168 0
105 168 0
116 168 0
128 168 0
129 168 0
131 168 0
132 168 0
133 168 0
154 168 0
166 168 0
46 169 0
67 169 0
68 169 0
77 169 0
78 169 0
79 169 0
105 169 0
106 169 0
107 169 0
115 169 0
116 169 0
117 169 0
118 169 0
131 169 0
132 169 0
142 169 0
143 169 0
166 169 0
4 170 0
5 170 0
6 170 0
7 170 0
48 170 0
67 170 0
68 170 0
80 170 0
91 170 0
92 170 0
93 170 0
99 170 0
105 170 0
117 170 0
118 170 0
119 170 0
131 170 0
142 170 0
158 170 0
6 171 0
48 171 0
80 171 0
81 171 0
91 171 0
92 171 0
93 171 0
94 171 0
105 171 0
117 171 0
118 171 0
131 171 0
142 171 0
151 171 0
152 171 0
153 171 0
154 171 0
155 171 0
157 171 0
163 171 0
164 171 0
165 171 0
175 171 0
176 171 0
177 171 0
16 172 0
93 172 0
94 172 0
118 172 0
130 172 0
142 172 0
151 172 0
152 172 0
153 172 0
154 172 0
155 172 0
165 172 0
166 172 0
177 172 0
178 172 0
179 172 0
18 173 0
38 173 0
56 173 0
80 173 0
117 173 0
129 173 0
131 173 0
153 173 0
154 173 0
165 173 0
166 173 0
178 173 0
11 174 0
14 174 0
15 174 0
18 174 0
30 174 0
56 174 0
81 174 0
118 174 0
140 174 0
141 174 0
142 174 0
149 174 0
12 175 0
13 175 0
58 175 0
81 175 0
93 175 0
105 175 0
106 175 0
141 175 0
142 175 0
143 175 0
144 175 0
151 175 0
4 176 0
17 176 0
23 176 0
37 176 0
58 176 0
118 176 0
142 176 0
143 176 0
151 176 0
153 176 0
37 177 0
118 177 0
142 177 0
162 177 0
172 177 0
10 42 1
8 51 1
9 51 1
13 52 1
10 53 1
7 54 1
10 54 1
11 54 1
8 67 1
32 68 1
33 68 1
34 68 1
37 68 1
26 69 1
27 69 1
28 69 1
29 69 1
32 69 1
33 69 1
34 69 1
35 69 1
10 70 1
21 70 1
30 70 1
34 70 1
35 70 1
36 70 1
37 70 1
38 70 1
41 70 1
34 71 1
35 71 1
36 71 1
37 71 1
38 71 1
39 71 1
41 71 1
21 72 1
22 72 1
36 72 1
37 72 1
38 72 1
39 72 1
22 73 1
38 73 1
39 73 1
40 73 1
41 73 1
21 74 1
22 74 1
39 74 1
40 74 1
41 74 1
21 75 1
22 75 1
25 75 1
39 75 1
40 75 1
41 75 1
42 75 1
43 75 1
21 76 1
39 76 1
40 76 1
41 76 1
42 76 1
43 76 1
47 76 1
21 77 1
24 77 1
39 77 1
40 77 1
41 77 1
42 77 1
43 77 1
20 78 1
21 78 1
24 78 1
39 78 1
40 78 1
41 78 1
42 78 1
20 79 1
21 79 1
39 79 1
40 79 1
41 79 1
42 79 1
20 80 1
21 80 1
39 80 1
40 80 1
41 80 1
42 80 1
43 80 1
20 81 1
21 81 1
39 81 1
40 81 1
41 81 1
42 81 1
43 81 1
20 82 1
21 82 1
40 82 1
41 82 1
42 82 1
43 82 1
20 83 1
21 83 1
40 83 1
41 83 1
20 84 1
21 84 1
22 84 1
23 84 1
24 84 1
40 84 1
41 84 1
20 85 1
21 85 1
22 85 1
23 85 1
40 85 1
41 85 1
21 86 1
22 86 1
23 86 1
40 86 1
22 87 1
23 87 1
24 87 1
32 87 1
33 87 1
34 87 1
39 87 1
40 87 1
23 88 1
24 88 1
25 88 1
26 88 1
32 88 1
33 88 1
34 88 1
23 89 1
24 89 1
25 89 1
26 89 1
30 89 1
33 89 1
34 89 1
35 89 1
25 90 1
26 90 1
27 90 1
28 90 1
29 90 1
30 90 1
31 90 1
33 90 1
34 90 1
35 90 1
26 91 1
27 91 1
28 91 1
29 91 1
30 91 1
31 91 1
32 91 1
33 91 1
34 91 1
35 91 1
28 92 1
29 92 1
30 92 1
31 92 1
32 92 1
