185 3 0
201 3 0
205 3 0
199 4 0
196 5 0
291 6 0
188 7 0
203 7 0
186 9 0
189 96 0
190 96 0
191 96 0
190 97 0
191 97 0
192 97 0
191 98 0
193 99 0
194 99 0
194 100 0
193 101 0
194 101 0
195 101 0
196 101 0
195 102 0
196 102 0
197 102 0
196 103 0
197 104 0
186 105 0
198 105 0
199 105 0
186 106 0
198 106 0
199 106 0
200 106 0
187 107 0
199 107 0
200 107 0
201 107 0
187 108 0
188 108 0
199 108 0
200 108 0
201 108 0
202 108 0
187 109 0
188 109 0
200 109 0
201 109 0
202 109 0
203 109 0
204 109 0
188 110 0
189 110 0
202 110 0
203 110 0
204 110 0
188 111 0
189 111 0
190 111 0
204 111 0
190 112 0
190 113 0
191 113 0
191 114 0
215 116 0
193 117 0
193 119 0
197 120 0
216 125 0
148 126 0
197 126 0
145 127 0
146 127 0
147 127 0
148 127 0
149 127 0
150 127 0
151 127 0
152 127 0
153 127 0
154 127 0
155 127 0
156 127 0
162 127 0
163 127 0
164 127 0
165 127 0
166 127 0
167 127 0
168 127 0
169 127 0
143 128 0
144 128 0
145 128 0
146 128 0
147 128 0
148 128 0
149 128 0
150 128 0
151 128 0
152 128 0
153 128 0
154 128 0
155 128 0
156 128 0
157 128 0
161 128 0
162 128 0
163 128 0
164 128 0
165 128 0
166 128 0
167 128 0
168 128 0
169 128 0
170 128 0
171 128 0
172 128 0
143 129 0
144 129 0
145 129 0
146 129 0
148 129 0
151 129 0
161 129 0
162 129 0
163 129 0
164 129 0
165 129 0
166 129 0
167 129 0
168 129 0
169 129 0
170 129 0
171 129 0
172 129 0
173 129 0
184 129 0
185 129 0
186 129 0
187 129 0
188 129 0
189 129 0
190 129 0
199 129 0
163 130 0
166 130 0
167 130 0
168 130 0
169 130 0
170 130 0
171 130 0
172 130 0
175 130 0
182 130 0
183 130 0
184 130 0
185 130 0
186 130 0
187 130 0
188 130 0
189 130 0
190 130 0
172 131 0
173 131 0
182 131 0
183 131 0
184 131 0
185 131 0
186 131 0
187 131 0
188 131 0
189 131 0
190 131 0
184 132 0
185 132 0
186 132 0
187 132 0
188 132 0
189 132 0
148 133 0
185 133 0
187 133 0
144 134 0
146 134 0
149 134 0
150 134 0
151 134 0
155 134 0
157 134 0
147 135 0
148 135 0
151 135 0
152 135 0
154 135 0
156 135 0
157 135 0
158 135 0
160 135 0
162 135 0
150 136 0
153 136 0
154 136 0
155 136 0
156 136 0
157 136 0
158 136 0
159 136 0
160 136 0
161 136 0
162 136 0
164 136 0
166 136 0
234 136 0
155 137 0
156 137 0
157 137 0
158 137 0
159 137 0
160 137 0
161 137 0
162 137 0
163 137 0
164 137 0
165 137 0
166 137 0
167 137 0
168 137 0
169 137 0
174 137 0
236 137 0
237 137 0
157 138 0
158 138 0
159 138 0
160 138 0
161 138 0
162 138 0
163 138 0
164 138 0
165 138 0
166 138 0
167 138 0
168 138 0
169 138 0
170 138 0
171 138 0
172 138 0
173 138 0
174 138 0
236 138 0
237 138 0
239 138 0
240 138 0
241 138 0
243 138 0
245 138 0
248 138 0
249 138 0
150 139 0
159 139 0
160 139 0
161 139 0
162 139 0
163 139 0
164 139 0
165 139 0
166 139 0
167 139 0
168 139 0
169 139 0
170 139 0
171 139 0
172 139 0
173 139 0
174 139 0
175 139 0
238 139 0
239 139 0
240 139 0
242 139 0
243 139 0
244 139 0
246 139 0
247 139 0
248 139 0
249 139 0
250 139 0
251 139 0
252 139 0
253 139 0
254 139 0
255 139 0
256 139 0
257 139 0
258 139 0
259 139 0
260 139 0
262 139 0
162 140 0
164 140 0
165 140 0
167 140 0
168 140 0
169 140 0
170 140 0
171 140 0
172 140 0
173 140 0
174 140 0
175 140 0
177 140 0
178 140 0
245 140 0
248 140 0
249 140 0
253 140 0
254 140 0
255 140 0
256 140 0
257 140 0
258 140 0
259 140 0
260 140 0
261 140 0
262 140 0
263 140 0
264 140 0
265 140 0
266 140 0
165 141 0
166 141 0
167 141 0
170 141 0
171 141 0
172 141 0
173 141 0
174 141 0
175 141 0
176 141 0
250 141 0
252 141 0
257 141 0
258 141 0
259 141 0
260 141 0
261 141 0
262 141 0
263 141 0
264 141 0
265 141 0
266 141 0
267 141 0
268 141 0
269 141 0
270 141 0
271 141 0
273 141 0
266 142 0
267 142 0
268 142 0
269 142 0
270 142 0
271 142 0
272 142 0
273 142 0
274 142 0
275 142 0
276 142 0
277 142 0
279 142 0
280 142 0
293 142 0
308 142 0
160 143 0
162 143 0
163 143 0
164 143 0
165 143 0
166 143 0
167 143 0
168 143 0
170 143 0
261 143 0
271 143 0
272 143 0
274 143 0
275 143 0
276 143 0
277 143 0
278 143 0
279 143 0
280 143 0
281 143 0
282 143 0
283 143 0
284 143 0
285 143 0
286 143 0
287 143 0
288 143 0
291 143 0
292 143 0
293 143 0
294 143 0
295 143 0
296 143 0
300 143 0
301 143 0
302 143 0
303 143 0
306 143 0
147 144 0
148 144 0
149 144 0
150 144 0
151 144 0
152 144 0
153 144 0
154 144 0
155 144 0
156 144 0
157 144 0
158 144 0
159 144 0
160 144 0
161 144 0
162 144 0
163 144 0
164 144 0
165 144 0
166 144 0
167 144 0
168 144 0
169 144 0
170 144 0
171 144 0
172 144 0
173 144 0
174 144 0
175 144 0
176 144 0
278 144 0
281 144 0
282 144 0
283 144 0
284 144 0
285 144 0
287 144 0
288 144 0
289 144 0
290 144 0
291 144 0
292 144 0
145 145 0
146 145 0
147 145 0
148 145 0
149 145 0
150 145 0
151 145 0
152 145 0
153 145 0
154 145 0
155 145 0
156 145 0
157 145 0
158 145 0
159 145 0
160 145 0
161 145 0
162 145 0
163 145 0
164 145 0
165 145 0
166 145 0
167 145 0
168 145 0
169 145 0
170 145 0
171 145 0
172 145 0
173 145 0
174 145 0
175 145 0
176 145 0
274 145 0
284 145 0
140 146 0
141 146 0
142 146 0
143 146 0
144 146 0
145 146 0
146 146 0
147 146 0
148 146 0
149 146 0
150 146 0
151 146 0
152 146 0
153 146 0
154 146 0
155 146 0
156 146 0
157 146 0
158 146 0
159 146 0
160 146 0
161 146 0
162 146 0
163 146 0
164 146 0
165 146 0
166 146 0
167 146 0
168 146 0
169 146 0
170 146 0
171 146 0
172 146 0
173 146 0
174 146 0
175 146 0
176 146 0
139 147 0
140 147 0
141 147 0
142 147 0
143 147 0
144 147 0
145 147 0
146 147 0
147 147 0
148 147 0
149 147 0
150 147 0
151 147 0
152 147 0
153 147 0
154 147 0
155 147 0
156 147 0
157 147 0
159 147 0
160 147 0
161 147 0
163 147 0
165 147 0
167 147 0
172 147 0
173 147 0
174 147 0
176 147 0
138 148 0
139 148 0
140 148 0
141 148 0
142 148 0
143 148 0
144 148 0
145 148 0
155 148 0
137 149 0
138 149 0
139 149 0
140 149 0
141 149 0
138 150 0
139 150 0
151 152 0
172 152 0
173 152 0
174 152 0
139 153 0
140 153 0
141 153 0
142 153 0
143 153 0
144 153 0
145 153 0
146 153 0
147 153 0
148 153 0
149 153 0
150 153 0
151 153 0
152 153 0
153 153 0
154 153 0
155 153 0
156 153 0
157 153 0
158 153 0
159 153 0
160 153 0
161 153 0
162 153 0
163 153 0
164 153 0
165 153 0
166 153 0
167 153 0
168 153 0
169 153 0
170 153 0
171 153 0
172 153 0
175 153 0
176 153 0
138 154 0
139 154 0
140 154 0
141 154 0
142 154 0
143 154 0
144 154 0
145 154 0
146 154 0
147 154 0
148 154 0
149 154 0
150 154 0
151 154 0
152 154 0
153 154 0
154 154 0
155 154 0
156 154 0
157 154 0
158 154 0
159 154 0
160 154 0
161 154 0
162 154 0
163 154 0
164 154 0
165 154 0
168 154 0
138 155 0
139 155 0
140 155 0
141 155 0
142 155 0
143 155 0
144 155 0
145 155 0
146 155 0
172 155 0
174 155 0
138 156 0
140 156 0
141 156 0
142 156 0
143 156 0
150 156 0
160 156 0
162 156 0
164 156 0
168 156 0
169 156 0
170 156 0
171 156 0
172 156 0
173 156 0
174 156 0
175 156 0
176 156 0
140 157 0
149 157 0
150 157 0
151 157 0
152 157 0
153 157 0
154 157 0
155 157 0
156 157 0
158 157 0
159 157 0
160 157 0
161 157 0
162 157 0
163 157 0
164 157 0
165 157 0
167 157 0
168 157 0
171 157 0
173 157 0
147 158 0
148 158 0
149 158 0
150 158 0
153 158 0
156 158 0
162 158 0
171 162 0
173 162 0
174 162 0
175 162 0
176 162 0
178 162 0
179 162 0
146 163 0
147 163 0
148 163 0
149 163 0
151 163 0
152 163 0
153 163 0
154 163 0
155 163 0
156 163 0
161 163 0
163 163 0
165 163 0
166 163 0
168 163 0
169 163 0
170 163 0
171 163 0
172 163 0
173 163 0
174 163 0
175 163 0
176 163 0
177 163 0
178 163 0
179 163 0
180 163 0
181 163 0
152 164 0
153 164 0
155 164 0
169 164 0
170 164 0
171 164 0
172 164 0
173 164 0
174 164 0
175 164 0
176 164 0
177 164 0
178 164 0
169 165 0
170 165 0
171 165 0
172 165 0
173 165 0
174 165 0
175 165 0
176 165 0
163 166 0
164 166 0
166 166 0
171 166 0
172 166 0
173 166 0
174 166 0
161 167 0
162 167 0
163 167 0
164 167 0
166 167 0
170 167 0
172 167 0
234 167 0
238 167 0
241 167 0
157 168 0
158 168 0
159 168 0
160 168 0
165 168 0
166 168 0
172 168 0
179 168 0
181 168 0
182 168 0
229 168 0
236 168 0
237 168 0
163 169 0
164 169 0
177 169 0
235 169 0
240 169 0
229 170 0
230 170 0
236 170 0
237 170 0
238 170 0
239 170 0
241 170 0
242 170 0
243 170 0
246 170 0
173 171 0
179 171 0
202 171 0
203 171 0
209 171 0
215 171 0
216 171 0
217 171 0
225 171 0
226 171 0
227 171 0
228 171 0
229 171 0
232 171 0
234 171 0
235 171 0
237 171 0
238 171 0
240 171 0
241 171 0
242 171 0
243 171 0
244 171 0
245 171 0
246 171 0
247 171 0
172 172 0
173 172 0
174 172 0
176 172 0
193 172 0
195 172 0
201 172 0
202 172 0
203 172 0
208 172 0
209 172 0
212 172 0
239 172 0
241 172 0
242 172 0
243 172 0
244 172 0
245 172 0
246 172 0
247 172 0
248 172 0
249 172 0
250 172 0
251 172 0
170 173 0
171 173 0
172 173 0
173 173 0
174 173 0
175 173 0
187 173 0
188 173 0
189 173 0
192 173 0
197 173 0
198 173 0
207 173 0
208 173 0
245 173 0
246 173 0
247 173 0
248 173 0
249 173 0
250 173 0
252 173 0
253 173 0
166 174 0
167 174 0
168 174 0
169 174 0
170 174 0
171 174 0
172 174 0
173 174 0
174 174 0
186 174 0
188 174 0
189 174 0
190 174 0
191 174 0
192 174 0
193 174 0
194 174 0
195 174 0
196 174 0
244 174 0
248 174 0
249 174 0
251 174 0
252 174 0
253 174 0
254 174 0
255 174 0
163 175 0
164 175 0
165 175 0
166 175 0
167 175 0
168 175 0
169 175 0
170 175 0
171 175 0
172 175 0
173 175 0
185 175 0
186 175 0
187 175 0
188 175 0
189 175 0
190 175 0
219 175 0
220 175 0
221 175 0
222 175 0
254 175 0
256 175 0
257 175 0
258 175 0
271 175 0
162 176 0
163 176 0
164 176 0
165 176 0
166 176 0
167 176 0
168 176 0
169 176 0
170 176 0
172 176 0
181 176 0
182 176 0
183 176 0
184 176 0
185 176 0
186 176 0
187 176 0
190 176 0
207 176 0
213 176 0
214 176 0
221 176 0
254 176 0
258 176 0
259 176 0
260 176 0
160 177 0
161 177 0
162 177 0
163 177 0
164 177 0
165 177 0
166 177 0
167 177 0
168 177 0
169 177 0
170 177 0
178 177 0
179 177 0
180 177 0
181 177 0
182 177 0
183 177 0
184 177 0
185 177 0
186 177 0
188 177 0
198 177 0
199 177 0
200 177 0
201 177 0
202 177 0
203 177 0
205 177 0
206 177 0
207 177 0
210 177 0
211 177 0
219 177 0
259 177 0
261 177 0
262 177 0
159 178 0
160 178 0
161 178 0
162 178 0
163 178 0
164 178 0
165 178 0
166 178 0
177 178 0
178 178 0
179 178 0
180 178 0
181 178 0
182 178 0
183 178 0
185 178 0
196 178 0
198 178 0
200 178 0
202 178 0
204 178 0
212 178 0
213 178 0
269 178 0
159 179 0
160 179 0
161 179 0
162 179 0
174 179 0
175 179 0
176 179 0
177 179 0
178 179 0
179 179 0
180 179 0
181 179 0
182 179 0
183 179 0
193 179 0
197 179 0
209 179 0
211 179 0
263 179 0
269 179 0
275 179 0
276 179 0
172 180 0
173 180 0
174 180 0
175 180 0
176 180 0
177 180 0
178 180 0
179 180 0
190 180 0
194 180 0
197 180 0
198 180 0
208 180 0
271 180 0
272 180 0
168 181 0
169 181 0
170 181 0
171 181 0
172 181 0
173 181 0
174 181 0
175 181 0
176 181 0
177 181 0
178 181 0
187 181 0
188 181 0
193 181 0
195 181 0
198 181 0
267 181 0
273 181 0
274 181 0
165 182 0
166 182 0
167 182 0
168 182 0
169 182 0
170 182 0
171 182 0
172 182 0
173 182 0
174 182 0
175 182 0
176 182 0
177 182 0
189 182 0
206 182 0
285 182 0
164 183 0
165 183 0
166 183 0
167 183 0
168 183 0
169 183 0
170 183 0
171 183 0
172 183 0
286 183 0
163 184 0
164 184 0
165 184 0
166 184 0
167 184 0
168 184 0
169 184 0
170 184 0
286 184 0
295 184 0
170 185 0
185 186 0
201 186 0
169 190 0
181 191 0
195 192 0
179 5 1
171 7 1
172 8 1
172 9 1
173 9 1
174 9 1
192 9 1
217 9 1
173 10 1
174 10 1
175 10 1
176 10 1
177 10 1
178 10 1
179 10 1
180 10 1
181 10 1
174 11 1
175 11 1
176 11 1
177 11 1
178 11 1
179 11 1
180 11 1
181 11 1
182 11 1
183 11 1
184 11 1
178 12 1
179 12 1
180 12 1
181 12 1
182 12 1
183 12 1
184 12 1
185 12 1
186 12 1
187 12 1
188 12 1
185 13 1
186 13 1
187 13 1
188 13 1
189 13 1
190 13 1
191 13 1
192 13 1
193 13 1
194 13 1
211 13 1
189 14 1
190 14 1
191 14 1
192 14 1
193 14 1
194 14 1
195 14 1
196 14 1
197 14 1
198 14 1
199 14 1
200 14 1
215 14 1
194 15 1
195 15 1
196 15 1
197 15 1
198 15 1
199 15 1
200 15 1
201 15 1
202 15 1
203 15 1
204 15 1
200 16 1
201 16 1
202 16 1
203 16 1
204 16 1
205 16 1
206 16 1
207 16 1
208 16 1
209 16 1
210 16 1
211 16 1
213 16 1
214 16 1
215 16 1
218 16 1
207 17 1
208 17 1
213 17 1
215 17 1
216 17 1
217 17 1
218 17 1
213 22 1
214 22 1
211 23 1
212 23 1
213 23 1
214 23 1
212 24 1
213 24 1
214 24 1
265 25 1
247 26 1
264 26 1
201 27 1
251 27 1
191 28 1
194 28 1
195 28 1
196 28 1
263 28 1
188 29 1
193 29 1
211 29 1
216 29 1
217 29 1
218 29 1
263 29 1
268 29 1
215 30 1
263 30 1
264 30 1
268 30 1
269 30 1
205 31 1
212 31 1
216 31 1
218 31 1
219 31 1
220 31 1
221 31 1
226 31 1
230 31 1
233 31 1
263 31 1
266 31 1
267 31 1
268 31 1
208 32 1
209 32 1
210 32 1
212 32 1
213 32 1
214 32 1
215 32 1
218 32 1
219 32 1
220 32 1
221 32 1
222 32 1
263 32 1
264 32 1
267 32 1
268 32 1
190 33 1
196 33 1
197 33 1
198 33 1
207 33 1
209 33 1
210 33 1
211 33 1
212 33 1
213 33 1
214 33 1
215 33 1
216 33 1
217 33 1
221 33 1
222 33 1
223 33 1
224 33 1
264 33 1
267 33 1
268 33 1
269 33 1
198 34 1
200 34 1
203 34 1
205 34 1
208 34 1
209 34 1
212 34 1
213 34 1
214 34 1
215 34 1
216 34 1
217 34 1
218 34 1
221 34 1
224 34 1
263 34 1
267 34 1
268 34 1
269 34 1
270 34 1
198 35 1
199 35 1
200 35 1
201 35 1
202 35 1
206 35 1
209 35 1
210 35 1
211 35 1
212 35 1
213 35 1
214 35 1
215 35 1
218 35 1
221 35 1
228 35 1
268 35 1
269 35 1
270 35 1
271 35 1
184 36 1
185 36 1
199 36 1
200 36 1
201 36 1
202 36 1
203 36 1
204 36 1
205 36 1
206 36 1
208 36 1
212 36 1
213 36 1
225 36 1
226 36 1
227 36 1
228 36 1
229 36 1
230 36 1
231 36 1
232 36 1
233 36 1
235 36 1
238 36 1
264 36 1
268 36 1
269 36 1
270 36 1
271 36 1
272 36 1
184 37 1
185 37 1
186 37 1
187 37 1
188 37 1
191 37 1
192 37 1
198 37 1
199 37 1
200 37 1
201 37 1
202 37 1
205 37 1
228 37 1
229 37 1
230 37 1
231 37 1
232 37 1
233 37 1
234 37 1
235 37 1
236 37 1
237 37 1
238 37 1
241 37 1
242 37 1
269 37 1
270 37 1
271 37 1
272 37 1
273 37 1
274 37 1
186 38 1
187 38 1
188 38 1
189 38 1
190 38 1
191 38 1
192 38 1
198 38 1
199 38 1
232 38 1
234 38 1
235 38 1
236 38 1
237 38 1
238 38 1
239 38 1
240 38 1
241 38 1
242 38 1
243 38 1
244 38 1
270 38 1
271 38 1
272 38 1
273 38 1
274 38 1
275 38 1
188 39 1
190 39 1
191 39 1
192 39 1
240 39 1
241 39 1
242 39 1
243 39 1
244 39 1
245 39 1
246 39 1
247 39 1
253 39 1
254 39 1
255 39 1
258 39 1
271 39 1
272 39 1
274 39 1
272 40 1
276 40 1
267 41 1
274 41 1
274 42 1
275 42 1
276 42 1
274 43 1
275 43 1
278 43 1
279 43 1
281 43 1
275 44 1
276 44 1
277 44 1
275 45 1
276 45 1
277 45 1
278 45 1
276 46 1
277 46 1
278 46 1
279 46 1
280 46 1
276 47 1
277 47 1
278 47 1
279 47 1
280 47 1
278 48 1
279 48 1
280 48 1
279 49 1
280 49 1
281 49 1
279 50 1
280 50 1
281 50 1
282 50 1
285 54 1
286 54 1
288 57 1
296 57 1
289 59 1
290 59 1
289 60 1
290 60 1
295 61 1
293 62 1
292 63 1
293 63 1
294 63 1
292 64 1
293 64 1
294 65 1
298 65 1
297 66 1
300 68 1
300 70 1
301 71 1
302 71 1
303 71 1
302 72 1
303 72 1
304 74 1
306 76 1
307 76 1
307 77 1
308 77 1
308 79 1
309 79 1
310 79 1
310 80 1
311 81 1
316 84 1
319 89 1
321 89 1
320 90 1
322 91 1
322 92 1
324 93 1
324 95 1
332 98 1
329 99 1
330 99 1
334 101 1
334 102 1
335 102 1
338 106 1
340 107 1
342 107 1
340 108 1
343 110 1
324 14 2
324 15 2
328 16 2
329 16 2
330 16 2
328 17 2
330 17 2
332 17 2
334 18 2
332 19 2
334 19 2
335 20 2
336 21 2
337 21 2
340 21 2
341 21 2
335 22 2
336 22 2
339 22 2
340 22 2
335 23 2
336 23 2
341 23 2
343 23 2
336 24 2
337 24 2
341 24 2
344 24 2
337 25 2
338 25 2
343 25 2
338 26 2
339 26 2
339 27 2
340 27 2
340 28 2
341 28 2
342 29 2
343 30 2
344 30 2
