192 88 0
193 88 0
193 89 0
194 89 0
195 90 0
195 92 0
197 92 0
196 93 0
197 93 0
198 93 0
197 94 0
198 94 0
199 94 0
199 95 0
200 95 0
188 96 0
199 96 0
201 96 0
199 97 0
200 97 0
201 97 0
202 97 0
188 98 0
189 98 0
189 100 0
203 100 0
190 101 0
204 101 0
205 101 0
191 102 0
204 102 0
205 102 0
206 102 0
191 103 0
203 103 0
205 103 0
206 103 0
207 103 0
191 104 0
192 104 0
204 104 0
205 104 0
206 104 0
207 104 0
208 104 0
193 105 0
206 105 0
207 105 0
208 105 0
209 105 0
210 105 0
194 106 0
207 106 0
208 106 0
209 106 0
210 106 0
211 106 0
212 106 0
208 107 0
209 107 0
210 107 0
211 107 0
212 107 0
213 107 0
197 108 0
210 108 0
211 108 0
212 108 0
213 108 0
195 109 0
196 109 0
197 109 0
212 109 0
213 109 0
214 109 0
215 109 0
195 110 0
196 110 0
197 110 0
198 110 0
197 111 0
196 112 0
197 112 0
198 112 0
199 112 0
147 117 0
148 117 0
149 117 0
150 117 0
151 117 0
152 117 0
153 117 0
154 117 0
155 117 0
156 117 0
157 117 0
158 117 0
159 117 0
160 117 0
145 118 0
146 118 0
147 118 0
148 118 0
149 118 0
150 118 0
151 118 0
152 118 0
153 118 0
154 118 0
155 118 0
156 118 0
157 118 0
158 118 0
159 118 0
160 118 0
161 118 0
162 118 0
163 118 0
164 118 0
165 118 0
166 118 0
167 118 0
143 119 0
144 119 0
145 119 0
146 119 0
147 119 0
148 119 0
149 119 0
150 119 0
151 119 0
152 119 0
153 119 0
154 119 0
155 119 0
156 119 0
157 119 0
158 119 0
159 119 0
160 119 0
161 119 0
162 119 0
163 119 0
164 119 0
165 119 0
166 119 0
167 119 0
144 120 0
158 120 0
159 120 0
160 120 0
162 120 0
163 120 0
164 120 0
165 120 0
166 120 0
167 120 0
172 120 0
156 121 0
158 121 0
166 121 0
172 121 0
178 121 0
187 121 0
188 121 0
189 121 0
190 121 0
191 121 0
192 121 0
193 121 0
178 122 0
179 122 0
185 122 0
186 122 0
187 122 0
188 122 0
189 122 0
190 122 0
191 122 0
192 122 0
193 122 0
185 123 0
186 123 0
187 123 0
188 123 0
189 123 0
190 123 0
191 123 0
192 123 0
193 123 0
144 124 0
145 124 0
147 124 0
148 124 0
150 124 0
185 124 0
186 124 0
187 124 0
188 124 0
189 124 0
190 124 0
192 124 0
143 125 0
144 125 0
145 125 0
146 125 0
147 125 0
148 125 0
149 125 0
150 125 0
151 125 0
152 125 0
153 125 0
154 125 0
155 125 0
144 126 0
145 126 0
146 126 0
147 126 0
148 126 0
149 126 0
150 126 0
151 126 0
152 126 0
153 126 0
154 126 0
155 126 0
156 126 0
157 126 0
158 126 0
159 126 0
162 126 0
187 126 0
144 127 0
145 127 0
147 127 0
148 127 0
149 127 0
150 127 0
151 127 0
152 127 0
153 127 0
154 127 0
155 127 0
156 127 0
157 127 0
159 127 0
160 127 0
161 127 0
162 127 0
163 127 0
164 127 0
165 127 0
155 128 0
156 128 0
157 128 0
159 128 0
160 128 0
161 128 0
162 128 0
163 128 0
164 128 0
165 128 0
166 128 0
167 128 0
161 129 0
162 129 0
163 129 0
164 129 0
165 129 0
166 129 0
167 129 0
168 129 0
169 129 0
170 129 0
171 129 0
172 129 0
160 130 0
161 130 0
162 130 0
163 130 0
164 130 0
165 130 0
166 130 0
167 130 0
168 130 0
169 130 0
170 130 0
171 130 0
172 130 0
176 130 0
151 131 0
152 131 0
166 131 0
167 131 0
168 131 0
169 131 0
170 131 0
171 131 0
172 131 0
174 131 0
175 131 0
176 131 0
177 131 0
238 131 0
152 132 0
156 132 0
157 132 0
158 132 0
166 132 0
168 132 0
169 132 0
170 132 0
176 132 0
177 132 0
237 132 0
176 133 0
177 133 0
240 133 0
241 133 0
242 133 0
243 133 0
246 133 0
248 133 0
249 133 0
251 133 0
253 133 0
159 134 0
243 134 0
244 134 0
247 134 0
248 134 0
249 134 0
250 134 0
251 134 0
252 134 0
253 134 0
254 134 0
255 134 0
256 134 0
257 134 0
259 134 0
156 135 0
157 135 0
158 135 0
159 135 0
160 135 0
161 135 0
162 135 0
163 135 0
164 135 0
165 135 0
166 135 0
167 135 0
168 135 0
169 135 0
170 135 0
171 135 0
249 135 0
250 135 0
253 135 0
254 135 0
255 135 0
256 135 0
258 135 0
259 135 0
260 135 0
261 135 0
262 135 0
263 135 0
141 136 0
142 136 0
143 136 0
144 136 0
145 136 0
146 136 0
156 136 0
157 136 0
158 136 0
159 136 0
160 136 0
161 136 0
162 136 0
163 136 0
164 136 0
165 136 0
166 136 0
167 136 0
168 136 0
169 136 0
170 136 0
171 136 0
175 136 0
257 136 0
258 136 0
259 136 0
260 136 0
261 136 0
262 136 0
263 136 0
264 136 0
265 136 0
266 136 0
267 136 0
268 136 0
140 137 0
141 137 0
142 137 0
143 137 0
146 137 0
156 137 0
157 137 0
158 137 0
159 137 0
160 137 0
161 137 0
162 137 0
163 137 0
164 137 0
165 137 0
166 137 0
167 137 0
168 137 0
169 137 0
170 137 0
171 137 0
175 137 0
261 137 0
266 137 0
267 137 0
268 137 0
269 137 0
270 137 0
271 137 0
272 137 0
139 138 0
140 138 0
144 138 0
156 138 0
158 138 0
164 138 0
165 138 0
166 138 0
175 138 0
268 138 0
269 138 0
270 138 0
271 138 0
272 138 0
273 138 0
274 138 0
275 138 0
277 138 0
279 138 0
274 139 0
277 139 0
278 139 0
279 139 0
280 139 0
281 139 0
282 139 0
283 139 0
289 139 0
290 139 0
298 139 0
299 139 0
302 139 0
330 139 0
271 140 0
272 140 0
274 140 0
275 140 0
279 140 0
280 140 0
281 140 0
282 140 0
286 140 0
287 140 0
288 140 0
289 140 0
290 140 0
293 140 0
297 140 0
300 140 0
301 140 0
305 140 0
284 141 0
286 141 0
290 141 0
302 141 0
144 143 0
145 143 0
146 143 0
147 143 0
148 143 0
149 143 0
150 143 0
151 143 0
152 143 0
298 143 0
144 144 0
145 144 0
146 144 0
147 144 0
148 144 0
149 144 0
150 144 0
151 144 0
152 144 0
153 144 0
154 144 0
155 144 0
156 144 0
157 144 0
158 144 0
159 144 0
160 144 0
161 144 0
162 144 0
163 144 0
164 144 0
165 144 0
166 144 0
167 144 0
168 144 0
169 144 0
170 144 0
171 144 0
172 144 0
173 144 0
174 144 0
176 144 0
141 145 0
144 145 0
145 145 0
146 145 0
147 145 0
148 145 0
149 145 0
150 145 0
151 145 0
152 145 0
153 145 0
154 145 0
155 145 0
156 145 0
157 145 0
158 145 0
159 145 0
160 145 0
161 145 0
162 145 0
163 145 0
164 145 0
165 145 0
166 145 0
167 145 0
171 145 0
143 146 0
144 146 0
145 146 0
141 147 0
143 147 0
147 147 0
148 147 0
149 147 0
150 147 0
151 147 0
152 147 0
153 147 0
154 147 0
156 147 0
157 147 0
158 147 0
159 147 0
160 147 0
161 147 0
162 147 0
163 147 0
164 147 0
168 147 0
169 147 0
171 147 0
172 147 0
173 147 0
174 147 0
175 147 0
146 148 0
147 148 0
148 148 0
149 148 0
150 148 0
151 148 0
152 148 0
153 148 0
154 148 0
155 148 0
156 148 0
157 148 0
158 148 0
159 148 0
160 148 0
161 148 0
162 148 0
163 148 0
164 148 0
165 148 0
166 148 0
167 148 0
168 148 0
169 148 0
170 148 0
171 148 0
172 148 0
174 148 0
175 148 0
176 148 0
191 148 0
146 149 0
147 149 0
148 149 0
149 149 0
150 149 0
151 149 0
152 149 0
153 149 0
154 149 0
155 149 0
156 149 0
157 149 0
159 149 0
160 149 0
161 149 0
162 149 0
163 149 0
164 149 0
165 149 0
166 149 0
167 149 0
176 149 0
146 150 0
163 150 0
146 153 0
147 153 0
148 153 0
188 153 0
146 154 0
147 154 0
149 154 0
150 154 0
151 154 0
152 154 0
153 154 0
154 154 0
155 154 0
156 154 0
157 154 0
158 154 0
160 154 0
161 154 0
162 154 0
168 154 0
170 154 0
171 154 0
173 154 0
174 154 0
175 154 0
176 154 0
177 154 0
178 154 0
147 155 0
148 155 0
150 155 0
151 155 0
152 155 0
153 155 0
154 155 0
155 155 0
156 155 0
157 155 0
158 155 0
159 155 0
161 155 0
162 155 0
163 155 0
170 155 0
171 155 0
172 155 0
173 155 0
174 155 0
175 155 0
176 155 0
177 155 0
178 155 0
179 155 0
147 156 0
148 156 0
149 156 0
155 156 0
156 156 0
171 156 0
172 156 0
173 156 0
174 156 0
175 156 0
176 156 0
177 156 0
178 156 0
179 156 0
180 156 0
160 157 0
161 157 0
164 157 0
165 157 0
166 157 0
167 157 0
168 157 0
172 157 0
173 157 0
174 157 0
175 157 0
176 157 0
177 157 0
178 157 0
160 158 0
161 158 0
163 158 0
164 158 0
165 158 0
166 158 0
167 158 0
168 158 0
173 158 0
174 158 0
175 158 0
176 158 0
153 159 0
154 159 0
155 159 0
158 159 0
159 159 0
162 159 0
163 159 0
164 159 0
166 159 0
167 159 0
168 159 0
156 160 0
166 160 0
168 160 0
169 160 0
170 160 0
231 160 0
165 161 0
229 161 0
160 162 0
161 162 0
175 162 0
176 162 0
177 162 0
221 162 0
223 162 0
232 162 0
233 162 0
237 162 0
171 163 0
172 163 0
173 163 0
174 163 0
175 163 0
176 163 0
177 163 0
178 163 0
198 163 0
224 163 0
226 163 0
227 163 0
235 163 0
243 163 0
170 164 0
171 164 0
172 164 0
173 164 0
174 164 0
175 164 0
176 164 0
195 164 0
196 164 0
197 164 0
201 164 0
209 164 0
213 164 0
217 164 0
218 164 0
223 164 0
224 164 0
226 164 0
227 164 0
228 164 0
230 164 0
233 164 0
235 164 0
236 164 0
237 164 0
239 164 0
241 164 0
169 165 0
170 165 0
171 165 0
172 165 0
173 165 0
174 165 0
175 165 0
187 165 0
191 165 0
192 165 0
193 165 0
194 165 0
196 165 0
197 165 0
198 165 0
199 165 0
200 165 0
203 165 0
207 165 0
208 165 0
211 165 0
212 165 0
214 165 0
223 165 0
224 165 0
225 165 0
227 165 0
228 165 0
234 165 0
236 165 0
237 165 0
240 165 0
241 165 0
242 165 0
243 165 0
244 165 0
246 165 0
168 166 0
169 166 0
170 166 0
171 166 0
172 166 0
173 166 0
174 166 0
184 166 0
185 166 0
186 166 0
187 166 0
188 166 0
190 166 0
200 166 0
205 166 0
212 166 0
236 166 0
239 166 0
240 166 0
244 166 0
245 166 0
246 166 0
247 166 0
169 167 0
170 167 0
171 167 0
182 167 0
184 167 0
185 167 0
187 167 0
190 167 0
194 167 0
241 167 0
243 167 0
244 167 0
245 167 0
247 167 0
248 167 0
167 168 0
168 168 0
172 168 0
179 168 0
180 168 0
182 168 0
185 168 0
247 168 0
249 168 0
250 168 0
251 168 0
177 169 0
178 169 0
179 169 0
180 169 0
181 169 0
182 169 0
208 169 0
209 169 0
214 169 0
218 169 0
247 169 0
248 169 0
249 169 0
251 169 0
252 169 0
253 169 0
175 170 0
179 170 0
195 170 0
196 170 0
197 170 0
199 170 0
201 170 0
203 170 0
204 170 0
211 170 0
213 170 0
214 170 0
216 170 0
217 170 0
218 170 0
251 170 0
252 170 0
253 170 0
254 170 0
257 170 0
171 171 0
172 171 0
173 171 0
174 171 0
175 171 0
176 171 0
177 171 0
178 171 0
188 171 0
189 171 0
190 171 0
191 171 0
192 171 0
193 171 0
197 171 0
203 171 0
205 171 0
207 171 0
208 171 0
255 171 0
257 171 0
258 171 0
259 171 0
268 171 0
167 172 0
168 172 0
169 172 0
170 172 0
171 172 0
172 172 0
173 172 0
174 172 0
175 172 0
176 172 0
196 172 0
198 172 0
200 172 0
201 172 0
217 172 0
261 172 0
262 172 0
263 172 0
264 172 0
162 173 0
163 173 0
164 173 0
165 173 0
166 173 0
167 173 0
168 173 0
169 173 0
170 173 0
171 173 0
172 173 0
173 173 0
174 173 0
185 173 0
189 173 0
190 173 0
191 173 0
194 173 0
196 173 0
207 173 0
258 173 0
259 173 0
260 173 0
261 173 0
160 174 0
161 174 0
162 174 0
163 174 0
164 174 0
165 174 0
166 174 0
167 174 0
168 174 0
169 174 0
170 174 0
171 174 0
172 174 0
173 174 0
187 174 0
211 174 0
269 174 0
273 174 0
159 175 0
160 175 0
161 175 0
162 175 0
163 175 0
164 175 0
165 175 0
166 175 0
167 175 0
168 175 0
169 175 0
170 175 0
171 175 0
187 175 0
196 175 0
264 175 0
265 175 0
266 175 0
267 175 0
268 175 0
274 175 0
275 175 0
159 176 0
160 176 0
161 176 0
162 176 0
163 176 0
164 176 0
165 176 0
166 176 0
167 176 0
169 176 0
276 176 0
279 176 0
161 177 0
166 177 0
273 177 0
281 177 0
168 178 0
279 178 0
285 178 0
286 178 0
178 179 0
283 181 0
182 182 0
295 183 0
301 185 0
302 186 0
170 1 1
174 1 1
171 2 1
172 2 1
173 2 1
174 2 1
175 2 1
176 2 1
177 2 1
178 2 1
179 2 1
180 2 1
181 2 1
182 2 1
183 2 1
283 2 1
284 2 1
285 2 1
178 3 1
179 3 1
180 3 1
181 3 1
182 3 1
183 3 1
184 3 1
185 3 1
186 3 1
187 3 1
282 3 1
283 3 1
183 4 1
184 4 1
185 4 1
186 4 1
187 4 1
188 4 1
189 4 1
190 4 1
192 4 1
289 4 1
290 4 1
291 4 1
292 4 1
293 4 1
294 4 1
295 4 1
187 5 1
188 5 1
189 5 1
190 5 1
191 5 1
192 5 1
193 5 1
194 5 1
195 5 1
279 5 1
280 5 1
288 5 1
291 5 1
292 5 1
293 5 1
294 5 1
295 5 1
296 5 1
297 5 1
298 5 1
191 6 1
192 6 1
193 6 1
194 6 1
195 6 1
196 6 1
197 6 1
198 6 1
199 6 1
200 6 1
295 6 1
296 6 1
297 6 1
298 6 1
185 7 1
197 7 1
198 7 1
199 7 1
200 7 1
201 7 1
202 7 1
203 7 1
297 7 1
298 7 1
299 7 1
300 7 1
171 8 1
172 8 1
174 8 1
177 8 1
203 8 1
204 8 1
205 8 1
206 8 1
207 8 1
208 8 1
299 8 1
300 8 1
301 8 1
302 8 1
175 9 1
177 9 1
178 9 1
179 9 1
180 9 1
208 9 1
209 9 1
210 9 1
300 9 1
301 9 1
302 9 1
303 9 1
179 10 1
180 10 1
182 10 1
184 10 1
192 10 1
193 10 1
195 10 1
196 10 1
197 10 1
198 10 1
199 10 1
200 10 1
303 10 1
304 10 1
184 11 1
197 11 1
200 11 1
201 11 1
202 11 1
204 11 1
206 11 1
305 11 1
307 12 1
176 13 1
198 13 1
308 13 1
181 14 1
182 14 1
309 14 1
311 14 1
176 15 1
187 15 1
311 15 1
167 16 1
185 16 1
187 16 1
312 16 1
167 17 1
168 17 1
169 17 1
209 17 1
318 17 1
167 18 1
168 18 1
169 18 1
170 18 1
172 18 1
173 18 1
196 18 1
169 19 1
170 19 1
171 19 1
172 19 1
173 19 1
174 19 1
175 19 1
176 19 1
177 19 1
178 19 1
320 19 1
170 20 1
171 20 1
172 20 1
173 20 1
174 20 1
175 20 1
176 20 1
177 20 1
178 20 1
179 20 1
180 20 1
181 20 1
182 20 1
184 20 1
320 20 1
321 20 1
322 20 1
323 20 1
176 21 1
177 21 1
178 21 1
179 21 1
180 21 1
181 21 1
182 21 1
183 21 1
184 21 1
185 21 1
186 21 1
188 21 1
190 21 1
191 21 1
193 21 1
321 21 1
182 22 1
183 22 1
184 22 1
185 22 1
186 22 1
187 22 1
188 22 1
189 22 1
190 22 1
191 22 1
193 22 1
194 22 1
324 22 1
187 23 1
188 23 1
189 23 1
190 23 1
191 23 1
192 23 1
193 23 1
194 23 1
195 23 1
196 23 1
197 23 1
198 23 1
199 23 1
200 23 1
202 23 1
192 24 1
193 24 1
194 24 1
195 24 1
196 24 1
197 24 1
198 24 1
199 24 1
200 24 1
201 24 1
202 24 1
203 24 1
204 24 1
205 24 1
206 24 1
207 24 1
208 24 1
209 24 1
202 25 1
204 25 1
205 25 1
207 25 1
208 25 1
209 25 1
210 25 1
211 25 1
330 25 1
331 25 1
332 25 1
330 26 1
331 26 1
333 26 1
334 27 1
213 29 1
267 29 1
261 31 1
205 32 1
207 32 1
208 32 1
209 32 1
210 32 1
203 33 1
251 33 1
266 34 1
192 35 1
194 35 1
192 36 1
203 36 1
209 36 1
234 36 1
187 37 1
192 37 1
215 37 1
239 37 1
259 37 1
263 37 1
264 37 1
203 38 1
208 38 1
209 38 1
215 38 1
216 38 1
222 38 1
263 38 1
264 38 1
203 39 1
206 39 1
208 39 1
211 39 1
212 39 1
213 39 1
214 39 1
215 39 1
216 39 1
218 39 1
220 39 1
227 39 1
260 39 1
263 39 1
264 39 1
265 39 1
193 40 1
194 40 1
199 40 1
201 40 1
203 40 1
206 40 1
208 40 1
209 40 1
210 40 1
211 40 1
212 40 1
214 40 1
215 40 1
216 40 1
217 40 1
219 40 1
260 40 1
263 40 1
264 40 1
265 40 1
266 40 1
194 41 1
195 41 1
196 41 1
197 41 1
198 41 1
199 41 1
200 41 1
202 41 1
203 41 1
204 41 1
205 41 1
206 41 1
207 41 1
208 41 1
209 41 1
210 41 1
211 41 1
212 41 1
213 41 1
214 41 1
215 41 1
216 41 1
217 41 1
264 41 1
265 41 1
266 41 1
267 41 1
186 42 1
194 42 1
195 42 1
196 42 1
198 42 1
199 42 1
200 42 1
202 42 1
203 42 1
204 42 1
206 42 1
207 42 1
208 42 1
209 42 1
210 42 1
211 42 1
212 42 1
213 42 1
214 42 1
215 42 1
220 42 1
221 42 1
222 42 1
223 42 1
260 42 1
264 42 1
265 42 1
266 42 1
267 42 1
268 42 1
180 43 1
190 43 1
192 43 1
194 43 1
196 43 1
197 43 1
200 43 1
201 43 1
203 43 1
204 43 1
205 43 1
206 43 1
207 43 1
208 43 1
210 43 1
221 43 1
223 43 1
224 43 1
225 43 1
227 43 1
265 43 1
266 43 1
267 43 1
268 43 1
269 43 1
195 44 1
200 44 1
201 44 1
202 44 1
203 44 1
204 44 1
206 44 1
224 44 1
227 44 1
228 44 1
229 44 1
230 44 1
231 44 1
232 44 1
233 44 1
234 44 1
237 44 1
238 44 1
265 44 1
266 44 1
267 44 1
268 44 1
269 44 1
270 44 1
272 44 1
181 45 1
182 45 1
183 45 1
184 45 1
201 45 1
232 45 1
233 45 1
234 45 1
235 45 1
236 45 1
237 45 1
238 45 1
239 45 1
240 45 1
241 45 1
255 45 1
266 45 1
267 45 1
268 45 1
269 45 1
270 45 1
182 46 1
183 46 1
184 46 1
185 46 1
186 46 1
237 46 1
238 46 1
239 46 1
240 46 1
241 46 1
242 46 1
255 46 1
258 46 1
267 46 1
268 46 1
269 46 1
271 46 1
273 46 1
183 47 1
184 47 1
238 47 1
241 47 1
268 47 1
269 47 1
270 47 1
271 47 1
273 47 1
269 48 1
270 48 1
271 48 1
273 48 1
270 49 1
271 49 1
270 50 1
271 50 1
272 50 1
273 50 1
274 50 1
271 51 1
272 51 1
273 51 1
274 51 1
275 51 1
272 52 1
273 52 1
274 52 1
275 52 1
273 53 1
276 54 1
290 66 1
291 68 1
293 70 1
295 70 1
244 72 1
294 72 1
296 73 1
300 75 1
298 76 1
300 76 1
301 76 1
299 77 1
300 78 1
301 79 1
301 80 1
302 80 1
304 81 1
307 83 1
307 84 1
263 87 1
310 87 1
315 88 1
312 89 1
313 90 1
314 90 1
316 92 1
319 93 1
319 95 1
325 98 1
325 99 1
326 99 1
326 100 1
325 101 1
328 102 1
335 107 1
331 27 2
334 27 2
335 27 2
326 28 2
330 28 2
331 28 2
333 28 2
334 28 2
335 28 2
336 28 2
337 28 2
331 29 2
334 29 2
337 29 2
338 29 2
339 29 2
340 29 2
333 30 2
334 30 2
338 30 2
339 30 2
340 30 2
341 30 2
336 31 2
337 31 2
339 31 2
340 31 2
341 31 2
342 31 2
343 31 2
339 32 2
340 32 2
342 32 2
343 32 2
344 32 2
339 33 2
343 33 2
344 33 2
