195 79 0
196 79 0
194 80 0
195 80 0
196 80 0
197 80 0
198 80 0
195 81 0
196 81 0
197 81 0
198 81 0
197 82 0
198 82 0
199 82 0
197 83 0
198 83 0
199 83 0
200 84 0
203 86 0
201 87 0
202 87 0
203 87 0
204 87 0
204 88 0
203 89 0
204 90 0
206 90 0
262 90 0
263 90 0
206 91 0
207 91 0
207 92 0
208 92 0
193 94 0
194 94 0
194 95 0
195 95 0
210 95 0
194 96 0
209 96 0
210 96 0
211 96 0
195 97 0
196 97 0
209 97 0
210 97 0
211 97 0
212 97 0
197 98 0
209 98 0
210 98 0
211 98 0
212 98 0
213 98 0
196 99 0
198 99 0
211 99 0
212 99 0
213 99 0
214 99 0
215 99 0
197 100 0
198 100 0
199 100 0
211 100 0
213 100 0
214 100 0
215 100 0
216 100 0
200 101 0
212 101 0
214 101 0
215 101 0
216 101 0
217 101 0
218 101 0
214 102 0
215 102 0
216 102 0
217 102 0
218 102 0
219 102 0
200 103 0
202 103 0
217 103 0
218 103 0
219 103 0
201 104 0
202 104 0
218 104 0
219 104 0
220 104 0
201 105 0
202 105 0
203 105 0
219 105 0
220 105 0
201 106 0
202 106 0
203 106 0
204 106 0
217 106 0
219 106 0
220 106 0
152 107 0
153 107 0
154 107 0
201 107 0
203 107 0
204 107 0
147 108 0
148 108 0
149 108 0
150 108 0
151 108 0
152 108 0
153 108 0
154 108 0
155 108 0
156 108 0
157 108 0
158 108 0
159 108 0
160 108 0
161 108 0
162 108 0
202 108 0
203 108 0
147 109 0
148 109 0
149 109 0
150 109 0
151 109 0
152 109 0
153 109 0
154 109 0
155 109 0
156 109 0
157 109 0
158 109 0
159 109 0
160 109 0
161 109 0
162 109 0
163 109 0
164 109 0
165 109 0
166 109 0
203 109 0
147 110 0
148 110 0
149 110 0
150 110 0
151 110 0
152 110 0
153 110 0
154 110 0
155 110 0
156 110 0
157 110 0
158 110 0
159 110 0
160 110 0
161 110 0
162 110 0
163 110 0
164 110 0
165 110 0
166 110 0
167 110 0
170 110 0
158 111 0
159 111 0
161 111 0
162 111 0
163 111 0
164 111 0
165 111 0
166 111 0
167 111 0
171 111 0
172 111 0
165 112 0
173 112 0
174 112 0
175 112 0
176 112 0
180 112 0
176 113 0
181 113 0
148 114 0
180 114 0
182 114 0
183 114 0
184 114 0
195 114 0
196 114 0
197 114 0
146 115 0
147 115 0
148 115 0
149 115 0
150 115 0
151 115 0
152 115 0
153 115 0
185 115 0
195 115 0
197 115 0
146 116 0
147 116 0
148 116 0
149 116 0
151 116 0
152 116 0
153 116 0
154 116 0
155 116 0
156 116 0
157 116 0
149 117 0
150 117 0
151 117 0
152 117 0
153 117 0
154 117 0
155 117 0
156 117 0
157 117 0
158 117 0
159 117 0
160 117 0
161 117 0
162 117 0
163 117 0
153 118 0
154 118 0
155 118 0
156 118 0
157 118 0
158 118 0
159 118 0
160 118 0
161 118 0
162 118 0
163 118 0
164 118 0
165 118 0
166 118 0
168 118 0
157 119 0
158 119 0
159 119 0
160 119 0
161 119 0
162 119 0
163 119 0
164 119 0
165 119 0
166 119 0
167 119 0
174 119 0
160 120 0
164 120 0
165 120 0
166 120 0
167 120 0
168 120 0
169 120 0
170 120 0
171 120 0
172 120 0
166 121 0
167 121 0
168 121 0
172 121 0
173 121 0
174 121 0
175 121 0
176 121 0
173 122 0
174 122 0
175 122 0
177 122 0
178 122 0
174 123 0
175 123 0
176 123 0
178 123 0
179 123 0
180 124 0
154 125 0
157 125 0
163 125 0
172 125 0
144 126 0
145 126 0
146 126 0
147 126 0
148 126 0
149 126 0
150 126 0
151 126 0
152 126 0
153 126 0
154 126 0
155 126 0
156 126 0
161 126 0
162 126 0
163 126 0
164 126 0
165 126 0
166 126 0
167 126 0
168 126 0
169 126 0
170 126 0
171 126 0
172 126 0
239 126 0
240 126 0
243 126 0
244 126 0
245 126 0
142 127 0
143 127 0
144 127 0
145 127 0
146 127 0
147 127 0
148 127 0
149 127 0
150 127 0
151 127 0
152 127 0
153 127 0
154 127 0
155 127 0
156 127 0
157 127 0
161 127 0
162 127 0
163 127 0
164 127 0
165 127 0
166 127 0
167 127 0
168 127 0
169 127 0
170 127 0
171 127 0
172 127 0
173 127 0
174 127 0
241 127 0
242 127 0
243 127 0
244 127 0
245 127 0
246 127 0
247 127 0
141 128 0
142 128 0
143 128 0
144 128 0
145 128 0
146 128 0
148 128 0
152 128 0
153 128 0
162 128 0
163 128 0
164 128 0
165 128 0
166 128 0
167 128 0
168 128 0
169 128 0
170 128 0
171 128 0
172 128 0
173 128 0
174 128 0
176 128 0
178 128 0
243 128 0
247 128 0
248 128 0
249 128 0
250 128 0
251 128 0
252 128 0
253 128 0
140 129 0
141 129 0
162 129 0
163 129 0
164 129 0
165 129 0
166 129 0
167 129 0
169 129 0
171 129 0
172 129 0
251 129 0
253 129 0
254 129 0
255 129 0
256 129 0
257 129 0
258 129 0
259 129 0
167 130 0
168 130 0
255 130 0
256 130 0
257 130 0
258 130 0
260 130 0
261 130 0
262 130 0
263 130 0
264 130 0
259 131 0
261 131 0
263 131 0
264 131 0
265 131 0
266 131 0
267 131 0
264 132 0
265 132 0
266 132 0
267 132 0
268 132 0
269 132 0
270 132 0
271 132 0
146 133 0
150 133 0
151 133 0
152 133 0
153 133 0
154 133 0
270 133 0
271 133 0
272 133 0
273 133 0
274 133 0
275 133 0
276 133 0
142 134 0
143 134 0
146 134 0
147 134 0
148 134 0
149 134 0
150 134 0
152 134 0
153 134 0
154 134 0
155 134 0
156 134 0
273 134 0
274 134 0
275 134 0
276 134 0
277 134 0
278 134 0
279 134 0
280 134 0
144 135 0
145 135 0
146 135 0
147 135 0
148 135 0
149 135 0
150 135 0
151 135 0
152 135 0
153 135 0
154 135 0
156 135 0
157 135 0
158 135 0
159 135 0
160 135 0
161 135 0
162 135 0
163 135 0
164 135 0
165 135 0
168 135 0
170 135 0
172 135 0
176 135 0
277 135 0
278 135 0
279 135 0
280 135 0
281 135 0
282 135 0
283 135 0
284 135 0
285 135 0
141 136 0
142 136 0
156 136 0
158 136 0
159 136 0
160 136 0
161 136 0
162 136 0
163 136 0
164 136 0
165 136 0
166 136 0
167 136 0
169 136 0
171 136 0
172 136 0
173 136 0
174 136 0
175 136 0
177 136 0
285 136 0
286 136 0
289 136 0
290 136 0
291 136 0
292 136 0
293 136 0
295 136 0
301 136 0
312 136 0
162 137 0
292 137 0
293 137 0
295 137 0
296 137 0
297 137 0
298 137 0
300 137 0
317 137 0
151 138 0
152 138 0
153 138 0
154 138 0
155 138 0
156 138 0
157 138 0
158 138 0
160 138 0
161 138 0
162 138 0
163 138 0
164 138 0
170 138 0
174 138 0
152 139 0
153 139 0
154 139 0
155 139 0
156 139 0
157 139 0
158 139 0
159 139 0
160 139 0
161 139 0
162 139 0
163 139 0
164 139 0
165 139 0
166 139 0
167 139 0
168 139 0
169 139 0
170 139 0
171 139 0
172 139 0
174 139 0
175 139 0
176 139 0
177 139 0
157 140 0
159 140 0
161 140 0
162 140 0
163 140 0
164 140 0
167 140 0
177 140 0
146 141 0
160 141 0
207 142 0
148 143 0
148 144 0
149 144 0
150 144 0
151 144 0
152 144 0
153 144 0
154 144 0
147 145 0
148 145 0
149 145 0
150 145 0
151 145 0
152 145 0
153 145 0
154 145 0
155 145 0
156 145 0
157 145 0
158 145 0
159 145 0
160 145 0
161 145 0
162 145 0
163 145 0
164 145 0
165 145 0
168 145 0
169 145 0
170 145 0
171 145 0
173 145 0
174 145 0
175 145 0
147 146 0
148 146 0
149 146 0
150 146 0
151 146 0
152 146 0
153 146 0
154 146 0
155 146 0
156 146 0
157 146 0
158 146 0
159 146 0
160 146 0
161 146 0
162 146 0
163 146 0
164 146 0
165 146 0
166 146 0
167 146 0
168 146 0
169 146 0
170 146 0
171 146 0
172 146 0
173 146 0
174 146 0
175 146 0
176 146 0
177 146 0
178 146 0
179 146 0
180 146 0
153 147 0
155 147 0
156 147 0
157 147 0
158 147 0
159 147 0
160 147 0
161 147 0
162 147 0
163 147 0
164 147 0
165 147 0
166 147 0
167 147 0
168 147 0
169 147 0
170 147 0
171 147 0
172 147 0
173 147 0
174 147 0
175 147 0
176 147 0
177 147 0
178 147 0
181 147 0
151 148 0
154 148 0
156 148 0
158 148 0
159 148 0
161 148 0
162 148 0
163 148 0
164 148 0
165 148 0
166 148 0
167 148 0
168 148 0
169 148 0
170 148 0
171 148 0
172 148 0
173 148 0
174 148 0
175 148 0
176 148 0
177 148 0
155 149 0
158 149 0
161 149 0
167 149 0
168 149 0
170 149 0
171 149 0
173 149 0
162 150 0
168 150 0
172 150 0
176 150 0
177 150 0
165 151 0
178 151 0
180 151 0
178 152 0
179 152 0
180 152 0
171 153 0
177 153 0
178 153 0
179 153 0
180 153 0
174 154 0
175 154 0
176 154 0
177 154 0
178 154 0
179 154 0
219 154 0
172 155 0
173 155 0
174 155 0
175 155 0
176 155 0
177 155 0
178 155 0
179 155 0
210 155 0
172 156 0
173 156 0
174 156 0
175 156 0
176 156 0
177 156 0
192 156 0
196 156 0
198 156 0
202 156 0
207 156 0
214 156 0
215 156 0
227 156 0
228 156 0
230 156 0
172 157 0
173 157 0
174 157 0
175 157 0
190 157 0
191 157 0
193 157 0
204 157 0
210 157 0
223 157 0
224 157 0
226 157 0
227 157 0
233 157 0
168 158 0
172 158 0
173 158 0
174 158 0
182 158 0
183 158 0
188 158 0
194 158 0
201 158 0
205 158 0
208 158 0
216 158 0
221 158 0
223 158 0
224 158 0
225 158 0
226 158 0
227 158 0
228 158 0
229 158 0
230 158 0
236 158 0
237 158 0
238 158 0
162 159 0
164 159 0
183 159 0
184 159 0
185 159 0
186 159 0
191 159 0
192 159 0
193 159 0
196 159 0
219 159 0
220 159 0
225 159 0
238 159 0
239 159 0
241 159 0
242 159 0
243 159 0
244 159 0
161 160 0
180 160 0
225 160 0
242 160 0
246 160 0
176 161 0
177 161 0
178 161 0
179 161 0
181 161 0
243 161 0
244 161 0
245 161 0
246 161 0
163 162 0
167 162 0
172 162 0
173 162 0
174 162 0
175 162 0
176 162 0
177 162 0
193 162 0
194 162 0
198 162 0
200 162 0
201 162 0
202 162 0
203 162 0
208 162 0
209 162 0
214 162 0
246 162 0
247 162 0
248 162 0
249 162 0
250 162 0
253 162 0
165 163 0
166 163 0
168 163 0
169 163 0
170 163 0
171 163 0
172 163 0
173 163 0
174 163 0
175 163 0
176 163 0
177 163 0
188 163 0
190 163 0
191 163 0
194 163 0
200 163 0
211 163 0
212 163 0
213 163 0
214 163 0
249 163 0
250 163 0
251 163 0
252 163 0
260 163 0
168 164 0
169 164 0
170 164 0
171 164 0
172 164 0
173 164 0
174 164 0
175 164 0
176 164 0
177 164 0
182 164 0
184 164 0
187 164 0
189 164 0
190 164 0
191 164 0
192 164 0
195 164 0
198 164 0
199 164 0
204 164 0
206 164 0
208 164 0
216 164 0
170 165 0
171 165 0
172 165 0
173 165 0
174 165 0
175 165 0
182 165 0
184 165 0
188 165 0
189 165 0
191 165 0
203 165 0
205 165 0
214 165 0
256 165 0
257 165 0
260 165 0
161 166 0
165 166 0
171 166 0
172 166 0
174 166 0
184 166 0
187 166 0
188 166 0
189 166 0
191 166 0
211 166 0
255 166 0
179 167 0
191 167 0
196 167 0
197 167 0
201 167 0
260 167 0
263 167 0
264 167 0
180 168 0
182 168 0
183 168 0
263 168 0
265 168 0
176 169 0
177 169 0
179 169 0
185 169 0
261 169 0
264 169 0
271 170 0
178 171 0
274 172 0
275 172 0
173 173 0
274 173 0
180 174 0
281 174 0
282 174 0
296 179 0
302 179 0
305 182 0
317 185 0
159 2 1
159 4 1
278 7 1
277 8 1
278 8 1
279 8 1
163 9 1
164 9 1
165 9 1
276 9 1
277 9 1
163 10 1
164 10 1
165 10 1
166 10 1
167 10 1
168 10 1
169 10 1
170 10 1
171 10 1
172 10 1
173 10 1
174 10 1
209 10 1
274 10 1
276 10 1
284 10 1
285 10 1
286 10 1
287 10 1
288 10 1
289 10 1
291 10 1
166 11 1
167 11 1
168 11 1
169 11 1
170 11 1
171 11 1
172 11 1
173 11 1
174 11 1
175 11 1
176 11 1
177 11 1
178 11 1
281 11 1
282 11 1
283 11 1
284 11 1
285 11 1
286 11 1
287 11 1
288 11 1
289 11 1
290 11 1
291 11 1
292 11 1
173 12 1
174 12 1
175 12 1
176 12 1
177 12 1
178 12 1
179 12 1
180 12 1
182 12 1
185 12 1
283 12 1
288 12 1
290 12 1
291 12 1
292 12 1
293 12 1
178 13 1
179 13 1
180 13 1
181 13 1
182 13 1
183 13 1
184 13 1
185 13 1
186 13 1
187 13 1
293 13 1
294 13 1
295 13 1
296 13 1
182 14 1
183 14 1
184 14 1
185 14 1
186 14 1
187 14 1
188 14 1
189 14 1
190 14 1
191 14 1
192 14 1
293 14 1
294 14 1
295 14 1
296 14 1
297 14 1
298 14 1
187 15 1
188 15 1
189 15 1
190 15 1
191 15 1
192 15 1
193 15 1
194 15 1
195 15 1
196 15 1
197 15 1
198 15 1
199 15 1
295 15 1
296 15 1
297 15 1
195 16 1
196 16 1
197 16 1
198 16 1
199 16 1
200 16 1
201 16 1
202 16 1
203 16 1
297 16 1
298 16 1
299 16 1
168 17 1
176 17 1
202 17 1
203 17 1
204 17 1
205 17 1
299 17 1
300 17 1
302 17 1
168 18 1
169 18 1
170 18 1
171 18 1
172 18 1
173 18 1
175 18 1
176 18 1
190 18 1
302 18 1
303 18 1
304 18 1
172 19 1
173 19 1
174 19 1
176 19 1
177 19 1
178 19 1
180 19 1
183 19 1
184 19 1
187 19 1
188 19 1
190 19 1
191 19 1
192 19 1
193 19 1
194 19 1
195 19 1
198 19 1
200 19 1
207 19 1
301 19 1
302 19 1
303 19 1
304 19 1
201 20 1
202 20 1
203 20 1
304 20 1
204 21 1
167 22 1
170 23 1
174 23 1
182 23 1
161 24 1
178 24 1
180 24 1
184 24 1
162 25 1
182 25 1
185 25 1
197 25 1
204 25 1
162 26 1
163 26 1
164 26 1
197 26 1
163 27 1
164 27 1
165 27 1
164 28 1
165 28 1
166 28 1
167 28 1
168 28 1
169 28 1
170 28 1
171 28 1
172 28 1
174 28 1
166 29 1
167 29 1
168 29 1
169 29 1
170 29 1
171 29 1
172 29 1
173 29 1
174 29 1
175 29 1
176 29 1
177 29 1
178 29 1
179 29 1
170 30 1
171 30 1
172 30 1
173 30 1
174 30 1
175 30 1
176 30 1
177 30 1
178 30 1
179 30 1
180 30 1
181 30 1
182 30 1
183 30 1
184 30 1
186 30 1
193 30 1
178 31 1
179 31 1
180 31 1
181 31 1
182 31 1
183 31 1
184 31 1
185 31 1
186 31 1
187 31 1
188 31 1
189 31 1
190 31 1
191 31 1
192 31 1
193 31 1
197 31 1
185 32 1
186 32 1
187 32 1
188 32 1
189 32 1
190 32 1
191 32 1
192 32 1
193 32 1
194 32 1
195 32 1
196 32 1
197 32 1
198 32 1
199 32 1
200 32 1
202 32 1
205 32 1
206 32 1
207 32 1
195 33 1
196 33 1
197 33 1
198 33 1
199 33 1
200 33 1
206 33 1
207 33 1
208 33 1
258 33 1
262 34 1
206 36 1
209 37 1
210 37 1
198 38 1
202 38 1
204 38 1
205 38 1
206 38 1
198 39 1
199 39 1
200 39 1
201 39 1
202 39 1
203 39 1
204 39 1
205 39 1
206 39 1
255 39 1
195 40 1
197 40 1
198 40 1
199 40 1
200 40 1
201 40 1
202 40 1
203 40 1
204 40 1
247 40 1
193 41 1
194 41 1
195 41 1
196 41 1
197 41 1
198 41 1
199 41 1
200 41 1
201 41 1
192 42 1
193 42 1
194 42 1
195 42 1
196 42 1
237 42 1
255 42 1
259 42 1
260 42 1
190 43 1
191 43 1
192 43 1
193 43 1
194 43 1
208 43 1
209 43 1
228 43 1
189 44 1
231 44 1
255 44 1
259 44 1
180 45 1
181 45 1
183 45 1
204 45 1
209 45 1
211 45 1
213 45 1
217 45 1
259 45 1
260 45 1
181 46 1
199 46 1
200 46 1
203 46 1
204 46 1
205 46 1
206 46 1
207 46 1
209 46 1
210 46 1
211 46 1
212 46 1
259 46 1
260 46 1
261 46 1
201 47 1
202 47 1
203 47 1
204 47 1
205 47 1
206 47 1
208 47 1
209 47 1
210 47 1
255 47 1
259 47 1
260 47 1
261 47 1
262 47 1
190 48 1
191 48 1
193 48 1
196 48 1
197 48 1
201 48 1
204 48 1
205 48 1
206 48 1
207 48 1
208 48 1
209 48 1
210 48 1
211 48 1
259 48 1
260 48 1
261 48 1
262 48 1
263 48 1
185 49 1
191 49 1
193 49 1
194 49 1
200 49 1
201 49 1
202 49 1
203 49 1
204 49 1
205 49 1
206 49 1
207 49 1
208 49 1
209 49 1
210 49 1
214 49 1
216 49 1
260 49 1
261 49 1
262 49 1
263 49 1
264 49 1
178 50 1
182 50 1
183 50 1
184 50 1
186 50 1
189 50 1
190 50 1
191 50 1
192 50 1
194 50 1
206 50 1
207 50 1
208 50 1
209 50 1
214 50 1
215 50 1
218 50 1
224 50 1
226 50 1
261 50 1
262 50 1
263 50 1
264 50 1
265 50 1
266 50 1
267 50 1
268 50 1
176 51 1
177 51 1
178 51 1
179 51 1
180 51 1
181 51 1
182 51 1
183 51 1
184 51 1
185 51 1
187 51 1
190 51 1
208 51 1
222 51 1
226 51 1
240 51 1
241 51 1
262 51 1
263 51 1
264 51 1
266 51 1
271 51 1
176 52 1
177 52 1
178 52 1
179 52 1
180 52 1
181 52 1
182 52 1
183 52 1
184 52 1
185 52 1
188 52 1
234 52 1
246 52 1
249 52 1
251 52 1
263 52 1
264 52 1
265 52 1
267 52 1
176 53 1
177 53 1
178 53 1
179 53 1
180 53 1
181 53 1
182 53 1
183 53 1
185 53 1
186 53 1
192 53 1
247 53 1
264 53 1
268 53 1
177 54 1
178 54 1
179 54 1
180 54 1
181 54 1
182 54 1
183 54 1
184 54 1
180 55 1
183 55 1
274 56 1
269 58 1
282 59 1
280 66 1
283 68 1
315 25 2
316 27 2
318 27 2
319 27 2
318 28 2
340 28 2
341 28 2
321 29 2
322 29 2
323 29 2
341 29 2
342 29 2
325 30 2
342 30 2
343 30 2
344 30 2
322 31 2
323 31 2
324 31 2
325 31 2
326 31 2
344 31 2
324 32 2
328 32 2
329 32 2
328 33 2
331 33 2
333 33 2
332 34 2
333 34 2
335 35 2
338 35 2
339 35 2
340 35 2
336 36 2
338 36 2
341 36 2
303 37 2
337 37 2
342 37 2
341 38 2
342 38 2
343 38 2
341 39 2
286 75 2
288 78 2
292 79 2
290 80 2
290 81 2
293 81 2
294 81 2
293 82 2
294 82 2
294 84 2
296 85 2
297 85 2
294 86 2
296 86 2
299 87 2
299 89 2
300 89 2
303 89 2
303 90 2
305 93 2
306 93 2
307 93 2
306 94 2
309 96 2
309 97 2
312 97 2
310 98 2
313 99 2
314 99 2
314 100 2
317 101 2
318 101 2
317 102 2
318 102 2
322 105 2
326 108 2
326 109 2
327 109 2
327 110 2
333 113 2
335 114 2
336 114 2
337 114 2
336 116 2
339 117 2
342 120 2
182 3 3
184 3 3
189 4 3
204 4 3
168 7 3
205 7 3
193 8 3
188 9 3
175 11 3
189 11 3
197 11 3
200 12 3
183 13 3
199 13 3
191 14 3
