197 73 0
198 74 0
195 78 0
196 79 0
195 80 0
194 81 0
195 81 0
196 81 0
195 82 0
196 82 0
194 83 0
195 83 0
196 83 0
197 84 0
209 84 0
196 85 0
209 85 0
210 85 0
209 86 0
199 89 0
200 89 0
213 89 0
217 90 0
199 91 0
200 91 0
202 92 0
201 93 0
202 93 0
202 94 0
204 95 0
203 96 0
204 96 0
152 99 0
153 99 0
154 99 0
155 99 0
156 99 0
157 99 0
158 99 0
159 99 0
160 99 0
206 99 0
150 100 0
151 100 0
152 100 0
153 100 0
154 100 0
155 100 0
156 100 0
157 100 0
158 100 0
159 100 0
160 100 0
161 100 0
162 100 0
163 100 0
206 100 0
156 101 0
159 101 0
160 101 0
161 101 0
162 101 0
163 101 0
166 101 0
167 101 0
168 101 0
170 101 0
222 101 0
223 101 0
224 101 0
225 101 0
158 102 0
162 102 0
163 102 0
169 102 0
170 102 0
172 102 0
173 102 0
174 102 0
176 102 0
224 102 0
225 102 0
228 102 0
164 103 0
174 103 0
176 103 0
177 103 0
178 103 0
225 103 0
175 104 0
177 104 0
178 104 0
179 104 0
180 104 0
182 104 0
149 105 0
178 105 0
183 105 0
184 105 0
203 105 0
148 106 0
149 106 0
150 106 0
151 106 0
152 106 0
153 106 0
154 106 0
156 106 0
180 106 0
182 106 0
184 106 0
185 106 0
187 106 0
190 106 0
198 106 0
200 106 0
201 106 0
202 106 0
203 106 0
204 106 0
150 107 0
151 107 0
152 107 0
153 107 0
154 107 0
155 107 0
156 107 0
157 107 0
158 107 0
159 107 0
189 107 0
191 107 0
192 107 0
193 107 0
197 107 0
198 107 0
199 107 0
200 107 0
201 107 0
202 107 0
203 107 0
205 107 0
151 108 0
152 108 0
153 108 0
154 108 0
155 108 0
156 108 0
157 108 0
158 108 0
159 108 0
160 108 0
161 108 0
162 108 0
197 108 0
198 108 0
199 108 0
200 108 0
201 108 0
151 109 0
153 109 0
154 109 0
155 109 0
156 109 0
157 109 0
158 109 0
159 109 0
160 109 0
161 109 0
162 109 0
163 109 0
164 109 0
165 109 0
170 109 0
155 110 0
158 110 0
159 110 0
160 110 0
161 110 0
162 110 0
163 110 0
164 110 0
165 110 0
166 110 0
167 110 0
168 110 0
170 110 0
171 110 0
172 110 0
175 110 0
158 111 0
159 111 0
160 111 0
161 111 0
162 111 0
163 111 0
164 111 0
165 111 0
166 111 0
167 111 0
168 111 0
169 111 0
172 111 0
174 111 0
165 112 0
166 112 0
167 112 0
161 113 0
165 113 0
175 113 0
180 113 0
178 114 0
179 114 0
172 116 0
180 116 0
144 117 0
145 117 0
146 117 0
147 117 0
148 117 0
149 117 0
150 117 0
151 117 0
152 117 0
154 117 0
155 117 0
156 117 0
157 117 0
158 117 0
159 117 0
160 117 0
161 117 0
162 117 0
164 117 0
165 117 0
166 117 0
143 118 0
144 118 0
145 118 0
146 118 0
147 118 0
148 118 0
149 118 0
150 118 0
151 118 0
152 118 0
153 118 0
154 118 0
155 118 0
156 118 0
157 118 0
158 118 0
159 118 0
160 118 0
161 118 0
162 118 0
163 118 0
164 118 0
165 118 0
166 118 0
167 118 0
168 118 0
142 119 0
143 119 0
144 119 0
145 119 0
156 119 0
157 119 0
158 119 0
159 119 0
160 119 0
161 119 0
162 119 0
163 119 0
164 119 0
165 119 0
166 119 0
167 119 0
168 119 0
173 119 0
174 119 0
179 119 0
180 119 0
144 120 0
159 120 0
161 120 0
165 120 0
166 120 0
167 120 0
168 120 0
174 120 0
178 120 0
239 120 0
178 121 0
179 121 0
244 122 0
245 122 0
247 122 0
249 122 0
250 123 0
251 123 0
252 123 0
253 123 0
254 123 0
142 124 0
144 124 0
148 124 0
150 124 0
250 124 0
251 124 0
252 124 0
253 124 0
254 124 0
255 124 0
257 124 0
258 124 0
259 124 0
142 125 0
143 125 0
145 125 0
146 125 0
147 125 0
148 125 0
149 125 0
150 125 0
151 125 0
152 125 0
153 125 0
154 125 0
155 125 0
156 125 0
157 125 0
255 125 0
256 125 0
257 125 0
260 125 0
262 125 0
143 126 0
144 126 0
145 126 0
146 126 0
147 126 0
148 126 0
149 126 0
150 126 0
151 126 0
152 126 0
153 126 0
154 126 0
155 126 0
156 126 0
157 126 0
158 126 0
159 126 0
160 126 0
161 126 0
162 126 0
166 126 0
168 126 0
258 126 0
259 126 0
261 126 0
262 126 0
263 126 0
264 126 0
266 126 0
150 127 0
151 127 0
152 127 0
153 127 0
154 127 0
155 127 0
156 127 0
158 127 0
159 127 0
160 127 0
161 127 0
162 127 0
163 127 0
164 127 0
165 127 0
166 127 0
167 127 0
168 127 0
169 127 0
172 127 0
174 127 0
175 127 0
176 127 0
264 127 0
265 127 0
267 127 0
268 127 0
269 127 0
163 128 0
164 128 0
165 128 0
166 128 0
167 128 0
168 128 0
169 128 0
170 128 0
171 128 0
175 128 0
177 128 0
178 128 0
179 128 0
180 128 0
264 128 0
267 128 0
270 128 0
271 128 0
272 128 0
149 129 0
150 129 0
151 129 0
152 129 0
153 129 0
154 129 0
155 129 0
158 129 0
163 129 0
273 129 0
275 129 0
276 129 0
149 130 0
150 130 0
151 130 0
152 130 0
153 130 0
154 130 0
158 130 0
160 130 0
161 130 0
162 130 0
163 130 0
164 130 0
165 130 0
166 130 0
167 130 0
170 130 0
273 130 0
274 130 0
275 130 0
277 130 0
278 130 0
279 130 0
149 131 0
151 131 0
152 131 0
153 131 0
157 131 0
159 131 0
160 131 0
161 131 0
162 131 0
163 131 0
164 131 0
165 131 0
166 131 0
167 131 0
168 131 0
169 131 0
170 131 0
172 131 0
174 131 0
175 131 0
176 131 0
178 131 0
276 131 0
278 131 0
279 131 0
284 131 0
161 132 0
166 132 0
168 132 0
177 132 0
179 132 0
286 132 0
287 132 0
292 132 0
173 133 0
288 133 0
289 133 0
293 133 0
300 133 0
291 134 0
294 134 0
306 134 0
314 134 0
158 135 0
301 135 0
154 136 0
155 136 0
156 136 0
157 136 0
158 136 0
159 136 0
160 136 0
161 136 0
162 136 0
164 136 0
165 136 0
172 136 0
150 137 0
155 137 0
156 137 0
157 137 0
158 137 0
159 137 0
160 137 0
161 137 0
162 137 0
163 137 0
164 137 0
165 137 0
166 137 0
168 137 0
169 137 0
170 137 0
171 137 0
181 137 0
156 138 0
157 138 0
158 138 0
159 138 0
160 138 0
161 138 0
162 138 0
163 138 0
164 138 0
165 138 0
166 138 0
167 138 0
168 138 0
169 138 0
170 138 0
171 138 0
172 138 0
173 138 0
174 138 0
175 138 0
176 138 0
178 138 0
179 138 0
180 138 0
181 138 0
182 138 0
158 139 0
159 139 0
160 139 0
161 139 0
162 139 0
163 139 0
164 139 0
165 139 0
166 139 0
167 139 0
168 139 0
169 139 0
170 139 0
171 139 0
172 139 0
173 139 0
174 139 0
175 139 0
176 139 0
177 139 0
178 139 0
179 139 0
180 139 0
181 139 0
182 139 0
151 140 0
157 140 0
160 140 0
161 140 0
163 140 0
165 140 0
166 140 0
167 140 0
168 140 0
169 140 0
170 140 0
171 140 0
172 140 0
173 140 0
175 140 0
176 140 0
177 140 0
178 140 0
179 140 0
180 140 0
181 140 0
182 140 0
183 140 0
184 140 0
170 141 0
172 141 0
173 141 0
178 141 0
179 141 0
180 141 0
182 141 0
183 141 0
169 142 0
174 142 0
179 142 0
182 142 0
182 144 0
178 145 0
179 145 0
180 145 0
181 145 0
182 145 0
183 145 0
176 146 0
177 146 0
178 146 0
179 146 0
180 146 0
171 147 0
172 147 0
173 147 0
174 147 0
175 147 0
176 147 0
177 147 0
178 147 0
232 147 0
233 147 0
167 148 0
168 148 0
169 148 0
170 148 0
171 148 0
172 148 0
173 148 0
174 148 0
175 148 0
176 148 0
177 148 0
224 148 0
162 149 0
163 149 0
164 149 0
165 149 0
166 149 0
167 149 0
168 149 0
169 149 0
170 149 0
171 149 0
172 149 0
173 149 0
190 149 0
191 149 0
193 149 0
194 149 0
208 149 0
214 149 0
160 150 0
161 150 0
162 150 0
163 150 0
164 150 0
165 150 0
166 150 0
167 150 0
168 150 0
169 150 0
170 150 0
171 150 0
172 150 0
173 150 0
189 150 0
190 150 0
191 150 0
193 150 0
194 150 0
198 150 0
199 150 0
200 150 0
205 150 0
212 150 0
216 150 0
229 150 0
160 151 0
161 151 0
162 151 0
163 151 0
164 151 0
165 151 0
166 151 0
167 151 0
168 151 0
169 151 0
182 151 0
184 151 0
192 151 0
195 151 0
196 151 0
203 151 0
206 151 0
216 151 0
218 151 0
219 151 0
220 151 0
221 151 0
222 151 0
223 151 0
224 151 0
225 151 0
159 152 0
160 152 0
161 152 0
162 152 0
164 152 0
165 152 0
166 152 0
181 152 0
182 152 0
185 152 0
186 152 0
189 152 0
211 152 0
212 152 0
219 152 0
221 152 0
222 152 0
223 152 0
224 152 0
225 152 0
226 152 0
227 152 0
228 152 0
229 152 0
240 152 0
242 152 0
245 152 0
161 153 0
177 153 0
179 153 0
180 153 0
213 153 0
214 153 0
215 153 0
217 153 0
218 153 0
219 153 0
222 153 0
223 153 0
225 153 0
226 153 0
227 153 0
228 153 0
232 153 0
237 153 0
241 153 0
244 153 0
168 154 0
170 154 0
171 154 0
172 154 0
173 154 0
174 154 0
175 154 0
176 154 0
177 154 0
178 154 0
179 154 0
180 154 0
183 154 0
215 154 0
217 154 0
219 154 0
224 154 0
225 154 0
239 154 0
240 154 0
241 154 0
167 155 0
169 155 0
171 155 0
172 155 0
173 155 0
174 155 0
175 155 0
176 155 0
177 155 0
178 155 0
179 155 0
187 155 0
190 155 0
194 155 0
200 155 0
202 155 0
204 155 0
206 155 0
208 155 0
242 155 0
243 155 0
244 155 0
245 155 0
247 155 0
171 156 0
172 156 0
173 156 0
174 156 0
175 156 0
176 156 0
177 156 0
178 156 0
189 156 0
191 156 0
192 156 0
195 156 0
196 156 0
210 156 0
246 156 0
247 156 0
251 156 0
172 157 0
173 157 0
174 157 0
175 157 0
176 157 0
182 157 0
186 157 0
189 157 0
191 157 0
193 157 0
201 157 0
205 157 0
208 157 0
209 157 0
212 157 0
213 157 0
245 157 0
246 157 0
248 157 0
249 157 0
165 158 0
166 158 0
176 158 0
184 158 0
186 158 0
188 158 0
190 158 0
194 158 0
197 158 0
199 158 0
249 158 0
250 158 0
251 158 0
162 159 0
163 159 0
165 159 0
167 159 0
168 159 0
180 159 0
182 159 0
185 159 0
195 159 0
202 159 0
251 159 0
165 160 0
191 160 0
193 160 0
214 160 0
253 160 0
254 160 0
255 160 0
256 160 0
254 161 0
261 161 0
169 162 0
171 162 0
188 162 0
258 162 0
259 162 0
260 162 0
261 162 0
263 162 0
262 164 0
266 164 0
269 165 0
272 165 0
197 166 0
273 167 0
271 168 0
273 168 0
279 169 0
281 169 0
282 171 0
283 171 0
288 173 0
295 176 0
189 1 1
191 1 1
190 2 1
191 2 1
192 2 1
192 3 1
193 3 1
194 3 1
195 3 1
193 4 1
194 4 1
195 4 1
196 4 1
197 4 1
271 4 1
272 4 1
195 5 1
196 5 1
197 5 1
198 5 1
199 5 1
273 5 1
274 5 1
198 6 1
199 6 1
200 6 1
201 6 1
273 6 1
200 7 1
201 7 1
202 7 1
274 7 1
201 8 1
202 8 1
203 8 1
273 8 1
274 8 1
170 9 1
175 9 1
178 9 1
180 9 1
182 9 1
203 9 1
204 9 1
274 9 1
275 9 1
170 10 1
175 10 1
179 10 1
180 10 1
181 10 1
182 10 1
183 10 1
184 10 1
185 10 1
186 10 1
187 10 1
204 10 1
205 10 1
274 10 1
275 10 1
176 11 1
183 11 1
188 11 1
189 11 1
190 11 1
191 11 1
193 11 1
196 11 1
200 11 1
184 12 1
195 12 1
201 12 1
153 13 1
154 13 1
196 13 1
197 13 1
198 13 1
199 13 1
200 13 1
155 14 1
161 14 1
201 14 1
271 14 1
272 14 1
273 14 1
153 15 1
154 15 1
271 15 1
272 15 1
273 15 1
153 16 1
154 16 1
270 16 1
271 16 1
272 16 1
279 16 1
282 16 1
270 17 1
278 17 1
279 17 1
280 17 1
281 17 1
282 17 1
283 17 1
284 17 1
285 17 1
268 18 1
269 18 1
277 18 1
278 18 1
279 18 1
280 18 1
281 18 1
282 18 1
283 18 1
284 18 1
285 18 1
286 18 1
287 18 1
204 19 1
275 19 1
276 19 1
285 19 1
286 19 1
287 19 1
288 19 1
289 19 1
159 20 1
160 20 1
161 20 1
162 20 1
163 20 1
164 20 1
165 20 1
166 20 1
168 20 1
265 20 1
273 20 1
286 20 1
287 20 1
288 20 1
289 20 1
290 20 1
160 21 1
161 21 1
162 21 1
163 21 1
164 21 1
165 21 1
166 21 1
167 21 1
168 21 1
169 21 1
170 21 1
171 21 1
172 21 1
173 21 1
174 21 1
176 21 1
272 21 1
289 21 1
290 21 1
291 21 1
292 21 1
293 21 1
168 22 1
169 22 1
170 22 1
171 22 1
172 22 1
173 22 1
174 22 1
175 22 1
176 22 1
177 22 1
178 22 1
179 22 1
180 22 1
183 22 1
290 22 1
291 22 1
292 22 1
293 22 1
294 22 1
175 23 1
176 23 1
177 23 1
178 23 1
179 23 1
180 23 1
181 23 1
182 23 1
183 23 1
184 23 1
185 23 1
186 23 1
292 23 1
293 23 1
294 23 1
295 23 1
178 24 1
179 24 1
180 24 1
181 24 1
182 24 1
183 24 1
184 24 1
185 24 1
186 24 1
187 24 1
188 24 1
189 24 1
190 24 1
191 24 1
192 24 1
194 24 1
195 24 1
296 24 1
298 24 1
186 25 1
188 25 1
189 25 1
190 25 1
191 25 1
192 25 1
193 25 1
194 25 1
195 25 1
196 25 1
197 25 1
297 25 1
299 25 1
300 25 1
198 26 1
199 26 1
200 26 1
298 26 1
299 26 1
300 26 1
301 26 1
302 26 1
164 27 1
200 27 1
201 27 1
300 27 1
301 27 1
302 27 1
303 27 1
162 28 1
163 28 1
165 28 1
166 28 1
167 28 1
168 28 1
169 28 1
170 28 1
171 28 1
172 28 1
184 28 1
185 28 1
186 28 1
194 28 1
303 28 1
163 29 1
170 29 1
172 29 1
173 29 1
174 29 1
177 29 1
178 29 1
186 29 1
188 29 1
190 29 1
191 29 1
192 29 1
171 30 1
314 31 1
167 32 1
175 32 1
196 32 1
311 32 1
312 32 1
314 32 1
315 32 1
316 32 1
317 32 1
164 33 1
169 33 1
170 33 1
172 33 1
179 33 1
205 33 1
318 33 1
182 34 1
199 34 1
314 34 1
319 34 1
188 35 1
198 35 1
200 35 1
318 35 1
158 36 1
200 36 1
202 36 1
319 36 1
322 36 1
324 36 1
326 36 1
158 37 1
159 37 1
160 37 1
161 37 1
162 37 1
163 37 1
168 37 1
195 37 1
197 37 1
198 37 1
202 37 1
204 37 1
205 37 1
323 37 1
325 37 1
327 37 1
159 38 1
160 38 1
161 38 1
162 38 1
163 38 1
164 38 1
165 38 1
166 38 1
167 38 1
168 38 1
169 38 1
170 38 1
171 38 1
199 38 1
205 38 1
325 38 1
326 38 1
327 38 1
161 39 1
162 39 1
163 39 1
164 39 1
165 39 1
166 39 1
167 39 1
168 39 1
169 39 1
170 39 1
171 39 1
172 39 1
173 39 1
174 39 1
175 39 1
176 39 1
180 39 1
184 39 1
188 39 1
194 39 1
196 39 1
197 39 1
198 39 1
199 39 1
200 39 1
201 39 1
326 39 1
329 39 1
332 39 1
167 40 1
168 40 1
169 40 1
170 40 1
171 40 1
172 40 1
173 40 1
174 40 1
175 40 1
176 40 1
177 40 1
178 40 1
179 40 1
180 40 1
181 40 1
182 40 1
183 40 1
184 40 1
185 40 1
186 40 1
188 40 1
189 40 1
193 40 1
194 40 1
195 40 1
196 40 1
197 40 1
198 40 1
199 40 1
200 40 1
201 40 1
202 40 1
203 40 1
328 40 1
330 40 1
331 40 1
332 40 1
177 41 1
178 41 1
179 41 1
180 41 1
181 41 1
182 41 1
183 41 1
184 41 1
185 41 1
186 41 1
187 41 1
188 41 1
189 41 1
194 41 1
195 41 1
196 41 1
197 41 1
198 41 1
199 41 1
200 41 1
201 41 1
202 41 1
203 41 1
204 41 1
332 41 1
333 41 1
334 41 1
335 41 1
336 41 1
338 41 1
188 42 1
189 42 1
202 42 1
203 42 1
335 42 1
336 42 1
337 42 1
338 42 1
341 42 1
342 43 1
343 43 1
205 44 1
206 44 1
205 45 1
201 46 1
202 46 1
244 46 1
200 47 1
201 47 1
202 47 1
233 47 1
196 48 1
197 48 1
199 48 1
200 48 1
201 48 1
202 48 1
194 49 1
213 49 1
250 49 1
251 49 1
255 49 1
190 50 1
231 50 1
255 50 1
188 51 1
189 51 1
208 51 1
225 51 1
237 51 1
242 51 1
245 51 1
255 51 1
178 52 1
181 52 1
182 52 1
184 52 1
185 52 1
186 52 1
187 52 1
188 52 1
189 52 1
200 52 1
250 52 1
254 52 1
255 52 1
256 52 1
177 53 1
178 53 1
179 53 1
180 53 1
181 53 1
182 53 1
183 53 1
184 53 1
185 53 1
187 53 1
203 53 1
205 53 1
211 53 1
212 53 1
213 53 1
254 53 1
255 53 1
256 53 1
257 53 1
173 54 1
174 54 1
175 54 1
176 54 1
177 54 1
178 54 1
179 54 1
180 54 1
181 54 1
182 54 1
183 54 1
184 54 1
195 54 1
197 54 1
198 54 1
203 54 1
204 54 1
206 54 1
208 54 1
209 54 1
211 54 1
213 54 1
255 54 1
256 54 1
257 54 1
258 54 1
265 54 1
174 55 1
175 55 1
176 55 1
177 55 1
178 55 1
179 55 1
180 55 1
199 55 1
200 55 1
201 55 1
202 55 1
204 55 1
205 55 1
206 55 1
207 55 1
208 55 1
209 55 1
210 55 1
211 55 1
212 55 1
213 55 1
214 55 1
217 55 1
247 55 1
251 55 1
252 55 1
255 55 1
256 55 1
257 55 1
258 55 1
195 56 1
200 56 1
201 56 1
203 56 1
205 56 1
206 56 1
207 56 1
208 56 1
209 56 1
210 56 1
211 56 1
212 56 1
252 56 1
253 56 1
256 56 1
257 56 1
258 56 1
259 56 1
260 56 1
261 56 1
183 57 1
186 57 1
189 57 1
198 57 1
199 57 1
200 57 1
203 57 1
204 57 1
205 57 1
206 57 1
207 57 1
208 57 1
209 57 1
210 57 1
211 57 1
212 57 1
213 57 1
257 57 1
258 57 1
259 57 1
260 57 1
261 57 1
262 57 1
266 57 1
182 58 1
184 58 1
185 58 1
187 58 1
190 58 1
191 58 1
195 58 1
196 58 1
197 58 1
203 58 1
204 58 1
205 58 1
206 58 1
207 58 1
208 58 1
210 58 1
211 58 1
233 58 1
235 58 1
236 58 1
259 58 1
260 58 1
261 58 1
262 58 1
177 59 1
178 59 1
180 59 1
181 59 1
185 59 1
186 59 1
187 59 1
188 59 1
189 59 1
190 59 1
192 59 1
193 59 1
246 59 1
254 59 1
255 59 1
256 59 1
262 59 1
263 59 1
266 59 1
270 59 1
171 60 1
172 60 1
173 60 1
174 60 1
175 60 1
176 60 1
178 60 1
179 60 1
180 60 1
181 60 1
182 60 1
183 60 1
184 60 1
185 60 1
186 60 1
187 60 1
188 60 1
189 60 1
190 60 1
192 60 1
256 60 1
257 60 1
268 60 1
172 61 1
173 61 1
174 61 1
175 61 1
176 61 1
177 61 1
178 61 1
179 61 1
180 61 1
181 61 1
182 61 1
183 61 1
184 61 1
185 61 1
186 61 1
187 61 1
188 61 1
189 61 1
190 61 1
191 61 1
172 62 1
173 62 1
174 62 1
175 62 1
176 62 1
177 62 1
178 62 1
179 62 1
180 62 1
181 62 1
182 62 1
183 62 1
184 62 1
185 62 1
186 62 1
187 62 1
188 62 1
189 62 1
270 62 1
174 63 1
175 63 1
176 63 1
177 63 1
178 63 1
179 63 1
180 63 1
181 63 1
182 63 1
183 63 1
184 63 1
185 63 1
276 63 1
277 63 1
176 64 1
177 64 1
178 64 1
179 64 1
180 64 1
278 72 1
280 74 1
280 75 1
282 78 1
283 78 1
284 80 1
292 86 1
293 86 1
294 88 1
299 90 1
299 91 1
299 92 1
300 92 1
301 93 1
302 93 1
303 94 1
304 94 1
307 98 1
308 98 1
309 100 1
313 103 1
315 103 1
316 105 1
317 106 1
319 107 1
321 107 1
324 110 1
325 110 1
336 118 1
264 6 2
201 7 2
172 8 2
344 42 2
343 43 2
344 43 2
343 44 2
342 45 2
341 46 2
342 46 2
341 47 2
340 48 2
341 48 2
