199 2 0
200 2 0
166 3 0
167 3 0
168 3 0
201 3 0
202 3 0
203 3 0
204 3 0
167 4 0
168 4 0
169 4 0
170 4 0
204 4 0
205 4 0
206 4 0
262 4 0
168 5 0
169 5 0
170 5 0
171 5 0
172 5 0
173 5 0
174 5 0
207 5 0
208 5 0
209 5 0
210 5 0
213 5 0
214 5 0
215 5 0
216 5 0
217 5 0
171 6 0
172 6 0
173 6 0
174 6 0
175 6 0
176 6 0
213 6 0
214 6 0
215 6 0
216 6 0
217 6 0
218 6 0
220 6 0
221 6 0
222 6 0
223 6 0
174 7 0
175 7 0
176 7 0
177 7 0
178 7 0
214 7 0
215 7 0
216 7 0
217 7 0
218 7 0
219 7 0
220 7 0
221 7 0
222 7 0
223 7 0
177 8 0
178 8 0
179 8 0
180 8 0
181 8 0
218 8 0
219 8 0
221 8 0
179 9 0
180 9 0
181 9 0
182 9 0
200 9 0
181 10 0
182 10 0
183 10 0
184 10 0
185 10 0
201 10 0
265 10 0
183 11 0
184 11 0
185 11 0
186 11 0
187 11 0
266 11 0
185 12 0
186 12 0
187 12 0
188 12 0
189 12 0
187 13 0
188 13 0
189 13 0
190 13 0
191 13 0
267 13 0
189 14 0
190 14 0
191 14 0
192 14 0
193 14 0
192 15 0
193 15 0
194 15 0
195 15 0
196 15 0
194 16 0
195 16 0
196 16 0
197 16 0
267 16 0
153 17 0
196 17 0
197 17 0
198 17 0
199 17 0
152 18 0
153 18 0
198 18 0
199 18 0
151 19 0
152 19 0
153 19 0
164 19 0
165 19 0
170 19 0
171 19 0
172 19 0
173 19 0
174 19 0
175 19 0
176 19 0
177 19 0
178 19 0
179 19 0
180 19 0
181 19 0
199 19 0
200 19 0
166 20 0
167 20 0
169 20 0
175 20 0
177 20 0
178 20 0
179 20 0
181 20 0
182 20 0
183 20 0
184 20 0
271 20 0
272 20 0
273 20 0
275 20 0
162 21 0
185 21 0
186 21 0
187 21 0
190 21 0
191 21 0
192 21 0
195 21 0
196 21 0
267 21 0
268 21 0
269 21 0
271 21 0
272 21 0
273 21 0
193 22 0
196 22 0
265 22 0
266 22 0
267 22 0
268 22 0
269 22 0
266 23 0
267 23 0
147 24 0
148 24 0
149 24 0
150 24 0
151 24 0
156 24 0
161 24 0
162 24 0
264 24 0
265 24 0
273 24 0
274 24 0
275 24 0
276 24 0
277 24 0
278 24 0
280 24 0
281 24 0
147 25 0
148 25 0
149 25 0
150 25 0
151 25 0
152 25 0
153 25 0
263 25 0
264 25 0
269 25 0
270 25 0
271 25 0
272 25 0
273 25 0
274 25 0
275 25 0
276 25 0
277 25 0
278 25 0
279 25 0
280 25 0
147 26 0
148 26 0
149 26 0
150 26 0
279 26 0
281 26 0
282 26 0
283 26 0
284 26 0
148 27 0
149 27 0
150 27 0
151 27 0
268 27 0
269 27 0
280 27 0
282 27 0
283 27 0
285 27 0
154 29 0
201 29 0
154 30 0
155 30 0
156 30 0
157 30 0
158 30 0
159 30 0
160 30 0
161 30 0
162 30 0
163 30 0
164 30 0
165 30 0
156 31 0
157 31 0
158 31 0
159 31 0
160 31 0
161 31 0
162 31 0
163 31 0
164 31 0
165 31 0
166 31 0
167 31 0
168 31 0
169 31 0
170 31 0
171 31 0
172 31 0
173 31 0
167 32 0
168 32 0
169 32 0
170 32 0
171 32 0
172 32 0
173 32 0
174 32 0
175 32 0
176 32 0
177 32 0
178 32 0
216 32 0
173 33 0
174 33 0
175 33 0
176 33 0
177 33 0
178 33 0
179 33 0
180 33 0
181 33 0
182 33 0
183 33 0
184 33 0
185 33 0
186 33 0
187 33 0
190 33 0
191 33 0
298 33 0
299 33 0
182 34 0
183 34 0
184 34 0
185 34 0
186 34 0
187 34 0
188 34 0
189 34 0
190 34 0
191 34 0
192 34 0
193 34 0
296 34 0
299 34 0
302 34 0
193 35 0
194 35 0
298 35 0
299 35 0
304 35 0
181 36 0
301 36 0
157 37 0
158 37 0
161 37 0
162 37 0
166 37 0
168 37 0
175 37 0
177 37 0
178 37 0
180 37 0
181 37 0
182 37 0
183 37 0
185 37 0
308 37 0
159 38 0
160 38 0
161 38 0
163 38 0
165 38 0
166 38 0
167 38 0
168 38 0
169 38 0
170 38 0
173 38 0
175 38 0
183 38 0
184 38 0
185 38 0
186 38 0
187 38 0
190 38 0
196 38 0
306 38 0
307 38 0
308 38 0
165 39 0
167 39 0
170 39 0
176 39 0
177 39 0
190 39 0
307 39 0
310 39 0
311 39 0
314 40 0
315 40 0
161 41 0
313 41 0
314 41 0
316 41 0
317 41 0
165 42 0
166 42 0
173 42 0
202 42 0
317 42 0
318 42 0
319 42 0
161 43 0
162 43 0
171 43 0
172 43 0
185 43 0
318 43 0
320 43 0
154 44 0
157 44 0
172 44 0
182 44 0
183 44 0
320 44 0
321 44 0
322 44 0
323 44 0
324 44 0
152 45 0
153 45 0
170 45 0
186 45 0
195 45 0
198 45 0
199 45 0
324 45 0
325 45 0
326 45 0
328 45 0
329 45 0
330 45 0
155 46 0
156 46 0
160 46 0
190 46 0
191 46 0
326 46 0
329 46 0
331 46 0
332 46 0
333 46 0
158 47 0
194 47 0
328 47 0
336 47 0
337 47 0
339 47 0
340 47 0
164 48 0
168 48 0
169 48 0
170 48 0
171 48 0
172 48 0
200 48 0
333 48 0
334 48 0
337 48 0
338 48 0
340 48 0
342 48 0
170 49 0
172 49 0
173 49 0
174 49 0
175 49 0
176 49 0
177 49 0
178 49 0
341 49 0
342 49 0
174 50 0
175 50 0
176 50 0
177 50 0
178 50 0
179 50 0
201 52 0
202 52 0
200 53 0
203 53 0
195 55 0
196 55 0
197 55 0
252 55 0
194 56 0
195 56 0
196 56 0
197 56 0
198 56 0
189 57 0
192 57 0
193 57 0
194 57 0
195 57 0
196 57 0
213 57 0
225 57 0
251 57 0
187 58 0
188 58 0
189 58 0
190 58 0
208 58 0
225 58 0
247 58 0
251 58 0
185 59 0
186 59 0
187 59 0
188 59 0
189 59 0
232 59 0
237 59 0
247 59 0
250 59 0
251 59 0
252 59 0
253 59 0
182 60 0
183 60 0
184 60 0
185 60 0
186 60 0
193 60 0
200 60 0
220 60 0
222 60 0
241 60 0
242 60 0
251 60 0
252 60 0
253 60 0
254 60 0
262 60 0
173 61 0
174 61 0
176 61 0
177 61 0
178 61 0
179 61 0
180 61 0
181 61 0
182 61 0
183 61 0
184 61 0
185 61 0
194 61 0
196 61 0
201 61 0
202 61 0
251 61 0
252 61 0
253 61 0
254 61 0
173 62 0
174 62 0
175 62 0
176 62 0
177 62 0
178 62 0
179 62 0
180 62 0
181 62 0
182 62 0
196 62 0
197 62 0
203 62 0
204 62 0
206 62 0
208 62 0
209 62 0
211 62 0
212 62 0
213 62 0
214 62 0
221 62 0
251 62 0
252 62 0
253 62 0
254 62 0
255 62 0
258 62 0
260 62 0
170 63 0
171 63 0
172 63 0
173 63 0
174 63 0
175 63 0
176 63 0
177 63 0
178 63 0
179 63 0
180 63 0
191 63 0
201 63 0
207 63 0
212 63 0
248 63 0
249 63 0
252 63 0
253 63 0
254 63 0
255 63 0
256 63 0
257 63 0
169 64 0
170 64 0
171 64 0
172 64 0
173 64 0
174 64 0
175 64 0
176 64 0
194 64 0
195 64 0
196 64 0
199 64 0
200 64 0
253 64 0
254 64 0
255 64 0
256 64 0
257 64 0
258 64 0
170 65 0
187 65 0
194 65 0
195 65 0
197 65 0
198 65 0
250 65 0
251 65 0
255 65 0
256 65 0
257 65 0
181 66 0
182 66 0
184 66 0
185 66 0
190 66 0
191 66 0
192 66 0
193 66 0
194 66 0
195 66 0
197 66 0
242 66 0
249 66 0
250 66 0
252 66 0
262 66 0
263 66 0
174 67 0
175 67 0
178 67 0
179 67 0
182 67 0
183 67 0
184 67 0
185 67 0
186 67 0
187 67 0
189 67 0
190 67 0
191 67 0
192 67 0
195 67 0
250 67 0
251 67 0
252 67 0
253 67 0
264 67 0
169 68 0
170 68 0
173 68 0
175 68 0
179 68 0
180 68 0
182 68 0
183 68 0
184 68 0
185 68 0
186 68 0
252 68 0
253 68 0
254 68 0
255 68 0
168 69 0
169 69 0
170 69 0
171 69 0
172 69 0
173 69 0
174 69 0
175 69 0
176 69 0
177 69 0
178 69 0
180 69 0
181 69 0
182 69 0
183 69 0
184 69 0
185 69 0
186 69 0
187 69 0
256 69 0
270 69 0
168 70 0
169 70 0
170 70 0
171 70 0
172 70 0
173 70 0
174 70 0
175 70 0
176 70 0
177 70 0
178 70 0
179 70 0
180 70 0
181 70 0
182 70 0
183 70 0
184 70 0
169 71 0
170 71 0
171 71 0
172 71 0
173 71 0
174 71 0
175 71 0
176 71 0
177 71 0
178 71 0
179 71 0
180 71 0
181 71 0
170 72 0
171 72 0
172 72 0
173 72 0
174 72 0
175 72 0
176 72 0
177 72 0
272 73 0
269 75 0
281 76 0
273 78 0
274 78 0
276 79 0
275 81 0
277 84 0
278 84 0
279 84 0
280 84 0
280 86 0
281 86 0
282 86 0
282 87 0
285 87 0
283 88 0
284 88 0
285 89 0
286 89 0
285 90 0
286 90 0
287 90 0
288 90 0
290 91 0
288 92 0
290 92 0
291 92 0
291 93 0
292 93 0
294 93 0
293 94 0
294 95 0
295 95 0
294 96 0
295 96 0
296 96 0
297 97 0
298 98 0
299 98 0
300 100 0
300 101 0
301 101 0
305 102 0
301 103 0
303 103 0
305 104 0
307 105 0
308 105 0
310 106 0
309 107 0
310 107 0
312 108 0
313 108 0
314 109 0
315 109 0
316 110 0
320 113 0
319 114 0
322 114 0
323 114 0
323 115 0
326 117 0
329 118 0
330 118 0
330 120 0
336 122 0
180 2 1
198 76 1
210 76 1
199 77 1
201 79 1
201 80 1
204 85 1
220 85 1
205 86 1
219 86 1
220 86 1
221 86 1
204 87 1
205 87 1
206 87 1
220 87 1
221 87 1
222 87 1
205 88 1
206 88 1
207 88 1
220 88 1
221 88 1
222 88 1
223 88 1
224 88 1
155 89 1
156 89 1
206 89 1
207 89 1
221 89 1
222 89 1
223 89 1
224 89 1
153 90 1
154 90 1
155 90 1
156 90 1
157 90 1
222 90 1
223 90 1
224 90 1
225 90 1
151 91 1
152 91 1
153 91 1
154 91 1
155 91 1
158 91 1
162 91 1
163 91 1
164 91 1
222 91 1
223 91 1
224 91 1
225 91 1
226 91 1
152 92 1
154 92 1
164 92 1
165 92 1
166 92 1
167 92 1
168 92 1
169 92 1
170 92 1
224 92 1
225 92 1
226 92 1
167 93 1
169 93 1
170 93 1
171 93 1
172 93 1
225 93 1
226 93 1
227 93 1
176 94 1
226 94 1
227 94 1
177 95 1
182 95 1
227 95 1
228 95 1
151 96 1
152 96 1
153 96 1
154 96 1
182 96 1
183 96 1
184 96 1
225 96 1
228 96 1
152 97 1
153 97 1
154 97 1
155 97 1
156 97 1
159 97 1
167 97 1
183 97 1
184 97 1
185 97 1
186 97 1
153 98 1
154 98 1
155 98 1
156 98 1
157 98 1
158 98 1
159 98 1
160 98 1
170 98 1
184 98 1
186 98 1
187 98 1
188 98 1
189 98 1
206 98 1
151 99 1
155 99 1
156 99 1
157 99 1
158 99 1
159 99 1
160 99 1
161 99 1
162 99 1
163 99 1
164 99 1
189 99 1
190 99 1
191 99 1
193 99 1
194 99 1
195 99 1
196 99 1
198 99 1
205 99 1
206 99 1
157 100 1
158 100 1
159 100 1
160 100 1
161 100 1
162 100 1
163 100 1
164 100 1
165 100 1
166 100 1
172 100 1
194 100 1
197 100 1
198 100 1
199 100 1
200 100 1
159 101 1
160 101 1
162 101 1
163 101 1
168 101 1
169 101 1
171 101 1
167 104 1
168 104 1
180 104 1
167 105 1
168 105 1
169 105 1
171 105 1
168 106 1
169 106 1
182 106 1
147 107 1
148 107 1
149 107 1
150 107 1
151 107 1
152 107 1
153 107 1
154 107 1
155 107 1
156 107 1
159 107 1
168 107 1
171 107 1
172 107 1
173 107 1
174 107 1
175 107 1
236 107 1
145 108 1
146 108 1
147 108 1
148 108 1
149 108 1
150 108 1
151 108 1
152 108 1
153 108 1
154 108 1
155 108 1
156 108 1
157 108 1
158 108 1
159 108 1
160 108 1
161 108 1
162 108 1
163 108 1
175 108 1
176 108 1
177 108 1
178 108 1
235 108 1
144 109 1
145 109 1
146 109 1
147 109 1
148 109 1
149 109 1
150 109 1
151 109 1
152 109 1
153 109 1
154 109 1
155 109 1
156 109 1
157 109 1
158 109 1
159 109 1
160 109 1
161 109 1
162 109 1
163 109 1
164 109 1
165 109 1
166 109 1
167 109 1
180 109 1
145 110 1
152 110 1
153 110 1
154 110 1
155 110 1
156 110 1
157 110 1
158 110 1
159 110 1
160 110 1
161 110 1
162 110 1
163 110 1
164 110 1
165 110 1
166 110 1
159 111 1
163 111 1
164 111 1
165 111 1
241 113 1
243 114 1
143 115 1
145 115 1
146 115 1
147 115 1
148 115 1
243 115 1
244 115 1
143 116 1
144 116 1
145 116 1
146 116 1
149 116 1
150 116 1
151 116 1
152 116 1
153 116 1
154 116 1
155 116 1
156 116 1
157 116 1
244 116 1
245 116 1
149 117 1
150 117 1
151 117 1
152 117 1
153 117 1
154 117 1
155 117 1
156 117 1
157 117 1
158 117 1
159 117 1
160 117 1
161 117 1
156 118 1
157 118 1
158 118 1
159 118 1
160 118 1
161 118 1
162 118 1
163 118 1
164 118 1
165 118 1
166 118 1
167 118 1
168 118 1
169 118 1
172 118 1
174 118 1
252 118 1
253 118 1
254 118 1
162 119 1
164 119 1
165 119 1
166 119 1
167 119 1
168 119 1
169 119 1
170 119 1
171 119 1
172 119 1
173 119 1
178 119 1
179 119 1
180 119 1
254 119 1
255 119 1
256 119 1
257 119 1
151 120 1
152 120 1
153 120 1
154 120 1
155 120 1
156 120 1
157 120 1
180 120 1
181 120 1
256 120 1
258 120 1
259 120 1
260 120 1
261 120 1
150 121 1
151 121 1
152 121 1
153 121 1
154 121 1
155 121 1
156 121 1
157 121 1
158 121 1
159 121 1
160 121 1
161 121 1
162 121 1
163 121 1
164 121 1
165 121 1
166 121 1
149 122 1
150 122 1
151 122 1
154 122 1
155 122 1
157 122 1
158 122 1
159 122 1
160 122 1
161 122 1
162 122 1
163 122 1
164 122 1
165 122 1
166 122 1
167 122 1
168 122 1
169 122 1
175 122 1
263 122 1
264 122 1
265 122 1
266 122 1
267 122 1
268 122 1
164 123 1
165 123 1
166 123 1
167 123 1
168 123 1
169 123 1
170 123 1
171 123 1
173 123 1
174 123 1
176 123 1
177 123 1
178 123 1
264 123 1
267 123 1
269 123 1
270 123 1
272 123 1
179 124 1
268 124 1
270 124 1
271 124 1
272 124 1
274 124 1
271 125 1
273 125 1
275 125 1
276 125 1
151 126 1
152 126 1
275 126 1
276 126 1
277 126 1
278 126 1
279 126 1
280 126 1
151 127 1
152 127 1
153 127 1
154 127 1
155 127 1
156 127 1
157 127 1
159 127 1
160 127 1
278 127 1
280 127 1
282 127 1
283 127 1
284 127 1
161 128 1
162 128 1
163 128 1
164 128 1
165 128 1
167 128 1
281 128 1
282 128 1
284 128 1
285 128 1
161 129 1
162 129 1
163 129 1
164 129 1
165 129 1
166 129 1
167 129 1
168 129 1
169 129 1
170 129 1
171 129 1
172 129 1
173 129 1
284 129 1
285 129 1
289 129 1
290 129 1
158 130 1
161 130 1
162 130 1
163 130 1
164 130 1
165 130 1
166 130 1
167 130 1
168 130 1
169 130 1
170 130 1
171 130 1
175 130 1
177 130 1
178 130 1
179 130 1
181 130 1
182 130 1
290 130 1
291 130 1
294 130 1
299 130 1
156 131 1
157 131 1
165 131 1
166 131 1
167 131 1
168 131 1
169 131 1
170 131 1
176 131 1
177 131 1
178 131 1
180 131 1
183 131 1
297 131 1
314 131 1
158 132 1
170 132 1
177 132 1
184 132 1
313 132 1
173 133 1
184 133 1
173 134 1
179 134 1
180 134 1
181 134 1
178 135 1
181 135 1
182 136 1
184 136 1
183 137 1
184 137 1
185 137 1
169 139 1
170 139 1
171 139 1
172 139 1
173 139 1
174 139 1
162 140 1
163 140 1
164 140 1
165 140 1
166 140 1
167 140 1
168 140 1
169 140 1
170 140 1
171 140 1
172 140 1
173 140 1
174 140 1
161 141 1
162 141 1
163 141 1
164 141 1
165 141 1
166 141 1
167 141 1
168 141 1
169 141 1
170 141 1
171 141 1
172 141 1
232 141 1
160 142 1
161 142 1
162 142 1
163 142 1
164 142 1
165 142 1
166 142 1
167 142 1
168 142 1
169 142 1
170 142 1
187 142 1
201 142 1
159 143 1
160 143 1
161 143 1
162 143 1
164 143 1
165 143 1
166 143 1
167 143 1
190 143 1
191 143 1
201 143 1
203 143 1
209 143 1
160 144 1
180 144 1
181 144 1
182 144 1
183 144 1
207 144 1
215 144 1
221 144 1
225 144 1
227 144 1
228 144 1
176 145 1
177 145 1
178 145 1
204 145 1
212 145 1
217 145 1
218 145 1
222 145 1
226 145 1
230 145 1
231 145 1
236 145 1
237 145 1
168 146 1
170 146 1
171 146 1
172 146 1
173 146 1
174 146 1
175 146 1
176 146 1
177 146 1
178 146 1
211 146 1
214 146 1
215 146 1
216 146 1
217 146 1
218 146 1
220 146 1
223 146 1
224 146 1
225 146 1
226 146 1
227 146 1
228 146 1
233 146 1
237 146 1
160 147 1
161 147 1
162 147 1
163 147 1
164 147 1
165 147 1
166 147 1
167 147 1
168 147 1
169 147 1
170 147 1
171 147 1
172 147 1
173 147 1
174 147 1
175 147 1
176 147 1
177 147 1
197 147 1
218 147 1
219 147 1
224 147 1
230 147 1
237 147 1
238 147 1
241 147 1
242 147 1
243 147 1
160 148 1
161 148 1
162 148 1
163 148 1
164 148 1
165 148 1
166 148 1
167 148 1
168 148 1
169 148 1
170 148 1
171 148 1
172 148 1
173 148 1
174 148 1
175 148 1
189 148 1
190 148 1
191 148 1
192 148 1
193 148 1
239 148 1
240 148 1
241 148 1
243 148 1
245 148 1
161 149 1
162 149 1
163 149 1
164 149 1
165 149 1
166 149 1
167 149 1
168 149 1
169 149 1
170 149 1
171 149 1
173 149 1
174 149 1
183 149 1
184 149 1
185 149 1
188 149 1
194 149 1
201 149 1
240 149 1
241 149 1
161 150 1
162 150 1
163 150 1
167 150 1
181 150 1
183 150 1
186 150 1
187 150 1
192 150 1
195 150 1
207 150 1
244 150 1
165 151 1
189 151 1
191 151 1
202 151 1
203 151 1
190 152 1
196 152 1
204 152 1
216 152 1
247 152 1
248 152 1
182 153 1
248 153 1
252 153 1
213 154 1
252 154 1
253 154 1
254 154 1
254 155 1
256 155 1
256 156 1
257 156 1
258 157 1
259 157 1
260 157 1
264 157 1
259 158 1
261 158 1
262 158 1
267 161 1
268 161 1
269 162 1
275 165 1
283 168 1
288 170 1
291 171 1
292 171 1
327 180 1
