168 2 0
166 3 0
167 3 0
169 3 0
170 4 0
171 4 0
173 4 0
168 5 0
169 5 0
170 5 0
171 5 0
172 5 0
173 5 0
174 5 0
175 5 0
176 5 0
183 5 0
176 6 0
177 6 0
178 6 0
179 6 0
180 6 0
181 6 0
182 6 0
184 6 0
179 7 0
180 7 0
181 7 0
182 7 0
183 7 0
184 7 0
185 7 0
186 7 0
183 8 0
184 8 0
185 8 0
186 8 0
187 8 0
188 8 0
189 8 0
186 9 0
187 9 0
190 9 0
191 9 0
191 10 0
192 10 0
193 10 0
194 10 0
195 10 0
196 11 0
158 12 0
159 12 0
195 12 0
196 12 0
197 12 0
198 12 0
228 12 0
162 13 0
163 13 0
165 13 0
199 13 0
163 14 0
164 14 0
165 14 0
166 14 0
167 14 0
200 14 0
201 14 0
203 14 0
204 14 0
205 14 0
206 14 0
207 14 0
214 14 0
218 14 0
219 14 0
220 14 0
221 14 0
222 14 0
223 14 0
165 15 0
166 15 0
167 15 0
168 15 0
169 15 0
170 15 0
206 15 0
210 15 0
212 15 0
213 15 0
214 15 0
215 15 0
216 15 0
217 15 0
218 15 0
219 15 0
220 15 0
221 15 0
222 15 0
166 16 0
167 16 0
168 16 0
169 16 0
170 16 0
171 16 0
172 16 0
211 16 0
212 16 0
213 16 0
214 16 0
215 16 0
216 16 0
217 16 0
218 16 0
219 16 0
170 17 0
171 17 0
172 17 0
173 17 0
189 17 0
172 18 0
173 18 0
174 18 0
175 18 0
176 18 0
177 18 0
193 18 0
175 19 0
176 19 0
177 19 0
178 19 0
179 19 0
178 20 0
179 20 0
180 20 0
181 20 0
194 20 0
195 20 0
179 21 0
180 21 0
181 21 0
182 21 0
183 21 0
181 22 0
182 22 0
183 22 0
184 22 0
185 22 0
186 22 0
261 22 0
184 23 0
185 23 0
186 23 0
187 23 0
188 23 0
186 24 0
187 24 0
188 24 0
189 24 0
190 24 0
191 24 0
188 25 0
189 25 0
190 25 0
191 25 0
192 25 0
151 26 0
191 26 0
192 26 0
193 26 0
147 27 0
148 27 0
149 27 0
150 27 0
193 27 0
194 27 0
267 27 0
270 27 0
144 28 0
145 28 0
146 28 0
147 28 0
148 28 0
149 28 0
150 28 0
151 28 0
157 28 0
167 28 0
168 28 0
169 28 0
171 28 0
172 28 0
174 28 0
175 28 0
177 28 0
178 28 0
183 28 0
185 28 0
194 28 0
265 28 0
266 28 0
267 28 0
268 28 0
269 28 0
145 29 0
146 29 0
147 29 0
158 29 0
159 29 0
161 29 0
162 29 0
163 29 0
164 29 0
166 29 0
167 29 0
169 29 0
170 29 0
171 29 0
172 29 0
173 29 0
174 29 0
175 29 0
176 29 0
178 29 0
179 29 0
180 29 0
181 29 0
184 29 0
185 29 0
186 29 0
262 29 0
263 29 0
266 29 0
165 30 0
171 30 0
177 30 0
178 30 0
179 30 0
181 30 0
182 30 0
183 30 0
185 30 0
186 30 0
189 30 0
261 30 0
262 30 0
263 30 0
186 31 0
187 31 0
188 31 0
189 31 0
190 31 0
260 31 0
261 31 0
266 31 0
268 31 0
269 31 0
270 31 0
271 31 0
272 31 0
259 32 0
267 32 0
268 32 0
269 32 0
270 32 0
271 32 0
272 32 0
273 32 0
275 32 0
277 32 0
143 33 0
145 33 0
158 33 0
258 33 0
265 33 0
266 33 0
272 33 0
274 33 0
277 33 0
278 33 0
142 34 0
143 34 0
144 34 0
145 34 0
146 34 0
264 34 0
276 34 0
277 34 0
278 34 0
279 34 0
280 34 0
281 34 0
143 35 0
144 35 0
146 35 0
151 35 0
262 35 0
279 35 0
280 35 0
281 35 0
142 36 0
143 36 0
144 36 0
145 36 0
146 36 0
182 36 0
282 36 0
284 36 0
143 37 0
144 37 0
145 37 0
146 37 0
179 37 0
191 37 0
192 37 0
287 37 0
193 38 0
151 39 0
152 39 0
153 39 0
154 39 0
155 39 0
156 39 0
158 39 0
160 39 0
208 39 0
211 39 0
150 40 0
151 40 0
152 40 0
153 40 0
154 40 0
155 40 0
156 40 0
157 40 0
158 40 0
159 40 0
160 40 0
161 40 0
162 40 0
163 40 0
164 40 0
165 40 0
214 40 0
291 40 0
292 40 0
152 41 0
153 41 0
154 41 0
155 41 0
156 41 0
157 41 0
158 41 0
159 41 0
160 41 0
161 41 0
162 41 0
163 41 0
164 41 0
165 41 0
166 41 0
167 41 0
168 41 0
169 41 0
170 41 0
296 41 0
166 42 0
167 42 0
168 42 0
169 42 0
170 42 0
171 42 0
172 42 0
173 42 0
174 42 0
175 42 0
176 42 0
177 42 0
178 42 0
179 42 0
180 42 0
181 42 0
184 42 0
185 42 0
297 42 0
298 42 0
301 42 0
171 43 0
172 43 0
173 43 0
174 43 0
175 43 0
176 43 0
177 43 0
178 43 0
179 43 0
180 43 0
181 43 0
182 43 0
183 43 0
184 43 0
185 43 0
186 43 0
297 43 0
298 43 0
299 43 0
300 43 0
301 43 0
302 43 0
303 43 0
186 44 0
187 44 0
302 44 0
303 44 0
304 44 0
305 44 0
308 44 0
186 45 0
187 45 0
188 45 0
190 45 0
302 45 0
306 45 0
307 45 0
308 45 0
150 46 0
151 46 0
152 46 0
153 46 0
154 46 0
155 46 0
156 46 0
157 46 0
159 46 0
160 46 0
173 46 0
174 46 0
175 46 0
176 46 0
177 46 0
179 46 0
180 46 0
187 46 0
191 46 0
193 46 0
305 46 0
306 46 0
310 46 0
150 47 0
151 47 0
152 47 0
153 47 0
154 47 0
155 47 0
156 47 0
157 47 0
158 47 0
159 47 0
160 47 0
161 47 0
162 47 0
163 47 0
164 47 0
165 47 0
166 47 0
167 47 0
168 47 0
169 47 0
172 47 0
174 47 0
310 47 0
311 47 0
313 47 0
314 47 0
160 48 0
177 48 0
311 48 0
312 48 0
313 48 0
314 48 0
315 48 0
316 48 0
321 48 0
315 49 0
316 49 0
318 49 0
181 50 0
186 50 0
318 50 0
319 50 0
320 50 0
321 50 0
324 50 0
148 51 0
149 51 0
159 51 0
165 51 0
321 51 0
322 51 0
324 51 0
325 51 0
326 51 0
147 52 0
148 52 0
149 52 0
150 52 0
151 52 0
153 52 0
154 52 0
156 52 0
157 52 0
158 52 0
160 52 0
162 52 0
166 52 0
167 52 0
168 52 0
169 52 0
171 52 0
189 52 0
191 52 0
326 52 0
327 52 0
330 52 0
331 52 0
147 53 0
148 53 0
149 53 0
150 53 0
152 53 0
153 53 0
154 53 0
155 53 0
156 53 0
160 53 0
161 53 0
162 53 0
163 53 0
166 53 0
167 53 0
168 53 0
169 53 0
176 53 0
179 53 0
180 53 0
181 53 0
185 53 0
186 53 0
187 53 0
190 53 0
191 53 0
192 53 0
193 53 0
327 53 0
330 53 0
331 53 0
148 54 0
149 54 0
150 54 0
151 54 0
152 54 0
153 54 0
154 54 0
155 54 0
156 54 0
157 54 0
158 54 0
159 54 0
160 54 0
161 54 0
162 54 0
163 54 0
164 54 0
165 54 0
166 54 0
167 54 0
168 54 0
169 54 0
170 54 0
171 54 0
172 54 0
173 54 0
175 54 0
177 54 0
182 54 0
188 54 0
194 54 0
196 54 0
149 55 0
150 55 0
155 55 0
162 55 0
163 55 0
164 55 0
165 55 0
166 55 0
167 55 0
168 55 0
172 55 0
173 55 0
177 55 0
178 55 0
180 55 0
182 55 0
184 55 0
188 55 0
189 55 0
199 55 0
149 56 0
150 56 0
151 56 0
152 56 0
157 56 0
158 56 0
160 56 0
163 56 0
164 56 0
165 56 0
166 56 0
168 56 0
169 56 0
170 56 0
171 56 0
174 56 0
176 56 0
177 56 0
181 56 0
182 56 0
183 56 0
185 56 0
186 56 0
194 56 0
196 56 0
156 57 0
158 57 0
163 57 0
172 57 0
173 57 0
175 57 0
177 57 0
178 57 0
182 57 0
184 57 0
185 57 0
186 57 0
187 57 0
188 57 0
158 58 0
160 58 0
161 58 0
174 58 0
175 58 0
176 58 0
177 58 0
178 58 0
179 58 0
180 58 0
181 58 0
182 58 0
183 58 0
184 58 0
185 58 0
186 58 0
187 58 0
194 58 0
195 58 0
249 58 0
174 59 0
175 59 0
176 59 0
177 59 0
178 59 0
179 59 0
180 59 0
182 59 0
186 59 0
250 59 0
251 59 0
244 60 0
198 61 0
216 61 0
221 62 0
248 63 0
190 64 0
191 64 0
192 64 0
193 64 0
194 64 0
247 64 0
186 65 0
187 65 0
188 65 0
189 65 0
190 65 0
191 65 0
192 65 0
193 65 0
209 65 0
210 65 0
223 65 0
243 65 0
247 65 0
248 65 0
183 66 0
184 66 0
185 66 0
186 66 0
187 66 0
188 66 0
189 66 0
190 66 0
191 66 0
192 66 0
236 66 0
247 66 0
248 66 0
181 67 0
182 67 0
183 67 0
184 67 0
185 67 0
186 67 0
187 67 0
201 67 0
215 67 0
218 67 0
219 67 0
224 67 0
238 67 0
247 67 0
248 67 0
249 67 0
250 67 0
251 67 0
258 67 0
176 68 0
181 68 0
182 68 0
183 68 0
184 68 0
185 68 0
217 68 0
225 68 0
226 68 0
240 68 0
247 68 0
248 68 0
249 68 0
173 69 0
174 69 0
176 69 0
177 69 0
178 69 0
179 69 0
180 69 0
181 69 0
182 69 0
183 69 0
196 69 0
211 69 0
247 69 0
248 69 0
249 69 0
250 69 0
251 69 0
252 69 0
173 70 0
174 70 0
175 70 0
176 70 0
177 70 0
178 70 0
179 70 0
180 70 0
181 70 0
192 70 0
197 70 0
198 70 0
199 70 0
200 70 0
202 70 0
207 70 0
208 70 0
249 70 0
250 70 0
251 70 0
252 70 0
253 70 0
169 71 0
170 71 0
171 71 0
172 71 0
173 71 0
174 71 0
175 71 0
176 71 0
177 71 0
178 71 0
179 71 0
190 71 0
192 71 0
193 71 0
194 71 0
196 71 0
199 71 0
200 71 0
201 71 0
202 71 0
205 71 0
206 71 0
245 71 0
249 71 0
250 71 0
251 71 0
252 71 0
253 71 0
254 71 0
255 71 0
256 71 0
169 72 0
170 72 0
171 72 0
172 72 0
173 72 0
174 72 0
175 72 0
176 72 0
191 72 0
194 72 0
195 72 0
196 72 0
197 72 0
198 72 0
199 72 0
200 72 0
201 72 0
245 72 0
251 72 0
252 72 0
253 72 0
169 73 0
170 73 0
171 73 0
172 73 0
173 73 0
180 73 0
185 73 0
186 73 0
189 73 0
192 73 0
193 73 0
194 73 0
195 73 0
196 73 0
197 73 0
198 73 0
199 73 0
201 73 0
230 73 0
231 73 0
232 73 0
246 73 0
247 73 0
179 74 0
186 74 0
187 74 0
188 74 0
189 74 0
190 74 0
191 74 0
192 74 0
193 74 0
194 74 0
195 74 0
196 74 0
197 74 0
198 74 0
199 74 0
229 74 0
230 74 0
231 74 0
232 74 0
233 74 0
247 74 0
248 74 0
249 74 0
177 75 0
178 75 0
180 75 0
181 75 0
182 75 0
184 75 0
185 75 0
186 75 0
189 75 0
190 75 0
191 75 0
192 75 0
193 75 0
195 75 0
229 75 0
230 75 0
231 75 0
232 75 0
233 75 0
248 75 0
249 75 0
250 75 0
251 75 0
252 75 0
262 75 0
178 76 0
179 76 0
180 76 0
181 76 0
182 76 0
183 76 0
184 76 0
186 76 0
187 76 0
188 76 0
190 76 0
191 76 0
192 76 0
249 76 0
250 76 0
251 76 0
178 77 0
179 77 0
180 77 0
181 77 0
182 77 0
183 77 0
184 77 0
265 77 0
181 78 0
182 78 0
184 78 0
185 78 0
186 78 0
184 79 0
268 82 0
268 84 0
273 85 0
263 86 0
271 87 0
272 87 0
272 88 0
274 88 0
275 89 0
276 89 0
277 89 0
276 90 0
277 91 0
279 91 0
278 92 0
281 92 0
279 93 0
281 94 0
282 95 0
287 95 0
284 96 0
285 96 0
287 98 0
289 100 0
290 100 0
291 100 0
292 100 0
291 101 0
293 101 0
294 101 0
296 102 0
297 103 0
296 104 0
298 105 0
299 106 0
302 109 0
303 109 0
306 109 0
305 110 0
310 113 0
312 114 0
314 115 0
315 115 0
317 117 0
318 117 0
319 117 0
317 119 0
321 120 0
322 120 0
323 120 0
329 123 0
224 79 1
224 80 1
225 80 1
226 80 1
159 81 1
160 81 1
161 81 1
162 81 1
224 81 1
225 81 1
226 81 1
227 81 1
155 82 1
163 82 1
164 82 1
225 82 1
226 82 1
227 82 1
228 82 1
169 83 1
172 83 1
226 83 1
227 83 1
228 83 1
229 83 1
169 84 1
227 84 1
228 84 1
229 84 1
169 85 1
174 85 1
175 85 1
176 85 1
177 85 1
178 85 1
228 85 1
229 85 1
230 85 1
160 86 1
161 86 1
175 86 1
177 86 1
178 86 1
180 86 1
229 86 1
230 86 1
231 86 1
158 87 1
159 87 1
179 87 1
180 87 1
181 87 1
182 87 1
183 87 1
186 87 1
228 87 1
229 87 1
230 87 1
231 87 1
157 88 1
158 88 1
181 88 1
182 88 1
183 88 1
184 88 1
185 88 1
186 88 1
230 88 1
231 88 1
157 89 1
158 89 1
164 89 1
183 89 1
184 89 1
185 89 1
186 89 1
187 89 1
189 89 1
230 89 1
231 89 1
232 89 1
169 90 1
170 90 1
185 90 1
188 90 1
189 90 1
194 90 1
231 90 1
232 90 1
233 90 1
168 91 1
171 91 1
192 91 1
193 91 1
196 91 1
231 91 1
232 91 1
233 91 1
196 92 1
197 92 1
198 92 1
200 92 1
203 92 1
204 92 1
210 92 1
231 92 1
232 92 1
233 92 1
234 92 1
161 93 1
162 93 1
163 93 1
165 93 1
173 93 1
200 93 1
201 93 1
202 93 1
203 93 1
204 93 1
205 93 1
233 93 1
234 93 1
162 94 1
163 94 1
164 94 1
165 94 1
166 94 1
167 94 1
233 94 1
234 94 1
235 94 1
163 95 1
164 95 1
166 95 1
168 95 1
169 95 1
170 95 1
176 95 1
203 95 1
234 95 1
235 95 1
236 95 1
162 96 1
168 96 1
170 96 1
171 96 1
172 96 1
183 96 1
234 96 1
235 96 1
236 96 1
162 97 1
169 97 1
172 97 1
173 97 1
184 97 1
235 97 1
236 97 1
237 97 1
170 98 1
174 98 1
175 98 1
176 98 1
177 98 1
236 98 1
237 98 1
149 99 1
150 99 1
151 99 1
152 99 1
153 99 1
154 99 1
155 99 1
156 99 1
157 99 1
158 99 1
159 99 1
160 99 1
161 99 1
162 99 1
163 99 1
174 99 1
177 99 1
149 100 1
151 100 1
155 100 1
156 100 1
157 100 1
158 100 1
159 100 1
160 100 1
161 100 1
162 100 1
163 100 1
176 100 1
202 100 1
159 101 1
160 101 1
161 101 1
162 101 1
163 101 1
180 101 1
184 101 1
167 102 1
169 102 1
170 102 1
171 102 1
189 102 1
176 103 1
147 105 1
148 105 1
148 106 1
149 106 1
150 106 1
151 106 1
152 106 1
153 106 1
154 106 1
155 106 1
149 107 1
150 107 1
151 107 1
152 107 1
153 107 1
154 107 1
155 107 1
156 107 1
157 107 1
158 107 1
159 107 1
243 107 1
147 108 1
150 108 1
151 108 1
152 108 1
153 108 1
154 108 1
155 108 1
156 108 1
157 108 1
158 108 1
159 108 1
160 108 1
161 108 1
162 108 1
163 108 1
244 108 1
150 109 1
151 109 1
153 109 1
154 109 1
155 109 1
156 109 1
157 109 1
158 109 1
159 109 1
160 109 1
161 109 1
162 109 1
163 109 1
164 109 1
165 109 1
166 109 1
167 109 1
168 109 1
169 109 1
171 109 1
172 109 1
246 109 1
160 110 1
161 110 1
162 110 1
163 110 1
164 110 1
165 110 1
166 110 1
167 110 1
168 110 1
169 110 1
170 110 1
171 110 1
173 110 1
176 110 1
177 110 1
246 110 1
247 110 1
248 110 1
249 110 1
153 111 1
154 111 1
155 111 1
156 111 1
157 111 1
158 111 1
160 111 1
167 111 1
171 111 1
172 111 1
173 111 1
174 111 1
175 111 1
177 111 1
178 111 1
179 111 1
180 111 1
249 111 1
250 111 1
152 112 1
153 112 1
154 112 1
155 112 1
156 112 1
157 112 1
158 112 1
159 112 1
160 112 1
161 112 1
162 112 1
163 112 1
164 112 1
166 112 1
176 112 1
182 112 1
183 112 1
184 112 1
250 112 1
251 112 1
252 112 1
253 112 1
153 113 1
155 113 1
158 113 1
159 113 1
160 113 1
161 113 1
162 113 1
163 113 1
164 113 1
165 113 1
166 113 1
167 113 1
168 113 1
169 113 1
253 113 1
254 113 1
255 113 1
162 114 1
164 114 1
165 114 1
166 114 1
167 114 1
168 114 1
169 114 1
170 114 1
171 114 1
172 114 1
173 114 1
174 114 1
176 114 1
258 114 1
259 114 1
161 115 1
173 115 1
174 115 1
175 115 1
176 115 1
178 115 1
179 115 1
180 115 1
181 115 1
182 115 1
260 115 1
261 115 1
262 115 1
263 115 1
152 116 1
172 116 1
180 116 1
262 116 1
264 116 1
265 116 1
154 117 1
156 117 1
265 117 1
266 117 1
267 117 1
155 118 1
156 118 1
157 118 1
158 118 1
160 118 1
268 118 1
269 118 1
157 119 1
158 119 1
159 119 1
160 119 1
161 119 1
162 119 1
163 119 1
164 119 1
270 119 1
271 119 1
272 119 1
273 119 1
274 119 1
158 120 1
159 120 1
160 120 1
161 120 1
162 120 1
164 120 1
165 120 1
166 120 1
167 120 1
168 120 1
172 120 1
273 120 1
274 120 1
275 120 1
276 120 1
160 121 1
161 121 1
165 121 1
166 121 1
167 121 1
168 121 1
170 121 1
171 121 1
172 121 1
173 121 1
175 121 1
176 121 1
178 121 1
181 121 1
276 121 1
278 121 1
165 122 1
166 122 1
167 122 1
168 122 1
169 122 1
173 122 1
174 122 1
176 122 1
177 122 1
179 122 1
180 122 1
181 122 1
183 122 1
277 122 1
279 122 1
280 122 1
281 122 1
166 123 1
168 123 1
172 123 1
174 123 1
175 123 1
176 123 1
177 123 1
178 123 1
179 123 1
180 123 1
181 123 1
182 123 1
183 123 1
184 123 1
185 123 1
186 123 1
282 123 1
283 123 1
173 124 1
180 124 1
183 124 1
184 124 1
185 124 1
186 124 1
187 124 1
283 124 1
285 124 1
286 124 1
287 124 1
174 125 1
176 125 1
183 125 1
184 125 1
185 125 1
186 125 1
187 125 1
286 125 1
175 126 1
178 126 1
185 126 1
186 126 1
287 126 1
288 126 1
291 126 1
292 126 1
293 126 1
173 127 1
300 127 1
183 128 1
184 128 1
185 128 1
302 128 1
303 128 1
306 128 1
177 129 1
182 129 1
183 129 1
184 129 1
185 129 1
186 129 1
182 130 1
184 130 1
185 130 1
311 130 1
166 131 1
167 131 1
168 131 1
170 131 1
171 131 1
177 131 1
163 132 1
164 132 1
165 132 1
166 132 1
167 132 1
168 132 1
169 132 1
170 132 1
171 132 1
162 133 1
163 133 1
164 133 1
165 133 1
166 133 1
167 133 1
168 133 1
169 133 1
170 133 1
171 133 1
174 133 1
161 134 1
162 134 1
163 134 1
164 134 1
165 134 1
166 134 1
167 134 1
169 134 1
170 134 1
191 134 1
212 134 1
161 135 1
165 135 1
166 135 1
185 135 1
189 135 1
191 135 1
194 135 1
197 135 1
198 135 1
203 135 1
208 135 1
173 136 1
174 136 1
181 136 1
183 136 1
184 136 1
185 136 1
186 136 1
188 136 1
196 136 1
177 137 1
178 137 1
179 137 1
180 137 1
182 137 1
183 137 1
184 137 1
185 137 1
186 137 1
187 137 1
188 137 1
192 137 1
197 137 1
200 137 1
202 137 1
203 137 1
205 137 1
206 137 1
208 137 1
209 137 1
211 137 1
215 137 1
216 137 1
225 137 1
161 138 1
162 138 1
163 138 1
164 138 1
165 138 1
166 138 1
168 138 1
169 138 1
170 138 1
171 138 1
172 138 1
173 138 1
174 138 1
179 138 1
182 138 1
183 138 1
184 138 1
185 138 1
186 138 1
187 138 1
202 138 1
206 138 1
207 138 1
208 138 1
218 138 1
222 138 1
226 138 1
236 138 1
237 138 1
160 139 1
161 139 1
162 139 1
163 139 1
164 139 1
165 139 1
166 139 1
167 139 1
168 139 1
170 139 1
171 139 1
172 139 1
173 139 1
174 139 1
175 139 1
176 139 1
177 139 1
178 139 1
181 139 1
182 139 1
184 139 1
185 139 1
186 139 1
204 139 1
206 139 1
208 139 1
209 139 1
211 139 1
212 139 1
213 139 1
216 139 1
217 139 1
218 139 1
219 139 1
220 139 1
222 139 1
223 139 1
226 139 1
227 139 1
228 139 1
233 139 1
238 139 1
161 140 1
162 140 1
163 140 1
164 140 1
165 140 1
166 140 1
167 140 1
168 140 1
169 140 1
170 140 1
171 140 1
172 140 1
173 140 1
183 140 1
194 140 1
195 140 1
208 140 1
212 140 1
214 140 1
215 140 1
216 140 1
217 140 1
219 140 1
220 140 1
221 140 1
222 140 1
223 140 1
224 140 1
227 140 1
228 140 1
229 140 1
232 140 1
239 140 1
162 141 1
164 141 1
165 141 1
166 141 1
167 141 1
168 141 1
169 141 1
170 141 1
171 141 1
172 141 1
173 141 1
176 141 1
188 141 1
189 141 1
190 141 1
193 141 1
196 141 1
217 141 1
218 141 1
219 141 1
220 141 1
223 141 1
224 141 1
236 141 1
237 141 1
238 141 1
239 141 1
165 142 1
186 142 1
188 142 1
191 142 1
192 142 1
194 142 1
202 142 1
235 142 1
236 142 1
237 142 1
240 142 1
241 142 1
242 142 1
189 143 1
195 143 1
241 143 1
242 143 1
243 143 1
244 143 1
246 143 1
184 144 1
197 144 1
243 144 1
244 144 1
245 144 1
246 144 1
247 144 1
248 144 1
182 145 1
183 145 1
186 145 1
207 145 1
246 145 1
248 146 1
249 146 1
251 146 1
214 147 1
219 147 1
250 147 1
251 147 1
252 147 1
251 148 1
255 148 1
259 148 1
263 148 1
252 149 1
253 149 1
254 150 1
255 150 1
256 150 1
257 151 1
258 151 1
259 151 1
260 153 1
262 153 1
261 154 1
262 154 1
261 155 1
263 155 1
264 155 1
266 155 1
268 156 1
269 156 1
270 157 1
272 157 1
275 157 1
273 160 1
274 160 1
277 162 1
278 162 1
279 163 1
280 164 1
282 164 1
290 168 1
291 168 1
290 169 1
308 174 1
314 176 1
338 30 2
339 30 2
339 31 2
340 31 2
341 31 2
342 31 2
341 32 2
342 32 2
343 32 2
344 32 2
323 52 2
327 53 2
330 53 2
330 54 2
333 54 2
334 54 2
335 54 2
336 54 2
337 54 2
338 54 2
339 54 2
334 55 2
335 55 2
336 55 2
340 55 2
334 56 2
339 56 2
340 56 2
341 56 2
343 56 2
344 56 2
341 57 2
343 57 2
