245 6 0
246 6 0
246 8 0
247 8 0
247 9 0
248 9 0
248 10 0
248 11 0
249 11 0
249 12 0
154 13 0
155 13 0
249 13 0
250 13 0
165 15 0
166 15 0
167 15 0
168 15 0
169 15 0
170 15 0
174 15 0
165 16 0
166 16 0
168 16 0
169 16 0
170 16 0
171 16 0
172 16 0
173 16 0
177 16 0
150 17 0
152 17 0
173 17 0
174 17 0
175 17 0
176 17 0
177 17 0
178 17 0
179 17 0
151 18 0
152 18 0
153 18 0
155 18 0
156 18 0
160 18 0
173 18 0
177 18 0
178 18 0
179 18 0
180 18 0
181 18 0
182 18 0
183 18 0
184 18 0
185 18 0
151 19 0
152 19 0
153 19 0
156 19 0
157 19 0
180 19 0
181 19 0
182 19 0
183 19 0
184 19 0
185 19 0
189 19 0
223 19 0
151 20 0
152 20 0
153 20 0
154 20 0
184 20 0
185 20 0
186 20 0
187 20 0
188 20 0
189 20 0
190 20 0
191 20 0
222 20 0
223 20 0
224 20 0
152 21 0
153 21 0
188 21 0
189 21 0
190 21 0
191 21 0
196 21 0
221 21 0
222 21 0
223 21 0
192 22 0
193 22 0
194 22 0
213 22 0
214 22 0
215 22 0
217 22 0
218 22 0
219 22 0
220 22 0
221 22 0
222 22 0
192 23 0
193 23 0
194 23 0
195 23 0
197 23 0
199 23 0
200 23 0
212 23 0
213 23 0
216 23 0
217 23 0
218 23 0
157 24 0
159 24 0
160 24 0
198 24 0
200 24 0
201 24 0
202 24 0
203 24 0
211 24 0
212 24 0
213 24 0
214 24 0
158 25 0
159 25 0
160 25 0
161 25 0
162 25 0
163 25 0
164 25 0
204 25 0
205 25 0
206 25 0
211 25 0
212 25 0
160 26 0
161 26 0
162 26 0
163 26 0
164 26 0
165 26 0
166 26 0
164 27 0
165 27 0
166 27 0
167 27 0
168 27 0
169 27 0
170 27 0
185 27 0
186 27 0
166 28 0
167 28 0
168 28 0
169 28 0
170 28 0
171 28 0
169 29 0
170 29 0
171 29 0
172 29 0
173 29 0
174 29 0
173 30 0
174 30 0
175 30 0
176 30 0
177 30 0
174 31 0
175 31 0
176 31 0
177 31 0
178 31 0
179 31 0
190 31 0
177 32 0
178 32 0
179 32 0
180 32 0
181 32 0
182 32 0
183 32 0
179 33 0
180 33 0
181 33 0
182 33 0
183 33 0
184 33 0
185 33 0
182 34 0
183 34 0
184 34 0
185 34 0
186 34 0
187 34 0
251 34 0
261 34 0
262 34 0
264 34 0
185 35 0
186 35 0
187 35 0
188 35 0
261 35 0
262 35 0
263 35 0
264 35 0
187 36 0
188 36 0
189 36 0
258 36 0
259 36 0
260 36 0
261 36 0
263 36 0
144 37 0
169 37 0
189 37 0
190 37 0
256 37 0
257 37 0
258 37 0
259 37 0
142 38 0
143 38 0
144 38 0
145 38 0
147 38 0
148 38 0
165 38 0
166 38 0
167 38 0
169 38 0
173 38 0
177 38 0
178 38 0
180 38 0
181 38 0
255 38 0
256 38 0
257 38 0
258 38 0
263 38 0
265 38 0
266 38 0
267 38 0
268 38 0
141 39 0
142 39 0
143 39 0
144 39 0
145 39 0
146 39 0
147 39 0
148 39 0
149 39 0
152 39 0
153 39 0
154 39 0
157 39 0
159 39 0
160 39 0
161 39 0
162 39 0
163 39 0
164 39 0
166 39 0
167 39 0
168 39 0
169 39 0
170 39 0
171 39 0
172 39 0
173 39 0
174 39 0
175 39 0
176 39 0
178 39 0
179 39 0
182 39 0
255 39 0
261 39 0
262 39 0
263 39 0
264 39 0
265 39 0
266 39 0
267 39 0
268 39 0
269 39 0
271 39 0
140 40 0
142 40 0
143 40 0
153 40 0
155 40 0
156 40 0
157 40 0
158 40 0
161 40 0
164 40 0
165 40 0
166 40 0
168 40 0
169 40 0
171 40 0
172 40 0
173 40 0
174 40 0
175 40 0
176 40 0
178 40 0
179 40 0
180 40 0
181 40 0
183 40 0
185 40 0
186 40 0
187 40 0
253 40 0
254 40 0
259 40 0
260 40 0
261 40 0
262 40 0
264 40 0
267 40 0
268 40 0
269 40 0
270 40 0
272 40 0
273 40 0
274 40 0
275 40 0
158 41 0
170 41 0
172 41 0
177 41 0
178 41 0
180 41 0
182 41 0
183 41 0
185 41 0
261 41 0
274 41 0
275 41 0
276 41 0
277 41 0
278 41 0
279 41 0
282 41 0
167 42 0
184 42 0
185 42 0
252 42 0
273 42 0
274 42 0
275 42 0
276 42 0
277 42 0
278 42 0
279 42 0
280 42 0
146 43 0
172 43 0
275 43 0
276 43 0
277 43 0
278 43 0
279 43 0
280 43 0
281 43 0
140 44 0
141 44 0
144 44 0
146 44 0
147 44 0
148 44 0
151 44 0
153 44 0
156 44 0
157 44 0
173 44 0
251 44 0
278 44 0
279 44 0
280 44 0
281 44 0
282 44 0
138 45 0
139 45 0
140 45 0
141 45 0
142 45 0
148 45 0
150 45 0
151 45 0
154 45 0
158 45 0
282 45 0
283 45 0
138 46 0
139 46 0
140 46 0
141 46 0
142 46 0
143 46 0
144 46 0
145 46 0
146 46 0
151 46 0
152 46 0
155 46 0
161 46 0
189 46 0
138 47 0
139 47 0
140 47 0
141 47 0
142 47 0
143 47 0
146 47 0
147 47 0
148 47 0
149 47 0
150 47 0
151 47 0
152 47 0
154 47 0
155 47 0
156 47 0
157 47 0
158 47 0
159 47 0
181 47 0
183 47 0
186 47 0
139 48 0
140 48 0
141 48 0
142 48 0
143 48 0
144 48 0
145 48 0
146 48 0
147 48 0
148 48 0
149 48 0
151 48 0
152 48 0
153 48 0
154 48 0
155 48 0
157 48 0
158 48 0
159 48 0
160 48 0
162 48 0
168 48 0
169 48 0
170 48 0
189 48 0
190 48 0
191 48 0
142 49 0
143 49 0
147 49 0
148 49 0
149 49 0
153 49 0
154 49 0
155 49 0
156 49 0
157 49 0
158 49 0
159 49 0
160 49 0
161 49 0
164 49 0
158 50 0
159 50 0
161 50 0
162 50 0
163 50 0
165 50 0
168 50 0
169 50 0
175 50 0
180 50 0
181 50 0
182 50 0
183 50 0
184 50 0
188 50 0
214 50 0
166 51 0
167 51 0
168 51 0
170 51 0
172 51 0
173 51 0
176 51 0
177 51 0
178 51 0
179 51 0
180 51 0
181 51 0
171 52 0
173 52 0
175 52 0
176 52 0
177 52 0
180 52 0
181 52 0
179 54 0
180 54 0
187 54 0
167 55 0
168 55 0
170 55 0
171 55 0
172 55 0
173 55 0
174 55 0
175 55 0
176 55 0
177 55 0
178 55 0
179 55 0
180 55 0
181 55 0
182 55 0
183 55 0
184 55 0
185 55 0
186 55 0
187 55 0
188 55 0
189 55 0
190 55 0
149 56 0
150 56 0
153 56 0
162 56 0
163 56 0
164 56 0
165 56 0
166 56 0
167 56 0
168 56 0
169 56 0
170 56 0
171 56 0
172 56 0
173 56 0
174 56 0
175 56 0
176 56 0
177 56 0
178 56 0
179 56 0
180 56 0
181 56 0
182 56 0
183 56 0
184 56 0
185 56 0
186 56 0
187 56 0
148 57 0
149 57 0
150 57 0
151 57 0
152 57 0
153 57 0
154 57 0
159 57 0
162 57 0
163 57 0
164 57 0
165 57 0
166 57 0
167 57 0
168 57 0
169 57 0
170 57 0
171 57 0
146 58 0
147 58 0
148 58 0
149 58 0
151 58 0
152 58 0
155 58 0
178 60 0
182 60 0
186 60 0
190 60 0
276 60 0
162 61 0
165 61 0
167 61 0
171 61 0
184 61 0
185 61 0
188 61 0
149 62 0
151 62 0
153 62 0
154 62 0
156 62 0
158 62 0
160 62 0
161 62 0
162 62 0
166 62 0
174 62 0
176 62 0
179 62 0
186 62 0
187 62 0
192 62 0
193 62 0
144 63 0
145 63 0
146 63 0
147 63 0
148 63 0
149 63 0
150 63 0
151 63 0
152 63 0
153 63 0
156 63 0
157 63 0
163 63 0
164 63 0
165 63 0
166 63 0
167 63 0
168 63 0
172 63 0
173 63 0
177 63 0
180 63 0
181 63 0
184 63 0
185 63 0
187 63 0
188 63 0
189 63 0
190 63 0
144 64 0
145 64 0
146 64 0
147 64 0
148 64 0
149 64 0
150 64 0
151 64 0
152 64 0
153 64 0
154 64 0
155 64 0
156 64 0
157 64 0
158 64 0
159 64 0
160 64 0
161 64 0
162 64 0
163 64 0
164 64 0
165 64 0
166 64 0
167 64 0
168 64 0
169 64 0
170 64 0
172 64 0
173 64 0
174 64 0
175 64 0
176 64 0
177 64 0
178 64 0
179 64 0
182 64 0
186 64 0
190 64 0
191 64 0
192 64 0
193 64 0
194 64 0
195 64 0
241 64 0
145 65 0
146 65 0
147 65 0
148 65 0
149 65 0
153 65 0
154 65 0
155 65 0
157 65 0
158 65 0
160 65 0
161 65 0
162 65 0
163 65 0
164 65 0
165 65 0
166 65 0
167 65 0
168 65 0
171 65 0
173 65 0
174 65 0
176 65 0
179 65 0
180 65 0
181 65 0
182 65 0
184 65 0
185 65 0
186 65 0
187 65 0
188 65 0
189 65 0
190 65 0
192 65 0
194 65 0
146 66 0
152 66 0
153 66 0
154 66 0
155 66 0
156 66 0
157 66 0
158 66 0
159 66 0
160 66 0
161 66 0
163 66 0
164 66 0
165 66 0
166 66 0
167 66 0
168 66 0
169 66 0
170 66 0
171 66 0
172 66 0
174 66 0
177 66 0
181 66 0
182 66 0
183 66 0
184 66 0
185 66 0
186 66 0
187 66 0
188 66 0
189 66 0
190 66 0
191 66 0
156 67 0
162 67 0
163 67 0
167 67 0
169 67 0
171 67 0
172 67 0
173 67 0
175 67 0
176 67 0
177 67 0
178 67 0
179 67 0
180 67 0
181 67 0
182 67 0
183 67 0
184 67 0
185 67 0
186 67 0
187 67 0
188 67 0
189 67 0
190 67 0
191 67 0
168 68 0
170 68 0
171 68 0
172 68 0
174 68 0
175 68 0
176 68 0
177 68 0
178 68 0
179 68 0
180 68 0
181 68 0
182 68 0
183 68 0
184 68 0
185 68 0
186 68 0
187 68 0
191 68 0
162 69 0
165 69 0
166 69 0
172 69 0
173 69 0
174 69 0
175 69 0
176 69 0
177 69 0
178 69 0
179 69 0
180 69 0
183 69 0
161 70 0
170 70 0
171 70 0
172 70 0
177 70 0
178 70 0
179 70 0
195 70 0
196 70 0
197 70 0
228 70 0
162 71 0
168 71 0
188 71 0
191 71 0
194 71 0
195 71 0
244 71 0
245 71 0
161 72 0
162 72 0
165 72 0
168 72 0
170 72 0
176 72 0
222 72 0
240 72 0
166 73 0
167 73 0
173 73 0
174 73 0
190 73 0
191 73 0
192 73 0
218 73 0
234 73 0
240 73 0
244 73 0
245 73 0
246 73 0
160 74 0
161 74 0
172 74 0
174 74 0
175 74 0
185 74 0
186 74 0
187 74 0
188 74 0
189 74 0
190 74 0
205 74 0
206 74 0
218 74 0
244 74 0
245 74 0
246 74 0
171 75 0
172 75 0
173 75 0
174 75 0
185 75 0
186 75 0
189 75 0
215 75 0
216 75 0
223 75 0
225 75 0
232 75 0
236 75 0
237 75 0
244 75 0
245 75 0
246 75 0
167 76 0
176 76 0
182 76 0
200 76 0
215 76 0
218 76 0
219 76 0
240 76 0
241 76 0
244 76 0
245 76 0
246 76 0
247 76 0
248 76 0
249 76 0
250 76 0
168 77 0
176 77 0
182 77 0
196 77 0
199 77 0
212 77 0
245 77 0
246 77 0
247 77 0
248 77 0
250 77 0
179 78 0
188 78 0
194 78 0
195 78 0
197 78 0
198 78 0
207 78 0
242 78 0
245 78 0
246 78 0
247 78 0
248 78 0
249 78 0
250 78 0
162 79 0
163 79 0
173 79 0
174 79 0
175 79 0
176 79 0
177 79 0
178 79 0
185 79 0
186 79 0
188 79 0
191 79 0
192 79 0
196 79 0
199 79 0
200 79 0
201 79 0
203 79 0
210 79 0
247 79 0
248 79 0
249 79 0
250 79 0
251 79 0
252 79 0
253 79 0
254 79 0
261 79 0
173 80 0
174 80 0
175 80 0
176 80 0
177 80 0
190 80 0
192 80 0
193 80 0
194 80 0
195 80 0
196 80 0
197 80 0
199 80 0
200 80 0
243 80 0
249 80 0
250 80 0
251 80 0
255 80 0
166 81 0
171 81 0
172 81 0
173 81 0
174 81 0
185 81 0
189 81 0
190 81 0
191 81 0
192 81 0
193 81 0
194 81 0
195 81 0
196 81 0
198 81 0
199 81 0
244 81 0
245 81 0
246 81 0
257 81 0
258 81 0
259 81 0
183 82 0
184 82 0
185 82 0
186 82 0
187 82 0
188 82 0
190 82 0
199 82 0
207 82 0
246 82 0
247 82 0
248 82 0
257 82 0
161 83 0
180 83 0
197 83 0
202 83 0
205 83 0
206 83 0
247 83 0
260 83 0
261 83 0
264 83 0
174 84 0
177 84 0
179 84 0
182 84 0
183 84 0
184 84 0
195 84 0
198 84 0
202 84 0
203 84 0
204 84 0
205 84 0
262 84 0
175 85 0
176 85 0
177 85 0
178 85 0
179 85 0
180 85 0
191 85 0
200 85 0
258 85 0
169 86 0
170 86 0
175 86 0
176 86 0
177 86 0
178 86 0
179 86 0
180 86 0
182 86 0
263 86 0
264 86 0
169 87 0
171 87 0
173 87 0
174 87 0
176 87 0
177 87 0
178 87 0
179 87 0
190 87 0
164 88 0
165 88 0
175 88 0
176 88 0
183 88 0
185 88 0
186 88 0
264 88 0
265 88 0
269 88 0
170 91 0
171 91 0
172 91 0
173 91 0
174 91 0
266 91 0
268 91 0
269 91 0
172 92 0
173 92 0
269 92 0
168 93 0
267 93 0
268 93 0
269 93 0
270 93 0
271 95 0
272 95 0
274 95 0
272 96 0
274 96 0
275 96 0
274 97 0
277 97 0
293 97 0
275 98 0
276 98 0
220 99 0
276 99 0
279 99 0
281 99 0
284 100 0
284 101 0
287 101 0
303 101 0
284 102 0
285 103 0
286 103 0
288 104 0
287 105 0
289 105 0
290 105 0
290 106 0
292 107 0
294 107 0
292 108 0
293 108 0
294 109 0
295 109 0
298 110 0
297 111 0
298 111 0
297 112 0
299 112 0
300 113 0
301 113 0
301 114 0
305 116 0
307 116 0
152 90 1
153 90 1
154 90 1
156 90 1
157 90 1
158 90 1
150 91 1
151 91 1
153 91 1
154 91 1
155 91 1
157 91 1
158 91 1
159 91 1
151 97 1
152 97 1
153 97 1
157 97 1
153 98 1
154 98 1
155 98 1
156 98 1
157 98 1
158 98 1
159 98 1
153 99 1
154 99 1
155 99 1
156 99 1
157 99 1
158 99 1
159 99 1
160 99 1
161 99 1
162 99 1
164 99 1
155 100 1
157 100 1
158 100 1
159 100 1
160 100 1
161 100 1
162 100 1
163 100 1
164 100 1
162 101 1
163 101 1
164 101 1
170 101 1
171 101 1
172 101 1
245 101 1
155 102 1
156 102 1
157 102 1
158 102 1
159 102 1
160 102 1
174 102 1
175 102 1
176 102 1
177 102 1
246 102 1
154 103 1
155 103 1
156 103 1
157 103 1
158 103 1
159 103 1
160 103 1
161 103 1
162 103 1
163 103 1
164 103 1
174 103 1
180 103 1
181 103 1
182 103 1
183 103 1
184 103 1
155 104 1
156 104 1
157 104 1
158 104 1
159 104 1
160 104 1
161 104 1
162 104 1
163 104 1
164 104 1
165 104 1
166 104 1
178 104 1
181 104 1
182 104 1
183 104 1
184 104 1
185 104 1
248 104 1
249 104 1
155 105 1
156 105 1
161 105 1
162 105 1
164 105 1
165 105 1
172 105 1
185 105 1
186 105 1
249 105 1
250 105 1
251 105 1
163 106 1
165 106 1
166 106 1
167 106 1
174 106 1
188 106 1
253 106 1
254 106 1
174 107 1
175 107 1
176 107 1
177 107 1
178 107 1
181 107 1
182 107 1
254 107 1
255 107 1
153 108 1
154 108 1
155 108 1
156 108 1
179 108 1
255 108 1
256 108 1
257 108 1
258 108 1
154 109 1
155 109 1
156 109 1
157 109 1
158 109 1
159 109 1
259 109 1
260 109 1
262 109 1
154 110 1
155 110 1
156 110 1
157 110 1
158 110 1
159 110 1
160 110 1
161 110 1
162 110 1
163 110 1
261 110 1
262 110 1
263 110 1
157 111 1
158 111 1
159 111 1
160 111 1
161 111 1
162 111 1
163 111 1
164 111 1
165 111 1
166 111 1
167 111 1
262 111 1
263 111 1
264 111 1
265 111 1
266 111 1
159 112 1
160 112 1
161 112 1
162 112 1
163 112 1
164 112 1
165 112 1
166 112 1
167 112 1
168 112 1
169 112 1
265 112 1
266 112 1
267 112 1
268 112 1
162 113 1
163 113 1
164 113 1
165 113 1
166 113 1
167 113 1
168 113 1
169 113 1
175 113 1
177 113 1
268 113 1
269 113 1
270 113 1
271 113 1
166 114 1
167 114 1
168 114 1
178 114 1
179 114 1
180 114 1
181 114 1
270 114 1
271 114 1
272 114 1
170 115 1
182 115 1
185 115 1
186 115 1
187 115 1
188 115 1
275 115 1
169 116 1
170 116 1
171 116 1
172 116 1
274 116 1
277 116 1
170 117 1
182 117 1
277 117 1
278 117 1
279 117 1
280 117 1
171 118 1
181 118 1
182 118 1
183 118 1
184 118 1
278 118 1
279 118 1
280 118 1
281 118 1
282 118 1
176 119 1
181 119 1
182 119 1
183 119 1
184 119 1
185 119 1
186 119 1
283 119 1
284 119 1
186 120 1
284 120 1
285 120 1
286 120 1
287 120 1
180 121 1
186 121 1
287 121 1
288 121 1
289 121 1
291 121 1
185 122 1
186 122 1
290 122 1
292 122 1
293 122 1
294 122 1
312 122 1
166 123 1
168 123 1
176 123 1
177 123 1
180 123 1
186 123 1
292 123 1
294 123 1
295 123 1
313 123 1
165 124 1
166 124 1
167 124 1
168 124 1
169 124 1
176 124 1
178 124 1
298 124 1
299 124 1
300 124 1
307 124 1
312 124 1
164 125 1
165 125 1
166 125 1
167 125 1
168 125 1
169 125 1
298 125 1
300 125 1
301 125 1
302 125 1
305 125 1
306 125 1
308 125 1
309 125 1
312 125 1
313 125 1
318 125 1
163 126 1
164 126 1
165 126 1
166 126 1
167 126 1
169 126 1
306 126 1
307 126 1
308 126 1
309 126 1
310 126 1
311 126 1
163 127 1
165 127 1
190 127 1
193 127 1
197 127 1
198 127 1
306 127 1
187 128 1
188 128 1
189 128 1
195 128 1
200 128 1
201 128 1
204 128 1
218 128 1
180 129 1
183 129 1
184 129 1
185 129 1
186 129 1
187 129 1
188 129 1
190 129 1
191 129 1
192 129 1
193 129 1
194 129 1
196 129 1
202 129 1
206 129 1
163 130 1
164 130 1
165 130 1
166 130 1
167 130 1
168 130 1
169 130 1
170 130 1
171 130 1
173 130 1
174 130 1
176 130 1
177 130 1
178 130 1
181 130 1
183 130 1
184 130 1
185 130 1
186 130 1
187 130 1
188 130 1
189 130 1
190 130 1
191 130 1
192 130 1
194 130 1
197 130 1
202 130 1
203 130 1
205 130 1
225 130 1
163 131 1
164 131 1
165 131 1
166 131 1
167 131 1
168 131 1
169 131 1
170 131 1
171 131 1
172 131 1
173 131 1
178 131 1
183 131 1
184 131 1
185 131 1
186 131 1
187 131 1
188 131 1
189 131 1
190 131 1
197 131 1
198 131 1
200 131 1
201 131 1
205 131 1
206 131 1
207 131 1
209 131 1
210 131 1
216 131 1
163 132 1
164 132 1
165 132 1
166 132 1
167 132 1
168 132 1
169 132 1
170 132 1
171 132 1
176 132 1
177 132 1
184 132 1
185 132 1
186 132 1
187 132 1
188 132 1
189 132 1
205 132 1
207 132 1
208 132 1
209 132 1
210 132 1
212 132 1
213 132 1
214 132 1
217 132 1
219 132 1
220 132 1
221 132 1
225 132 1
226 132 1
228 132 1
167 133 1
168 133 1
169 133 1
170 133 1
187 133 1
194 133 1
211 133 1
213 133 1
215 133 1
216 133 1
217 133 1
218 133 1
220 133 1
221 133 1
222 133 1
223 133 1
226 133 1
227 133 1
230 133 1
232 133 1
233 133 1
192 134 1
193 134 1
195 134 1
197 134 1
214 134 1
219 134 1
222 134 1
224 134 1
225 134 1
226 134 1
227 134 1
228 134 1
230 134 1
238 134 1
239 134 1
180 135 1
181 135 1
182 135 1
183 135 1
193 135 1
195 135 1
201 135 1
204 135 1
221 135 1
224 135 1
229 135 1
230 135 1
231 135 1
240 135 1
241 135 1
244 135 1
174 136 1
179 136 1
182 136 1
190 136 1
197 136 1
204 136 1
206 136 1
233 136 1
237 136 1
238 136 1
240 136 1
241 136 1
242 136 1
207 137 1
240 137 1
242 137 1
243 137 1
181 138 1
199 138 1
201 138 1
211 138 1
244 138 1
245 138 1
251 138 1
244 139 1
245 139 1
248 139 1
227 140 1
247 140 1
248 140 1
249 140 1
248 141 1
250 141 1
251 141 1
252 141 1
265 141 1
249 142 1
251 142 1
221 143 1
251 143 1
252 143 1
253 143 1
253 144 1
254 144 1
256 145 1
257 145 1
258 146 1
258 147 1
259 147 1
262 147 1
260 148 1
261 149 1
263 149 1
263 150 1
264 150 1
264 151 1
264 152 1
267 152 1
267 153 1
271 154 1
272 154 1
272 155 1
273 155 1
273 156 1
275 157 1
276 157 1
277 157 1
276 158 1
281 160 1
282 160 1
283 160 1
309 171 1
338 29 2
339 29 2
339 30 2
340 30 2
341 30 2
341 31 2
342 31 2
343 31 2
343 32 2
344 32 2
280 44 2
280 46 2
284 47 2
288 47 2
286 48 2
289 48 2
291 48 2
288 49 2
289 49 2
290 49 2
292 49 2
293 49 2
292 50 2
293 50 2
295 50 2
296 50 2
301 50 2
292 51 2
295 51 2
297 51 2
298 51 2
299 51 2
300 51 2
301 51 2
304 51 2
296 52 2
297 52 2
299 52 2
301 52 2
302 52 2
304 52 2
299 53 2
301 53 2
302 53 2
304 53 2
305 53 2
306 53 2
307 53 2
308 53 2
303 54 2
304 54 2
306 54 2
307 54 2
309 54 2
307 55 2
308 55 2
309 55 2
310 55 2
311 55 2
312 55 2
313 55 2
316 55 2
311 56 2
314 56 2
315 56 2
316 56 2
317 56 2
318 56 2
319 56 2
315 57 2
316 57 2
318 57 2
322 57 2
323 57 2
325 57 2
326 57 2
318 58 2
322 58 2
323 58 2
324 58 2
325 58 2
329 58 2
322 59 2
327 59 2
329 59 2
330 59 2
331 59 2
332 59 2
338 59 2
332 60 2
335 60 2
338 60 2
343 60 2
344 60 2
332 61 2
335 61 2
337 61 2
338 61 2
342 61 2
343 61 2
336 134 2
336 135 2
