214 2 0
215 2 0
214 3 0
215 3 0
216 3 0
214 4 0
215 4 0
216 4 0
217 4 0
219 4 0
229 4 0
214 5 0
215 5 0
216 5 0
217 5 0
232 5 0
214 6 0
215 6 0
216 6 0
217 6 0
218 6 0
232 6 0
233 6 0
215 7 0
216 7 0
217 7 0
218 7 0
233 7 0
215 8 0
216 8 0
217 8 0
218 8 0
219 8 0
234 8 0
216 9 0
217 9 0
218 9 0
219 9 0
220 9 0
221 9 0
234 9 0
216 10 0
217 10 0
218 10 0
219 10 0
236 10 0
217 11 0
218 11 0
219 11 0
220 11 0
217 12 0
218 12 0
219 12 0
220 12 0
221 12 0
237 12 0
238 12 0
218 13 0
219 13 0
220 13 0
238 13 0
219 14 0
220 14 0
221 14 0
239 14 0
219 15 0
220 15 0
221 15 0
240 15 0
241 15 0
220 16 0
221 16 0
240 16 0
241 16 0
242 16 0
243 16 0
242 17 0
221 18 0
222 18 0
242 18 0
221 19 0
222 19 0
223 19 0
244 19 0
222 20 0
222 21 0
223 21 0
223 22 0
150 23 0
151 23 0
152 23 0
155 23 0
148 24 0
149 24 0
150 24 0
151 24 0
152 24 0
153 24 0
154 24 0
148 25 0
149 25 0
150 25 0
152 25 0
161 25 0
164 25 0
170 25 0
159 26 0
160 26 0
161 26 0
162 26 0
163 26 0
164 26 0
165 26 0
166 26 0
174 26 0
163 27 0
165 27 0
166 27 0
167 27 0
168 27 0
169 27 0
170 27 0
171 27 0
172 27 0
173 27 0
174 27 0
175 27 0
176 27 0
177 27 0
247 27 0
146 28 0
148 28 0
169 28 0
170 28 0
171 28 0
172 28 0
173 28 0
174 28 0
175 28 0
176 28 0
177 28 0
145 29 0
146 29 0
147 29 0
148 29 0
150 29 0
169 29 0
171 29 0
172 29 0
173 29 0
174 29 0
175 29 0
176 29 0
177 29 0
178 29 0
179 29 0
180 29 0
181 29 0
182 29 0
185 29 0
217 29 0
218 29 0
219 29 0
221 29 0
145 30 0
146 30 0
147 30 0
148 30 0
149 30 0
150 30 0
152 30 0
180 30 0
181 30 0
182 30 0
183 30 0
215 30 0
216 30 0
217 30 0
218 30 0
219 30 0
146 31 0
147 31 0
148 31 0
149 31 0
150 31 0
151 31 0
183 31 0
184 31 0
185 31 0
186 31 0
187 31 0
188 31 0
212 31 0
213 31 0
214 31 0
215 31 0
216 31 0
217 31 0
146 32 0
147 32 0
148 32 0
149 32 0
186 32 0
187 32 0
188 32 0
189 32 0
191 32 0
192 32 0
194 32 0
196 32 0
207 32 0
208 32 0
209 32 0
210 32 0
211 32 0
212 32 0
213 32 0
214 32 0
148 33 0
188 33 0
189 33 0
190 33 0
191 33 0
192 33 0
193 33 0
194 33 0
195 33 0
198 33 0
199 33 0
200 33 0
201 33 0
202 33 0
203 33 0
204 33 0
205 33 0
206 33 0
207 33 0
208 33 0
209 33 0
210 33 0
211 33 0
212 33 0
213 33 0
190 34 0
193 34 0
195 34 0
199 34 0
200 34 0
201 34 0
202 34 0
203 34 0
204 34 0
205 34 0
206 34 0
207 34 0
208 34 0
151 35 0
152 35 0
153 35 0
154 35 0
155 35 0
156 35 0
202 35 0
204 35 0
207 35 0
152 36 0
153 36 0
154 36 0
155 36 0
156 36 0
157 36 0
158 36 0
159 36 0
160 36 0
177 36 0
178 36 0
179 36 0
155 37 0
156 37 0
157 37 0
158 37 0
159 37 0
160 37 0
161 37 0
162 37 0
163 37 0
164 37 0
180 37 0
254 37 0
159 38 0
160 38 0
161 38 0
162 38 0
163 38 0
164 38 0
165 38 0
166 38 0
180 38 0
252 38 0
253 38 0
254 38 0
162 39 0
163 39 0
164 39 0
165 39 0
166 39 0
167 39 0
168 39 0
169 39 0
184 39 0
252 39 0
253 39 0
254 39 0
165 40 0
166 40 0
167 40 0
168 40 0
169 40 0
170 40 0
171 40 0
172 40 0
252 40 0
253 40 0
254 40 0
168 41 0
169 41 0
170 41 0
171 41 0
172 41 0
173 41 0
174 41 0
253 41 0
254 41 0
255 41 0
171 42 0
172 42 0
173 42 0
174 42 0
175 42 0
176 42 0
177 42 0
178 42 0
174 43 0
175 43 0
176 43 0
177 43 0
178 43 0
179 43 0
180 43 0
181 43 0
177 44 0
178 44 0
179 44 0
180 44 0
181 44 0
182 44 0
183 44 0
252 44 0
255 44 0
265 44 0
266 44 0
180 45 0
181 45 0
182 45 0
183 45 0
184 45 0
252 45 0
253 45 0
254 45 0
255 45 0
260 45 0
261 45 0
262 45 0
263 45 0
264 45 0
265 45 0
266 45 0
267 45 0
271 45 0
182 46 0
183 46 0
184 46 0
252 46 0
253 46 0
254 46 0
258 46 0
259 46 0
260 46 0
261 46 0
262 46 0
263 46 0
264 46 0
265 46 0
266 46 0
267 46 0
268 46 0
269 46 0
271 46 0
272 46 0
250 47 0
251 47 0
252 47 0
257 47 0
258 47 0
259 47 0
260 47 0
261 47 0
262 47 0
263 47 0
264 47 0
265 47 0
266 47 0
267 47 0
268 47 0
269 47 0
270 47 0
271 47 0
272 47 0
273 47 0
154 48 0
155 48 0
159 48 0
161 48 0
162 48 0
164 48 0
165 48 0
166 48 0
167 48 0
168 48 0
169 48 0
172 48 0
177 48 0
250 48 0
251 48 0
256 48 0
257 48 0
258 48 0
259 48 0
260 48 0
262 48 0
263 48 0
264 48 0
265 48 0
266 48 0
267 48 0
268 48 0
269 48 0
270 48 0
271 48 0
272 48 0
273 48 0
274 48 0
275 48 0
276 48 0
277 48 0
141 49 0
142 49 0
145 49 0
148 49 0
149 49 0
150 49 0
151 49 0
152 49 0
153 49 0
154 49 0
155 49 0
156 49 0
157 49 0
158 49 0
159 49 0
160 49 0
161 49 0
162 49 0
163 49 0
164 49 0
165 49 0
166 49 0
167 49 0
168 49 0
169 49 0
170 49 0
171 49 0
172 49 0
173 49 0
174 49 0
175 49 0
176 49 0
177 49 0
178 49 0
180 49 0
182 49 0
183 49 0
184 49 0
249 49 0
250 49 0
255 49 0
256 49 0
267 49 0
268 49 0
269 49 0
270 49 0
271 49 0
272 49 0
273 49 0
274 49 0
275 49 0
276 49 0
280 49 0
139 50 0
140 50 0
141 50 0
142 50 0
143 50 0
144 50 0
145 50 0
146 50 0
147 50 0
148 50 0
149 50 0
150 50 0
151 50 0
152 50 0
153 50 0
154 50 0
155 50 0
156 50 0
157 50 0
158 50 0
159 50 0
160 50 0
161 50 0
162 50 0
163 50 0
164 50 0
165 50 0
166 50 0
167 50 0
169 50 0
170 50 0
171 50 0
172 50 0
173 50 0
174 50 0
175 50 0
176 50 0
177 50 0
178 50 0
179 50 0
180 50 0
181 50 0
182 50 0
183 50 0
184 50 0
248 50 0
249 50 0
255 50 0
269 50 0
270 50 0
271 50 0
272 50 0
273 50 0
274 50 0
275 50 0
276 50 0
277 50 0
278 50 0
137 51 0
138 51 0
139 51 0
140 51 0
141 51 0
142 51 0
143 51 0
144 51 0
145 51 0
146 51 0
147 51 0
148 51 0
150 51 0
151 51 0
152 51 0
153 51 0
154 51 0
155 51 0
156 51 0
158 51 0
180 51 0
181 51 0
183 51 0
184 51 0
253 51 0
254 51 0
274 51 0
275 51 0
276 51 0
277 51 0
279 51 0
280 51 0
137 52 0
138 52 0
139 52 0
276 52 0
278 52 0
279 52 0
285 53 0
283 54 0
285 54 0
286 54 0
287 54 0
288 54 0
289 54 0
290 54 0
295 54 0
135 55 0
148 55 0
166 55 0
178 55 0
185 55 0
287 55 0
288 55 0
290 55 0
135 56 0
136 56 0
137 56 0
146 56 0
148 56 0
149 56 0
150 56 0
153 56 0
166 56 0
167 56 0
182 56 0
184 56 0
185 56 0
186 56 0
289 56 0
291 56 0
292 56 0
293 56 0
294 56 0
295 56 0
296 56 0
297 56 0
135 57 0
136 57 0
138 57 0
139 57 0
140 57 0
142 57 0
143 57 0
144 57 0
145 57 0
146 57 0
147 57 0
149 57 0
150 57 0
151 57 0
154 57 0
155 57 0
178 57 0
293 57 0
294 57 0
295 57 0
296 57 0
297 57 0
298 57 0
299 57 0
300 57 0
301 57 0
302 57 0
303 57 0
304 57 0
305 57 0
135 58 0
136 58 0
137 58 0
142 58 0
144 58 0
145 58 0
148 58 0
149 58 0
164 58 0
166 58 0
168 58 0
171 58 0
172 58 0
173 58 0
174 58 0
179 58 0
182 58 0
183 58 0
184 58 0
201 58 0
297 58 0
299 58 0
300 58 0
301 58 0
302 58 0
303 58 0
305 58 0
307 58 0
138 59 0
142 59 0
143 59 0
145 59 0
167 59 0
168 59 0
175 59 0
176 59 0
184 59 0
185 59 0
201 59 0
202 59 0
212 59 0
299 59 0
300 59 0
301 59 0
304 59 0
305 59 0
306 59 0
307 59 0
308 59 0
143 60 0
170 60 0
171 60 0
172 60 0
173 60 0
175 60 0
177 60 0
178 60 0
180 60 0
302 60 0
303 60 0
305 60 0
306 60 0
307 60 0
308 60 0
309 60 0
311 60 0
312 60 0
313 60 0
317 60 0
148 61 0
149 61 0
173 61 0
175 61 0
176 61 0
179 61 0
180 61 0
181 61 0
182 61 0
183 61 0
184 61 0
306 61 0
307 61 0
308 61 0
309 61 0
310 61 0
311 61 0
312 61 0
313 61 0
314 61 0
315 61 0
317 61 0
324 61 0
149 62 0
150 62 0
158 62 0
174 62 0
177 62 0
312 62 0
313 62 0
314 62 0
315 62 0
317 62 0
318 62 0
319 62 0
322 62 0
170 63 0
316 63 0
317 63 0
318 63 0
319 63 0
321 63 0
322 63 0
328 63 0
329 63 0
330 63 0
163 64 0
164 64 0
165 64 0
166 64 0
167 64 0
168 64 0
177 64 0
180 64 0
321 64 0
322 64 0
323 64 0
324 64 0
325 64 0
327 64 0
328 64 0
329 64 0
330 64 0
332 64 0
333 64 0
337 64 0
338 64 0
339 64 0
165 65 0
166 65 0
178 65 0
183 65 0
184 65 0
185 65 0
186 65 0
330 65 0
334 65 0
335 65 0
339 65 0
161 66 0
162 66 0
163 66 0
164 66 0
165 66 0
166 66 0
237 66 0
332 66 0
333 66 0
334 66 0
152 67 0
156 67 0
157 67 0
158 67 0
159 67 0
160 67 0
161 67 0
162 67 0
163 67 0
164 67 0
165 67 0
144 68 0
145 68 0
146 68 0
147 68 0
148 68 0
149 68 0
150 68 0
151 68 0
152 68 0
153 68 0
154 68 0
155 68 0
156 68 0
157 68 0
158 68 0
159 68 0
160 68 0
161 68 0
162 68 0
163 68 0
164 68 0
165 68 0
143 69 0
144 69 0
145 69 0
150 69 0
151 69 0
152 69 0
153 69 0
154 69 0
155 69 0
156 69 0
157 69 0
158 69 0
159 69 0
160 69 0
161 69 0
162 69 0
163 69 0
164 69 0
195 69 0
144 70 0
145 70 0
184 70 0
187 70 0
189 70 0
182 71 0
184 71 0
154 72 0
157 72 0
180 72 0
184 72 0
185 72 0
189 72 0
160 73 0
161 73 0
182 73 0
183 73 0
185 73 0
186 73 0
187 73 0
143 74 0
147 74 0
148 74 0
149 74 0
150 74 0
151 74 0
152 74 0
154 74 0
156 74 0
157 74 0
158 74 0
159 74 0
160 74 0
161 74 0
162 74 0
163 74 0
192 74 0
193 74 0
143 75 0
144 75 0
145 75 0
146 75 0
147 75 0
148 75 0
149 75 0
150 75 0
151 75 0
152 75 0
153 75 0
154 75 0
155 75 0
156 75 0
157 75 0
158 75 0
238 75 0
144 76 0
145 76 0
146 76 0
153 76 0
154 76 0
157 76 0
238 76 0
156 77 0
185 77 0
186 77 0
187 77 0
188 77 0
198 77 0
243 77 0
185 78 0
187 78 0
188 78 0
189 78 0
196 78 0
157 79 0
158 79 0
159 79 0
160 79 0
161 79 0
162 79 0
163 79 0
184 79 0
185 79 0
186 79 0
187 79 0
193 79 0
242 79 0
248 79 0
158 80 0
159 80 0
160 80 0
161 80 0
162 80 0
163 80 0
185 80 0
186 80 0
187 80 0
188 80 0
191 80 0
223 80 0
224 80 0
242 80 0
155 81 0
159 81 0
160 81 0
161 81 0
162 81 0
184 81 0
185 81 0
186 81 0
187 81 0
188 81 0
189 81 0
191 81 0
192 81 0
215 81 0
219 81 0
220 81 0
223 81 0
237 81 0
238 81 0
241 81 0
242 81 0
243 81 0
160 82 0
161 82 0
185 82 0
186 82 0
187 82 0
188 82 0
189 82 0
190 82 0
216 82 0
217 82 0
221 82 0
224 82 0
225 82 0
226 82 0
238 82 0
241 82 0
242 82 0
243 82 0
244 82 0
161 83 0
185 83 0
186 83 0
187 83 0
188 83 0
189 83 0
202 83 0
204 83 0
205 83 0
207 83 0
212 83 0
213 83 0
221 83 0
222 83 0
231 83 0
241 83 0
242 83 0
243 83 0
244 83 0
245 83 0
246 83 0
157 84 0
159 84 0
184 84 0
185 84 0
186 84 0
187 84 0
201 84 0
212 84 0
218 84 0
221 84 0
232 84 0
238 84 0
239 84 0
242 84 0
243 84 0
244 84 0
245 84 0
246 84 0
247 84 0
248 84 0
155 85 0
156 85 0
157 85 0
159 85 0
164 85 0
199 85 0
210 85 0
214 85 0
215 85 0
216 85 0
235 85 0
238 85 0
242 85 0
243 85 0
244 85 0
245 85 0
246 85 0
247 85 0
248 85 0
249 85 0
252 85 0
160 86 0
161 86 0
162 86 0
208 86 0
212 86 0
239 86 0
243 86 0
244 86 0
245 86 0
246 86 0
247 86 0
248 86 0
249 86 0
252 86 0
253 86 0
159 87 0
160 87 0
161 87 0
190 87 0
194 87 0
195 87 0
196 87 0
206 87 0
208 87 0
241 87 0
244 87 0
246 87 0
247 87 0
248 87 0
249 87 0
250 87 0
252 87 0
253 87 0
256 87 0
257 87 0
258 87 0
157 88 0
159 88 0
161 88 0
162 88 0
163 88 0
187 88 0
188 88 0
190 88 0
191 88 0
192 88 0
196 88 0
200 88 0
201 88 0
202 88 0
203 88 0
204 88 0
239 88 0
240 88 0
241 88 0
242 88 0
243 88 0
247 88 0
248 88 0
249 88 0
250 88 0
252 88 0
255 88 0
159 89 0
160 89 0
161 89 0
185 89 0
187 89 0
188 89 0
190 89 0
191 89 0
192 89 0
193 89 0
194 89 0
241 89 0
242 89 0
243 89 0
244 89 0
252 89 0
253 89 0
255 89 0
259 89 0
261 89 0
262 89 0
159 90 0
161 90 0
162 90 0
185 90 0
188 90 0
189 90 0
243 90 0
244 90 0
253 90 0
255 90 0
256 90 0
260 90 0
159 91 0
162 91 0
187 91 0
188 91 0
189 91 0
190 91 0
245 91 0
256 91 0
257 91 0
158 92 0
160 92 0
164 92 0
187 92 0
189 92 0
253 92 0
258 92 0
259 92 0
260 92 0
261 92 0
158 93 0
159 93 0
164 93 0
165 93 0
166 93 0
259 93 0
163 94 0
164 94 0
193 94 0
194 94 0
261 94 0
166 96 0
168 96 0
166 97 0
167 97 0
162 98 0
163 98 0
164 98 0
165 98 0
167 98 0
168 98 0
161 99 0
162 99 0
163 99 0
164 99 0
165 99 0
166 99 0
167 99 0
169 99 0
160 100 0
161 100 0
162 100 0
163 100 0
164 100 0
165 100 0
166 100 0
161 101 0
162 101 0
163 101 0
164 101 0
165 101 0
166 101 0
167 101 0
168 101 0
162 102 0
163 102 0
164 102 0
165 102 0
166 102 0
167 102 0
168 102 0
163 103 0
264 99 1
268 99 1
266 100 1
254 101 1
255 101 1
256 101 1
258 101 1
264 101 1
257 102 1
258 102 1
259 102 1
257 103 1
261 103 1
265 103 1
266 103 1
261 104 1
262 104 1
263 104 1
264 104 1
265 104 1
264 105 1
265 105 1
266 106 1
267 106 1
268 106 1
269 106 1
270 106 1
276 106 1
268 107 1
269 107 1
271 107 1
273 107 1
174 108 1
176 108 1
188 108 1
271 108 1
283 108 1
177 109 1
178 109 1
180 109 1
189 109 1
275 109 1
276 109 1
174 110 1
176 110 1
177 110 1
179 110 1
180 110 1
181 110 1
182 110 1
183 110 1
185 110 1
186 110 1
214 110 1
275 110 1
277 110 1
278 110 1
282 110 1
178 111 1
182 111 1
183 111 1
184 111 1
185 111 1
186 111 1
187 111 1
188 111 1
279 111 1
280 111 1
187 112 1
188 112 1
278 112 1
279 112 1
280 112 1
283 112 1
284 114 1
167 115 1
168 115 1
165 116 1
166 116 1
167 116 1
168 116 1
174 116 1
178 116 1
287 116 1
288 116 1
165 117 1
166 117 1
167 117 1
168 117 1
170 117 1
192 117 1
193 117 1
195 117 1
200 117 1
164 118 1
165 118 1
166 118 1
192 118 1
198 118 1
205 118 1
191 119 1
192 119 1
194 119 1
199 119 1
212 119 1
176 120 1
184 120 1
185 120 1
186 120 1
189 120 1
192 120 1
193 120 1
195 120 1
196 120 1
166 121 1
174 121 1
176 121 1
177 121 1
180 121 1
182 121 1
183 121 1
184 121 1
187 121 1
188 121 1
189 121 1
190 121 1
191 121 1
192 121 1
193 121 1
195 121 1
198 121 1
199 121 1
203 121 1
206 121 1
207 121 1
210 121 1
165 122 1
166 122 1
167 122 1
168 122 1
172 122 1
173 122 1
174 122 1
175 122 1
176 122 1
177 122 1
178 122 1
179 122 1
180 122 1
182 122 1
183 122 1
184 122 1
185 122 1
186 122 1
187 122 1
188 122 1
189 122 1
190 122 1
191 122 1
192 122 1
193 122 1
194 122 1
196 122 1
197 122 1
199 122 1
205 122 1
166 123 1
167 123 1
168 123 1
169 123 1
173 123 1
175 123 1
176 123 1
177 123 1
178 123 1
179 123 1
182 123 1
184 123 1
185 123 1
186 123 1
187 123 1
188 123 1
189 123 1
190 123 1
191 123 1
192 123 1
193 123 1
195 123 1
198 123 1
201 123 1
203 123 1
206 123 1
208 123 1
209 123 1
166 124 1
167 124 1
177 124 1
178 124 1
183 124 1
184 124 1
185 124 1
186 124 1
187 124 1
188 124 1
189 124 1
190 124 1
192 124 1
193 124 1
202 124 1
205 124 1
206 124 1
207 124 1
208 124 1
210 124 1
213 124 1
214 124 1
170 125 1
185 125 1
186 125 1
187 125 1
188 125 1
189 125 1
191 125 1
206 125 1
207 125 1
208 125 1
209 125 1
211 125 1
212 125 1
218 125 1
195 126 1
210 126 1
211 126 1
212 126 1
215 126 1
218 126 1
219 126 1
220 126 1
221 126 1
222 126 1
223 126 1
225 126 1
178 127 1
180 127 1
194 127 1
196 127 1
202 127 1
216 127 1
217 127 1
220 127 1
222 127 1
223 127 1
225 127 1
226 127 1
227 127 1
228 127 1
229 127 1
230 127 1
175 128 1
180 128 1
204 128 1
224 128 1
225 128 1
226 128 1
227 128 1
230 128 1
231 128 1
232 128 1
233 128 1
195 129 1
200 129 1
202 129 1
182 130 1
207 130 1
211 130 1
240 130 1
243 130 1
251 130 1
242 131 1
243 131 1
244 131 1
245 131 1
247 131 1
226 132 1
243 132 1
244 132 1
245 132 1
246 132 1
247 132 1
228 133 1
233 133 1
246 133 1
248 133 1
318 133 1
247 134 1
249 134 1
230 135 1
250 135 1
251 135 1
248 136 1
249 136 1
250 136 1
251 136 1
252 136 1
253 136 1
252 137 1
254 137 1
254 138 1
255 138 1
257 138 1
254 139 1
255 139 1
256 139 1
255 140 1
256 140 1
257 140 1
258 140 1
255 141 1
256 141 1
257 141 1
258 141 1
259 141 1
259 142 1
260 142 1
261 142 1
259 143 1
260 143 1
261 143 1
263 143 1
264 143 1
276 143 1
261 144 1
262 144 1
263 144 1
264 144 1
262 145 1
263 145 1
265 145 1
266 145 1
265 146 1
266 146 1
267 147 1
268 147 1
267 148 1
269 149 1
270 149 1
271 149 1
273 150 1
272 151 1
274 151 1
273 152 1
275 152 1
276 152 1
275 153 1
277 153 1
278 153 1
284 153 1
279 154 1
281 156 1
282 156 1
283 157 1
285 157 1
284 158 1
285 158 1
285 159 1
291 162 1
301 166 1
331 33 2
332 33 2
333 33 2
334 33 2
335 33 2
336 33 2
337 33 2
338 33 2
339 33 2
336 34 2
337 34 2
338 34 2
339 34 2
340 34 2
341 34 2
342 34 2
343 34 2
344 34 2
161 67 2
334 67 2
340 67 2
341 67 2
154 68 2
155 68 2
156 68 2
157 68 2
158 68 2
159 68 2
333 68 2
337 68 2
339 68 2
340 68 2
341 68 2
152 69 2
153 69 2
154 69 2
155 69 2
156 69 2
157 69 2
158 69 2
159 69 2
340 69 2
342 69 2
153 70 2
155 70 2
156 70 2
157 70 2
340 70 2
153 71 2
165 74 2
167 74 2
152 75 2
162 75 2
163 75 2
152 76 2
158 76 2
163 76 2
161 77 2
165 77 2
166 77 2
162 78 2
163 78 2
164 78 2
165 78 2
171 78 2
159 79 2
162 79 2
164 79 2
165 79 2
168 79 2
169 79 2
171 79 2
159 80 2
160 80 2
161 80 2
162 80 2
163 80 2
164 80 2
165 80 2
167 80 2
168 80 2
169 80 2
161 81 2
162 81 2
163 81 2
164 81 2
165 81 2
166 81 2
167 81 2
168 81 2
162 82 2
164 82 2
165 82 2
166 82 2
167 82 2
168 82 2
169 82 2
162 83 2
164 83 2
165 83 2
169 83 2
152 84 2
169 84 2
170 84 2
171 84 2
169 85 2
171 85 2
172 85 2
153 86 2
160 88 2
162 88 2
161 89 2
162 89 2
163 89 2
162 90 2
163 90 2
165 90 2
166 90 2
162 91 2
165 91 2
166 91 2
166 92 2
175 93 2
169 94 2
169 95 2
171 95 2
167 96 2
168 96 2
171 96 2
172 96 2
173 96 2
166 97 2
168 97 2
170 97 2
171 97 2
167 98 2
171 98 2
157 99 2
171 99 2
157 100 2
159 100 2
168 100 2
169 100 2
170 100 2
171 100 2
172 100 2
164 101 2
168 101 2
169 101 2
170 101 2
171 101 2
172 101 2
167 102 2
168 102 2
169 102 2
171 102 2
