215 2 0
216 2 0
217 2 0
217 3 0
218 3 0
217 4 0
218 4 0
217 5 0
218 5 0
219 5 0
220 5 0
221 5 0
218 6 0
219 6 0
220 6 0
221 6 0
207 7 0
218 7 0
219 7 0
220 7 0
221 7 0
219 8 0
220 8 0
221 8 0
222 8 0
207 9 0
220 9 0
221 9 0
222 9 0
220 10 0
221 10 0
222 10 0
221 11 0
222 11 0
223 11 0
207 12 0
208 12 0
221 12 0
222 12 0
208 13 0
208 14 0
223 14 0
224 14 0
208 15 0
209 15 0
224 15 0
209 16 0
212 16 0
213 16 0
216 16 0
224 16 0
225 16 0
226 16 0
227 16 0
209 17 0
210 17 0
212 17 0
225 17 0
226 17 0
227 17 0
210 18 0
212 18 0
213 18 0
225 18 0
226 18 0
227 18 0
212 19 0
213 19 0
214 19 0
215 19 0
226 19 0
227 19 0
212 20 0
213 20 0
214 20 0
215 20 0
216 20 0
227 20 0
212 21 0
213 21 0
214 21 0
215 21 0
230 21 0
212 22 0
213 22 0
214 22 0
215 22 0
216 22 0
232 22 0
233 22 0
234 22 0
212 23 0
213 23 0
214 23 0
215 23 0
218 23 0
233 23 0
214 24 0
219 24 0
234 24 0
217 26 0
235 26 0
236 26 0
237 26 0
221 27 0
236 27 0
237 27 0
238 27 0
237 28 0
238 28 0
238 29 0
239 29 0
216 30 0
217 30 0
238 30 0
239 30 0
240 30 0
238 31 0
239 31 0
242 31 0
216 32 0
217 32 0
239 32 0
240 32 0
240 33 0
144 34 0
145 34 0
146 34 0
147 34 0
148 34 0
240 34 0
241 34 0
143 35 0
144 35 0
145 35 0
146 35 0
147 35 0
148 35 0
149 35 0
150 35 0
155 35 0
158 35 0
240 35 0
241 35 0
143 36 0
144 36 0
145 36 0
146 36 0
147 36 0
148 36 0
155 36 0
156 36 0
157 36 0
158 36 0
159 36 0
160 36 0
163 36 0
164 36 0
241 36 0
242 36 0
153 37 0
154 37 0
155 37 0
156 37 0
157 37 0
158 37 0
159 37 0
160 37 0
161 37 0
162 37 0
163 37 0
164 37 0
165 37 0
166 37 0
167 37 0
168 37 0
169 37 0
170 37 0
173 37 0
174 37 0
241 37 0
242 37 0
244 37 0
154 38 0
155 38 0
157 38 0
158 38 0
159 38 0
160 38 0
161 38 0
162 38 0
163 38 0
164 38 0
165 38 0
166 38 0
167 38 0
168 38 0
169 38 0
170 38 0
171 38 0
172 38 0
173 38 0
175 38 0
176 38 0
179 38 0
206 38 0
209 38 0
211 38 0
212 38 0
213 38 0
214 38 0
241 38 0
242 38 0
243 38 0
142 39 0
143 39 0
166 39 0
167 39 0
168 39 0
169 39 0
170 39 0
171 39 0
172 39 0
173 39 0
174 39 0
176 39 0
209 39 0
210 39 0
211 39 0
212 39 0
213 39 0
214 39 0
242 39 0
245 39 0
140 40 0
141 40 0
142 40 0
144 40 0
159 40 0
164 40 0
169 40 0
170 40 0
171 40 0
172 40 0
173 40 0
174 40 0
175 40 0
176 40 0
177 40 0
179 40 0
181 40 0
194 40 0
204 40 0
207 40 0
208 40 0
209 40 0
210 40 0
211 40 0
212 40 0
213 40 0
243 40 0
244 40 0
140 41 0
141 41 0
142 41 0
143 41 0
144 41 0
145 41 0
146 41 0
147 41 0
148 41 0
149 41 0
150 41 0
160 41 0
175 41 0
176 41 0
177 41 0
178 41 0
179 41 0
180 41 0
181 41 0
182 41 0
183 41 0
197 41 0
201 41 0
202 41 0
203 41 0
204 41 0
205 41 0
206 41 0
207 41 0
208 41 0
209 41 0
210 41 0
244 41 0
245 41 0
140 42 0
141 42 0
142 42 0
143 42 0
144 42 0
145 42 0
146 42 0
147 42 0
151 42 0
153 42 0
181 42 0
182 42 0
183 42 0
184 42 0
185 42 0
186 42 0
190 42 0
191 42 0
192 42 0
193 42 0
194 42 0
195 42 0
196 42 0
198 42 0
199 42 0
200 42 0
201 42 0
202 42 0
203 42 0
204 42 0
205 42 0
206 42 0
207 42 0
141 43 0
142 43 0
143 43 0
144 43 0
145 43 0
146 43 0
147 43 0
149 43 0
150 43 0
152 43 0
153 43 0
156 43 0
159 43 0
182 43 0
183 43 0
184 43 0
190 43 0
191 43 0
192 43 0
193 43 0
194 43 0
195 43 0
196 43 0
197 43 0
198 43 0
199 43 0
200 43 0
201 43 0
202 43 0
203 43 0
204 43 0
205 43 0
206 43 0
143 44 0
144 44 0
145 44 0
147 44 0
148 44 0
149 44 0
150 44 0
151 44 0
153 44 0
155 44 0
156 44 0
159 44 0
160 44 0
193 44 0
194 44 0
195 44 0
196 44 0
197 44 0
198 44 0
199 44 0
200 44 0
201 44 0
202 44 0
203 44 0
147 45 0
148 45 0
149 45 0
150 45 0
151 45 0
152 45 0
153 45 0
154 45 0
155 45 0
156 45 0
157 45 0
158 45 0
159 45 0
246 45 0
152 46 0
153 46 0
154 46 0
155 46 0
156 46 0
157 46 0
158 46 0
159 46 0
160 46 0
163 46 0
247 46 0
154 47 0
155 47 0
156 47 0
157 47 0
158 47 0
159 47 0
160 47 0
161 47 0
162 47 0
171 47 0
172 47 0
173 47 0
158 48 0
159 48 0
160 48 0
161 48 0
162 48 0
163 48 0
164 48 0
166 48 0
168 48 0
179 48 0
247 48 0
248 48 0
249 48 0
250 48 0
160 49 0
161 49 0
162 49 0
163 49 0
164 49 0
165 49 0
166 49 0
168 49 0
170 49 0
171 49 0
172 49 0
173 49 0
174 49 0
175 49 0
183 49 0
248 49 0
249 49 0
250 49 0
163 50 0
164 50 0
165 50 0
166 50 0
167 50 0
168 50 0
169 50 0
170 50 0
171 50 0
172 50 0
176 50 0
181 50 0
249 50 0
250 50 0
251 50 0
165 51 0
173 51 0
174 51 0
175 51 0
176 51 0
177 51 0
178 51 0
179 51 0
180 51 0
173 52 0
174 52 0
176 52 0
177 52 0
178 52 0
179 52 0
180 52 0
181 52 0
182 52 0
168 53 0
170 53 0
171 53 0
176 53 0
177 53 0
179 53 0
180 53 0
182 53 0
183 53 0
247 53 0
248 53 0
249 53 0
250 53 0
257 53 0
261 53 0
167 54 0
168 54 0
169 54 0
170 54 0
171 54 0
172 54 0
173 54 0
179 54 0
180 54 0
181 54 0
246 54 0
247 54 0
248 54 0
249 54 0
250 54 0
253 54 0
254 54 0
255 54 0
256 54 0
257 54 0
258 54 0
259 54 0
260 54 0
261 54 0
262 54 0
263 54 0
167 55 0
168 55 0
170 55 0
171 55 0
172 55 0
173 55 0
174 55 0
175 55 0
246 55 0
247 55 0
248 55 0
253 55 0
254 55 0
255 55 0
256 55 0
257 55 0
258 55 0
259 55 0
260 55 0
261 55 0
262 55 0
263 55 0
264 55 0
169 56 0
172 56 0
173 56 0
174 56 0
175 56 0
176 56 0
177 56 0
178 56 0
245 56 0
246 56 0
247 56 0
251 56 0
252 56 0
253 56 0
254 56 0
255 56 0
256 56 0
257 56 0
258 56 0
259 56 0
260 56 0
261 56 0
262 56 0
263 56 0
168 57 0
175 57 0
176 57 0
177 57 0
178 57 0
179 57 0
180 57 0
181 57 0
182 57 0
244 57 0
245 57 0
246 57 0
251 57 0
252 57 0
165 58 0
169 58 0
174 58 0
175 58 0
176 58 0
177 58 0
178 58 0
179 58 0
244 58 0
245 58 0
249 58 0
250 58 0
251 58 0
147 59 0
166 59 0
168 59 0
169 59 0
170 59 0
171 59 0
172 59 0
173 59 0
174 59 0
175 59 0
176 59 0
177 59 0
178 59 0
243 59 0
244 59 0
249 59 0
162 60 0
163 60 0
164 60 0
165 60 0
166 60 0
167 60 0
168 60 0
169 60 0
170 60 0
171 60 0
172 60 0
173 60 0
174 60 0
175 60 0
176 60 0
177 60 0
178 60 0
179 60 0
243 60 0
278 60 0
139 61 0
145 61 0
158 61 0
159 61 0
161 61 0
166 61 0
168 61 0
169 61 0
170 61 0
171 61 0
172 61 0
173 61 0
174 61 0
175 61 0
176 61 0
177 61 0
178 61 0
179 61 0
242 61 0
243 61 0
281 61 0
282 61 0
284 61 0
285 61 0
290 61 0
133 62 0
134 62 0
135 62 0
136 62 0
137 62 0
138 62 0
146 62 0
147 62 0
149 62 0
282 62 0
283 62 0
284 62 0
285 62 0
286 62 0
287 62 0
288 62 0
289 62 0
290 62 0
291 62 0
292 62 0
132 63 0
133 63 0
134 63 0
135 63 0
173 63 0
283 63 0
284 63 0
285 63 0
286 63 0
287 63 0
288 63 0
289 63 0
290 63 0
291 63 0
294 63 0
295 63 0
287 64 0
288 64 0
289 64 0
290 64 0
291 64 0
292 64 0
293 64 0
294 64 0
295 64 0
296 64 0
297 64 0
298 64 0
301 64 0
302 64 0
142 65 0
143 65 0
153 65 0
154 65 0
155 65 0
176 65 0
292 65 0
293 65 0
294 65 0
295 65 0
296 65 0
297 65 0
298 65 0
299 65 0
300 65 0
301 65 0
302 65 0
137 66 0
141 66 0
144 66 0
145 66 0
146 66 0
148 66 0
157 66 0
182 66 0
186 66 0
295 66 0
297 66 0
298 66 0
299 66 0
300 66 0
301 66 0
302 66 0
303 66 0
304 66 0
305 66 0
306 66 0
307 66 0
137 67 0
138 67 0
141 67 0
143 67 0
144 67 0
145 67 0
158 67 0
163 67 0
164 67 0
165 67 0
172 67 0
174 67 0
176 67 0
177 67 0
178 67 0
179 67 0
180 67 0
181 67 0
182 67 0
183 67 0
184 67 0
300 67 0
301 67 0
302 67 0
303 67 0
304 67 0
305 67 0
306 67 0
307 67 0
308 67 0
309 67 0
310 67 0
311 67 0
315 67 0
316 67 0
138 68 0
139 68 0
140 68 0
141 68 0
144 68 0
145 68 0
146 68 0
147 68 0
149 68 0
151 68 0
152 68 0
154 68 0
155 68 0
158 68 0
159 68 0
160 68 0
161 68 0
162 68 0
163 68 0
164 68 0
166 68 0
169 68 0
170 68 0
172 68 0
177 68 0
183 68 0
198 68 0
208 68 0
304 68 0
305 68 0
306 68 0
308 68 0
309 68 0
310 68 0
311 68 0
312 68 0
313 68 0
314 68 0
315 68 0
316 68 0
317 68 0
318 68 0
321 68 0
322 68 0
134 69 0
135 69 0
136 69 0
137 69 0
138 69 0
139 69 0
140 69 0
141 69 0
142 69 0
144 69 0
147 69 0
148 69 0
150 69 0
152 69 0
155 69 0
156 69 0
160 69 0
162 69 0
163 69 0
164 69 0
167 69 0
168 69 0
175 69 0
176 69 0
177 69 0
197 69 0
198 69 0
204 69 0
306 69 0
307 69 0
310 69 0
311 69 0
312 69 0
313 69 0
314 69 0
315 69 0
316 69 0
317 69 0
318 69 0
319 69 0
320 69 0
321 69 0
322 69 0
323 69 0
324 69 0
325 69 0
326 69 0
331 69 0
332 69 0
135 70 0
138 70 0
139 70 0
140 70 0
141 70 0
152 70 0
156 70 0
162 70 0
163 70 0
164 70 0
165 70 0
169 70 0
170 70 0
171 70 0
172 70 0
173 70 0
174 70 0
177 70 0
178 70 0
179 70 0
208 70 0
310 70 0
312 70 0
313 70 0
314 70 0
315 70 0
316 70 0
317 70 0
318 70 0
319 70 0
320 70 0
321 70 0
322 70 0
323 70 0
324 70 0
325 70 0
326 70 0
327 70 0
328 70 0
329 70 0
330 70 0
331 70 0
333 70 0
334 70 0
335 70 0
337 70 0
338 70 0
339 70 0
341 70 0
342 70 0
136 71 0
137 71 0
138 71 0
139 71 0
155 71 0
167 71 0
168 71 0
169 71 0
170 71 0
171 71 0
173 71 0
174 71 0
175 71 0
176 71 0
177 71 0
178 71 0
322 71 0
323 71 0
324 71 0
325 71 0
326 71 0
327 71 0
328 71 0
329 71 0
330 71 0
332 71 0
334 71 0
335 71 0
336 71 0
337 71 0
338 71 0
339 71 0
340 71 0
341 71 0
342 71 0
171 72 0
172 72 0
173 72 0
174 72 0
175 72 0
176 72 0
178 72 0
179 72 0
327 72 0
330 72 0
333 72 0
336 72 0
340 72 0
341 72 0
342 72 0
343 72 0
141 73 0
161 73 0
230 73 0
338 73 0
141 74 0
143 74 0
156 74 0
158 74 0
175 74 0
233 74 0
143 75 0
172 75 0
173 75 0
174 75 0
176 75 0
177 75 0
178 75 0
179 75 0
180 75 0
181 75 0
182 75 0
170 76 0
172 76 0
173 76 0
174 76 0
175 76 0
176 76 0
178 76 0
155 77 0
156 77 0
172 77 0
174 77 0
154 78 0
155 78 0
156 78 0
158 78 0
159 78 0
162 78 0
146 79 0
147 79 0
148 79 0
149 79 0
150 79 0
151 79 0
152 79 0
153 79 0
154 79 0
155 79 0
156 79 0
157 79 0
143 80 0
144 80 0
147 80 0
148 80 0
149 80 0
150 80 0
151 80 0
152 80 0
153 80 0
154 80 0
155 80 0
156 80 0
171 80 0
175 80 0
180 80 0
185 80 0
186 80 0
189 80 0
139 81 0
140 81 0
141 81 0
142 81 0
151 81 0
170 81 0
177 81 0
181 81 0
182 81 0
183 81 0
184 81 0
185 81 0
187 81 0
140 82 0
162 82 0
176 82 0
180 82 0
181 82 0
183 82 0
140 83 0
153 83 0
154 83 0
157 83 0
158 83 0
159 83 0
161 83 0
162 83 0
164 83 0
168 83 0
171 83 0
172 83 0
173 83 0
174 83 0
175 83 0
178 83 0
179 83 0
183 83 0
184 83 0
185 83 0
188 83 0
140 84 0
150 84 0
151 84 0
152 84 0
154 84 0
155 84 0
156 84 0
157 84 0
158 84 0
159 84 0
160 84 0
161 84 0
163 84 0
165 84 0
166 84 0
167 84 0
169 84 0
172 84 0
176 84 0
182 84 0
186 84 0
227 84 0
138 85 0
139 85 0
140 85 0
141 85 0
143 85 0
144 85 0
145 85 0
146 85 0
147 85 0
148 85 0
149 85 0
150 85 0
151 85 0
152 85 0
153 85 0
154 85 0
155 85 0
156 85 0
157 85 0
158 85 0
159 85 0
160 85 0
161 85 0
162 85 0
163 85 0
165 85 0
170 85 0
171 85 0
172 85 0
176 85 0
177 85 0
138 86 0
139 86 0
140 86 0
141 86 0
142 86 0
143 86 0
144 86 0
145 86 0
146 86 0
147 86 0
148 86 0
149 86 0
150 86 0
151 86 0
152 86 0
153 86 0
154 86 0
155 86 0
156 86 0
157 86 0
158 86 0
159 86 0
160 86 0
161 86 0
163 86 0
173 86 0
228 86 0
139 87 0
140 87 0
141 87 0
142 87 0
143 87 0
144 87 0
145 87 0
146 87 0
147 87 0
148 87 0
149 87 0
152 87 0
153 87 0
154 87 0
155 87 0
156 87 0
157 87 0
158 87 0
159 87 0
160 87 0
234 87 0
239 87 0
263 87 0
139 88 0
140 88 0
141 88 0
142 88 0
146 88 0
148 88 0
150 88 0
153 88 0
154 88 0
155 88 0
156 88 0
157 88 0
158 88 0
188 88 0
189 88 0
191 88 0
238 88 0
155 89 0
156 89 0
157 89 0
158 89 0
162 89 0
181 89 0
187 89 0
188 89 0
189 89 0
190 89 0
191 89 0
209 89 0
210 89 0
234 89 0
238 89 0
239 89 0
244 89 0
165 90 0
173 90 0
180 90 0
188 90 0
189 90 0
202 90 0
214 90 0
215 90 0
220 90 0
224 90 0
227 90 0
228 90 0
235 90 0
238 90 0
239 90 0
240 90 0
186 91 0
187 91 0
188 91 0
202 91 0
203 91 0
212 91 0
218 91 0
219 91 0
220 91 0
222 91 0
235 91 0
238 91 0
239 91 0
240 91 0
241 91 0
242 91 0
245 91 0
168 92 0
185 92 0
210 92 0
211 92 0
212 92 0
217 92 0
218 92 0
219 92 0
221 92 0
235 92 0
238 92 0
239 92 0
240 92 0
241 92 0
242 92 0
243 92 0
254 92 0
183 93 0
200 93 0
201 93 0
208 93 0
209 93 0
212 93 0
213 93 0
216 93 0
217 93 0
218 93 0
235 93 0
236 93 0
239 93 0
240 93 0
241 93 0
242 93 0
243 93 0
244 93 0
245 93 0
246 93 0
247 93 0
254 93 0
182 94 0
198 94 0
206 94 0
207 94 0
208 94 0
209 94 0
210 94 0
211 94 0
212 94 0
213 94 0
231 94 0
236 94 0
237 94 0
240 94 0
241 94 0
242 94 0
243 94 0
244 94 0
245 94 0
246 94 0
247 94 0
248 94 0
249 94 0
250 94 0
193 95 0
195 95 0
196 95 0
206 95 0
207 95 0
208 95 0
236 95 0
237 95 0
238 95 0
241 95 0
242 95 0
243 95 0
244 95 0
245 95 0
246 95 0
247 95 0
248 95 0
249 95 0
250 95 0
251 95 0
176 96 0
178 96 0
191 96 0
194 96 0
204 96 0
205 96 0
236 96 0
237 96 0
238 96 0
243 96 0
244 96 0
245 96 0
246 96 0
247 96 0
248 96 0
249 96 0
250 96 0
251 96 0
252 96 0
253 96 0
254 96 0
264 96 0
186 97 0
189 97 0
190 97 0
191 97 0
193 97 0
197 97 0
200 97 0
201 97 0
202 97 0
237 97 0
238 97 0
239 97 0
240 97 0
241 97 0
250 97 0
251 97 0
252 97 0
253 97 0
254 97 0
256 97 0
168 98 0
181 98 0
182 98 0
183 98 0
184 98 0
186 98 0
187 98 0
188 98 0
189 98 0
191 98 0
193 98 0
194 98 0
195 98 0
239 98 0
240 98 0
251 98 0
255 98 0
256 98 0
257 98 0
258 98 0
170 99 0
172 99 0
180 99 0
182 99 0
183 99 0
184 99 0
185 99 0
186 99 0
187 99 0
188 99 0
189 99 0
190 99 0
191 99 0
192 99 0
207 99 0
242 99 0
243 99 0
257 99 0
260 99 0
180 100 0
181 100 0
182 100 0
183 100 0
185 100 0
186 100 0
187 100 0
188 100 0
189 100 0
190 100 0
199 100 0
204 100 0
207 100 0
162 101 0
163 101 0
164 101 0
165 101 0
166 101 0
168 101 0
177 101 0
178 101 0
179 101 0
180 101 0
181 101 0
182 101 0
183 101 0
184 101 0
185 101 0
187 101 0
198 101 0
203 101 0
205 101 0
161 102 0
162 102 0
163 102 0
164 102 0
165 102 0
166 102 0
167 102 0
178 102 0
180 102 0
181 102 0
182 102 0
183 102 0
195 102 0
198 102 0
199 102 0
159 103 0
160 103 0
161 103 0
162 103 0
163 103 0
164 103 0
165 103 0
166 103 0
167 103 0
178 103 0
179 103 0
180 103 0
183 103 0
193 103 0
159 104 0
160 104 0
161 104 0
162 104 0
163 104 0
164 104 0
165 104 0
168 104 0
172 104 0
173 104 0
174 104 0
176 104 0
177 104 0
158 105 0
159 105 0
160 105 0
161 105 0
162 105 0
171 105 0
173 105 0
174 105 0
175 105 0
182 105 0
183 105 0
184 105 0
186 105 0
169 106 0
170 106 0
171 106 0
172 106 0
173 106 0
174 106 0
184 106 0
185 106 0
276 106 0
164 107 0
165 107 0
166 107 0
167 107 0
169 107 0
180 107 0
181 107 0
182 107 0
183 107 0
184 107 0
157 108 0
158 108 0
159 108 0
162 108 0
163 108 0
164 108 0
165 108 0
166 108 0
167 108 0
168 108 0
170 108 0
178 108 0
179 108 0
180 108 0
183 108 0
185 108 0
157 109 0
158 109 0
159 109 0
160 109 0
161 109 0
162 109 0
163 109 0
164 109 0
165 109 0
166 109 0
167 109 0
168 109 0
174 109 0
175 109 0
176 109 0
177 109 0
197 109 0
198 109 0
199 109 0
209 109 0
284 109 0
157 110 0
158 110 0
159 110 0
160 110 0
161 110 0
162 110 0
163 110 0
164 110 0
165 110 0
166 110 0
167 110 0
168 110 0
169 110 0
172 110 0
196 110 0
268 110 0
269 110 0
158 111 0
159 111 0
160 111 0
161 111 0
162 111 0
163 111 0
164 111 0
165 111 0
166 111 0
167 111 0
168 111 0
173 111 0
196 111 0
269 111 0
270 111 0
271 111 0
158 112 0
159 112 0
160 112 0
161 112 0
162 112 0
163 112 0
164 112 0
165 112 0
166 112 0
167 112 0
168 112 0
272 112 0
274 112 0
159 113 0
160 113 0
161 113 0
162 113 0
163 113 0
183 113 0
185 113 0
207 114 0
274 114 0
276 114 0
209 115 0
201 116 0
281 116 0
282 116 0
285 119 0
286 119 0
289 120 0
291 121 0
295 124 0
298 124 0
300 126 0
305 129 0
311 131 0
313 132 0
312 133 0
315 133 0
317 134 0
323 137 0
341 33 1
342 33 1
343 33 1
344 33 1
341 34 1
342 34 1
343 34 1
344 34 1
212 111 1
209 113 1
220 114 1
221 114 1
214 115 1
219 115 1
229 115 1
210 116 1
213 116 1
220 116 1
221 116 1
210 117 1
213 117 1
214 117 1
217 117 1
218 117 1
220 117 1
217 118 1
222 118 1
223 118 1
225 118 1
228 118 1
217 119 1
222 119 1
225 119 1
226 119 1
227 119 1
228 119 1
231 119 1
242 119 1
221 120 1
223 120 1
230 120 1
231 120 1
235 120 1
228 121 1
230 121 1
231 121 1
234 121 1
235 121 1
236 121 1
242 121 1
234 122 1
235 122 1
238 122 1
241 122 1
235 123 1
237 123 1
238 123 1
240 123 1
241 123 1
245 123 1
240 124 1
241 124 1
242 124 1
241 125 1
242 125 1
245 125 1
256 125 1
241 126 1
244 126 1
245 126 1
246 126 1
249 126 1
224 127 1
233 127 1
246 127 1
247 127 1
245 128 1
247 128 1
250 128 1
247 129 1
248 129 1
250 129 1
257 129 1
248 130 1
251 130 1
252 130 1
248 131 1
252 131 1
255 131 1
251 132 1
252 132 1
253 132 1
254 132 1
255 132 1
251 133 1
252 133 1
254 133 1
255 133 1
256 133 1
254 134 1
255 134 1
256 134 1
257 134 1
256 135 1
257 135 1
256 136 1
259 136 1
260 136 1
257 137 1
258 137 1
259 137 1
260 137 1
261 137 1
264 137 1
260 138 1
260 139 1
261 139 1
262 139 1
264 139 1
262 140 1
264 140 1
265 140 1
264 141 1
265 141 1
264 142 1
266 142 1
267 142 1
269 142 1
272 142 1
265 143 1
267 143 1
268 143 1
270 143 1
268 144 1
269 144 1
272 144 1
269 145 1
270 145 1
271 145 1
271 146 1
272 146 1
274 147 1
276 147 1
274 148 1
278 148 1
275 149 1
277 149 1
278 149 1
277 150 1
278 150 1
280 150 1
280 151 1
281 151 1
289 151 1
278 152 1
281 152 1
284 153 1
283 154 1
284 154 1
287 156 1
288 156 1
290 156 1
288 157 1
292 158 1
295 159 1
295 160 1
298 161 1
301 164 1
326 166 1
333 175 1
