206 5 0
207 5 0
208 5 0
206 6 0
207 6 0
208 6 0
209 6 0
210 6 0
207 7 0
208 7 0
209 7 0
210 7 0
209 8 0
210 8 0
212 9 0
213 9 0
212 10 0
213 10 0
212 11 0
213 11 0
212 12 0
213 12 0
214 12 0
211 13 0
212 13 0
213 13 0
214 13 0
215 13 0
211 14 0
212 14 0
213 14 0
214 14 0
215 14 0
217 14 0
200 15 0
212 15 0
213 15 0
214 15 0
215 15 0
216 15 0
201 16 0
213 16 0
214 16 0
215 16 0
216 16 0
217 16 0
214 17 0
215 17 0
216 17 0
217 17 0
201 18 0
202 18 0
214 18 0
215 18 0
216 18 0
217 18 0
218 18 0
201 19 0
215 19 0
216 19 0
217 19 0
218 19 0
202 20 0
203 20 0
216 20 0
217 20 0
218 20 0
219 20 0
202 21 0
203 21 0
215 21 0
216 21 0
217 21 0
218 21 0
219 21 0
202 22 0
203 22 0
217 22 0
218 22 0
219 22 0
221 22 0
222 22 0
202 23 0
203 23 0
204 23 0
219 23 0
220 23 0
221 23 0
203 24 0
204 24 0
219 24 0
220 24 0
221 24 0
222 24 0
223 24 0
203 25 0
204 25 0
205 25 0
220 25 0
221 25 0
222 25 0
223 25 0
224 25 0
203 26 0
204 26 0
205 26 0
206 26 0
211 26 0
220 26 0
221 26 0
222 26 0
223 26 0
224 26 0
226 26 0
204 27 0
205 27 0
206 27 0
221 27 0
222 27 0
223 27 0
224 27 0
225 27 0
226 27 0
205 28 0
206 28 0
207 28 0
210 28 0
222 28 0
223 28 0
224 28 0
225 28 0
206 29 0
207 29 0
208 29 0
209 29 0
223 29 0
224 29 0
225 29 0
226 29 0
206 30 0
207 30 0
208 30 0
209 30 0
210 30 0
224 30 0
225 30 0
207 31 0
208 31 0
209 31 0
210 31 0
212 31 0
207 32 0
208 32 0
209 32 0
210 32 0
211 32 0
208 33 0
209 33 0
210 33 0
211 33 0
214 33 0
215 33 0
209 34 0
210 34 0
211 34 0
212 34 0
209 35 0
210 35 0
211 35 0
212 35 0
210 36 0
211 36 0
212 36 0
213 36 0
211 37 0
212 37 0
213 37 0
211 38 0
212 38 0
211 39 0
212 39 0
230 39 0
232 39 0
211 40 0
212 40 0
142 43 0
232 43 0
233 43 0
139 44 0
140 44 0
143 44 0
144 44 0
145 44 0
146 44 0
147 44 0
173 44 0
138 45 0
139 45 0
140 45 0
141 45 0
142 45 0
143 45 0
144 45 0
145 45 0
146 45 0
147 45 0
148 45 0
149 45 0
150 45 0
151 45 0
152 45 0
153 45 0
154 45 0
155 45 0
156 45 0
157 45 0
159 45 0
234 45 0
138 46 0
139 46 0
140 46 0
141 46 0
142 46 0
143 46 0
144 46 0
145 46 0
146 46 0
147 46 0
148 46 0
149 46 0
150 46 0
151 46 0
152 46 0
153 46 0
154 46 0
155 46 0
156 46 0
157 46 0
158 46 0
159 46 0
160 46 0
161 46 0
162 46 0
163 46 0
166 46 0
206 46 0
207 46 0
208 46 0
209 46 0
148 47 0
149 47 0
151 47 0
152 47 0
153 47 0
154 47 0
155 47 0
156 47 0
157 47 0
158 47 0
159 47 0
160 47 0
161 47 0
162 47 0
163 47 0
164 47 0
165 47 0
166 47 0
167 47 0
168 47 0
169 47 0
175 47 0
176 47 0
177 47 0
179 47 0
180 47 0
181 47 0
205 47 0
206 47 0
207 47 0
208 47 0
209 47 0
155 48 0
156 48 0
157 48 0
158 48 0
159 48 0
160 48 0
162 48 0
163 48 0
164 48 0
165 48 0
166 48 0
167 48 0
168 48 0
169 48 0
170 48 0
171 48 0
172 48 0
173 48 0
174 48 0
175 48 0
177 48 0
178 48 0
179 48 0
180 48 0
200 48 0
201 48 0
204 48 0
205 48 0
206 48 0
207 48 0
208 48 0
209 48 0
140 49 0
166 49 0
167 49 0
168 49 0
169 49 0
170 49 0
171 49 0
172 49 0
173 49 0
174 49 0
175 49 0
176 49 0
177 49 0
178 49 0
179 49 0
181 49 0
182 49 0
183 49 0
203 49 0
204 49 0
205 49 0
206 49 0
207 49 0
136 50 0
138 50 0
141 50 0
142 50 0
144 50 0
172 50 0
173 50 0
174 50 0
175 50 0
176 50 0
177 50 0
178 50 0
179 50 0
180 50 0
181 50 0
182 50 0
202 50 0
203 50 0
204 50 0
136 51 0
137 51 0
138 51 0
139 51 0
140 51 0
141 51 0
142 51 0
143 51 0
145 51 0
176 51 0
177 51 0
178 51 0
179 51 0
180 51 0
181 51 0
182 51 0
183 51 0
184 51 0
185 51 0
186 51 0
198 51 0
199 51 0
200 51 0
201 51 0
202 51 0
240 51 0
136 52 0
137 52 0
138 52 0
139 52 0
140 52 0
142 52 0
143 52 0
144 52 0
145 52 0
146 52 0
147 52 0
148 52 0
149 52 0
152 52 0
154 52 0
155 52 0
179 52 0
180 52 0
181 52 0
182 52 0
183 52 0
184 52 0
185 52 0
189 52 0
191 52 0
198 52 0
199 52 0
200 52 0
245 52 0
136 53 0
137 53 0
138 53 0
139 53 0
140 53 0
141 53 0
142 53 0
143 53 0
144 53 0
145 53 0
146 53 0
147 53 0
148 53 0
149 53 0
150 53 0
153 53 0
154 53 0
158 53 0
159 53 0
247 53 0
138 54 0
139 54 0
142 54 0
143 54 0
144 54 0
145 54 0
146 54 0
147 54 0
149 54 0
150 54 0
151 54 0
152 54 0
153 54 0
154 54 0
155 54 0
156 54 0
157 54 0
247 54 0
142 55 0
143 55 0
144 55 0
145 55 0
146 55 0
147 55 0
148 55 0
149 55 0
150 55 0
151 55 0
152 55 0
153 55 0
154 55 0
155 55 0
163 55 0
244 55 0
245 55 0
148 56 0
149 56 0
151 56 0
152 56 0
154 56 0
161 56 0
162 56 0
163 56 0
164 56 0
165 56 0
166 56 0
243 56 0
149 57 0
164 57 0
165 57 0
166 57 0
167 57 0
169 57 0
170 57 0
173 57 0
174 57 0
246 57 0
247 57 0
150 58 0
151 58 0
152 58 0
153 58 0
154 58 0
155 58 0
156 58 0
157 58 0
159 58 0
167 58 0
168 58 0
169 58 0
170 58 0
171 58 0
172 58 0
237 58 0
246 58 0
247 58 0
248 58 0
154 59 0
155 59 0
156 59 0
157 59 0
158 59 0
159 59 0
161 59 0
167 59 0
168 59 0
170 59 0
171 59 0
172 59 0
173 59 0
174 59 0
176 59 0
178 59 0
245 59 0
246 59 0
247 59 0
168 60 0
169 60 0
170 60 0
171 60 0
172 60 0
173 60 0
174 60 0
243 60 0
244 60 0
245 60 0
246 60 0
247 60 0
251 60 0
161 61 0
162 61 0
163 61 0
170 61 0
171 61 0
172 61 0
173 61 0
174 61 0
175 61 0
176 61 0
177 61 0
243 61 0
244 61 0
245 61 0
246 61 0
250 61 0
251 61 0
252 61 0
253 61 0
254 61 0
255 61 0
163 62 0
164 62 0
165 62 0
166 62 0
171 62 0
172 62 0
173 62 0
174 62 0
175 62 0
176 62 0
177 62 0
178 62 0
242 62 0
243 62 0
244 62 0
245 62 0
248 62 0
249 62 0
250 62 0
251 62 0
252 62 0
253 62 0
254 62 0
255 62 0
256 62 0
260 62 0
161 63 0
162 63 0
163 63 0
166 63 0
167 63 0
169 63 0
170 63 0
171 63 0
172 63 0
174 63 0
175 63 0
176 63 0
177 63 0
178 63 0
242 63 0
243 63 0
244 63 0
247 63 0
248 63 0
249 63 0
250 63 0
251 63 0
253 63 0
257 63 0
259 63 0
164 64 0
165 64 0
166 64 0
167 64 0
168 64 0
170 64 0
171 64 0
172 64 0
177 64 0
241 64 0
242 64 0
247 64 0
248 64 0
249 64 0
250 64 0
259 64 0
159 65 0
160 65 0
161 65 0
165 65 0
166 65 0
168 65 0
169 65 0
171 65 0
174 65 0
175 65 0
176 65 0
239 65 0
240 65 0
241 65 0
242 65 0
247 65 0
248 65 0
164 66 0
167 66 0
168 66 0
169 66 0
171 66 0
172 66 0
174 66 0
175 66 0
176 66 0
239 66 0
240 66 0
157 67 0
164 67 0
165 67 0
166 67 0
167 67 0
168 67 0
171 67 0
172 67 0
173 67 0
177 67 0
157 68 0
158 68 0
159 68 0
160 68 0
161 68 0
162 68 0
163 68 0
164 68 0
165 68 0
166 68 0
167 68 0
168 68 0
169 68 0
170 68 0
171 68 0
172 68 0
173 68 0
174 68 0
239 68 0
150 69 0
151 69 0
152 69 0
153 69 0
154 69 0
155 69 0
156 69 0
157 69 0
158 69 0
159 69 0
160 69 0
161 69 0
162 69 0
163 69 0
164 69 0
165 69 0
166 69 0
167 69 0
168 69 0
169 69 0
170 69 0
171 69 0
172 69 0
173 69 0
174 69 0
137 70 0
140 70 0
146 70 0
147 70 0
148 70 0
149 70 0
151 70 0
152 70 0
153 70 0
154 70 0
155 70 0
156 70 0
157 70 0
158 70 0
159 70 0
160 70 0
161 70 0
162 70 0
163 70 0
164 70 0
165 70 0
166 70 0
167 70 0
168 70 0
169 70 0
170 70 0
171 70 0
172 70 0
173 70 0
174 70 0
135 71 0
136 71 0
137 71 0
138 71 0
139 71 0
144 71 0
145 71 0
146 71 0
147 71 0
134 72 0
135 72 0
136 72 0
137 72 0
138 72 0
139 72 0
143 72 0
163 74 0
173 74 0
177 74 0
152 75 0
166 75 0
171 75 0
172 75 0
173 75 0
175 75 0
176 75 0
177 75 0
180 75 0
204 75 0
138 76 0
140 76 0
143 76 0
144 76 0
146 76 0
156 76 0
162 76 0
163 76 0
170 76 0
175 76 0
176 76 0
177 76 0
178 76 0
179 76 0
180 76 0
181 76 0
197 76 0
136 77 0
137 77 0
138 77 0
139 77 0
140 77 0
141 77 0
142 77 0
143 77 0
144 77 0
145 77 0
146 77 0
147 77 0
159 77 0
164 77 0
165 77 0
173 77 0
174 77 0
175 77 0
176 77 0
178 77 0
179 77 0
180 77 0
181 77 0
197 77 0
199 77 0
134 78 0
135 78 0
136 78 0
138 78 0
140 78 0
141 78 0
142 78 0
148 78 0
149 78 0
150 78 0
151 78 0
156 78 0
158 78 0
160 78 0
165 78 0
167 78 0
168 78 0
170 78 0
172 78 0
174 78 0
195 78 0
205 78 0
131 79 0
134 79 0
135 79 0
136 79 0
137 79 0
138 79 0
139 79 0
144 79 0
147 79 0
148 79 0
149 79 0
150 79 0
153 79 0
155 79 0
157 79 0
158 79 0
137 80 0
138 80 0
142 80 0
143 80 0
144 80 0
146 80 0
147 80 0
148 80 0
149 80 0
150 80 0
151 80 0
152 80 0
154 80 0
137 81 0
138 81 0
139 81 0
140 81 0
149 81 0
151 81 0
152 81 0
130 82 0
156 82 0
157 82 0
160 82 0
161 82 0
162 82 0
163 82 0
164 82 0
165 82 0
168 82 0
170 82 0
171 82 0
173 82 0
131 83 0
132 83 0
134 83 0
159 83 0
160 83 0
161 83 0
162 83 0
163 83 0
164 83 0
165 83 0
166 83 0
176 83 0
131 84 0
132 84 0
133 84 0
134 84 0
135 84 0
161 84 0
162 84 0
173 84 0
174 84 0
175 84 0
176 84 0
177 84 0
178 84 0
179 84 0
165 85 0
169 85 0
172 85 0
173 85 0
174 85 0
175 85 0
176 85 0
177 85 0
157 86 0
158 86 0
159 86 0
160 86 0
164 86 0
165 86 0
167 86 0
168 86 0
145 87 0
153 87 0
156 87 0
157 87 0
158 87 0
159 87 0
160 87 0
161 87 0
162 87 0
163 87 0
164 87 0
165 87 0
166 87 0
168 87 0
147 88 0
151 88 0
152 88 0
153 88 0
154 88 0
155 88 0
156 88 0
157 88 0
158 88 0
159 88 0
160 88 0
164 88 0
185 88 0
186 88 0
189 88 0
142 89 0
143 89 0
144 89 0
145 89 0
146 89 0
147 89 0
148 89 0
149 89 0
150 89 0
151 89 0
152 89 0
153 89 0
154 89 0
155 89 0
156 89 0
157 89 0
182 89 0
183 89 0
141 90 0
142 90 0
143 90 0
144 90 0
145 90 0
146 90 0
147 90 0
148 90 0
149 90 0
150 90 0
151 90 0
152 90 0
154 90 0
165 90 0
166 90 0
171 90 0
173 90 0
177 90 0
178 90 0
184 90 0
141 91 0
142 91 0
144 91 0
146 91 0
163 91 0
167 91 0
168 91 0
169 91 0
170 91 0
171 91 0
172 91 0
173 91 0
174 91 0
175 91 0
177 91 0
178 91 0
179 91 0
180 91 0
181 91 0
182 91 0
155 92 0
156 92 0
159 92 0
160 92 0
161 92 0
163 92 0
167 92 0
168 92 0
180 92 0
181 92 0
182 92 0
186 92 0
241 92 0
145 93 0
150 93 0
151 93 0
153 93 0
154 93 0
155 93 0
156 93 0
159 93 0
161 93 0
164 93 0
168 93 0
169 93 0
185 93 0
142 94 0
143 94 0
146 94 0
147 94 0
148 94 0
149 94 0
150 94 0
151 94 0
152 94 0
153 94 0
154 94 0
155 94 0
156 94 0
157 94 0
158 94 0
160 94 0
161 94 0
162 94 0
163 94 0
164 94 0
232 94 0
138 95 0
139 95 0
142 95 0
143 95 0
144 95 0
146 95 0
147 95 0
148 95 0
149 95 0
150 95 0
151 95 0
153 95 0
154 95 0
155 95 0
156 95 0
157 95 0
158 95 0
159 95 0
160 95 0
161 95 0
162 95 0
163 95 0
164 95 0
165 95 0
217 95 0
222 95 0
231 95 0
232 95 0
241 95 0
136 96 0
137 96 0
138 96 0
140 96 0
141 96 0
142 96 0
143 96 0
144 96 0
145 96 0
146 96 0
147 96 0
148 96 0
149 96 0
150 96 0
151 96 0
152 96 0
153 96 0
154 96 0
155 96 0
156 96 0
157 96 0
158 96 0
159 96 0
160 96 0
161 96 0
162 96 0
163 96 0
175 96 0
176 96 0
180 96 0
190 96 0
223 96 0
232 96 0
236 96 0
237 96 0
136 97 0
137 97 0
138 97 0
139 97 0
140 97 0
142 97 0
144 97 0
146 97 0
147 97 0
148 97 0
149 97 0
150 97 0
151 97 0
152 97 0
153 97 0
154 97 0
155 97 0
156 97 0
157 97 0
158 97 0
159 97 0
160 97 0
161 97 0
162 97 0
163 97 0
164 97 0
168 97 0
175 97 0
177 97 0
178 97 0
181 97 0
182 97 0
183 97 0
187 97 0
189 97 0
190 97 0
191 97 0
207 97 0
212 97 0
215 97 0
220 97 0
224 97 0
236 97 0
237 97 0
238 97 0
138 98 0
139 98 0
147 98 0
148 98 0
149 98 0
150 98 0
151 98 0
152 98 0
153 98 0
154 98 0
155 98 0
156 98 0
157 98 0
158 98 0
159 98 0
160 98 0
161 98 0
162 98 0
163 98 0
164 98 0
165 98 0
166 98 0
167 98 0
168 98 0
169 98 0
170 98 0
171 98 0
172 98 0
173 98 0
174 98 0
175 98 0
176 98 0
177 98 0
178 98 0
179 98 0
182 98 0
183 98 0
185 98 0
186 98 0
187 98 0
188 98 0
203 98 0
206 98 0
212 98 0
214 98 0
216 98 0
217 98 0
218 98 0
219 98 0
221 98 0
222 98 0
227 98 0
228 98 0
232 98 0
236 98 0
237 98 0
238 98 0
239 98 0
241 98 0
243 98 0
147 99 0
148 99 0
151 99 0
152 99 0
153 99 0
154 99 0
155 99 0
156 99 0
157 99 0
158 99 0
159 99 0
160 99 0
161 99 0
162 99 0
163 99 0
164 99 0
166 99 0
167 99 0
168 99 0
169 99 0
170 99 0
171 99 0
172 99 0
173 99 0
174 99 0
177 99 0
178 99 0
184 99 0
185 99 0
186 99 0
188 99 0
208 99 0
210 99 0
211 99 0
212 99 0
213 99 0
214 99 0
215 99 0
216 99 0
217 99 0
219 99 0
221 99 0
227 99 0
233 99 0
236 99 0
237 99 0
238 99 0
239 99 0
240 99 0
241 99 0
142 100 0
143 100 0
144 100 0
154 100 0
160 100 0
161 100 0
166 100 0
171 100 0
172 100 0
173 100 0
174 100 0
175 100 0
184 100 0
185 100 0
209 100 0
213 100 0
214 100 0
220 100 0
234 100 0
236 100 0
237 100 0
238 100 0
239 100 0
240 100 0
241 100 0
242 100 0
243 100 0
244 100 0
143 101 0
172 101 0
204 101 0
207 101 0
208 101 0
210 101 0
211 101 0
212 101 0
213 101 0
214 101 0
215 101 0
217 101 0
233 101 0
234 101 0
237 101 0
238 101 0
239 101 0
240 101 0
241 101 0
242 101 0
243 101 0
244 101 0
177 102 0
178 102 0
180 102 0
181 102 0
182 102 0
183 102 0
194 102 0
195 102 0
208 102 0
209 102 0
233 102 0
234 102 0
235 102 0
239 102 0
240 102 0
241 102 0
242 102 0
243 102 0
244 102 0
179 103 0
180 103 0
181 103 0
193 103 0
202 103 0
204 103 0
205 103 0
206 103 0
207 103 0
233 103 0
234 103 0
235 103 0
236 103 0
237 103 0
240 103 0
241 103 0
242 103 0
243 103 0
176 104 0
177 104 0
189 104 0
192 104 0
196 104 0
198 104 0
200 104 0
201 104 0
202 104 0
203 104 0
206 104 0
233 104 0
234 104 0
235 104 0
236 104 0
238 104 0
192 105 0
193 105 0
194 105 0
195 105 0
196 105 0
197 105 0
200 105 0
201 105 0
203 105 0
235 105 0
236 105 0
237 105 0
238 105 0
239 105 0
240 105 0
184 106 0
185 106 0
187 106 0
188 106 0
192 106 0
193 106 0
195 106 0
196 106 0
197 106 0
198 106 0
199 106 0
200 106 0
201 106 0
236 106 0
237 106 0
238 106 0
239 106 0
240 106 0
164 107 0
167 107 0
180 107 0
181 107 0
182 107 0
183 107 0
184 107 0
185 107 0
186 107 0
187 107 0
188 107 0
189 107 0
190 107 0
191 107 0
192 107 0
193 107 0
194 107 0
195 107 0
196 107 0
197 107 0
198 107 0
168 108 0
183 108 0
184 108 0
185 108 0
186 108 0
187 108 0
188 108 0
189 108 0
190 108 0
195 108 0
196 108 0
197 108 0
198 108 0
164 109 0
165 109 0
166 109 0
167 109 0
168 109 0
169 109 0
179 109 0
180 109 0
181 109 0
182 109 0
183 109 0
184 109 0
185 109 0
194 109 0
159 110 0
161 110 0
162 110 0
163 110 0
164 110 0
165 110 0
166 110 0
167 110 0
168 110 0
169 110 0
176 110 0
178 110 0
179 110 0
180 110 0
181 110 0
182 110 0
183 110 0
184 110 0
186 110 0
217 110 0
158 111 0
159 111 0
160 111 0
161 111 0
162 111 0
163 111 0
164 111 0
165 111 0
166 111 0
167 111 0
168 111 0
175 111 0
176 111 0
177 111 0
178 111 0
179 111 0
180 111 0
157 112 0
158 112 0
159 112 0
160 112 0
161 112 0
162 112 0
163 112 0
164 112 0
165 112 0
166 112 0
167 112 0
177 112 0
178 112 0
179 112 0
186 112 0
157 113 0
158 113 0
159 113 0
160 113 0
161 113 0
162 113 0
163 113 0
170 113 0
171 113 0
172 113 0
173 113 0
174 113 0
177 113 0
179 113 0
180 113 0
182 113 0
183 113 0
184 113 0
157 114 0
158 114 0
159 114 0
160 114 0
161 114 0
169 114 0
170 114 0
171 114 0
172 114 0
173 114 0
175 114 0
156 115 0
157 115 0
158 115 0
159 115 0
165 115 0
167 115 0
168 115 0
170 115 0
171 115 0
172 115 0
173 115 0
174 115 0
162 116 0
164 116 0
165 116 0
166 116 0
167 116 0
168 116 0
169 116 0
170 116 0
176 116 0
161 117 0
162 117 0
164 117 0
165 117 0
166 117 0
167 117 0
168 117 0
169 117 0
176 117 0
177 117 0
158 118 0
159 118 0
160 118 0
161 118 0
162 118 0
163 118 0
164 118 0
165 118 0
166 118 0
167 118 0
168 118 0
169 118 0
173 118 0
174 118 0
175 118 0
156 119 0
157 119 0
158 119 0
159 119 0
160 119 0
161 119 0
162 119 0
163 119 0
164 119 0
165 119 0
166 119 0
167 119 0
168 119 0
169 119 0
170 119 0
171 119 0
156 120 0
157 120 0
158 120 0
159 120 0
160 120 0
161 120 0
162 120 0
163 120 0
164 120 0
165 120 0
166 120 0
167 120 0
168 120 0
169 120 0
161 121 0
162 121 0
163 121 0
164 121 0
165 121 0
166 121 0
167 121 0
162 122 0
163 122 0
164 122 0
340 28 1
341 28 1
341 29 1
342 29 1
342 30 1
343 30 1
343 31 1
344 31 1
270 66 1
268 67 1
272 67 1
273 67 1
274 67 1
275 67 1
276 67 1
277 67 1
278 67 1
271 68 1
273 68 1
274 68 1
275 68 1
276 68 1
277 68 1
278 68 1
280 68 1
286 68 1
273 69 1
275 69 1
278 69 1
279 69 1
280 69 1
281 69 1
282 69 1
283 69 1
284 69 1
285 69 1
286 69 1
288 69 1
289 69 1
277 70 1
278 70 1
280 70 1
281 70 1
283 70 1
284 70 1
285 70 1
286 70 1
287 70 1
288 70 1
289 70 1
290 70 1
294 70 1
295 70 1
297 70 1
301 70 1
283 71 1
284 71 1
285 71 1
286 71 1
288 71 1
289 71 1
290 71 1
292 71 1
293 71 1
294 71 1
295 71 1
288 72 1
290 72 1
291 72 1
292 72 1
293 72 1
294 72 1
296 72 1
297 72 1
298 72 1
299 72 1
300 72 1
301 72 1
305 72 1
329 72 1
292 73 1
293 73 1
294 73 1
295 73 1
296 73 1
297 73 1
298 73 1
299 73 1
300 73 1
301 73 1
302 73 1
303 73 1
304 73 1
305 73 1
306 73 1
307 73 1
311 73 1
317 73 1
323 73 1
324 73 1
325 73 1
295 74 1
296 74 1
297 74 1
298 74 1
299 74 1
301 74 1
302 74 1
303 74 1
304 74 1
305 74 1
306 74 1
307 74 1
308 74 1
309 74 1
310 74 1
311 74 1
312 74 1
313 74 1
316 74 1
319 74 1
322 74 1
323 74 1
326 74 1
328 74 1
329 74 1
330 74 1
333 74 1
335 74 1
339 74 1
342 74 1
343 74 1
301 75 1
302 75 1
304 75 1
305 75 1
308 75 1
309 75 1
310 75 1
311 75 1
312 75 1
313 75 1
315 75 1
316 75 1
318 75 1
319 75 1
321 75 1
322 75 1
323 75 1
324 75 1
325 75 1
326 75 1
327 75 1
329 75 1
332 75 1
333 75 1
334 75 1
335 75 1
337 75 1
338 75 1
339 75 1
341 75 1
342 75 1
310 76 1
312 76 1
315 76 1
316 76 1
318 76 1
322 76 1
323 76 1
324 76 1
325 76 1
327 76 1
328 76 1
330 76 1
331 76 1
332 76 1
333 76 1
335 76 1
337 76 1
338 76 1
339 76 1
341 76 1
342 76 1
318 77 1
322 77 1
327 77 1
331 77 1
335 77 1
338 77 1
340 77 1
341 77 1
262 87 1
283 97 1
244 99 1
248 100 1
239 101 1
244 101 1
246 101 1
242 102 1
243 102 1
246 102 1
248 102 1
240 103 1
242 103 1
244 103 1
245 103 1
246 103 1
247 103 1
251 103 1
255 103 1
242 104 1
244 104 1
245 104 1
246 104 1
247 104 1
248 104 1
251 104 1
252 104 1
255 104 1
292 104 1
244 105 1
248 105 1
251 105 1
252 105 1
258 105 1
263 105 1
264 105 1
250 106 1
251 106 1
252 106 1
258 106 1
261 106 1
253 107 1
224 110 1
261 110 1
223 113 1
276 113 1
233 114 1
238 114 1
241 114 1
229 115 1
241 115 1
242 115 1
238 116 1
277 116 1
238 117 1
239 117 1
241 117 1
243 117 1
246 117 1
254 117 1
265 117 1
292 117 1
243 118 1
245 118 1
246 118 1
247 118 1
293 118 1
245 119 1
248 119 1
245 120 1
247 120 1
248 120 1
271 120 1
248 121 1
249 121 1
250 121 1
269 121 1
248 122 1
255 122 1
260 122 1
250 123 1
253 123 1
249 124 1
250 124 1
251 124 1
253 124 1
249 125 1
250 125 1
253 125 1
256 125 1
257 125 1
259 125 1
260 125 1
279 125 1
280 125 1
281 125 1
253 126 1
255 126 1
256 126 1
284 127 1
255 128 1
256 128 1
257 128 1
258 128 1
256 129 1
260 129 1
261 129 1
289 129 1
235 130 1
265 130 1
289 130 1
261 132 1
262 132 1
263 132 1
276 132 1
260 133 1
262 133 1
267 133 1
262 134 1
265 134 1
266 134 1
265 135 1
268 135 1
273 135 1
275 135 1
300 135 1
268 136 1
272 137 1
270 138 1
271 138 1
272 138 1
269 139 1
270 139 1
273 139 1
312 139 1
273 140 1
275 141 1
276 141 1
277 141 1
318 141 1
271 142 1
274 142 1
276 142 1
278 142 1
276 143 1
324 143 1
278 144 1
279 144 1
277 145 1
278 145 1
279 145 1
291 145 1
324 145 1
283 147 1
284 147 1
337 147 1
288 148 1
288 149 1
341 149 1
291 150 1
299 157 1
