201 15 0
202 15 0
203 15 0
203 16 0
203 17 0
204 17 0
204 18 0
205 18 0
205 19 0
205 20 0
206 20 0
205 21 0
206 21 0
207 21 0
207 22 0
208 22 0
209 22 0
207 23 0
208 23 0
209 23 0
195 25 0
210 25 0
211 25 0
209 26 0
195 27 0
196 28 0
197 28 0
210 28 0
195 29 0
196 29 0
213 29 0
196 30 0
197 30 0
212 30 0
213 30 0
197 31 0
199 31 0
213 31 0
214 31 0
215 31 0
216 31 0
198 32 0
199 32 0
213 32 0
214 32 0
215 32 0
216 32 0
217 32 0
198 33 0
199 33 0
200 33 0
214 33 0
215 33 0
216 33 0
217 33 0
198 34 0
199 34 0
200 34 0
202 34 0
214 34 0
215 34 0
216 34 0
217 34 0
218 34 0
199 35 0
200 35 0
201 35 0
202 35 0
203 35 0
204 35 0
208 35 0
215 35 0
216 35 0
217 35 0
218 35 0
219 35 0
220 35 0
199 36 0
200 36 0
201 36 0
202 36 0
204 36 0
208 36 0
217 36 0
218 36 0
219 36 0
200 37 0
201 37 0
202 37 0
203 37 0
205 37 0
217 37 0
218 37 0
219 37 0
220 37 0
221 37 0
201 38 0
202 38 0
203 38 0
204 38 0
205 38 0
220 38 0
221 38 0
202 39 0
203 39 0
204 39 0
205 39 0
203 40 0
204 40 0
205 40 0
206 40 0
203 41 0
204 41 0
205 41 0
206 41 0
208 41 0
204 42 0
205 42 0
206 42 0
207 42 0
208 42 0
205 43 0
206 43 0
207 43 0
209 43 0
205 44 0
206 44 0
207 44 0
206 45 0
207 45 0
207 46 0
207 47 0
208 47 0
139 55 0
140 55 0
141 55 0
147 55 0
166 55 0
137 56 0
138 56 0
139 56 0
141 56 0
142 56 0
143 56 0
144 56 0
145 56 0
146 56 0
147 56 0
148 56 0
149 56 0
150 56 0
151 56 0
152 56 0
168 56 0
171 56 0
135 57 0
136 57 0
137 57 0
138 57 0
139 57 0
140 57 0
141 57 0
142 57 0
143 57 0
144 57 0
145 57 0
147 57 0
148 57 0
149 57 0
151 57 0
153 57 0
154 57 0
156 57 0
157 57 0
160 57 0
161 57 0
169 57 0
149 58 0
150 58 0
159 58 0
160 58 0
165 58 0
166 58 0
167 58 0
168 58 0
169 58 0
170 58 0
172 58 0
174 58 0
165 59 0
166 59 0
167 59 0
168 59 0
169 59 0
170 59 0
171 59 0
172 59 0
173 59 0
175 59 0
176 59 0
166 60 0
168 60 0
169 60 0
170 60 0
171 60 0
172 60 0
173 60 0
174 60 0
175 60 0
178 60 0
179 60 0
136 61 0
140 61 0
141 61 0
144 61 0
145 61 0
146 61 0
148 61 0
173 61 0
174 61 0
175 61 0
176 61 0
177 61 0
178 61 0
179 61 0
133 62 0
134 62 0
135 62 0
136 62 0
178 62 0
179 62 0
133 63 0
134 63 0
135 63 0
136 63 0
137 63 0
138 63 0
139 63 0
140 63 0
143 63 0
144 63 0
146 63 0
149 63 0
150 63 0
133 64 0
134 64 0
135 64 0
136 64 0
137 64 0
139 64 0
141 64 0
144 64 0
147 64 0
148 64 0
151 64 0
156 64 0
246 64 0
247 64 0
248 64 0
134 65 0
135 65 0
136 65 0
137 65 0
138 65 0
139 65 0
140 65 0
141 65 0
142 65 0
143 65 0
144 65 0
145 65 0
146 65 0
147 65 0
148 65 0
150 65 0
151 65 0
152 65 0
153 65 0
154 65 0
155 65 0
156 65 0
157 65 0
245 65 0
246 65 0
247 65 0
248 65 0
249 65 0
135 66 0
136 66 0
137 66 0
139 66 0
141 66 0
142 66 0
143 66 0
144 66 0
145 66 0
147 66 0
148 66 0
149 66 0
150 66 0
151 66 0
152 66 0
153 66 0
154 66 0
159 66 0
160 66 0
170 66 0
171 66 0
243 66 0
244 66 0
245 66 0
246 66 0
247 66 0
248 66 0
249 66 0
250 66 0
151 67 0
153 67 0
154 67 0
155 67 0
156 67 0
157 67 0
158 67 0
160 67 0
161 67 0
162 67 0
163 67 0
171 67 0
242 67 0
243 67 0
244 67 0
245 67 0
246 67 0
247 67 0
248 67 0
249 67 0
153 68 0
154 68 0
156 68 0
157 68 0
158 68 0
159 68 0
160 68 0
161 68 0
162 68 0
163 68 0
166 68 0
168 68 0
169 68 0
170 68 0
239 68 0
240 68 0
241 68 0
242 68 0
243 68 0
244 68 0
246 68 0
247 68 0
248 68 0
249 68 0
154 69 0
155 69 0
156 69 0
157 69 0
158 69 0
159 69 0
160 69 0
162 69 0
163 69 0
164 69 0
165 69 0
167 69 0
169 69 0
175 69 0
176 69 0
239 69 0
240 69 0
241 69 0
242 69 0
243 69 0
246 69 0
247 69 0
248 69 0
249 69 0
250 69 0
158 70 0
160 70 0
161 70 0
162 70 0
163 70 0
164 70 0
166 70 0
167 70 0
169 70 0
170 70 0
174 70 0
175 70 0
239 70 0
240 70 0
241 70 0
245 70 0
246 70 0
247 70 0
248 70 0
249 70 0
250 70 0
251 70 0
252 70 0
158 71 0
162 71 0
163 71 0
164 71 0
168 71 0
170 71 0
172 71 0
173 71 0
238 71 0
239 71 0
245 71 0
246 71 0
247 71 0
160 72 0
161 72 0
162 72 0
163 72 0
164 72 0
165 72 0
166 72 0
170 72 0
171 72 0
237 72 0
238 72 0
244 72 0
162 73 0
163 73 0
164 73 0
165 73 0
166 73 0
167 73 0
174 73 0
236 73 0
237 73 0
238 73 0
243 73 0
167 74 0
168 74 0
242 74 0
243 74 0
242 75 0
165 76 0
171 76 0
167 77 0
175 77 0
156 79 0
160 79 0
161 79 0
163 79 0
165 79 0
166 79 0
171 79 0
172 79 0
173 79 0
174 79 0
147 80 0
149 80 0
150 80 0
151 80 0
152 80 0
153 80 0
154 80 0
155 80 0
156 80 0
158 80 0
160 80 0
161 80 0
162 80 0
163 80 0
164 80 0
165 80 0
167 80 0
168 80 0
171 80 0
172 80 0
138 81 0
139 81 0
146 81 0
147 81 0
148 81 0
149 81 0
150 81 0
151 81 0
152 81 0
153 81 0
154 81 0
155 81 0
156 81 0
161 81 0
162 81 0
164 81 0
165 81 0
166 81 0
169 81 0
137 82 0
138 82 0
139 82 0
140 82 0
141 82 0
142 82 0
143 82 0
144 82 0
145 82 0
146 82 0
147 82 0
148 82 0
149 82 0
150 82 0
163 82 0
166 82 0
170 82 0
136 83 0
137 83 0
138 83 0
139 83 0
140 83 0
141 83 0
142 83 0
143 83 0
146 83 0
176 84 0
174 85 0
175 85 0
176 85 0
152 86 0
154 86 0
158 86 0
171 86 0
173 86 0
174 86 0
177 86 0
178 86 0
193 86 0
198 86 0
199 86 0
202 86 0
137 87 0
149 87 0
150 87 0
151 87 0
156 87 0
159 87 0
160 87 0
162 87 0
163 87 0
164 87 0
169 87 0
172 87 0
175 87 0
176 87 0
177 87 0
191 87 0
136 88 0
138 88 0
139 88 0
140 88 0
141 88 0
142 88 0
143 88 0
144 88 0
146 88 0
147 88 0
148 88 0
153 88 0
154 88 0
155 88 0
161 88 0
192 88 0
126 89 0
128 89 0
132 89 0
133 89 0
134 89 0
137 89 0
139 89 0
140 89 0
141 89 0
142 89 0
143 89 0
148 89 0
149 89 0
150 89 0
154 89 0
155 89 0
157 89 0
158 89 0
159 89 0
125 90 0
127 90 0
128 90 0
129 90 0
131 90 0
134 90 0
137 90 0
142 90 0
144 90 0
145 90 0
148 90 0
153 90 0
154 90 0
155 90 0
156 90 0
157 90 0
158 90 0
127 91 0
128 91 0
130 91 0
131 91 0
132 91 0
133 91 0
134 91 0
135 91 0
142 91 0
143 91 0
144 91 0
145 91 0
146 91 0
147 91 0
148 91 0
157 91 0
159 91 0
160 91 0
161 91 0
170 91 0
182 91 0
127 92 0
144 92 0
146 92 0
147 92 0
148 92 0
149 92 0
152 92 0
156 92 0
158 92 0
165 92 0
166 92 0
167 92 0
168 92 0
169 92 0
170 92 0
171 92 0
163 93 0
164 93 0
165 93 0
166 93 0
167 93 0
168 93 0
169 93 0
170 93 0
171 93 0
172 93 0
174 93 0
177 93 0
132 94 0
138 94 0
139 94 0
164 94 0
177 94 0
133 95 0
134 95 0
139 95 0
170 95 0
134 96 0
135 96 0
160 96 0
161 96 0
162 96 0
163 96 0
164 96 0
167 96 0
155 97 0
156 97 0
157 97 0
158 97 0
159 97 0
160 97 0
161 97 0
162 97 0
163 97 0
164 97 0
169 97 0
184 97 0
187 97 0
147 98 0
153 98 0
154 98 0
155 98 0
156 98 0
157 98 0
158 98 0
159 98 0
160 98 0
161 98 0
176 98 0
180 98 0
187 98 0
147 99 0
148 99 0
149 99 0
150 99 0
151 99 0
152 99 0
153 99 0
154 99 0
155 99 0
156 99 0
157 99 0
158 99 0
166 99 0
173 99 0
178 99 0
184 99 0
230 99 0
146 100 0
147 100 0
148 100 0
149 100 0
150 100 0
151 100 0
152 100 0
153 100 0
154 100 0
155 100 0
156 100 0
166 100 0
167 100 0
168 100 0
175 100 0
177 100 0
178 100 0
179 100 0
180 100 0
146 101 0
147 101 0
148 101 0
149 101 0
150 101 0
151 101 0
152 101 0
159 101 0
160 101 0
161 101 0
162 101 0
165 101 0
171 101 0
175 101 0
176 101 0
181 101 0
182 101 0
136 102 0
137 102 0
138 102 0
139 102 0
160 102 0
169 102 0
170 102 0
174 102 0
177 102 0
235 102 0
135 103 0
136 103 0
137 103 0
138 103 0
151 103 0
153 103 0
155 103 0
156 103 0
157 103 0
158 103 0
167 103 0
168 103 0
169 103 0
229 103 0
236 103 0
135 104 0
136 104 0
153 104 0
154 104 0
157 104 0
158 104 0
161 104 0
163 104 0
164 104 0
165 104 0
166 104 0
167 104 0
234 104 0
235 104 0
145 105 0
147 105 0
148 105 0
149 105 0
150 105 0
151 105 0
152 105 0
153 105 0
154 105 0
155 105 0
156 105 0
157 105 0
159 105 0
160 105 0
161 105 0
162 105 0
163 105 0
164 105 0
165 105 0
166 105 0
167 105 0
179 105 0
181 105 0
209 105 0
216 105 0
230 105 0
234 105 0
235 105 0
236 105 0
237 105 0
238 105 0
139 106 0
140 106 0
141 106 0
142 106 0
143 106 0
144 106 0
145 106 0
146 106 0
147 106 0
149 106 0
150 106 0
151 106 0
152 106 0
153 106 0
154 106 0
155 106 0
156 106 0
157 106 0
158 106 0
159 106 0
160 106 0
161 106 0
162 106 0
163 106 0
164 106 0
165 106 0
166 106 0
167 106 0
168 106 0
174 106 0
175 106 0
176 106 0
177 106 0
178 106 0
179 106 0
180 106 0
181 106 0
188 106 0
203 106 0
214 106 0
230 106 0
231 106 0
234 106 0
235 106 0
236 106 0
237 106 0
240 106 0
134 107 0
135 107 0
136 107 0
137 107 0
138 107 0
140 107 0
141 107 0
142 107 0
143 107 0
144 107 0
145 107 0
146 107 0
147 107 0
148 107 0
149 107 0
150 107 0
151 107 0
152 107 0
153 107 0
154 107 0
155 107 0
156 107 0
157 107 0
158 107 0
159 107 0
160 107 0
161 107 0
162 107 0
163 107 0
164 107 0
165 107 0
166 107 0
167 107 0
170 107 0
171 107 0
172 107 0
173 107 0
174 107 0
175 107 0
176 107 0
177 107 0
181 107 0
182 107 0
183 107 0
184 107 0
187 107 0
188 107 0
212 107 0
213 107 0
217 107 0
218 107 0
234 107 0
235 107 0
236 107 0
237 107 0
238 107 0
239 107 0
243 107 0
134 108 0
135 108 0
136 108 0
137 108 0
138 108 0
139 108 0
140 108 0
141 108 0
142 108 0
143 108 0
144 108 0
145 108 0
146 108 0
147 108 0
148 108 0
149 108 0
150 108 0
151 108 0
152 108 0
153 108 0
154 108 0
155 108 0
156 108 0
157 108 0
158 108 0
159 108 0
160 108 0
161 108 0
162 108 0
163 108 0
164 108 0
165 108 0
166 108 0
167 108 0
170 108 0
171 108 0
172 108 0
173 108 0
174 108 0
182 108 0
185 108 0
186 108 0
187 108 0
207 108 0
208 108 0
209 108 0
210 108 0
211 108 0
212 108 0
213 108 0
214 108 0
224 108 0
225 108 0
231 108 0
235 108 0
236 108 0
237 108 0
238 108 0
239 108 0
240 108 0
241 108 0
242 108 0
243 108 0
244 108 0
245 108 0
133 109 0
134 109 0
135 109 0
136 109 0
137 109 0
138 109 0
139 109 0
140 109 0
141 109 0
142 109 0
143 109 0
144 109 0
145 109 0
146 109 0
147 109 0
148 109 0
149 109 0
150 109 0
151 109 0
152 109 0
153 109 0
154 109 0
155 109 0
156 109 0
157 109 0
158 109 0
159 109 0
160 109 0
161 109 0
162 109 0
163 109 0
164 109 0
165 109 0
166 109 0
167 109 0
169 109 0
170 109 0
184 109 0
185 109 0
198 109 0
208 109 0
213 109 0
215 109 0
216 109 0
217 109 0
225 109 0
236 109 0
237 109 0
238 109 0
239 109 0
240 109 0
241 109 0
242 109 0
243 109 0
244 109 0
245 109 0
247 109 0
248 109 0
134 110 0
135 110 0
136 110 0
137 110 0
138 110 0
139 110 0
140 110 0
141 110 0
142 110 0
143 110 0
144 110 0
145 110 0
146 110 0
148 110 0
150 110 0
152 110 0
153 110 0
154 110 0
155 110 0
156 110 0
157 110 0
158 110 0
159 110 0
160 110 0
161 110 0
162 110 0
163 110 0
165 110 0
195 110 0
196 110 0
206 110 0
208 110 0
209 110 0
210 110 0
213 110 0
214 110 0
226 110 0
227 110 0
237 110 0
238 110 0
239 110 0
240 110 0
241 110 0
242 110 0
243 110 0
244 110 0
245 110 0
246 110 0
247 110 0
248 110 0
250 110 0
251 110 0
252 110 0
136 111 0
137 111 0
138 111 0
139 111 0
140 111 0
141 111 0
142 111 0
143 111 0
159 111 0
194 111 0
195 111 0
196 111 0
197 111 0
201 111 0
204 111 0
205 111 0
206 111 0
207 111 0
208 111 0
211 111 0
212 111 0
227 111 0
228 111 0
229 111 0
239 111 0
240 111 0
241 111 0
242 111 0
243 111 0
244 111 0
245 111 0
246 111 0
247 111 0
248 111 0
249 111 0
250 111 0
178 112 0
179 112 0
189 112 0
193 112 0
202 112 0
203 112 0
204 112 0
205 112 0
206 112 0
207 112 0
227 112 0
228 112 0
229 112 0
241 112 0
242 112 0
243 112 0
244 112 0
245 112 0
246 112 0
247 112 0
248 112 0
249 112 0
254 112 0
190 113 0
191 113 0
192 113 0
199 113 0
209 113 0
218 113 0
225 113 0
227 113 0
244 113 0
245 113 0
246 113 0
247 113 0
248 113 0
249 113 0
250 113 0
251 113 0
252 113 0
253 113 0
173 114 0
188 114 0
191 114 0
192 114 0
193 114 0
194 114 0
220 114 0
221 114 0
222 114 0
223 114 0
224 114 0
225 114 0
226 114 0
227 114 0
246 114 0
247 114 0
248 114 0
249 114 0
250 114 0
251 114 0
252 114 0
253 114 0
255 114 0
258 114 0
167 115 0
173 115 0
174 115 0
184 115 0
186 115 0
187 115 0
189 115 0
190 115 0
192 115 0
193 115 0
194 115 0
222 115 0
223 115 0
249 115 0
250 115 0
255 115 0
256 115 0
174 116 0
182 116 0
185 116 0
186 116 0
187 116 0
188 116 0
189 116 0
190 116 0
191 116 0
192 116 0
193 116 0
194 116 0
195 116 0
253 116 0
254 116 0
168 117 0
169 117 0
180 117 0
181 117 0
182 117 0
183 117 0
184 117 0
185 117 0
186 117 0
187 117 0
188 117 0
189 117 0
190 117 0
191 117 0
192 117 0
193 117 0
194 117 0
196 117 0
197 117 0
198 117 0
199 117 0
200 117 0
167 118 0
168 118 0
169 118 0
176 118 0
179 118 0
180 118 0
181 118 0
182 118 0
183 118 0
184 118 0
185 118 0
186 118 0
187 118 0
188 118 0
189 118 0
190 118 0
191 118 0
192 118 0
193 118 0
196 118 0
197 118 0
198 118 0
165 119 0
166 119 0
167 119 0
168 119 0
169 119 0
175 119 0
177 119 0
178 119 0
179 119 0
180 119 0
181 119 0
182 119 0
183 119 0
184 119 0
185 119 0
186 119 0
187 119 0
188 119 0
189 119 0
190 119 0
191 119 0
192 119 0
193 119 0
161 120 0
163 120 0
164 120 0
165 120 0
166 120 0
167 120 0
168 120 0
177 120 0
178 120 0
180 120 0
181 120 0
182 120 0
183 120 0
184 120 0
185 120 0
186 120 0
187 120 0
188 120 0
189 120 0
190 120 0
161 121 0
162 121 0
163 121 0
164 121 0
165 121 0
166 121 0
167 121 0
168 121 0
173 121 0
174 121 0
175 121 0
176 121 0
182 121 0
183 121 0
184 121 0
185 121 0
186 121 0
187 121 0
188 121 0
161 122 0
162 122 0
163 122 0
164 122 0
165 122 0
166 122 0
171 122 0
172 122 0
174 122 0
175 122 0
178 122 0
182 122 0
183 122 0
184 122 0
185 122 0
162 123 0
163 123 0
169 123 0
170 123 0
171 123 0
173 123 0
182 123 0
183 123 0
184 123 0
167 124 0
168 124 0
169 124 0
170 124 0
171 124 0
172 124 0
173 124 0
179 124 0
180 124 0
166 125 0
167 125 0
168 125 0
169 125 0
170 125 0
171 125 0
172 125 0
173 125 0
178 125 0
180 125 0
163 126 0
165 126 0
166 126 0
167 126 0
168 126 0
169 126 0
170 126 0
171 126 0
172 126 0
174 126 0
175 126 0
176 126 0
177 126 0
161 127 0
162 127 0
163 127 0
164 127 0
165 127 0
166 127 0
167 127 0
168 127 0
169 127 0
170 127 0
171 127 0
172 127 0
173 127 0
174 127 0
175 127 0
176 127 0
159 128 0
160 128 0
161 128 0
162 128 0
163 128 0
164 128 0
165 128 0
166 128 0
167 128 0
168 128 0
169 128 0
170 128 0
171 128 0
172 128 0
173 128 0
174 128 0
175 128 0
176 128 0
158 129 0
159 129 0
160 129 0
161 129 0
162 129 0
163 129 0
164 129 0
165 129 0
166 129 0
167 129 0
168 129 0
169 129 0
170 129 0
174 129 0
156 130 0
157 130 0
158 130 0
159 130 0
160 130 0
161 130 0
162 130 0
163 130 0
164 130 0
165 130 0
166 130 0
167 130 0
168 130 0
169 130 0
156 131 0
157 131 0
158 131 0
159 131 0
160 131 0
161 131 0
162 131 0
163 131 0
164 131 0
165 131 0
166 131 0
167 131 0
168 131 0
156 132 0
157 132 0
158 132 0
159 132 0
160 132 0
161 132 0
162 132 0
157 133 0
158 133 0
159 133 0
160 133 0
161 133 0
206 137 0
338 29 1
339 29 1
340 29 1
339 30 1
340 30 1
341 30 1
342 30 1
341 31 1
342 31 1
343 31 1
343 32 1
344 32 1
249 68 1
250 70 1
251 70 1
252 70 1
249 71 1
257 72 1
258 72 1
257 73 1
261 73 1
262 73 1
263 73 1
265 73 1
266 73 1
267 73 1
263 74 1
264 74 1
265 74 1
266 74 1
267 74 1
268 74 1
269 74 1
270 74 1
272 74 1
273 74 1
274 74 1
279 74 1
265 75 1
269 75 1
271 75 1
272 75 1
273 75 1
275 75 1
276 75 1
277 75 1
279 75 1
281 75 1
271 76 1
272 76 1
274 76 1
275 76 1
276 76 1
277 76 1
279 76 1
281 76 1
282 76 1
284 76 1
285 76 1
286 76 1
287 76 1
288 76 1
274 77 1
275 77 1
276 77 1
277 77 1
279 77 1
280 77 1
281 77 1
283 77 1
284 77 1
285 77 1
286 77 1
287 77 1
288 77 1
289 77 1
290 77 1
293 77 1
280 78 1
282 78 1
283 78 1
284 78 1
285 78 1
287 78 1
288 78 1
289 78 1
290 78 1
291 78 1
292 78 1
293 78 1
295 78 1
296 78 1
299 78 1
300 78 1
301 78 1
287 79 1
288 79 1
290 79 1
291 79 1
292 79 1
293 79 1
294 79 1
295 79 1
296 79 1
297 79 1
298 79 1
299 79 1
300 79 1
302 79 1
303 79 1
304 79 1
305 79 1
307 79 1
308 79 1
309 79 1
311 79 1
318 79 1
319 79 1
321 79 1
322 79 1
324 79 1
325 79 1
327 79 1
330 79 1
334 79 1
338 79 1
293 80 1
295 80 1
296 80 1
297 80 1
298 80 1
299 80 1
301 80 1
302 80 1
303 80 1
304 80 1
305 80 1
306 80 1
307 80 1
308 80 1
309 80 1
310 80 1
311 80 1
312 80 1
313 80 1
314 80 1
315 80 1
316 80 1
318 80 1
319 80 1
320 80 1
321 80 1
324 80 1
325 80 1
327 80 1
329 80 1
330 80 1
331 80 1
334 80 1
335 80 1
336 80 1
337 80 1
340 80 1
343 80 1
297 81 1
302 81 1
304 81 1
305 81 1
307 81 1
308 81 1
310 81 1
311 81 1
312 81 1
313 81 1
314 81 1
315 81 1
316 81 1
318 81 1
319 81 1
320 81 1
321 81 1
324 81 1
327 81 1
329 81 1
330 81 1
331 81 1
333 81 1
334 81 1
335 81 1
339 81 1
340 81 1
342 81 1
304 82 1
309 82 1
310 82 1
311 82 1
312 82 1
313 82 1
314 82 1
319 82 1
322 82 1
324 82 1
327 82 1
329 82 1
330 82 1
331 82 1
335 82 1
338 82 1
340 82 1
322 83 1
258 115 1
269 119 1
257 125 1
260 127 1
261 127 1
268 127 1
296 127 1
263 128 1
261 129 1
262 129 1
263 129 1
264 130 1
263 131 1
264 131 1
266 131 1
267 131 1
265 132 1
266 132 1
266 134 1
267 134 1
269 134 1
270 134 1
273 135 1
271 136 1
273 136 1
270 137 1
271 137 1
275 138 1
276 138 1
274 139 1
275 139 1
277 140 1
277 141 1
301 141 1
280 142 1
284 144 1
284 145 1
283 146 1
285 147 1
286 147 1
287 147 1
315 147 1
290 148 1
289 149 1
290 149 1
288 150 1
291 153 1
340 155 1
301 158 1
304 158 1
227 35 2
238 35 2
237 36 2
238 36 2
238 39 2
239 39 2
240 39 2
240 40 2
178 41 2
180 41 2
181 41 2
239 41 2
240 41 2
179 42 2
181 42 2
182 42 2
183 42 2
240 42 2
241 42 2
183 43 2
184 43 2
186 43 2
241 43 2
185 44 2
186 44 2
189 44 2
190 44 2
241 44 2
242 44 2
189 45 2
190 45 2
191 45 2
192 45 2
242 45 2
173 46 2
189 46 2
190 46 2
191 46 2
192 46 2
193 46 2
194 46 2
242 46 2
172 47 2
173 47 2
174 47 2
178 47 2
191 47 2
192 47 2
193 47 2
194 47 2
195 47 2
196 47 2
197 47 2
173 48 2
174 48 2
175 48 2
193 48 2
194 48 2
195 48 2
196 48 2
197 48 2
174 49 2
175 49 2
176 49 2
177 49 2
182 49 2
195 49 2
196 49 2
197 49 2
198 49 2
199 49 2
175 50 2
176 50 2
177 50 2
178 50 2
182 50 2
183 50 2
197 50 2
198 50 2
199 50 2
200 50 2
201 50 2
243 50 2
244 50 2
176 51 2
177 51 2
178 51 2
182 51 2
183 51 2
184 51 2
199 51 2
200 51 2
201 51 2
202 51 2
242 51 2
243 51 2
244 51 2
245 51 2
178 52 2
181 52 2
182 52 2
183 52 2
184 52 2
185 52 2
186 52 2
187 52 2
199 52 2
200 52 2
201 52 2
202 52 2
203 52 2
204 52 2
243 52 2
244 52 2
182 53 2
183 53 2
184 53 2
185 53 2
186 53 2
187 53 2
200 53 2
201 53 2
202 53 2
203 53 2
204 53 2
205 53 2
206 53 2
244 53 2
245 53 2
246 53 2
182 54 2
183 54 2
184 54 2
185 54 2
186 54 2
187 54 2
188 54 2
189 54 2
203 54 2
204 54 2
205 54 2
206 54 2
245 54 2
246 54 2
247 54 2
248 54 2
177 55 2
186 55 2
187 55 2
188 55 2
189 55 2
190 55 2
191 55 2
202 55 2
203 55 2
204 55 2
205 55 2
231 55 2
245 55 2
246 55 2
247 55 2
248 55 2
164 56 2
165 56 2
166 56 2
167 56 2
168 56 2
169 56 2
170 56 2
186 56 2
187 56 2
188 56 2
189 56 2
190 56 2
191 56 2
192 56 2
193 56 2
231 56 2
246 56 2
247 56 2
248 56 2
249 56 2
164 57 2
165 57 2
166 57 2
167 57 2
168 57 2
169 57 2
170 57 2
171 57 2
172 57 2
173 57 2
191 57 2
192 57 2
193 57 2
194 57 2
231 57 2
245 57 2
246 57 2
247 57 2
248 57 2
249 57 2
168 58 2
169 58 2
170 58 2
171 58 2
172 58 2
173 58 2
174 58 2
175 58 2
176 58 2
177 58 2
191 58 2
192 58 2
193 58 2
194 58 2
195 58 2
246 58 2
247 58 2
248 58 2
249 58 2
170 59 2
171 59 2
172 59 2
173 59 2
174 59 2
175 59 2
176 59 2
177 59 2
178 59 2
179 59 2
192 59 2
193 59 2
194 59 2
195 59 2
196 59 2
248 59 2
249 59 2
174 60 2
175 60 2
176 60 2
177 60 2
178 60 2
179 60 2
180 60 2
181 60 2
192 60 2
193 60 2
194 60 2
195 60 2
196 60 2
197 60 2
198 60 2
199 60 2
248 60 2
249 60 2
176 61 2
177 61 2
178 61 2
179 61 2
180 61 2
181 61 2
182 61 2
183 61 2
184 61 2
192 61 2
193 61 2
194 61 2
195 61 2
196 61 2
197 61 2
198 61 2
199 61 2
201 61 2
202 61 2
249 61 2
181 62 2
182 62 2
183 62 2
184 62 2
186 62 2
193 62 2
194 62 2
195 62 2
196 62 2
197 62 2
198 62 2
199 62 2
200 62 2
249 62 2
182 63 2
183 63 2
184 63 2
185 63 2
186 63 2
187 63 2
189 63 2
193 63 2
194 63 2
195 63 2
196 63 2
197 63 2
198 63 2
199 63 2
200 63 2
248 63 2
249 63 2
250 63 2
186 64 2
187 64 2
188 64 2
189 64 2
190 64 2
197 64 2
199 64 2
200 64 2
201 64 2
249 64 2
250 64 2
190 65 2
198 65 2
251 65 2
198 66 2
247 66 2
250 66 2
251 67 2
