195 24 0
196 24 0
196 25 0
197 25 0
198 26 0
199 26 0
198 27 0
199 27 0
200 27 0
199 28 0
200 28 0
200 29 0
201 29 0
201 30 0
202 31 0
203 31 0
204 31 0
203 32 0
205 32 0
203 33 0
204 33 0
205 33 0
206 33 0
204 34 0
205 34 0
206 34 0
207 34 0
208 34 0
204 35 0
205 35 0
206 35 0
208 35 0
207 36 0
208 36 0
209 36 0
206 37 0
207 37 0
208 37 0
209 37 0
207 38 0
208 38 0
209 38 0
210 38 0
207 39 0
208 39 0
209 39 0
210 39 0
209 40 0
210 40 0
211 40 0
210 41 0
211 41 0
212 41 0
212 42 0
212 43 0
138 66 0
134 67 0
135 67 0
136 67 0
140 67 0
141 67 0
145 67 0
146 67 0
152 67 0
153 67 0
154 67 0
155 67 0
156 67 0
157 67 0
158 67 0
163 67 0
134 68 0
135 68 0
136 68 0
137 68 0
138 68 0
139 68 0
140 68 0
141 68 0
142 68 0
143 68 0
144 68 0
145 68 0
146 68 0
147 68 0
148 68 0
150 68 0
151 68 0
152 68 0
153 68 0
154 68 0
155 68 0
156 68 0
157 68 0
158 68 0
159 68 0
160 68 0
161 68 0
162 68 0
163 68 0
164 68 0
167 68 0
134 69 0
135 69 0
136 69 0
137 69 0
138 69 0
139 69 0
140 69 0
143 69 0
147 69 0
149 69 0
154 69 0
155 69 0
156 69 0
157 69 0
158 69 0
159 69 0
160 69 0
161 69 0
162 69 0
163 69 0
164 69 0
165 69 0
166 69 0
167 69 0
168 69 0
169 69 0
170 69 0
171 69 0
172 69 0
173 69 0
160 70 0
161 70 0
162 70 0
163 70 0
164 70 0
165 70 0
166 70 0
167 70 0
168 70 0
169 70 0
170 70 0
171 70 0
172 70 0
173 70 0
174 70 0
175 70 0
168 71 0
169 71 0
170 71 0
171 71 0
172 71 0
173 71 0
174 71 0
175 71 0
143 72 0
172 72 0
242 72 0
243 72 0
244 72 0
245 72 0
134 73 0
137 73 0
241 73 0
242 73 0
243 73 0
244 73 0
245 73 0
246 73 0
132 74 0
133 74 0
135 74 0
136 74 0
140 74 0
141 74 0
145 74 0
146 74 0
153 74 0
240 74 0
241 74 0
242 74 0
243 74 0
244 74 0
245 74 0
246 74 0
247 74 0
248 74 0
133 75 0
134 75 0
135 75 0
136 75 0
137 75 0
139 75 0
140 75 0
141 75 0
142 75 0
144 75 0
145 75 0
146 75 0
147 75 0
148 75 0
150 75 0
238 75 0
239 75 0
240 75 0
241 75 0
242 75 0
243 75 0
244 75 0
245 75 0
133 76 0
134 76 0
135 76 0
137 76 0
138 76 0
143 76 0
148 76 0
149 76 0
150 76 0
151 76 0
166 76 0
236 76 0
237 76 0
238 76 0
239 76 0
240 76 0
241 76 0
243 76 0
244 76 0
245 76 0
246 76 0
247 76 0
252 76 0
136 77 0
137 77 0
145 77 0
163 77 0
169 77 0
236 77 0
237 77 0
238 77 0
239 77 0
241 77 0
242 77 0
243 77 0
244 77 0
245 77 0
246 77 0
247 77 0
248 77 0
250 77 0
251 77 0
148 78 0
152 78 0
153 78 0
154 78 0
155 78 0
156 78 0
236 78 0
237 78 0
238 78 0
241 78 0
242 78 0
243 78 0
244 78 0
245 78 0
248 78 0
253 78 0
256 78 0
257 78 0
151 79 0
154 79 0
155 79 0
156 79 0
236 79 0
241 79 0
243 79 0
143 80 0
152 80 0
235 80 0
240 80 0
241 80 0
158 81 0
233 81 0
235 81 0
238 81 0
159 82 0
160 82 0
161 82 0
162 82 0
163 82 0
233 82 0
234 82 0
235 82 0
158 83 0
159 83 0
160 83 0
161 83 0
162 83 0
163 83 0
164 83 0
165 83 0
166 83 0
167 83 0
168 83 0
161 84 0
162 84 0
163 84 0
164 84 0
165 84 0
166 84 0
167 84 0
168 84 0
169 84 0
170 84 0
171 84 0
168 85 0
169 85 0
170 85 0
171 85 0
170 86 0
171 86 0
172 86 0
172 87 0
152 89 0
153 89 0
157 89 0
158 89 0
153 90 0
154 90 0
155 90 0
156 90 0
157 90 0
158 90 0
159 90 0
160 90 0
161 90 0
164 90 0
165 90 0
166 90 0
168 90 0
170 90 0
149 91 0
150 91 0
151 91 0
152 91 0
153 91 0
154 91 0
155 91 0
156 91 0
157 91 0
158 91 0
159 91 0
160 91 0
161 91 0
164 91 0
168 91 0
169 91 0
142 92 0
145 92 0
146 92 0
147 92 0
148 92 0
149 92 0
150 92 0
151 92 0
152 92 0
153 92 0
154 92 0
155 92 0
156 92 0
157 92 0
158 92 0
167 92 0
142 93 0
143 93 0
144 93 0
145 93 0
146 93 0
147 93 0
131 94 0
143 94 0
144 94 0
163 94 0
173 94 0
195 94 0
171 95 0
172 95 0
188 95 0
125 96 0
128 96 0
155 96 0
168 96 0
171 96 0
173 96 0
174 96 0
175 96 0
176 96 0
177 96 0
178 96 0
188 96 0
126 97 0
161 97 0
164 97 0
149 98 0
150 98 0
151 98 0
152 98 0
153 98 0
156 98 0
159 98 0
161 98 0
162 98 0
136 99 0
137 99 0
138 99 0
142 99 0
149 99 0
157 99 0
135 100 0
138 100 0
139 100 0
143 100 0
144 100 0
145 100 0
152 100 0
153 100 0
155 100 0
158 100 0
159 100 0
160 100 0
161 100 0
162 100 0
163 100 0
225 100 0
128 101 0
129 101 0
130 101 0
133 101 0
134 101 0
138 101 0
139 101 0
140 101 0
141 101 0
144 101 0
147 101 0
150 101 0
151 101 0
152 101 0
153 101 0
155 101 0
156 101 0
157 101 0
160 101 0
161 101 0
162 101 0
163 101 0
164 101 0
165 101 0
126 102 0
127 102 0
130 102 0
131 102 0
132 102 0
133 102 0
134 102 0
135 102 0
136 102 0
137 102 0
138 102 0
146 102 0
147 102 0
148 102 0
149 102 0
150 102 0
153 102 0
154 102 0
155 102 0
156 102 0
157 102 0
158 102 0
159 102 0
160 102 0
161 102 0
162 102 0
163 102 0
164 102 0
165 102 0
169 102 0
170 102 0
171 102 0
172 102 0
124 103 0
125 103 0
126 103 0
127 103 0
128 103 0
129 103 0
130 103 0
131 103 0
132 103 0
133 103 0
134 103 0
135 103 0
143 103 0
144 103 0
146 103 0
147 103 0
151 103 0
152 103 0
153 103 0
154 103 0
155 103 0
156 103 0
157 103 0
158 103 0
159 103 0
160 103 0
161 103 0
162 103 0
168 103 0
169 103 0
170 103 0
172 103 0
173 103 0
174 103 0
176 103 0
125 104 0
126 104 0
127 104 0
128 104 0
129 104 0
130 104 0
131 104 0
132 104 0
146 104 0
147 104 0
148 104 0
149 104 0
150 104 0
151 104 0
152 104 0
153 104 0
154 104 0
155 104 0
156 104 0
157 104 0
158 104 0
160 104 0
167 104 0
168 104 0
174 104 0
176 104 0
125 105 0
126 105 0
127 105 0
128 105 0
129 105 0
130 105 0
131 105 0
132 105 0
149 105 0
150 105 0
153 105 0
154 105 0
164 105 0
165 105 0
166 105 0
167 105 0
126 106 0
127 106 0
128 106 0
129 106 0
159 106 0
160 106 0
161 106 0
162 106 0
163 106 0
164 106 0
165 106 0
166 106 0
167 106 0
168 106 0
153 107 0
156 107 0
157 107 0
158 107 0
159 107 0
160 107 0
161 107 0
162 107 0
163 107 0
164 107 0
165 107 0
166 107 0
183 107 0
152 108 0
153 108 0
154 108 0
155 108 0
156 108 0
157 108 0
158 108 0
159 108 0
160 108 0
161 108 0
162 108 0
164 108 0
171 108 0
176 108 0
179 108 0
147 109 0
149 109 0
150 109 0
151 109 0
152 109 0
153 109 0
154 109 0
155 109 0
156 109 0
157 109 0
158 109 0
159 109 0
176 109 0
177 109 0
145 110 0
146 110 0
147 110 0
148 110 0
149 110 0
150 110 0
151 110 0
152 110 0
153 110 0
154 110 0
155 110 0
156 110 0
157 110 0
164 110 0
167 110 0
168 110 0
178 110 0
142 111 0
143 111 0
144 111 0
145 111 0
146 111 0
147 111 0
148 111 0
149 111 0
150 111 0
151 111 0
152 111 0
153 111 0
154 111 0
164 111 0
168 111 0
169 111 0
172 111 0
173 111 0
175 111 0
176 111 0
137 112 0
138 112 0
139 112 0
140 112 0
141 112 0
142 112 0
143 112 0
144 112 0
145 112 0
146 112 0
147 112 0
148 112 0
159 112 0
161 112 0
163 112 0
165 112 0
168 112 0
173 112 0
174 112 0
178 112 0
179 112 0
223 112 0
233 112 0
134 113 0
135 113 0
136 113 0
137 113 0
138 113 0
139 113 0
140 113 0
141 113 0
142 113 0
143 113 0
144 113 0
145 113 0
155 113 0
156 113 0
157 113 0
159 113 0
166 113 0
168 113 0
172 113 0
174 113 0
232 113 0
233 113 0
234 113 0
246 113 0
133 114 0
134 114 0
135 114 0
136 114 0
137 114 0
138 114 0
158 114 0
161 114 0
162 114 0
166 114 0
167 114 0
168 114 0
212 114 0
213 114 0
232 114 0
233 114 0
234 114 0
235 114 0
236 114 0
133 115 0
134 115 0
135 115 0
136 115 0
148 115 0
157 115 0
159 115 0
160 115 0
161 115 0
162 115 0
163 115 0
164 115 0
165 115 0
166 115 0
167 115 0
168 115 0
188 115 0
204 115 0
206 115 0
208 115 0
213 115 0
233 115 0
234 115 0
235 115 0
236 115 0
237 115 0
238 115 0
239 115 0
240 115 0
241 115 0
145 116 0
146 116 0
147 116 0
149 116 0
150 116 0
151 116 0
152 116 0
153 116 0
154 116 0
155 116 0
156 116 0
157 116 0
158 116 0
159 116 0
160 116 0
161 116 0
165 116 0
166 116 0
167 116 0
168 116 0
176 116 0
183 116 0
184 116 0
202 116 0
209 116 0
212 116 0
224 116 0
226 116 0
233 116 0
234 116 0
235 116 0
236 116 0
237 116 0
238 116 0
239 116 0
240 116 0
241 116 0
242 116 0
243 116 0
246 116 0
247 116 0
143 117 0
144 117 0
145 117 0
146 117 0
147 117 0
148 117 0
149 117 0
150 117 0
151 117 0
152 117 0
153 117 0
154 117 0
155 117 0
156 117 0
157 117 0
158 117 0
160 117 0
161 117 0
162 117 0
165 117 0
166 117 0
167 117 0
168 117 0
170 117 0
177 117 0
184 117 0
186 117 0
208 117 0
210 117 0
214 117 0
215 117 0
216 117 0
217 117 0
234 117 0
235 117 0
236 117 0
237 117 0
238 117 0
239 117 0
240 117 0
241 117 0
242 117 0
243 117 0
244 117 0
245 117 0
246 117 0
247 117 0
250 117 0
253 117 0
138 118 0
139 118 0
140 118 0
141 118 0
142 118 0
143 118 0
145 118 0
146 118 0
147 118 0
148 118 0
149 118 0
150 118 0
151 118 0
152 118 0
153 118 0
154 118 0
155 118 0
156 118 0
161 118 0
165 118 0
166 118 0
167 118 0
168 118 0
182 118 0
183 118 0
185 118 0
201 118 0
207 118 0
210 118 0
236 118 0
237 118 0
238 118 0
239 118 0
240 118 0
241 118 0
242 118 0
243 118 0
244 118 0
245 118 0
246 118 0
248 118 0
256 118 0
132 119 0
133 119 0
134 119 0
135 119 0
136 119 0
137 119 0
138 119 0
139 119 0
140 119 0
141 119 0
142 119 0
143 119 0
144 119 0
145 119 0
146 119 0
147 119 0
148 119 0
149 119 0
150 119 0
151 119 0
152 119 0
160 119 0
161 119 0
162 119 0
163 119 0
164 119 0
165 119 0
166 119 0
167 119 0
168 119 0
171 119 0
181 119 0
184 119 0
195 119 0
197 119 0
199 119 0
201 119 0
204 119 0
209 119 0
238 119 0
239 119 0
240 119 0
241 119 0
242 119 0
243 119 0
244 119 0
245 119 0
246 119 0
247 119 0
248 119 0
249 119 0
250 119 0
251 119 0
255 119 0
256 119 0
133 120 0
134 120 0
135 120 0
136 120 0
137 120 0
138 120 0
139 120 0
140 120 0
141 120 0
142 120 0
143 120 0
144 120 0
145 120 0
146 120 0
147 120 0
148 120 0
149 120 0
150 120 0
151 120 0
152 120 0
162 120 0
164 120 0
203 120 0
206 120 0
208 120 0
240 120 0
241 120 0
242 120 0
243 120 0
244 120 0
245 120 0
246 120 0
247 120 0
248 120 0
249 120 0
251 120 0
252 120 0
253 120 0
132 121 0
133 121 0
134 121 0
135 121 0
136 121 0
137 121 0
138 121 0
139 121 0
140 121 0
141 121 0
142 121 0
143 121 0
144 121 0
146 121 0
147 121 0
148 121 0
149 121 0
150 121 0
190 121 0
191 121 0
192 121 0
194 121 0
195 121 0
196 121 0
201 121 0
202 121 0
243 121 0
244 121 0
245 121 0
246 121 0
247 121 0
248 121 0
249 121 0
250 121 0
251 121 0
252 121 0
253 121 0
133 122 0
134 122 0
135 122 0
136 122 0
137 122 0
138 122 0
139 122 0
140 122 0
141 122 0
142 122 0
243 122 0
245 122 0
246 122 0
247 122 0
249 122 0
250 122 0
251 122 0
252 122 0
253 122 0
275 122 0
283 122 0
135 123 0
136 123 0
137 123 0
138 123 0
139 123 0
140 123 0
189 123 0
191 123 0
246 123 0
247 123 0
248 123 0
249 123 0
250 123 0
251 123 0
252 123 0
253 123 0
254 123 0
255 123 0
258 123 0
259 123 0
260 123 0
275 123 0
171 124 0
172 124 0
183 124 0
187 124 0
188 124 0
189 124 0
190 124 0
191 124 0
192 124 0
250 124 0
251 124 0
252 124 0
253 124 0
254 124 0
255 124 0
256 124 0
257 124 0
263 124 0
167 125 0
169 125 0
170 125 0
171 125 0
172 125 0
173 125 0
182 125 0
184 125 0
185 125 0
186 125 0
187 125 0
188 125 0
189 125 0
190 125 0
202 125 0
251 125 0
252 125 0
253 125 0
254 125 0
255 125 0
256 125 0
257 125 0
258 125 0
260 125 0
263 125 0
266 125 0
169 126 0
170 126 0
171 126 0
172 126 0
173 126 0
182 126 0
183 126 0
185 126 0
186 126 0
187 126 0
188 126 0
189 126 0
190 126 0
194 126 0
195 126 0
198 126 0
199 126 0
201 126 0
202 126 0
255 126 0
256 126 0
257 126 0
258 126 0
259 126 0
260 126 0
264 126 0
167 127 0
168 127 0
169 127 0
170 127 0
171 127 0
172 127 0
178 127 0
180 127 0
181 127 0
184 127 0
185 127 0
186 127 0
187 127 0
188 127 0
189 127 0
191 127 0
192 127 0
193 127 0
194 127 0
196 127 0
197 127 0
198 127 0
199 127 0
200 127 0
256 127 0
257 127 0
258 127 0
259 127 0
260 127 0
261 127 0
262 127 0
263 127 0
264 127 0
162 128 0
165 128 0
166 128 0
167 128 0
168 128 0
169 128 0
170 128 0
171 128 0
177 128 0
179 128 0
180 128 0
182 128 0
183 128 0
184 128 0
185 128 0
186 128 0
187 128 0
188 128 0
189 128 0
190 128 0
193 128 0
194 128 0
195 128 0
196 128 0
258 128 0
259 128 0
260 128 0
261 128 0
262 128 0
263 128 0
264 128 0
265 128 0
266 128 0
267 128 0
163 129 0
165 129 0
166 129 0
167 129 0
168 129 0
169 129 0
170 129 0
178 129 0
179 129 0
180 129 0
184 129 0
185 129 0
186 129 0
187 129 0
188 129 0
193 129 0
261 129 0
262 129 0
263 129 0
264 129 0
265 129 0
266 129 0
267 129 0
268 129 0
269 129 0
285 129 0
161 130 0
163 130 0
164 130 0
165 130 0
166 130 0
167 130 0
168 130 0
174 130 0
175 130 0
176 130 0
177 130 0
185 130 0
186 130 0
188 130 0
262 130 0
264 130 0
265 130 0
266 130 0
267 130 0
268 130 0
269 130 0
272 130 0
273 130 0
159 131 0
161 131 0
162 131 0
163 131 0
164 131 0
165 131 0
166 131 0
173 131 0
174 131 0
175 131 0
176 131 0
178 131 0
185 131 0
266 131 0
267 131 0
268 131 0
269 131 0
270 131 0
271 131 0
274 131 0
275 131 0
158 132 0
159 132 0
160 132 0
161 132 0
162 132 0
163 132 0
164 132 0
165 132 0
171 132 0
172 132 0
176 132 0
178 132 0
182 132 0
268 132 0
271 132 0
272 132 0
273 132 0
275 132 0
276 132 0
278 132 0
156 133 0
158 133 0
159 133 0
160 133 0
161 133 0
162 133 0
163 133 0
164 133 0
169 133 0
170 133 0
171 133 0
172 133 0
173 133 0
174 133 0
180 133 0
181 133 0
182 133 0
183 133 0
269 133 0
272 133 0
273 133 0
274 133 0
275 133 0
156 134 0
157 134 0
158 134 0
159 134 0
160 134 0
162 134 0
167 134 0
169 134 0
170 134 0
171 134 0
172 134 0
173 134 0
176 134 0
178 134 0
179 134 0
180 134 0
181 134 0
182 134 0
275 134 0
276 134 0
277 134 0
284 134 0
155 135 0
156 135 0
157 135 0
158 135 0
159 135 0
164 135 0
166 135 0
167 135 0
168 135 0
169 135 0
170 135 0
171 135 0
172 135 0
173 135 0
174 135 0
175 135 0
176 135 0
177 135 0
179 135 0
155 136 0
156 136 0
157 136 0
163 136 0
165 136 0
166 136 0
167 136 0
168 136 0
169 136 0
170 136 0
171 136 0
172 136 0
173 136 0
174 136 0
175 136 0
176 136 0
178 136 0
161 137 0
162 137 0
163 137 0
164 137 0
165 137 0
166 137 0
167 137 0
168 137 0
169 137 0
170 137 0
171 137 0
172 137 0
173 137 0
174 137 0
155 138 0
157 138 0
160 138 0
161 138 0
163 138 0
164 138 0
165 138 0
166 138 0
167 138 0
168 138 0
169 138 0
170 138 0
171 138 0
172 138 0
155 139 0
157 139 0
158 139 0
159 139 0
160 139 0
161 139 0
162 139 0
163 139 0
164 139 0
165 139 0
166 139 0
167 139 0
168 139 0
169 139 0
170 139 0
155 140 0
156 140 0
157 140 0
158 140 0
159 140 0
160 140 0
161 140 0
162 140 0
163 140 0
164 140 0
165 140 0
166 140 0
167 140 0
168 140 0
284 140 0
155 141 0
156 141 0
157 141 0
158 141 0
159 141 0
160 141 0
161 141 0
162 141 0
163 141 0
164 141 0
165 141 0
166 141 0
156 142 0
157 142 0
158 142 0
159 142 0
160 142 0
161 142 0
162 142 0
163 142 0
164 142 0
157 143 0
158 143 0
159 143 0
160 143 0
201 150 0
195 152 0
299 152 0
331 153 0
343 159 0
204 163 0
232 32 1
182 34 1
183 34 1
184 34 1
185 34 1
186 35 1
188 35 1
185 36 1
188 36 1
232 36 1
233 38 1
234 38 1
178 39 1
234 39 1
235 39 1
178 40 1
179 40 1
234 40 1
235 40 1
178 41 1
179 41 1
180 41 1
179 42 1
180 42 1
181 42 1
182 42 1
235 42 1
236 42 1
180 43 1
181 43 1
182 43 1
183 43 1
247 43 1
248 43 1
182 44 1
183 44 1
184 44 1
234 44 1
235 44 1
236 44 1
247 44 1
248 44 1
249 44 1
183 45 1
184 45 1
185 45 1
189 45 1
236 45 1
247 45 1
248 45 1
249 45 1
250 45 1
184 46 1
188 46 1
189 46 1
190 46 1
248 46 1
249 46 1
250 46 1
251 46 1
188 47 1
189 47 1
190 47 1
191 47 1
192 47 1
193 47 1
236 47 1
237 47 1
247 47 1
248 47 1
249 47 1
250 47 1
251 47 1
190 48 1
191 48 1
192 48 1
193 48 1
237 48 1
249 48 1
250 48 1
251 48 1
252 48 1
192 49 1
236 49 1
237 49 1
250 49 1
251 49 1
252 49 1
170 50 1
171 50 1
172 50 1
192 50 1
251 50 1
252 50 1
253 50 1
173 51 1
174 51 1
175 51 1
176 51 1
177 51 1
186 51 1
251 51 1
252 51 1
253 51 1
182 52 1
183 52 1
251 52 1
252 52 1
253 52 1
180 53 1
181 53 1
182 53 1
183 53 1
184 53 1
251 53 1
252 53 1
253 53 1
254 53 1
165 54 1
180 54 1
181 54 1
182 54 1
183 54 1
184 54 1
185 54 1
186 54 1
187 54 1
190 54 1
252 54 1
253 54 1
254 54 1
165 55 1
166 55 1
167 55 1
183 55 1
184 55 1
185 55 1
186 55 1
187 55 1
188 55 1
230 55 1
231 55 1
253 55 1
254 55 1
165 56 1
166 56 1
167 56 1
168 56 1
169 56 1
186 56 1
187 56 1
188 56 1
194 56 1
199 56 1
200 56 1
230 56 1
231 56 1
232 56 1
252 56 1
253 56 1
254 56 1
255 56 1
166 57 1
167 57 1
168 57 1
169 57 1
170 57 1
171 57 1
172 57 1
188 57 1
191 57 1
193 57 1
194 57 1
195 57 1
199 57 1
200 57 1
253 57 1
254 57 1
167 58 1
168 58 1
169 58 1
170 58 1
171 58 1
172 58 1
173 58 1
174 58 1
192 58 1
193 58 1
194 58 1
195 58 1
196 58 1
197 58 1
198 58 1
199 58 1
200 58 1
253 58 1
254 58 1
169 59 1
170 59 1
171 59 1
172 59 1
173 59 1
174 59 1
175 59 1
176 59 1
177 59 1
192 59 1
193 59 1
194 59 1
195 59 1
196 59 1
197 59 1
198 59 1
199 59 1
200 59 1
254 59 1
171 60 1
172 60 1
173 60 1
174 60 1
175 60 1
176 60 1
177 60 1
178 60 1
193 60 1
194 60 1
195 60 1
196 60 1
197 60 1
198 60 1
199 60 1
200 60 1
173 61 1
174 61 1
175 61 1
176 61 1
177 61 1
178 61 1
179 61 1
180 61 1
196 61 1
197 61 1
198 61 1
199 61 1
200 61 1
201 61 1
202 61 1
203 61 1
253 61 1
175 62 1
176 62 1
177 62 1
178 62 1
179 62 1
180 62 1
181 62 1
182 62 1
199 62 1
200 62 1
201 62 1
202 62 1
169 63 1
170 63 1
171 63 1
172 63 1
173 63 1
174 63 1
175 63 1
177 63 1
178 63 1
179 63 1
180 63 1
181 63 1
182 63 1
183 63 1
199 63 1
201 63 1
202 63 1
170 64 1
171 64 1
172 64 1
173 64 1
174 64 1
175 64 1
176 64 1
177 64 1
178 64 1
181 64 1
182 64 1
183 64 1
184 64 1
185 64 1
187 64 1
170 65 1
172 65 1
173 65 1
174 65 1
175 65 1
176 65 1
177 65 1
178 65 1
179 65 1
182 65 1
183 65 1
184 65 1
185 65 1
186 65 1
187 65 1
188 65 1
189 65 1
254 65 1
255 65 1
175 66 1
176 66 1
177 66 1
178 66 1
179 66 1
180 66 1
181 66 1
182 66 1
185 66 1
186 66 1
187 66 1
188 66 1
189 66 1
192 66 1
178 67 1
179 67 1
180 67 1
181 67 1
182 67 1
183 67 1
184 67 1
185 67 1
187 67 1
188 67 1
189 67 1
190 67 1
191 67 1
194 67 1
168 68 1
169 68 1
170 68 1
180 68 1
181 68 1
182 68 1
183 68 1
184 68 1
185 68 1
186 68 1
187 68 1
191 68 1
192 68 1
193 68 1
194 68 1
196 68 1
197 68 1
169 69 1
170 69 1
171 69 1
172 69 1
182 69 1
183 69 1
184 69 1
185 69 1
186 69 1
187 69 1
188 69 1
189 69 1
196 69 1
197 69 1
198 69 1
199 69 1
169 70 1
170 70 1
171 70 1
172 70 1
173 70 1
185 70 1
186 70 1
187 70 1
188 70 1
189 70 1
190 70 1
191 70 1
196 70 1
197 70 1
172 71 1
173 71 1
174 71 1
191 71 1
173 72 1
259 75 1
260 76 1
261 77 1
337 30 2
338 30 2
337 31 2
338 31 2
339 31 2
340 31 2
340 32 2
341 32 2
342 32 2
343 32 2
342 33 2
343 33 2
344 33 2
168 65 2
168 66 2
169 66 2
169 67 2
170 67 2
171 67 2
170 68 2
171 68 2
172 68 2
173 68 2
174 68 2
175 68 2
169 69 2
170 69 2
171 69 2
172 69 2
173 69 2
174 69 2
175 69 2
176 69 2
170 70 2
172 70 2
173 70 2
174 70 2
175 70 2
176 70 2
177 70 2
178 70 2
179 70 2
169 71 2
170 71 2
171 71 2
172 71 2
173 71 2
174 71 2
175 71 2
176 71 2
177 71 2
178 71 2
179 71 2
180 71 2
181 71 2
182 71 2
171 72 2
172 72 2
173 72 2
174 72 2
175 72 2
176 72 2
177 72 2
178 72 2
179 72 2
180 72 2
171 73 2
172 73 2
175 73 2
264 80 2
265 80 2
267 80 2
271 80 2
264 81 2
265 81 2
266 81 2
267 81 2
268 81 2
272 81 2
264 82 2
266 82 2
267 82 2
268 82 2
269 82 2
270 82 2
271 82 2
272 82 2
273 82 2
274 82 2
275 82 2
277 82 2
267 83 2
268 83 2
269 83 2
270 83 2
271 83 2
272 83 2
273 83 2
274 83 2
275 83 2
276 83 2
277 83 2
278 83 2
279 83 2
280 83 2
281 83 2
282 83 2
286 83 2
289 83 2
290 83 2
291 83 2
271 84 2
272 84 2
274 84 2
275 84 2
276 84 2
277 84 2
278 84 2
279 84 2
280 84 2
281 84 2
282 84 2
284 84 2
285 84 2
286 84 2
288 84 2
289 84 2
290 84 2
292 84 2
293 84 2
294 84 2
297 84 2
308 84 2
330 84 2
331 84 2
336 84 2
339 84 2
341 84 2
342 84 2
343 84 2
344 84 2
277 85 2
284 85 2
285 85 2
286 85 2
287 85 2
288 85 2
289 85 2
290 85 2
291 85 2
292 85 2
293 85 2
294 85 2
295 85 2
296 85 2
297 85 2
298 85 2
299 85 2
301 85 2
303 85 2
304 85 2
305 85 2
307 85 2
308 85 2
313 85 2
318 85 2
319 85 2
323 85 2
329 85 2
331 85 2
335 85 2
338 85 2
341 85 2
342 85 2
285 86 2
286 86 2
287 86 2
290 86 2
291 86 2
292 86 2
295 86 2
296 86 2
297 86 2
298 86 2
299 86 2
301 86 2
302 86 2
303 86 2
304 86 2
306 86 2
307 86 2
308 86 2
310 86 2
311 86 2
312 86 2
314 86 2
316 86 2
318 86 2
319 86 2
320 86 2
321 86 2
323 86 2
324 86 2
326 86 2
329 86 2
330 86 2
331 86 2
332 86 2
335 86 2
340 86 2
342 86 2
291 87 2
295 87 2
296 87 2
299 87 2
301 87 2
302 87 2
303 87 2
306 87 2
307 87 2
308 87 2
309 87 2
310 87 2
311 87 2
314 87 2
315 87 2
317 87 2
318 87 2
319 87 2
321 87 2
323 87 2
327 87 2
328 87 2
330 87 2
340 87 2
305 88 2
306 88 2
313 88 2
321 88 2
