136 77 0
154 77 0
135 78 0
136 78 0
147 78 0
153 78 0
155 78 0
162 78 0
134 79 0
135 79 0
136 79 0
137 79 0
138 79 0
142 79 0
143 79 0
146 79 0
147 79 0
148 79 0
149 79 0
150 79 0
151 79 0
152 79 0
153 79 0
154 79 0
155 79 0
159 79 0
167 79 0
172 79 0
183 79 0
185 79 0
186 79 0
134 80 0
135 80 0
136 80 0
137 80 0
147 80 0
149 80 0
150 80 0
151 80 0
154 80 0
155 80 0
160 80 0
161 80 0
162 80 0
164 80 0
165 80 0
167 80 0
172 80 0
173 80 0
174 80 0
175 80 0
176 80 0
178 80 0
179 80 0
180 80 0
181 80 0
182 80 0
183 80 0
184 80 0
185 80 0
186 80 0
238 80 0
239 80 0
240 80 0
241 80 0
242 80 0
243 80 0
245 80 0
158 81 0
159 81 0
160 81 0
162 81 0
163 81 0
164 81 0
165 81 0
166 81 0
167 81 0
168 81 0
169 81 0
171 81 0
172 81 0
173 81 0
174 81 0
175 81 0
176 81 0
177 81 0
178 81 0
179 81 0
180 81 0
181 81 0
182 81 0
183 81 0
184 81 0
185 81 0
237 81 0
238 81 0
239 81 0
240 81 0
241 81 0
242 81 0
243 81 0
244 81 0
245 81 0
151 82 0
167 82 0
168 82 0
171 82 0
172 82 0
173 82 0
174 82 0
175 82 0
237 82 0
238 82 0
239 82 0
240 82 0
241 82 0
242 82 0
243 82 0
235 83 0
236 83 0
237 83 0
238 83 0
239 83 0
240 83 0
241 83 0
234 84 0
235 84 0
236 84 0
237 84 0
238 84 0
242 84 0
243 84 0
244 84 0
262 84 0
134 85 0
135 85 0
136 85 0
137 85 0
144 85 0
233 85 0
234 85 0
235 85 0
236 85 0
237 85 0
240 85 0
241 85 0
242 85 0
243 85 0
244 85 0
245 85 0
246 85 0
247 85 0
248 85 0
262 85 0
131 86 0
138 86 0
139 86 0
140 86 0
141 86 0
142 86 0
145 86 0
147 86 0
148 86 0
149 86 0
150 86 0
234 86 0
235 86 0
236 86 0
237 86 0
238 86 0
239 86 0
240 86 0
241 86 0
242 86 0
243 86 0
262 86 0
139 87 0
141 87 0
142 87 0
144 87 0
145 87 0
146 87 0
147 87 0
148 87 0
151 87 0
233 87 0
234 87 0
238 87 0
239 87 0
240 87 0
138 88 0
139 88 0
140 88 0
141 88 0
142 88 0
143 88 0
144 88 0
145 88 0
146 88 0
147 88 0
150 88 0
153 88 0
154 88 0
156 88 0
159 88 0
166 88 0
232 88 0
233 88 0
141 89 0
144 89 0
146 89 0
149 89 0
152 89 0
155 89 0
157 89 0
158 89 0
161 89 0
232 89 0
238 89 0
135 90 0
136 90 0
138 90 0
151 90 0
152 90 0
154 90 0
155 90 0
156 90 0
157 90 0
158 90 0
159 90 0
160 90 0
231 90 0
235 90 0
132 91 0
134 91 0
137 91 0
155 91 0
156 91 0
157 91 0
158 91 0
159 91 0
160 91 0
231 91 0
155 92 0
156 92 0
157 92 0
158 92 0
159 92 0
160 92 0
192 92 0
164 93 0
165 93 0
163 94 0
164 94 0
165 94 0
166 94 0
167 94 0
168 94 0
230 94 0
163 95 0
165 95 0
166 95 0
167 95 0
168 95 0
169 95 0
168 96 0
169 96 0
170 96 0
170 98 0
156 99 0
159 99 0
161 99 0
162 99 0
163 99 0
164 99 0
154 100 0
155 100 0
156 100 0
157 100 0
158 100 0
159 100 0
160 100 0
161 100 0
162 100 0
163 100 0
164 100 0
165 100 0
167 100 0
148 101 0
149 101 0
150 101 0
151 101 0
152 101 0
153 101 0
154 101 0
155 101 0
156 101 0
157 101 0
158 101 0
159 101 0
160 101 0
161 101 0
162 101 0
163 101 0
164 101 0
165 101 0
146 102 0
147 102 0
148 102 0
149 102 0
150 102 0
151 102 0
152 102 0
153 102 0
154 102 0
155 102 0
156 102 0
157 102 0
158 102 0
159 102 0
160 102 0
163 102 0
142 103 0
143 103 0
145 103 0
146 103 0
147 103 0
148 103 0
149 103 0
150 103 0
151 103 0
152 103 0
153 103 0
136 104 0
137 104 0
138 104 0
140 104 0
141 104 0
142 104 0
144 104 0
145 104 0
146 104 0
130 105 0
131 105 0
132 105 0
133 105 0
134 105 0
135 105 0
136 105 0
137 105 0
138 105 0
139 105 0
140 105 0
141 105 0
169 105 0
170 105 0
172 105 0
175 105 0
176 105 0
187 105 0
200 105 0
201 105 0
127 106 0
128 106 0
129 106 0
130 106 0
131 106 0
132 106 0
133 106 0
134 106 0
135 106 0
136 106 0
137 106 0
165 106 0
167 106 0
168 106 0
170 106 0
171 106 0
172 106 0
174 106 0
190 106 0
199 106 0
204 106 0
126 107 0
127 107 0
128 107 0
129 107 0
130 107 0
131 107 0
132 107 0
133 107 0
159 107 0
160 107 0
166 107 0
167 107 0
188 107 0
125 108 0
126 108 0
127 108 0
128 108 0
149 108 0
158 108 0
166 108 0
167 108 0
144 109 0
147 109 0
151 109 0
154 109 0
158 109 0
161 109 0
164 109 0
138 110 0
146 110 0
147 110 0
156 110 0
158 110 0
160 110 0
161 110 0
162 110 0
163 110 0
164 110 0
165 110 0
167 110 0
132 111 0
135 111 0
136 111 0
137 111 0
140 111 0
141 111 0
143 111 0
150 111 0
152 111 0
154 111 0
155 111 0
157 111 0
158 111 0
159 111 0
160 111 0
161 111 0
163 111 0
164 111 0
165 111 0
166 111 0
167 111 0
125 112 0
133 112 0
134 112 0
137 112 0
139 112 0
140 112 0
141 112 0
142 112 0
144 112 0
146 112 0
150 112 0
151 112 0
153 112 0
154 112 0
155 112 0
156 112 0
157 112 0
158 112 0
159 112 0
160 112 0
161 112 0
162 112 0
163 112 0
164 112 0
165 112 0
166 112 0
169 112 0
170 112 0
171 112 0
129 113 0
130 113 0
131 113 0
132 113 0
133 113 0
134 113 0
135 113 0
136 113 0
137 113 0
138 113 0
139 113 0
140 113 0
141 113 0
142 113 0
144 113 0
145 113 0
146 113 0
147 113 0
148 113 0
155 113 0
156 113 0
157 113 0
158 113 0
159 113 0
160 113 0
161 113 0
162 113 0
163 113 0
164 113 0
122 114 0
123 114 0
125 114 0
126 114 0
127 114 0
128 114 0
130 114 0
131 114 0
132 114 0
133 114 0
134 114 0
135 114 0
137 114 0
138 114 0
139 114 0
140 114 0
141 114 0
142 114 0
143 114 0
144 114 0
146 114 0
147 114 0
157 114 0
158 114 0
159 114 0
172 114 0
173 114 0
174 114 0
122 115 0
123 115 0
124 115 0
125 115 0
126 115 0
127 115 0
128 115 0
129 115 0
130 115 0
131 115 0
132 115 0
133 115 0
134 115 0
138 115 0
139 115 0
140 115 0
141 115 0
142 115 0
143 115 0
144 115 0
145 115 0
146 115 0
163 115 0
164 115 0
165 115 0
166 115 0
167 115 0
168 115 0
172 115 0
233 115 0
121 116 0
122 116 0
123 116 0
124 116 0
125 116 0
126 116 0
127 116 0
128 116 0
129 116 0
130 116 0
131 116 0
132 116 0
133 116 0
134 116 0
135 116 0
159 116 0
160 116 0
164 116 0
165 116 0
166 116 0
167 116 0
168 116 0
122 117 0
123 117 0
124 117 0
125 117 0
129 117 0
130 117 0
131 117 0
133 117 0
157 117 0
158 117 0
159 117 0
160 117 0
161 117 0
165 117 0
122 118 0
123 118 0
124 118 0
125 118 0
153 118 0
154 118 0
155 118 0
156 118 0
157 118 0
158 118 0
159 118 0
160 118 0
223 118 0
124 119 0
151 119 0
152 119 0
153 119 0
154 119 0
155 119 0
174 119 0
220 119 0
231 119 0
147 120 0
148 120 0
149 120 0
150 120 0
151 120 0
152 120 0
153 120 0
154 120 0
165 120 0
176 120 0
177 120 0
227 120 0
231 120 0
232 120 0
138 121 0
139 121 0
144 121 0
145 121 0
146 121 0
147 121 0
148 121 0
149 121 0
150 121 0
151 121 0
152 121 0
153 121 0
162 121 0
167 121 0
173 121 0
174 121 0
231 121 0
232 121 0
235 121 0
140 122 0
141 122 0
142 122 0
143 122 0
144 122 0
145 122 0
146 122 0
147 122 0
148 122 0
149 122 0
150 122 0
166 122 0
169 122 0
170 122 0
171 122 0
175 122 0
206 122 0
231 122 0
232 122 0
233 122 0
234 122 0
236 122 0
237 122 0
135 123 0
136 123 0
137 123 0
138 123 0
139 123 0
140 123 0
141 123 0
142 123 0
143 123 0
144 123 0
145 123 0
161 123 0
164 123 0
169 123 0
172 123 0
214 123 0
215 123 0
216 123 0
228 123 0
232 123 0
233 123 0
234 123 0
235 123 0
237 123 0
239 123 0
241 123 0
244 123 0
134 124 0
135 124 0
136 124 0
137 124 0
138 124 0
139 124 0
140 124 0
141 124 0
155 124 0
163 124 0
166 124 0
167 124 0
168 124 0
169 124 0
170 124 0
171 124 0
172 124 0
217 124 0
218 124 0
233 124 0
234 124 0
235 124 0
236 124 0
237 124 0
238 124 0
239 124 0
240 124 0
241 124 0
242 124 0
243 124 0
244 124 0
269 124 0
133 125 0
134 125 0
135 125 0
136 125 0
137 125 0
138 125 0
154 125 0
161 125 0
162 125 0
163 125 0
164 125 0
165 125 0
166 125 0
167 125 0
168 125 0
169 125 0
170 125 0
171 125 0
172 125 0
203 125 0
207 125 0
208 125 0
209 125 0
210 125 0
211 125 0
212 125 0
213 125 0
222 125 0
224 125 0
225 125 0
234 125 0
235 125 0
236 125 0
237 125 0
238 125 0
239 125 0
240 125 0
241 125 0
242 125 0
243 125 0
247 125 0
250 125 0
251 125 0
260 125 0
132 126 0
133 126 0
134 126 0
135 126 0
146 126 0
147 126 0
150 126 0
151 126 0
152 126 0
153 126 0
154 126 0
155 126 0
161 126 0
162 126 0
163 126 0
164 126 0
165 126 0
166 126 0
167 126 0
168 126 0
169 126 0
170 126 0
171 126 0
172 126 0
173 126 0
174 126 0
175 126 0
178 126 0
179 126 0
181 126 0
182 126 0
196 126 0
210 126 0
211 126 0
212 126 0
213 126 0
230 126 0
231 126 0
237 126 0
238 126 0
239 126 0
240 126 0
241 126 0
242 126 0
243 126 0
244 126 0
245 126 0
246 126 0
247 126 0
248 126 0
260 126 0
142 127 0
145 127 0
146 127 0
147 127 0
148 127 0
149 127 0
150 127 0
151 127 0
152 127 0
153 127 0
159 127 0
160 127 0
161 127 0
162 127 0
163 127 0
164 127 0
165 127 0
166 127 0
167 127 0
168 127 0
169 127 0
170 127 0
171 127 0
172 127 0
173 127 0
174 127 0
184 127 0
206 127 0
232 127 0
234 127 0
239 127 0
240 127 0
241 127 0
242 127 0
243 127 0
244 127 0
245 127 0
246 127 0
247 127 0
248 127 0
249 127 0
250 127 0
251 127 0
252 127 0
138 128 0
140 128 0
141 128 0
143 128 0
144 128 0
145 128 0
146 128 0
147 128 0
148 128 0
151 128 0
160 128 0
161 128 0
162 128 0
163 128 0
164 128 0
165 128 0
166 128 0
167 128 0
168 128 0
169 128 0
170 128 0
181 128 0
182 128 0
183 128 0
202 128 0
204 128 0
243 128 0
244 128 0
245 128 0
246 128 0
247 128 0
248 128 0
249 128 0
250 128 0
251 128 0
253 128 0
256 128 0
138 129 0
139 129 0
140 129 0
141 129 0
142 129 0
143 129 0
144 129 0
145 129 0
146 129 0
149 129 0
159 129 0
160 129 0
161 129 0
162 129 0
163 129 0
164 129 0
165 129 0
166 129 0
167 129 0
168 129 0
181 129 0
190 129 0
245 129 0
246 129 0
247 129 0
248 129 0
249 129 0
250 129 0
251 129 0
253 129 0
254 129 0
255 129 0
256 129 0
133 130 0
134 130 0
135 130 0
136 130 0
137 130 0
138 130 0
139 130 0
140 130 0
141 130 0
142 130 0
143 130 0
144 130 0
145 130 0
155 130 0
156 130 0
157 130 0
158 130 0
159 130 0
160 130 0
161 130 0
162 130 0
163 130 0
177 130 0
178 130 0
191 130 0
192 130 0
199 130 0
200 130 0
244 130 0
245 130 0
246 130 0
248 130 0
249 130 0
250 130 0
251 130 0
252 130 0
253 130 0
263 130 0
133 131 0
134 131 0
135 131 0
136 131 0
137 131 0
138 131 0
139 131 0
140 131 0
141 131 0
142 131 0
149 131 0
150 131 0
151 131 0
152 131 0
153 131 0
154 131 0
155 131 0
157 131 0
158 131 0
177 131 0
178 131 0
247 131 0
250 131 0
251 131 0
252 131 0
253 131 0
254 131 0
255 131 0
256 131 0
260 131 0
261 131 0
133 132 0
134 132 0
135 132 0
136 132 0
137 132 0
138 132 0
140 132 0
150 132 0
151 132 0
152 132 0
153 132 0
154 132 0
155 132 0
157 132 0
176 132 0
177 132 0
178 132 0
188 132 0
252 132 0
253 132 0
254 132 0
255 132 0
256 132 0
257 132 0
258 132 0
264 132 0
149 133 0
150 133 0
170 133 0
171 133 0
187 133 0
254 133 0
255 133 0
256 133 0
257 133 0
258 133 0
259 133 0
270 133 0
170 134 0
171 134 0
172 134 0
186 134 0
197 134 0
198 134 0
199 134 0
200 134 0
201 134 0
203 134 0
255 134 0
256 134 0
257 134 0
258 134 0
259 134 0
260 134 0
261 134 0
262 134 0
264 134 0
274 134 0
168 135 0
169 135 0
170 135 0
171 135 0
172 135 0
173 135 0
181 135 0
182 135 0
184 135 0
192 135 0
193 135 0
194 135 0
195 135 0
196 135 0
197 135 0
198 135 0
199 135 0
200 135 0
259 135 0
260 135 0
261 135 0
262 135 0
263 135 0
265 135 0
268 135 0
165 136 0
168 136 0
169 136 0
170 136 0
171 136 0
172 136 0
176 136 0
180 136 0
183 136 0
184 136 0
189 136 0
190 136 0
191 136 0
192 136 0
193 136 0
194 136 0
195 136 0
196 136 0
197 136 0
199 136 0
201 136 0
261 136 0
262 136 0
263 136 0
264 136 0
265 136 0
266 136 0
267 136 0
268 136 0
166 137 0
167 137 0
168 137 0
169 137 0
170 137 0
171 137 0
178 137 0
179 137 0
181 137 0
183 137 0
188 137 0
189 137 0
190 137 0
191 137 0
192 137 0
193 137 0
194 137 0
195 137 0
196 137 0
197 137 0
262 137 0
263 137 0
264 137 0
265 137 0
266 137 0
272 137 0
165 138 0
166 138 0
167 138 0
168 138 0
169 138 0
170 138 0
177 138 0
178 138 0
180 138 0
181 138 0
182 138 0
183 138 0
186 138 0
187 138 0
188 138 0
189 138 0
190 138 0
191 138 0
192 138 0
193 138 0
194 138 0
264 138 0
265 138 0
267 138 0
268 138 0
269 138 0
270 138 0
274 138 0
164 139 0
165 139 0
166 139 0
167 139 0
168 139 0
169 139 0
175 139 0
177 139 0
178 139 0
179 139 0
180 139 0
181 139 0
186 139 0
187 139 0
188 139 0
189 139 0
266 139 0
268 139 0
269 139 0
270 139 0
271 139 0
272 139 0
273 139 0
274 139 0
275 139 0
276 139 0
304 139 0
161 140 0
162 140 0
163 140 0
164 140 0
165 140 0
166 140 0
167 140 0
174 140 0
175 140 0
176 140 0
177 140 0
178 140 0
179 140 0
180 140 0
184 140 0
185 140 0
270 140 0
271 140 0
272 140 0
273 140 0
274 140 0
275 140 0
276 140 0
277 140 0
278 140 0
279 140 0
310 140 0
159 141 0
160 141 0
161 141 0
162 141 0
163 141 0
164 141 0
165 141 0
166 141 0
173 141 0
174 141 0
175 141 0
177 141 0
180 141 0
181 141 0
182 141 0
183 141 0
184 141 0
185 141 0
186 141 0
273 141 0
274 141 0
275 141 0
276 141 0
277 141 0
278 141 0
279 141 0
280 141 0
281 141 0
284 141 0
285 141 0
286 141 0
158 142 0
159 142 0
160 142 0
161 142 0
162 142 0
163 142 0
164 142 0
173 142 0
174 142 0
175 142 0
176 142 0
178 142 0
181 142 0
182 142 0
183 142 0
277 142 0
278 142 0
279 142 0
280 142 0
281 142 0
282 142 0
283 142 0
288 142 0
156 143 0
157 143 0
158 143 0
159 143 0
160 143 0
161 143 0
162 143 0
170 143 0
171 143 0
172 143 0
173 143 0
174 143 0
175 143 0
176 143 0
178 143 0
179 143 0
180 143 0
181 143 0
182 143 0
278 143 0
279 143 0
280 143 0
281 143 0
282 143 0
283 143 0
284 143 0
285 143 0
155 144 0
156 144 0
157 144 0
158 144 0
159 144 0
160 144 0
161 144 0
168 144 0
169 144 0
170 144 0
171 144 0
172 144 0
173 144 0
174 144 0
175 144 0
176 144 0
180 144 0
181 144 0
280 144 0
282 144 0
283 144 0
284 144 0
285 144 0
286 144 0
287 144 0
288 144 0
155 145 0
156 145 0
157 145 0
158 145 0
159 145 0
166 145 0
167 145 0
168 145 0
169 145 0
170 145 0
171 145 0
172 145 0
173 145 0
174 145 0
175 145 0
177 145 0
179 145 0
284 145 0
286 145 0
287 145 0
288 145 0
289 145 0
290 145 0
291 145 0
155 146 0
156 146 0
157 146 0
165 146 0
166 146 0
167 146 0
168 146 0
169 146 0
170 146 0
171 146 0
172 146 0
173 146 0
174 146 0
286 146 0
288 146 0
289 146 0
290 146 0
291 146 0
292 146 0
293 146 0
294 146 0
161 147 0
162 147 0
163 147 0
164 147 0
165 147 0
166 147 0
167 147 0
168 147 0
169 147 0
170 147 0
171 147 0
172 147 0
173 147 0
176 147 0
289 147 0
292 147 0
294 147 0
295 147 0
296 147 0
159 148 0
161 148 0
162 148 0
163 148 0
165 148 0
166 148 0
167 148 0
168 148 0
169 148 0
170 148 0
171 148 0
172 148 0
293 148 0
294 148 0
295 148 0
296 148 0
297 148 0
300 148 0
155 149 0
161 149 0
162 149 0
163 149 0
164 149 0
165 149 0
167 149 0
168 149 0
169 149 0
295 149 0
156 150 0
157 150 0
158 150 0
159 150 0
160 150 0
163 150 0
164 150 0
166 150 0
167 150 0
168 150 0
169 150 0
170 150 0
155 151 0
156 151 0
157 151 0
158 151 0
159 151 0
160 151 0
162 151 0
163 151 0
164 151 0
165 151 0
166 151 0
167 151 0
168 151 0
158 152 0
159 152 0
160 152 0
161 152 0
162 152 0
163 152 0
164 152 0
157 153 0
158 153 0
159 153 0
160 153 0
161 153 0
162 153 0
163 153 0
210 155 0
193 157 0
247 20 1
187 27 1
188 27 1
249 27 1
185 28 1
189 28 1
193 29 1
194 29 1
194 30 1
195 30 1
195 31 1
196 31 1
197 31 1
198 31 1
198 32 1
199 32 1
200 32 1
237 32 1
181 33 1
183 33 1
201 33 1
238 33 1
183 34 1
184 34 1
238 34 1
184 35 1
185 35 1
186 35 1
204 35 1
205 35 1
186 36 1
187 36 1
191 36 1
204 36 1
205 36 1
206 36 1
207 36 1
239 36 1
186 37 1
187 37 1
205 37 1
206 37 1
207 37 1
208 37 1
209 37 1
239 37 1
194 38 1
205 38 1
206 38 1
207 38 1
208 38 1
209 38 1
210 38 1
239 38 1
196 39 1
207 39 1
208 39 1
209 39 1
210 39 1
211 39 1
193 40 1
194 40 1
195 40 1
196 40 1
197 40 1
209 40 1
210 40 1
211 40 1
212 40 1
213 40 1
252 40 1
253 40 1
193 41 1
194 41 1
195 41 1
196 41 1
197 41 1
210 41 1
211 41 1
212 41 1
213 41 1
214 41 1
252 41 1
253 41 1
254 41 1
174 42 1
194 42 1
195 42 1
196 42 1
197 42 1
198 42 1
199 42 1
211 42 1
212 42 1
213 42 1
214 42 1
215 42 1
216 42 1
240 42 1
241 42 1
253 42 1
254 42 1
255 42 1
177 43 1
178 43 1
193 43 1
194 43 1
195 43 1
196 43 1
197 43 1
198 43 1
199 43 1
200 43 1
211 43 1
212 43 1
213 43 1
214 43 1
215 43 1
216 43 1
253 43 1
254 43 1
255 43 1
256 43 1
176 44 1
179 44 1
180 44 1
181 44 1
195 44 1
196 44 1
197 44 1
198 44 1
199 44 1
200 44 1
201 44 1
214 44 1
215 44 1
216 44 1
241 44 1
253 44 1
254 44 1
255 44 1
256 44 1
181 45 1
182 45 1
195 45 1
196 45 1
197 45 1
198 45 1
199 45 1
200 45 1
201 45 1
202 45 1
254 45 1
255 45 1
256 45 1
257 45 1
184 46 1
196 46 1
198 46 1
199 46 1
200 46 1
201 46 1
202 46 1
203 46 1
255 46 1
256 46 1
257 46 1
170 47 1
171 47 1
195 47 1
196 47 1
198 47 1
199 47 1
200 47 1
201 47 1
202 47 1
203 47 1
204 47 1
205 47 1
256 47 1
257 47 1
169 48 1
170 48 1
198 48 1
199 48 1
200 48 1
201 48 1
202 48 1
203 48 1
204 48 1
205 48 1
206 48 1
255 48 1
256 48 1
257 48 1
258 48 1
169 49 1
170 49 1
171 49 1
172 49 1
198 49 1
199 49 1
200 49 1
201 49 1
202 49 1
203 49 1
204 49 1
205 49 1
206 49 1
207 49 1
208 49 1
256 49 1
257 49 1
258 49 1
170 50 1
171 50 1
172 50 1
173 50 1
174 50 1
192 50 1
200 50 1
202 50 1
203 50 1
204 50 1
205 50 1
206 50 1
207 50 1
208 50 1
209 50 1
256 50 1
257 50 1
258 50 1
171 51 1
172 51 1
173 51 1
174 51 1
175 51 1
202 51 1
203 51 1
204 51 1
205 51 1
206 51 1
207 51 1
208 51 1
209 51 1
210 51 1
236 51 1
257 51 1
258 51 1
173 52 1
174 52 1
175 52 1
180 52 1
205 52 1
206 52 1
207 52 1
208 52 1
209 52 1
210 52 1
257 52 1
258 52 1
259 52 1
175 53 1
176 53 1
179 53 1
180 53 1
181 53 1
205 53 1
206 53 1
207 53 1
208 53 1
209 53 1
257 53 1
258 53 1
259 53 1
176 54 1
178 54 1
179 54 1
180 54 1
181 54 1
182 54 1
183 54 1
207 54 1
208 54 1
209 54 1
258 54 1
259 54 1
174 55 1
175 55 1
176 55 1
177 55 1
180 55 1
181 55 1
182 55 1
183 55 1
184 55 1
185 55 1
258 55 1
259 55 1
172 56 1
173 56 1
174 56 1
175 56 1
176 56 1
177 56 1
178 56 1
179 56 1
183 56 1
184 56 1
185 56 1
186 56 1
258 56 1
259 56 1
260 56 1
174 57 1
175 57 1
176 57 1
177 57 1
178 57 1
179 57 1
180 57 1
181 57 1
184 57 1
185 57 1
186 57 1
187 57 1
188 57 1
256 57 1
258 57 1
176 58 1
177 58 1
178 58 1
179 58 1
180 58 1
181 58 1
182 58 1
183 58 1
188 58 1
259 58 1
179 59 1
180 59 1
181 59 1
182 59 1
183 59 1
184 59 1
185 59 1
257 59 1
258 59 1
180 60 1
181 60 1
182 60 1
183 60 1
184 60 1
185 60 1
186 60 1
187 60 1
188 60 1
258 60 1
171 61 1
172 61 1
173 61 1
183 61 1
184 61 1
185 61 1
186 61 1
187 61 1
188 61 1
189 61 1
190 61 1
173 62 1
174 62 1
175 62 1
184 62 1
186 62 1
187 62 1
188 62 1
189 62 1
190 62 1
172 63 1
173 63 1
174 63 1
175 63 1
176 63 1
177 63 1
189 63 1
190 63 1
191 63 1
192 63 1
174 64 1
175 64 1
176 64 1
177 64 1
178 64 1
179 64 1
180 64 1
192 64 1
193 64 1
195 64 1
174 65 1
175 65 1
176 65 1
177 65 1
178 65 1
179 65 1
180 65 1
181 65 1
176 66 1
177 66 1
178 66 1
179 66 1
180 66 1
181 66 1
182 66 1
183 66 1
200 66 1
178 67 1
179 67 1
180 67 1
181 67 1
182 67 1
183 67 1
184 67 1
185 67 1
200 67 1
180 68 1
181 68 1
182 68 1
183 68 1
184 68 1
185 68 1
186 68 1
187 68 1
182 69 1
183 69 1
184 69 1
185 69 1
186 69 1
187 69 1
188 69 1
189 69 1
190 69 1
184 70 1
185 70 1
186 70 1
187 70 1
188 70 1
189 70 1
190 70 1
191 70 1
192 70 1
193 70 1
185 71 1
186 71 1
187 71 1
188 71 1
189 71 1
190 71 1
191 71 1
192 71 1
193 71 1
194 71 1
197 71 1
188 72 1
189 72 1
190 72 1
191 72 1
192 72 1
193 72 1
194 72 1
196 72 1
189 73 1
190 73 1
191 73 1
192 73 1
193 73 1
194 73 1
195 73 1
196 73 1
197 73 1
191 74 1
192 74 1
193 74 1
194 74 1
195 74 1
196 74 1
197 74 1
194 75 1
195 75 1
196 75 1
197 75 1
198 75 1
195 76 1
196 76 1
197 76 1
198 76 1
194 77 1
195 77 1
196 77 1
197 77 1
181 78 1
182 78 1
189 78 1
194 78 1
195 78 1
178 79 1
179 79 1
180 79 1
181 79 1
182 79 1
183 79 1
187 79 1
188 79 1
189 79 1
190 79 1
179 80 1
180 80 1
181 80 1
186 80 1
187 80 1
188 80 1
189 80 1
190 80 1
192 80 1
188 81 1
189 81 1
341 32 2
342 32 2
343 32 2
342 33 2
343 33 2
344 33 2
265 75 2
266 77 2
266 78 2
267 78 2
268 79 2
269 79 2
269 80 2
270 80 2
271 81 2
271 82 2
272 82 2
273 82 2
273 83 2
274 83 2
274 84 2
275 84 2
276 84 2
277 84 2
276 85 2
277 85 2
277 86 2
279 86 2
280 88 2
287 89 2
331 89 2
340 89 2
287 90 2
288 90 2
290 90 2
291 90 2
292 90 2
327 90 2
336 90 2
338 90 2
339 90 2
340 90 2
343 90 2
287 91 2
288 91 2
289 91 2
290 91 2
291 91 2
292 91 2
295 91 2
296 91 2
303 91 2
304 91 2
305 91 2
307 91 2
310 91 2
316 91 2
317 91 2
321 91 2
322 91 2
324 91 2
325 91 2
326 91 2
328 91 2
329 91 2
332 91 2
334 91 2
336 91 2
337 91 2
338 91 2
340 91 2
341 91 2
288 92 2
290 92 2
291 92 2
292 92 2
293 92 2
294 92 2
295 92 2
296 92 2
297 92 2
298 92 2
299 92 2
300 92 2
301 92 2
303 92 2
305 92 2
306 92 2
307 92 2
309 92 2
310 92 2
311 92 2
312 92 2
313 92 2
315 92 2
316 92 2
318 92 2
320 92 2
321 92 2
322 92 2
324 92 2
325 92 2
326 92 2
327 92 2
328 92 2
329 92 2
330 92 2
331 92 2
334 92 2
336 92 2
337 92 2
340 92 2
290 93 2
291 93 2
293 93 2
294 93 2
295 93 2
297 93 2
298 93 2
299 93 2
300 93 2
301 93 2
302 93 2
304 93 2
305 93 2
306 93 2
307 93 2
308 93 2
309 93 2
310 93 2
311 93 2
312 93 2
313 93 2
314 93 2
315 93 2
316 93 2
318 93 2
319 93 2
321 93 2
323 93 2
324 93 2
326 93 2
289 94 2
295 94 2
297 94 2
298 94 2
301 94 2
305 94 2
306 94 2
309 94 2
313 94 2
323 94 2
