190 85 0
183 86 0
232 86 0
189 87 0
190 87 0
233 87 0
235 87 0
141 88 0
143 88 0
144 88 0
145 88 0
147 88 0
148 88 0
152 88 0
153 88 0
154 88 0
155 88 0
156 88 0
157 88 0
158 88 0
159 88 0
166 88 0
167 88 0
177 88 0
178 88 0
179 88 0
180 88 0
185 88 0
186 88 0
141 89 0
142 89 0
143 89 0
144 89 0
145 89 0
146 89 0
147 89 0
148 89 0
154 89 0
155 89 0
156 89 0
157 89 0
158 89 0
159 89 0
160 89 0
168 89 0
175 89 0
176 89 0
177 89 0
178 89 0
179 89 0
180 89 0
181 89 0
182 89 0
183 89 0
184 89 0
238 89 0
239 89 0
241 89 0
143 90 0
160 90 0
164 90 0
165 90 0
166 90 0
169 90 0
170 90 0
171 90 0
173 90 0
176 90 0
177 90 0
178 90 0
179 90 0
180 90 0
182 90 0
183 90 0
184 90 0
235 90 0
236 90 0
239 90 0
244 90 0
251 90 0
164 91 0
167 91 0
168 91 0
170 91 0
171 91 0
172 91 0
233 91 0
234 91 0
235 91 0
238 91 0
240 91 0
241 91 0
242 91 0
243 91 0
244 91 0
245 91 0
246 91 0
247 91 0
248 91 0
249 91 0
250 91 0
251 91 0
252 91 0
253 91 0
232 92 0
233 92 0
234 92 0
235 92 0
240 92 0
241 92 0
242 92 0
243 92 0
244 92 0
245 92 0
246 92 0
247 92 0
248 92 0
249 92 0
250 92 0
251 92 0
252 92 0
253 92 0
256 92 0
233 93 0
234 93 0
238 93 0
239 93 0
240 93 0
241 93 0
250 93 0
251 93 0
252 93 0
253 93 0
256 93 0
257 93 0
130 94 0
232 94 0
233 94 0
237 94 0
238 94 0
239 94 0
240 94 0
127 95 0
128 95 0
129 95 0
130 95 0
131 95 0
232 95 0
236 95 0
237 95 0
128 96 0
129 96 0
131 96 0
132 96 0
136 96 0
143 96 0
144 96 0
145 96 0
146 96 0
166 96 0
231 96 0
236 96 0
129 97 0
130 97 0
135 97 0
138 97 0
145 97 0
146 97 0
147 97 0
148 97 0
151 97 0
155 97 0
166 97 0
235 97 0
151 98 0
152 98 0
153 98 0
156 98 0
157 98 0
158 98 0
159 98 0
160 98 0
165 98 0
171 98 0
230 98 0
231 98 0
148 99 0
149 99 0
150 99 0
154 99 0
155 99 0
156 99 0
157 99 0
158 99 0
159 99 0
163 99 0
164 99 0
167 99 0
168 99 0
230 99 0
141 100 0
142 100 0
147 100 0
148 100 0
150 100 0
151 100 0
152 100 0
153 100 0
154 100 0
155 100 0
156 100 0
157 100 0
158 100 0
159 100 0
160 100 0
161 100 0
162 100 0
163 100 0
164 100 0
169 100 0
142 101 0
143 101 0
144 101 0
151 101 0
153 101 0
154 101 0
155 101 0
156 101 0
157 101 0
158 101 0
159 101 0
160 101 0
161 101 0
162 101 0
163 101 0
164 101 0
165 101 0
166 101 0
152 102 0
153 102 0
154 102 0
155 102 0
156 102 0
157 102 0
158 102 0
159 102 0
160 102 0
161 102 0
162 102 0
163 102 0
164 102 0
165 102 0
166 102 0
157 103 0
158 103 0
159 103 0
160 103 0
161 103 0
162 103 0
163 103 0
164 103 0
165 103 0
166 103 0
166 104 0
172 104 0
247 104 0
167 106 0
168 106 0
162 107 0
163 107 0
164 107 0
165 107 0
166 107 0
167 107 0
157 108 0
158 108 0
159 108 0
160 108 0
161 108 0
162 108 0
163 108 0
164 108 0
165 108 0
166 108 0
167 108 0
168 108 0
169 108 0
153 109 0
154 109 0
155 109 0
156 109 0
157 109 0
158 109 0
159 109 0
160 109 0
161 109 0
162 109 0
163 109 0
164 109 0
165 109 0
166 109 0
167 109 0
168 109 0
152 110 0
153 110 0
154 110 0
155 110 0
156 110 0
157 110 0
158 110 0
159 110 0
160 110 0
161 110 0
162 110 0
163 110 0
164 110 0
165 110 0
166 110 0
142 111 0
147 111 0
148 111 0
149 111 0
150 111 0
151 111 0
152 111 0
153 111 0
154 111 0
155 111 0
156 111 0
157 111 0
158 111 0
159 111 0
160 111 0
161 111 0
162 111 0
140 112 0
143 112 0
144 112 0
145 112 0
146 112 0
147 112 0
148 112 0
149 112 0
150 112 0
152 112 0
153 112 0
154 112 0
155 112 0
156 112 0
157 112 0
138 113 0
141 113 0
142 113 0
143 113 0
144 113 0
145 113 0
146 113 0
147 113 0
170 113 0
190 113 0
197 113 0
132 114 0
135 114 0
136 114 0
137 114 0
138 114 0
139 114 0
140 114 0
141 114 0
142 114 0
143 114 0
144 114 0
167 114 0
172 114 0
174 114 0
176 114 0
185 114 0
194 114 0
196 114 0
197 114 0
130 115 0
131 115 0
132 115 0
133 115 0
134 115 0
135 115 0
136 115 0
137 115 0
138 115 0
139 115 0
140 115 0
141 115 0
155 115 0
167 115 0
172 115 0
173 115 0
174 115 0
186 115 0
189 115 0
125 116 0
129 116 0
130 116 0
131 116 0
132 116 0
133 116 0
134 116 0
135 116 0
136 116 0
137 116 0
168 116 0
169 116 0
124 117 0
125 117 0
126 117 0
127 117 0
128 117 0
129 117 0
130 117 0
131 117 0
132 117 0
133 117 0
134 117 0
162 117 0
163 117 0
164 117 0
166 117 0
123 118 0
124 118 0
125 118 0
126 118 0
127 118 0
147 118 0
151 118 0
167 118 0
211 118 0
122 119 0
123 119 0
124 119 0
125 119 0
140 119 0
150 119 0
157 119 0
160 119 0
161 119 0
167 119 0
168 119 0
122 120 0
123 120 0
136 120 0
152 120 0
153 120 0
154 120 0
158 120 0
159 120 0
160 120 0
162 120 0
163 120 0
165 120 0
166 120 0
167 120 0
168 120 0
123 121 0
133 121 0
134 121 0
135 121 0
136 121 0
137 121 0
140 121 0
144 121 0
146 121 0
149 121 0
153 121 0
154 121 0
155 121 0
156 121 0
162 121 0
163 121 0
164 121 0
165 121 0
166 121 0
167 121 0
168 121 0
126 122 0
129 122 0
135 122 0
136 122 0
137 122 0
138 122 0
139 122 0
140 122 0
141 122 0
142 122 0
143 122 0
144 122 0
145 122 0
149 122 0
151 122 0
153 122 0
162 122 0
172 122 0
123 123 0
124 123 0
131 123 0
132 123 0
133 123 0
134 123 0
136 123 0
137 123 0
138 123 0
139 123 0
140 123 0
141 123 0
142 123 0
145 123 0
147 123 0
159 123 0
167 123 0
168 123 0
169 123 0
170 123 0
171 123 0
123 124 0
125 124 0
127 124 0
128 124 0
130 124 0
131 124 0
132 124 0
133 124 0
134 124 0
135 124 0
136 124 0
137 124 0
138 124 0
139 124 0
140 124 0
141 124 0
142 124 0
143 124 0
146 124 0
162 124 0
164 124 0
165 124 0
166 124 0
167 124 0
168 124 0
169 124 0
170 124 0
171 124 0
172 124 0
121 125 0
122 125 0
123 125 0
124 125 0
125 125 0
126 125 0
127 125 0
128 125 0
129 125 0
130 125 0
135 125 0
136 125 0
137 125 0
138 125 0
139 125 0
161 125 0
162 125 0
163 125 0
164 125 0
165 125 0
166 125 0
167 125 0
168 125 0
169 125 0
170 125 0
121 126 0
122 126 0
123 126 0
124 126 0
125 126 0
126 126 0
127 126 0
161 126 0
162 126 0
163 126 0
164 126 0
165 126 0
220 126 0
122 127 0
123 127 0
124 127 0
125 127 0
126 127 0
127 127 0
174 127 0
179 127 0
122 128 0
123 128 0
124 128 0
125 128 0
126 128 0
127 128 0
177 128 0
228 128 0
231 128 0
232 128 0
236 128 0
124 129 0
125 129 0
126 129 0
127 129 0
157 129 0
166 129 0
170 129 0
176 129 0
177 129 0
232 129 0
233 129 0
243 129 0
148 130 0
168 130 0
171 130 0
172 130 0
174 130 0
232 130 0
233 130 0
234 130 0
235 130 0
238 130 0
239 130 0
240 130 0
244 130 0
144 131 0
146 131 0
147 131 0
148 131 0
165 131 0
170 131 0
171 131 0
176 131 0
205 131 0
206 131 0
207 131 0
213 131 0
217 131 0
232 131 0
233 131 0
234 131 0
235 131 0
236 131 0
237 131 0
238 131 0
239 131 0
240 131 0
242 131 0
246 131 0
250 131 0
251 131 0
276 131 0
141 132 0
142 132 0
143 132 0
144 132 0
145 132 0
146 132 0
164 132 0
165 132 0
166 132 0
169 132 0
170 132 0
172 132 0
214 132 0
215 132 0
219 132 0
220 132 0
221 132 0
234 132 0
235 132 0
236 132 0
237 132 0
238 132 0
239 132 0
240 132 0
241 132 0
242 132 0
243 132 0
245 132 0
247 132 0
249 132 0
138 133 0
139 133 0
140 133 0
141 133 0
142 133 0
143 133 0
158 133 0
162 133 0
163 133 0
164 133 0
166 133 0
167 133 0
168 133 0
169 133 0
171 133 0
176 133 0
186 133 0
204 133 0
208 133 0
209 133 0
211 133 0
212 133 0
218 133 0
222 133 0
223 133 0
224 133 0
226 133 0
235 133 0
236 133 0
237 133 0
238 133 0
239 133 0
240 133 0
241 133 0
242 133 0
243 133 0
244 133 0
245 133 0
246 133 0
247 133 0
248 133 0
249 133 0
251 133 0
136 134 0
137 134 0
138 134 0
139 134 0
140 134 0
155 134 0
157 134 0
160 134 0
161 134 0
162 134 0
163 134 0
165 134 0
166 134 0
167 134 0
168 134 0
169 134 0
170 134 0
171 134 0
172 134 0
178 134 0
180 134 0
207 134 0
208 134 0
209 134 0
210 134 0
213 134 0
217 134 0
239 134 0
240 134 0
241 134 0
242 134 0
243 134 0
244 134 0
245 134 0
246 134 0
253 134 0
133 135 0
134 135 0
135 135 0
137 135 0
147 135 0
151 135 0
154 135 0
155 135 0
159 135 0
161 135 0
162 135 0
163 135 0
164 135 0
165 135 0
166 135 0
167 135 0
168 135 0
169 135 0
170 135 0
171 135 0
172 135 0
174 135 0
176 135 0
183 135 0
185 135 0
203 135 0
205 135 0
207 135 0
211 135 0
241 135 0
245 135 0
246 135 0
247 135 0
249 135 0
250 135 0
132 136 0
133 136 0
134 136 0
148 136 0
149 136 0
150 136 0
151 136 0
152 136 0
153 136 0
154 136 0
155 136 0
156 136 0
157 136 0
158 136 0
159 136 0
161 136 0
162 136 0
163 136 0
165 136 0
166 136 0
167 136 0
168 136 0
169 136 0
170 136 0
171 136 0
172 136 0
179 136 0
183 136 0
206 136 0
208 136 0
245 136 0
247 136 0
249 136 0
252 136 0
253 136 0
254 136 0
132 137 0
139 137 0
140 137 0
143 137 0
144 137 0
145 137 0
150 137 0
151 137 0
152 137 0
153 137 0
154 137 0
155 137 0
156 137 0
157 137 0
158 137 0
159 137 0
160 137 0
161 137 0
162 137 0
163 137 0
164 137 0
165 137 0
166 137 0
167 137 0
168 137 0
169 137 0
178 137 0
179 137 0
192 137 0
193 137 0
201 137 0
204 137 0
248 137 0
249 137 0
250 137 0
251 137 0
252 137 0
253 137 0
254 137 0
255 137 0
256 137 0
257 137 0
138 138 0
139 138 0
140 138 0
141 138 0
145 138 0
146 138 0
147 138 0
148 138 0
149 138 0
150 138 0
151 138 0
152 138 0
153 138 0
154 138 0
155 138 0
156 138 0
157 138 0
158 138 0
159 138 0
160 138 0
161 138 0
162 138 0
163 138 0
164 138 0
165 138 0
166 138 0
167 138 0
168 138 0
177 138 0
178 138 0
179 138 0
180 138 0
181 138 0
191 138 0
199 138 0
250 138 0
251 138 0
252 138 0
253 138 0
254 138 0
255 138 0
257 138 0
258 138 0
259 138 0
267 138 0
274 138 0
138 139 0
139 139 0
140 139 0
141 139 0
142 139 0
146 139 0
147 139 0
148 139 0
149 139 0
150 139 0
151 139 0
152 139 0
153 139 0
154 139 0
155 139 0
156 139 0
157 139 0
158 139 0
159 139 0
160 139 0
161 139 0
162 139 0
163 139 0
164 139 0
176 139 0
177 139 0
178 139 0
179 139 0
180 139 0
189 139 0
249 139 0
253 139 0
255 139 0
256 139 0
257 139 0
260 139 0
261 139 0
262 139 0
263 139 0
131 140 0
132 140 0
133 140 0
134 140 0
135 140 0
136 140 0
137 140 0
138 140 0
139 140 0
140 140 0
141 140 0
144 140 0
145 140 0
146 140 0
147 140 0
148 140 0
149 140 0
150 140 0
151 140 0
152 140 0
153 140 0
154 140 0
155 140 0
156 140 0
157 140 0
158 140 0
159 140 0
173 140 0
174 140 0
175 140 0
176 140 0
177 140 0
178 140 0
179 140 0
180 140 0
187 140 0
255 140 0
256 140 0
260 140 0
261 140 0
131 141 0
132 141 0
133 141 0
134 141 0
135 141 0
136 141 0
137 141 0
138 141 0
139 141 0
142 141 0
143 141 0
144 141 0
145 141 0
146 141 0
147 141 0
148 141 0
149 141 0
150 141 0
151 141 0
152 141 0
153 141 0
154 141 0
156 141 0
172 141 0
173 141 0
174 141 0
175 141 0
176 141 0
177 141 0
203 141 0
204 141 0
205 141 0
206 141 0
257 141 0
258 141 0
259 141 0
260 141 0
261 141 0
262 141 0
264 141 0
266 141 0
132 142 0
133 142 0
134 142 0
135 142 0
136 142 0
137 142 0
138 142 0
139 142 0
140 142 0
141 142 0
142 142 0
143 142 0
144 142 0
145 142 0
146 142 0
147 142 0
148 142 0
149 142 0
150 142 0
172 142 0
173 142 0
174 142 0
175 142 0
176 142 0
185 142 0
187 142 0
199 142 0
200 142 0
201 142 0
202 142 0
203 142 0
204 142 0
205 142 0
260 142 0
261 142 0
262 142 0
263 142 0
264 142 0
265 142 0
266 142 0
132 143 0
133 143 0
134 143 0
135 143 0
136 143 0
137 143 0
138 143 0
139 143 0
140 143 0
141 143 0
142 143 0
143 143 0
144 143 0
145 143 0
146 143 0
170 143 0
171 143 0
172 143 0
173 143 0
174 143 0
175 143 0
195 143 0
196 143 0
197 143 0
198 143 0
200 143 0
201 143 0
202 143 0
263 143 0
264 143 0
265 143 0
266 143 0
267 143 0
268 143 0
269 143 0
270 143 0
271 143 0
133 144 0
134 144 0
135 144 0
136 144 0
137 144 0
138 144 0
139 144 0
140 144 0
141 144 0
142 144 0
143 144 0
170 144 0
171 144 0
172 144 0
173 144 0
174 144 0
180 144 0
182 144 0
183 144 0
185 144 0
186 144 0
193 144 0
194 144 0
195 144 0
196 144 0
197 144 0
198 144 0
199 144 0
200 144 0
202 144 0
265 144 0
266 144 0
267 144 0
268 144 0
269 144 0
270 144 0
271 144 0
272 144 0
273 144 0
275 144 0
135 145 0
136 145 0
137 145 0
138 145 0
139 145 0
140 145 0
165 145 0
166 145 0
169 145 0
170 145 0
171 145 0
172 145 0
178 145 0
181 145 0
182 145 0
184 145 0
190 145 0
191 145 0
192 145 0
193 145 0
194 145 0
195 145 0
196 145 0
198 145 0
199 145 0
269 145 0
270 145 0
271 145 0
272 145 0
273 145 0
274 145 0
275 145 0
276 145 0
167 146 0
168 146 0
169 146 0
170 146 0
171 146 0
172 146 0
177 146 0
180 146 0
187 146 0
188 146 0
189 146 0
190 146 0
191 146 0
193 146 0
195 146 0
270 146 0
271 146 0
272 146 0
273 146 0
274 146 0
275 146 0
276 146 0
277 146 0
278 146 0
279 146 0
283 146 0
164 147 0
167 147 0
168 147 0
169 147 0
170 147 0
174 147 0
178 147 0
179 147 0
180 147 0
181 147 0
186 147 0
187 147 0
188 147 0
189 147 0
276 147 0
277 147 0
279 147 0
280 147 0
282 147 0
284 147 0
317 147 0
165 148 0
166 148 0
167 148 0
168 148 0
169 148 0
176 148 0
178 148 0
185 148 0
187 148 0
188 148 0
277 148 0
278 148 0
279 148 0
280 148 0
281 148 0
282 148 0
283 148 0
284 148 0
285 148 0
286 148 0
292 148 0
163 149 0
164 149 0
165 149 0
166 149 0
167 149 0
174 149 0
175 149 0
177 149 0
178 149 0
179 149 0
181 149 0
183 149 0
184 149 0
185 149 0
282 149 0
283 149 0
284 149 0
163 150 0
164 150 0
165 150 0
171 150 0
176 150 0
177 150 0
178 150 0
181 150 0
182 150 0
183 150 0
185 150 0
284 150 0
285 150 0
286 150 0
287 150 0
288 150 0
289 150 0
162 151 0
163 151 0
166 151 0
173 151 0
175 151 0
176 151 0
177 151 0
178 151 0
180 151 0
181 151 0
182 151 0
183 151 0
184 151 0
287 151 0
288 151 0
290 151 0
291 151 0
294 151 0
162 152 0
171 152 0
172 152 0
173 152 0
174 152 0
175 152 0
176 152 0
177 152 0
178 152 0
181 152 0
182 152 0
290 152 0
291 152 0
292 152 0
293 152 0
294 152 0
160 153 0
169 153 0
170 153 0
171 153 0
172 153 0
173 153 0
174 153 0
175 153 0
176 153 0
177 153 0
292 153 0
293 153 0
296 153 0
297 153 0
298 153 0
299 153 0
171 154 0
172 154 0
173 154 0
174 154 0
175 154 0
176 154 0
177 154 0
221 154 0
295 154 0
296 154 0
297 154 0
298 154 0
299 154 0
300 154 0
301 154 0
309 154 0
167 155 0
172 155 0
173 155 0
174 155 0
175 155 0
176 155 0
301 155 0
302 155 0
304 155 0
305 155 0
173 156 0
174 156 0
305 156 0
306 156 0
310 156 0
311 156 0
312 156 0
304 157 0
307 157 0
308 157 0
311 157 0
313 157 0
314 157 0
169 158 0
170 158 0
171 158 0
310 158 0
316 158 0
165 159 0
166 159 0
167 159 0
168 159 0
169 159 0
170 159 0
315 159 0
163 160 0
164 160 0
165 160 0
166 160 0
167 160 0
168 160 0
169 160 0
161 161 0
162 161 0
163 161 0
164 161 0
165 161 0
166 161 0
167 161 0
160 162 0
161 162 0
162 162 0
252 12 1
253 16 1
254 18 1
254 19 1
193 20 1
191 21 1
194 21 1
195 21 1
196 21 1
255 21 1
197 22 1
198 22 1
200 24 1
201 24 1
202 24 1
203 25 1
188 26 1
205 26 1
188 27 1
189 27 1
206 27 1
189 28 1
190 28 1
191 28 1
207 28 1
189 29 1
190 29 1
191 29 1
192 29 1
197 29 1
209 29 1
210 29 1
192 30 1
193 30 1
198 30 1
210 30 1
244 30 1
191 31 1
192 31 1
193 31 1
194 31 1
193 32 1
194 32 1
214 33 1
215 33 1
196 34 1
215 34 1
216 34 1
217 34 1
193 35 1
202 35 1
216 35 1
217 35 1
218 35 1
178 36 1
179 36 1
181 36 1
197 36 1
201 36 1
202 36 1
203 36 1
215 36 1
216 36 1
217 36 1
218 36 1
219 36 1
184 37 1
185 37 1
201 37 1
202 37 1
203 37 1
204 37 1
205 37 1
217 37 1
218 37 1
219 37 1
220 37 1
221 37 1
185 38 1
201 38 1
202 38 1
203 38 1
204 38 1
205 38 1
206 38 1
217 38 1
218 38 1
219 38 1
220 38 1
221 38 1
222 38 1
258 38 1
186 39 1
187 39 1
188 39 1
189 39 1
203 39 1
204 39 1
205 39 1
206 39 1
221 39 1
222 39 1
259 39 1
190 40 1
194 40 1
195 40 1
196 40 1
202 40 1
203 40 1
204 40 1
205 40 1
206 40 1
207 40 1
208 40 1
220 40 1
221 40 1
175 41 1
182 41 1
193 41 1
194 41 1
195 41 1
196 41 1
204 41 1
205 41 1
206 41 1
207 41 1
208 41 1
209 41 1
261 41 1
174 42 1
175 42 1
176 42 1
177 42 1
193 42 1
194 42 1
195 42 1
196 42 1
197 42 1
204 42 1
205 42 1
206 42 1
207 42 1
208 42 1
209 42 1
210 42 1
211 42 1
260 42 1
262 42 1
175 43 1
176 43 1
177 43 1
178 43 1
179 43 1
194 43 1
195 43 1
196 43 1
197 43 1
198 43 1
199 43 1
206 43 1
207 43 1
208 43 1
209 43 1
210 43 1
211 43 1
212 43 1
261 43 1
262 43 1
176 44 1
177 44 1
178 44 1
179 44 1
186 44 1
195 44 1
196 44 1
197 44 1
198 44 1
199 44 1
200 44 1
201 44 1
209 44 1
210 44 1
211 44 1
212 44 1
213 44 1
214 44 1
261 44 1
262 44 1
263 44 1
179 45 1
180 45 1
197 45 1
198 45 1
199 45 1
200 45 1
201 45 1
202 45 1
203 45 1
209 45 1
210 45 1
211 45 1
212 45 1
213 45 1
235 45 1
261 45 1
262 45 1
263 45 1
178 46 1
181 46 1
186 46 1
199 46 1
200 46 1
201 46 1
202 46 1
203 46 1
204 46 1
205 46 1
210 46 1
211 46 1
212 46 1
213 46 1
214 46 1
261 46 1
262 46 1
263 46 1
181 47 1
199 47 1
200 47 1
201 47 1
202 47 1
203 47 1
204 47 1
205 47 1
206 47 1
207 47 1
211 47 1
213 47 1
262 47 1
263 47 1
202 48 1
203 48 1
204 48 1
205 48 1
206 48 1
207 48 1
208 48 1
261 48 1
262 48 1
263 48 1
203 49 1
204 49 1
205 49 1
206 49 1
207 49 1
208 49 1
209 49 1
210 49 1
262 49 1
263 49 1
264 49 1
189 50 1
206 50 1
207 50 1
208 50 1
209 50 1
210 50 1
211 50 1
262 50 1
263 50 1
264 50 1
190 51 1
191 51 1
192 51 1
208 51 1
209 51 1
210 51 1
262 51 1
263 51 1
264 51 1
192 52 1
209 52 1
210 52 1
262 52 1
263 52 1
264 52 1
193 53 1
194 53 1
195 53 1
196 53 1
261 53 1
263 53 1
264 53 1
265 53 1
196 54 1
199 54 1
264 54 1
265 54 1
176 55 1
177 55 1
178 55 1
198 55 1
199 55 1
200 55 1
202 55 1
263 55 1
264 55 1
265 55 1
176 56 1
177 56 1
178 56 1
179 56 1
199 56 1
200 56 1
201 56 1
203 56 1
264 56 1
265 56 1
177 57 1
178 57 1
179 57 1
180 57 1
181 57 1
204 57 1
205 57 1
264 57 1
265 57 1
178 58 1
180 58 1
181 58 1
182 58 1
208 58 1
180 59 1
181 59 1
182 59 1
183 59 1
181 60 1
182 60 1
204 61 1
206 61 1
182 63 1
187 63 1
182 64 1
183 64 1
184 64 1
180 65 1
186 65 1
187 65 1
188 65 1
186 66 1
187 66 1
188 66 1
189 66 1
187 67 1
190 67 1
187 68 1
188 68 1
189 68 1
192 68 1
187 69 1
188 69 1
189 69 1
190 69 1
191 69 1
192 69 1
193 69 1
194 69 1
188 70 1
189 70 1
190 70 1
191 70 1
192 70 1
189 71 1
194 71 1
195 71 1
196 71 1
181 72 1
182 72 1
183 72 1
184 72 1
185 72 1
186 72 1
187 72 1
188 72 1
189 72 1
190 72 1
192 72 1
193 72 1
195 72 1
196 72 1
197 72 1
180 73 1
181 73 1
182 73 1
183 73 1
184 73 1
185 73 1
186 73 1
187 73 1
188 73 1
189 73 1
190 73 1
191 73 1
192 73 1
193 73 1
194 73 1
195 73 1
196 73 1
197 73 1
199 73 1
180 74 1
181 74 1
184 74 1
185 74 1
186 74 1
187 74 1
188 74 1
189 74 1
190 74 1
191 74 1
192 74 1
193 74 1
194 74 1
195 74 1
196 74 1
197 74 1
189 75 1
190 75 1
191 75 1
192 75 1
193 75 1
194 75 1
195 75 1
196 75 1
197 75 1
198 75 1
271 75 1
272 77 1
273 77 1
180 78 1
181 78 1
182 78 1
183 78 1
181 79 1
182 79 1
183 79 1
184 79 1
185 79 1
186 79 1
187 79 1
274 79 1
275 79 1
180 80 1
181 80 1
182 80 1
183 80 1
184 80 1
185 80 1
186 80 1
187 80 1
188 80 1
189 80 1
190 80 1
191 80 1
274 80 1
275 80 1
184 81 1
185 81 1
186 81 1
187 81 1
188 81 1
189 81 1
190 81 1
191 81 1
192 81 1
193 81 1
194 81 1
275 81 1
277 81 1
184 82 1
185 82 1
186 82 1
187 82 1
188 82 1
189 82 1
190 82 1
191 82 1
192 82 1
193 82 1
194 82 1
195 82 1
196 82 1
186 83 1
189 83 1
190 83 1
191 83 1
192 83 1
193 83 1
194 83 1
195 83 1
196 83 1
193 84 1
194 84 1
195 84 1
196 84 1
197 84 1
192 85 1
193 85 1
194 85 1
195 85 1
196 85 1
193 86 1
194 86 1
195 86 1
261 91 1
341 32 2
342 32 2
343 32 2
341 33 2
342 33 2
343 33 2
344 33 2
276 80 2
277 80 2
278 80 2
279 80 2
279 81 2
278 82 2
280 82 2
281 82 2
281 83 2
282 83 2
281 84 2
282 84 2
283 84 2
284 85 2
285 86 2
286 86 2
287 86 2
286 87 2
287 87 2
286 88 2
288 88 2
289 88 2
288 89 2
289 89 2
290 89 2
288 90 2
289 90 2
290 90 2
291 91 2
292 91 2
292 92 2
293 93 2
295 94 2
339 94 2
342 94 2
296 95 2
326 95 2
327 95 2
331 95 2
332 95 2
336 95 2
337 95 2
339 95 2
341 95 2
310 96 2
313 96 2
314 96 2
315 96 2
319 96 2
320 96 2
323 96 2
325 96 2
328 96 2
331 96 2
332 96 2
334 96 2
338 96 2
339 96 2
300 97 2
302 97 2
305 97 2
306 97 2
309 97 2
310 97 2
311 97 2
312 97 2
313 97 2
314 97 2
315 97 2
316 97 2
317 97 2
318 97 2
319 97 2
320 97 2
321 97 2
323 97 2
325 97 2
329 97 2
331 97 2
332 97 2
303 98 2
304 98 2
305 98 2
306 98 2
307 98 2
308 98 2
309 98 2
311 98 2
312 98 2
314 98 2
316 98 2
317 98 2
318 98 2
325 98 2
304 99 2
308 99 2
309 99 2
314 99 2
316 99 2
322 99 2
