180 59 0
181 59 0
182 59 0
183 59 0
184 59 0
179 60 0
180 60 0
181 60 0
182 60 0
183 60 0
184 60 0
185 60 0
186 60 0
179 61 0
180 61 0
181 61 0
182 61 0
183 61 0
184 61 0
185 61 0
186 61 0
188 61 0
185 62 0
186 62 0
187 62 0
186 63 0
187 63 0
188 63 0
187 64 0
188 64 0
189 64 0
190 64 0
187 65 0
188 65 0
189 65 0
190 65 0
177 66 0
178 66 0
179 66 0
188 66 0
189 66 0
190 66 0
191 66 0
189 67 0
190 67 0
191 67 0
192 67 0
177 68 0
178 68 0
180 68 0
191 68 0
192 68 0
193 68 0
194 68 0
177 69 0
178 69 0
179 69 0
192 69 0
193 69 0
194 69 0
195 69 0
179 70 0
194 70 0
195 70 0
196 70 0
178 71 0
179 71 0
180 71 0
185 71 0
194 71 0
195 71 0
196 71 0
197 71 0
198 71 0
179 72 0
194 72 0
195 72 0
196 72 0
197 72 0
198 72 0
180 73 0
181 73 0
196 73 0
197 73 0
198 73 0
182 74 0
197 74 0
198 74 0
199 74 0
200 74 0
182 75 0
199 75 0
200 75 0
201 75 0
181 76 0
183 76 0
199 76 0
200 76 0
201 76 0
202 76 0
182 77 0
184 77 0
185 77 0
200 77 0
202 77 0
203 77 0
183 78 0
185 78 0
186 78 0
187 78 0
203 78 0
184 79 0
186 79 0
187 79 0
190 79 0
194 79 0
185 80 0
209 80 0
210 80 0
186 81 0
187 81 0
188 81 0
193 81 0
209 81 0
210 81 0
187 82 0
188 82 0
189 82 0
210 82 0
188 83 0
189 83 0
190 83 0
189 84 0
191 84 0
192 86 0
193 88 0
194 89 0
194 90 0
195 90 0
226 97 0
235 101 0
236 101 0
237 101 0
238 101 0
189 102 0
235 102 0
236 102 0
237 102 0
239 102 0
159 103 0
188 103 0
233 103 0
234 103 0
235 103 0
236 103 0
185 104 0
187 104 0
233 104 0
240 104 0
241 104 0
150 105 0
156 105 0
164 105 0
229 105 0
230 105 0
231 105 0
232 105 0
233 105 0
238 105 0
239 105 0
240 105 0
242 105 0
243 105 0
245 105 0
246 105 0
248 105 0
249 105 0
251 105 0
252 105 0
253 105 0
254 105 0
260 105 0
262 105 0
149 106 0
150 106 0
151 106 0
152 106 0
153 106 0
154 106 0
155 106 0
156 106 0
157 106 0
158 106 0
159 106 0
161 106 0
162 106 0
163 106 0
166 106 0
179 106 0
180 106 0
183 106 0
230 106 0
231 106 0
232 106 0
236 106 0
237 106 0
238 106 0
239 106 0
243 106 0
244 106 0
247 106 0
248 106 0
249 106 0
250 106 0
251 106 0
252 106 0
253 106 0
255 106 0
256 106 0
258 106 0
259 106 0
261 106 0
262 106 0
263 106 0
264 106 0
265 106 0
266 106 0
267 106 0
268 106 0
269 106 0
270 106 0
272 106 0
136 107 0
137 107 0
144 107 0
146 107 0
147 107 0
148 107 0
149 107 0
150 107 0
151 107 0
152 107 0
153 107 0
154 107 0
155 107 0
156 107 0
157 107 0
158 107 0
159 107 0
160 107 0
161 107 0
162 107 0
163 107 0
164 107 0
165 107 0
166 107 0
167 107 0
171 107 0
173 107 0
178 107 0
181 107 0
230 107 0
231 107 0
235 107 0
236 107 0
237 107 0
254 107 0
255 107 0
256 107 0
257 107 0
258 107 0
260 107 0
261 107 0
262 107 0
263 107 0
265 107 0
266 107 0
267 107 0
268 107 0
269 107 0
270 107 0
271 107 0
272 107 0
131 108 0
133 108 0
135 108 0
136 108 0
137 108 0
138 108 0
139 108 0
140 108 0
141 108 0
142 108 0
143 108 0
144 108 0
145 108 0
146 108 0
147 108 0
148 108 0
149 108 0
150 108 0
151 108 0
152 108 0
153 108 0
154 108 0
155 108 0
156 108 0
157 108 0
158 108 0
159 108 0
160 108 0
161 108 0
162 108 0
163 108 0
164 108 0
165 108 0
166 108 0
167 108 0
170 108 0
174 108 0
176 108 0
177 108 0
229 108 0
230 108 0
262 108 0
269 108 0
128 109 0
129 109 0
130 109 0
131 109 0
132 109 0
133 109 0
134 109 0
135 109 0
136 109 0
137 109 0
138 109 0
139 109 0
140 109 0
141 109 0
142 109 0
143 109 0
158 109 0
162 109 0
164 109 0
165 109 0
166 109 0
167 109 0
171 109 0
229 109 0
233 109 0
234 109 0
127 110 0
128 110 0
129 110 0
130 110 0
131 110 0
126 111 0
127 111 0
129 111 0
228 111 0
160 114 0
170 114 0
124 115 0
125 115 0
128 115 0
135 115 0
139 115 0
140 115 0
125 116 0
126 116 0
133 116 0
134 116 0
140 116 0
141 116 0
142 116 0
143 116 0
144 116 0
147 116 0
152 116 0
153 116 0
154 116 0
159 116 0
166 116 0
186 116 0
124 117 0
125 117 0
126 117 0
128 117 0
129 117 0
130 117 0
131 117 0
132 117 0
133 117 0
134 117 0
135 117 0
136 117 0
137 117 0
138 117 0
139 117 0
140 117 0
141 117 0
143 117 0
144 117 0
145 117 0
149 117 0
151 117 0
163 117 0
125 118 0
127 118 0
129 118 0
130 118 0
131 118 0
132 118 0
133 118 0
134 118 0
135 118 0
136 118 0
137 118 0
138 118 0
139 118 0
140 118 0
141 118 0
142 118 0
143 118 0
144 118 0
145 118 0
146 118 0
147 118 0
148 118 0
150 118 0
151 118 0
152 118 0
153 118 0
154 118 0
156 118 0
157 118 0
159 118 0
160 118 0
161 118 0
127 119 0
130 119 0
131 119 0
132 119 0
133 119 0
134 119 0
135 119 0
136 119 0
137 119 0
138 119 0
143 119 0
144 119 0
145 119 0
146 119 0
147 119 0
148 119 0
149 119 0
150 119 0
155 119 0
160 119 0
161 119 0
162 119 0
146 120 0
147 120 0
148 120 0
161 120 0
162 120 0
166 120 0
161 121 0
162 121 0
164 121 0
166 121 0
166 122 0
165 125 0
166 125 0
161 126 0
162 126 0
163 126 0
164 126 0
165 126 0
166 126 0
161 127 0
162 127 0
163 127 0
164 127 0
165 127 0
166 127 0
167 127 0
160 128 0
161 128 0
162 128 0
163 128 0
164 128 0
165 128 0
195 128 0
212 128 0
156 129 0
160 129 0
161 129 0
163 129 0
196 129 0
157 130 0
189 130 0
206 130 0
143 131 0
144 131 0
145 131 0
146 131 0
184 131 0
185 131 0
192 131 0
140 132 0
141 132 0
142 132 0
143 132 0
144 132 0
174 132 0
139 133 0
142 133 0
143 133 0
168 133 0
169 133 0
170 133 0
173 133 0
137 134 0
138 134 0
139 134 0
140 134 0
172 134 0
214 134 0
294 134 0
125 135 0
127 135 0
133 135 0
134 135 0
135 135 0
138 135 0
150 135 0
160 135 0
169 135 0
124 136 0
126 136 0
127 136 0
128 136 0
129 136 0
130 136 0
131 136 0
132 136 0
146 136 0
165 136 0
210 136 0
124 137 0
125 137 0
126 137 0
127 137 0
128 137 0
129 137 0
130 137 0
161 137 0
166 137 0
167 137 0
168 137 0
169 137 0
123 138 0
124 138 0
125 138 0
126 138 0
127 138 0
128 138 0
129 138 0
154 138 0
156 138 0
158 138 0
160 138 0
161 138 0
162 138 0
164 138 0
166 138 0
167 138 0
168 138 0
170 138 0
124 139 0
125 139 0
126 139 0
149 139 0
150 139 0
151 139 0
154 139 0
155 139 0
157 139 0
158 139 0
160 139 0
161 139 0
162 139 0
163 139 0
164 139 0
165 139 0
166 139 0
123 140 0
124 140 0
125 140 0
140 140 0
141 140 0
148 140 0
151 140 0
153 140 0
154 140 0
156 140 0
157 140 0
158 140 0
159 140 0
160 140 0
161 140 0
162 140 0
163 140 0
164 140 0
170 140 0
144 141 0
147 141 0
151 141 0
152 141 0
153 141 0
154 141 0
155 141 0
156 141 0
157 141 0
158 141 0
159 141 0
160 141 0
161 141 0
166 141 0
167 141 0
169 141 0
170 141 0
171 141 0
172 141 0
222 141 0
133 142 0
134 142 0
135 142 0
136 142 0
144 142 0
145 142 0
146 142 0
147 142 0
148 142 0
149 142 0
150 142 0
151 142 0
152 142 0
153 142 0
154 142 0
155 142 0
156 142 0
157 142 0
163 142 0
165 142 0
166 142 0
167 142 0
168 142 0
169 142 0
170 142 0
231 142 0
232 142 0
129 143 0
130 143 0
132 143 0
134 143 0
135 143 0
136 143 0
137 143 0
138 143 0
139 143 0
140 143 0
141 143 0
142 143 0
143 143 0
144 143 0
145 143 0
146 143 0
147 143 0
148 143 0
149 143 0
150 143 0
151 143 0
152 143 0
153 143 0
154 143 0
160 143 0
161 143 0
162 143 0
163 143 0
164 143 0
165 143 0
166 143 0
167 143 0
168 143 0
181 143 0
232 143 0
233 143 0
240 143 0
125 144 0
130 144 0
133 144 0
134 144 0
135 144 0
136 144 0
137 144 0
138 144 0
139 144 0
140 144 0
141 144 0
142 144 0
143 144 0
144 144 0
145 144 0
146 144 0
147 144 0
148 144 0
149 144 0
150 144 0
158 144 0
159 144 0
160 144 0
161 144 0
162 144 0
163 144 0
164 144 0
231 144 0
232 144 0
233 144 0
234 144 0
235 144 0
238 144 0
244 144 0
131 145 0
132 145 0
133 145 0
134 145 0
135 145 0
136 145 0
137 145 0
138 145 0
139 145 0
140 145 0
141 145 0
142 145 0
143 145 0
144 145 0
145 145 0
146 145 0
154 145 0
155 145 0
156 145 0
157 145 0
158 145 0
159 145 0
160 145 0
161 145 0
162 145 0
174 145 0
179 145 0
223 145 0
232 145 0
233 145 0
234 145 0
235 145 0
236 145 0
237 145 0
239 145 0
240 145 0
241 145 0
242 145 0
247 145 0
124 146 0
125 146 0
133 146 0
134 146 0
135 146 0
136 146 0
137 146 0
138 146 0
139 146 0
140 146 0
153 146 0
154 146 0
155 146 0
156 146 0
157 146 0
158 146 0
159 146 0
160 146 0
214 146 0
215 146 0
233 146 0
234 146 0
235 146 0
236 146 0
237 146 0
238 146 0
239 146 0
240 146 0
241 146 0
242 146 0
243 146 0
245 146 0
247 146 0
248 146 0
249 146 0
124 147 0
130 147 0
131 147 0
134 147 0
149 147 0
150 147 0
151 147 0
152 147 0
153 147 0
154 147 0
155 147 0
156 147 0
157 147 0
213 147 0
217 147 0
218 147 0
219 147 0
220 147 0
221 147 0
236 147 0
237 147 0
238 147 0
239 147 0
241 147 0
243 147 0
244 147 0
246 147 0
249 147 0
261 147 0
126 148 0
127 148 0
128 148 0
129 148 0
130 148 0
146 148 0
147 148 0
149 148 0
150 148 0
151 148 0
152 148 0
153 148 0
154 148 0
155 148 0
175 148 0
176 148 0
177 148 0
178 148 0
215 148 0
217 148 0
224 148 0
244 148 0
247 148 0
249 148 0
126 149 0
127 149 0
128 149 0
129 149 0
130 149 0
131 149 0
146 149 0
147 149 0
148 149 0
149 149 0
150 149 0
151 149 0
152 149 0
153 149 0
154 149 0
163 149 0
169 149 0
173 149 0
174 149 0
176 149 0
177 149 0
178 149 0
180 149 0
206 149 0
208 149 0
247 149 0
251 149 0
127 150 0
141 150 0
142 150 0
143 150 0
144 150 0
145 150 0
146 150 0
147 150 0
148 150 0
149 150 0
150 150 0
151 150 0
152 150 0
172 150 0
173 150 0
174 150 0
175 150 0
176 150 0
177 150 0
178 150 0
179 150 0
205 150 0
206 150 0
208 150 0
210 150 0
248 150 0
249 150 0
250 150 0
254 150 0
277 150 0
278 150 0
140 151 0
141 151 0
142 151 0
143 151 0
144 151 0
145 151 0
146 151 0
147 151 0
148 151 0
172 151 0
173 151 0
174 151 0
175 151 0
176 151 0
177 151 0
178 151 0
181 151 0
183 151 0
201 151 0
253 151 0
254 151 0
256 151 0
257 151 0
263 151 0
138 152 0
139 152 0
140 152 0
141 152 0
142 152 0
143 152 0
144 152 0
145 152 0
156 152 0
172 152 0
173 152 0
174 152 0
175 152 0
176 152 0
177 152 0
182 152 0
185 152 0
254 152 0
257 152 0
258 152 0
259 152 0
138 153 0
139 153 0
140 153 0
141 153 0
142 153 0
153 153 0
154 153 0
155 153 0
172 153 0
173 153 0
174 153 0
175 153 0
183 153 0
191 153 0
200 153 0
202 153 0
259 153 0
260 153 0
261 153 0
298 153 0
138 154 0
139 154 0
153 154 0
154 154 0
167 154 0
168 154 0
209 154 0
210 154 0
211 154 0
212 154 0
213 154 0
261 154 0
263 154 0
269 154 0
270 154 0
134 155 0
150 155 0
151 155 0
152 155 0
156 155 0
166 155 0
167 155 0
168 155 0
169 155 0
207 155 0
208 155 0
209 155 0
211 155 0
262 155 0
264 155 0
265 155 0
266 155 0
267 155 0
271 155 0
272 155 0
145 156 0
146 156 0
147 156 0
148 156 0
149 156 0
150 156 0
161 156 0
162 156 0
163 156 0
164 156 0
165 156 0
166 156 0
167 156 0
177 156 0
205 156 0
206 156 0
207 156 0
208 156 0
209 156 0
210 156 0
211 156 0
212 156 0
213 156 0
268 156 0
269 156 0
270 156 0
271 156 0
272 156 0
144 157 0
145 157 0
149 157 0
158 157 0
159 157 0
160 157 0
161 157 0
162 157 0
163 157 0
164 157 0
165 157 0
173 157 0
177 157 0
187 157 0
203 157 0
204 157 0
205 157 0
206 157 0
207 157 0
208 157 0
270 157 0
271 157 0
272 157 0
273 157 0
140 158 0
141 158 0
142 158 0
143 158 0
144 158 0
145 158 0
146 158 0
147 158 0
148 158 0
157 158 0
158 158 0
160 158 0
161 158 0
162 158 0
163 158 0
175 158 0
176 158 0
177 158 0
178 158 0
188 158 0
200 158 0
201 158 0
202 158 0
203 158 0
204 158 0
205 158 0
206 158 0
282 158 0
139 159 0
140 159 0
141 159 0
142 159 0
143 159 0
144 159 0
145 159 0
146 159 0
147 159 0
157 159 0
158 159 0
159 159 0
173 159 0
174 159 0
175 159 0
176 159 0
177 159 0
197 159 0
198 159 0
199 159 0
200 159 0
283 159 0
288 159 0
139 160 0
140 160 0
141 160 0
142 160 0
143 160 0
144 160 0
145 160 0
146 160 0
147 160 0
155 160 0
156 160 0
172 160 0
173 160 0
174 160 0
175 160 0
176 160 0
185 160 0
194 160 0
195 160 0
196 160 0
197 160 0
198 160 0
199 160 0
200 160 0
290 160 0
139 161 0
140 161 0
141 161 0
142 161 0
143 161 0
144 161 0
145 161 0
146 161 0
171 161 0
172 161 0
173 161 0
174 161 0
175 161 0
184 161 0
186 161 0
192 161 0
193 161 0
194 161 0
195 161 0
196 161 0
197 161 0
284 161 0
285 161 0
288 161 0
140 162 0
141 162 0
142 162 0
143 162 0
144 162 0
145 162 0
171 162 0
172 162 0
173 162 0
174 162 0
181 162 0
182 162 0
185 162 0
191 162 0
193 162 0
292 162 0
296 162 0
137 163 0
140 163 0
141 163 0
142 163 0
143 163 0
144 163 0
170 163 0
171 163 0
172 163 0
173 163 0
189 163 0
190 163 0
191 163 0
293 163 0
294 163 0
135 164 0
136 164 0
137 164 0
138 164 0
168 164 0
169 164 0
170 164 0
171 164 0
172 164 0
186 164 0
187 164 0
188 164 0
189 164 0
190 164 0
295 164 0
296 164 0
137 165 0
167 165 0
168 165 0
169 165 0
170 165 0
180 165 0
187 165 0
188 165 0
166 166 0
167 166 0
168 166 0
169 166 0
170 166 0
178 166 0
185 166 0
304 166 0
305 166 0
306 166 0
307 166 0
308 166 0
309 166 0
320 166 0
165 167 0
166 167 0
167 167 0
168 167 0
169 167 0
177 167 0
183 167 0
185 167 0
186 167 0
311 167 0
163 168 0
164 168 0
165 168 0
166 168 0
167 168 0
168 168 0
176 168 0
182 168 0
183 168 0
184 168 0
162 169 0
163 169 0
164 169 0
165 169 0
166 169 0
172 169 0
174 169 0
175 169 0
182 169 0
317 169 0
318 169 0
324 169 0
160 170 0
161 170 0
162 170 0
163 170 0
164 170 0
165 170 0
173 170 0
179 170 0
329 170 0
333 170 0
160 171 0
161 171 0
162 171 0
163 171 0
168 171 0
169 171 0
171 171 0
172 171 0
173 171 0
174 171 0
158 172 0
159 172 0
160 172 0
161 172 0
162 172 0
170 172 0
171 172 0
172 172 0
173 172 0
341 172 0
158 173 0
159 173 0
160 173 0
169 173 0
171 173 0
172 173 0
158 174 0
165 174 0
166 174 0
167 174 0
168 174 0
169 174 0
170 174 0
171 174 0
163 175 0
165 175 0
166 175 0
167 175 0
168 175 0
169 175 0
170 175 0
164 176 0
165 176 0
166 176 0
167 176 0
168 176 0
169 176 0
170 176 0
160 177 0
161 177 0
162 177 0
163 177 0
164 177 0
165 177 0
166 177 0
167 177 0
168 177 0
169 177 0
161 178 0
162 178 0
163 178 0
164 178 0
165 178 0
166 178 0
167 178 0
168 178 0
162 179 0
163 179 0
164 179 0
165 179 0
166 179 0
163 180 0
164 180 0
262 2 1
263 2 1
264 2 1
264 3 1
265 3 1
264 5 1
265 5 1
264 6 1
264 7 1
206 8 1
265 9 1
211 11 1
212 11 1
211 12 1
212 12 1
213 12 1
265 12 1
211 13 1
212 13 1
213 13 1
214 13 1
215 13 1
199 14 1
200 14 1
213 14 1
214 14 1
215 14 1
216 14 1
200 15 1
201 15 1
214 15 1
215 15 1
216 15 1
217 15 1
218 15 1
265 15 1
200 16 1
201 16 1
216 16 1
217 16 1
218 16 1
219 16 1
202 17 1
217 17 1
218 17 1
219 17 1
254 17 1
202 18 1
203 18 1
218 18 1
219 18 1
203 19 1
204 19 1
221 19 1
204 20 1
221 20 1
222 20 1
223 20 1
222 21 1
223 21 1
224 21 1
225 21 1
188 22 1
190 22 1
223 22 1
224 22 1
225 22 1
190 23 1
191 23 1
192 23 1
210 23 1
211 23 1
212 23 1
223 23 1
224 23 1
225 23 1
226 23 1
210 24 1
211 24 1
212 24 1
225 24 1
210 25 1
211 25 1
212 25 1
213 25 1
211 26 1
212 26 1
213 26 1
266 26 1
198 27 1
211 27 1
212 27 1
215 27 1
229 27 1
183 28 1
184 28 1
199 28 1
200 28 1
216 28 1
230 28 1
184 29 1
185 29 1
186 29 1
215 29 1
216 29 1
217 29 1
268 29 1
186 30 1
187 30 1
215 30 1
216 30 1
217 30 1
218 30 1
187 31 1
189 31 1
217 31 1
218 31 1
219 31 1
220 31 1
187 32 1
188 32 1
189 32 1
190 32 1
217 32 1
218 32 1
219 32 1
220 32 1
221 32 1
189 33 1
190 33 1
209 33 1
219 33 1
220 33 1
221 33 1
222 33 1
191 34 1
208 34 1
209 34 1
211 34 1
212 34 1
220 34 1
221 34 1
222 34 1
211 35 1
212 35 1
213 35 1
214 35 1
220 35 1
221 35 1
222 35 1
211 36 1
212 36 1
213 36 1
214 36 1
215 36 1
216 36 1
221 36 1
222 36 1
223 36 1
213 37 1
214 37 1
215 37 1
216 37 1
217 37 1
218 37 1
221 37 1
222 37 1
223 37 1
197 38 1
198 38 1
199 38 1
214 38 1
215 38 1
216 38 1
217 38 1
218 38 1
219 38 1
195 39 1
196 39 1
199 39 1
200 39 1
201 39 1
216 39 1
217 39 1
218 39 1
219 39 1
220 39 1
194 40 1
195 40 1
196 40 1
197 40 1
200 40 1
201 40 1
202 40 1
204 40 1
217 40 1
218 40 1
219 40 1
220 40 1
194 41 1
195 41 1
196 41 1
197 41 1
198 41 1
199 41 1
202 41 1
203 41 1
205 41 1
184 42 1
197 42 1
198 42 1
199 42 1
200 42 1
185 43 1
199 43 1
200 43 1
201 43 1
202 43 1
205 43 1
186 44 1
201 44 1
202 44 1
203 44 1
189 45 1
190 45 1
191 45 1
202 45 1
203 45 1
204 45 1
205 45 1
190 46 1
191 46 1
192 46 1
203 46 1
205 46 1
206 46 1
208 46 1
271 46 1
272 46 1
273 46 1
191 47 1
192 47 1
193 47 1
194 47 1
207 47 1
209 47 1
272 47 1
273 47 1
193 48 1
194 48 1
195 48 1
196 48 1
211 48 1
272 48 1
273 48 1
193 49 1
194 49 1
195 49 1
196 49 1
197 49 1
212 49 1
213 49 1
273 49 1
274 49 1
197 50 1
198 50 1
199 50 1
213 50 1
272 50 1
273 50 1
196 51 1
197 51 1
198 51 1
199 51 1
200 51 1
273 51 1
274 51 1
198 52 1
199 52 1
200 52 1
201 52 1
274 52 1
192 53 1
198 53 1
199 53 1
200 53 1
201 53 1
202 53 1
204 53 1
273 53 1
274 53 1
200 54 1
201 54 1
202 54 1
203 54 1
204 54 1
273 54 1
274 54 1
195 55 1
201 55 1
203 55 1
204 55 1
205 55 1
206 55 1
207 55 1
274 55 1
196 56 1
203 56 1
204 56 1
205 56 1
206 56 1
207 56 1
208 56 1
213 56 1
204 57 1
205 57 1
206 57 1
207 57 1
208 57 1
209 57 1
212 57 1
213 57 1
205 58 1
206 58 1
207 58 1
208 58 1
209 58 1
210 58 1
211 58 1
213 58 1
207 59 1
208 59 1
209 59 1
210 59 1
211 59 1
212 59 1
213 59 1
214 59 1
189 60 1
192 60 1
193 60 1
194 60 1
195 60 1
209 60 1
210 60 1
211 60 1
212 60 1
213 60 1
214 60 1
192 61 1
193 61 1
194 61 1
195 61 1
196 61 1
197 61 1
198 61 1
199 61 1
200 61 1
201 61 1
202 61 1
203 61 1
204 61 1
212 61 1
213 61 1
194 62 1
196 62 1
197 62 1
198 62 1
199 62 1
200 62 1
201 62 1
202 62 1
203 62 1
204 62 1
205 62 1
206 62 1
207 62 1
208 62 1
209 62 1
210 62 1
200 63 1
201 63 1
202 63 1
203 63 1
204 63 1
205 63 1
206 63 1
207 63 1
208 63 1
209 63 1
210 63 1
211 63 1
212 63 1
203 64 1
204 64 1
205 64 1
206 64 1
208 64 1
209 64 1
210 64 1
211 64 1
212 64 1
210 65 1
189 66 1
190 66 1
191 66 1
192 66 1
190 67 1
191 67 1
192 67 1
193 67 1
194 67 1
195 67 1
196 67 1
191 68 1
192 68 1
193 68 1
194 68 1
195 68 1
196 68 1
197 68 1
199 68 1
193 69 1
194 69 1
196 69 1
197 69 1
198 69 1
199 69 1
200 69 1
201 69 1
203 69 1
197 70 1
198 70 1
199 70 1
200 70 1
201 70 1
202 70 1
200 71 1
201 71 1
202 71 1
203 71 1
207 71 1
210 71 1
216 71 1
279 71 1
204 72 1
208 72 1
210 72 1
211 72 1
212 72 1
215 72 1
211 73 1
212 73 1
213 73 1
214 73 1
215 73 1
216 73 1
211 74 1
212 74 1
213 74 1
215 74 1
216 74 1
217 74 1
218 74 1
221 74 1
284 74 1
213 75 1
216 75 1
217 75 1
218 75 1
220 75 1
223 75 1
226 75 1
214 76 1
226 76 1
285 76 1
222 77 1
224 77 1
226 77 1
286 77 1
224 78 1
225 78 1
226 78 1
227 78 1
229 78 1
223 79 1
224 79 1
225 79 1
226 79 1
227 79 1
229 79 1
289 79 1
223 80 1
224 80 1
225 80 1
226 80 1
227 80 1
228 80 1
229 80 1
230 80 1
239 80 1
290 80 1
225 81 1
226 81 1
227 81 1
228 81 1
229 81 1
230 81 1
231 81 1
233 81 1
291 81 1
228 82 1
229 82 1
230 82 1
231 82 1
232 82 1
235 82 1
292 82 1
217 83 1
231 83 1
232 83 1
234 83 1
235 83 1
236 83 1
237 83 1
234 84 1
235 84 1
236 84 1
237 84 1
239 84 1
240 84 1
244 84 1
295 84 1
235 85 1
236 85 1
237 85 1
238 85 1
296 85 1
240 86 1
224 87 1
225 87 1
241 87 1
243 87 1
244 87 1
244 88 1
246 88 1
262 88 1
227 89 1
261 89 1
262 89 1
300 89 1
261 90 1
301 90 1
232 91 1
235 91 1
236 91 1
302 91 1
302 92 1
303 92 1
304 92 1
234 93 1
235 93 1
304 94 1
306 94 1
255 95 1
256 95 1
257 96 1
245 97 1
307 97 1
310 99 1
311 99 1
262 100 1
263 102 1
341 35 2
342 35 2
343 35 2
332 36 2
333 36 2
334 36 2
335 36 2
336 36 2
337 36 2
338 36 2
339 36 2
340 36 2
341 36 2
327 37 2
328 37 2
329 37 2
330 37 2
331 37 2
332 37 2
339 103 2
331 104 2
337 104 2
338 104 2
339 104 2
342 104 2
329 105 2
330 105 2
331 105 2
337 105 2
338 105 2
331 106 2
332 106 2
335 106 2
337 106 2
315 107 2
325 107 2
326 107 2
319 108 2
321 108 2
