176 76 0
178 76 0
179 76 0
180 76 0
177 77 0
178 77 0
179 77 0
180 77 0
181 77 0
182 77 0
176 78 0
178 78 0
180 78 0
181 78 0
182 78 0
183 78 0
184 78 0
182 79 0
183 79 0
183 80 0
184 80 0
185 80 0
185 81 0
186 81 0
187 81 0
188 81 0
184 82 0
185 82 0
186 82 0
187 82 0
188 82 0
176 83 0
186 83 0
187 83 0
188 83 0
175 84 0
178 84 0
188 84 0
189 84 0
190 84 0
176 85 0
177 85 0
190 85 0
192 85 0
176 86 0
191 86 0
192 86 0
176 87 0
177 87 0
193 87 0
194 87 0
176 88 0
177 88 0
178 88 0
194 88 0
197 88 0
176 89 0
177 89 0
178 89 0
179 89 0
195 89 0
196 89 0
196 90 0
197 91 0
198 91 0
179 92 0
199 92 0
200 92 0
179 93 0
180 93 0
201 93 0
202 93 0
180 94 0
181 94 0
181 95 0
182 95 0
204 95 0
206 95 0
207 95 0
208 95 0
209 95 0
182 96 0
183 96 0
184 96 0
205 96 0
206 96 0
207 96 0
208 96 0
209 96 0
210 96 0
183 97 0
184 97 0
185 97 0
207 97 0
208 97 0
209 97 0
210 97 0
212 97 0
184 98 0
185 98 0
186 98 0
208 98 0
209 98 0
210 98 0
211 98 0
185 99 0
186 99 0
209 99 0
210 99 0
211 99 0
212 99 0
186 100 0
187 100 0
188 100 0
211 100 0
212 100 0
213 100 0
188 101 0
189 101 0
210 101 0
211 101 0
212 101 0
213 101 0
214 101 0
215 101 0
189 102 0
190 102 0
214 102 0
215 102 0
216 102 0
189 103 0
190 103 0
191 103 0
213 103 0
214 103 0
215 103 0
190 104 0
191 104 0
215 104 0
216 104 0
191 105 0
192 105 0
213 105 0
284 110 0
285 112 0
190 114 0
191 114 0
227 114 0
234 114 0
189 115 0
190 115 0
233 115 0
234 115 0
237 115 0
286 115 0
188 116 0
189 116 0
190 116 0
232 116 0
233 116 0
248 116 0
284 116 0
285 116 0
286 116 0
187 117 0
188 117 0
189 117 0
190 117 0
232 117 0
238 117 0
239 117 0
243 117 0
246 117 0
249 117 0
250 117 0
251 117 0
252 117 0
263 117 0
270 117 0
271 117 0
275 117 0
276 117 0
279 117 0
280 117 0
281 117 0
282 117 0
283 117 0
284 117 0
285 117 0
286 117 0
186 118 0
187 118 0
230 118 0
231 118 0
236 118 0
237 118 0
238 118 0
239 118 0
240 118 0
241 118 0
242 118 0
244 118 0
246 118 0
247 118 0
248 118 0
249 118 0
250 118 0
251 118 0
253 118 0
254 118 0
255 118 0
256 118 0
257 118 0
258 118 0
259 118 0
260 118 0
261 118 0
262 118 0
264 118 0
265 118 0
267 118 0
268 118 0
269 118 0
270 118 0
271 118 0
272 118 0
273 118 0
275 118 0
276 118 0
277 118 0
278 118 0
279 118 0
280 118 0
281 118 0
282 118 0
283 118 0
284 118 0
285 118 0
286 118 0
287 118 0
288 118 0
289 118 0
183 119 0
186 119 0
227 119 0
229 119 0
230 119 0
234 119 0
235 119 0
236 119 0
237 119 0
238 119 0
239 119 0
240 119 0
246 119 0
247 119 0
249 119 0
251 119 0
252 119 0
253 119 0
255 119 0
256 119 0
257 119 0
259 119 0
260 119 0
262 119 0
264 119 0
266 119 0
268 119 0
269 119 0
270 119 0
273 119 0
275 119 0
277 119 0
279 119 0
280 119 0
281 119 0
282 119 0
284 119 0
285 119 0
286 119 0
228 120 0
229 120 0
230 120 0
234 120 0
235 120 0
236 120 0
273 120 0
155 121 0
167 121 0
183 121 0
227 121 0
228 121 0
229 121 0
232 121 0
233 121 0
234 121 0
182 122 0
227 122 0
228 122 0
232 122 0
233 122 0
234 122 0
162 123 0
163 123 0
164 123 0
165 123 0
166 123 0
167 123 0
168 123 0
169 123 0
170 123 0
171 123 0
172 123 0
227 123 0
139 124 0
140 124 0
146 124 0
147 124 0
149 124 0
150 124 0
151 124 0
152 124 0
162 124 0
163 124 0
164 124 0
165 124 0
166 124 0
167 124 0
168 124 0
169 124 0
170 124 0
171 124 0
172 124 0
173 124 0
138 125 0
140 125 0
141 125 0
142 125 0
143 125 0
144 125 0
145 125 0
146 125 0
147 125 0
148 125 0
149 125 0
150 125 0
153 125 0
161 125 0
162 125 0
163 125 0
164 125 0
165 125 0
166 125 0
167 125 0
168 125 0
169 125 0
170 125 0
171 125 0
226 125 0
227 125 0
135 126 0
136 126 0
137 126 0
138 126 0
139 126 0
140 126 0
141 126 0
142 126 0
143 126 0
144 126 0
145 126 0
162 126 0
163 126 0
164 126 0
166 126 0
168 126 0
126 127 0
127 127 0
128 127 0
130 127 0
133 127 0
134 127 0
135 127 0
136 127 0
137 127 0
138 127 0
139 127 0
140 127 0
141 127 0
126 128 0
127 128 0
128 128 0
129 128 0
130 128 0
226 128 0
124 129 0
125 129 0
126 129 0
127 129 0
128 129 0
123 130 0
124 130 0
125 130 0
126 130 0
127 130 0
169 130 0
124 131 0
128 133 0
138 133 0
139 133 0
141 133 0
142 133 0
143 133 0
144 133 0
145 133 0
160 133 0
124 134 0
125 134 0
126 134 0
127 134 0
131 134 0
132 134 0
153 134 0
156 134 0
158 134 0
159 134 0
161 134 0
162 134 0
163 134 0
167 134 0
123 135 0
124 135 0
125 135 0
126 135 0
127 135 0
128 135 0
129 135 0
133 135 0
138 135 0
153 135 0
154 135 0
155 135 0
156 135 0
157 135 0
158 135 0
159 135 0
160 135 0
163 135 0
165 135 0
124 136 0
125 136 0
126 136 0
127 136 0
128 136 0
129 136 0
130 136 0
152 136 0
153 136 0
154 136 0
155 136 0
156 136 0
157 136 0
158 136 0
159 136 0
160 136 0
161 136 0
162 136 0
163 136 0
164 136 0
165 136 0
166 136 0
124 137 0
125 137 0
126 137 0
127 137 0
128 137 0
129 137 0
130 137 0
131 137 0
132 137 0
133 137 0
143 137 0
145 137 0
146 137 0
151 137 0
152 137 0
153 137 0
154 137 0
155 137 0
156 137 0
157 137 0
158 137 0
159 137 0
160 137 0
161 137 0
162 137 0
163 137 0
164 137 0
165 137 0
126 138 0
127 138 0
128 138 0
129 138 0
130 138 0
131 138 0
132 138 0
133 138 0
147 138 0
148 138 0
149 138 0
150 138 0
151 138 0
152 138 0
153 138 0
154 138 0
155 138 0
156 138 0
157 138 0
158 138 0
159 138 0
160 138 0
161 138 0
162 138 0
163 138 0
164 138 0
165 138 0
166 138 0
127 139 0
165 139 0
160 142 0
163 142 0
164 142 0
165 142 0
166 142 0
167 142 0
168 142 0
160 143 0
161 143 0
162 143 0
163 143 0
164 143 0
165 143 0
166 143 0
167 143 0
155 144 0
156 144 0
157 144 0
158 144 0
159 144 0
160 144 0
161 144 0
162 144 0
163 144 0
164 144 0
165 144 0
166 144 0
147 145 0
148 145 0
152 145 0
153 145 0
154 145 0
155 145 0
156 145 0
157 145 0
158 145 0
159 145 0
160 145 0
161 145 0
162 145 0
163 145 0
164 145 0
193 145 0
146 146 0
147 146 0
150 146 0
151 146 0
152 146 0
153 146 0
154 146 0
155 146 0
156 146 0
157 146 0
158 146 0
159 146 0
160 146 0
201 146 0
144 147 0
145 147 0
146 147 0
147 147 0
148 147 0
149 147 0
150 147 0
151 147 0
152 147 0
153 147 0
154 147 0
155 147 0
156 147 0
157 147 0
158 147 0
173 147 0
185 147 0
142 148 0
143 148 0
144 148 0
145 148 0
146 148 0
147 148 0
148 148 0
149 148 0
150 148 0
151 148 0
152 148 0
153 148 0
154 148 0
139 149 0
140 149 0
141 149 0
142 149 0
143 149 0
144 149 0
145 149 0
146 149 0
147 149 0
148 149 0
149 149 0
170 149 0
139 150 0
140 150 0
141 150 0
142 150 0
143 150 0
144 150 0
145 150 0
146 150 0
171 150 0
138 151 0
139 151 0
140 151 0
141 151 0
142 151 0
143 151 0
144 151 0
166 151 0
137 152 0
138 152 0
139 152 0
140 152 0
141 152 0
152 152 0
137 153 0
138 153 0
139 153 0
168 155 0
170 155 0
127 156 0
128 156 0
164 156 0
165 156 0
166 156 0
167 156 0
168 156 0
236 156 0
238 156 0
239 156 0
125 157 0
126 157 0
160 157 0
161 157 0
163 157 0
164 157 0
172 157 0
231 157 0
232 157 0
233 157 0
234 157 0
235 157 0
236 157 0
237 157 0
238 157 0
240 157 0
241 157 0
246 157 0
248 157 0
249 157 0
135 158 0
143 158 0
144 158 0
160 158 0
161 158 0
162 158 0
231 158 0
232 158 0
233 158 0
234 158 0
235 158 0
236 158 0
237 158 0
238 158 0
239 158 0
240 158 0
242 158 0
243 158 0
244 158 0
247 158 0
139 159 0
142 159 0
145 159 0
146 159 0
157 159 0
158 159 0
159 159 0
233 159 0
234 159 0
235 159 0
236 159 0
237 159 0
238 159 0
239 159 0
240 159 0
241 159 0
242 159 0
243 159 0
244 159 0
245 159 0
246 159 0
247 159 0
248 159 0
249 159 0
250 159 0
130 160 0
140 160 0
141 160 0
142 160 0
143 160 0
144 160 0
145 160 0
146 160 0
156 160 0
183 160 0
234 160 0
235 160 0
236 160 0
237 160 0
238 160 0
239 160 0
240 160 0
241 160 0
242 160 0
243 160 0
244 160 0
245 160 0
246 160 0
247 160 0
248 160 0
250 160 0
251 160 0
252 160 0
256 160 0
129 161 0
131 161 0
139 161 0
140 161 0
141 161 0
142 161 0
143 161 0
144 161 0
145 161 0
146 161 0
216 161 0
217 161 0
218 161 0
240 161 0
241 161 0
242 161 0
243 161 0
244 161 0
245 161 0
246 161 0
247 161 0
248 161 0
249 161 0
252 161 0
253 161 0
258 161 0
310 161 0
140 162 0
141 162 0
142 162 0
143 162 0
144 162 0
145 162 0
146 162 0
175 162 0
177 162 0
213 162 0
245 162 0
246 162 0
248 162 0
249 162 0
250 162 0
251 162 0
254 162 0
274 162 0
128 163 0
137 163 0
140 163 0
141 163 0
142 163 0
143 163 0
144 163 0
171 163 0
174 163 0
180 163 0
209 163 0
211 163 0
212 163 0
248 163 0
249 163 0
250 163 0
253 163 0
254 163 0
255 163 0
256 163 0
258 163 0
135 164 0
136 164 0
137 164 0
138 164 0
141 164 0
153 164 0
154 164 0
168 164 0
173 164 0
175 164 0
210 164 0
253 164 0
259 164 0
260 164 0
290 164 0
132 165 0
133 165 0
134 165 0
135 165 0
136 165 0
137 165 0
150 165 0
151 165 0
152 165 0
153 165 0
154 165 0
155 165 0
164 165 0
174 165 0
175 165 0
221 165 0
222 165 0
261 165 0
266 165 0
270 165 0
124 166 0
129 166 0
130 166 0
131 166 0
132 166 0
133 166 0
134 166 0
135 166 0
148 166 0
149 166 0
150 166 0
151 166 0
152 166 0
153 166 0
154 166 0
172 166 0
173 166 0
174 166 0
183 166 0
207 166 0
208 166 0
220 166 0
221 166 0
222 166 0
264 166 0
268 166 0
269 166 0
272 166 0
130 167 0
131 167 0
132 167 0
133 167 0
145 167 0
146 167 0
147 167 0
148 167 0
149 167 0
150 167 0
151 167 0
152 167 0
153 167 0
167 167 0
168 167 0
170 167 0
171 167 0
172 167 0
173 167 0
180 167 0
186 167 0
206 167 0
219 167 0
220 167 0
221 167 0
266 167 0
267 167 0
268 167 0
281 167 0
129 168 0
141 168 0
142 168 0
143 168 0
144 168 0
145 168 0
146 168 0
147 168 0
148 168 0
149 168 0
150 168 0
165 168 0
169 168 0
171 168 0
172 168 0
173 168 0
184 168 0
185 168 0
197 168 0
212 168 0
213 168 0
214 168 0
215 168 0
216 168 0
217 168 0
218 168 0
270 168 0
141 169 0
142 169 0
143 169 0
144 169 0
145 169 0
146 169 0
147 169 0
148 169 0
166 169 0
167 169 0
168 169 0
169 169 0
170 169 0
171 169 0
172 169 0
182 169 0
183 169 0
193 169 0
202 169 0
213 169 0
214 169 0
215 169 0
279 169 0
284 169 0
141 170 0
142 170 0
143 170 0
144 170 0
145 170 0
162 170 0
163 170 0
164 170 0
165 170 0
166 170 0
167 170 0
168 170 0
169 170 0
170 170 0
171 170 0
172 170 0
183 170 0
208 170 0
209 170 0
210 170 0
211 170 0
212 170 0
213 170 0
214 170 0
141 171 0
142 171 0
143 171 0
144 171 0
153 171 0
154 171 0
159 171 0
160 171 0
161 171 0
162 171 0
163 171 0
164 171 0
165 171 0
166 171 0
167 171 0
168 171 0
169 171 0
170 171 0
171 171 0
205 171 0
207 171 0
208 171 0
209 171 0
210 171 0
290 171 0
295 171 0
135 172 0
136 172 0
138 172 0
151 172 0
152 172 0
155 172 0
156 172 0
157 172 0
158 172 0
159 172 0
160 172 0
161 172 0
162 172 0
163 172 0
164 172 0
165 172 0
166 172 0
167 172 0
168 172 0
169 172 0
170 172 0
192 172 0
204 172 0
205 172 0
206 172 0
207 172 0
208 172 0
289 172 0
291 172 0
297 172 0
151 173 0
154 173 0
155 173 0
156 173 0
157 173 0
158 173 0
159 173 0
160 173 0
161 173 0
162 173 0
163 173 0
164 173 0
165 173 0
166 173 0
167 173 0
168 173 0
180 173 0
191 173 0
202 173 0
203 173 0
204 173 0
205 173 0
156 174 0
157 174 0
158 174 0
159 174 0
160 174 0
161 174 0
162 174 0
163 174 0
164 174 0
178 174 0
179 174 0
187 174 0
199 174 0
200 174 0
201 174 0
202 174 0
203 174 0
204 174 0
296 174 0
156 175 0
157 175 0
158 175 0
159 175 0
160 175 0
161 175 0
162 175 0
176 175 0
177 175 0
178 175 0
185 175 0
197 175 0
199 175 0
200 175 0
201 175 0
302 175 0
307 175 0
143 176 0
154 176 0
155 176 0
156 176 0
157 176 0
158 176 0
159 176 0
175 176 0
176 176 0
177 176 0
185 176 0
189 176 0
198 176 0
139 177 0
140 177 0
141 177 0
151 177 0
152 177 0
153 177 0
154 177 0
155 177 0
172 177 0
173 177 0
174 177 0
175 177 0
176 177 0
188 177 0
189 177 0
147 178 0
148 178 0
149 178 0
150 178 0
151 178 0
152 178 0
153 178 0
154 178 0
173 178 0
174 178 0
175 178 0
181 178 0
184 178 0
185 178 0
186 178 0
188 178 0
146 179 0
147 179 0
148 179 0
149 179 0
150 179 0
151 179 0
171 179 0
172 179 0
173 179 0
174 179 0
180 179 0
182 179 0
183 179 0
184 179 0
185 179 0
186 179 0
187 179 0
135 180 0
143 180 0
144 180 0
145 180 0
146 180 0
147 180 0
148 180 0
149 180 0
171 180 0
172 180 0
173 180 0
174 180 0
184 180 0
185 180 0
186 180 0
136 181 0
139 181 0
140 181 0
141 181 0
142 181 0
143 181 0
144 181 0
145 181 0
146 181 0
170 181 0
171 181 0
172 181 0
173 181 0
178 181 0
181 181 0
182 181 0
183 181 0
184 181 0
136 182 0
138 182 0
139 182 0
140 182 0
141 182 0
142 182 0
143 182 0
144 182 0
169 182 0
170 182 0
171 182 0
172 182 0
180 182 0
181 182 0
182 182 0
183 182 0
184 182 0
185 182 0
139 183 0
169 183 0
171 183 0
172 183 0
177 183 0
180 183 0
181 183 0
182 183 0
183 183 0
177 184 0
178 184 0
179 184 0
180 184 0
181 184 0
182 184 0
176 185 0
177 185 0
178 185 0
179 185 0
180 185 0
181 185 0
182 185 0
174 186 0
175 186 0
176 186 0
177 186 0
178 186 0
179 186 0
180 186 0
181 186 0
176 187 0
177 187 0
178 187 0
179 187 0
180 187 0
173 188 0
178 188 0
167 191 0
175 191 0
176 191 0
177 191 0
172 192 0
173 192 0
175 192 0
176 192 0
171 193 0
172 193 0
174 193 0
169 194 0
170 194 0
168 195 0
169 195 0
167 196 0
168 196 0
169 196 0
164 197 0
165 197 0
191 204 0
265 2 1
276 2 1
265 3 1
275 3 1
276 3 1
276 4 1
212 5 1
213 5 1
265 5 1
212 6 1
213 6 1
214 6 1
276 6 1
212 7 1
213 7 1
214 7 1
215 7 1
213 8 1
214 8 1
215 8 1
216 8 1
230 8 1
231 8 1
276 8 1
214 9 1
215 9 1
216 9 1
217 9 1
218 9 1
232 9 1
265 9 1
277 9 1
199 10 1
200 10 1
214 10 1
215 10 1
216 10 1
217 10 1
218 10 1
219 10 1
232 10 1
276 10 1
202 11 1
216 11 1
217 11 1
218 11 1
219 11 1
220 11 1
202 12 1
203 12 1
218 12 1
219 12 1
220 12 1
221 12 1
204 13 1
205 13 1
218 13 1
219 13 1
220 13 1
221 13 1
206 14 1
219 14 1
220 14 1
221 14 1
222 14 1
223 14 1
236 14 1
265 14 1
276 14 1
277 14 1
208 15 1
219 15 1
220 15 1
221 15 1
276 15 1
194 16 1
210 16 1
211 16 1
223 16 1
277 16 1
194 17 1
210 17 1
211 17 1
212 17 1
225 17 1
226 17 1
277 17 1
195 18 1
196 18 1
197 18 1
211 18 1
212 18 1
213 18 1
214 18 1
227 18 1
241 18 1
277 18 1
196 19 1
197 19 1
211 19 1
212 19 1
213 19 1
214 19 1
215 19 1
224 19 1
227 19 1
277 19 1
278 19 1
197 20 1
198 20 1
212 20 1
213 20 1
214 20 1
215 20 1
216 20 1
225 20 1
226 20 1
277 20 1
278 20 1
198 21 1
199 21 1
200 21 1
213 21 1
214 21 1
215 21 1
216 21 1
217 21 1
225 21 1
226 21 1
278 21 1
279 21 1
200 22 1
215 22 1
216 22 1
217 22 1
218 22 1
231 22 1
277 22 1
278 22 1
279 22 1
217 23 1
218 23 1
219 23 1
220 23 1
232 23 1
279 23 1
218 24 1
219 24 1
220 24 1
221 24 1
222 24 1
208 25 1
219 25 1
220 25 1
221 25 1
222 25 1
223 25 1
228 25 1
280 25 1
221 26 1
222 26 1
223 26 1
224 26 1
225 26 1
280 26 1
222 27 1
223 27 1
224 27 1
225 27 1
226 27 1
227 27 1
223 28 1
224 28 1
225 28 1
226 28 1
210 29 1
280 29 1
193 30 1
213 30 1
280 30 1
208 31 1
195 32 1
208 32 1
209 32 1
210 32 1
195 33 1
210 33 1
216 33 1
210 34 1
211 34 1
212 34 1
215 34 1
200 35 1
201 35 1
213 35 1
214 35 1
222 35 1
197 36 1
201 36 1
202 36 1
203 36 1
213 36 1
215 36 1
201 37 1
202 37 1
203 37 1
204 37 1
217 37 1
224 37 1
201 38 1
202 38 1
203 38 1
204 38 1
205 38 1
219 38 1
220 38 1
202 39 1
203 39 1
204 39 1
205 39 1
206 39 1
220 39 1
203 40 1
204 40 1
205 40 1
206 40 1
207 40 1
222 40 1
204 41 1
205 41 1
206 41 1
207 41 1
208 41 1
280 41 1
206 42 1
207 42 1
208 42 1
209 42 1
207 43 1
208 43 1
209 43 1
210 43 1
211 43 1
212 43 1
213 43 1
281 43 1
208 44 1
209 44 1
210 44 1
211 44 1
212 44 1
209 45 1
210 45 1
211 45 1
212 45 1
213 45 1
214 45 1
216 45 1
211 46 1
212 46 1
218 46 1
211 47 1
216 47 1
217 47 1
220 47 1
221 47 1
195 48 1
196 48 1
197 48 1
198 48 1
199 48 1
200 48 1
201 48 1
202 48 1
219 48 1
221 48 1
197 49 1
198 49 1
199 49 1
200 49 1
201 49 1
202 49 1
203 49 1
204 49 1
213 49 1
200 50 1
201 50 1
202 50 1
203 50 1
204 50 1
205 50 1
206 50 1
207 50 1
208 50 1
209 50 1
214 50 1
219 50 1
220 50 1
221 50 1
201 51 1
203 51 1
204 51 1
205 51 1
206 51 1
207 51 1
208 51 1
209 51 1
210 51 1
215 51 1
216 51 1
205 52 1
206 52 1
207 52 1
208 52 1
209 52 1
215 52 1
216 52 1
217 52 1
218 52 1
210 53 1
217 53 1
218 53 1
219 53 1
267 53 1
197 55 1
198 55 1
200 55 1
196 56 1
197 56 1
198 56 1
199 56 1
200 56 1
201 56 1
202 56 1
203 56 1
199 57 1
200 57 1
201 57 1
202 57 1
203 57 1
204 57 1
206 57 1
201 58 1
202 58 1
203 58 1
204 58 1
205 58 1
206 58 1
207 58 1
202 59 1
203 59 1
204 59 1
205 59 1
206 59 1
207 59 1
208 59 1
209 59 1
210 59 1
283 59 1
203 60 1
204 60 1
205 60 1
206 60 1
207 60 1
208 60 1
209 60 1
210 60 1
211 60 1
212 60 1
213 60 1
214 60 1
205 61 1
206 61 1
208 61 1
209 61 1
210 61 1
211 61 1
213 61 1
214 61 1
215 61 1
211 62 1
213 62 1
215 62 1
216 62 1
217 62 1
284 62 1
285 62 1
214 63 1
215 63 1
216 63 1
217 63 1
218 63 1
219 63 1
220 63 1
221 63 1
222 63 1
224 63 1
285 63 1
220 64 1
221 64 1
222 64 1
223 64 1
286 64 1
221 65 1
222 65 1
223 65 1
224 65 1
287 65 1
205 66 1
222 66 1
223 66 1
224 66 1
225 66 1
226 66 1
224 67 1
225 67 1
226 67 1
227 67 1
287 67 1
288 67 1
210 68 1
213 68 1
228 68 1
229 68 1
230 68 1
231 68 1
289 68 1
230 69 1
231 69 1
232 69 1
240 69 1
290 69 1
291 69 1
230 70 1
231 70 1
232 70 1
233 70 1
234 70 1
291 70 1
231 71 1
232 71 1
233 71 1
234 71 1
236 71 1
224 72 1
232 72 1
233 72 1
234 72 1
235 72 1
236 72 1
237 72 1
238 72 1
228 73 1
236 73 1
238 73 1
239 73 1
240 73 1
241 73 1
229 74 1
238 74 1
239 74 1
240 74 1
241 74 1
245 74 1
237 75 1
238 75 1
239 75 1
240 75 1
240 76 1
241 76 1
242 76 1
243 76 1
297 76 1
298 77 1
230 78 1
245 78 1
299 78 1
231 79 1
246 79 1
234 80 1
250 80 1
251 80 1
301 80 1
230 81 1
255 81 1
302 81 1
302 82 1
257 86 1
260 87 1
262 87 1
307 87 1
261 88 1
262 88 1
262 89 1
263 91 1
265 91 1
267 91 1
308 91 1
265 92 1
266 93 1
267 93 1
267 94 1
267 95 1
269 97 1
270 98 1
271 99 1
327 104 1
333 31 2
334 31 2
335 31 2
334 32 2
335 32 2
336 32 2
337 32 2
338 32 2
339 32 2
338 33 2
339 33 2
340 33 2
341 33 2
342 33 2
343 33 2
343 34 2
339 108 2
342 108 2
329 170 2
313 176 2
305 177 2
315 178 2
315 179 2
322 179 2
329 180 2
330 180 2
338 180 2
326 181 2
330 181 2
331 181 2
341 182 2
342 182 2
