177 83 0
179 83 0
176 84 0
177 84 0
178 84 0
175 85 0
176 85 0
177 85 0
178 85 0
179 85 0
180 85 0
182 85 0
176 86 0
178 86 0
179 86 0
180 86 0
181 86 0
180 87 0
181 87 0
182 87 0
183 89 0
184 89 0
185 90 0
186 90 0
185 91 0
186 91 0
187 91 0
188 91 0
186 92 0
187 92 0
188 92 0
189 92 0
188 93 0
190 93 0
190 94 0
191 94 0
191 95 0
192 95 0
174 96 0
175 96 0
192 96 0
193 96 0
194 96 0
175 97 0
176 97 0
176 98 0
195 98 0
176 99 0
177 99 0
176 100 0
177 100 0
178 100 0
200 100 0
201 100 0
202 100 0
203 100 0
204 100 0
177 101 0
178 101 0
179 101 0
198 101 0
199 101 0
200 101 0
201 101 0
202 101 0
203 101 0
204 101 0
205 101 0
206 101 0
207 101 0
178 102 0
179 102 0
180 102 0
200 102 0
201 102 0
202 102 0
203 102 0
204 102 0
205 102 0
206 102 0
207 102 0
179 103 0
180 103 0
181 103 0
203 103 0
204 103 0
205 103 0
206 103 0
207 103 0
208 103 0
180 104 0
181 104 0
182 104 0
183 104 0
205 104 0
206 104 0
207 104 0
208 104 0
209 104 0
182 105 0
183 105 0
184 105 0
206 105 0
210 105 0
183 106 0
184 106 0
186 106 0
184 107 0
185 107 0
186 107 0
186 108 0
187 108 0
188 108 0
194 108 0
187 109 0
188 109 0
187 110 0
188 110 0
190 111 0
190 112 0
190 114 0
224 119 0
190 120 0
290 120 0
188 121 0
189 121 0
190 121 0
191 121 0
192 121 0
232 121 0
233 121 0
234 121 0
235 121 0
236 121 0
268 121 0
292 121 0
293 121 0
187 122 0
188 122 0
189 122 0
190 122 0
191 122 0
231 122 0
232 122 0
233 122 0
234 122 0
247 122 0
254 122 0
270 122 0
271 122 0
272 122 0
273 122 0
275 122 0
277 122 0
281 122 0
282 122 0
283 122 0
284 122 0
285 122 0
286 122 0
287 122 0
288 122 0
289 122 0
290 122 0
291 122 0
292 122 0
293 122 0
295 122 0
296 122 0
297 122 0
300 122 0
306 122 0
187 123 0
188 123 0
189 123 0
190 123 0
231 123 0
232 123 0
238 123 0
239 123 0
241 123 0
242 123 0
244 123 0
245 123 0
247 123 0
248 123 0
249 123 0
250 123 0
252 123 0
253 123 0
254 123 0
255 123 0
256 123 0
258 123 0
259 123 0
261 123 0
262 123 0
263 123 0
265 123 0
266 123 0
267 123 0
268 123 0
270 123 0
271 123 0
272 123 0
273 123 0
274 123 0
275 123 0
276 123 0
277 123 0
278 123 0
279 123 0
280 123 0
281 123 0
282 123 0
283 123 0
285 123 0
286 123 0
287 123 0
288 123 0
289 123 0
290 123 0
291 123 0
292 123 0
293 123 0
294 123 0
295 123 0
185 124 0
186 124 0
187 124 0
188 124 0
189 124 0
190 124 0
229 124 0
230 124 0
231 124 0
236 124 0
237 124 0
238 124 0
239 124 0
240 124 0
241 124 0
242 124 0
243 124 0
244 124 0
245 124 0
246 124 0
247 124 0
248 124 0
249 124 0
250 124 0
251 124 0
253 124 0
254 124 0
255 124 0
256 124 0
257 124 0
259 124 0
260 124 0
261 124 0
262 124 0
263 124 0
264 124 0
265 124 0
266 124 0
267 124 0
268 124 0
269 124 0
270 124 0
271 124 0
272 124 0
273 124 0
274 124 0
275 124 0
276 124 0
277 124 0
278 124 0
279 124 0
281 124 0
282 124 0
284 124 0
285 124 0
286 124 0
287 124 0
288 124 0
289 124 0
290 124 0
184 125 0
185 125 0
186 125 0
187 125 0
188 125 0
228 125 0
229 125 0
230 125 0
233 125 0
234 125 0
235 125 0
236 125 0
237 125 0
238 125 0
239 125 0
240 125 0
242 125 0
243 125 0
245 125 0
247 125 0
249 125 0
252 125 0
253 125 0
254 125 0
256 125 0
257 125 0
258 125 0
261 125 0
264 125 0
268 125 0
269 125 0
270 125 0
184 126 0
185 126 0
186 126 0
187 126 0
227 126 0
228 126 0
229 126 0
233 126 0
234 126 0
235 126 0
236 126 0
184 127 0
185 127 0
186 127 0
226 127 0
227 127 0
228 127 0
231 127 0
232 127 0
171 128 0
184 128 0
185 128 0
227 128 0
232 128 0
163 129 0
177 129 0
181 129 0
230 129 0
160 130 0
168 130 0
170 130 0
176 130 0
177 130 0
178 130 0
226 130 0
158 131 0
161 131 0
162 131 0
163 131 0
164 131 0
165 131 0
166 131 0
167 131 0
168 131 0
169 131 0
170 131 0
174 131 0
176 131 0
177 131 0
178 131 0
225 131 0
226 131 0
157 132 0
158 132 0
159 132 0
160 132 0
161 132 0
162 132 0
163 132 0
164 132 0
165 132 0
166 132 0
167 132 0
168 132 0
169 132 0
170 132 0
171 132 0
155 133 0
156 133 0
157 133 0
158 133 0
159 133 0
160 133 0
161 133 0
162 133 0
163 133 0
164 133 0
165 133 0
166 133 0
167 133 0
168 133 0
169 133 0
170 133 0
143 134 0
154 134 0
155 134 0
156 134 0
157 134 0
158 134 0
159 134 0
160 134 0
161 134 0
162 134 0
163 134 0
164 134 0
165 134 0
166 134 0
125 135 0
126 135 0
139 135 0
140 135 0
141 135 0
142 135 0
127 136 0
128 136 0
129 136 0
130 136 0
133 136 0
137 136 0
138 136 0
139 136 0
126 137 0
127 137 0
128 137 0
129 137 0
130 137 0
131 137 0
132 137 0
133 137 0
124 138 0
125 138 0
126 138 0
127 138 0
128 138 0
129 138 0
130 138 0
164 138 0
124 139 0
125 139 0
126 139 0
127 139 0
125 140 0
161 140 0
129 142 0
140 142 0
141 142 0
142 142 0
143 142 0
146 142 0
150 142 0
152 142 0
153 142 0
154 142 0
155 142 0
159 142 0
160 142 0
126 143 0
127 143 0
131 143 0
132 143 0
137 143 0
138 143 0
139 143 0
140 143 0
141 143 0
142 143 0
143 143 0
144 143 0
145 143 0
146 143 0
147 143 0
148 143 0
149 143 0
150 143 0
151 143 0
152 143 0
153 143 0
154 143 0
155 143 0
156 143 0
157 143 0
158 143 0
159 143 0
160 143 0
161 143 0
163 143 0
164 143 0
165 143 0
125 144 0
126 144 0
127 144 0
131 144 0
132 144 0
133 144 0
134 144 0
135 144 0
136 144 0
137 144 0
138 144 0
139 144 0
140 144 0
141 144 0
142 144 0
143 144 0
144 144 0
145 144 0
146 144 0
147 144 0
148 144 0
149 144 0
150 144 0
151 144 0
152 144 0
153 144 0
154 144 0
155 144 0
156 144 0
157 144 0
158 144 0
159 144 0
160 144 0
161 144 0
162 144 0
163 144 0
164 144 0
165 144 0
166 144 0
125 145 0
132 145 0
133 145 0
134 145 0
135 145 0
136 145 0
137 145 0
138 145 0
139 145 0
140 145 0
141 145 0
142 145 0
143 145 0
144 145 0
145 145 0
146 145 0
147 145 0
148 145 0
149 145 0
150 145 0
151 145 0
152 145 0
153 145 0
154 145 0
155 145 0
156 145 0
157 145 0
158 145 0
159 145 0
160 145 0
161 145 0
162 145 0
163 145 0
164 145 0
165 145 0
125 146 0
127 146 0
131 146 0
132 146 0
133 146 0
134 146 0
135 146 0
136 146 0
137 146 0
138 146 0
139 146 0
140 146 0
141 146 0
142 146 0
143 146 0
144 146 0
145 146 0
146 146 0
147 146 0
148 146 0
149 146 0
150 146 0
151 146 0
152 146 0
153 146 0
154 146 0
155 146 0
156 146 0
157 146 0
158 146 0
159 146 0
160 146 0
161 146 0
162 146 0
163 146 0
164 146 0
165 146 0
166 146 0
128 147 0
129 147 0
130 147 0
131 147 0
132 147 0
133 147 0
134 147 0
135 147 0
136 147 0
137 147 0
138 147 0
139 147 0
140 147 0
141 147 0
142 147 0
143 147 0
144 147 0
145 147 0
146 147 0
147 147 0
148 147 0
152 147 0
153 147 0
154 147 0
155 147 0
156 147 0
158 147 0
160 147 0
161 147 0
162 147 0
163 147 0
164 147 0
165 147 0
129 148 0
131 148 0
196 152 0
190 153 0
193 153 0
197 153 0
202 153 0
183 155 0
143 157 0
144 157 0
145 157 0
146 157 0
167 157 0
140 158 0
141 158 0
142 158 0
143 158 0
144 158 0
145 158 0
146 158 0
166 158 0
168 158 0
170 158 0
171 158 0
139 159 0
140 159 0
141 159 0
142 159 0
143 159 0
144 159 0
145 159 0
146 159 0
157 159 0
139 160 0
140 160 0
141 160 0
142 160 0
143 160 0
144 160 0
139 161 0
140 161 0
141 161 0
142 161 0
171 161 0
242 161 0
136 162 0
159 162 0
160 162 0
232 162 0
131 163 0
133 163 0
134 163 0
135 163 0
170 163 0
232 163 0
233 163 0
234 163 0
132 164 0
133 164 0
154 164 0
174 164 0
232 164 0
233 164 0
234 164 0
235 164 0
236 164 0
237 164 0
238 164 0
239 164 0
241 164 0
242 164 0
244 164 0
246 164 0
249 164 0
149 165 0
150 165 0
151 165 0
169 165 0
170 165 0
171 165 0
172 165 0
173 165 0
233 165 0
234 165 0
235 165 0
236 165 0
237 165 0
238 165 0
239 165 0
240 165 0
241 165 0
242 165 0
243 165 0
244 165 0
245 165 0
246 165 0
247 165 0
248 165 0
251 165 0
252 165 0
258 165 0
134 166 0
151 166 0
152 166 0
153 166 0
154 166 0
162 166 0
166 166 0
167 166 0
168 166 0
169 166 0
170 166 0
171 166 0
172 166 0
234 166 0
235 166 0
236 166 0
237 166 0
238 166 0
239 166 0
240 166 0
241 166 0
242 166 0
243 166 0
244 166 0
245 166 0
246 166 0
248 166 0
249 166 0
250 166 0
251 166 0
252 166 0
253 166 0
254 166 0
255 166 0
149 167 0
150 167 0
153 167 0
164 167 0
165 167 0
166 167 0
167 167 0
168 167 0
169 167 0
170 167 0
171 167 0
180 167 0
237 167 0
238 167 0
239 167 0
240 167 0
241 167 0
242 167 0
243 167 0
244 167 0
245 167 0
246 167 0
247 167 0
248 167 0
249 167 0
250 167 0
251 167 0
252 167 0
255 167 0
256 167 0
257 167 0
260 167 0
135 168 0
142 168 0
143 168 0
144 168 0
146 168 0
147 168 0
148 168 0
163 168 0
164 168 0
165 168 0
166 168 0
167 168 0
168 168 0
169 168 0
246 168 0
247 168 0
248 168 0
249 168 0
250 168 0
251 168 0
252 168 0
253 168 0
254 168 0
255 168 0
259 168 0
141 169 0
142 169 0
143 169 0
144 169 0
145 169 0
146 169 0
147 169 0
148 169 0
149 169 0
150 169 0
151 169 0
152 169 0
159 169 0
160 169 0
161 169 0
162 169 0
163 169 0
164 169 0
165 169 0
166 169 0
213 169 0
253 169 0
256 169 0
258 169 0
142 170 0
143 170 0
144 170 0
145 170 0
146 170 0
147 170 0
158 170 0
159 170 0
160 170 0
161 170 0
162 170 0
163 170 0
164 170 0
257 170 0
259 170 0
263 170 0
264 170 0
269 170 0
142 171 0
143 171 0
144 171 0
145 171 0
146 171 0
147 171 0
157 171 0
158 171 0
159 171 0
160 171 0
161 171 0
162 171 0
170 171 0
176 171 0
177 171 0
209 171 0
210 171 0
222 171 0
225 171 0
226 171 0
227 171 0
265 171 0
270 171 0
333 171 0
138 172 0
139 172 0
140 172 0
141 172 0
142 172 0
143 172 0
156 172 0
157 172 0
158 172 0
159 172 0
160 172 0
170 172 0
174 172 0
175 172 0
180 172 0
190 172 0
207 172 0
211 172 0
222 172 0
223 172 0
224 172 0
225 172 0
268 172 0
126 173 0
135 173 0
136 173 0
137 173 0
138 173 0
139 173 0
155 173 0
156 173 0
157 173 0
158 173 0
165 173 0
167 173 0
172 173 0
176 173 0
177 173 0
178 173 0
206 173 0
207 173 0
208 173 0
223 173 0
224 173 0
225 173 0
270 173 0
276 173 0
287 173 0
134 174 0
135 174 0
136 174 0
137 174 0
138 174 0
155 174 0
156 174 0
171 174 0
175 174 0
176 174 0
186 174 0
187 174 0
203 174 0
206 174 0
217 174 0
218 174 0
219 174 0
220 174 0
221 174 0
223 174 0
224 174 0
283 174 0
130 175 0
131 175 0
132 175 0
133 175 0
134 175 0
135 175 0
136 175 0
168 175 0
169 175 0
172 175 0
173 175 0
174 175 0
176 175 0
177 175 0
187 175 0
215 175 0
216 175 0
217 175 0
218 175 0
219 175 0
220 175 0
285 175 0
286 175 0
287 175 0
128 176 0
129 176 0
130 176 0
131 176 0
132 176 0
133 176 0
134 176 0
170 176 0
171 176 0
174 176 0
175 176 0
185 176 0
195 176 0
212 176 0
213 176 0
214 176 0
215 176 0
216 176 0
217 176 0
218 176 0
128 177 0
129 177 0
130 177 0
131 177 0
133 177 0
146 177 0
147 177 0
163 177 0
166 177 0
167 177 0
168 177 0
169 177 0
171 177 0
172 177 0
173 177 0
174 177 0
175 177 0
182 177 0
184 177 0
185 177 0
186 177 0
195 177 0
200 177 0
209 177 0
210 177 0
211 177 0
212 177 0
213 177 0
214 177 0
215 177 0
295 177 0
130 178 0
163 178 0
164 178 0
165 178 0
166 178 0
167 178 0
168 178 0
169 178 0
170 178 0
171 178 0
172 178 0
173 178 0
182 178 0
183 178 0
207 178 0
208 178 0
209 178 0
210 178 0
211 178 0
212 178 0
305 178 0
143 179 0
164 179 0
165 179 0
166 179 0
167 179 0
168 179 0
169 179 0
170 179 0
171 179 0
172 179 0
180 179 0
181 179 0
183 179 0
191 179 0
196 179 0
199 179 0
205 179 0
206 179 0
207 179 0
208 179 0
209 179 0
210 179 0
211 179 0
154 180 0
155 180 0
165 180 0
166 180 0
167 180 0
168 180 0
169 180 0
180 180 0
181 180 0
182 180 0
183 180 0
192 180 0
193 180 0
197 180 0
202 180 0
203 180 0
204 180 0
205 180 0
206 180 0
207 180 0
208 180 0
311 180 0
137 181 0
138 181 0
153 181 0
154 181 0
155 181 0
165 181 0
166 181 0
167 181 0
168 181 0
178 181 0
179 181 0
180 181 0
181 181 0
182 181 0
194 181 0
195 181 0
204 181 0
322 181 0
152 182 0
162 182 0
163 182 0
164 182 0
165 182 0
178 182 0
179 182 0
180 182 0
181 182 0
188 182 0
191 182 0
192 182 0
193 182 0
201 182 0
202 182 0
203 182 0
148 183 0
149 183 0
159 183 0
160 183 0
161 183 0
162 183 0
163 183 0
164 183 0
177 183 0
178 183 0
179 183 0
180 183 0
187 183 0
190 183 0
194 183 0
158 184 0
159 184 0
160 184 0
161 184 0
162 184 0
175 184 0
176 184 0
177 184 0
178 184 0
185 184 0
187 184 0
188 184 0
189 184 0
190 184 0
191 184 0
192 184 0
193 184 0
343 184 0
143 185 0
145 185 0
155 185 0
156 185 0
157 185 0
158 185 0
159 185 0
160 185 0
174 185 0
175 185 0
176 185 0
177 185 0
178 185 0
186 185 0
187 185 0
188 185 0
189 185 0
190 185 0
191 185 0
140 186 0
141 186 0
142 186 0
151 186 0
152 186 0
153 186 0
154 186 0
155 186 0
156 186 0
157 186 0
158 186 0
175 186 0
176 186 0
186 186 0
187 186 0
189 186 0
190 186 0
149 187 0
150 187 0
151 187 0
152 187 0
153 187 0
154 187 0
155 187 0
183 187 0
184 187 0
185 187 0
186 187 0
187 187 0
188 187 0
189 187 0
148 188 0
149 188 0
150 188 0
151 188 0
152 188 0
153 188 0
184 188 0
185 188 0
186 188 0
187 188 0
188 188 0
143 189 0
144 189 0
145 189 0
146 189 0
147 189 0
148 189 0
149 189 0
150 189 0
179 189 0
180 189 0
181 189 0
183 189 0
184 189 0
185 189 0
186 189 0
187 189 0
188 189 0
139 190 0
141 190 0
143 190 0
144 190 0
145 190 0
146 190 0
147 190 0
181 190 0
183 190 0
184 190 0
185 190 0
186 190 0
139 191 0
140 191 0
141 191 0
142 191 0
143 191 0
144 191 0
145 191 0
179 191 0
181 191 0
182 191 0
183 191 0
184 191 0
185 191 0
186 191 0
140 192 0
141 192 0
142 192 0
183 192 0
184 192 0
174 194 0
175 194 0
177 194 0
176 195 0
181 195 0
183 195 0
175 196 0
181 197 0
179 198 0
171 199 0
178 199 0
167 201 0
190 224 0
280 1 1
234 2 1
270 2 1
282 3 1
221 4 1
236 4 1
281 4 1
203 5 1
221 5 1
237 5 1
269 5 1
282 5 1
206 6 1
222 6 1
225 6 1
269 6 1
270 6 1
282 6 1
208 7 1
239 7 1
282 7 1
211 8 1
281 8 1
211 9 1
212 9 1
213 9 1
240 9 1
269 9 1
270 9 1
281 9 1
282 9 1
198 10 1
199 10 1
211 10 1
212 10 1
213 10 1
214 10 1
215 10 1
199 11 1
212 11 1
213 11 1
214 11 1
215 11 1
216 11 1
281 11 1
282 11 1
199 12 1
200 12 1
213 12 1
214 12 1
215 12 1
216 12 1
217 12 1
243 12 1
281 12 1
282 12 1
200 13 1
201 13 1
202 13 1
214 13 1
215 13 1
216 13 1
217 13 1
218 13 1
244 13 1
270 13 1
281 13 1
282 13 1
201 14 1
202 14 1
203 14 1
216 14 1
217 14 1
218 14 1
219 14 1
281 14 1
282 14 1
203 15 1
217 15 1
218 15 1
219 15 1
220 15 1
233 15 1
281 15 1
282 15 1
283 15 1
204 16 1
218 16 1
219 16 1
220 16 1
221 16 1
229 16 1
247 16 1
281 16 1
282 16 1
283 16 1
205 17 1
206 17 1
220 17 1
221 17 1
230 17 1
282 17 1
283 17 1
283 18 1
207 19 1
223 19 1
224 19 1
270 19 1
283 19 1
284 19 1
223 20 1
224 20 1
225 20 1
226 20 1
232 20 1
284 20 1
210 21 1
211 21 1
212 21 1
224 21 1
225 21 1
269 21 1
210 22 1
211 22 1
212 22 1
284 22 1
212 23 1
213 23 1
214 23 1
283 23 1
213 24 1
214 24 1
215 24 1
284 24 1
198 25 1
210 25 1
211 25 1
214 25 1
215 25 1
285 25 1
211 26 1
212 26 1
213 26 1
216 26 1
285 26 1
211 27 1
212 27 1
213 27 1
214 27 1
218 27 1
219 27 1
214 28 1
215 28 1
218 28 1
219 28 1
200 29 1
201 29 1
215 29 1
216 29 1
217 29 1
200 30 1
201 30 1
216 30 1
217 30 1
202 31 1
203 31 1
203 32 1
208 32 1
220 32 1
221 32 1
208 33 1
209 33 1
210 33 1
228 33 1
203 34 1
205 34 1
208 34 1
209 34 1
223 34 1
224 34 1
229 34 1
207 35 1
208 35 1
209 35 1
210 35 1
211 35 1
209 36 1
210 36 1
211 36 1
212 36 1
208 37 1
209 37 1
210 37 1
211 37 1
212 37 1
213 37 1
214 37 1
210 38 1
211 38 1
212 38 1
213 38 1
214 38 1
215 38 1
211 39 1
212 39 1
213 39 1
214 39 1
215 39 1
217 39 1
212 40 1
213 40 1
214 40 1
215 40 1
217 40 1
219 40 1
213 41 1
214 41 1
215 41 1
216 41 1
217 41 1
218 41 1
219 41 1
220 41 1
221 41 1
200 42 1
201 42 1
202 42 1
209 42 1
215 42 1
216 42 1
217 42 1
218 42 1
219 42 1
222 42 1
224 42 1
198 43 1
199 43 1
200 43 1
201 43 1
202 43 1
203 43 1
204 43 1
205 43 1
206 43 1
217 43 1
218 43 1
219 43 1
224 43 1
225 43 1
199 44 1
200 44 1
201 44 1
202 44 1
203 44 1
204 44 1
205 44 1
206 44 1
207 44 1
224 44 1
202 45 1
203 45 1
204 45 1
205 45 1
206 45 1
207 45 1
208 45 1
209 45 1
210 45 1
211 45 1
212 45 1
224 45 1
225 45 1
205 46 1
206 46 1
207 46 1
208 46 1
209 46 1
210 46 1
211 46 1
212 46 1
213 46 1
225 46 1
196 47 1
209 47 1
210 47 1
211 47 1
212 47 1
213 47 1
219 47 1
221 47 1
196 48 1
197 48 1
198 48 1
199 48 1
220 48 1
221 48 1
222 48 1
198 49 1
199 49 1
200 49 1
217 49 1
221 49 1
199 50 1
200 50 1
201 50 1
202 50 1
203 50 1
200 51 1
201 51 1
202 51 1
203 51 1
204 51 1
205 51 1
201 52 1
202 52 1
203 52 1
204 52 1
205 52 1
206 52 1
207 52 1
208 52 1
203 53 1
204 53 1
205 53 1
206 53 1
207 53 1
208 53 1
209 53 1
210 53 1
213 53 1
215 53 1
205 54 1
206 54 1
207 54 1
208 54 1
209 54 1
213 54 1
208 55 1
209 55 1
215 55 1
218 55 1
219 55 1
220 55 1
221 55 1
216 56 1
217 56 1
200 57 1
220 57 1
223 57 1
220 58 1
221 58 1
224 58 1
203 59 1
221 59 1
223 59 1
224 59 1
225 59 1
226 59 1
227 59 1
286 59 1
287 59 1
203 60 1
219 60 1
220 60 1
221 60 1
223 60 1
224 60 1
225 60 1
226 60 1
227 60 1
228 60 1
230 60 1
288 60 1
206 61 1
225 61 1
226 61 1
227 61 1
228 61 1
289 61 1
227 62 1
228 62 1
229 62 1
230 62 1
232 62 1
290 62 1
229 63 1
231 63 1
290 63 1
230 64 1
231 64 1
232 64 1
235 64 1
236 64 1
291 64 1
217 65 1
231 65 1
232 65 1
233 65 1
234 65 1
235 65 1
236 65 1
292 65 1
234 66 1
235 66 1
236 66 1
237 66 1
293 66 1
222 67 1
235 67 1
236 67 1
237 67 1
238 67 1
239 67 1
240 67 1
294 67 1
226 68 1
238 68 1
240 68 1
241 68 1
228 69 1
237 69 1
239 69 1
240 69 1
295 69 1
239 70 1
240 70 1
241 70 1
242 70 1
243 70 1
244 70 1
296 70 1
297 70 1
240 71 1
241 71 1
242 71 1
243 71 1
244 71 1
244 72 1
245 72 1
246 72 1
247 72 1
298 72 1
300 74 1
249 75 1
250 75 1
251 76 1
255 76 1
256 76 1
256 77 1
306 80 1
307 82 1
263 84 1
245 85 1
264 85 1
309 85 1
263 86 1
264 86 1
265 86 1
266 86 1
266 87 1
267 87 1
268 87 1
262 88 1
266 88 1
267 88 1
268 88 1
269 88 1
258 89 1
261 89 1
262 89 1
267 89 1
312 89 1
313 89 1
261 90 1
269 90 1
315 91 1
269 92 1
270 92 1
271 92 1
270 93 1
271 93 1
317 93 1
272 94 1
277 102 1
280 103 1
278 105 1
332 105 1
279 107 1
281 110 1
341 32 2
342 32 2
341 33 2
342 33 2
343 33 2
344 33 2
