176 91 0
178 93 0
179 93 0
183 93 0
179 94 0
179 95 0
180 95 0
181 95 0
181 96 0
182 96 0
181 97 0
182 97 0
183 97 0
184 97 0
183 98 0
184 98 0
185 98 0
185 99 0
186 99 0
185 100 0
186 100 0
187 100 0
188 100 0
172 101 0
188 101 0
189 101 0
190 101 0
188 102 0
189 102 0
190 102 0
191 102 0
173 103 0
191 103 0
192 103 0
174 104 0
173 105 0
174 105 0
195 105 0
198 105 0
174 106 0
175 106 0
194 106 0
195 106 0
196 106 0
197 106 0
198 106 0
175 107 0
176 107 0
194 107 0
195 107 0
196 107 0
197 107 0
198 107 0
199 107 0
200 107 0
176 108 0
177 108 0
196 108 0
197 108 0
198 108 0
199 108 0
176 109 0
178 109 0
198 109 0
200 109 0
177 110 0
178 110 0
179 110 0
178 111 0
179 111 0
180 111 0
181 111 0
180 112 0
181 112 0
182 112 0
181 113 0
182 113 0
183 113 0
190 113 0
291 113 0
182 114 0
183 114 0
184 114 0
185 114 0
184 115 0
185 115 0
186 115 0
191 115 0
192 115 0
185 116 0
188 117 0
189 117 0
187 118 0
188 118 0
189 118 0
188 119 0
189 119 0
190 119 0
191 119 0
189 120 0
190 120 0
189 121 0
190 121 0
190 122 0
190 123 0
300 124 0
290 125 0
291 125 0
292 125 0
294 125 0
295 125 0
296 125 0
297 125 0
298 125 0
300 125 0
301 125 0
306 125 0
283 126 0
284 126 0
286 126 0
290 126 0
291 126 0
292 126 0
293 126 0
294 126 0
297 126 0
298 126 0
300 126 0
225 127 0
231 127 0
233 127 0
234 127 0
274 127 0
276 127 0
280 127 0
281 127 0
282 127 0
283 127 0
284 127 0
285 127 0
286 127 0
287 127 0
288 127 0
289 127 0
290 127 0
291 127 0
292 127 0
293 127 0
294 127 0
295 127 0
296 127 0
297 127 0
298 127 0
300 127 0
188 128 0
189 128 0
231 128 0
232 128 0
233 128 0
251 128 0
254 128 0
256 128 0
257 128 0
259 128 0
260 128 0
261 128 0
262 128 0
265 128 0
266 128 0
268 128 0
269 128 0
270 128 0
271 128 0
272 128 0
273 128 0
274 128 0
275 128 0
276 128 0
277 128 0
278 128 0
280 128 0
281 128 0
282 128 0
283 128 0
285 128 0
286 128 0
287 128 0
288 128 0
293 128 0
187 129 0
188 129 0
189 129 0
231 129 0
232 129 0
239 129 0
240 129 0
241 129 0
242 129 0
245 129 0
246 129 0
247 129 0
248 129 0
249 129 0
250 129 0
251 129 0
252 129 0
253 129 0
254 129 0
256 129 0
257 129 0
258 129 0
259 129 0
260 129 0
261 129 0
262 129 0
263 129 0
264 129 0
265 129 0
266 129 0
267 129 0
268 129 0
269 129 0
270 129 0
271 129 0
272 129 0
273 129 0
274 129 0
275 129 0
276 129 0
277 129 0
278 129 0
279 129 0
282 129 0
283 129 0
284 129 0
186 130 0
187 130 0
188 130 0
229 130 0
234 130 0
235 130 0
236 130 0
237 130 0
238 130 0
239 130 0
240 130 0
241 130 0
242 130 0
243 130 0
244 130 0
245 130 0
246 130 0
247 130 0
248 130 0
249 130 0
250 130 0
251 130 0
252 130 0
253 130 0
254 130 0
255 130 0
256 130 0
257 130 0
258 130 0
259 130 0
260 130 0
261 130 0
262 130 0
263 130 0
264 130 0
265 130 0
266 130 0
267 130 0
268 130 0
186 131 0
187 131 0
188 131 0
190 131 0
228 131 0
229 131 0
233 131 0
234 131 0
235 131 0
236 131 0
237 131 0
238 131 0
239 131 0
244 131 0
245 131 0
247 131 0
248 131 0
250 131 0
184 132 0
185 132 0
186 132 0
187 132 0
188 132 0
227 132 0
228 132 0
229 132 0
233 132 0
234 132 0
235 132 0
236 132 0
184 133 0
185 133 0
186 133 0
225 133 0
226 133 0
227 133 0
228 133 0
231 133 0
232 133 0
182 134 0
183 134 0
184 134 0
185 134 0
186 134 0
226 134 0
227 134 0
231 134 0
232 134 0
181 135 0
182 135 0
183 135 0
184 135 0
226 135 0
171 136 0
179 136 0
180 136 0
181 136 0
182 136 0
183 136 0
226 136 0
168 137 0
169 137 0
172 137 0
173 137 0
174 137 0
175 137 0
177 137 0
178 137 0
179 137 0
180 137 0
181 137 0
182 137 0
225 137 0
226 137 0
166 138 0
167 138 0
168 138 0
170 138 0
171 138 0
172 138 0
173 138 0
174 138 0
175 138 0
176 138 0
177 138 0
178 138 0
179 138 0
180 138 0
225 138 0
158 139 0
159 139 0
161 139 0
162 139 0
164 139 0
165 139 0
166 139 0
167 139 0
168 139 0
169 139 0
170 139 0
171 139 0
172 139 0
173 139 0
174 139 0
175 139 0
176 139 0
178 139 0
150 140 0
151 140 0
152 140 0
153 140 0
154 140 0
155 140 0
156 140 0
157 140 0
158 140 0
159 140 0
160 140 0
161 140 0
162 140 0
163 140 0
164 140 0
165 140 0
166 140 0
167 140 0
168 140 0
169 140 0
170 140 0
171 140 0
172 140 0
173 140 0
174 140 0
225 140 0
146 141 0
147 141 0
148 141 0
149 141 0
150 141 0
151 141 0
152 141 0
153 141 0
154 141 0
155 141 0
156 141 0
157 141 0
158 141 0
159 141 0
160 141 0
161 141 0
162 141 0
163 141 0
164 141 0
165 141 0
166 141 0
167 141 0
168 141 0
169 141 0
170 141 0
172 141 0
143 142 0
144 142 0
145 142 0
146 142 0
147 142 0
148 142 0
149 142 0
150 142 0
151 142 0
152 142 0
153 142 0
154 142 0
155 142 0
156 142 0
157 142 0
158 142 0
159 142 0
160 142 0
161 142 0
162 142 0
163 142 0
164 142 0
165 142 0
166 142 0
167 142 0
168 142 0
133 143 0
134 143 0
135 143 0
136 143 0
137 143 0
138 143 0
139 143 0
140 143 0
141 143 0
142 143 0
143 143 0
144 143 0
145 143 0
146 143 0
147 143 0
148 143 0
149 143 0
150 143 0
151 143 0
152 143 0
153 143 0
154 143 0
131 144 0
132 144 0
133 144 0
134 144 0
135 144 0
136 144 0
137 144 0
138 144 0
139 144 0
140 144 0
141 144 0
142 144 0
143 144 0
144 144 0
145 144 0
146 144 0
129 145 0
130 145 0
131 145 0
132 145 0
133 145 0
134 145 0
135 145 0
136 145 0
137 145 0
138 145 0
139 145 0
140 145 0
141 145 0
142 145 0
130 146 0
131 146 0
132 146 0
133 146 0
134 146 0
135 146 0
136 146 0
137 146 0
127 147 0
160 148 0
142 149 0
155 149 0
131 150 0
152 150 0
132 151 0
133 151 0
134 151 0
138 151 0
140 151 0
141 151 0
143 151 0
144 151 0
166 151 0
139 152 0
140 152 0
141 152 0
142 152 0
143 152 0
144 152 0
137 153 0
138 153 0
139 153 0
140 153 0
141 153 0
142 153 0
143 153 0
144 153 0
145 153 0
138 154 0
139 154 0
140 154 0
141 154 0
142 154 0
143 154 0
144 154 0
145 154 0
151 154 0
152 154 0
153 154 0
154 154 0
155 154 0
156 154 0
157 154 0
158 154 0
159 154 0
160 154 0
161 154 0
162 154 0
163 154 0
164 154 0
165 154 0
166 154 0
127 155 0
133 155 0
135 155 0
136 155 0
138 155 0
139 155 0
140 155 0
141 155 0
142 155 0
143 155 0
144 155 0
145 155 0
151 155 0
152 155 0
153 155 0
154 155 0
155 155 0
158 155 0
159 155 0
160 155 0
161 155 0
162 155 0
164 155 0
165 155 0
166 155 0
167 155 0
127 156 0
128 156 0
129 156 0
133 156 0
134 156 0
135 156 0
136 156 0
139 156 0
140 156 0
141 156 0
197 160 0
198 160 0
188 161 0
191 161 0
183 162 0
186 162 0
188 162 0
152 163 0
185 163 0
149 164 0
150 164 0
151 164 0
152 164 0
153 164 0
154 164 0
155 164 0
146 165 0
147 165 0
148 165 0
149 165 0
150 165 0
151 165 0
152 165 0
168 165 0
169 165 0
170 165 0
172 165 0
143 166 0
144 166 0
145 166 0
146 166 0
147 166 0
148 166 0
149 166 0
150 166 0
167 166 0
171 166 0
172 166 0
173 166 0
140 167 0
141 167 0
142 167 0
143 167 0
144 167 0
145 167 0
146 167 0
147 167 0
148 167 0
162 167 0
166 167 0
170 167 0
141 168 0
142 168 0
143 168 0
144 168 0
145 168 0
146 168 0
169 168 0
236 168 0
141 169 0
142 169 0
143 169 0
144 169 0
167 169 0
232 169 0
233 169 0
234 169 0
235 169 0
241 169 0
244 169 0
137 170 0
141 170 0
142 170 0
143 170 0
166 170 0
167 170 0
168 170 0
169 170 0
170 170 0
232 170 0
233 170 0
234 170 0
235 170 0
236 170 0
237 170 0
238 170 0
239 170 0
240 170 0
241 170 0
242 170 0
243 170 0
244 170 0
245 170 0
275 170 0
138 171 0
157 171 0
161 171 0
162 171 0
163 171 0
164 171 0
165 171 0
166 171 0
167 171 0
168 171 0
169 171 0
233 171 0
234 171 0
235 171 0
236 171 0
237 171 0
238 171 0
239 171 0
240 171 0
241 171 0
242 171 0
243 171 0
244 171 0
245 171 0
246 171 0
247 171 0
248 171 0
249 171 0
250 171 0
251 171 0
134 172 0
135 172 0
136 172 0
158 172 0
159 172 0
160 172 0
161 172 0
162 172 0
163 172 0
164 172 0
165 172 0
166 172 0
167 172 0
168 172 0
169 172 0
234 172 0
235 172 0
236 172 0
237 172 0
238 172 0
239 172 0
240 172 0
241 172 0
242 172 0
243 172 0
244 172 0
245 172 0
246 172 0
247 172 0
248 172 0
249 172 0
250 172 0
251 172 0
252 172 0
253 172 0
254 172 0
255 172 0
258 172 0
259 172 0
261 172 0
262 172 0
131 173 0
132 173 0
133 173 0
134 173 0
135 173 0
136 173 0
156 173 0
159 173 0
161 173 0
162 173 0
163 173 0
164 173 0
165 173 0
166 173 0
173 173 0
174 173 0
232 173 0
237 173 0
238 173 0
239 173 0
240 173 0
241 173 0
242 173 0
243 173 0
244 173 0
245 173 0
246 173 0
247 173 0
248 173 0
249 173 0
250 173 0
251 173 0
252 173 0
253 173 0
254 173 0
255 173 0
256 173 0
257 173 0
259 173 0
130 174 0
131 174 0
132 174 0
136 174 0
158 174 0
159 174 0
160 174 0
161 174 0
162 174 0
163 174 0
164 174 0
168 174 0
169 174 0
170 174 0
171 174 0
172 174 0
173 174 0
232 174 0
247 174 0
248 174 0
249 174 0
250 174 0
251 174 0
252 174 0
253 174 0
254 174 0
319 174 0
128 175 0
129 175 0
130 175 0
158 175 0
159 175 0
160 175 0
161 175 0
162 175 0
165 175 0
166 175 0
167 175 0
168 175 0
169 175 0
170 175 0
171 175 0
182 175 0
219 175 0
220 175 0
235 175 0
255 175 0
256 175 0
258 175 0
260 175 0
265 175 0
266 175 0
130 176 0
137 176 0
157 176 0
158 176 0
163 176 0
164 176 0
165 176 0
166 176 0
167 176 0
168 176 0
169 176 0
179 176 0
181 176 0
212 176 0
213 176 0
228 176 0
230 176 0
231 176 0
257 176 0
260 176 0
261 176 0
262 176 0
263 176 0
302 176 0
138 177 0
153 177 0
154 177 0
155 177 0
156 177 0
157 177 0
162 177 0
163 177 0
164 177 0
165 177 0
166 177 0
167 177 0
180 177 0
184 177 0
186 177 0
214 177 0
226 177 0
227 177 0
230 177 0
265 177 0
271 177 0
151 178 0
152 178 0
153 178 0
154 178 0
162 178 0
163 178 0
164 178 0
165 178 0
173 178 0
176 178 0
182 178 0
183 178 0
209 178 0
210 178 0
211 178 0
223 178 0
224 178 0
225 178 0
226 178 0
227 178 0
229 178 0
272 178 0
278 178 0
285 178 0
132 179 0
145 179 0
146 179 0
147 179 0
148 179 0
149 179 0
150 179 0
151 179 0
152 179 0
161 179 0
179 179 0
192 179 0
211 179 0
222 179 0
223 179 0
226 179 0
275 179 0
285 179 0
286 179 0
142 180 0
143 180 0
144 180 0
145 180 0
146 180 0
147 180 0
148 180 0
149 180 0
177 180 0
178 180 0
179 180 0
181 180 0
183 180 0
205 180 0
207 180 0
221 180 0
222 180 0
223 180 0
224 180 0
225 180 0
284 180 0
139 181 0
140 181 0
141 181 0
142 181 0
143 181 0
144 181 0
145 181 0
174 181 0
176 181 0
177 181 0
178 181 0
179 181 0
180 181 0
181 181 0
182 181 0
218 181 0
219 181 0
220 181 0
221 181 0
222 181 0
286 181 0
287 181 0
293 181 0
295 181 0
137 182 0
138 182 0
139 182 0
140 182 0
141 182 0
143 182 0
172 182 0
175 182 0
176 182 0
177 182 0
178 182 0
179 182 0
180 182 0
181 182 0
182 182 0
188 182 0
202 182 0
215 182 0
216 182 0
217 182 0
218 182 0
219 182 0
221 182 0
285 182 0
292 182 0
300 182 0
135 183 0
136 183 0
137 183 0
138 183 0
139 183 0
174 183 0
175 183 0
176 183 0
177 183 0
178 183 0
179 183 0
180 183 0
185 183 0
187 183 0
188 183 0
212 183 0
213 183 0
214 183 0
215 183 0
216 183 0
217 183 0
311 183 0
132 184 0
133 184 0
134 184 0
135 184 0
136 184 0
137 184 0
138 184 0
171 184 0
172 184 0
173 184 0
174 184 0
175 184 0
176 184 0
177 184 0
178 184 0
179 184 0
186 184 0
209 184 0
210 184 0
211 184 0
212 184 0
213 184 0
214 184 0
216 184 0
299 184 0
127 185 0
128 185 0
129 185 0
130 185 0
131 185 0
132 185 0
133 185 0
134 185 0
135 185 0
174 185 0
175 185 0
176 185 0
177 185 0
184 185 0
186 185 0
195 185 0
196 185 0
201 185 0
208 185 0
209 185 0
210 185 0
211 185 0
212 185 0
330 185 0
127 186 0
128 186 0
129 186 0
130 186 0
131 186 0
132 186 0
133 186 0
182 186 0
183 186 0
184 186 0
185 186 0
199 186 0
201 186 0
208 186 0
209 186 0
316 186 0
181 187 0
182 187 0
183 187 0
184 187 0
193 187 0
198 187 0
200 187 0
201 187 0
172 188 0
180 188 0
181 188 0
182 188 0
183 188 0
184 188 0
195 188 0
196 188 0
197 188 0
198 188 0
199 188 0
142 189 0
153 189 0
154 189 0
156 189 0
157 189 0
166 189 0
167 189 0
168 189 0
169 189 0
170 189 0
180 189 0
181 189 0
182 189 0
183 189 0
194 189 0
195 189 0
196 189 0
197 189 0
198 189 0
140 190 0
154 190 0
155 190 0
165 190 0
166 190 0
167 190 0
179 190 0
180 190 0
181 190 0
182 190 0
193 190 0
194 190 0
195 190 0
196 190 0
197 190 0
152 191 0
153 191 0
163 191 0
164 191 0
165 191 0
166 191 0
188 191 0
189 191 0
193 191 0
194 191 0
195 191 0
196 191 0
148 192 0
149 192 0
150 192 0
151 192 0
161 192 0
162 192 0
163 192 0
164 192 0
185 192 0
187 192 0
190 192 0
191 192 0
192 192 0
193 192 0
194 192 0
195 192 0
145 193 0
158 193 0
159 193 0
160 193 0
161 193 0
188 193 0
189 193 0
190 193 0
191 193 0
192 193 0
193 193 0
144 194 0
155 194 0
156 194 0
157 194 0
158 194 0
159 194 0
186 194 0
187 194 0
189 194 0
190 194 0
191 194 0
192 194 0
193 194 0
143 195 0
145 195 0
152 195 0
155 195 0
156 195 0
157 195 0
158 195 0
184 195 0
188 195 0
189 195 0
190 195 0
191 195 0
192 195 0
151 196 0
152 196 0
153 196 0
154 196 0
155 196 0
187 196 0
189 196 0
190 196 0
148 197 0
150 197 0
153 197 0
182 197 0
186 197 0
148 198 0
151 198 0
181 198 0
182 198 0
144 199 0
145 199 0
146 199 0
147 199 0
148 199 0
149 199 0
142 200 0
143 200 0
144 200 0
145 200 0
146 200 0
187 200 0
179 201 0
180 201 0
178 202 0
176 203 0
177 203 0
174 204 0
178 204 0
182 204 0
183 204 0
184 204 0
175 205 0
176 205 0
177 205 0
174 207 0
173 208 0
174 208 0
169 209 0
170 209 0
171 209 0
171 210 0
168 211 0
169 211 0
245 226 0
243 2 1
244 3 1
245 4 1
275 4 1
203 5 1
274 5 1
204 6 1
275 6 1
287 6 1
204 7 1
205 7 1
206 7 1
219 7 1
220 7 1
221 7 1
230 7 1
205 8 1
206 8 1
220 8 1
221 8 1
222 8 1
231 8 1
275 8 1
286 8 1
287 8 1
206 9 1
207 9 1
221 9 1
222 9 1
274 9 1
275 9 1
285 9 1
286 9 1
287 9 1
207 10 1
208 10 1
249 10 1
274 10 1
275 10 1
286 10 1
287 10 1
251 11 1
274 11 1
286 11 1
287 11 1
211 12 1
286 12 1
287 12 1
211 13 1
212 13 1
274 13 1
287 13 1
288 13 1
211 14 1
212 14 1
213 14 1
214 14 1
241 14 1
274 14 1
286 14 1
287 14 1
288 14 1
212 15 1
213 15 1
214 15 1
215 15 1
287 15 1
288 15 1
210 16 1
213 16 1
214 16 1
215 16 1
216 16 1
273 16 1
287 16 1
288 16 1
210 17 1
211 17 1
212 17 1
215 17 1
216 17 1
217 17 1
287 17 1
288 17 1
289 17 1
211 18 1
212 18 1
213 18 1
215 18 1
216 18 1
217 18 1
288 18 1
289 18 1
212 19 1
213 19 1
214 19 1
216 19 1
217 19 1
218 19 1
289 19 1
201 20 1
202 20 1
213 20 1
214 20 1
215 20 1
216 20 1
218 20 1
289 20 1
214 21 1
215 21 1
216 21 1
217 21 1
219 21 1
221 21 1
224 21 1
264 21 1
289 21 1
203 22 1
215 22 1
216 22 1
217 22 1
218 22 1
221 22 1
266 22 1
267 22 1
289 22 1
204 23 1
217 23 1
218 23 1
219 23 1
222 23 1
205 24 1
219 24 1
220 24 1
219 25 1
220 25 1
289 25 1
290 25 1
205 26 1
206 26 1
210 26 1
222 26 1
210 27 1
211 27 1
223 27 1
229 27 1
210 28 1
211 28 1
212 28 1
225 28 1
226 28 1
210 29 1
212 29 1
214 30 1
215 30 1
228 30 1
229 30 1
233 30 1
215 31 1
216 31 1
215 32 1
216 32 1
215 33 1
216 33 1
217 33 1
218 33 1
216 34 1
217 34 1
218 34 1
219 34 1
208 35 1
217 35 1
218 35 1
219 35 1
220 35 1
217 36 1
218 36 1
219 36 1
220 36 1
221 36 1
202 37 1
203 37 1
204 37 1
205 37 1
218 37 1
219 37 1
220 37 1
221 37 1
222 37 1
202 38 1
203 38 1
204 38 1
205 38 1
206 38 1
207 38 1
208 38 1
210 38 1
220 38 1
221 38 1
222 38 1
223 38 1
224 38 1
228 38 1
202 39 1
203 39 1
204 39 1
205 39 1
206 39 1
207 39 1
208 39 1
209 39 1
210 39 1
211 39 1
212 39 1
221 39 1
206 40 1
207 40 1
208 40 1
209 40 1
210 40 1
211 40 1
212 40 1
213 40 1
214 40 1
208 41 1
209 41 1
210 41 1
211 41 1
212 41 1
213 41 1
214 41 1
215 41 1
216 41 1
217 41 1
218 41 1
199 42 1
200 42 1
212 42 1
213 42 1
214 42 1
215 42 1
216 42 1
217 42 1
218 42 1
219 42 1
221 42 1
222 42 1
199 43 1
200 43 1
201 43 1
202 43 1
215 43 1
216 43 1
217 43 1
218 43 1
219 43 1
223 43 1
224 43 1
199 44 1
201 44 1
202 44 1
203 44 1
204 44 1
222 44 1
223 44 1
224 44 1
225 44 1
226 44 1
200 45 1
202 45 1
203 45 1
204 45 1
205 45 1
206 45 1
202 46 1
203 46 1
204 46 1
205 46 1
206 46 1
207 46 1
208 46 1
209 46 1
203 47 1
204 47 1
205 47 1
206 47 1
207 47 1
208 47 1
209 47 1
210 47 1
206 48 1
207 48 1
208 48 1
209 48 1
210 48 1
211 48 1
214 48 1
207 49 1
208 49 1
209 49 1
210 49 1
211 49 1
219 49 1
209 50 1
219 51 1
220 51 1
221 51 1
223 51 1
226 51 1
227 54 1
228 55 1
229 55 1
290 55 1
228 56 1
229 56 1
230 56 1
231 56 1
211 57 1
216 57 1
229 57 1
230 57 1
231 57 1
232 57 1
219 58 1
230 58 1
231 58 1
232 58 1
233 58 1
234 58 1
231 59 1
232 59 1
233 59 1
234 59 1
235 59 1
237 59 1
239 59 1
292 59 1
232 60 1
233 60 1
234 60 1
235 60 1
236 60 1
228 61 1
233 61 1
234 61 1
235 61 1
236 61 1
237 61 1
238 61 1
239 61 1
294 61 1
237 62 1
238 62 1
239 62 1
240 62 1
294 62 1
295 62 1
239 63 1
240 63 1
241 63 1
242 63 1
295 63 1
240 64 1
241 64 1
242 64 1
295 64 1
296 64 1
297 64 1
241 65 1
242 65 1
243 65 1
297 65 1
242 66 1
243 66 1
244 66 1
245 66 1
297 66 1
298 66 1
243 67 1
244 67 1
245 67 1
246 67 1
298 67 1
299 67 1
245 68 1
246 68 1
248 68 1
250 68 1
246 69 1
248 69 1
300 69 1
231 70 1
302 72 1
241 73 1
305 74 1
249 76 1
305 76 1
253 77 1
256 80 1
265 81 1
266 81 1
267 83 1
311 83 1
312 83 1
268 84 1
269 84 1
270 86 1
269 87 1
270 87 1
271 87 1
262 88 1
271 88 1
272 88 1
261 89 1
262 89 1
272 89 1
273 89 1
316 89 1
261 90 1
272 90 1
318 91 1
274 92 1
320 92 1
275 93 1
277 98 1
278 99 1
327 99 1
278 100 1
280 101 1
282 106 1
283 107 1
340 108 1
285 112 1
341 33 2
340 34 2
341 34 2
342 34 2
343 34 2
344 34 2
