173 100 0
174 100 0
176 100 0
172 101 0
173 101 0
175 101 0
176 101 0
174 102 0
177 102 0
178 102 0
179 102 0
179 103 0
180 103 0
179 104 0
180 104 0
181 104 0
182 104 0
181 105 0
182 105 0
182 106 0
183 106 0
184 106 0
183 107 0
184 107 0
185 107 0
186 107 0
187 107 0
186 108 0
187 108 0
188 108 0
186 109 0
187 109 0
188 109 0
189 109 0
190 109 0
190 110 0
191 111 0
181 120 0
182 120 0
182 121 0
183 121 0
185 121 0
186 121 0
182 122 0
183 122 0
184 122 0
185 122 0
186 122 0
191 122 0
183 123 0
184 123 0
185 123 0
186 123 0
187 123 0
184 124 0
185 124 0
186 124 0
187 124 0
188 124 0
189 124 0
185 125 0
186 125 0
187 125 0
188 125 0
186 126 0
187 126 0
188 126 0
189 126 0
187 127 0
188 127 0
189 127 0
301 128 0
302 128 0
296 129 0
297 129 0
298 129 0
299 129 0
300 129 0
301 129 0
302 129 0
303 129 0
304 129 0
305 129 0
219 130 0
221 130 0
222 130 0
284 130 0
292 130 0
293 130 0
294 130 0
295 130 0
296 130 0
297 130 0
298 130 0
299 130 0
300 130 0
301 130 0
302 130 0
303 130 0
220 131 0
280 131 0
283 131 0
285 131 0
286 131 0
287 131 0
288 131 0
289 131 0
290 131 0
291 131 0
292 131 0
293 131 0
294 131 0
295 131 0
296 131 0
297 131 0
298 131 0
301 131 0
302 131 0
303 131 0
304 131 0
222 132 0
223 132 0
224 132 0
245 132 0
267 132 0
273 132 0
274 132 0
275 132 0
277 132 0
278 132 0
279 132 0
280 132 0
281 132 0
282 132 0
283 132 0
284 132 0
285 132 0
286 132 0
287 132 0
288 132 0
289 132 0
290 132 0
291 132 0
292 132 0
293 132 0
294 132 0
295 132 0
296 132 0
297 132 0
225 133 0
266 133 0
267 133 0
269 133 0
271 133 0
272 133 0
273 133 0
274 133 0
275 133 0
276 133 0
277 133 0
278 133 0
279 133 0
280 133 0
281 133 0
282 133 0
283 133 0
284 133 0
285 133 0
286 133 0
288 133 0
289 133 0
290 133 0
291 133 0
292 133 0
295 133 0
226 134 0
227 134 0
232 134 0
255 134 0
256 134 0
257 134 0
260 134 0
261 134 0
262 134 0
263 134 0
264 134 0
265 134 0
266 134 0
267 134 0
268 134 0
269 134 0
270 134 0
271 134 0
272 134 0
273 134 0
274 134 0
275 134 0
276 134 0
279 134 0
280 134 0
281 134 0
284 134 0
285 134 0
286 134 0
231 135 0
236 135 0
237 135 0
238 135 0
239 135 0
240 135 0
241 135 0
242 135 0
243 135 0
244 135 0
245 135 0
246 135 0
247 135 0
248 135 0
249 135 0
250 135 0
251 135 0
252 135 0
253 135 0
254 135 0
255 135 0
256 135 0
257 135 0
258 135 0
259 135 0
260 135 0
261 135 0
262 135 0
263 135 0
264 135 0
265 135 0
266 135 0
268 135 0
269 135 0
270 135 0
271 135 0
272 135 0
275 135 0
277 135 0
279 135 0
230 136 0
234 136 0
235 136 0
236 136 0
237 136 0
238 136 0
239 136 0
240 136 0
241 136 0
242 136 0
243 136 0
244 136 0
245 136 0
246 136 0
247 136 0
248 136 0
249 136 0
250 136 0
251 136 0
252 136 0
253 136 0
254 136 0
255 136 0
256 136 0
257 136 0
258 136 0
259 136 0
260 136 0
261 136 0
262 136 0
263 136 0
265 136 0
268 136 0
227 137 0
228 137 0
229 137 0
233 137 0
234 137 0
235 137 0
236 137 0
237 137 0
238 137 0
239 137 0
240 137 0
243 137 0
244 137 0
245 137 0
246 137 0
247 137 0
250 137 0
251 137 0
253 137 0
255 137 0
187 138 0
224 138 0
225 138 0
226 138 0
227 138 0
228 138 0
229 138 0
232 138 0
233 138 0
234 138 0
235 138 0
226 139 0
227 139 0
228 139 0
231 139 0
232 139 0
233 139 0
234 139 0
185 140 0
225 140 0
226 140 0
227 140 0
231 140 0
232 140 0
233 140 0
226 141 0
227 141 0
231 141 0
232 141 0
184 142 0
225 142 0
226 142 0
231 142 0
225 143 0
225 144 0
229 144 0
172 145 0
173 145 0
225 145 0
166 146 0
167 146 0
170 146 0
171 146 0
172 146 0
173 146 0
225 146 0
158 147 0
161 147 0
162 147 0
163 147 0
164 147 0
165 147 0
166 147 0
167 147 0
168 147 0
169 147 0
170 147 0
171 147 0
172 147 0
175 147 0
176 147 0
146 148 0
151 148 0
152 148 0
153 148 0
154 148 0
155 148 0
156 148 0
157 148 0
158 148 0
159 148 0
160 148 0
161 148 0
162 148 0
163 148 0
164 148 0
165 148 0
166 148 0
167 148 0
168 148 0
169 148 0
170 148 0
171 148 0
224 148 0
145 149 0
148 149 0
149 149 0
150 149 0
151 149 0
152 149 0
153 149 0
154 149 0
155 149 0
156 149 0
157 149 0
158 149 0
159 149 0
160 149 0
161 149 0
162 149 0
163 149 0
164 149 0
165 149 0
166 149 0
167 149 0
168 149 0
142 150 0
143 150 0
145 150 0
146 150 0
147 150 0
148 150 0
149 150 0
150 150 0
151 150 0
152 150 0
153 150 0
154 150 0
155 150 0
156 150 0
157 150 0
158 150 0
159 150 0
160 150 0
161 150 0
162 150 0
163 150 0
164 150 0
165 150 0
166 150 0
142 151 0
143 151 0
144 151 0
145 151 0
146 151 0
147 151 0
148 151 0
149 151 0
150 151 0
151 151 0
152 151 0
153 151 0
154 151 0
155 151 0
156 151 0
224 151 0
138 152 0
139 152 0
140 152 0
141 152 0
142 152 0
143 152 0
144 152 0
145 152 0
137 153 0
138 153 0
139 153 0
140 153 0
141 153 0
142 153 0
143 153 0
144 153 0
138 154 0
139 154 0
140 154 0
141 154 0
128 155 0
131 155 0
127 157 0
144 157 0
168 157 0
156 158 0
157 158 0
133 159 0
140 159 0
141 159 0
142 159 0
144 159 0
148 159 0
151 159 0
152 159 0
153 159 0
154 159 0
140 160 0
142 160 0
143 160 0
144 160 0
146 160 0
130 161 0
131 161 0
139 161 0
140 161 0
141 161 0
142 161 0
143 161 0
144 161 0
145 161 0
146 161 0
148 161 0
149 161 0
128 162 0
129 162 0
139 162 0
140 162 0
141 162 0
142 162 0
143 162 0
144 162 0
145 162 0
146 162 0
147 162 0
148 162 0
161 162 0
162 162 0
163 162 0
164 162 0
139 163 0
140 163 0
141 163 0
142 163 0
143 163 0
144 163 0
145 163 0
146 163 0
147 163 0
148 163 0
160 163 0
161 163 0
162 163 0
163 163 0
164 163 0
165 163 0
168 163 0
132 164 0
133 164 0
134 164 0
135 164 0
136 164 0
137 164 0
138 164 0
140 164 0
141 164 0
142 164 0
143 164 0
144 164 0
145 164 0
146 164 0
166 164 0
167 164 0
210 164 0
212 164 0
130 165 0
131 165 0
132 165 0
133 165 0
134 165 0
135 165 0
136 165 0
137 165 0
130 166 0
131 166 0
132 166 0
133 166 0
134 166 0
135 166 0
166 166 0
169 166 0
164 167 0
165 167 0
166 167 0
167 167 0
168 167 0
161 168 0
162 168 0
163 168 0
164 168 0
165 168 0
166 168 0
167 168 0
168 168 0
190 168 0
194 168 0
160 169 0
161 169 0
162 169 0
163 169 0
164 169 0
165 169 0
166 169 0
167 169 0
179 169 0
186 169 0
191 169 0
156 170 0
157 170 0
158 170 0
159 170 0
160 170 0
161 170 0
162 170 0
163 170 0
164 170 0
165 170 0
153 171 0
154 171 0
155 171 0
156 171 0
157 171 0
158 171 0
159 171 0
160 171 0
161 171 0
162 171 0
153 172 0
155 172 0
156 172 0
157 172 0
158 172 0
159 172 0
153 173 0
155 173 0
176 173 0
263 173 0
272 173 0
153 174 0
170 174 0
171 174 0
173 174 0
174 174 0
233 174 0
149 175 0
150 175 0
169 175 0
170 175 0
171 175 0
172 175 0
233 175 0
234 175 0
240 175 0
241 175 0
242 175 0
245 175 0
246 175 0
248 175 0
256 175 0
145 176 0
146 176 0
147 176 0
148 176 0
149 176 0
167 176 0
168 176 0
233 176 0
234 176 0
235 176 0
237 176 0
238 176 0
239 176 0
243 176 0
244 176 0
245 176 0
247 176 0
248 176 0
251 176 0
252 176 0
258 176 0
147 177 0
148 177 0
230 177 0
233 177 0
234 177 0
235 177 0
236 177 0
237 177 0
238 177 0
239 177 0
240 177 0
241 177 0
242 177 0
243 177 0
244 177 0
245 177 0
246 177 0
247 177 0
248 177 0
252 177 0
256 177 0
257 177 0
262 177 0
138 178 0
144 178 0
165 178 0
166 178 0
170 178 0
235 178 0
236 178 0
237 178 0
238 178 0
239 178 0
240 178 0
241 178 0
242 178 0
243 178 0
244 178 0
245 178 0
246 178 0
247 178 0
248 178 0
249 178 0
250 178 0
251 178 0
252 178 0
253 178 0
259 178 0
260 178 0
143 179 0
165 179 0
166 179 0
167 179 0
168 179 0
169 179 0
170 179 0
237 179 0
238 179 0
239 179 0
240 179 0
241 179 0
242 179 0
243 179 0
246 179 0
247 179 0
248 179 0
249 179 0
251 179 0
252 179 0
253 179 0
255 179 0
256 179 0
261 179 0
262 179 0
166 180 0
167 180 0
168 180 0
169 180 0
175 180 0
231 180 0
232 180 0
233 180 0
234 180 0
245 180 0
248 180 0
251 180 0
252 180 0
253 180 0
254 180 0
256 180 0
257 180 0
258 180 0
259 180 0
280 180 0
135 181 0
136 181 0
137 181 0
138 181 0
139 181 0
166 181 0
168 181 0
174 181 0
175 181 0
230 181 0
231 181 0
232 181 0
233 181 0
234 181 0
235 181 0
236 181 0
256 181 0
259 181 0
260 181 0
263 181 0
267 181 0
269 181 0
134 182 0
135 182 0
136 182 0
170 182 0
171 182 0
172 182 0
173 182 0
174 182 0
184 182 0
230 182 0
231 182 0
232 182 0
233 182 0
234 182 0
235 182 0
236 182 0
261 182 0
265 182 0
266 182 0
269 182 0
277 182 0
131 183 0
132 183 0
134 183 0
169 183 0
170 183 0
171 183 0
172 183 0
227 183 0
228 183 0
229 183 0
230 183 0
231 183 0
232 183 0
233 183 0
234 183 0
235 183 0
236 183 0
268 183 0
272 183 0
273 183 0
274 183 0
128 184 0
129 184 0
130 184 0
160 184 0
161 184 0
170 184 0
212 184 0
227 184 0
228 184 0
229 184 0
230 184 0
277 184 0
279 184 0
280 184 0
130 185 0
139 185 0
154 185 0
155 185 0
156 185 0
158 185 0
210 185 0
213 185 0
226 185 0
227 185 0
228 185 0
229 185 0
283 185 0
284 185 0
286 185 0
287 185 0
288 185 0
293 185 0
297 185 0
298 185 0
138 186 0
152 186 0
153 186 0
154 186 0
155 186 0
156 186 0
157 186 0
184 186 0
210 186 0
223 186 0
224 186 0
225 186 0
226 186 0
227 186 0
289 186 0
290 186 0
292 186 0
293 186 0
316 186 0
150 187 0
151 187 0
152 187 0
153 187 0
154 187 0
177 187 0
182 187 0
183 187 0
184 187 0
185 187 0
209 187 0
221 187 0
222 187 0
223 187 0
224 187 0
225 187 0
145 188 0
146 188 0
147 188 0
148 188 0
149 188 0
150 188 0
151 188 0
152 188 0
180 188 0
181 188 0
182 188 0
183 188 0
208 188 0
219 188 0
220 188 0
221 188 0
223 188 0
224 188 0
304 188 0
305 188 0
330 188 0
143 189 0
144 189 0
145 189 0
146 189 0
147 189 0
148 189 0
149 189 0
150 189 0
170 189 0
171 189 0
178 189 0
180 189 0
181 189 0
182 189 0
183 189 0
201 189 0
207 189 0
216 189 0
217 189 0
218 189 0
219 189 0
222 189 0
141 190 0
142 190 0
143 190 0
144 190 0
145 190 0
168 190 0
181 190 0
182 190 0
183 190 0
213 190 0
214 190 0
215 190 0
216 190 0
217 190 0
218 190 0
219 190 0
220 190 0
320 190 0
325 190 0
326 190 0
138 191 0
139 191 0
140 191 0
141 191 0
142 191 0
166 191 0
167 191 0
188 191 0
207 191 0
213 191 0
214 191 0
215 191 0
216 191 0
217 191 0
334 191 0
338 191 0
137 192 0
138 192 0
139 192 0
140 192 0
170 192 0
186 192 0
187 192 0
188 192 0
199 192 0
200 192 0
204 192 0
205 192 0
211 192 0
212 192 0
213 192 0
214 192 0
134 193 0
135 193 0
136 193 0
137 193 0
138 193 0
161 193 0
176 193 0
178 193 0
184 193 0
186 193 0
187 193 0
203 193 0
204 193 0
129 194 0
130 194 0
131 194 0
132 194 0
133 194 0
134 194 0
135 194 0
136 194 0
137 194 0
158 194 0
165 194 0
199 194 0
200 194 0
201 194 0
202 194 0
203 194 0
204 194 0
128 195 0
129 195 0
130 195 0
131 195 0
132 195 0
133 195 0
134 195 0
135 195 0
186 195 0
198 195 0
199 195 0
200 195 0
201 195 0
202 195 0
130 196 0
131 196 0
132 196 0
161 196 0
170 196 0
172 196 0
173 196 0
174 196 0
195 196 0
196 196 0
197 196 0
198 196 0
199 196 0
200 196 0
201 196 0
202 196 0
157 197 0
159 197 0
160 197 0
169 197 0
170 197 0
171 197 0
195 197 0
196 197 0
197 197 0
198 197 0
199 197 0
200 197 0
157 198 0
193 198 0
194 198 0
195 198 0
196 198 0
197 198 0
198 198 0
199 198 0
200 198 0
167 199 0
168 199 0
169 199 0
190 199 0
191 199 0
193 199 0
194 199 0
195 199 0
196 199 0
197 199 0
198 199 0
153 200 0
155 200 0
165 200 0
166 200 0
179 200 0
190 200 0
191 200 0
192 200 0
193 200 0
194 200 0
195 200 0
196 200 0
161 201 0
162 201 0
163 201 0
184 201 0
185 201 0
189 201 0
190 201 0
191 201 0
192 201 0
193 201 0
148 202 0
149 202 0
151 202 0
160 202 0
161 202 0
162 202 0
186 202 0
187 202 0
188 202 0
189 202 0
190 202 0
191 202 0
192 202 0
145 203 0
156 203 0
157 203 0
158 203 0
159 203 0
177 203 0
187 203 0
189 203 0
190 203 0
142 204 0
158 204 0
187 204 0
188 204 0
144 205 0
145 205 0
150 205 0
154 205 0
185 205 0
186 205 0
152 206 0
182 206 0
185 206 0
173 207 0
174 207 0
175 207 0
183 207 0
185 207 0
186 207 0
184 208 0
185 208 0
171 209 0
172 209 0
173 209 0
182 209 0
172 210 0
181 210 0
169 211 0
170 211 0
171 211 0
178 211 0
180 211 0
181 211 0
182 211 0
168 212 0
169 212 0
176 212 0
178 212 0
179 212 0
180 212 0
167 213 0
168 213 0
176 213 0
177 213 0
178 213 0
179 213 0
180 213 0
167 214 0
177 214 0
178 214 0
179 214 0
165 215 0
166 215 0
175 215 0
176 215 0
177 215 0
178 215 0
172 216 0
174 216 0
175 216 0
176 216 0
177 216 0
172 217 0
173 217 0
174 217 0
175 217 0
176 217 0
170 218 0
171 218 0
172 218 0
173 218 0
174 218 0
175 218 0
176 218 0
170 219 0
171 219 0
172 219 0
173 219 0
174 219 0
175 219 0
167 220 0
168 220 0
169 220 0
170 220 0
171 220 0
172 220 0
173 220 0
174 220 0
166 221 0
167 221 0
168 221 0
169 221 0
170 221 0
171 221 0
172 221 0
167 222 0
168 222 0
169 222 0
170 222 0
171 222 0
167 223 0
168 223 0
169 223 0
222 1 1
280 3 1
279 4 1
211 5 1
212 5 1
214 5 1
237 5 1
280 5 1
212 6 1
213 6 1
214 6 1
237 6 1
279 6 1
280 6 1
292 6 1
213 7 1
214 7 1
215 7 1
216 7 1
242 7 1
279 7 1
290 7 1
291 7 1
292 7 1
214 8 1
215 8 1
216 8 1
238 8 1
279 8 1
291 8 1
210 9 1
211 9 1
212 9 1
215 9 1
216 9 1
217 9 1
218 9 1
279 9 1
291 9 1
211 10 1
212 10 1
213 10 1
216 10 1
217 10 1
218 10 1
279 10 1
291 10 1
292 10 1
211 11 1
212 11 1
213 11 1
214 11 1
215 11 1
217 11 1
218 11 1
219 11 1
258 11 1
279 11 1
291 11 1
292 11 1
213 12 1
214 12 1
215 12 1
216 12 1
218 12 1
219 12 1
220 12 1
221 12 1
279 12 1
292 12 1
213 13 1
214 13 1
215 13 1
216 13 1
217 13 1
218 13 1
219 13 1
220 13 1
221 13 1
278 13 1
292 13 1
215 14 1
216 14 1
217 14 1
218 14 1
220 14 1
221 14 1
278 14 1
279 14 1
292 14 1
293 14 1
217 15 1
218 15 1
219 15 1
292 15 1
293 15 1
207 16 1
218 16 1
219 16 1
220 16 1
266 16 1
293 16 1
207 17 1
218 17 1
219 17 1
220 17 1
221 17 1
267 17 1
268 17 1
293 17 1
221 18 1
222 18 1
226 18 1
268 18 1
269 18 1
270 18 1
293 18 1
294 18 1
209 19 1
210 19 1
211 19 1
221 19 1
222 19 1
223 19 1
270 19 1
210 20 1
211 20 1
212 20 1
213 20 1
223 20 1
224 20 1
211 21 1
212 21 1
213 21 1
214 21 1
225 21 1
294 21 1
211 22 1
212 22 1
213 22 1
214 22 1
215 22 1
225 22 1
226 22 1
212 23 1
213 23 1
214 23 1
215 23 1
216 23 1
229 23 1
293 23 1
213 24 1
214 24 1
215 24 1
216 24 1
293 24 1
214 25 1
215 25 1
216 25 1
217 25 1
216 26 1
217 26 1
218 26 1
219 26 1
233 26 1
217 27 1
218 27 1
219 27 1
234 27 1
219 28 1
220 28 1
219 29 1
220 29 1
221 29 1
223 29 1
220 30 1
221 30 1
222 30 1
223 30 1
220 31 1
221 31 1
222 31 1
223 31 1
224 31 1
226 31 1
222 32 1
223 32 1
224 32 1
208 33 1
223 33 1
224 33 1
229 33 1
208 34 1
209 34 1
210 34 1
211 34 1
213 34 1
214 34 1
229 34 1
211 35 1
213 35 1
214 35 1
215 35 1
216 35 1
213 36 1
214 36 1
215 36 1
216 36 1
217 36 1
218 36 1
219 36 1
220 36 1
225 36 1
203 37 1
204 37 1
214 37 1
215 37 1
216 37 1
217 37 1
218 37 1
219 37 1
220 37 1
221 37 1
222 37 1
223 37 1
226 37 1
227 37 1
203 38 1
204 38 1
205 38 1
216 38 1
217 38 1
218 38 1
219 38 1
220 38 1
221 38 1
222 38 1
223 38 1
224 38 1
228 38 1
203 39 1
204 39 1
205 39 1
206 39 1
207 39 1
220 39 1
221 39 1
222 39 1
223 39 1
227 39 1
229 39 1
203 40 1
205 40 1
206 40 1
207 40 1
208 40 1
209 40 1
206 41 1
207 41 1
208 41 1
209 41 1
210 41 1
211 41 1
207 42 1
208 42 1
209 42 1
210 42 1
211 42 1
212 42 1
213 42 1
214 42 1
208 43 1
209 43 1
210 43 1
211 43 1
212 43 1
213 43 1
214 43 1
215 43 1
216 43 1
210 44 1
211 44 1
212 44 1
213 44 1
214 44 1
215 44 1
216 44 1
212 45 1
221 45 1
225 46 1
203 48 1
226 49 1
230 50 1
231 50 1
233 51 1
234 52 1
235 52 1
235 53 1
233 54 1
234 54 1
235 54 1
236 54 1
237 54 1
234 55 1
235 55 1
236 55 1
237 55 1
238 55 1
295 55 1
236 56 1
237 56 1
238 56 1
239 56 1
295 56 1
296 56 1
238 57 1
239 57 1
240 57 1
241 57 1
296 57 1
239 58 1
240 58 1
241 58 1
242 58 1
243 58 1
296 58 1
297 58 1
241 59 1
242 59 1
243 59 1
244 59 1
296 59 1
297 59 1
242 60 1
243 60 1
244 60 1
245 60 1
296 60 1
297 60 1
298 60 1
244 61 1
245 61 1
246 61 1
298 61 1
244 62 1
245 62 1
246 62 1
247 62 1
238 63 1
245 63 1
246 63 1
247 63 1
248 63 1
249 63 1
300 63 1
247 64 1
248 64 1
249 64 1
250 64 1
301 64 1
249 65 1
250 65 1
301 65 1
302 65 1
248 66 1
249 66 1
250 66 1
251 66 1
252 66 1
302 66 1
303 66 1
251 67 1
252 67 1
303 67 1
304 68 1
249 69 1
251 70 1
304 70 1
305 70 1
306 70 1
307 72 1
256 74 1
257 74 1
308 74 1
309 75 1
311 77 1
253 78 1
267 78 1
311 78 1
312 78 1
268 79 1
271 81 1
271 82 1
272 82 1
272 83 1
273 83 1
273 84 1
273 85 1
273 86 1
274 86 1
261 90 1
276 91 1
278 91 1
278 93 1
279 94 1
325 94 1
279 95 1
281 98 1
282 99 1
283 101 1
284 102 1
285 104 1
289 111 1
289 113 1
296 125 1
341 33 2
340 34 2
341 34 2
342 34 2
343 34 2
344 34 2
