172 116 0
173 116 0
181 119 0
182 119 0
183 119 0
184 120 0
185 120 0
183 121 0
184 121 0
185 121 0
186 121 0
187 121 0
188 121 0
183 122 0
184 122 0
185 122 0
186 122 0
187 122 0
188 122 0
185 123 0
186 123 0
187 123 0
188 123 0
189 123 0
170 124 0
171 124 0
172 124 0
185 124 0
186 124 0
187 124 0
188 124 0
189 124 0
190 124 0
170 125 0
171 125 0
186 125 0
188 125 0
189 125 0
190 125 0
189 126 0
195 127 0
173 128 0
177 128 0
176 129 0
176 131 0
177 132 0
185 132 0
178 133 0
181 134 0
310 134 0
311 134 0
312 134 0
180 135 0
181 135 0
182 135 0
183 135 0
184 135 0
306 135 0
307 135 0
308 135 0
309 135 0
310 135 0
181 136 0
182 136 0
183 136 0
184 136 0
302 136 0
303 136 0
304 136 0
305 136 0
306 136 0
307 136 0
308 136 0
309 136 0
310 136 0
298 137 0
301 137 0
303 137 0
304 137 0
305 137 0
306 137 0
298 138 0
299 138 0
301 138 0
302 138 0
303 138 0
304 138 0
305 138 0
307 138 0
308 138 0
187 139 0
292 139 0
293 139 0
294 139 0
295 139 0
296 139 0
297 139 0
298 139 0
299 139 0
300 139 0
301 139 0
302 139 0
303 139 0
305 139 0
188 140 0
214 140 0
215 140 0
216 140 0
217 140 0
280 140 0
287 140 0
288 140 0
289 140 0
290 140 0
291 140 0
292 140 0
293 140 0
294 140 0
295 140 0
297 140 0
298 140 0
299 140 0
188 141 0
189 141 0
190 141 0
216 141 0
217 141 0
220 141 0
282 141 0
285 141 0
286 141 0
287 141 0
288 141 0
289 141 0
290 141 0
291 141 0
292 141 0
293 141 0
294 141 0
295 141 0
296 141 0
218 142 0
220 142 0
273 142 0
275 142 0
276 142 0
277 142 0
278 142 0
279 142 0
280 142 0
281 142 0
282 142 0
283 142 0
284 142 0
285 142 0
286 142 0
287 142 0
288 142 0
289 142 0
290 142 0
190 143 0
219 143 0
220 143 0
222 143 0
269 143 0
270 143 0
271 143 0
272 143 0
273 143 0
274 143 0
275 143 0
276 143 0
277 143 0
278 143 0
279 143 0
280 143 0
281 143 0
282 143 0
283 143 0
285 143 0
286 143 0
287 143 0
288 143 0
220 144 0
221 144 0
222 144 0
223 144 0
224 144 0
262 144 0
263 144 0
264 144 0
265 144 0
266 144 0
267 144 0
268 144 0
269 144 0
270 144 0
271 144 0
272 144 0
273 144 0
274 144 0
275 144 0
276 144 0
277 144 0
278 144 0
279 144 0
280 144 0
281 144 0
282 144 0
283 144 0
284 144 0
223 145 0
224 145 0
225 145 0
252 145 0
254 145 0
257 145 0
258 145 0
259 145 0
260 145 0
261 145 0
262 145 0
263 145 0
264 145 0
265 145 0
266 145 0
267 145 0
268 145 0
269 145 0
270 145 0
271 145 0
272 145 0
273 145 0
274 145 0
275 145 0
277 145 0
224 146 0
225 146 0
226 146 0
227 146 0
246 146 0
248 146 0
249 146 0
250 146 0
251 146 0
252 146 0
253 146 0
254 146 0
255 146 0
256 146 0
257 146 0
258 146 0
259 146 0
260 146 0
261 146 0
262 146 0
263 146 0
264 146 0
265 146 0
266 146 0
267 146 0
268 146 0
269 146 0
270 146 0
240 147 0
241 147 0
242 147 0
243 147 0
244 147 0
245 147 0
246 147 0
247 147 0
248 147 0
249 147 0
250 147 0
251 147 0
252 147 0
253 147 0
254 147 0
255 147 0
256 147 0
257 147 0
258 147 0
259 147 0
260 147 0
261 147 0
262 147 0
263 147 0
236 148 0
237 148 0
238 148 0
239 148 0
240 148 0
241 148 0
242 148 0
243 148 0
244 148 0
245 148 0
246 148 0
247 148 0
248 148 0
249 148 0
250 148 0
251 148 0
252 148 0
253 148 0
254 148 0
255 148 0
233 149 0
234 149 0
235 149 0
236 149 0
237 149 0
238 149 0
239 149 0
249 149 0
227 150 0
228 150 0
229 150 0
232 150 0
233 150 0
234 150 0
235 150 0
236 150 0
226 151 0
227 151 0
228 151 0
231 151 0
232 151 0
233 151 0
234 151 0
226 152 0
227 152 0
228 152 0
231 152 0
232 152 0
233 152 0
189 153 0
226 153 0
227 153 0
231 153 0
232 153 0
187 154 0
225 154 0
226 154 0
227 154 0
230 154 0
185 155 0
226 155 0
230 155 0
184 156 0
225 156 0
226 156 0
183 157 0
184 157 0
225 157 0
226 157 0
229 157 0
182 158 0
224 158 0
180 159 0
181 159 0
182 159 0
172 160 0
173 160 0
174 160 0
175 160 0
176 160 0
177 160 0
178 160 0
225 160 0
243 160 0
170 161 0
171 161 0
172 161 0
173 161 0
174 161 0
175 161 0
176 161 0
177 161 0
168 162 0
169 162 0
170 162 0
171 162 0
172 162 0
173 162 0
174 162 0
175 162 0
176 162 0
166 163 0
167 163 0
168 163 0
169 163 0
170 163 0
171 163 0
172 163 0
173 163 0
174 163 0
165 164 0
166 164 0
167 164 0
168 164 0
169 164 0
170 164 0
171 164 0
151 165 0
152 165 0
153 165 0
154 165 0
165 165 0
166 165 0
167 165 0
168 165 0
169 165 0
170 165 0
144 166 0
145 166 0
146 166 0
147 166 0
148 166 0
149 166 0
150 166 0
151 166 0
152 166 0
153 166 0
154 166 0
141 167 0
142 167 0
143 167 0
144 167 0
145 167 0
146 167 0
147 167 0
148 167 0
149 167 0
150 167 0
151 167 0
152 167 0
140 168 0
141 168 0
142 168 0
143 168 0
144 168 0
145 168 0
146 168 0
147 168 0
148 168 0
140 169 0
141 169 0
142 169 0
143 169 0
144 169 0
145 169 0
146 169 0
135 170 0
136 170 0
137 170 0
138 170 0
141 170 0
142 170 0
143 170 0
132 171 0
133 171 0
134 171 0
137 171 0
138 171 0
130 172 0
131 172 0
132 172 0
133 172 0
134 172 0
166 172 0
162 173 0
165 173 0
166 173 0
154 174 0
160 174 0
161 174 0
164 174 0
165 174 0
166 174 0
167 174 0
168 174 0
169 174 0
145 175 0
158 175 0
159 175 0
160 175 0
161 175 0
162 175 0
163 175 0
164 175 0
165 175 0
166 175 0
167 175 0
132 176 0
159 176 0
160 176 0
161 176 0
162 176 0
163 176 0
164 176 0
165 176 0
166 176 0
167 176 0
168 176 0
159 177 0
160 177 0
161 177 0
162 177 0
163 177 0
164 177 0
165 177 0
166 177 0
167 177 0
168 177 0
146 178 0
149 178 0
150 178 0
151 178 0
153 178 0
154 178 0
155 178 0
157 178 0
159 178 0
160 178 0
161 178 0
162 178 0
163 178 0
164 178 0
165 178 0
166 178 0
167 178 0
168 178 0
143 179 0
144 179 0
145 179 0
146 179 0
147 179 0
148 179 0
149 179 0
150 179 0
151 179 0
152 179 0
153 179 0
154 179 0
156 179 0
139 180 0
140 180 0
141 180 0
142 180 0
143 180 0
144 180 0
145 180 0
146 180 0
147 180 0
148 180 0
149 180 0
150 180 0
152 180 0
154 180 0
198 180 0
129 181 0
130 181 0
131 181 0
132 181 0
133 181 0
134 181 0
135 181 0
136 181 0
137 181 0
138 181 0
139 181 0
140 181 0
141 181 0
142 181 0
143 181 0
169 181 0
170 181 0
171 181 0
130 182 0
131 182 0
132 182 0
133 182 0
134 182 0
135 182 0
136 182 0
137 182 0
138 182 0
139 182 0
168 182 0
169 182 0
170 182 0
194 182 0
135 183 0
167 183 0
232 183 0
175 187 0
176 187 0
235 187 0
236 187 0
241 187 0
246 187 0
253 187 0
255 187 0
258 187 0
230 188 0
235 188 0
236 188 0
237 188 0
239 188 0
240 188 0
244 188 0
245 188 0
248 188 0
249 188 0
256 188 0
259 188 0
260 188 0
270 188 0
231 189 0
235 189 0
236 189 0
237 189 0
238 189 0
239 189 0
240 189 0
241 189 0
242 189 0
243 189 0
244 189 0
245 189 0
246 189 0
249 189 0
251 189 0
252 189 0
253 189 0
254 189 0
286 189 0
231 190 0
236 190 0
237 190 0
238 190 0
239 190 0
240 190 0
241 190 0
242 190 0
246 190 0
247 190 0
248 190 0
249 190 0
250 190 0
251 190 0
252 190 0
253 190 0
256 190 0
257 190 0
258 190 0
263 190 0
265 190 0
294 190 0
238 191 0
239 191 0
240 191 0
241 191 0
242 191 0
250 191 0
252 191 0
255 191 0
259 191 0
225 192 0
234 192 0
241 192 0
249 192 0
264 192 0
268 192 0
269 192 0
270 192 0
220 193 0
233 193 0
234 193 0
235 193 0
236 193 0
237 193 0
266 193 0
268 193 0
269 193 0
270 193 0
281 193 0
233 194 0
234 194 0
235 194 0
236 194 0
237 194 0
238 194 0
273 194 0
276 194 0
281 194 0
284 194 0
285 194 0
289 194 0
291 194 0
293 194 0
305 194 0
173 195 0
174 195 0
175 195 0
176 195 0
220 195 0
221 195 0
233 195 0
234 195 0
235 195 0
236 195 0
237 195 0
285 195 0
290 195 0
291 195 0
298 195 0
311 195 0
149 196 0
178 196 0
231 196 0
232 196 0
233 196 0
234 196 0
237 196 0
289 196 0
290 196 0
294 196 0
295 196 0
296 196 0
297 196 0
298 196 0
303 196 0
308 196 0
321 196 0
137 197 0
139 197 0
140 197 0
155 197 0
215 197 0
216 197 0
218 197 0
219 197 0
229 197 0
230 197 0
231 197 0
312 197 0
313 197 0
315 197 0
316 197 0
319 197 0
326 197 0
228 198 0
231 198 0
304 198 0
309 198 0
314 198 0
315 198 0
316 198 0
146 199 0
185 199 0
186 199 0
226 199 0
329 199 0
330 199 0
162 200 0
187 200 0
188 200 0
214 200 0
225 200 0
226 200 0
228 200 0
130 201 0
132 201 0
133 201 0
143 201 0
157 201 0
162 201 0
209 201 0
211 201 0
214 201 0
223 201 0
224 201 0
155 202 0
158 202 0
179 202 0
209 202 0
212 202 0
213 202 0
221 202 0
142 203 0
157 203 0
158 203 0
179 203 0
180 203 0
181 203 0
186 203 0
208 203 0
213 203 0
155 204 0
156 204 0
176 204 0
177 204 0
182 204 0
207 204 0
208 204 0
209 204 0
210 204 0
211 204 0
138 205 0
139 205 0
150 205 0
151 205 0
153 205 0
160 205 0
178 205 0
179 205 0
180 205 0
190 205 0
209 205 0
211 205 0
212 205 0
213 205 0
214 205 0
137 206 0
138 206 0
190 206 0
191 206 0
207 206 0
208 206 0
209 206 0
210 206 0
211 206 0
212 206 0
145 207 0
146 207 0
158 207 0
159 207 0
160 207 0
174 207 0
175 207 0
177 207 0
187 207 0
189 207 0
190 207 0
205 207 0
206 207 0
207 207 0
208 207 0
209 207 0
210 207 0
211 207 0
212 207 0
213 207 0
142 208 0
156 208 0
157 208 0
167 208 0
175 208 0
176 208 0
189 208 0
199 208 0
204 208 0
205 208 0
206 208 0
207 208 0
208 208 0
209 208 0
210 208 0
141 209 0
154 209 0
155 209 0
172 209 0
186 209 0
187 209 0
188 209 0
189 209 0
202 209 0
203 209 0
204 209 0
205 209 0
206 209 0
207 209 0
208 209 0
139 210 0
169 210 0
170 210 0
171 210 0
172 210 0
173 210 0
185 210 0
186 210 0
187 210 0
188 210 0
200 210 0
201 210 0
202 210 0
203 210 0
204 210 0
205 210 0
206 210 0
207 210 0
150 211 0
151 211 0
168 211 0
185 211 0
186 211 0
187 211 0
198 211 0
199 211 0
200 211 0
201 211 0
202 211 0
203 211 0
132 212 0
147 212 0
148 212 0
149 212 0
150 212 0
151 212 0
152 212 0
157 212 0
160 212 0
164 212 0
185 212 0
186 212 0
187 212 0
196 212 0
198 212 0
199 212 0
200 212 0
201 212 0
202 212 0
146 213 0
147 213 0
148 213 0
149 213 0
150 213 0
161 213 0
184 213 0
185 213 0
186 213 0
193 213 0
194 213 0
195 213 0
197 213 0
198 213 0
199 213 0
200 213 0
201 213 0
145 214 0
146 214 0
148 214 0
159 214 0
160 214 0
161 214 0
164 214 0
167 214 0
183 214 0
184 214 0
185 214 0
195 214 0
196 214 0
197 214 0
198 214 0
199 214 0
143 215 0
144 215 0
145 215 0
146 215 0
147 215 0
157 215 0
159 215 0
161 215 0
164 215 0
165 215 0
182 215 0
183 215 0
184 215 0
194 215 0
195 215 0
196 215 0
197 215 0
198 215 0
142 216 0
143 216 0
144 216 0
145 216 0
156 216 0
157 216 0
158 216 0
159 216 0
160 216 0
161 216 0
162 216 0
163 216 0
164 216 0
181 216 0
182 216 0
183 216 0
190 216 0
193 216 0
194 216 0
195 216 0
196 216 0
197 216 0
198 216 0
141 217 0
142 217 0
143 217 0
144 217 0
154 217 0
155 217 0
157 217 0
158 217 0
159 217 0
160 217 0
161 217 0
179 217 0
180 217 0
181 217 0
182 217 0
190 217 0
191 217 0
192 217 0
193 217 0
194 217 0
195 217 0
196 217 0
142 218 0
143 218 0
153 218 0
154 218 0
155 218 0
156 218 0
157 218 0
159 218 0
180 218 0
181 218 0
182 218 0
189 218 0
192 218 0
193 218 0
194 218 0
195 218 0
148 219 0
149 219 0
150 219 0
151 219 0
154 219 0
155 219 0
156 219 0
158 219 0
179 219 0
180 219 0
181 219 0
188 219 0
190 219 0
191 219 0
192 219 0
193 219 0
194 219 0
149 220 0
151 220 0
152 220 0
153 220 0
154 220 0
155 220 0
179 220 0
180 220 0
188 220 0
189 220 0
190 220 0
191 220 0
192 220 0
193 220 0
146 221 0
148 221 0
149 221 0
150 221 0
151 221 0
152 221 0
153 221 0
154 221 0
178 221 0
179 221 0
180 221 0
186 221 0
187 221 0
188 221 0
190 221 0
191 221 0
192 221 0
143 222 0
145 222 0
146 222 0
147 222 0
149 222 0
151 222 0
152 222 0
176 222 0
177 222 0
178 222 0
179 222 0
187 222 0
188 222 0
189 222 0
190 222 0
191 222 0
192 222 0
143 223 0
144 223 0
145 223 0
146 223 0
147 223 0
148 223 0
150 223 0
175 223 0
176 223 0
177 223 0
178 223 0
187 223 0
188 223 0
189 223 0
190 223 0
191 223 0
143 224 0
144 224 0
145 224 0
146 224 0
147 224 0
175 224 0
176 224 0
177 224 0
178 224 0
185 224 0
187 224 0
188 224 0
189 224 0
144 225 0
145 225 0
146 225 0
172 225 0
173 225 0
174 225 0
175 225 0
176 225 0
177 225 0
182 225 0
184 225 0
185 225 0
186 225 0
187 225 0
188 225 0
189 225 0
172 226 0
173 226 0
174 226 0
175 226 0
176 226 0
181 226 0
184 226 0
185 226 0
186 226 0
187 226 0
188 226 0
171 227 0
172 227 0
173 227 0
174 227 0
175 227 0
180 227 0
183 227 0
184 227 0
185 227 0
186 227 0
187 227 0
170 228 0
171 228 0
172 228 0
173 228 0
174 228 0
181 228 0
182 228 0
183 228 0
184 228 0
185 228 0
186 228 0
187 228 0
169 229 0
170 229 0
171 229 0
172 229 0
181 229 0
182 229 0
183 229 0
184 229 0
185 229 0
169 230 0
170 230 0
171 230 0
172 230 0
179 230 0
180 230 0
181 230 0
182 230 0
183 230 0
184 230 0
185 230 0
169 231 0
170 231 0
171 231 0
178 231 0
179 231 0
180 231 0
181 231 0
182 231 0
183 231 0
184 231 0
168 232 0
169 232 0
170 232 0
176 232 0
177 232 0
178 232 0
179 232 0
180 232 0
181 232 0
182 232 0
183 232 0
175 233 0
176 233 0
177 233 0
178 233 0
179 233 0
180 233 0
181 233 0
182 233 0
173 234 0
174 234 0
175 234 0
176 234 0
177 234 0
178 234 0
179 234 0
180 234 0
181 234 0
170 235 0
172 235 0
173 235 0
174 235 0
175 235 0
176 235 0
177 235 0
178 235 0
179 235 0
171 236 0
172 236 0
173 236 0
174 236 0
175 236 0
176 236 0
177 236 0
178 236 0
179 236 0
169 237 0
170 237 0
171 237 0
172 237 0
173 237 0
174 237 0
175 237 0
176 237 0
177 237 0
170 238 0
171 238 0
172 238 0
173 238 0
174 238 0
175 238 0
176 238 0
171 239 0
172 239 0
173 239 0
174 239 0
263 1 1
264 1 1
263 2 1
264 2 1
265 2 1
221 3 1
222 3 1
229 3 1
248 3 1
264 3 1
265 3 1
266 3 1
222 4 1
223 4 1
264 4 1
265 4 1
266 4 1
267 4 1
287 4 1
299 4 1
300 4 1
223 5 1
266 5 1
267 5 1
268 5 1
231 6 1
253 6 1
254 6 1
267 6 1
268 6 1
269 6 1
288 6 1
300 6 1
268 7 1
269 7 1
215 8 1
229 8 1
269 8 1
270 8 1
271 8 1
288 8 1
215 9 1
216 9 1
217 9 1
228 9 1
229 9 1
230 9 1
270 9 1
271 9 1
272 9 1
301 9 1
215 10 1
216 10 1
217 10 1
218 10 1
219 10 1
272 10 1
273 10 1
274 10 1
216 11 1
217 11 1
218 11 1
219 11 1
273 11 1
274 11 1
275 11 1
301 11 1
302 11 1
217 12 1
218 12 1
219 12 1
220 12 1
274 12 1
275 12 1
276 12 1
277 12 1
302 12 1
217 13 1
218 13 1
219 13 1
220 13 1
221 13 1
232 13 1
235 13 1
278 13 1
279 13 1
219 14 1
220 14 1
221 14 1
222 14 1
277 14 1
278 14 1
279 14 1
280 14 1
219 15 1
220 15 1
221 15 1
222 15 1
223 15 1
221 16 1
222 16 1
223 16 1
224 16 1
225 16 1
244 16 1
224 17 1
225 17 1
224 18 1
225 18 1
225 19 1
226 19 1
227 19 1
240 19 1
225 20 1
226 20 1
227 20 1
228 20 1
227 21 1
301 22 1
213 25 1
214 25 1
215 25 1
214 26 1
215 26 1
216 26 1
217 26 1
218 26 1
219 26 1
216 27 1
218 27 1
219 27 1
220 27 1
221 27 1
230 27 1
219 28 1
220 28 1
221 28 1
222 28 1
223 28 1
224 28 1
225 28 1
239 28 1
221 29 1
222 29 1
223 29 1
224 29 1
225 29 1
226 29 1
232 29 1
222 30 1
223 30 1
224 30 1
225 30 1
240 30 1
235 31 1
300 33 1
215 34 1
216 34 1
217 34 1
218 34 1
216 35 1
219 35 1
220 35 1
218 36 1
219 36 1
220 36 1
221 36 1
222 36 1
223 36 1
219 37 1
220 37 1
221 37 1
222 37 1
223 37 1
227 37 1
221 38 1
222 38 1
297 38 1
223 39 1
229 39 1
238 41 1
236 48 1
300 48 1
301 49 1
235 50 1
244 50 1
245 50 1
246 50 1
301 50 1
245 51 1
246 51 1
302 51 1
246 52 1
247 52 1
248 52 1
302 52 1
248 53 1
249 53 1
302 53 1
303 53 1
240 54 1
248 54 1
249 54 1
250 54 1
251 54 1
303 54 1
248 55 1
249 55 1
250 55 1
251 55 1
252 55 1
303 55 1
249 56 1
250 56 1
251 56 1
252 56 1
253 56 1
303 56 1
304 56 1
252 57 1
253 57 1
254 57 1
304 57 1
252 58 1
253 58 1
254 58 1
255 58 1
304 58 1
305 58 1
254 59 1
255 59 1
305 59 1
306 59 1
254 60 1
256 60 1
259 60 1
257 61 1
259 61 1
306 61 1
307 61 1
259 62 1
306 62 1
260 63 1
261 63 1
308 63 1
260 64 1
262 65 1
270 65 1
308 66 1
254 67 1
313 70 1
314 70 1
267 72 1
315 72 1
316 73 1
273 74 1
315 75 1
276 77 1
276 78 1
278 81 1
321 81 1
278 82 1
279 82 1
322 82 1
280 83 1
323 84 1
280 85 1
323 85 1
281 86 1
281 87 1
325 87 1
281 89 1
262 90 1
282 90 1
283 90 1
262 91 1
329 92 1
283 93 1
285 94 1
286 96 1
334 96 1
294 111 1
298 120 1
340 33 2
339 34 2
340 34 2
341 34 2
342 34 2
343 34 2
344 34 2
