176 130 0
176 131 0
177 131 0
178 131 0
169 133 0
170 133 0
180 133 0
181 133 0
182 134 0
183 134 0
183 135 0
184 135 0
332 135 0
170 137 0
171 137 0
170 138 0
171 138 0
172 138 0
188 138 0
169 139 0
170 139 0
171 139 0
172 139 0
174 139 0
175 139 0
190 139 0
192 139 0
170 140 0
171 140 0
172 140 0
173 140 0
174 140 0
191 140 0
192 140 0
193 140 0
315 140 0
316 140 0
317 140 0
318 140 0
170 141 0
171 141 0
172 141 0
173 141 0
195 141 0
312 141 0
313 141 0
314 141 0
315 141 0
316 141 0
171 142 0
172 142 0
173 142 0
174 142 0
175 142 0
310 142 0
311 142 0
312 142 0
313 142 0
314 142 0
317 142 0
172 143 0
173 143 0
174 143 0
201 143 0
307 143 0
309 143 0
310 143 0
311 143 0
313 143 0
173 144 0
174 144 0
175 144 0
176 144 0
307 144 0
308 144 0
309 144 0
310 144 0
312 144 0
313 144 0
303 145 0
304 145 0
305 145 0
306 145 0
307 145 0
308 145 0
299 146 0
301 146 0
302 146 0
303 146 0
306 146 0
307 146 0
177 147 0
297 147 0
298 147 0
299 147 0
300 147 0
301 147 0
302 147 0
305 147 0
289 148 0
290 148 0
291 148 0
292 148 0
293 148 0
294 148 0
295 148 0
296 148 0
300 148 0
181 149 0
182 149 0
183 149 0
287 149 0
290 149 0
291 149 0
293 149 0
294 149 0
295 149 0
296 149 0
297 149 0
298 149 0
299 149 0
182 150 0
183 150 0
184 150 0
185 150 0
282 150 0
286 150 0
287 150 0
289 150 0
290 150 0
291 150 0
292 150 0
294 150 0
184 151 0
185 151 0
274 151 0
275 151 0
278 151 0
279 151 0
282 151 0
283 151 0
284 151 0
285 151 0
286 151 0
288 151 0
289 151 0
290 151 0
292 151 0
185 152 0
186 152 0
187 152 0
214 152 0
217 152 0
273 152 0
275 152 0
276 152 0
277 152 0
278 152 0
279 152 0
280 152 0
281 152 0
284 152 0
285 152 0
187 153 0
215 153 0
216 153 0
266 153 0
268 153 0
269 153 0
270 153 0
271 153 0
272 153 0
273 153 0
274 153 0
275 153 0
276 153 0
277 153 0
279 153 0
280 153 0
281 153 0
284 153 0
189 154 0
219 154 0
220 154 0
221 154 0
260 154 0
262 154 0
263 154 0
265 154 0
266 154 0
267 154 0
268 154 0
269 154 0
270 154 0
271 154 0
272 154 0
273 154 0
274 154 0
275 154 0
276 154 0
279 154 0
218 155 0
219 155 0
222 155 0
224 155 0
255 155 0
256 155 0
257 155 0
258 155 0
259 155 0
260 155 0
261 155 0
262 155 0
263 155 0
264 155 0
265 155 0
266 155 0
267 155 0
268 155 0
269 155 0
270 155 0
271 155 0
272 155 0
273 155 0
274 155 0
275 155 0
221 156 0
223 156 0
224 156 0
225 156 0
227 156 0
253 156 0
254 156 0
255 156 0
256 156 0
257 156 0
258 156 0
259 156 0
260 156 0
261 156 0
262 156 0
263 156 0
264 156 0
265 156 0
266 156 0
267 156 0
223 157 0
224 157 0
225 157 0
226 157 0
242 157 0
243 157 0
244 157 0
245 157 0
246 157 0
247 157 0
248 157 0
249 157 0
250 157 0
251 157 0
252 157 0
253 157 0
254 157 0
255 157 0
256 157 0
257 157 0
258 157 0
259 157 0
260 157 0
261 157 0
262 157 0
263 157 0
264 157 0
265 157 0
226 158 0
227 158 0
241 158 0
242 158 0
243 158 0
244 158 0
245 158 0
246 158 0
247 158 0
248 158 0
249 158 0
250 158 0
251 158 0
252 158 0
253 158 0
254 158 0
255 158 0
256 158 0
257 158 0
258 158 0
237 159 0
238 159 0
239 159 0
240 159 0
241 159 0
242 159 0
243 159 0
244 159 0
245 159 0
246 159 0
247 159 0
248 159 0
249 159 0
250 159 0
251 159 0
253 159 0
234 160 0
235 160 0
236 160 0
237 160 0
238 160 0
239 160 0
240 160 0
241 160 0
242 160 0
243 160 0
244 160 0
245 160 0
248 160 0
229 161 0
230 161 0
233 161 0
234 161 0
235 161 0
236 161 0
237 161 0
238 161 0
239 161 0
227 162 0
228 162 0
229 162 0
233 162 0
234 162 0
235 162 0
226 163 0
227 163 0
228 163 0
229 163 0
231 163 0
232 163 0
233 163 0
234 163 0
225 164 0
227 164 0
228 164 0
231 164 0
233 164 0
226 165 0
227 165 0
228 165 0
231 165 0
226 166 0
227 166 0
225 167 0
226 167 0
227 167 0
230 167 0
231 167 0
226 168 0
230 168 0
226 171 0
225 172 0
182 173 0
226 173 0
246 173 0
181 174 0
182 174 0
175 175 0
176 175 0
177 175 0
179 175 0
180 175 0
172 176 0
173 176 0
174 176 0
175 176 0
176 176 0
177 176 0
178 176 0
179 176 0
170 177 0
171 177 0
172 177 0
173 177 0
174 177 0
175 177 0
176 177 0
177 177 0
163 178 0
164 178 0
165 178 0
166 178 0
167 178 0
168 178 0
169 178 0
170 178 0
171 178 0
172 178 0
173 178 0
174 178 0
162 179 0
163 179 0
164 179 0
165 179 0
166 179 0
167 179 0
168 179 0
169 179 0
170 179 0
171 179 0
172 179 0
149 180 0
163 180 0
164 180 0
165 180 0
166 180 0
167 180 0
168 180 0
169 180 0
170 180 0
151 181 0
156 181 0
159 181 0
164 181 0
154 182 0
155 182 0
156 182 0
150 183 0
151 183 0
152 183 0
153 183 0
147 184 0
142 185 0
148 185 0
166 185 0
167 185 0
141 186 0
144 186 0
146 186 0
139 187 0
140 187 0
136 188 0
134 189 0
135 189 0
161 189 0
162 189 0
131 190 0
132 190 0
147 190 0
151 190 0
159 190 0
168 192 0
161 193 0
162 193 0
163 193 0
164 193 0
165 193 0
166 193 0
169 193 0
170 193 0
153 194 0
155 194 0
156 194 0
159 194 0
160 194 0
161 194 0
171 194 0
148 195 0
149 195 0
150 195 0
152 195 0
153 195 0
154 195 0
155 195 0
156 195 0
157 195 0
158 195 0
159 195 0
200 195 0
302 195 0
145 196 0
146 196 0
147 196 0
140 197 0
141 197 0
142 197 0
143 197 0
144 197 0
132 198 0
133 198 0
135 198 0
136 198 0
137 198 0
138 198 0
139 198 0
140 198 0
238 198 0
250 198 0
253 198 0
134 199 0
135 199 0
136 199 0
137 199 0
238 199 0
240 199 0
260 199 0
261 199 0
266 199 0
236 200 0
237 200 0
238 200 0
239 200 0
240 200 0
241 200 0
242 200 0
244 200 0
245 200 0
249 200 0
250 200 0
251 200 0
252 200 0
253 200 0
254 200 0
257 200 0
258 200 0
285 200 0
238 201 0
239 201 0
240 201 0
241 201 0
242 201 0
243 201 0
244 201 0
245 201 0
246 201 0
247 201 0
248 201 0
249 201 0
251 201 0
252 201 0
253 201 0
254 201 0
255 201 0
256 201 0
257 201 0
258 201 0
259 201 0
260 201 0
275 201 0
238 202 0
239 202 0
240 202 0
241 202 0
242 202 0
243 202 0
244 202 0
245 202 0
246 202 0
247 202 0
248 202 0
249 202 0
250 202 0
251 202 0
252 202 0
253 202 0
254 202 0
255 202 0
256 202 0
257 202 0
258 202 0
259 202 0
260 202 0
261 202 0
264 202 0
265 202 0
267 202 0
268 202 0
239 203 0
240 203 0
241 203 0
242 203 0
243 203 0
244 203 0
245 203 0
246 203 0
247 203 0
248 203 0
249 203 0
250 203 0
251 203 0
253 203 0
255 203 0
256 203 0
260 203 0
269 203 0
270 203 0
271 203 0
272 203 0
273 203 0
274 203 0
276 203 0
281 203 0
282 203 0
310 203 0
225 204 0
242 204 0
245 204 0
263 204 0
264 204 0
265 204 0
268 204 0
269 204 0
270 204 0
271 204 0
274 204 0
275 204 0
276 204 0
278 204 0
280 204 0
284 204 0
288 204 0
292 204 0
296 204 0
303 204 0
328 204 0
222 205 0
276 205 0
282 205 0
288 205 0
293 205 0
299 205 0
302 205 0
310 205 0
320 205 0
321 205 0
323 205 0
324 205 0
233 206 0
236 206 0
331 206 0
171 207 0
172 207 0
234 207 0
235 207 0
236 207 0
237 207 0
308 207 0
314 207 0
233 208 0
234 208 0
235 208 0
236 208 0
237 208 0
169 209 0
174 209 0
223 209 0
232 209 0
233 209 0
234 209 0
235 209 0
149 210 0
169 210 0
172 210 0
221 210 0
222 210 0
231 210 0
232 210 0
233 210 0
234 210 0
145 211 0
155 211 0
168 211 0
170 211 0
171 211 0
178 211 0
179 211 0
180 211 0
181 211 0
230 211 0
231 211 0
232 211 0
233 211 0
170 212 0
176 212 0
177 212 0
178 212 0
179 212 0
189 212 0
219 212 0
220 212 0
228 212 0
229 212 0
230 212 0
231 212 0
232 212 0
141 213 0
143 213 0
144 213 0
145 213 0
174 213 0
175 213 0
176 213 0
177 213 0
189 213 0
228 213 0
229 213 0
230 213 0
141 214 0
142 214 0
161 214 0
173 214 0
174 214 0
175 214 0
176 214 0
216 214 0
217 214 0
228 214 0
139 215 0
140 215 0
160 215 0
171 215 0
172 215 0
173 215 0
174 215 0
175 215 0
213 215 0
216 215 0
220 215 0
221 215 0
222 215 0
223 215 0
137 216 0
138 216 0
139 216 0
155 216 0
170 216 0
171 216 0
172 216 0
173 216 0
189 216 0
211 216 0
212 216 0
215 216 0
216 216 0
217 216 0
218 216 0
219 216 0
221 216 0
222 216 0
223 216 0
137 217 0
138 217 0
153 217 0
160 217 0
168 217 0
169 217 0
170 217 0
171 217 0
185 217 0
188 217 0
190 217 0
191 217 0
214 217 0
216 217 0
219 217 0
221 217 0
222 217 0
135 218 0
136 218 0
156 218 0
167 218 0
168 218 0
169 218 0
170 218 0
171 218 0
184 218 0
187 218 0
188 218 0
189 218 0
190 218 0
212 218 0
213 218 0
214 218 0
215 218 0
216 218 0
217 218 0
218 218 0
219 218 0
220 218 0
221 218 0
134 219 0
135 219 0
136 219 0
145 219 0
146 219 0
148 219 0
151 219 0
152 219 0
153 219 0
154 219 0
155 219 0
165 219 0
166 219 0
167 219 0
168 219 0
181 219 0
186 219 0
187 219 0
188 219 0
189 219 0
204 219 0
212 219 0
213 219 0
214 219 0
215 219 0
216 219 0
217 219 0
218 219 0
219 219 0
133 220 0
134 220 0
150 220 0
151 220 0
153 220 0
164 220 0
165 220 0
166 220 0
167 220 0
179 220 0
183 220 0
184 220 0
185 220 0
186 220 0
187 220 0
188 220 0
195 220 0
210 220 0
211 220 0
212 220 0
213 220 0
214 220 0
215 220 0
216 220 0
217 220 0
140 221 0
147 221 0
148 221 0
150 221 0
151 221 0
162 221 0
163 221 0
164 221 0
165 221 0
166 221 0
183 221 0
184 221 0
185 221 0
186 221 0
187 221 0
193 221 0
194 221 0
209 221 0
210 221 0
211 221 0
212 221 0
213 221 0
214 221 0
215 221 0
216 221 0
150 222 0
161 222 0
162 222 0
163 222 0
164 222 0
165 222 0
179 222 0
180 222 0
181 222 0
182 222 0
183 222 0
184 222 0
185 222 0
191 222 0
192 222 0
206 222 0
207 222 0
208 222 0
209 222 0
210 222 0
211 222 0
212 222 0
213 222 0
214 222 0
138 223 0
139 223 0
142 223 0
143 223 0
145 223 0
160 223 0
161 223 0
162 223 0
163 223 0
164 223 0
176 223 0
177 223 0
181 223 0
182 223 0
183 223 0
184 223 0
190 223 0
191 223 0
192 223 0
207 223 0
208 223 0
209 223 0
210 223 0
211 223 0
143 224 0
144 224 0
159 224 0
160 224 0
161 224 0
162 224 0
163 224 0
177 224 0
179 224 0
180 224 0
181 224 0
182 224 0
183 224 0
190 224 0
191 224 0
192 224 0
193 224 0
204 224 0
205 224 0
206 224 0
207 224 0
208 224 0
209 224 0
210 224 0
211 224 0
136 225 0
137 225 0
138 225 0
140 225 0
141 225 0
142 225 0
143 225 0
158 225 0
159 225 0
160 225 0
161 225 0
174 225 0
175 225 0
176 225 0
177 225 0
178 225 0
179 225 0
180 225 0
181 225 0
189 225 0
190 225 0
191 225 0
202 225 0
203 225 0
204 225 0
205 225 0
206 225 0
207 225 0
208 225 0
209 225 0
133 226 0
136 226 0
137 226 0
138 226 0
140 226 0
141 226 0
157 226 0
158 226 0
159 226 0
160 226 0
173 226 0
174 226 0
175 226 0
176 226 0
177 226 0
178 226 0
179 226 0
180 226 0
189 226 0
190 226 0
191 226 0
192 226 0
199 226 0
203 226 0
204 226 0
205 226 0
206 226 0
207 226 0
208 226 0
134 227 0
135 227 0
136 227 0
137 227 0
138 227 0
139 227 0
153 227 0
155 227 0
156 227 0
157 227 0
158 227 0
168 227 0
170 227 0
171 227 0
172 227 0
173 227 0
174 227 0
175 227 0
176 227 0
177 227 0
178 227 0
179 227 0
186 227 0
188 227 0
189 227 0
190 227 0
191 227 0
201 227 0
202 227 0
203 227 0
204 227 0
205 227 0
206 227 0
135 228 0
136 228 0
137 228 0
138 228 0
152 228 0
153 228 0
154 228 0
155 228 0
156 228 0
157 228 0
165 228 0
166 228 0
167 228 0
168 228 0
172 228 0
173 228 0
174 228 0
175 228 0
176 228 0
177 228 0
187 228 0
188 228 0
189 228 0
190 228 0
199 228 0
200 228 0
201 228 0
202 228 0
203 228 0
204 228 0
205 228 0
135 229 0
152 229 0
153 229 0
154 229 0
155 229 0
164 229 0
168 229 0
169 229 0
170 229 0
171 229 0
172 229 0
173 229 0
174 229 0
175 229 0
176 229 0
177 229 0
186 229 0
187 229 0
188 229 0
189 229 0
195 229 0
196 229 0
197 229 0
199 229 0
200 229 0
201 229 0
202 229 0
203 229 0
204 229 0
150 230 0
151 230 0
152 230 0
153 230 0
154 230 0
162 230 0
165 230 0
166 230 0
167 230 0
168 230 0
169 230 0
170 230 0
171 230 0
172 230 0
173 230 0
174 230 0
175 230 0
186 230 0
187 230 0
188 230 0
189 230 0
195 230 0
198 230 0
199 230 0
200 230 0
201 230 0
202 230 0
203 230 0
148 231 0
149 231 0
150 231 0
151 231 0
152 231 0
153 231 0
164 231 0
165 231 0
166 231 0
167 231 0
168 231 0
169 231 0
170 231 0
171 231 0
172 231 0
173 231 0
185 231 0
186 231 0
187 231 0
188 231 0
198 231 0
199 231 0
200 231 0
201 231 0
202 231 0
145 232 0
147 232 0
148 232 0
149 232 0
150 232 0
163 232 0
164 232 0
165 232 0
166 232 0
167 232 0
168 232 0
169 232 0
170 232 0
171 232 0
184 232 0
185 232 0
186 232 0
187 232 0
196 232 0
197 232 0
198 232 0
199 232 0
200 232 0
201 232 0
147 233 0
148 233 0
149 233 0
159 233 0
160 233 0
162 233 0
163 233 0
164 233 0
165 233 0
166 233 0
167 233 0
168 233 0
169 233 0
184 233 0
185 233 0
186 233 0
187 233 0
193 233 0
195 233 0
196 233 0
197 233 0
198 233 0
199 233 0
200 233 0
146 234 0
147 234 0
148 234 0
149 234 0
153 234 0
161 234 0
162 234 0
163 234 0
164 234 0
165 234 0
166 234 0
182 234 0
183 234 0
184 234 0
185 234 0
186 234 0
194 234 0
195 234 0
196 234 0
197 234 0
198 234 0
199 234 0
200 234 0
146 235 0
147 235 0
155 235 0
157 235 0
158 235 0
159 235 0
160 235 0
161 235 0
162 235 0
163 235 0
164 235 0
165 235 0
182 235 0
183 235 0
184 235 0
185 235 0
190 235 0
192 235 0
195 235 0
196 235 0
197 235 0
198 235 0
154 236 0
155 236 0
156 236 0
157 236 0
158 236 0
159 236 0
160 236 0
161 236 0
162 236 0
163 236 0
181 236 0
182 236 0
183 236 0
184 236 0
185 236 0
192 236 0
193 236 0
194 236 0
195 236 0
196 236 0
197 236 0
198 236 0
152 237 0
153 237 0
154 237 0
155 237 0
156 237 0
157 237 0
158 237 0
159 237 0
160 237 0
161 237 0
162 237 0
181 237 0
182 237 0
183 237 0
184 237 0
193 237 0
194 237 0
195 237 0
196 237 0
197 237 0
150 238 0
151 238 0
153 238 0
154 238 0
155 238 0
156 238 0
157 238 0
158 238 0
159 238 0
160 238 0
178 238 0
180 238 0
181 238 0
182 238 0
183 238 0
184 238 0
191 238 0
192 238 0
193 238 0
194 238 0
195 238 0
196 238 0
148 239 0
149 239 0
150 239 0
151 239 0
152 239 0
154 239 0
155 239 0
156 239 0
157 239 0
158 239 0
159 239 0
179 239 0
180 239 0
181 239 0
182 239 0
183 239 0
190 239 0
191 239 0
192 239 0
193 239 0
194 239 0
195 239 0
147 240 0
148 240 0
149 240 0
150 240 0
151 240 0
152 240 0
153 240 0
154 240 0
155 240 0
156 240 0
157 240 0
178 240 0
179 240 0
180 240 0
181 240 0
182 240 0
191 240 0
192 240 0
193 240 0
194 240 0
195 240 0
147 241 0
148 241 0
149 241 0
150 241 0
151 241 0
152 241 0
153 241 0
154 241 0
155 241 0
156 241 0
178 241 0
179 241 0
180 241 0
181 241 0
188 241 0
189 241 0
190 241 0
191 241 0
192 241 0
193 241 0
194 241 0
148 242 0
149 242 0
150 242 0
151 242 0
152 242 0
153 242 0
154 242 0
175 242 0
176 242 0
177 242 0
178 242 0
179 242 0
180 242 0
181 242 0
188 242 0
189 242 0
190 242 0
191 242 0
192 242 0
193 242 0
151 243 0
152 243 0
175 243 0
176 243 0
177 243 0
178 243 0
179 243 0
180 243 0
187 243 0
188 243 0
189 243 0
190 243 0
191 243 0
192 243 0
193 243 0
174 244 0
175 244 0
176 244 0
177 244 0
178 244 0
179 244 0
186 244 0
187 244 0
188 244 0
189 244 0
190 244 0
191 244 0
175 245 0
176 245 0
177 245 0
178 245 0
185 245 0
186 245 0
187 245 0
188 245 0
189 245 0
190 245 0
174 246 0
175 246 0
176 246 0
177 246 0
182 246 0
184 246 0
185 246 0
186 246 0
187 246 0
188 246 0
189 246 0
174 247 0
175 247 0
176 247 0
184 247 0
185 247 0
186 247 0
187 247 0
188 247 0
189 247 0
174 248 0
175 248 0
181 248 0
182 248 0
183 248 0
184 248 0
185 248 0
186 248 0
187 248 0
188 248 0
174 249 0
180 249 0
181 249 0
182 249 0
183 249 0
184 249 0
185 249 0
186 249 0
187 249 0
180 250 0
181 250 0
182 250 0
183 250 0
184 250 0
185 250 0
186 250 0
176 251 0
178 251 0
179 251 0
180 251 0
181 251 0
182 251 0
183 251 0
184 251 0
185 251 0
175 252 0
176 252 0
177 252 0
178 252 0
179 252 0
180 252 0
181 252 0
182 252 0
183 252 0
184 252 0
175 253 0
176 253 0
177 253 0
178 253 0
179 253 0
180 253 0
181 253 0
182 253 0
176 254 0
177 254 0
178 254 0
179 254 0
180 254 0
181 254 0
178 255 0
179 255 0
281 258 0
252 1 1
261 1 1
262 1 1
263 1 1
253 2 1
254 2 1
261 2 1
262 2 1
275 2 1
277 2 1
254 3 1
255 3 1
261 3 1
264 3 1
276 3 1
277 3 1
278 3 1
279 3 1
254 4 1
255 4 1
256 4 1
261 4 1
262 4 1
263 4 1
264 4 1
278 4 1
279 4 1
246 5 1
256 5 1
257 5 1
258 5 1
263 5 1
264 5 1
279 5 1
280 5 1
256 6 1
257 6 1
258 6 1
266 6 1
278 6 1
279 6 1
280 6 1
281 6 1
229 7 1
247 7 1
257 7 1
258 7 1
259 7 1
263 7 1
281 7 1
282 7 1
260 8 1
282 8 1
260 9 1
261 9 1
250 10 1
260 10 1
261 10 1
283 10 1
287 10 1
249 11 1
285 11 1
244 12 1
245 12 1
246 12 1
289 12 1
253 15 1
234 16 1
235 17 1
232 18 1
235 20 1
241 24 1
241 25 1
246 25 1
246 26 1
223 27 1
243 27 1
225 28 1
223 29 1
224 29 1
225 29 1
244 29 1
249 29 1
224 30 1
227 31 1
226 32 1
227 32 1
228 33 1
232 38 1
235 39 1
233 40 1
246 40 1
247 41 1
241 43 1
249 43 1
241 44 1
250 44 1
251 45 1
252 45 1
251 46 1
252 46 1
253 46 1
250 47 1
310 48 1
253 49 1
254 49 1
253 50 1
254 50 1
255 50 1
256 50 1
257 50 1
258 50 1
309 50 1
254 51 1
255 51 1
309 51 1
256 52 1
257 52 1
258 52 1
259 52 1
260 52 1
263 52 1
257 53 1
258 53 1
259 53 1
260 53 1
258 54 1
259 54 1
260 54 1
312 54 1
261 55 1
311 55 1
259 56 1
263 56 1
311 56 1
261 57 1
263 57 1
264 57 1
261 58 1
262 58 1
263 58 1
264 58 1
265 58 1
312 58 1
263 59 1
264 59 1
266 59 1
313 59 1
258 60 1
263 60 1
264 60 1
314 60 1
258 61 1
270 61 1
315 62 1
315 64 1
317 65 1
318 65 1
318 66 1
318 67 1
318 68 1
319 68 1
274 70 1
319 70 1
320 70 1
274 71 1
279 71 1
271 72 1
322 73 1
322 74 1
283 75 1
282 77 1
283 77 1
325 77 1
284 79 1
285 79 1
286 81 1
328 81 1
285 82 1
327 82 1
328 82 1
327 83 1
329 85 1
330 85 1
287 86 1
288 86 1
332 88 1
332 89 1
333 89 1
334 91 1
291 94 1
337 95 1
292 97 1
294 100 1
341 100 1
295 101 1
297 107 1
299 112 1
339 35 2
340 35 2
341 35 2
342 35 2
343 35 2
344 35 2
