208 2 0
209 2 0
288 2 0
209 3 0
285 3 0
286 3 0
210 4 0
212 4 0
213 4 0
277 4 0
289 4 0
207 5 0
211 5 0
212 5 0
213 5 0
227 5 0
235 5 0
251 5 0
275 5 0
277 5 0
288 5 0
208 6 0
209 6 0
212 6 0
213 6 0
215 6 0
228 6 0
253 6 0
208 7 0
209 7 0
210 7 0
213 7 0
214 7 0
215 7 0
216 7 0
237 7 0
242 7 0
288 7 0
290 7 0
209 8 0
210 8 0
211 8 0
212 8 0
214 8 0
215 8 0
216 8 0
217 8 0
237 8 0
242 8 0
275 8 0
288 8 0
290 8 0
210 9 0
211 9 0
212 9 0
213 9 0
214 9 0
215 9 0
216 9 0
217 9 0
218 9 0
238 9 0
242 9 0
287 9 0
289 9 0
211 10 0
212 10 0
213 10 0
214 10 0
216 10 0
217 10 0
218 10 0
289 10 0
212 11 0
213 11 0
214 11 0
215 11 0
217 11 0
218 11 0
219 11 0
258 11 0
289 11 0
290 11 0
213 12 0
214 12 0
215 12 0
216 12 0
218 12 0
219 12 0
258 12 0
277 12 0
290 12 0
291 12 0
214 13 0
215 13 0
216 13 0
217 13 0
220 13 0
289 13 0
290 13 0
215 14 0
216 14 0
217 14 0
264 14 0
291 14 0
206 15 0
219 15 0
264 15 0
266 15 0
206 16 0
207 16 0
208 16 0
218 16 0
220 16 0
221 16 0
226 16 0
266 16 0
267 16 0
206 17 0
207 17 0
209 17 0
220 17 0
221 17 0
225 17 0
291 17 0
208 18 0
209 18 0
210 18 0
211 18 0
221 18 0
222 18 0
290 18 0
208 19 0
209 19 0
210 19 0
211 19 0
221 19 0
222 19 0
223 19 0
210 20 0
211 20 0
212 20 0
213 20 0
224 20 0
228 20 0
210 21 0
211 21 0
212 21 0
213 21 0
214 21 0
225 21 0
233 21 0
211 22 0
212 22 0
213 22 0
214 22 0
228 22 0
234 22 0
290 22 0
213 23 0
214 23 0
215 23 0
217 23 0
287 23 0
290 23 0
213 24 0
214 24 0
215 24 0
216 24 0
218 24 0
215 25 0
216 25 0
217 25 0
218 25 0
215 26 0
216 26 0
217 26 0
219 26 0
216 27 0
217 27 0
218 27 0
219 27 0
218 28 0
219 28 0
220 28 0
223 28 0
220 29 0
220 30 0
221 30 0
222 30 0
225 30 0
210 31 0
221 31 0
222 31 0
225 31 0
209 32 0
211 32 0
223 32 0
342 32 0
343 32 0
208 33 0
209 33 0
211 33 0
212 33 0
213 33 0
214 33 0
216 33 0
217 33 0
223 33 0
228 33 0
342 33 0
343 33 0
344 33 0
201 34 0
209 34 0
211 34 0
212 34 0
213 34 0
214 34 0
215 34 0
216 34 0
217 34 0
218 34 0
219 34 0
223 34 0
201 35 0
202 35 0
211 35 0
214 35 0
215 35 0
216 35 0
217 35 0
218 35 0
219 35 0
202 36 0
203 36 0
215 36 0
218 36 0
219 36 0
220 36 0
221 36 0
224 36 0
202 37 0
203 37 0
205 37 0
217 37 0
219 37 0
220 37 0
227 37 0
202 38 0
203 38 0
204 38 0
205 38 0
206 38 0
208 38 0
205 39 0
206 39 0
207 39 0
208 39 0
209 39 0
210 39 0
205 40 0
206 40 0
207 40 0
208 40 0
209 40 0
210 40 0
207 41 0
208 41 0
209 41 0
210 41 0
211 41 0
212 41 0
208 42 0
209 42 0
210 42 0
211 42 0
212 42 0
208 43 0
220 43 0
218 44 0
222 45 0
225 45 0
211 46 0
212 46 0
223 46 0
202 47 0
230 47 0
230 48 0
231 49 0
230 50 0
231 50 0
230 51 0
232 51 0
233 51 0
292 51 0
218 52 0
222 52 0
231 52 0
232 52 0
234 52 0
235 52 0
240 52 0
292 52 0
234 53 0
235 53 0
236 53 0
238 53 0
232 54 0
235 54 0
236 54 0
237 54 0
238 54 0
294 54 0
235 55 0
236 55 0
237 55 0
238 55 0
293 55 0
236 56 0
237 56 0
238 56 0
239 56 0
240 56 0
241 56 0
250 56 0
295 56 0
239 57 0
240 57 0
241 57 0
242 57 0
294 57 0
239 58 0
241 58 0
242 58 0
243 58 0
246 58 0
296 58 0
239 59 0
241 59 0
242 59 0
243 59 0
244 59 0
296 59 0
241 60 0
243 60 0
244 60 0
245 60 0
246 60 0
252 60 0
296 60 0
297 60 0
298 60 0
243 61 0
244 61 0
245 61 0
246 61 0
248 61 0
249 61 0
297 61 0
298 61 0
245 62 0
246 62 0
247 62 0
248 62 0
298 62 0
232 63 0
245 63 0
247 63 0
249 63 0
251 63 0
257 63 0
300 63 0
248 64 0
249 64 0
252 64 0
236 65 0
250 65 0
300 65 0
256 67 0
303 67 0
248 68 0
304 69 0
261 70 0
305 70 0
248 71 0
253 71 0
305 71 0
263 73 0
249 74 0
266 77 0
270 77 0
258 78 0
311 78 0
268 79 0
271 79 0
311 79 0
270 80 0
269 82 0
270 82 0
313 82 0
272 83 0
272 84 0
272 87 0
274 87 0
276 89 0
276 90 0
275 91 0
276 91 0
277 92 0
325 93 0
327 95 0
331 98 0
281 99 0
173 101 0
174 101 0
283 101 0
169 102 0
171 102 0
172 102 0
173 102 0
337 102 0
284 103 0
176 104 0
283 104 0
340 104 0
176 105 0
179 105 0
283 105 0
183 107 0
285 107 0
183 108 0
180 109 0
181 109 0
185 110 0
186 110 0
287 111 0
192 114 0
182 120 0
292 120 0
183 121 0
179 122 0
179 123 0
181 123 0
183 123 0
184 123 0
180 124 0
181 124 0
183 124 0
184 124 0
185 124 0
186 124 0
181 125 0
182 125 0
183 125 0
184 125 0
185 125 0
181 126 0
182 126 0
184 126 0
185 126 0
187 126 0
185 127 0
187 127 0
184 128 0
297 128 0
211 129 0
215 129 0
298 129 0
304 129 0
305 129 0
291 130 0
292 130 0
294 130 0
295 130 0
297 130 0
298 130 0
299 130 0
300 130 0
303 130 0
282 131 0
288 131 0
290 131 0
291 131 0
292 131 0
293 131 0
294 131 0
296 131 0
297 131 0
298 131 0
299 131 0
300 131 0
303 131 0
304 131 0
222 132 0
279 132 0
282 132 0
283 132 0
286 132 0
287 132 0
288 132 0
289 132 0
290 132 0
291 132 0
292 132 0
293 132 0
294 132 0
295 132 0
296 132 0
299 132 0
271 133 0
274 133 0
275 133 0
276 133 0
277 133 0
278 133 0
279 133 0
280 133 0
281 133 0
282 133 0
283 133 0
284 133 0
285 133 0
286 133 0
287 133 0
288 133 0
289 133 0
290 133 0
292 133 0
225 134 0
261 134 0
265 134 0
267 134 0
268 134 0
269 134 0
270 134 0
271 134 0
272 134 0
273 134 0
274 134 0
275 134 0
276 134 0
277 134 0
278 134 0
279 134 0
280 134 0
281 134 0
282 134 0
284 134 0
286 134 0
287 134 0
240 135 0
242 135 0
252 135 0
255 135 0
256 135 0
258 135 0
259 135 0
260 135 0
261 135 0
262 135 0
263 135 0
264 135 0
265 135 0
266 135 0
267 135 0
268 135 0
269 135 0
270 135 0
271 135 0
272 135 0
273 135 0
274 135 0
275 135 0
276 135 0
277 135 0
278 135 0
279 135 0
280 135 0
281 135 0
284 135 0
234 136 0
235 136 0
236 136 0
237 136 0
239 136 0
240 136 0
241 136 0
242 136 0
244 136 0
245 136 0
246 136 0
247 136 0
248 136 0
249 136 0
250 136 0
251 136 0
252 136 0
253 136 0
254 136 0
255 136 0
256 136 0
257 136 0
258 136 0
259 136 0
260 136 0
261 136 0
262 136 0
263 136 0
264 136 0
265 136 0
266 136 0
267 136 0
268 136 0
269 136 0
270 136 0
272 136 0
276 136 0
227 137 0
229 137 0
231 137 0
232 137 0
233 137 0
234 137 0
235 137 0
237 137 0
238 137 0
239 137 0
241 137 0
242 137 0
243 137 0
244 137 0
245 137 0
246 137 0
247 137 0
248 137 0
249 137 0
250 137 0
251 137 0
253 137 0
254 137 0
255 137 0
256 137 0
257 137 0
258 137 0
259 137 0
260 137 0
261 137 0
263 137 0
224 138 0
225 138 0
227 138 0
228 138 0
229 138 0
230 138 0
231 138 0
232 138 0
233 138 0
234 138 0
235 138 0
236 138 0
237 138 0
239 138 0
240 138 0
241 138 0
242 138 0
245 138 0
247 138 0
248 138 0
250 138 0
251 138 0
253 138 0
225 139 0
226 139 0
227 139 0
228 139 0
229 139 0
231 139 0
232 139 0
234 139 0
239 139 0
224 140 0
225 140 0
226 140 0
227 140 0
229 140 0
230 140 0
231 140 0
181 141 0
182 141 0
223 141 0
224 141 0
226 141 0
227 141 0
230 141 0
225 142 0
226 142 0
227 142 0
222 143 0
225 143 0
177 144 0
162 145 0
222 145 0
223 145 0
172 146 0
222 146 0
148 147 0
162 147 0
166 147 0
167 147 0
168 147 0
169 147 0
170 147 0
173 147 0
149 148 0
153 148 0
154 148 0
155 148 0
157 148 0
159 148 0
160 148 0
162 148 0
163 148 0
164 148 0
165 148 0
166 148 0
167 148 0
168 148 0
169 148 0
170 148 0
171 148 0
172 148 0
173 148 0
146 149 0
147 149 0
149 149 0
150 149 0
151 149 0
152 149 0
153 149 0
154 149 0
155 149 0
156 149 0
157 149 0
158 149 0
159 149 0
160 149 0
161 149 0
162 149 0
163 149 0
164 149 0
165 149 0
166 149 0
167 149 0
168 149 0
170 149 0
142 150 0
143 150 0
144 150 0
145 150 0
146 150 0
147 150 0
148 150 0
149 150 0
150 150 0
151 150 0
152 150 0
153 150 0
154 150 0
155 150 0
156 150 0
157 150 0
158 150 0
159 150 0
160 150 0
161 150 0
162 150 0
163 150 0
164 150 0
165 150 0
166 150 0
139 151 0
143 151 0
144 151 0
145 151 0
146 151 0
147 151 0
148 151 0
149 151 0
150 151 0
151 151 0
152 151 0
153 151 0
154 151 0
155 151 0
156 151 0
157 151 0
159 151 0
160 151 0
136 152 0
137 152 0
138 152 0
139 152 0
140 152 0
143 152 0
144 152 0
145 152 0
146 152 0
147 152 0
149 152 0
136 153 0
137 153 0
138 153 0
139 153 0
140 153 0
141 153 0
142 153 0
132 154 0
133 154 0
134 154 0
135 154 0
136 154 0
137 154 0
138 154 0
139 154 0
140 154 0
132 155 0
133 155 0
134 155 0
135 155 0
136 155 0
137 155 0
138 155 0
155 157 0
141 158 0
161 158 0
140 159 0
158 159 0
131 160 0
137 160 0
148 160 0
149 160 0
150 160 0
128 161 0
130 161 0
131 161 0
137 161 0
139 161 0
140 161 0
141 161 0
142 161 0
143 161 0
144 161 0
146 161 0
147 161 0
136 162 0
138 162 0
139 162 0
140 162 0
141 162 0
142 162 0
143 162 0
144 162 0
145 162 0
147 162 0
148 162 0
136 163 0
137 163 0
138 163 0
139 163 0
140 163 0
141 163 0
142 163 0
143 163 0
144 163 0
145 163 0
146 163 0
160 163 0
134 164 0
135 164 0
136 164 0
137 164 0
138 164 0
139 164 0
140 164 0
141 164 0
142 164 0
143 164 0
144 164 0
145 164 0
155 164 0
158 164 0
166 164 0
130 165 0
131 165 0
132 165 0
133 165 0
134 165 0
135 165 0
136 165 0
137 165 0
138 165 0
139 165 0
140 165 0
141 165 0
142 165 0
154 165 0
164 165 0
127 166 0
129 166 0
130 166 0
131 166 0
132 166 0
133 166 0
134 166 0
136 166 0
137 166 0
139 166 0
126 167 0
127 167 0
129 167 0
131 167 0
161 167 0
165 167 0
160 168 0
161 168 0
162 168 0
163 168 0
164 168 0
165 168 0
158 169 0
159 169 0
160 169 0
161 169 0
162 169 0
163 169 0
164 169 0
157 170 0
158 170 0
159 170 0
160 170 0
161 170 0
162 170 0
163 170 0
188 170 0
152 171 0
153 171 0
154 171 0
155 171 0
156 171 0
157 171 0
158 171 0
159 171 0
160 171 0
161 171 0
261 171 0
148 172 0
150 172 0
151 172 0
152 172 0
153 172 0
154 172 0
155 172 0
156 172 0
157 172 0
158 172 0
159 172 0
148 173 0
150 173 0
151 173 0
152 173 0
153 173 0
154 173 0
155 173 0
156 173 0
150 174 0
151 174 0
152 174 0
222 174 0
228 174 0
163 175 0
170 175 0
171 175 0
144 176 0
145 176 0
146 176 0
148 176 0
161 176 0
165 176 0
167 176 0
228 176 0
237 176 0
243 176 0
247 176 0
250 176 0
143 177 0
144 177 0
145 177 0
165 177 0
228 177 0
229 177 0
231 177 0
232 177 0
234 177 0
235 177 0
236 177 0
237 177 0
238 177 0
239 177 0
240 177 0
241 177 0
243 177 0
246 177 0
142 178 0
143 178 0
144 178 0
162 178 0
165 178 0
228 178 0
230 178 0
231 178 0
232 178 0
233 178 0
234 178 0
235 178 0
236 178 0
237 178 0
238 178 0
239 178 0
240 178 0
241 178 0
242 178 0
243 178 0
245 178 0
246 178 0
248 178 0
249 178 0
251 178 0
252 178 0
265 178 0
269 178 0
281 178 0
289 178 0
140 179 0
141 179 0
161 179 0
162 179 0
167 179 0
169 179 0
230 179 0
231 179 0
232 179 0
233 179 0
234 179 0
235 179 0
236 179 0
237 179 0
238 179 0
239 179 0
240 179 0
241 179 0
242 179 0
244 179 0
245 179 0
246 179 0
247 179 0
248 179 0
249 179 0
250 179 0
251 179 0
252 179 0
256 179 0
257 179 0
135 180 0
161 180 0
163 180 0
164 180 0
165 180 0
166 180 0
167 180 0
231 180 0
233 180 0
234 180 0
235 180 0
236 180 0
237 180 0
238 180 0
239 180 0
241 180 0
242 180 0
244 180 0
245 180 0
246 180 0
249 180 0
250 180 0
253 180 0
254 180 0
255 180 0
256 180 0
264 180 0
136 181 0
137 181 0
162 181 0
163 181 0
164 181 0
165 181 0
220 181 0
228 181 0
230 181 0
231 181 0
237 181 0
242 181 0
245 181 0
248 181 0
250 181 0
251 181 0
253 181 0
254 181 0
255 181 0
256 181 0
257 181 0
262 181 0
294 181 0
131 182 0
132 182 0
134 182 0
135 182 0
136 182 0
150 182 0
163 182 0
169 182 0
171 182 0
172 182 0
214 182 0
219 182 0
227 182 0
228 182 0
229 182 0
230 182 0
231 182 0
232 182 0
233 182 0
250 182 0
255 182 0
256 182 0
261 182 0
266 182 0
267 182 0
274 182 0
284 182 0
129 183 0
131 183 0
132 183 0
134 183 0
161 183 0
166 183 0
168 183 0
169 183 0
170 183 0
171 183 0
211 183 0
214 183 0
227 183 0
228 183 0
229 183 0
230 183 0
231 183 0
232 183 0
233 183 0
258 183 0
261 183 0
266 183 0
129 184 0
158 184 0
160 184 0
166 184 0
167 184 0
168 184 0
169 184 0
211 184 0
226 184 0
227 184 0
228 184 0
229 184 0
230 184 0
231 184 0
233 184 0
265 184 0
267 184 0
268 184 0
270 184 0
274 184 0
278 184 0
126 185 0
129 185 0
134 185 0
152 185 0
155 185 0
157 185 0
159 185 0
166 185 0
175 185 0
207 185 0
211 185 0
221 185 0
224 185 0
225 185 0
226 185 0
277 185 0
278 185 0
284 185 0
125 186 0
151 186 0
152 186 0
154 186 0
155 186 0
176 186 0
177 186 0
181 186 0
207 186 0
208 186 0
209 186 0
221 186 0
223 186 0
224 186 0
226 186 0
280 186 0
281 186 0
283 186 0
284 186 0
285 186 0
288 186 0
289 186 0
133 187 0
134 187 0
149 187 0
151 187 0
152 187 0
153 187 0
176 187 0
181 187 0
208 187 0
220 187 0
221 187 0
223 187 0
224 187 0
283 187 0
287 187 0
288 187 0
290 187 0
292 187 0
293 187 0
134 188 0
145 188 0
146 188 0
148 188 0
149 188 0
150 188 0
151 188 0
152 188 0
172 188 0
175 188 0
176 188 0
177 188 0
180 188 0
181 188 0
206 188 0
217 188 0
218 188 0
219 188 0
220 188 0
223 188 0
291 188 0
292 188 0
293 188 0
317 188 0
144 189 0
145 189 0
147 189 0
148 189 0
174 189 0
177 189 0
178 189 0
179 189 0
180 189 0
215 189 0
216 189 0
217 189 0
218 189 0
220 189 0
296 189 0
298 189 0
299 189 0
300 189 0
304 189 0
312 189 0
138 190 0
140 190 0
141 190 0
142 190 0
143 190 0
144 190 0
147 190 0
177 190 0
178 190 0
179 190 0
181 190 0
185 190 0
198 190 0
204 190 0
213 190 0
214 190 0
215 190 0
216 190 0
217 190 0
219 190 0
308 190 0
313 190 0
316 190 0
326 190 0
137 191 0
139 191 0
140 191 0
142 191 0
143 191 0
166 191 0
177 191 0
178 191 0
179 191 0
212 191 0
214 191 0
216 191 0
316 191 0
329 191 0
335 191 0
134 192 0
135 192 0
137 192 0
138 192 0
139 192 0
178 192 0
185 192 0
201 192 0
202 192 0
208 192 0
209 192 0
210 192 0
211 192 0
320 192 0
133 193 0
134 193 0
135 193 0
136 193 0
137 193 0
176 193 0
183 193 0
185 193 0
198 193 0
201 193 0
202 193 0
210 193 0
211 193 0
331 193 0
343 193 0
130 194 0
131 194 0
132 194 0
133 194 0
134 194 0
135 194 0
158 194 0
165 194 0
183 194 0
195 194 0
199 194 0
201 194 0
127 195 0
128 195 0
129 195 0
130 195 0
131 195 0
132 195 0
133 195 0
134 195 0
155 195 0
162 195 0
182 195 0
199 195 0
126 196 0
127 196 0
128 196 0
129 196 0
130 196 0
131 196 0
132 196 0
172 196 0
194 196 0
195 196 0
196 196 0
197 196 0
198 196 0
199 196 0
200 196 0
127 197 0
129 197 0
130 197 0
136 197 0
156 197 0
158 197 0
167 197 0
193 197 0
195 197 0
197 197 0
198 197 0
152 198 0
156 198 0
157 198 0
166 198 0
167 198 0
169 198 0
191 198 0
192 198 0
193 198 0
194 198 0
195 198 0
196 198 0
197 198 0
284 198 0
155 199 0
164 199 0
165 199 0
167 199 0
191 199 0
192 199 0
193 199 0
194 199 0
195 199 0
196 199 0
161 200 0
163 200 0
164 200 0
165 200 0
188 200 0
189 200 0
190 200 0
191 200 0
192 200 0
193 200 0
194 200 0
195 200 0
148 201 0
160 201 0
161 201 0
163 201 0
184 201 0
186 201 0
188 201 0
189 201 0
191 201 0
192 201 0
193 201 0
144 202 0
148 202 0
149 202 0
159 202 0
181 202 0
184 202 0
186 202 0
187 202 0
188 202 0
189 202 0
190 202 0
147 203 0
156 203 0
157 203 0
158 203 0
159 203 0
183 203 0
184 203 0
186 203 0
187 203 0
141 204 0
142 204 0
145 204 0
153 204 0
154 204 0
155 204 0
156 204 0
181 204 0
183 204 0
185 204 0
186 204 0
187 204 0
142 205 0
150 205 0
151 205 0
154 205 0
181 205 0
184 205 0
185 205 0
142 206 0
143 206 0
152 206 0
181 206 0
184 206 0
186 206 0
139 207 0
146 207 0
147 207 0
150 207 0
177 207 0
179 207 0
182 207 0
184 207 0
170 208 0
180 208 0
181 208 0
182 208 0
146 209 0
169 209 0
170 209 0
180 209 0
181 209 0
168 210 0
169 210 0
179 210 0
180 210 0
167 211 0
177 211 0
179 211 0
166 212 0
168 212 0
175 212 0
177 212 0
178 212 0
179 212 0
174 213 0
175 213 0
176 213 0
177 213 0
178 213 0
171 214 0
174 214 0
175 214 0
176 214 0
177 214 0
162 215 0
164 215 0
171 215 0
174 215 0
175 215 0
176 215 0
162 216 0
171 216 0
173 216 0
174 216 0
168 217 0
171 217 0
172 217 0
173 217 0
174 217 0
175 217 0
169 218 0
170 218 0
171 218 0
172 218 0
173 218 0
167 219 0
168 219 0
169 219 0
170 219 0
171 219 0
172 219 0
165 220 0
166 220 0
167 220 0
168 220 0
169 220 0
170 220 0
171 220 0
172 220 0
163 221 0
165 221 0
166 221 0
167 221 0
168 221 0
169 221 0
170 221 0
163 222 0
164 222 0
165 222 0
166 222 0
167 222 0
168 222 0
169 222 0
163 223 0
164 223 0
165 223 0
166 223 0
167 223 0
163 224 0
164 224 0
165 224 0
