175 135 0
172 136 0
173 136 0
174 136 0
175 136 0
176 136 0
177 136 0
172 137 0
173 137 0
174 137 0
175 137 0
176 137 0
177 137 0
178 137 0
170 138 0
171 138 0
172 138 0
173 138 0
174 138 0
175 138 0
176 138 0
177 138 0
178 138 0
179 138 0
180 138 0
181 138 0
171 139 0
172 139 0
173 139 0
174 139 0
178 139 0
179 139 0
180 139 0
182 139 0
170 140 0
171 140 0
172 140 0
179 140 0
180 140 0
181 140 0
183 140 0
184 141 0
185 141 0
186 141 0
184 142 0
185 142 0
186 142 0
187 142 0
318 142 0
319 142 0
322 142 0
185 143 0
188 143 0
189 143 0
317 143 0
318 143 0
171 144 0
172 144 0
173 144 0
187 144 0
192 144 0
318 144 0
192 145 0
312 145 0
313 145 0
317 145 0
193 146 0
194 146 0
312 146 0
313 146 0
314 146 0
315 146 0
316 146 0
195 147 0
196 147 0
308 147 0
309 147 0
310 147 0
314 147 0
176 148 0
200 148 0
304 148 0
305 148 0
306 148 0
307 148 0
310 148 0
311 148 0
312 148 0
313 148 0
174 149 0
175 149 0
176 149 0
177 149 0
178 149 0
301 149 0
303 149 0
304 149 0
305 149 0
306 149 0
174 150 0
175 150 0
176 150 0
177 150 0
205 150 0
299 150 0
300 150 0
306 150 0
175 151 0
176 151 0
177 151 0
178 151 0
208 151 0
295 151 0
296 151 0
297 151 0
298 151 0
299 151 0
300 151 0
176 152 0
177 152 0
178 152 0
210 152 0
292 152 0
299 152 0
178 153 0
288 153 0
289 153 0
290 153 0
293 153 0
294 153 0
295 153 0
296 153 0
297 153 0
300 153 0
181 154 0
182 154 0
212 154 0
283 154 0
284 154 0
285 154 0
286 154 0
288 154 0
289 154 0
291 154 0
292 154 0
293 154 0
294 154 0
180 155 0
181 155 0
182 155 0
183 155 0
184 155 0
282 155 0
283 155 0
284 155 0
285 155 0
286 155 0
287 155 0
288 155 0
291 155 0
292 155 0
183 156 0
184 156 0
185 156 0
274 156 0
277 156 0
278 156 0
279 156 0
280 156 0
281 156 0
282 156 0
283 156 0
284 156 0
285 156 0
286 156 0
287 156 0
288 156 0
289 156 0
290 156 0
185 157 0
186 157 0
272 157 0
273 157 0
274 157 0
275 157 0
276 157 0
277 157 0
278 157 0
279 157 0
280 157 0
281 157 0
282 157 0
283 157 0
284 157 0
186 158 0
187 158 0
188 158 0
189 158 0
266 158 0
267 158 0
268 158 0
269 158 0
270 158 0
271 158 0
272 158 0
273 158 0
274 158 0
275 158 0
276 158 0
277 158 0
278 158 0
279 158 0
280 158 0
187 159 0
188 159 0
260 159 0
262 159 0
263 159 0
264 159 0
265 159 0
266 159 0
267 159 0
268 159 0
269 159 0
270 159 0
271 159 0
272 159 0
273 159 0
274 159 0
276 159 0
189 160 0
190 160 0
221 160 0
259 160 0
260 160 0
261 160 0
262 160 0
263 160 0
264 160 0
265 160 0
266 160 0
267 160 0
268 160 0
269 160 0
270 160 0
271 160 0
275 160 0
191 161 0
244 161 0
252 161 0
253 161 0
254 161 0
255 161 0
256 161 0
257 161 0
258 161 0
259 161 0
260 161 0
261 161 0
262 161 0
263 161 0
264 161 0
265 161 0
266 161 0
192 162 0
226 162 0
243 162 0
244 162 0
246 162 0
247 162 0
248 162 0
252 162 0
253 162 0
254 162 0
255 162 0
256 162 0
257 162 0
258 162 0
259 162 0
260 162 0
261 162 0
262 162 0
263 162 0
193 163 0
227 163 0
228 163 0
239 163 0
240 163 0
242 163 0
243 163 0
244 163 0
245 163 0
246 163 0
247 163 0
248 163 0
249 163 0
250 163 0
251 163 0
252 163 0
253 163 0
254 163 0
255 163 0
256 163 0
257 163 0
258 163 0
260 163 0
237 164 0
238 164 0
240 164 0
241 164 0
242 164 0
243 164 0
244 164 0
245 164 0
246 164 0
247 164 0
248 164 0
249 164 0
250 164 0
251 164 0
252 164 0
253 164 0
254 164 0
236 165 0
237 165 0
238 165 0
239 165 0
240 165 0
241 165 0
242 165 0
243 165 0
244 165 0
245 165 0
246 165 0
247 165 0
248 165 0
235 166 0
236 166 0
237 166 0
238 166 0
239 166 0
240 166 0
241 166 0
242 166 0
243 166 0
230 167 0
231 167 0
234 167 0
235 167 0
236 167 0
237 167 0
238 167 0
239 167 0
228 168 0
229 168 0
230 168 0
231 168 0
233 168 0
234 168 0
235 168 0
236 168 0
228 169 0
229 169 0
230 169 0
233 169 0
234 169 0
235 169 0
228 170 0
229 170 0
233 170 0
234 170 0
228 171 0
229 171 0
232 171 0
228 172 0
229 172 0
228 173 0
232 173 0
227 174 0
228 174 0
226 175 0
227 175 0
228 175 0
231 175 0
233 175 0
227 176 0
186 177 0
188 177 0
228 177 0
185 178 0
186 178 0
187 178 0
184 179 0
185 179 0
186 179 0
188 179 0
227 179 0
228 179 0
181 180 0
183 180 0
186 180 0
179 181 0
180 181 0
181 181 0
182 181 0
183 181 0
184 181 0
185 181 0
228 181 0
175 182 0
176 182 0
177 182 0
178 182 0
179 182 0
180 182 0
181 182 0
182 182 0
183 182 0
174 183 0
175 183 0
176 183 0
177 183 0
178 183 0
179 183 0
180 183 0
181 183 0
173 184 0
174 184 0
175 184 0
176 184 0
177 184 0
178 184 0
179 184 0
173 185 0
174 185 0
175 185 0
176 185 0
173 186 0
165 187 0
136 196 0
138 196 0
139 196 0
150 198 0
146 199 0
270 199 0
142 200 0
170 200 0
171 200 0
136 201 0
137 201 0
159 201 0
160 201 0
161 201 0
162 201 0
157 202 0
158 202 0
159 202 0
161 202 0
162 202 0
260 202 0
147 203 0
148 203 0
150 203 0
151 203 0
152 203 0
155 203 0
175 203 0
176 203 0
253 203 0
258 203 0
146 204 0
147 204 0
151 204 0
257 204 0
145 205 0
174 205 0
239 205 0
241 205 0
242 205 0
245 205 0
247 205 0
248 205 0
249 205 0
250 205 0
251 205 0
254 205 0
255 205 0
303 205 0
239 206 0
240 206 0
241 206 0
242 206 0
243 206 0
244 206 0
245 206 0
246 206 0
247 206 0
248 206 0
249 206 0
250 206 0
251 206 0
252 206 0
253 206 0
254 206 0
268 206 0
169 207 0
170 207 0
240 207 0
241 207 0
242 207 0
243 207 0
244 207 0
245 207 0
246 207 0
247 207 0
248 207 0
249 207 0
250 207 0
251 207 0
252 207 0
253 207 0
255 207 0
275 207 0
276 207 0
279 207 0
291 207 0
324 207 0
181 208 0
241 208 0
242 208 0
243 208 0
244 208 0
245 208 0
246 208 0
247 208 0
248 208 0
249 208 0
250 208 0
251 208 0
252 208 0
253 208 0
260 208 0
261 208 0
262 208 0
263 208 0
267 208 0
268 208 0
269 208 0
272 208 0
273 208 0
274 208 0
275 208 0
277 208 0
283 208 0
285 208 0
302 208 0
307 208 0
243 209 0
244 209 0
245 209 0
246 209 0
247 209 0
248 209 0
249 209 0
250 209 0
257 209 0
268 209 0
269 209 0
274 209 0
275 209 0
281 209 0
290 209 0
293 209 0
302 209 0
319 209 0
163 210 0
304 210 0
305 210 0
307 210 0
315 210 0
318 210 0
328 210 0
157 211 0
160 211 0
176 212 0
238 212 0
155 213 0
236 213 0
237 213 0
238 213 0
239 213 0
156 214 0
178 214 0
180 214 0
225 214 0
234 214 0
235 214 0
236 214 0
237 214 0
238 214 0
150 215 0
154 215 0
170 215 0
175 215 0
232 215 0
234 215 0
235 215 0
236 215 0
237 215 0
238 215 0
150 216 0
152 216 0
153 216 0
171 216 0
172 216 0
173 216 0
174 216 0
175 216 0
176 216 0
177 216 0
222 216 0
223 216 0
232 216 0
233 216 0
234 216 0
235 216 0
236 216 0
151 217 0
152 217 0
153 217 0
163 217 0
170 217 0
171 217 0
172 217 0
173 217 0
174 217 0
175 217 0
176 217 0
183 217 0
226 217 0
230 217 0
231 217 0
232 217 0
233 217 0
234 217 0
235 217 0
150 218 0
172 218 0
173 218 0
174 218 0
175 218 0
176 218 0
184 218 0
221 218 0
229 218 0
230 218 0
231 218 0
232 218 0
233 218 0
234 218 0
148 219 0
149 219 0
150 219 0
151 219 0
158 219 0
167 219 0
168 219 0
169 219 0
170 219 0
171 219 0
172 219 0
173 219 0
174 219 0
179 219 0
180 219 0
181 219 0
182 219 0
228 219 0
229 219 0
230 219 0
231 219 0
232 219 0
233 219 0
144 220 0
145 220 0
146 220 0
147 220 0
162 220 0
169 220 0
170 220 0
171 220 0
172 220 0
173 220 0
177 220 0
178 220 0
179 220 0
180 220 0
181 220 0
220 220 0
221 220 0
227 220 0
228 220 0
229 220 0
230 220 0
145 221 0
146 221 0
147 221 0
166 221 0
167 221 0
168 221 0
169 221 0
170 221 0
175 221 0
176 221 0
177 221 0
178 221 0
179 221 0
216 221 0
218 221 0
225 221 0
226 221 0
227 221 0
228 221 0
229 221 0
143 222 0
144 222 0
161 222 0
162 222 0
163 222 0
164 222 0
165 222 0
166 222 0
167 222 0
168 222 0
169 222 0
170 222 0
174 222 0
175 222 0
176 222 0
177 222 0
178 222 0
192 222 0
217 222 0
219 222 0
220 222 0
222 222 0
223 222 0
224 222 0
225 222 0
226 222 0
142 223 0
143 223 0
144 223 0
161 223 0
165 223 0
166 223 0
167 223 0
168 223 0
169 223 0
173 223 0
174 223 0
175 223 0
176 223 0
193 223 0
216 223 0
217 223 0
218 223 0
219 223 0
220 223 0
221 223 0
222 223 0
223 223 0
224 223 0
139 224 0
140 224 0
141 224 0
160 224 0
162 224 0
163 224 0
164 224 0
165 224 0
171 224 0
172 224 0
173 224 0
174 224 0
175 224 0
185 224 0
186 224 0
189 224 0
190 224 0
191 224 0
192 224 0
216 224 0
218 224 0
219 224 0
220 224 0
221 224 0
222 224 0
223 224 0
138 225 0
139 225 0
140 225 0
141 225 0
153 225 0
158 225 0
159 225 0
160 225 0
161 225 0
162 225 0
163 225 0
169 225 0
170 225 0
171 225 0
172 225 0
173 225 0
174 225 0
184 225 0
185 225 0
189 225 0
190 225 0
191 225 0
192 225 0
193 225 0
213 225 0
214 225 0
215 225 0
216 225 0
217 225 0
218 225 0
219 225 0
220 225 0
221 225 0
222 225 0
245 225 0
137 226 0
138 226 0
139 226 0
150 226 0
151 226 0
152 226 0
156 226 0
157 226 0
158 226 0
159 226 0
168 226 0
169 226 0
170 226 0
171 226 0
172 226 0
180 226 0
181 226 0
187 226 0
188 226 0
189 226 0
190 226 0
191 226 0
192 226 0
193 226 0
214 226 0
215 226 0
216 226 0
217 226 0
218 226 0
219 226 0
220 226 0
221 226 0
137 227 0
138 227 0
151 227 0
152 227 0
154 227 0
155 227 0
156 227 0
168 227 0
169 227 0
170 227 0
171 227 0
185 227 0
186 227 0
187 227 0
188 227 0
189 227 0
190 227 0
191 227 0
192 227 0
212 227 0
213 227 0
214 227 0
215 227 0
216 227 0
217 227 0
218 227 0
219 227 0
220 227 0
135 228 0
136 228 0
137 228 0
152 228 0
153 228 0
154 228 0
155 228 0
156 228 0
164 228 0
166 228 0
167 228 0
168 228 0
169 228 0
183 228 0
186 228 0
187 228 0
188 228 0
189 228 0
190 228 0
196 228 0
211 228 0
212 228 0
213 228 0
214 228 0
215 228 0
216 228 0
217 228 0
135 229 0
136 229 0
148 229 0
149 229 0
150 229 0
151 229 0
152 229 0
153 229 0
154 229 0
155 229 0
165 229 0
166 229 0
167 229 0
168 229 0
169 229 0
181 229 0
184 229 0
185 229 0
186 229 0
187 229 0
188 229 0
189 229 0
195 229 0
196 229 0
210 229 0
211 229 0
212 229 0
213 229 0
214 229 0
215 229 0
216 229 0
217 229 0
145 230 0
147 230 0
150 230 0
151 230 0
163 230 0
164 230 0
165 230 0
166 230 0
167 230 0
180 230 0
181 230 0
182 230 0
183 230 0
184 230 0
185 230 0
186 230 0
187 230 0
188 230 0
193 230 0
194 230 0
195 230 0
196 230 0
208 230 0
209 230 0
210 230 0
211 230 0
212 230 0
213 230 0
214 230 0
215 230 0
143 231 0
144 231 0
145 231 0
146 231 0
147 231 0
148 231 0
149 231 0
150 231 0
160 231 0
162 231 0
163 231 0
164 231 0
165 231 0
166 231 0
167 231 0
181 231 0
182 231 0
183 231 0
184 231 0
185 231 0
186 231 0
193 231 0
194 231 0
195 231 0
196 231 0
206 231 0
207 231 0
208 231 0
209 231 0
210 231 0
211 231 0
212 231 0
213 231 0
142 232 0
143 232 0
144 232 0
145 232 0
146 232 0
147 232 0
148 232 0
161 232 0
162 232 0
163 232 0
164 232 0
165 232 0
179 232 0
180 232 0
181 232 0
182 232 0
183 232 0
184 232 0
185 232 0
191 232 0
192 232 0
193 232 0
194 232 0
195 232 0
196 232 0
205 232 0
206 232 0
207 232 0
208 232 0
209 232 0
210 232 0
211 232 0
212 232 0
140 233 0
141 233 0
142 233 0
143 233 0
144 233 0
145 233 0
146 233 0
147 233 0
148 233 0
159 233 0
160 233 0
161 233 0
162 233 0
163 233 0
164 233 0
175 233 0
176 233 0
177 233 0
178 233 0
179 233 0
180 233 0
181 233 0
182 233 0
183 233 0
184 233 0
192 233 0
193 233 0
194 233 0
195 233 0
205 233 0
206 233 0
207 233 0
208 233 0
209 233 0
211 233 0
137 234 0
138 234 0
139 234 0
140 234 0
141 234 0
142 234 0
143 234 0
144 234 0
145 234 0
146 234 0
158 234 0
159 234 0
160 234 0
161 234 0
162 234 0
163 234 0
174 234 0
175 234 0
176 234 0
177 234 0
178 234 0
179 234 0
180 234 0
181 234 0
182 234 0
190 234 0
191 234 0
192 234 0
193 234 0
194 234 0
204 234 0
205 234 0
206 234 0
207 234 0
208 234 0
209 234 0
137 235 0
138 235 0
139 235 0
140 235 0
141 235 0
142 235 0
143 235 0
144 235 0
157 235 0
158 235 0
159 235 0
160 235 0
161 235 0
170 235 0
171 235 0
172 235 0
173 235 0
175 235 0
176 235 0
177 235 0
178 235 0
179 235 0
180 235 0
181 235 0
190 235 0
191 235 0
192 235 0
193 235 0
202 235 0
203 235 0
204 235 0
205 235 0
206 235 0
207 235 0
137 236 0
138 236 0
139 236 0
140 236 0
141 236 0
142 236 0
143 236 0
154 236 0
155 236 0
156 236 0
157 236 0
158 236 0
159 236 0
160 236 0
170 236 0
171 236 0
172 236 0
173 236 0
174 236 0
175 236 0
176 236 0
177 236 0
178 236 0
179 236 0
180 236 0
190 236 0
191 236 0
192 236 0
193 236 0
203 236 0
204 236 0
205 236 0
206 236 0
138 237 0
139 237 0
140 237 0
141 237 0
153 237 0
154 237 0
155 237 0
156 237 0
157 237 0
158 237 0
163 237 0
167 237 0
170 237 0
171 237 0
172 237 0
173 237 0
174 237 0
175 237 0
176 237 0
177 237 0
178 237 0
187 237 0
189 237 0
190 237 0
191 237 0
192 237 0
199 237 0
200 237 0
201 237 0
202 237 0
203 237 0
204 237 0
205 237 0
151 238 0
152 238 0
153 238 0
154 238 0
155 238 0
156 238 0
157 238 0
165 238 0
166 238 0
168 238 0
169 238 0
170 238 0
171 238 0
172 238 0
173 238 0
174 238 0
175 238 0
176 238 0
187 238 0
189 238 0
190 238 0
191 238 0
198 238 0
200 238 0
201 238 0
202 238 0
203 238 0
204 238 0
205 238 0
149 239 0
151 239 0
152 239 0
153 239 0
154 239 0
155 239 0
164 239 0
165 239 0
166 239 0
167 239 0
168 239 0
169 239 0
170 239 0
171 239 0
172 239 0
173 239 0
174 239 0
175 239 0
188 239 0
189 239 0
190 239 0
200 239 0
201 239 0
202 239 0
203 239 0
204 239 0
205 239 0
149 240 0
150 240 0
151 240 0
152 240 0
153 240 0
161 240 0
163 240 0
164 240 0
166 240 0
167 240 0
168 240 0
169 240 0
170 240 0
171 240 0
172 240 0
173 240 0
186 240 0
187 240 0
188 240 0
189 240 0
190 240 0
197 240 0
198 240 0
199 240 0
200 240 0
201 240 0
202 240 0
203 240 0
150 241 0
151 241 0
152 241 0
164 241 0
165 241 0
166 241 0
167 241 0
168 241 0
169 241 0
170 241 0
171 241 0
186 241 0
187 241 0
188 241 0
189 241 0
190 241 0
199 241 0
200 241 0
201 241 0
202 241 0
203 241 0
149 242 0
150 242 0
151 242 0
152 242 0
160 242 0
162 242 0
163 242 0
164 242 0
165 242 0
166 242 0
167 242 0
168 242 0
169 242 0
186 242 0
187 242 0
188 242 0
189 242 0
197 242 0
198 242 0
199 242 0
200 242 0
201 242 0
202 242 0
148 243 0
149 243 0
150 243 0
151 243 0
160 243 0
161 243 0
162 243 0
163 243 0
164 243 0
165 243 0
166 243 0
167 243 0
168 243 0
183 243 0
184 243 0
185 243 0
186 243 0
187 243 0
188 243 0
195 243 0
197 243 0
198 243 0
199 243 0
200 243 0
201 243 0
155 244 0
156 244 0
157 244 0
158 244 0
159 244 0
160 244 0
161 244 0
162 244 0
163 244 0
164 244 0
165 244 0
166 244 0
184 244 0
185 244 0
186 244 0
187 244 0
188 244 0
196 244 0
197 244 0
198 244 0
199 244 0
200 244 0
201 244 0
157 245 0
158 245 0
159 245 0
160 245 0
161 245 0
162 245 0
163 245 0
164 245 0
165 245 0
183 245 0
184 245 0
185 245 0
186 245 0
187 245 0
188 245 0
196 245 0
197 245 0
198 245 0
199 245 0
200 245 0
154 246 0
155 246 0
156 246 0
157 246 0
158 246 0
159 246 0
160 246 0
161 246 0
162 246 0
163 246 0
183 246 0
184 246 0
185 246 0
186 246 0
194 246 0
195 246 0
196 246 0
197 246 0
198 246 0
199 246 0
151 247 0
152 247 0
153 247 0
154 247 0
155 247 0
156 247 0
157 247 0
158 247 0
159 247 0
160 247 0
161 247 0
181 247 0
182 247 0
183 247 0
184 247 0
185 247 0
186 247 0
191 247 0
192 247 0
193 247 0
194 247 0
195 247 0
196 247 0
197 247 0
198 247 0
199 247 0
150 248 0
151 248 0
152 248 0
153 248 0
154 248 0
155 248 0
156 248 0
157 248 0
158 248 0
159 248 0
160 248 0
181 248 0
182 248 0
183 248 0
184 248 0
185 248 0
193 248 0
194 248 0
195 248 0
196 248 0
197 248 0
198 248 0
151 249 0
152 249 0
153 249 0
154 249 0
155 249 0
156 249 0
157 249 0
158 249 0
159 249 0
179 249 0
180 249 0
181 249 0
182 249 0
183 249 0
184 249 0
190 249 0
191 249 0
192 249 0
193 249 0
194 249 0
195 249 0
196 249 0
197 249 0
152 250 0
153 250 0
154 250 0
155 250 0
156 250 0
157 250 0
180 250 0
181 250 0
182 250 0
183 250 0
189 250 0
190 250 0
191 250 0
192 250 0
193 250 0
194 250 0
195 250 0
196 250 0
154 251 0
155 251 0
179 251 0
180 251 0
181 251 0
182 251 0
189 251 0
190 251 0
191 251 0
192 251 0
193 251 0
194 251 0
195 251 0
178 252 0
179 252 0
180 252 0
181 252 0
188 252 0
189 252 0
190 252 0
191 252 0
192 252 0
193 252 0
194 252 0
176 253 0
177 253 0
178 253 0
179 253 0
180 253 0
187 253 0
188 253 0
189 253 0
190 253 0
191 253 0
192 253 0
193 253 0
177 254 0
178 254 0
179 254 0
180 254 0
186 254 0
188 254 0
189 254 0
190 254 0
191 254 0
192 254 0
193 254 0
177 255 0
178 255 0
179 255 0
186 255 0
187 255 0
188 255 0
189 255 0
190 255 0
191 255 0
192 255 0
185 256 0
186 256 0
187 256 0
188 256 0
189 256 0
190 256 0
184 257 0
185 257 0
186 257 0
187 257 0
188 257 0
189 257 0
190 257 0
184 258 0
185 258 0
187 258 0
188 258 0
259 1 1
260 1 1
258 2 1
259 2 1
260 2 1
261 2 1
265 2 1
266 2 1
283 2 1
260 3 1
261 3 1
268 3 1
269 3 1
270 3 1
282 3 1
284 3 1
285 3 1
261 4 1
262 4 1
263 4 1
270 4 1
272 4 1
283 4 1
284 4 1
285 4 1
261 5 1
262 5 1
263 5 1
264 5 1
272 5 1
284 5 1
285 5 1
261 6 1
262 6 1
263 6 1
264 6 1
272 6 1
285 6 1
286 6 1
287 6 1
261 7 1
263 7 1
264 7 1
287 7 1
266 8 1
286 8 1
287 8 1
288 8 1
266 9 1
267 9 1
273 9 1
289 9 1
236 10 1
289 10 1
290 10 1
235 11 1
236 11 1
267 11 1
268 11 1
275 11 1
236 12 1
269 12 1
291 12 1
292 12 1
235 13 1
239 14 1
240 17 1
241 17 1
242 17 1
243 19 1
259 21 1
244 22 1
245 23 1
246 23 1
225 24 1
226 24 1
247 25 1
247 27 1
248 27 1
230 28 1
250 28 1
232 32 1
235 36 1
312 37 1
240 42 1
241 42 1
253 42 1
257 43 1
254 44 1
244 45 1
256 45 1
257 45 1
258 45 1
311 45 1
257 47 1
258 47 1
257 48 1
258 48 1
259 48 1
260 48 1
260 49 1
262 49 1
252 50 1
261 50 1
262 50 1
263 50 1
265 50 1
312 50 1
260 51 1
261 51 1
262 51 1
263 51 1
265 51 1
265 52 1
262 53 1
264 53 1
265 53 1
262 54 1
263 54 1
264 54 1
271 54 1
264 55 1
265 55 1
266 55 1
264 56 1
265 56 1
265 57 1
266 58 1
267 58 1
268 58 1
269 58 1
270 58 1
266 59 1
267 59 1
268 59 1
269 59 1
317 59 1
271 60 1
318 60 1
319 60 1
270 61 1
273 61 1
271 62 1
319 62 1
277 63 1
271 64 1
272 64 1
273 64 1
282 65 1
320 65 1
321 65 1
322 65 1
274 66 1
275 66 1
277 66 1
321 66 1
322 66 1
277 71 1
325 71 1
280 74 1
280 75 1
326 75 1
286 77 1
288 78 1
330 79 1
330 80 1
292 83 1
332 83 1
330 84 1
333 86 1
335 88 1
336 89 1
292 90 1
336 90 1
293 91 1
336 91 1
338 92 1
296 93 1
296 94 1
296 95 1
341 98 1
298 103 1
299 103 1
300 105 1
305 117 1
312 134 1
340 31 2
341 31 2
342 31 2
341 32 2
342 32 2
343 32 2
344 32 2
344 33 2
