176 171 0
188 172 0
174 176 0
175 176 0
176 176 0
175 177 0
176 177 0
175 178 0
176 178 0
177 178 0
175 179 0
176 179 0
177 179 0
178 179 0
179 179 0
180 179 0
185 179 0
176 180 0
177 180 0
178 180 0
179 180 0
181 180 0
212 180 0
177 181 0
178 181 0
179 181 0
182 181 0
178 182 0
179 182 0
180 182 0
181 182 0
182 182 0
178 183 0
179 183 0
180 183 0
181 183 0
182 183 0
183 183 0
190 183 0
193 183 0
180 184 0
181 184 0
182 184 0
183 184 0
184 184 0
185 184 0
187 184 0
189 184 0
181 185 0
182 185 0
183 185 0
184 185 0
185 185 0
186 185 0
187 185 0
188 185 0
183 186 0
184 186 0
185 186 0
186 186 0
187 186 0
189 186 0
186 187 0
187 187 0
188 187 0
189 187 0
190 187 0
191 187 0
193 187 0
187 188 0
188 188 0
189 188 0
190 188 0
193 188 0
194 188 0
237 188 0
189 189 0
190 189 0
191 189 0
192 189 0
193 189 0
194 189 0
195 189 0
237 189 0
238 189 0
239 189 0
242 189 0
192 190 0
193 190 0
194 190 0
195 190 0
196 190 0
197 190 0
198 190 0
237 190 0
238 190 0
239 190 0
240 190 0
241 190 0
242 190 0
243 190 0
194 191 0
198 191 0
234 191 0
235 191 0
236 191 0
237 191 0
238 191 0
239 191 0
240 191 0
241 191 0
242 191 0
244 191 0
194 192 0
195 192 0
196 192 0
197 192 0
235 192 0
236 192 0
237 192 0
238 192 0
239 192 0
240 192 0
241 192 0
242 192 0
243 192 0
196 193 0
234 193 0
235 193 0
236 193 0
237 193 0
238 193 0
240 193 0
241 193 0
242 193 0
234 194 0
235 194 0
236 194 0
238 194 0
239 194 0
240 194 0
241 194 0
233 195 0
234 195 0
235 195 0
240 195 0
234 196 0
232 197 0
233 197 0
234 197 0
235 197 0
202 198 0
233 198 0
234 198 0
238 198 0
239 198 0
199 200 0
200 200 0
198 201 0
200 201 0
233 201 0
234 201 0
197 202 0
198 202 0
199 202 0
200 202 0
233 202 0
197 203 0
198 203 0
199 203 0
200 203 0
197 204 0
198 204 0
199 204 0
195 205 0
196 205 0
197 205 0
198 205 0
196 206 0
197 206 0
194 207 0
195 207 0
196 207 0
197 207 0
193 208 0
194 208 0
195 208 0
196 208 0
191 209 0
193 209 0
194 209 0
195 209 0
193 210 0
194 210 0
195 210 0
192 211 0
193 211 0
194 211 0
188 212 0
189 212 0
190 212 0
191 212 0
192 212 0
193 212 0
189 213 0
190 213 0
191 213 0
192 213 0
186 214 0
187 214 0
188 214 0
189 214 0
190 214 0
191 214 0
185 215 0
186 215 0
187 215 0
188 215 0
189 215 0
190 215 0
182 216 0
183 216 0
184 216 0
185 216 0
186 216 0
187 216 0
188 216 0
179 217 0
182 217 0
183 217 0
184 217 0
185 217 0
186 217 0
178 218 0
179 218 0
180 218 0
181 218 0
182 218 0
183 218 0
184 218 0
176 219 0
177 219 0
178 219 0
179 219 0
180 219 0
181 219 0
182 219 0
166 220 0
171 220 0
172 220 0
173 220 0
174 220 0
175 220 0
176 220 0
177 220 0
178 220 0
179 220 0
180 220 0
181 220 0
168 221 0
169 221 0
170 221 0
171 221 0
172 221 0
173 221 0
174 221 0
175 221 0
176 221 0
177 221 0
178 221 0
179 221 0
163 222 0
167 222 0
168 222 0
169 222 0
170 222 0
171 222 0
172 222 0
173 222 0
174 222 0
175 222 0
176 222 0
162 223 0
165 223 0
166 223 0
167 223 0
168 223 0
169 223 0
170 223 0
171 223 0
172 223 0
173 223 0
174 223 0
244 223 0
162 224 0
164 224 0
165 224 0
166 224 0
167 224 0
168 224 0
169 224 0
170 224 0
289 224 0
161 225 0
162 225 0
163 225 0
164 225 0
165 225 0
166 225 0
167 225 0
293 225 0
301 225 0
313 225 0
341 225 0
159 226 0
160 226 0
161 226 0
162 226 0
163 226 0
164 226 0
276 226 0
288 226 0
329 226 0
330 226 0
336 226 0
342 226 0
343 226 0
157 227 0
158 227 0
159 227 0
160 227 0
161 227 0
162 227 0
269 227 0
295 227 0
300 227 0
307 227 0
315 227 0
316 227 0
319 227 0
320 227 0
324 227 0
325 227 0
335 227 0
339 227 0
155 228 0
156 228 0
157 228 0
158 228 0
159 228 0
160 228 0
264 228 0
265 228 0
272 228 0
280 228 0
283 228 0
305 228 0
306 228 0
312 228 0
326 228 0
153 229 0
154 229 0
155 229 0
156 229 0
157 229 0
158 229 0
159 229 0
180 229 0
181 229 0
183 229 0
184 229 0
257 229 0
263 229 0
265 229 0
266 229 0
272 229 0
274 229 0
282 229 0
300 229 0
303 229 0
309 229 0
317 229 0
318 229 0
319 229 0
320 229 0
150 230 0
151 230 0
152 230 0
153 230 0
154 230 0
155 230 0
156 230 0
157 230 0
158 230 0
179 230 0
181 230 0
182 230 0
184 230 0
257 230 0
262 230 0
265 230 0
266 230 0
267 230 0
268 230 0
270 230 0
271 230 0
274 230 0
275 230 0
276 230 0
277 230 0
278 230 0
279 230 0
286 230 0
287 230 0
289 230 0
296 230 0
297 230 0
298 230 0
301 230 0
308 230 0
322 230 0
330 230 0
145 231 0
148 231 0
149 231 0
150 231 0
151 231 0
152 231 0
153 231 0
154 231 0
155 231 0
156 231 0
173 231 0
174 231 0
177 231 0
178 231 0
179 231 0
180 231 0
181 231 0
182 231 0
183 231 0
184 231 0
244 231 0
253 231 0
258 231 0
259 231 0
260 231 0
261 231 0
262 231 0
263 231 0
264 231 0
265 231 0
268 231 0
269 231 0
270 231 0
271 231 0
272 231 0
273 231 0
274 231 0
275 231 0
276 231 0
277 231 0
278 231 0
279 231 0
280 231 0
281 231 0
285 231 0
286 231 0
287 231 0
291 231 0
292 231 0
294 231 0
295 231 0
296 231 0
299 231 0
302 231 0
303 231 0
304 231 0
305 231 0
147 232 0
148 232 0
149 232 0
150 232 0
151 232 0
152 232 0
153 232 0
174 232 0
175 232 0
176 232 0
177 232 0
178 232 0
179 232 0
180 232 0
181 232 0
182 232 0
183 232 0
250 232 0
251 232 0
252 232 0
253 232 0
254 232 0
255 232 0
256 232 0
257 232 0
258 232 0
259 232 0
260 232 0
261 232 0
262 232 0
263 232 0
264 232 0
265 232 0
266 232 0
267 232 0
268 232 0
269 232 0
270 232 0
271 232 0
272 232 0
273 232 0
274 232 0
275 232 0
276 232 0
279 232 0
282 232 0
283 232 0
284 232 0
287 232 0
293 232 0
146 233 0
147 233 0
148 233 0
149 233 0
150 233 0
162 233 0
170 233 0
171 233 0
172 233 0
173 233 0
174 233 0
175 233 0
176 233 0
177 233 0
178 233 0
179 233 0
180 233 0
181 233 0
182 233 0
183 233 0
184 233 0
249 233 0
250 233 0
252 233 0
253 233 0
254 233 0
255 233 0
256 233 0
257 233 0
258 233 0
259 233 0
260 233 0
261 233 0
262 233 0
263 233 0
264 233 0
265 233 0
266 233 0
267 233 0
268 233 0
269 233 0
270 233 0
271 233 0
273 233 0
274 233 0
277 233 0
278 233 0
279 233 0
143 234 0
144 234 0
145 234 0
146 234 0
147 234 0
148 234 0
149 234 0
167 234 0
168 234 0
169 234 0
170 234 0
171 234 0
172 234 0
173 234 0
174 234 0
175 234 0
176 234 0
177 234 0
178 234 0
179 234 0
180 234 0
181 234 0
182 234 0
252 234 0
253 234 0
254 234 0
255 234 0
256 234 0
257 234 0
258 234 0
259 234 0
260 234 0
261 234 0
262 234 0
263 234 0
264 234 0
265 234 0
266 234 0
269 234 0
144 235 0
145 235 0
146 235 0
147 235 0
160 235 0
164 235 0
165 235 0
166 235 0
167 235 0
168 235 0
169 235 0
170 235 0
171 235 0
172 235 0
173 235 0
174 235 0
175 235 0
176 235 0
177 235 0
178 235 0
179 235 0
180 235 0
185 235 0
186 235 0
252 235 0
253 235 0
255 235 0
256 235 0
257 235 0
258 235 0
259 235 0
260 235 0
261 235 0
262 235 0
142 236 0
143 236 0
144 236 0
145 236 0
146 236 0
155 236 0
158 236 0
159 236 0
160 236 0
162 236 0
163 236 0
164 236 0
165 236 0
166 236 0
167 236 0
168 236 0
169 236 0
170 236 0
171 236 0
172 236 0
173 236 0
174 236 0
175 236 0
176 236 0
205 236 0
142 237 0
143 237 0
144 237 0
158 237 0
159 237 0
160 237 0
161 237 0
162 237 0
163 237 0
164 237 0
165 237 0
166 237 0
167 237 0
168 237 0
169 237 0
170 237 0
171 237 0
172 237 0
173 237 0
180 237 0
183 237 0
184 237 0
185 237 0
186 237 0
205 237 0
249 237 0
142 238 0
143 238 0
156 238 0
157 238 0
158 238 0
159 238 0
160 238 0
161 238 0
162 238 0
163 238 0
164 238 0
165 238 0
166 238 0
167 238 0
168 238 0
169 238 0
170 238 0
179 238 0
180 238 0
181 238 0
182 238 0
183 238 0
184 238 0
185 238 0
186 238 0
187 238 0
250 238 0
251 238 0
252 238 0
149 239 0
150 239 0
155 239 0
156 239 0
157 239 0
158 239 0
159 239 0
160 239 0
161 239 0
162 239 0
163 239 0
164 239 0
165 239 0
166 239 0
167 239 0
181 239 0
182 239 0
183 239 0
184 239 0
185 239 0
186 239 0
250 239 0
252 239 0
148 240 0
149 240 0
150 240 0
151 240 0
152 240 0
153 240 0
154 240 0
155 240 0
156 240 0
157 240 0
158 240 0
159 240 0
160 240 0
161 240 0
162 240 0
163 240 0
178 240 0
179 240 0
180 240 0
181 240 0
182 240 0
183 240 0
184 240 0
185 240 0
246 240 0
250 240 0
251 240 0
252 240 0
146 241 0
148 241 0
149 241 0
150 241 0
151 241 0
152 241 0
153 241 0
154 241 0
155 241 0
156 241 0
157 241 0
158 241 0
159 241 0
160 241 0
161 241 0
176 241 0
177 241 0
178 241 0
179 241 0
180 241 0
181 241 0
182 241 0
183 241 0
184 241 0
251 241 0
144 242 0
145 242 0
146 242 0
147 242 0
148 242 0
149 242 0
150 242 0
151 242 0
152 242 0
153 242 0
154 242 0
155 242 0
156 242 0
157 242 0
176 242 0
177 242 0
178 242 0
179 242 0
180 242 0
181 242 0
182 242 0
183 242 0
240 242 0
142 243 0
143 243 0
144 243 0
145 243 0
146 243 0
147 243 0
148 243 0
149 243 0
150 243 0
151 243 0
152 243 0
153 243 0
154 243 0
155 243 0
173 243 0
174 243 0
175 243 0
176 243 0
177 243 0
178 243 0
179 243 0
180 243 0
181 243 0
236 243 0
143 244 0
144 244 0
145 244 0
146 244 0
147 244 0
148 244 0
149 244 0
150 244 0
151 244 0
152 244 0
172 244 0
173 244 0
174 244 0
175 244 0
176 244 0
177 244 0
178 244 0
179 244 0
180 244 0
190 244 0
143 245 0
144 245 0
145 245 0
146 245 0
147 245 0
148 245 0
149 245 0
150 245 0
168 245 0
170 245 0
171 245 0
172 245 0
173 245 0
174 245 0
175 245 0
176 245 0
177 245 0
178 245 0
145 246 0
146 246 0
147 246 0
170 246 0
171 246 0
172 246 0
173 246 0
174 246 0
175 246 0
176 246 0
186 246 0
169 247 0
170 247 0
171 247 0
172 247 0
173 247 0
174 247 0
175 247 0
184 247 0
192 247 0
233 247 0
168 248 0
169 248 0
170 248 0
171 248 0
172 248 0
173 248 0
174 248 0
165 249 0
166 249 0
167 249 0
168 249 0
169 249 0
170 249 0
171 249 0
172 249 0
173 249 0
190 249 0
191 249 0
192 249 0
166 250 0
167 250 0
168 250 0
169 250 0
170 250 0
171 250 0
186 250 0
189 250 0
190 250 0
191 250 0
192 250 0
163 251 0
164 251 0
165 251 0
166 251 0
167 251 0
168 251 0
169 251 0
185 251 0
187 251 0
188 251 0
189 251 0
190 251 0
230 251 0
231 251 0
232 251 0
162 252 0
163 252 0
164 252 0
165 252 0
166 252 0
167 252 0
168 252 0
184 252 0
185 252 0
186 252 0
187 252 0
188 252 0
189 252 0
190 252 0
193 252 0
194 252 0
195 252 0
162 253 0
163 253 0
164 253 0
165 253 0
166 253 0
167 253 0
183 253 0
184 253 0
185 253 0
186 253 0
187 253 0
188 253 0
191 253 0
192 253 0
193 253 0
194 253 0
195 253 0
160 254 0
161 254 0
162 254 0
163 254 0
164 254 0
165 254 0
166 254 0
181 254 0
182 254 0
183 254 0
184 254 0
185 254 0
186 254 0
187 254 0
190 254 0
191 254 0
192 254 0
193 254 0
194 254 0
159 255 0
160 255 0
161 255 0
162 255 0
163 255 0
164 255 0
165 255 0
182 255 0
183 255 0
184 255 0
185 255 0
186 255 0
189 255 0
190 255 0
191 255 0
192 255 0
235 255 0
236 255 0
157 256 0
158 256 0
159 256 0
160 256 0
161 256 0
162 256 0
163 256 0
164 256 0
178 256 0
179 256 0
180 256 0
181 256 0
182 256 0
183 256 0
184 256 0
187 256 0
188 256 0
189 256 0
190 256 0
191 256 0
202 256 0
205 256 0
206 256 0
214 256 0
154 257 0
155 257 0
156 257 0
157 257 0
158 257 0
159 257 0
160 257 0
161 257 0
162 257 0
163 257 0
174 257 0
177 257 0
178 257 0
179 257 0
180 257 0
181 257 0
182 257 0
183 257 0
184 257 0
186 257 0
187 257 0
188 257 0
189 257 0
190 257 0
200 257 0
204 257 0
205 257 0
206 257 0
207 257 0
227 257 0
157 258 0
159 258 0
160 258 0
161 258 0
181 258 0
182 258 0
186 258 0
187 258 0
188 258 0
189 258 0
205 258 0
256 2 1
257 2 1
258 2 1
256 3 1
258 3 1
330 3 1
250 4 1
258 4 1
260 4 1
330 4 1
239 5 1
258 5 1
259 5 1
260 5 1
261 5 1
239 6 1
253 6 1
254 6 1
259 6 1
260 6 1
261 6 1
239 7 1
254 7 1
255 7 1
260 7 1
261 7 1
262 7 1
326 7 1
256 8 1
257 8 1
258 8 1
261 8 1
262 8 1
263 8 1
257 9 1
258 9 1
259 9 1
260 9 1
262 9 1
263 9 1
240 10 1
259 10 1
260 10 1
261 10 1
262 10 1
261 11 1
245 15 1
246 15 1
245 16 1
245 17 1
254 19 1
255 20 1
259 21 1
257 22 1
259 23 1
260 23 1
259 24 1
262 24 1
259 25 1
262 25 1
265 26 1
265 27 1
265 28 1
265 29 1
266 30 1
269 30 1
270 30 1
269 31 1
270 31 1
269 32 1
267 33 1
262 34 1
268 34 1
270 34 1
318 34 1
341 34 1
342 34 1
343 34 1
344 34 1
270 35 1
342 35 1
343 35 1
344 35 1
271 36 1
257 37 1
271 37 1
271 38 1
273 38 1
274 39 1
273 40 1
274 40 1
275 42 1
276 43 1
277 43 1
278 44 1
279 44 1
280 44 1
279 46 1
279 47 1
280 47 1
279 48 1
283 49 1
283 50 1
282 52 1
326 55 1
286 56 1
289 62 1
289 63 1
291 63 1
333 71 1
296 74 1
295 76 1
296 83 1
255 87 1
256 87 1
299 89 1
301 94 1
316 131 1
332 155 1
325 156 1
328 156 1
323 157 1
325 157 1
326 157 1
327 157 1
320 158 1
323 158 1
325 158 1
320 159 1
321 159 1
322 159 1
321 160 1
324 160 1
315 161 1
319 161 1
320 161 1
315 162 1
318 162 1
317 163 1
313 164 1
315 164 1
309 165 1
312 165 1
314 165 1
310 166 1
313 166 1
308 167 1
309 167 1
312 167 1
308 168 1
310 168 1
305 169 1
306 169 1
308 169 1
301 170 1
304 170 1
297 171 1
299 171 1
300 171 1
302 171 1
304 171 1
297 172 1
299 172 1
293 173 1
294 173 1
296 173 1
297 173 1
298 173 1
301 173 1
292 174 1
294 174 1
295 174 1
296 174 1
298 174 1
289 175 1
290 175 1
291 175 1
292 175 1
293 175 1
294 175 1
295 175 1
287 176 1
288 176 1
289 176 1
290 176 1
292 176 1
294 176 1
295 176 1
283 177 1
285 177 1
287 177 1
288 177 1
289 177 1
290 177 1
291 177 1
292 177 1
283 178 1
284 178 1
285 178 1
286 178 1
287 178 1
290 178 1
280 179 1
281 179 1
282 179 1
283 179 1
284 179 1
285 179 1
286 179 1
287 179 1
288 179 1
277 180 1
278 180 1
279 180 1
280 180 1
281 180 1
282 180 1
283 180 1
284 180 1
285 180 1
273 181 1
274 181 1
275 181 1
276 181 1
277 181 1
278 181 1
279 181 1
280 181 1
281 181 1
282 181 1
283 181 1
284 181 1
273 182 1
274 182 1
275 182 1
276 182 1
278 182 1
279 182 1
280 182 1
266 183 1
267 183 1
271 183 1
272 183 1
273 183 1
274 183 1
275 183 1
276 183 1
277 183 1
278 183 1
266 184 1
267 184 1
268 184 1
269 184 1
270 184 1
271 184 1
272 184 1
273 184 1
275 184 1
263 185 1
264 185 1
265 185 1
266 185 1
267 185 1
268 185 1
269 185 1
270 185 1
257 186 1
260 186 1
262 186 1
263 186 1
264 186 1
265 186 1
266 186 1
267 186 1
268 186 1
270 186 1
257 187 1
258 187 1
259 187 1
260 187 1
261 187 1
262 187 1
263 187 1
264 187 1
265 187 1
254 188 1
255 188 1
256 188 1
257 188 1
258 188 1
259 188 1
260 188 1
261 188 1
262 188 1
249 189 1
252 189 1
253 189 1
254 189 1
255 189 1
256 189 1
257 189 1
258 189 1
259 189 1
260 189 1
261 189 1
247 190 1
248 190 1
249 190 1
250 190 1
251 190 1
252 190 1
253 190 1
254 190 1
255 190 1
256 190 1
257 190 1
258 190 1
245 191 1
246 191 1
247 191 1
248 191 1
249 191 1
250 191 1
251 191 1
252 191 1
253 191 1
254 191 1
245 192 1
246 192 1
247 192 1
248 192 1
249 192 1
250 192 1
244 193 1
243 194 1
