270 3 0
264 4 0
268 4 0
269 4 0
267 5 0
343 5 0
269 6 0
273 6 0
274 7 0
343 7 0
271 8 0
272 8 0
273 9 0
275 9 0
276 9 0
271 11 0
275 11 0
279 11 0
273 12 0
276 12 0
277 12 0
278 12 0
276 13 0
277 13 0
279 13 0
275 14 0
278 14 0
273 15 0
277 15 0
278 15 0
340 15 0
273 16 0
278 16 0
283 16 0
279 17 0
280 17 0
278 19 0
280 19 0
281 19 0
282 19 0
283 19 0
337 20 0
338 20 0
284 21 0
285 22 0
286 22 0
282 23 0
283 23 0
284 24 0
335 24 0
284 25 0
284 26 0
285 26 0
334 27 0
335 28 0
335 29 0
334 30 0
335 30 0
336 30 0
335 31 0
334 32 0
335 32 0
281 33 0
335 33 0
334 34 0
335 34 0
287 35 0
335 35 0
336 35 0
297 36 0
335 36 0
335 37 0
336 37 0
293 38 0
336 38 0
293 39 0
296 39 0
336 39 0
337 39 0
335 40 0
336 40 0
295 43 0
298 43 0
336 43 0
337 43 0
290 44 0
337 44 0
337 45 0
298 46 0
338 46 0
339 46 0
300 47 0
339 47 0
294 48 0
338 48 0
339 48 0
301 50 0
302 50 0
338 50 0
339 50 0
300 51 0
302 51 0
297 52 0
302 52 0
301 53 0
340 53 0
341 53 0
303 54 0
302 55 0
341 55 0
303 57 0
342 57 0
343 59 0
303 60 0
343 62 0
306 63 0
304 65 0
305 65 0
305 68 0
306 68 0
307 77 0
307 79 0
261 82 0
262 85 0
309 85 0
310 85 0
262 86 0
262 87 0
310 89 0
310 94 0
311 94 0
317 100 0
311 101 0
312 101 0
312 102 0
314 107 0
317 110 0
315 112 0
320 128 0
336 162 0
337 162 0
338 162 0
334 163 0
335 163 0
336 163 0
332 164 0
333 164 0
334 164 0
335 164 0
336 164 0
329 165 0
330 165 0
332 165 0
333 165 0
334 165 0
335 165 0
331 166 0
332 166 0
334 166 0
330 167 0
331 167 0
329 168 0
330 168 0
332 168 0
335 168 0
328 169 0
329 169 0
330 169 0
331 169 0
327 170 0
329 170 0
326 171 0
327 171 0
323 172 0
325 172 0
325 173 0
319 174 0
320 174 0
323 174 0
324 174 0
317 175 0
320 175 0
321 175 0
322 175 0
318 176 0
319 176 0
320 176 0
317 177 0
314 178 0
316 178 0
317 178 0
319 178 0
320 178 0
313 179 0
314 179 0
315 179 0
316 179 0
317 179 0
312 180 0
314 180 0
315 180 0
316 180 0
309 181 0
310 181 0
311 181 0
314 181 0
315 181 0
307 182 0
309 182 0
310 182 0
311 182 0
312 182 0
313 182 0
314 182 0
308 183 0
309 183 0
310 183 0
311 183 0
312 183 0
306 184 0
307 184 0
308 184 0
309 184 0
310 184 0
311 184 0
304 185 0
305 185 0
306 185 0
307 185 0
308 185 0
309 185 0
303 186 0
304 186 0
305 186 0
306 186 0
307 186 0
302 187 0
303 187 0
304 187 0
305 187 0
306 187 0
299 188 0
300 188 0
301 188 0
302 188 0
303 188 0
304 188 0
305 188 0
306 188 0
298 189 0
299 189 0
300 189 0
301 189 0
302 189 0
303 189 0
297 190 0
298 190 0
299 190 0
300 190 0
301 190 0
302 190 0
303 190 0
295 191 0
296 191 0
297 191 0
298 191 0
299 191 0
300 191 0
301 191 0
292 192 0
293 192 0
294 192 0
295 192 0
296 192 0
297 192 0
298 192 0
299 192 0
300 192 0
301 192 0
289 193 0
290 193 0
291 193 0
292 193 0
293 193 0
294 193 0
295 193 0
296 193 0
297 193 0
289 194 0
290 194 0
291 194 0
292 194 0
293 194 0
294 194 0
295 194 0
296 194 0
297 194 0
298 194 0
284 195 0
285 195 0
286 195 0
287 195 0
288 195 0
289 195 0
290 195 0
291 195 0
292 195 0
293 195 0
294 195 0
295 195 0
285 196 0
286 196 0
287 196 0
288 196 0
289 196 0
290 196 0
291 196 0
292 196 0
293 196 0
282 197 0
283 197 0
284 197 0
285 197 0
286 197 0
287 197 0
288 197 0
289 197 0
290 197 0
291 197 0
279 198 0
280 198 0
281 198 0
282 198 0
283 198 0
284 198 0
285 198 0
286 198 0
287 198 0
288 198 0
289 198 0
277 199 0
279 199 0
280 199 0
281 199 0
282 199 0
283 199 0
284 199 0
285 199 0
286 199 0
287 199 0
277 200 0
278 200 0
279 200 0
280 200 0
281 200 0
282 200 0
283 200 0
284 200 0
184 201 0
275 201 0
276 201 0
277 201 0
278 201 0
279 201 0
280 201 0
281 201 0
282 201 0
180 202 0
185 202 0
271 202 0
272 202 0
273 202 0
274 202 0
275 202 0
276 202 0
277 202 0
278 202 0
279 202 0
280 202 0
186 203 0
187 203 0
188 203 0
189 203 0
190 203 0
191 203 0
192 203 0
270 203 0
271 203 0
272 203 0
273 203 0
274 203 0
275 203 0
276 203 0
277 203 0
278 203 0
279 203 0
187 204 0
188 204 0
189 204 0
190 204 0
191 204 0
192 204 0
193 204 0
194 204 0
268 204 0
269 204 0
270 204 0
271 204 0
272 204 0
273 204 0
274 204 0
275 204 0
276 204 0
191 205 0
192 205 0
193 205 0
194 205 0
195 205 0
196 205 0
197 205 0
199 205 0
201 205 0
210 205 0
266 205 0
267 205 0
268 205 0
269 205 0
270 205 0
271 205 0
272 205 0
273 205 0
274 205 0
193 206 0
194 206 0
195 206 0
196 206 0
197 206 0
198 206 0
199 206 0
200 206 0
201 206 0
202 206 0
203 206 0
204 206 0
205 206 0
206 206 0
207 206 0
208 206 0
209 206 0
210 206 0
211 206 0
212 206 0
213 206 0
214 206 0
265 206 0
266 206 0
267 206 0
268 206 0
269 206 0
270 206 0
271 206 0
272 206 0
196 207 0
197 207 0
198 207 0
199 207 0
200 207 0
201 207 0
202 207 0
203 207 0
204 207 0
205 207 0
206 207 0
207 207 0
208 207 0
209 207 0
210 207 0
211 207 0
212 207 0
213 207 0
214 207 0
215 207 0
216 207 0
265 207 0
266 207 0
267 207 0
268 207 0
269 207 0
270 207 0
198 208 0
199 208 0
200 208 0
201 208 0
202 208 0
203 208 0
204 208 0
205 208 0
206 208 0
207 208 0
208 208 0
209 208 0
210 208 0
211 208 0
212 208 0
213 208 0
214 208 0
215 208 0
216 208 0
217 208 0
218 208 0
219 208 0
265 208 0
266 208 0
267 208 0
268 208 0
269 208 0
178 209 0
179 209 0
180 209 0
202 209 0
203 209 0
204 209 0
205 209 0
206 209 0
207 209 0
208 209 0
209 209 0
210 209 0
211 209 0
212 209 0
213 209 0
214 209 0
215 209 0
216 209 0
217 209 0
218 209 0
219 209 0
220 209 0
221 209 0
266 209 0
267 209 0
178 210 0
179 210 0
180 210 0
181 210 0
214 210 0
215 210 0
216 210 0
217 210 0
218 210 0
219 210 0
220 210 0
221 210 0
222 210 0
233 210 0
245 210 0
180 211 0
181 211 0
182 211 0
183 211 0
217 211 0
218 211 0
219 211 0
220 211 0
221 211 0
222 211 0
223 211 0
224 211 0
232 211 0
233 211 0
249 211 0
181 212 0
182 212 0
183 212 0
220 212 0
221 212 0
222 212 0
223 212 0
224 212 0
225 212 0
226 212 0
227 212 0
228 212 0
229 212 0
230 212 0
231 212 0
232 212 0
233 212 0
234 212 0
235 212 0
236 212 0
238 212 0
247 212 0
248 212 0
250 212 0
182 213 0
183 213 0
185 213 0
227 213 0
228 213 0
229 213 0
230 213 0
231 213 0
232 213 0
233 213 0
234 213 0
235 213 0
236 213 0
237 213 0
238 213 0
239 213 0
246 213 0
247 213 0
248 213 0
249 213 0
250 213 0
251 213 0
181 214 0
182 214 0
183 214 0
184 214 0
185 214 0
186 214 0
189 214 0
190 214 0
193 214 0
196 214 0
197 214 0
228 214 0
229 214 0
230 214 0
231 214 0
232 214 0
233 214 0
234 214 0
235 214 0
236 214 0
237 214 0
238 214 0
239 214 0
240 214 0
241 214 0
245 214 0
246 214 0
247 214 0
248 214 0
249 214 0
250 214 0
251 214 0
183 215 0
184 215 0
185 215 0
186 215 0
187 215 0
188 215 0
192 215 0
193 215 0
196 215 0
230 215 0
231 215 0
232 215 0
233 215 0
234 215 0
235 215 0
236 215 0
237 215 0
238 215 0
239 215 0
240 215 0
241 215 0
242 215 0
246 215 0
247 215 0
248 215 0
249 215 0
250 215 0
185 216 0
186 216 0
187 216 0
188 216 0
189 216 0
190 216 0
191 216 0
192 216 0
234 216 0
235 216 0
236 216 0
237 216 0
238 216 0
239 216 0
240 216 0
241 216 0
242 216 0
245 216 0
246 216 0
247 216 0
248 216 0
249 216 0
250 216 0
185 217 0
186 217 0
187 217 0
188 217 0
189 217 0
190 217 0
191 217 0
192 217 0
193 217 0
194 217 0
195 217 0
198 217 0
199 217 0
200 217 0
201 217 0
207 217 0
238 217 0
240 217 0
244 217 0
245 217 0
246 217 0
247 217 0
248 217 0
188 218 0
189 218 0
190 218 0
191 218 0
192 218 0
193 218 0
194 218 0
195 218 0
196 218 0
197 218 0
198 218 0
200 218 0
201 218 0
241 218 0
244 218 0
245 218 0
246 218 0
247 218 0
189 219 0
190 219 0
191 219 0
192 219 0
193 219 0
194 219 0
195 219 0
196 219 0
197 219 0
198 219 0
199 219 0
200 219 0
205 219 0
239 219 0
240 219 0
241 219 0
244 219 0
245 219 0
246 219 0
194 220 0
195 220 0
196 220 0
197 220 0
198 220 0
199 220 0
200 220 0
202 220 0
240 220 0
241 220 0
244 220 0
245 220 0
246 220 0
196 221 0
197 221 0
198 221 0
199 221 0
200 221 0
201 221 0
202 221 0
204 221 0
238 221 0
239 221 0
240 221 0
241 221 0
243 221 0
244 221 0
245 221 0
198 222 0
199 222 0
200 222 0
201 222 0
202 222 0
203 222 0
204 222 0
239 222 0
240 222 0
241 222 0
244 222 0
245 222 0
200 223 0
201 223 0
202 223 0
239 223 0
240 223 0
241 223 0
244 223 0
245 223 0
202 224 0
204 224 0
238 224 0
239 224 0
240 224 0
244 224 0
203 225 0
204 225 0
240 225 0
244 225 0
245 225 0
204 226 0
239 226 0
240 226 0
241 226 0
244 226 0
245 226 0
240 227 0
241 227 0
244 227 0
240 228 0
241 228 0
208 229 0
239 229 0
240 229 0
205 230 0
207 230 0
208 230 0
209 230 0
204 231 0
205 231 0
206 231 0
207 231 0
205 232 0
206 232 0
207 232 0
208 232 0
203 233 0
204 233 0
205 233 0
206 233 0
207 233 0
37 234 0
203 234 0
204 234 0
205 234 0
206 234 0
207 234 0
203 235 0
204 235 0
205 235 0
206 235 0
207 235 0
203 236 0
204 236 0
205 236 0
206 236 0
202 237 0
203 237 0
204 237 0
205 237 0
200 238 0
202 238 0
203 238 0
204 238 0
205 238 0
202 239 0
203 239 0
204 239 0
205 239 0
201 240 0
202 240 0
203 240 0
204 240 0
205 240 0
200 241 0
201 241 0
202 241 0
203 241 0
204 241 0
199 242 0
200 242 0
201 242 0
202 242 0
203 242 0
337 242 0
198 243 0
199 243 0
200 243 0
201 243 0
202 243 0
203 243 0
317 243 0
335 243 0
336 243 0
340 243 0
342 243 0
197 244 0
198 244 0
199 244 0
200 244 0
201 244 0
202 244 0
315 244 0
322 244 0
336 244 0
339 244 0
341 244 0
343 244 0
196 245 0
197 245 0
198 245 0
199 245 0
200 245 0
201 245 0
202 245 0
320 245 0
329 245 0
330 245 0
334 245 0
336 245 0
337 245 0
339 245 0
340 245 0
341 245 0
342 245 0
343 245 0
193 246 0
194 246 0
195 246 0
196 246 0
197 246 0
198 246 0
199 246 0
200 246 0
322 246 0
324 246 0
327 246 0
328 246 0
331 246 0
332 246 0
333 246 0
334 246 0
335 246 0
336 246 0
338 246 0
339 246 0
194 247 0
195 247 0
196 247 0
197 247 0
198 247 0
199 247 0
200 247 0
318 247 0
319 247 0
320 247 0
323 247 0
324 247 0
325 247 0
326 247 0
327 247 0
328 247 0
329 247 0
330 247 0
331 247 0
332 247 0
190 248 0
191 248 0
192 248 0
193 248 0
194 248 0
195 248 0
196 248 0
197 248 0
198 248 0
199 248 0
288 248 0
298 248 0
308 248 0
311 248 0
313 248 0
314 248 0
316 248 0
317 248 0
318 248 0
320 248 0
321 248 0
322 248 0
323 248 0
325 248 0
326 248 0
327 248 0
328 248 0
329 248 0
188 249 0
189 249 0
190 249 0
191 249 0
192 249 0
193 249 0
194 249 0
195 249 0
196 249 0
197 249 0
198 249 0
257 249 0
314 249 0
315 249 0
316 249 0
317 249 0
318 249 0
319 249 0
320 249 0
322 249 0
323 249 0
325 249 0
189 250 0
190 250 0
191 250 0
192 250 0
193 250 0
194 250 0
195 250 0
196 250 0
197 250 0
280 250 0
282 250 0
285 250 0
297 250 0
301 250 0
308 250 0
309 250 0
310 250 0
311 250 0
312 250 0
313 250 0
314 250 0
315 250 0
316 250 0
317 250 0
318 250 0
319 250 0
185 251 0
189 251 0
190 251 0
191 251 0
192 251 0
193 251 0
194 251 0
195 251 0
281 251 0
288 251 0
292 251 0
303 251 0
304 251 0
305 251 0
306 251 0
307 251 0
308 251 0
309 251 0
310 251 0
311 251 0
312 251 0
313 251 0
314 251 0
183 252 0
186 252 0
187 252 0
188 252 0
189 252 0
190 252 0
191 252 0
192 252 0
193 252 0
259 252 0
275 252 0
277 252 0
279 252 0
281 252 0
282 252 0
283 252 0
284 252 0
289 252 0
291 252 0
293 252 0
295 252 0
296 252 0
297 252 0
298 252 0
299 252 0
300 252 0
301 252 0
302 252 0
303 252 0
304 252 0
305 252 0
306 252 0
307 252 0
308 252 0
311 252 0
182 253 0
184 253 0
185 253 0
186 253 0
187 253 0
188 253 0
189 253 0
190 253 0
191 253 0
192 253 0
272 253 0
274 253 0
277 253 0
278 253 0
279 253 0
280 253 0
281 253 0
285 253 0
289 253 0
290 253 0
291 253 0
292 253 0
294 253 0
295 253 0
296 253 0
297 253 0
298 253 0
300 253 0
301 253 0
302 253 0
303 253 0
304 253 0
305 253 0
306 253 0
308 253 0
180 254 0
181 254 0
182 254 0
183 254 0
184 254 0
185 254 0
186 254 0
187 254 0
188 254 0
189 254 0
190 254 0
191 254 0
192 254 0
271 254 0
272 254 0
273 254 0
275 254 0
276 254 0
277 254 0
278 254 0
279 254 0
280 254 0
281 254 0
282 254 0
283 254 0
285 254 0
286 254 0
287 254 0
288 254 0
289 254 0
290 254 0
291 254 0
292 254 0
293 254 0
294 254 0
295 254 0
296 254 0
297 254 0
298 254 0
299 254 0
300 254 0
301 254 0
302 254 0
303 254 0
304 254 0
181 255 0
182 255 0
183 255 0
184 255 0
185 255 0
186 255 0
187 255 0
188 255 0
189 255 0
190 255 0
252 255 0
267 255 0
268 255 0
270 255 0
272 255 0
273 255 0
274 255 0
275 255 0
276 255 0
277 255 0
278 255 0
279 255 0
280 255 0
281 255 0
282 255 0
283 255 0
284 255 0
285 255 0
286 255 0
287 255 0
288 255 0
289 255 0
290 255 0
291 255 0
292 255 0
293 255 0
294 255 0
295 255 0
297 255 0
298 255 0
299 255 0
177 256 0
178 256 0
179 256 0
180 256 0
181 256 0
182 256 0
183 256 0
184 256 0
185 256 0
186 256 0
187 256 0
188 256 0
260 256 0
264 256 0
266 256 0
267 256 0
268 256 0
269 256 0
270 256 0
271 256 0
272 256 0
273 256 0
274 256 0
275 256 0
276 256 0
277 256 0
278 256 0
279 256 0
280 256 0
281 256 0
282 256 0
283 256 0
284 256 0
285 256 0
286 256 0
287 256 0
288 256 0
289 256 0
290 256 0
291 256 0
292 256 0
176 257 0
177 257 0
178 257 0
179 257 0
180 257 0
181 257 0
182 257 0
183 257 0
184 257 0
185 257 0
186 257 0
187 257 0
262 257 0
263 257 0
265 257 0
266 257 0
267 257 0
268 257 0
269 257 0
270 257 0
271 257 0
272 257 0
273 257 0
274 257 0
275 257 0
276 257 0
277 257 0
278 257 0
279 257 0
280 257 0
281 257 0
282 257 0
283 257 0
284 257 0
285 257 0
286 257 0
178 258 0
179 258 0
180 258 0
181 258 0
182 258 0
183 258 0
184 258 0
185 258 0
264 258 0
267 258 0
268 258 0
269 258 0
270 258 0
271 258 0
272 258 0
273 258 0
274 258 0
275 258 0
276 258 0
278 258 0
279 258 0
280 258 0
283 258 0
284 258 0
341 33 1
340 34 1
341 34 1
342 34 1
343 34 1
344 34 1
343 35 1
344 35 1
