257 1 0
258 2 0
259 2 0
262 2 0
261 3 0
263 3 0
264 3 0
265 3 0
262 4 0
266 5 0
271 6 0
270 7 0
272 7 0
264 8 0
267 8 0
268 8 0
270 8 0
267 9 0
268 9 0
270 9 0
269 10 0
270 10 0
270 11 0
271 11 0
273 11 0
273 12 0
274 12 0
275 12 0
276 12 0
271 13 0
273 13 0
274 13 0
275 13 0
276 13 0
277 13 0
278 13 0
268 14 0
270 14 0
271 14 0
277 14 0
278 14 0
337 14 0
275 15 0
276 15 0
278 15 0
270 16 0
271 16 0
272 16 0
274 16 0
275 16 0
276 16 0
271 17 0
272 17 0
273 17 0
275 17 0
277 17 0
280 17 0
281 17 0
283 17 0
284 17 0
152 18 0
272 18 0
275 18 0
276 18 0
277 18 0
278 18 0
280 18 0
277 19 0
278 19 0
275 20 0
279 20 0
280 20 0
281 20 0
275 21 0
280 21 0
283 21 0
338 21 0
274 22 0
275 22 0
276 22 0
278 22 0
281 22 0
274 23 0
275 23 0
278 23 0
280 23 0
280 24 0
277 25 0
278 25 0
279 25 0
281 26 0
282 27 0
283 27 0
286 28 0
283 32 0
341 35 0
342 35 0
343 35 0
344 35 0
339 36 0
340 36 0
341 36 0
342 36 0
343 36 0
344 36 0
339 37 0
340 37 0
341 37 0
295 40 0
289 42 0
292 43 0
295 43 0
301 44 0
295 48 0
296 49 0
299 49 0
300 49 0
334 51 0
294 52 0
337 53 0
296 54 0
337 54 0
338 54 0
299 55 0
337 55 0
296 56 0
300 58 0
303 58 0
340 62 0
300 63 0
298 66 0
296 72 0
302 74 0
303 74 0
261 87 0
262 87 0
257 88 0
258 88 0
259 88 0
260 88 0
261 88 0
262 88 0
253 89 0
309 97 0
304 102 0
284 106 0
307 110 0
309 113 0
290 165 0
289 168 0
336 174 0
337 174 0
337 175 0
338 175 0
156 176 0
334 177 0
333 178 0
335 178 0
334 179 0
329 181 0
255 183 0
325 185 0
316 187 0
319 188 0
322 188 0
297 191 0
298 191 0
320 191 0
295 195 0
299 197 0
304 198 0
306 198 0
308 198 0
305 199 0
306 199 0
306 200 0
303 201 0
306 201 0
295 203 0
301 203 0
297 204 0
298 204 0
301 204 0
294 205 0
297 205 0
298 205 0
278 206 0
294 206 0
295 206 0
301 206 0
289 207 0
290 207 0
293 207 0
290 208 0
290 209 0
282 210 0
283 210 0
286 210 0
283 211 0
285 211 0
286 211 0
287 211 0
289 211 0
279 212 0
275 213 0
276 213 0
279 213 0
283 213 0
278 214 0
281 214 0
277 215 0
278 215 0
279 215 0
272 216 0
274 216 0
275 216 0
276 216 0
278 216 0
279 216 0
280 216 0
179 217 0
181 217 0
233 217 0
269 217 0
270 217 0
271 217 0
272 217 0
274 217 0
275 217 0
181 218 0
183 218 0
185 218 0
186 218 0
187 218 0
270 218 0
271 218 0
274 218 0
181 219 0
182 219 0
183 219 0
184 219 0
185 219 0
187 219 0
188 219 0
189 219 0
266 219 0
268 219 0
269 219 0
271 219 0
272 219 0
185 220 0
187 220 0
188 220 0
189 220 0
191 220 0
192 220 0
193 220 0
195 220 0
267 220 0
268 220 0
271 220 0
191 221 0
192 221 0
194 221 0
196 221 0
197 221 0
198 221 0
199 221 0
200 221 0
201 221 0
211 221 0
265 221 0
267 221 0
268 221 0
271 221 0
192 222 0
195 222 0
196 222 0
198 222 0
199 222 0
200 222 0
201 222 0
202 222 0
203 222 0
204 222 0
205 222 0
206 222 0
207 222 0
208 222 0
209 222 0
210 222 0
211 222 0
212 222 0
213 222 0
214 222 0
261 222 0
262 222 0
263 222 0
264 222 0
265 222 0
266 222 0
268 222 0
197 223 0
199 223 0
200 223 0
201 223 0
202 223 0
203 223 0
204 223 0
205 223 0
206 223 0
207 223 0
208 223 0
209 223 0
210 223 0
211 223 0
212 223 0
213 223 0
214 223 0
215 223 0
216 223 0
217 223 0
218 223 0
260 223 0
261 223 0
262 223 0
263 223 0
264 223 0
265 223 0
202 224 0
205 224 0
207 224 0
210 224 0
212 224 0
213 224 0
214 224 0
215 224 0
216 224 0
217 224 0
218 224 0
219 224 0
220 224 0
257 224 0
258 224 0
259 224 0
260 224 0
261 224 0
262 224 0
183 225 0
214 225 0
215 225 0
216 225 0
217 225 0
218 225 0
219 225 0
220 225 0
221 225 0
256 225 0
259 225 0
178 226 0
217 226 0
218 226 0
219 226 0
254 226 0
256 226 0
177 227 0
178 227 0
219 227 0
178 228 0
179 228 0
228 228 0
229 228 0
232 228 0
246 228 0
179 229 0
224 229 0
227 229 0
234 229 0
235 229 0
236 229 0
237 229 0
239 229 0
240 229 0
244 229 0
246 229 0
179 230 0
181 230 0
182 230 0
235 230 0
242 230 0
244 230 0
245 230 0
247 230 0
174 231 0
181 231 0
182 231 0
184 231 0
235 231 0
242 231 0
243 231 0
247 231 0
182 232 0
184 232 0
185 232 0
187 232 0
242 232 0
247 232 0
184 233 0
185 233 0
187 233 0
246 233 0
185 234 0
186 234 0
188 234 0
190 234 0
243 234 0
244 234 0
246 234 0
247 234 0
188 235 0
189 235 0
190 235 0
191 235 0
192 235 0
193 235 0
246 235 0
158 236 0
163 236 0
189 236 0
191 236 0
194 236 0
195 236 0
196 236 0
197 236 0
242 236 0
194 237 0
195 237 0
196 237 0
197 237 0
198 237 0
199 237 0
201 237 0
245 237 0
197 238 0
198 238 0
200 238 0
202 238 0
198 239 0
199 239 0
200 239 0
202 239 0
249 239 0
202 240 0
203 241 0
244 242 0
244 243 0
194 244 0
176 245 0
177 245 0
196 245 0
209 245 0
203 248 0
245 248 0
209 249 0
210 249 0
247 249 0
201 250 0
203 250 0
246 250 0
247 250 0
202 251 0
203 251 0
211 251 0
245 251 0
201 252 0
208 252 0
245 252 0
208 254 0
247 254 0
149 255 0
208 255 0
208 257 0
248 257 0
249 257 0
338 257 0
343 257 0
