276 1 0
277 1 0
278 1 0
279 1 0
280 1 0
260 2 0
261 2 0
262 2 0
263 2 0
270 2 0
272 2 0
273 2 0
274 2 0
275 2 0
276 2 0
277 2 0
278 2 0
279 2 0
280 2 0
281 2 0
282 2 0
260 3 0
261 3 0
262 3 0
263 3 0
264 3 0
265 3 0
271 3 0
272 3 0
273 3 0
275 3 0
276 3 0
277 3 0
278 3 0
279 3 0
280 3 0
281 3 0
282 3 0
261 4 0
262 4 0
263 4 0
264 4 0
265 4 0
266 4 0
274 4 0
275 4 0
276 4 0
277 4 0
278 4 0
279 4 0
280 4 0
281 4 0
262 5 0
263 5 0
264 5 0
265 5 0
266 5 0
267 5 0
275 5 0
276 5 0
277 5 0
278 5 0
279 5 0
280 5 0
281 5 0
263 6 0
264 6 0
265 6 0
266 6 0
267 6 0
268 6 0
277 6 0
278 6 0
279 6 0
280 6 0
281 6 0
264 7 0
265 7 0
266 7 0
268 7 0
269 7 0
270 7 0
264 8 0
265 8 0
266 8 0
267 8 0
268 8 0
269 8 0
270 8 0
267 9 0
268 9 0
269 9 0
270 9 0
342 9 0
268 10 0
269 10 0
270 10 0
271 10 0
272 10 0
273 10 0
268 11 0
270 11 0
271 11 0
272 11 0
273 11 0
277 11 0
278 11 0
268 12 0
269 12 0
270 12 0
271 12 0
272 12 0
273 12 0
274 12 0
277 12 0
270 13 0
271 13 0
272 13 0
273 13 0
274 13 0
275 13 0
276 13 0
277 13 0
343 13 0
269 14 0
271 14 0
272 14 0
273 14 0
274 14 0
275 14 0
276 14 0
277 14 0
272 15 0
274 15 0
275 15 0
276 15 0
277 15 0
274 16 0
275 16 0
276 16 0
277 16 0
278 16 0
273 17 0
274 17 0
275 17 0
276 17 0
277 17 0
278 17 0
279 17 0
273 18 0
274 18 0
275 18 0
276 18 0
277 18 0
278 18 0
279 18 0
340 18 0
342 18 0
275 19 0
276 19 0
277 19 0
278 19 0
279 19 0
280 19 0
340 19 0
341 19 0
276 20 0
277 20 0
278 20 0
279 20 0
280 20 0
281 20 0
276 21 0
277 21 0
278 21 0
279 21 0
280 21 0
281 21 0
339 21 0
341 21 0
266 22 0
277 22 0
278 22 0
279 22 0
280 22 0
281 22 0
282 22 0
276 23 0
279 23 0
280 23 0
281 23 0
282 23 0
269 24 0
280 24 0
281 24 0
282 24 0
283 24 0
284 24 0
339 24 0
281 25 0
282 25 0
283 25 0
284 25 0
281 26 0
282 26 0
283 26 0
284 26 0
285 26 0
286 26 0
277 27 0
282 27 0
283 27 0
284 27 0
285 27 0
282 28 0
283 28 0
284 28 0
285 28 0
338 28 0
282 29 0
283 29 0
284 29 0
285 29 0
286 29 0
287 29 0
336 29 0
337 29 0
280 30 0
283 30 0
284 30 0
285 30 0
286 30 0
287 30 0
284 31 0
285 31 0
286 31 0
288 31 0
335 31 0
337 31 0
286 32 0
288 32 0
290 32 0
336 32 0
337 32 0
285 33 0
286 33 0
287 33 0
289 33 0
290 33 0
334 33 0
335 33 0
336 33 0
286 34 0
287 34 0
288 34 0
289 34 0
290 34 0
335 34 0
336 34 0
287 35 0
288 35 0
289 35 0
291 35 0
292 35 0
293 35 0
334 35 0
335 35 0
336 35 0
290 36 0
292 36 0
335 36 0
336 36 0
289 37 0
290 37 0
292 37 0
334 37 0
335 37 0
336 37 0
285 38 0
290 38 0
291 38 0
292 38 0
335 38 0
336 38 0
289 39 0
290 39 0
293 39 0
335 39 0
336 39 0
290 40 0
292 40 0
295 40 0
298 40 0
335 40 0
336 40 0
294 41 0
295 41 0
298 41 0
335 41 0
336 41 0
294 42 0
295 42 0
296 42 0
335 42 0
336 42 0
337 42 0
293 43 0
294 43 0
295 43 0
296 43 0
335 43 0
336 43 0
337 43 0
292 44 0
293 44 0
294 44 0
295 44 0
296 44 0
335 44 0
336 44 0
337 44 0
292 45 0
293 45 0
296 45 0
297 45 0
298 45 0
335 45 0
336 45 0
337 45 0
291 46 0
296 46 0
297 46 0
298 46 0
301 46 0
335 46 0
336 46 0
337 46 0
338 46 0
297 47 0
298 47 0
337 47 0
338 47 0
298 48 0
299 48 0
300 48 0
336 48 0
337 48 0
338 48 0
298 49 0
299 49 0
300 49 0
337 49 0
339 49 0
298 50 0
299 50 0
300 50 0
337 50 0
338 50 0
339 50 0
298 51 0
299 51 0
300 51 0
301 51 0
338 51 0
339 51 0
340 51 0
299 52 0
300 52 0
301 52 0
338 52 0
339 52 0
300 53 0
301 53 0
339 53 0
340 53 0
300 54 0
301 54 0
302 54 0
338 54 0
339 54 0
340 54 0
341 54 0
301 55 0
302 55 0
339 55 0
340 55 0
341 55 0
301 56 0
302 56 0
303 56 0
340 56 0
341 56 0
302 57 0
303 57 0
304 57 0
340 57 0
341 57 0
342 57 0
302 58 0
303 58 0
304 58 0
339 58 0
340 58 0
341 58 0
342 58 0
302 59 0
303 59 0
304 59 0
341 59 0
342 59 0
302 60 0
303 60 0
304 60 0
341 60 0
342 60 0
343 60 0
302 61 0
303 61 0
304 61 0
305 61 0
342 61 0
343 61 0
303 62 0
304 62 0
343 62 0
303 63 0
304 63 0
305 63 0
342 63 0
343 63 0
304 64 0
305 64 0
343 64 0
304 65 0
305 65 0
342 65 0
304 66 0
305 66 0
306 66 0
307 66 0
304 67 0
305 67 0
306 67 0
305 68 0
306 68 0
305 69 0
306 69 0
307 69 0
306 70 0
305 71 0
306 71 0
307 71 0
308 71 0
306 72 0
307 72 0
306 73 0
307 73 0
306 74 0
307 74 0
308 74 0
291 75 0
306 75 0
307 75 0
307 76 0
308 76 0
307 77 0
307 78 0
308 78 0
307 79 0
308 79 0
307 80 0
308 80 0
309 80 0
308 81 0
309 81 0
308 82 0
309 82 0
308 83 0
309 83 0
309 84 0
308 85 0
309 85 0
310 85 0
309 86 0
310 86 0
310 87 0
310 88 0
263 89 0
264 89 0
310 89 0
264 90 0
265 90 0
310 90 0
311 90 0
266 91 0
310 91 0
311 91 0
310 92 0
311 92 0
310 93 0
311 93 0
312 93 0
311 94 0
311 95 0
312 95 0
311 96 0
312 96 0
311 98 0
312 98 0
312 99 0
312 100 0
312 101 0
313 101 0
312 102 0
313 102 0
313 103 0
313 104 0
314 104 0
313 105 0
314 106 0
315 107 0
314 108 0
315 108 0
315 109 0
315 111 0
315 113 0
316 114 0
319 114 0
316 115 0
315 117 0
317 117 0
317 118 0
318 120 0
319 120 0
318 122 0
319 122 0
320 126 0
191 127 0
326 139 0
343 174 0
341 175 0
342 175 0
343 175 0
337 176 0
340 176 0
341 176 0
342 176 0
340 177 0
336 178 0
338 178 0
339 178 0
335 179 0
337 179 0
338 179 0
336 180 0
337 181 0
332 182 0
334 182 0
329 184 0
330 184 0
331 184 0
332 184 0
328 185 0
329 185 0
327 186 0
328 186 0
326 188 0
327 188 0
322 189 0
323 189 0
324 189 0
325 189 0
326 189 0
321 190 0
322 190 0
323 190 0
324 190 0
319 191 0
320 191 0
321 191 0
318 192 0
319 192 0
320 192 0
321 192 0
322 192 0
323 192 0
317 193 0
318 193 0
319 193 0
320 193 0
315 194 0
316 194 0
317 194 0
318 194 0
314 195 0
315 195 0
316 195 0
317 195 0
318 195 0
311 196 0
312 196 0
313 196 0
314 196 0
315 196 0
316 196 0
311 197 0
312 197 0
313 197 0
314 197 0
315 197 0
308 198 0
309 198 0
310 198 0
311 198 0
312 198 0
313 198 0
314 198 0
307 199 0
308 199 0
309 199 0
310 199 0
311 199 0
306 200 0
307 200 0
308 200 0
309 200 0
310 200 0
304 201 0
305 201 0
306 201 0
307 201 0
308 201 0
309 201 0
310 201 0
302 202 0
303 202 0
304 202 0
305 202 0
306 202 0
307 202 0
301 203 0
302 203 0
303 203 0
304 203 0
305 203 0
306 203 0
307 203 0
298 204 0
299 204 0
300 204 0
301 204 0
302 204 0
303 204 0
304 204 0
297 205 0
298 205 0
299 205 0
300 205 0
301 205 0
302 205 0
303 205 0
294 206 0
295 206 0
296 206 0
297 206 0
298 206 0
299 206 0
300 206 0
301 206 0
302 206 0
292 207 0
293 207 0
294 207 0
295 207 0
296 207 0
297 207 0
298 207 0
299 207 0
300 207 0
290 208 0
291 208 0
292 208 0
293 208 0
294 208 0
295 208 0
296 208 0
297 208 0
298 208 0
288 209 0
289 209 0
290 209 0
291 209 0
292 209 0
293 209 0
294 209 0
295 209 0
286 210 0
287 210 0
288 210 0
289 210 0
290 210 0
291 210 0
292 210 0
293 210 0
284 211 0
285 211 0
286 211 0
287 211 0
288 211 0
289 211 0
290 211 0
291 211 0
282 212 0
283 212 0
284 212 0
285 212 0
286 212 0
287 212 0
288 212 0
289 212 0
186 213 0
187 213 0
188 213 0
189 213 0
190 213 0
191 213 0
192 213 0
193 213 0
281 213 0
282 213 0
283 213 0
284 213 0
285 213 0
286 213 0
287 213 0
185 214 0
186 214 0
187 214 0
188 214 0
189 214 0
190 214 0
191 214 0
193 214 0
194 214 0
195 214 0
196 214 0
278 214 0
279 214 0
280 214 0
281 214 0
282 214 0
283 214 0
284 214 0
285 214 0
286 214 0
185 215 0
186 215 0
187 215 0
189 215 0
191 215 0
192 215 0
193 215 0
194 215 0
195 215 0
196 215 0
197 215 0
198 215 0
199 215 0
200 215 0
201 215 0
276 215 0
277 215 0
278 215 0
279 215 0
280 215 0
281 215 0
282 215 0
283 215 0
284 215 0
185 216 0
186 216 0
194 216 0
195 216 0
196 216 0
197 216 0
198 216 0
199 216 0
200 216 0
201 216 0
202 216 0
203 216 0
274 216 0
275 216 0
276 216 0
277 216 0
278 216 0
279 216 0
280 216 0
281 216 0
185 217 0
196 217 0
197 217 0
199 217 0
200 217 0
201 217 0
202 217 0
203 217 0
204 217 0
205 217 0
206 217 0
207 217 0
208 217 0
209 217 0
218 217 0
272 217 0
273 217 0
274 217 0
275 217 0
276 217 0
277 217 0
278 217 0
279 217 0
185 218 0
201 218 0
202 218 0
203 218 0
204 218 0
205 218 0
206 218 0
207 218 0
208 218 0
209 218 0
210 218 0
211 218 0
212 218 0
213 218 0
214 218 0
215 218 0
216 218 0
217 218 0
218 218 0
219 218 0
220 218 0
221 218 0
222 218 0
269 218 0
270 218 0
271 218 0
272 218 0
273 218 0
274 218 0
275 218 0
276 218 0
277 218 0
278 218 0
204 219 0
205 219 0
206 219 0
207 219 0
208 219 0
209 219 0
210 219 0
211 219 0
212 219 0
213 219 0
214 219 0
215 219 0
216 219 0
217 219 0
218 219 0
219 219 0
220 219 0
221 219 0
222 219 0
223 219 0
224 219 0
225 219 0
268 219 0
269 219 0
270 219 0
271 219 0
272 219 0
273 219 0
274 219 0
275 219 0
208 220 0
209 220 0
210 220 0
211 220 0
212 220 0
213 220 0
214 220 0
215 220 0
216 220 0
217 220 0
218 220 0
219 220 0
220 220 0
221 220 0
222 220 0
223 220 0
224 220 0
225 220 0
226 220 0
227 220 0
267 220 0
268 220 0
269 220 0
270 220 0
271 220 0
272 220 0
273 220 0
274 220 0
275 220 0
210 221 0
212 221 0
214 221 0
216 221 0
218 221 0
222 221 0
223 221 0
224 221 0
225 221 0
226 221 0
227 221 0
228 221 0
229 221 0
230 221 0
231 221 0
268 221 0
269 221 0
270 221 0
271 221 0
185 222 0
224 222 0
225 222 0
226 222 0
227 222 0
228 222 0
229 222 0
230 222 0
231 222 0
232 222 0
233 222 0
234 222 0
235 222 0
187 223 0
188 223 0
227 223 0
228 223 0
229 223 0
230 223 0
231 223 0
232 223 0
233 223 0
234 223 0
235 223 0
236 223 0
237 223 0
238 223 0
239 223 0
186 224 0
187 224 0
227 224 0
230 224 0
231 224 0
232 224 0
233 224 0
234 224 0
235 224 0
236 224 0
237 224 0
238 224 0
239 224 0
240 224 0
241 224 0
252 224 0
253 224 0
254 224 0
255 224 0
188 225 0
189 225 0
190 225 0
192 225 0
232 225 0
233 225 0
234 225 0
235 225 0
236 225 0
237 225 0
238 225 0
239 225 0
240 225 0
251 225 0
252 225 0
253 225 0
254 225 0
255 225 0
187 226 0
188 226 0
190 226 0
191 226 0
240 226 0
242 226 0
243 226 0
244 226 0
245 226 0
246 226 0
251 226 0
252 226 0
253 226 0
254 226 0
255 226 0
190 227 0
192 227 0
242 227 0
243 227 0
244 227 0
245 227 0
251 227 0
252 227 0
253 227 0
254 227 0
255 227 0
256 227 0
192 228 0
193 228 0
194 228 0
195 228 0
196 228 0
197 228 0
199 228 0
200 228 0
245 228 0
250 228 0
251 228 0
252 228 0
253 228 0
254 228 0
255 228 0
256 228 0
191 229 0
192 229 0
193 229 0
194 229 0
195 229 0
196 229 0
197 229 0
198 229 0
199 229 0
250 229 0
253 229 0
254 229 0
255 229 0
194 230 0
195 230 0
196 230 0
197 230 0
198 230 0
199 230 0
200 230 0
201 230 0
202 230 0
203 230 0
204 230 0
248 230 0
249 230 0
250 230 0
252 230 0
253 230 0
254 230 0
195 231 0
196 231 0
197 231 0
198 231 0
199 231 0
200 231 0
201 231 0
202 231 0
203 231 0
204 231 0
205 231 0
206 231 0
207 231 0
247 231 0
248 231 0
249 231 0
250 231 0
252 231 0
253 231 0
199 232 0
200 232 0
201 232 0
202 232 0
203 232 0
204 232 0
205 232 0
206 232 0
209 232 0
247 232 0
248 232 0
250 232 0
252 232 0
253 232 0
201 233 0
202 233 0
203 233 0
204 233 0
205 233 0
206 233 0
207 233 0
208 233 0
248 233 0
252 233 0
204 234 0
205 234 0
206 234 0
207 234 0
208 234 0
209 234 0
247 234 0
248 234 0
205 235 0
206 235 0
207 235 0
208 235 0
209 235 0
210 235 0
212 235 0
247 235 0
248 235 0
252 235 0
208 236 0
209 236 0
210 236 0
247 236 0
211 237 0
247 237 0
213 242 0
213 243 0
214 243 0
215 243 0
213 244 0
214 244 0
215 244 0
212 245 0
213 245 0
214 245 0
215 245 0
211 246 0
212 246 0
213 246 0
214 246 0
211 247 0
212 247 0
213 247 0
214 247 0
211 248 0
212 248 0
213 248 0
211 249 0
212 249 0
213 249 0
210 250 0
211 250 0
212 250 0
213 250 0
210 251 0
211 251 0
212 251 0
213 251 0
209 252 0
210 252 0
211 252 0
212 252 0
209 253 0
210 253 0
211 253 0
212 253 0
208 254 0
209 254 0
210 254 0
211 254 0
207 255 0
208 255 0
209 255 0
210 255 0
211 255 0
199 256 0
206 256 0
207 256 0
208 256 0
209 256 0
210 256 0
205 257 0
206 257 0
207 257 0
208 257 0
209 257 0
205 258 0
206 258 0
207 258 0
208 258 0
334 25 1
335 25 1
334 26 1
335 26 1
336 26 1
336 27 1
337 27 1
338 27 1
337 28 1
338 28 1
339 28 1
339 29 1
340 29 1
341 29 1
340 30 1
341 30 1
342 30 1
343 30 1
342 31 1
343 31 1
344 31 1
343 32 1
344 32 1
312 248 1
333 248 1
247 249 1
306 250 1
334 250 1
290 252 1
307 252 1
326 252 1
300 253 1
301 253 1
313 253 1
314 253 1
300 254 1
310 254 1
256 255 1
292 255 1
253 256 1
255 256 1
269 256 1
298 256 1
276 257 1
277 257 1
282 257 1
315 257 1
294 258 1
341 258 1
