2 1 0
3 1 0
6 1 0
7 1 0
8 1 0
9 1 0
10 1 0
11 1 0
12 1 0
13 1 0
14 1 0
15 1 0
16 1 0
17 1 0
18 1 0
19 1 0
20 1 0
21 1 0
22 1 0
23 1 0
24 1 0
25 1 0
26 1 0
27 1 0
28 1 0
29 1 0
30 1 0
2 2 0
6 2 0
7 2 0
8 2 0
9 2 0
10 2 0
11 2 0
12 2 0
13 2 0
14 2 0
15 2 0
16 2 0
17 2 0
18 2 0
19 2 0
20 2 0
21 2 0
22 2 0
23 2 0
24 2 0
25 2 0
26 2 0
27 2 0
28 2 0
29 2 0
30 2 0
6 3 0
7 3 0
8 3 0
9 3 0
10 3 0
11 3 0
12 3 0
13 3 0
14 3 0
15 3 0
16 3 0
17 3 0
18 3 0
19 3 0
20 3 0
21 3 0
22 3 0
23 3 0
24 3 0
25 3 0
26 3 0
27 3 0
28 3 0
29 3 0
30 3 0
31 3 0
4 4 0
7 4 0
8 4 0
9 4 0
10 4 0
11 4 0
12 4 0
13 4 0
14 4 0
15 4 0
16 4 0
17 4 0
18 4 0
19 4 0
20 4 0
21 4 0
22 4 0
23 4 0
24 4 0
25 4 0
26 4 0
27 4 0
28 4 0
29 4 0
30 4 0
31 4 0
8 5 0
9 5 0
10 5 0
11 5 0
12 5 0
13 5 0
14 5 0
15 5 0
16 5 0
17 5 0
18 5 0
19 5 0
20 5 0
21 5 0
22 5 0
23 5 0
24 5 0
25 5 0
26 5 0
27 5 0
28 5 0
29 5 0
30 5 0
31 5 0
32 5 0
6 6 0
7 6 0
8 6 0
9 6 0
10 6 0
11 6 0
12 6 0
13 6 0
14 6 0
15 6 0
16 6 0
17 6 0
18 6 0
19 6 0
20 6 0
21 6 0
22 6 0
23 6 0
24 6 0
25 6 0
26 6 0
27 6 0
28 6 0
29 6 0
30 6 0
31 6 0
32 6 0
6 7 0
8 7 0
9 7 0
10 7 0
11 7 0
12 7 0
13 7 0
14 7 0
15 7 0
16 7 0
17 7 0
18 7 0
19 7 0
20 7 0
21 7 0
22 7 0
23 7 0
24 7 0
25 7 0
26 7 0
27 7 0
28 7 0
29 7 0
30 7 0
31 7 0
32 7 0
4 8 0
8 8 0
9 8 0
10 8 0
11 8 0
12 8 0
13 8 0
14 8 0
15 8 0
16 8 0
17 8 0
18 8 0
19 8 0
20 8 0
21 8 0
22 8 0
23 8 0
24 8 0
25 8 0
26 8 0
27 8 0
28 8 0
29 8 0
30 8 0
31 8 0
32 8 0
4 9 0
5 9 0
8 9 0
9 9 0
10 9 0
11 9 0
12 9 0
13 9 0
14 9 0
15 9 0
16 9 0
17 9 0
18 9 0
19 9 0
20 9 0
21 9 0
22 9 0
23 9 0
24 9 0
25 9 0
26 9 0
27 9 0
28 9 0
29 9 0
30 9 0
31 9 0
8 10 0
9 10 0
10 10 0
11 10 0
12 10 0
13 10 0
14 10 0
15 10 0
16 10 0
17 10 0
18 10 0
19 10 0
20 10 0
21 10 0
22 10 0
23 10 0
24 10 0
25 10 0
26 10 0
27 10 0
28 10 0
29 10 0
30 10 0
31 10 0
32 10 0
10 11 0
11 11 0
12 11 0
13 11 0
14 11 0
15 11 0
16 11 0
17 11 0
18 11 0
19 11 0
20 11 0
21 11 0
22 11 0
23 11 0
24 11 0
25 11 0
26 11 0
27 11 0
28 11 0
29 11 0
30 11 0
31 11 0
32 11 0
12 12 0
13 12 0
14 12 0
15 12 0
16 12 0
17 12 0
18 12 0
19 12 0
20 12 0
21 12 0
22 12 0
23 12 0
24 12 0
25 12 0
27 12 0
28 12 0
29 12 0
30 12 0
31 12 0
32 12 0
33 12 0
12 13 0
14 13 0
15 13 0
17 13 0
18 13 0
19 13 0
20 13 0
21 13 0
28 13 0
29 13 0
30 13 0
31 13 0
32 13 0
33 13 0
34 13 0
16 14 0
18 14 0
19 14 0
30 14 0
31 14 0
32 14 0
33 14 0
34 14 0
10 15 0
30 15 0
31 15 0
32 15 0
33 15 0
34 15 0
35 15 0
30 16 0
32 16 0
33 16 0
34 16 0
35 16 0
36 16 0
33 17 0
34 17 0
35 17 0
36 17 0
12 18 0
34 18 0
36 18 0
4 19 0
9 19 0
10 19 0
11 19 0
36 19 0
37 19 0
1 20 0
2 20 0
4 20 0
6 20 0
9 20 0
10 20 0
11 20 0
12 20 0
36 20 0
38 20 0
2 21 0
6 21 0
7 21 0
8 21 0
9 21 0
10 21 0
11 21 0
12 21 0
13 21 0
38 21 0
2 22 0
5 22 0
7 22 0
10 22 0
15 22 0
16 22 0
6 23 0
8 23 0
11 23 0
12 23 0
13 23 0
14 23 0
15 23 0
17 23 0
18 23 0
6 24 0
7 24 0
8 24 0
13 24 0
6 25 0
8 25 0
9 25 0
7 26 0
8 26 0
6 29 0
12 30 0
4 32 0
2 33 0
16 33 0
3 35 0
2 36 0
4 36 0
1 38 0
14 38 0
2 39 0
3 39 0
4 39 0
6 39 0
2 40 0
1 41 0
5 41 0
14 42 0
8 44 0
14 45 0
12 47 0
13 47 0
16 48 0
19 48 0
2 49 0
7 50 0
12 50 0
18 50 0
5 51 0
11 51 0
11 52 0
11 53 0
13 53 0
16 53 0
6 54 0
5 55 0
5 56 0
1 57 0
8 57 0
11 57 0
12 57 0
2 58 0
5 60 0
9 60 0
10 60 0
10 61 0
10 62 0
11 62 0
4 64 0
2 66 0
18 67 0
4 72 0
8 73 0
2 74 0
8 75 0
9 76 0
4 79 0
30 94 0
8 107 0
9 108 0
8 109 0
16 132 0
16 133 0
17 133 0
18 133 0
19 133 0
15 134 0
16 134 0
17 134 0
18 134 0
19 134 0
20 134 0
22 134 0
16 135 0
17 135 0
18 135 0
19 135 0
20 135 0
21 135 0
23 135 0
27 135 0
16 136 0
17 136 0
18 136 0
19 136 0
20 136 0
22 136 0
26 136 0
27 136 0
28 136 0
30 136 0
31 136 0
32 136 0
36 136 0
16 137 0
17 137 0
18 137 0
19 137 0
24 137 0
26 137 0
28 137 0
30 137 0
33 137 0
34 137 0
16 138 0
17 138 0
18 138 0
19 138 0
24 138 0
26 138 0
31 138 0
32 138 0
33 138 0
34 138 0
36 138 0
15 139 0
18 139 0
23 139 0
26 139 0
34 139 0
36 139 0
37 139 0
38 139 0
6 140 0
7 140 0
13 140 0
15 140 0
16 140 0
18 140 0
19 140 0
29 140 0
33 140 0
1 141 0
3 141 0
10 141 0
11 141 0
18 141 0
19 141 0
36 141 0
5 142 0
8 142 0
10 142 0
12 142 0
15 142 0
17 142 0
18 143 0
8 144 0
16 144 0
17 144 0
14 145 0
16 145 0
2 146 0
4 146 0
5 146 0
12 146 0
14 146 0
1 147 0
4 147 0
5 147 0
7 147 0
8 147 0
10 147 0
11 147 0
18 147 0
1 148 0
2 148 0
3 148 0
4 148 0
5 148 0
6 148 0
7 148 0
8 148 0
9 148 0
10 148 0
12 148 0
13 148 0
15 148 0
16 148 0
18 148 0
1 149 0
2 149 0
3 149 0
5 149 0
6 149 0
7 149 0
8 149 0
9 149 0
10 149 0
11 149 0
12 149 0
14 149 0
16 149 0
18 149 0
1 150 0
2 150 0
3 150 0
4 150 0
5 150 0
6 150 0
7 150 0
8 150 0
9 150 0
10 150 0
11 150 0
12 150 0
13 150 0
14 150 0
16 150 0
17 150 0
19 150 0
33 150 0
38 150 0
1 151 0
2 151 0
3 151 0
4 151 0
5 151 0
6 151 0
7 151 0
8 151 0
9 151 0
10 151 0
11 151 0
12 151 0
13 151 0
14 151 0
15 151 0
16 151 0
17 151 0
18 151 0
19 151 0
24 151 0
25 151 0
1 152 0
3 152 0
4 152 0
5 152 0
6 152 0
7 152 0
8 152 0
9 152 0
10 152 0
11 152 0
12 152 0
13 152 0
14 152 0
15 152 0
16 152 0
17 152 0
18 152 0
19 152 0
20 152 0
23 152 0
24 152 0
34 152 0
2 153 0
3 153 0
4 153 0
5 153 0
6 153 0
7 153 0
8 153 0
9 153 0
10 153 0
11 153 0
12 153 0
13 153 0
14 153 0
15 153 0
16 153 0
17 153 0
18 153 0
19 153 0
22 153 0
24 153 0
1 154 0
2 154 0
3 154 0
4 154 0
5 154 0
6 154 0
7 154 0
8 154 0
9 154 0
11 154 0
12 154 0
13 154 0
14 154 0
15 154 0
16 154 0
17 154 0
23 154 0
25 154 0
26 154 0
60 154 0
1 155 0
2 155 0
4 155 0
5 155 0
6 155 0
7 155 0
8 155 0
9 155 0
10 155 0
11 155 0
12 155 0
13 155 0
15 155 0
16 155 0
17 155 0
18 155 0
19 155 0
48 155 0
53 155 0
56 155 0
58 155 0
1 156 0
2 156 0
3 156 0
4 156 0
5 156 0
6 156 0
7 156 0
8 156 0
9 156 0
10 156 0
11 156 0
12 156 0
13 156 0
14 156 0
15 156 0
16 156 0
18 156 0
19 156 0
22 156 0
27 156 0
30 156 0
47 156 0
52 156 0
2 157 0
3 157 0
4 157 0
6 157 0
7 157 0
8 157 0
9 157 0
10 157 0
11 157 0
12 157 0
13 157 0
14 157 0
15 157 0
16 157 0
17 157 0
27 157 0
28 157 0
30 157 0
44 157 0
46 157 0
58 157 0
61 157 0
1 158 0
2 158 0
3 158 0
4 158 0
5 158 0
6 158 0
7 158 0
8 158 0
9 158 0
10 158 0
11 158 0
12 158 0
13 158 0
14 158 0
15 158 0
16 158 0
18 158 0
19 158 0
24 158 0
31 158 0
34 158 0
45 158 0
53 158 0
56 158 0
60 158 0
1 159 0
2 159 0
3 159 0
4 159 0
5 159 0
6 159 0
7 159 0
8 159 0
9 159 0
10 159 0
11 159 0
12 159 0
13 159 0
14 159 0
15 159 0
16 159 0
17 159 0
18 159 0
22 159 0
24 159 0
29 159 0
38 159 0
54 159 0
1 160 0
2 160 0
4 160 0
5 160 0
6 160 0
7 160 0
8 160 0
9 160 0
10 160 0
12 160 0
14 160 0
15 160 0
16 160 0
18 160 0
19 160 0
32 160 0
38 160 0
42 160 0
43 160 0
44 160 0
66 160 0
1 161 0
2 161 0
3 161 0
4 161 0
5 161 0
6 161 0
7 161 0
8 161 0
9 161 0
11 161 0
12 161 0
13 161 0
14 161 0
15 161 0
16 161 0
17 161 0
18 161 0
19 161 0
44 161 0
45 161 0
52 161 0
66 161 0
1 162 0
2 162 0
3 162 0
4 162 0
5 162 0
6 162 0
7 162 0
8 162 0
9 162 0
10 162 0
11 162 0
12 162 0
14 162 0
16 162 0
17 162 0
18 162 0
19 162 0
43 162 0
48 162 0
58 162 0
1 163 0
2 163 0
3 163 0
4 163 0
5 163 0
6 163 0
7 163 0
8 163 0
9 163 0
10 163 0
11 163 0
12 163 0
13 163 0
15 163 0
16 163 0
17 163 0
18 163 0
19 163 0
28 163 0
36 163 0
38 163 0
54 163 0
1 164 0
2 164 0
3 164 0
4 164 0
5 164 0
6 164 0
7 164 0
8 164 0
10 164 0
12 164 0
14 164 0
15 164 0
16 164 0
17 164 0
18 164 0
43 164 0
62 164 0
64 164 0
70 164 0
2 165 0
3 165 0
4 165 0
5 165 0
6 165 0
7 165 0
8 165 0
9 165 0
10 165 0
11 165 0
12 165 0
13 165 0
14 165 0
15 165 0
16 165 0
17 165 0
18 165 0
19 165 0
20 165 0
35 165 0
40 165 0
45 165 0
2 166 0
3 166 0
4 166 0
5 166 0
6 166 0
7 166 0
8 166 0
9 166 0
10 166 0
11 166 0
12 166 0
13 166 0
14 166 0
15 166 0
16 166 0
17 166 0
18 166 0
19 166 0
24 166 0
1 167 0
2 167 0
3 167 0
4 167 0
5 167 0
6 167 0
7 167 0
8 167 0
9 167 0
10 167 0
11 167 0
12 167 0
13 167 0
14 167 0
16 167 0
17 167 0
18 167 0
28 167 0
36 167 0
1 168 0
2 168 0
3 168 0
4 168 0
5 168 0
6 168 0
7 168 0
8 168 0
9 168 0
10 168 0
11 168 0
12 168 0
13 168 0
14 168 0
15 168 0
16 168 0
17 168 0
18 168 0
19 168 0
24 168 0
27 168 0
40 168 0
50 168 0
72 168 0
1 169 0
2 169 0
3 169 0
4 169 0
5 169 0
6 169 0
8 169 0
9 169 0
10 169 0
11 169 0
12 169 0
13 169 0
15 169 0
16 169 0
17 169 0
18 169 0
42 169 0
1 170 0
2 170 0
3 170 0
4 170 0
5 170 0
6 170 0
7 170 0
8 170 0
9 170 0
11 170 0
13 170 0
14 170 0
15 170 0
17 170 0
18 170 0
19 170 0
24 170 0
2 171 0
4 171 0
5 171 0
6 171 0
7 171 0
8 171 0
9 171 0
11 171 0
12 171 0
13 171 0
14 171 0
15 171 0
16 171 0
17 171 0
18 171 0
19 171 0
24 171 0
30 171 0
1 172 0
2 172 0
3 172 0
4 172 0
5 172 0
6 172 0
7 172 0
8 172 0
9 172 0
10 172 0
11 172 0
12 172 0
13 172 0
14 172 0
16 172 0
19 172 0
36 172 0
50 172 0
56 172 0
1 173 0
2 173 0
3 173 0
4 173 0
5 173 0
6 173 0
8 173 0
9 173 0
10 173 0
13 173 0
16 173 0
17 173 0
19 173 0
1 174 0
2 174 0
3 174 0
4 174 0
5 174 0
6 174 0
7 174 0
8 174 0
9 174 0
10 174 0
11 174 0
12 174 0
13 174 0
14 174 0
15 174 0
16 174 0
17 174 0
18 174 0
19 174 0
1 175 0
2 175 0
3 175 0
4 175 0
5 175 0
6 175 0
7 175 0
8 175 0
9 175 0
11 175 0
12 175 0
13 175 0
14 175 0
15 175 0
16 175 0
18 175 0
1 176 0
2 176 0
3 176 0
4 176 0
5 176 0
6 176 0
7 176 0
8 176 0
9 176 0
10 176 0
12 176 0
13 176 0
14 176 0
15 176 0
16 176 0
17 176 0
18 176 0
19 176 0
1 177 0
2 177 0
3 177 0
4 177 0
6 177 0
9 177 0
10 177 0
11 177 0
12 177 0
13 177 0
14 177 0
15 177 0
16 177 0
17 177 0
18 177 0
19 177 0
22 177 0
172 10 1
62 24 1
76 27 1
122 28 1
123 28 1
124 28 1
125 28 1
122 29 1
123 29 1
124 29 1
125 29 1
126 29 1
121 30 1
123 30 1
126 30 1
128 30 1
122 31 1
123 31 1
124 31 1
126 31 1
127 31 1
54 32 1
56 32 1
100 32 1
122 32 1
123 32 1
124 32 1
125 32 1
126 32 1
127 32 1
59 33 1
60 33 1
122 33 1
124 33 1
125 33 1
127 33 1
62 34 1
64 34 1
66 34 1
100 34 1
121 34 1
122 34 1
123 34 1
124 34 1
125 34 1
126 34 1
66 35 1
67 35 1
74 35 1
75 35 1
110 35 1
119 35 1
122 35 1
124 35 1
125 35 1
69 36 1
70 36 1
74 36 1
76 36 1
104 36 1
105 36 1
115 36 1
123 36 1
124 36 1
73 37 1
74 37 1
75 37 1
76 37 1
77 37 1
78 37 1
80 37 1
86 37 1
121 37 1
122 37 1
124 37 1
73 38 1
74 38 1
75 38 1
76 38 1
77 38 1
78 38 1
79 38 1
80 38 1
83 38 1
84 38 1
85 38 1
86 38 1
87 38 1
88 38 1
120 38 1
122 38 1
123 38 1
124 38 1
73 39 1
74 39 1
75 39 1
81 39 1
82 39 1
83 39 1
84 39 1
85 39 1
87 39 1
88 39 1
89 39 1
90 39 1
91 39 1
95 39 1
114 39 1
120 39 1
122 39 1
73 40 1
74 40 1
84 40 1
85 40 1
86 40 1
87 40 1
88 40 1
90 40 1
91 40 1
118 40 1
120 40 1
122 40 1
123 40 1
86 41 1
87 41 1
88 41 1
89 41 1
90 41 1
91 41 1
120 41 1
121 41 1
122 41 1
90 42 1
91 42 1
92 42 1
93 42 1
96 42 1
97 42 1
95 43 1
96 43 1
97 43 1
98 43 1
99 43 1
100 43 1
103 43 1
110 43 1
111 43 1
112 43 1
113 43 1
99 44 1
100 44 1
101 44 1
102 44 1
104 44 1
105 44 1
106 44 1
108 44 1
109 44 1
110 44 1
111 44 1
112 44 1
113 44 1
115 44 1
98 45 1
99 45 1
100 45 1
101 45 1
102 45 1
103 45 1
104 45 1
109 45 1
110 45 1
111 45 1
112 45 1
142 45 1
99 46 1
100 46 1
101 46 1
106 46 1
107 46 1
108 46 1
109 46 1
110 46 1
112 46 1
113 46 1
138 46 1
97 47 1
98 47 1
99 47 1
108 47 1
109 47 1
110 47 1
111 47 1
112 47 1
113 47 1
114 47 1
117 47 1
140 47 1
111 48 1
112 48 1
113 48 1
114 48 1
120 48 1
116 49 1
117 49 1
118 49 1
119 49 1
120 49 1
122 50 1
176 50 1
158 51 1
128 52 1
132 52 1
134 52 1
158 52 1
160 52 1
162 52 1
164 52 1
132 53 1
134 53 1
136 53 1
160 53 1
162 53 1
165 53 1
133 54 1
135 54 1
136 54 1
137 54 1
138 54 1
168 54 1
134 55 1
135 55 1
137 55 1
138 55 1
139 55 1
140 55 1
142 55 1
143 55 1
145 55 1
146 55 1
148 55 1
134 56 1
135 56 1
136 56 1
137 56 1
138 56 1
142 56 1
143 56 1
144 56 1
146 56 1
147 56 1
148 56 1
149 56 1
166 56 1
134 57 1
135 57 1
136 57 1
144 57 1
145 57 1
146 57 1
149 57 1
150 57 1
154 57 1
181 57 1
148 58 1
149 58 1
150 58 1
152 58 1
179 58 1
180 58 1
181 58 1
182 58 1
148 59 1
149 59 1
150 59 1
151 59 1
152 59 1
153 59 1
179 59 1
149 60 1
150 60 1
151 60 1
152 60 1
154 60 1
155 60 1
156 60 1
163 60 1
174 60 1
179 60 1
181 60 1
182 60 1
148 61 1
149 61 1
150 61 1
158 61 1
162 61 1
169 61 1
180 61 1
181 61 1
182 61 1
161 62 1
162 62 1
163 62 1
164 62 1
165 62 1
166 62 1
168 62 1
169 62 1
170 62 1
182 62 1
161 63 1
162 63 1
163 63 1
164 63 1
166 63 1
169 63 1
170 63 1
171 63 1
172 63 1
160 64 1
161 64 1
162 64 1
163 64 1
171 64 1
172 64 1
161 65 1
182 65 1
172 66 1
173 66 1
177 66 1
178 66 1
182 66 1
166 67 1
167 67 1
168 67 1
169 67 1
171 67 1
172 67 1
176 67 1
177 67 1
178 67 1
179 67 1
181 67 1
168 68 1
169 68 1
171 68 1
172 68 1
175 68 1
176 68 1
181 68 1
168 69 1
169 69 1
170 69 1
171 69 1
174 69 1
175 69 1
176 69 1
179 69 1
180 69 1
182 69 1
167 70 1
168 70 1
170 70 1
174 70 1
175 70 1
176 70 1
179 70 1
180 70 1
170 71 1
175 71 1
176 71 1
166 72 1
170 72 1
175 72 1
176 72 1
175 73 1
179 73 1
169 74 1
175 74 1
176 74 1
168 75 1
171 75 1
172 75 1
173 75 1
175 75 1
176 75 1
177 75 1
178 75 1
138 76 1
174 77 1
134 86 1
142 86 1
155 86 1
136 87 1
154 87 1
158 87 1
151 88 1
152 88 1
154 88 1
155 88 1
156 88 1
161 88 1
168 88 1
169 88 1
170 88 1
174 88 1
175 88 1
176 88 1
135 89 1
151 89 1
152 89 1
156 89 1
157 89 1
159 89 1
160 89 1
162 89 1
167 89 1
168 89 1
169 89 1
170 89 1
171 89 1
174 89 1
175 89 1
176 89 1
177 89 1
134 90 1
151 90 1
152 90 1
153 90 1
157 90 1
158 90 1
167 90 1
168 90 1
169 90 1
170 90 1
171 90 1
172 90 1
173 90 1
174 90 1
175 90 1
176 90 1
177 90 1
154 91 1
159 91 1
168 91 1
169 91 1
170 91 1
171 91 1
172 91 1
173 91 1
174 91 1
175 91 1
176 91 1
158 92 1
159 92 1
160 92 1
161 92 1
168 92 1
169 92 1
170 92 1
171 92 1
172 92 1
173 92 1
174 92 1
162 93 1
169 93 1
170 93 1
171 93 1
172 93 1
173 93 1
174 93 1
175 93 1
176 93 1
173 94 1
174 94 1
175 94 1
176 94 1
177 94 1
178 94 1
156 95 1
176 95 1
177 95 1
178 95 1
156 96 1
176 96 1
177 96 1
92 97 1
93 97 1
94 97 1
95 97 1
132 97 1
92 98 1
133 98 1
156 98 1
155 99 1
177 99 1
134 100 1
155 100 1
176 100 1
133 101 1
176 101 1
118 102 1
176 102 1
177 102 1
176 103 1
175 104 1
176 104 1
124 105 1
131 105 1
175 105 1
176 105 1
94 106 1
175 106 1
176 106 1
94 107 1
175 107 1
176 107 1
178 107 1
180 107 1
188 107 1
93 108 1
94 108 1
108 108 1
109 108 1
174 108 1
175 108 1
176 108 1
188 108 1
94 109 1
174 109 1
175 109 1
178 109 1
181 109 1
188 109 1
93 110 1
94 110 1
95 110 1
174 110 1
176 110 1
178 110 1
184 110 1
186 110 1
188 110 1
175 111 1
178 111 1
179 111 1
181 111 1
182 111 1
185 111 1
188 111 1
132 112 1
172 112 1
175 112 1
176 112 1
182 112 1
184 112 1
185 112 1
187 112 1
188 112 1
132 113 1
168 113 1
173 113 1
174 113 1
175 113 1
176 113 1
177 113 1
178 113 1
181 113 1
184 113 1
188 113 1
156 114 1
173 114 1
174 114 1
175 114 1
177 114 1
178 114 1
180 114 1
182 114 1
185 114 1
186 114 1
188 114 1
156 115 1
172 115 1
174 115 1
176 115 1
177 115 1
178 115 1
182 115 1
185 115 1
186 115 1
188 115 1
189 115 1
151 116 1
172 116 1
173 116 1
174 116 1
175 116 1
176 116 1
180 116 1
182 116 1
186 116 1
188 116 1
189 116 1
170 117 1
171 117 1
172 117 1
173 117 1
174 117 1
175 117 1
176 117 1
177 117 1
178 117 1
179 117 1
180 117 1
181 117 1
182 117 1
184 117 1
186 117 1
187 117 1
188 117 1
189 117 1
151 118 1
167 118 1
170 118 1
171 118 1
172 118 1
176 118 1
177 118 1
178 118 1
180 118 1
181 118 1
182 118 1
184 118 1
186 118 1
187 118 1
188 118 1
189 118 1
106 119 1
130 119 1
151 119 1
169 119 1
170 119 1
171 119 1
173 119 1
174 119 1
175 119 1
176 119 1
179 119 1
180 119 1
182 119 1
186 119 1
187 119 1
188 119 1
189 119 1
106 120 1
169 120 1
170 120 1
171 120 1
174 120 1
175 120 1
176 120 1
180 120 1
186 120 1
188 120 1
130 121 1
168 121 1
169 121 1
170 121 1
175 121 1
176 121 1
177 121 1
184 121 1
186 121 1
187 121 1
110 122 1
167 122 1
168 122 1
169 122 1
170 122 1
172 122 1
173 122 1
177 122 1
130 123 1
167 123 1
168 123 1
169 123 1
176 123 1
166 124 1
167 124 1
168 124 1
174 124 1
177 124 1
166 125 1
167 125 1
168 125 1
173 125 1
187 125 1
88 126 1
150 126 1
165 126 1
166 126 1
167 126 1
173 126 1
174 126 1
165 127 1
166 127 1
172 127 1
173 127 1
164 128 1
165 128 1
166 128 1
173 128 1
174 128 1
176 128 1
129 129 1
163 129 1
164 129 1
165 129 1
172 129 1
173 129 1
129 130 1
163 130 1
164 130 1
165 130 1
172 130 1
173 130 1
176 130 1
162 131 1
163 131 1
164 131 1
172 131 1
173 131 1
162 132 1
163 132 1
171 132 1
172 132 1
160 133 1
161 133 1
162 133 1
163 133 1
171 133 1
172 133 1
176 133 1
160 134 1
161 134 1
162 134 1
163 134 1
171 134 1
172 134 1
174 134 1
175 134 1
177 134 1
178 134 1
160 135 1
161 135 1
162 135 1
175 135 1
176 135 1
177 135 1
178 135 1
160 136 1
161 136 1
174 136 1
177 136 1
178 136 1
41 137 1
42 137 1
43 137 1
44 137 1
45 137 1
46 137 1
47 137 1
48 137 1
49 137 1
50 137 1
130 137 1
160 137 1
161 137 1
173 137 1
174 137 1
178 137 1
179 137 1
182 137 1
41 138 1
42 138 1
43 138 1
44 138 1
45 138 1
46 138 1
47 138 1
48 138 1
49 138 1
50 138 1
51 138 1
52 138 1
53 138 1
54 138 1
55 138 1
56 138 1
57 138 1
58 138 1
110 138 1
145 138 1
158 138 1
160 138 1
174 138 1
176 138 1
178 138 1
179 138 1
182 138 1
45 139 1
46 139 1
47 139 1
48 139 1
49 139 1
50 139 1
51 139 1
52 139 1
53 139 1
54 139 1
55 139 1
56 139 1
57 139 1
58 139 1
59 139 1
60 139 1
61 139 1
62 139 1
63 139 1
64 139 1
65 139 1
66 139 1
67 139 1
68 139 1
74 139 1
75 139 1
76 139 1
77 139 1
78 139 1
79 139 1
80 139 1
81 139 1
82 139 1
83 139 1
84 139 1
86 139 1
88 139 1
92 139 1
124 139 1
126 139 1
128 139 1
129 139 1
158 139 1
160 139 1
173 139 1
174 139 1
175 139 1
176 139 1
50 140 1
51 140 1
52 140 1
53 140 1
54 140 1
55 140 1
56 140 1
57 140 1
58 140 1
59 140 1
60 140 1
61 140 1
62 140 1
63 140 1
64 140 1
65 140 1
66 140 1
67 140 1
68 140 1
69 140 1
70 140 1
74 140 1
75 140 1
76 140 1
78 140 1
79 140 1
80 140 1
81 140 1
82 140 1
83 140 1
84 140 1
85 140 1
86 140 1
87 140 1
88 140 1
89 140 1
90 140 1
91 140 1
92 140 1
128 140 1
129 140 1
158 140 1
175 140 1
176 140 1
58 141 1
59 141 1
60 141 1
61 141 1
62 141 1
63 141 1
64 141 1
65 141 1
66 141 1
67 141 1
68 141 1
69 141 1
70 141 1
74 141 1
76 141 1
82 141 1
84 141 1
86 141 1
89 141 1
94 141 1
128 141 1
129 141 1
130 141 1
157 141 1
158 141 1
175 141 1
74 142 1
75 142 1
76 142 1
77 142 1
78 142 1
79 142 1
80 142 1
81 142 1
82 142 1
83 142 1
84 142 1
86 142 1
87 142 1
90 142 1
92 142 1
93 142 1
94 142 1
128 142 1
129 142 1
131 142 1
132 142 1
135 142 1
145 142 1
155 142 1
156 142 1
157 142 1
158 142 1
170 142 1
174 142 1
75 143 1
76 143 1
77 143 1
78 143 1
79 143 1
80 143 1
81 143 1
82 143 1
83 143 1
84 143 1
85 143 1
86 143 1
87 143 1
88 143 1
89 143 1
90 143 1
91 143 1
92 143 1
93 143 1
128 143 1
129 143 1
130 143 1
132 143 1
133 143 1
134 143 1
136 143 1
137 143 1
138 143 1
139 143 1
140 143 1
142 143 1
143 143 1
144 143 1
145 143 1
146 143 1
147 143 1
151 143 1
153 143 1
156 143 1
157 143 1
158 143 1
174 143 1
179 143 1
82 144 1
83 144 1
92 144 1
93 144 1
96 144 1
128 144 1
129 144 1
132 144 1
133 144 1
134 144 1
136 144 1
137 144 1
138 144 1
139 144 1
140 144 1
141 144 1
142 144 1
143 144 1
144 144 1
145 144 1
146 144 1
147 144 1
151 144 1
152 144 1
154 144 1
156 144 1
158 144 1
159 144 1
160 144 1
128 145 1
129 145 1
131 145 1
132 145 1
135 145 1
136 145 1
137 145 1
138 145 1
139 145 1
140 145 1
142 145 1
143 145 1
144 145 1
146 145 1
147 145 1
148 145 1
151 145 1
152 145 1
156 145 1
159 145 1
160 145 1
161 145 1
162 145 1
169 145 1
180 145 1
92 146 1
94 146 1
128 146 1
129 146 1
130 146 1
131 146 1
132 146 1
135 146 1
136 146 1
137 146 1
138 146 1
140 146 1
141 146 1
142 146 1
146 146 1
147 146 1
148 146 1
149 146 1
151 146 1
152 146 1
154 146 1
158 146 1
159 146 1
160 146 1
161 146 1
162 146 1
163 146 1
164 146 1
174 146 1
180 146 1
115 147 1
120 147 1
132 147 1
133 147 1
136 147 1
137 147 1
138 147 1
139 147 1
140 147 1
141 147 1
142 147 1
145 147 1
146 147 1
147 147 1
150 147 1
154 147 1
160 147 1
163 147 1
164 147 1
165 147 1
170 147 1
174 147 1
132 148 1
134 148 1
135 148 1
136 148 1
137 148 1
138 148 1
139 148 1
140 148 1
141 148 1
142 148 1
147 148 1
148 148 1
149 148 1
150 148 1
154 148 1
170 148 1
172 148 1
130 149 1
135 149 1
136 149 1
138 149 1
144 149 1
145 149 1
146 149 1
148 149 1
149 149 1
150 149 1
151 149 1
155 149 1
156 149 1
161 149 1
162 149 1
163 149 1
164 149 1
170 149 1
171 149 1
172 149 1
173 149 1
174 149 1
188 149 1
143 150 1
145 150 1
146 150 1
147 150 1
148 150 1
150 150 1
151 150 1
152 150 1
153 150 1
154 150 1
155 150 1
156 150 1
157 150 1
158 150 1
159 150 1
160 150 1
161 150 1
162 150 1
163 150 1
164 150 1
165 150 1
166 150 1
169 150 1
170 150 1
171 150 1
172 150 1
173 150 1
174 150 1
175 150 1
176 150 1
177 150 1
145 151 1
146 151 1
147 151 1
148 151 1
150 151 1
151 151 1
152 151 1
153 151 1
154 151 1
155 151 1
156 151 1
157 151 1
158 151 1
159 151 1
160 151 1
161 151 1
162 151 1
163 151 1
164 151 1
165 151 1
166 151 1
169 151 1
170 151 1
171 151 1
172 151 1
176 151 1
177 151 1
178 151 1
179 151 1
180 151 1
146 152 1
170 152 1
171 152 1
172 152 1
173 152 1
174 152 1
179 152 1
180 152 1
181 152 1
182 152 1
183 152 1
184 152 1
174 153 1
175 153 1
176 153 1
177 153 1
180 153 1
182 153 1
183 153 1
184 153 1
185 153 1
186 153 1
187 153 1
86 154 1
87 154 1
88 154 1
107 154 1
148 154 1
149 154 1
175 154 1
176 154 1
177 154 1
178 154 1
179 154 1
180 154 1
183 154 1
186 154 1
187 154 1
188 154 1
189 154 1
77 155 1
85 155 1
95 155 1
99 155 1
108 155 1
109 155 1
110 155 1
116 155 1
136 155 1
138 155 1
144 155 1
145 155 1
146 155 1
148 155 1
150 155 1
151 155 1
179 155 1
181 155 1
182 155 1
183 155 1
188 155 1
189 155 1
74 156 1
75 156 1
76 156 1
78 156 1
79 156 1
80 156 1
81 156 1
82 156 1
83 156 1
84 156 1
85 156 1
89 156 1
91 156 1
92 156 1
94 156 1
96 156 1
104 156 1
108 156 1
110 156 1
114 156 1
119 156 1
120 156 1
121 156 1
122 156 1
123 156 1
124 156 1
125 156 1
126 156 1
128 156 1
130 156 1
131 156 1
132 156 1
134 156 1
140 156 1
141 156 1
142 156 1
144 156 1
145 156 1
148 156 1
152 156 1
153 156 1
154 156 1
180 156 1
181 156 1
182 156 1
183 156 1
184 156 1
185 156 1
186 156 1
187 156 1
188 156 1
104 157 1
107 157 1
111 157 1
112 157 1
117 157 1
118 157 1
149 157 1
154 157 1
155 157 1
162 157 1
174 157 1
185 157 1
186 157 1
187 157 1
188 157 1
189 157 1
120 158 1
152 158 1
154 158 1
157 158 1
158 158 1
162 158 1
174 158 1
189 158 1
157 159 1
160 159 1
161 159 1
162 159 1
113 160 1
158 160 1
160 160 1
163 160 1
164 160 1
165 160 1
112 161 1
114 161 1
166 161 1
167 161 1
168 161 1
180 161 1
119 162 1
120 162 1
125 162 1
149 162 1
162 162 1
168 162 1
169 162 1
124 163 1
147 163 1
155 163 1
156 163 1
158 163 1
168 163 1
170 163 1
156 164 1
160 164 1
161 164 1
172 164 1
174 164 1
128 165 1
134 165 1
146 165 1
156 165 1
158 165 1
160 165 1
161 165 1
164 165 1
165 165 1
166 165 1
174 165 1
175 165 1
176 165 1
145 166 1
162 166 1
163 166 1
164 166 1
165 166 1
166 166 1
167 166 1
168 166 1
169 166 1
170 166 1
176 166 1
178 166 1
179 166 1
164 167 1
166 167 1
167 167 1
168 167 1
169 167 1
170 167 1
172 167 1
173 167 1
174 167 1
178 167 1
180 167 1
181 167 1
182 167 1
152 168 1
169 168 1
170 168 1
171 168 1
172 168 1
173 168 1
175 168 1
181 168 1
182 168 1
183 168 1
184 168 1
185 168 1
186 168 1
169 169 1
173 169 1
174 169 1
175 169 1
176 169 1
177 169 1
178 169 1
185 169 1
186 169 1
187 169 1
176 170 1
178 170 1
179 170 1
187 170 1
188 170 1
180 171 1
79 173 1
160 173 1
79 174 1
79 175 1
79 176 1
79 177 1
47 115 2
48 115 2
46 116 2
47 116 2
48 116 2
49 116 2
50 116 2
51 116 2
47 117 2
48 117 2
49 117 2
50 117 2
51 117 2
52 117 2
47 118 2
48 118 2
49 118 2
50 118 2
51 118 2
52 118 2
53 118 2
54 118 2
55 118 2
47 119 2
48 119 2
49 119 2
50 119 2
51 119 2
52 119 2
53 119 2
54 119 2
55 119 2
56 119 2
48 120 2
49 120 2
50 120 2
51 120 2
52 120 2
53 120 2
54 120 2
55 120 2
56 120 2
57 120 2
48 121 2
49 121 2
50 121 2
51 121 2
52 121 2
53 121 2
54 121 2
55 121 2
56 121 2
57 121 2
58 121 2
59 121 2
53 122 2
54 122 2
55 122 2
56 122 2
57 122 2
58 122 2
54 123 2
55 123 2
56 123 2
57 123 2
58 123 2
