172 10 0
62 24 0
76 27 0
122 28 0
123 28 0
124 28 0
125 28 0
122 29 0
123 29 0
124 29 0
125 29 0
126 29 0
121 30 0
123 30 0
126 30 0
128 30 0
122 31 0
123 31 0
124 31 0
126 31 0
127 31 0
54 32 0
56 32 0
100 32 0
122 32 0
123 32 0
124 32 0
125 32 0
126 32 0
127 32 0
59 33 0
60 33 0
122 33 0
124 33 0
125 33 0
127 33 0
62 34 0
64 34 0
66 34 0
100 34 0
121 34 0
122 34 0
123 34 0
124 34 0
125 34 0
126 34 0
66 35 0
67 35 0
74 35 0
75 35 0
110 35 0
119 35 0
122 35 0
124 35 0
125 35 0
69 36 0
70 36 0
74 36 0
76 36 0
104 36 0
105 36 0
115 36 0
123 36 0
124 36 0
73 37 0
74 37 0
75 37 0
76 37 0
77 37 0
78 37 0
80 37 0
86 37 0
121 37 0
122 37 0
124 37 0
73 38 0
74 38 0
75 38 0
76 38 0
77 38 0
78 38 0
79 38 0
80 38 0
83 38 0
84 38 0
85 38 0
86 38 0
87 38 0
88 38 0
120 38 0
122 38 0
123 38 0
124 38 0
73 39 0
74 39 0
75 39 0
81 39 0
82 39 0
83 39 0
84 39 0
85 39 0
87 39 0
88 39 0
89 39 0
90 39 0
91 39 0
95 39 0
114 39 0
120 39 0
122 39 0
73 40 0
74 40 0
84 40 0
85 40 0
86 40 0
87 40 0
88 40 0
90 40 0
91 40 0
118 40 0
120 40 0
122 40 0
123 40 0
86 41 0
87 41 0
88 41 0
89 41 0
90 41 0
91 41 0
120 41 0
121 41 0
122 41 0
90 42 0
91 42 0
92 42 0
93 42 0
96 42 0
97 42 0
95 43 0
96 43 0
97 43 0
98 43 0
99 43 0
100 43 0
103 43 0
110 43 0
111 43 0
112 43 0
113 43 0
99 44 0
100 44 0
101 44 0
102 44 0
104 44 0
105 44 0
106 44 0
108 44 0
109 44 0
110 44 0
111 44 0
112 44 0
113 44 0
115 44 0
98 45 0
99 45 0
100 45 0
101 45 0
102 45 0
103 45 0
104 45 0
109 45 0
110 45 0
111 45 0
112 45 0
142 45 0
99 46 0
100 46 0
101 46 0
106 46 0
107 46 0
108 46 0
109 46 0
110 46 0
112 46 0
113 46 0
138 46 0
97 47 0
98 47 0
99 47 0
108 47 0
109 47 0
110 47 0
111 47 0
112 47 0
113 47 0
114 47 0
117 47 0
140 47 0
111 48 0
112 48 0
113 48 0
114 48 0
120 48 0
116 49 0
117 49 0
118 49 0
119 49 0
120 49 0
122 50 0
176 50 0
158 51 0
128 52 0
132 52 0
134 52 0
158 52 0
160 52 0
162 52 0
164 52 0
132 53 0
134 53 0
136 53 0
160 53 0
162 53 0
165 53 0
133 54 0
135 54 0
136 54 0
137 54 0
138 54 0
168 54 0
134 55 0
135 55 0
137 55 0
138 55 0
139 55 0
140 55 0
142 55 0
143 55 0
145 55 0
146 55 0
148 55 0
134 56 0
135 56 0
136 56 0
137 56 0
138 56 0
142 56 0
143 56 0
144 56 0
146 56 0
147 56 0
148 56 0
149 56 0
166 56 0
134 57 0
135 57 0
136 57 0
144 57 0
145 57 0
146 57 0
149 57 0
150 57 0
154 57 0
181 57 0
148 58 0
149 58 0
150 58 0
152 58 0
179 58 0
180 58 0
181 58 0
182 58 0
148 59 0
149 59 0
150 59 0
151 59 0
152 59 0
153 59 0
179 59 0
149 60 0
150 60 0
151 60 0
152 60 0
154 60 0
155 60 0
156 60 0
163 60 0
174 60 0
179 60 0
181 60 0
182 60 0
148 61 0
149 61 0
150 61 0
158 61 0
162 61 0
169 61 0
180 61 0
181 61 0
182 61 0
161 62 0
162 62 0
163 62 0
164 62 0
165 62 0
166 62 0
168 62 0
169 62 0
170 62 0
182 62 0
161 63 0
162 63 0
163 63 0
164 63 0
166 63 0
169 63 0
170 63 0
171 63 0
172 63 0
160 64 0
161 64 0
162 64 0
163 64 0
171 64 0
172 64 0
161 65 0
182 65 0
172 66 0
173 66 0
177 66 0
178 66 0
182 66 0
166 67 0
167 67 0
168 67 0
169 67 0
171 67 0
172 67 0
176 67 0
177 67 0
178 67 0
179 67 0
181 67 0
168 68 0
169 68 0
171 68 0
172 68 0
175 68 0
176 68 0
181 68 0
168 69 0
169 69 0
170 69 0
171 69 0
174 69 0
175 69 0
176 69 0
179 69 0
180 69 0
182 69 0
167 70 0
168 70 0
170 70 0
174 70 0
175 70 0
176 70 0
179 70 0
180 70 0
170 71 0
175 71 0
176 71 0
166 72 0
170 72 0
175 72 0
176 72 0
175 73 0
179 73 0
169 74 0
175 74 0
176 74 0
168 75 0
171 75 0
172 75 0
173 75 0
175 75 0
176 75 0
177 75 0
178 75 0
138 76 0
174 77 0
134 86 0
142 86 0
155 86 0
136 87 0
154 87 0
158 87 0
151 88 0
152 88 0
154 88 0
155 88 0
156 88 0
161 88 0
168 88 0
169 88 0
170 88 0
174 88 0
175 88 0
176 88 0
135 89 0
151 89 0
152 89 0
156 89 0
157 89 0
159 89 0
160 89 0
162 89 0
167 89 0
168 89 0
169 89 0
170 89 0
171 89 0
174 89 0
175 89 0
176 89 0
177 89 0
30 90 0
134 90 0
151 90 0
152 90 0
153 90 0
157 90 0
158 90 0
167 90 0
168 90 0
169 90 0
170 90 0
171 90 0
172 90 0
173 90 0
174 90 0
175 90 0
176 90 0
177 90 0
154 91 0
159 91 0
168 91 0
169 91 0
170 91 0
171 91 0
172 91 0
173 91 0
174 91 0
175 91 0
176 91 0
158 92 0
159 92 0
160 92 0
161 92 0
168 92 0
169 92 0
170 92 0
171 92 0
172 92 0
173 92 0
174 92 0
162 93 0
169 93 0
170 93 0
171 93 0
172 93 0
173 93 0
174 93 0
175 93 0
176 93 0
173 94 0
174 94 0
175 94 0
176 94 0
177 94 0
178 94 0
156 95 0
176 95 0
177 95 0
178 95 0
156 96 0
176 96 0
177 96 0
92 97 0
93 97 0
94 97 0
95 97 0
132 97 0
92 98 0
133 98 0
156 98 0
155 99 0
177 99 0
134 100 0
155 100 0
176 100 0
133 101 0
176 101 0
118 102 0
176 102 0
177 102 0
176 103 0
175 104 0
176 104 0
9 105 0
124 105 0
131 105 0
175 105 0
176 105 0
9 106 0
94 106 0
175 106 0
176 106 0
6 107 0
9 107 0
94 107 0
175 107 0
176 107 0
178 107 0
180 107 0
188 107 0
93 108 0
94 108 0
108 108 0
109 108 0
174 108 0
175 108 0
176 108 0
188 108 0
94 109 0
174 109 0
175 109 0
178 109 0
181 109 0
188 109 0
93 110 0
94 110 0
95 110 0
174 110 0
176 110 0
178 110 0
184 110 0
186 110 0
188 110 0
175 111 0
178 111 0
179 111 0
181 111 0
182 111 0
185 111 0
188 111 0
132 112 0
172 112 0
175 112 0
176 112 0
182 112 0
184 112 0
185 112 0
187 112 0
188 112 0
132 113 0
168 113 0
173 113 0
174 113 0
175 113 0
176 113 0
177 113 0
178 113 0
181 113 0
184 113 0
188 113 0
156 114 0
173 114 0
174 114 0
175 114 0
177 114 0
178 114 0
180 114 0
182 114 0
185 114 0
186 114 0
188 114 0
156 115 0
172 115 0
174 115 0
176 115 0
177 115 0
178 115 0
182 115 0
185 115 0
186 115 0
188 115 0
189 115 0
151 116 0
172 116 0
173 116 0
174 116 0
175 116 0
176 116 0
180 116 0
182 116 0
186 116 0
188 116 0
189 116 0
170 117 0
171 117 0
172 117 0
173 117 0
174 117 0
175 117 0
176 117 0
177 117 0
178 117 0
179 117 0
180 117 0
181 117 0
182 117 0
184 117 0
186 117 0
187 117 0
188 117 0
189 117 0
151 118 0
167 118 0
170 118 0
171 118 0
172 118 0
176 118 0
177 118 0
178 118 0
180 118 0
181 118 0
182 118 0
184 118 0
186 118 0
187 118 0
188 118 0
189 118 0
106 119 0
130 119 0
151 119 0
169 119 0
170 119 0
171 119 0
173 119 0
174 119 0
175 119 0
176 119 0
179 119 0
180 119 0
182 119 0
186 119 0
187 119 0
188 119 0
189 119 0
106 120 0
169 120 0
170 120 0
171 120 0
174 120 0
175 120 0
176 120 0
180 120 0
186 120 0
188 120 0
130 121 0
168 121 0
169 121 0
170 121 0
175 121 0
176 121 0
177 121 0
184 121 0
186 121 0
187 121 0
110 122 0
167 122 0
168 122 0
169 122 0
170 122 0
172 122 0
173 122 0
177 122 0
130 123 0
167 123 0
168 123 0
169 123 0
176 123 0
48 124 0
166 124 0
167 124 0
168 124 0
174 124 0
177 124 0
166 125 0
167 125 0
168 125 0
173 125 0
187 125 0
88 126 0
150 126 0
165 126 0
166 126 0
167 126 0
173 126 0
174 126 0
10 127 0
165 127 0
166 127 0
172 127 0
173 127 0
12 128 0
164 128 0
165 128 0
166 128 0
173 128 0
174 128 0
176 128 0
129 129 0
163 129 0
164 129 0
165 129 0
172 129 0
173 129 0
129 130 0
163 130 0
164 130 0
165 130 0
172 130 0
173 130 0
176 130 0
16 131 0
17 131 0
18 131 0
162 131 0
163 131 0
164 131 0
172 131 0
173 131 0
16 132 0
17 132 0
18 132 0
19 132 0
20 132 0
21 132 0
22 132 0
23 132 0
162 132 0
163 132 0
171 132 0
172 132 0
11 133 0
15 133 0
16 133 0
17 133 0
18 133 0
19 133 0
20 133 0
21 133 0
22 133 0
23 133 0
24 133 0
25 133 0
26 133 0
27 133 0
28 133 0
160 133 0
161 133 0
162 133 0
163 133 0
171 133 0
172 133 0
176 133 0
15 134 0
16 134 0
17 134 0
18 134 0
19 134 0
22 134 0
24 134 0
26 134 0
27 134 0
28 134 0
29 134 0
30 134 0
31 134 0
32 134 0
33 134 0
34 134 0
35 134 0
36 134 0
37 134 0
160 134 0
161 134 0
162 134 0
163 134 0
171 134 0
172 134 0
174 134 0
175 134 0
177 134 0
178 134 0
16 135 0
17 135 0
18 135 0
19 135 0
20 135 0
21 135 0
23 135 0
26 135 0
28 135 0
32 135 0
33 135 0
34 135 0
35 135 0
36 135 0
37 135 0
38 135 0
160 135 0
161 135 0
162 135 0
175 135 0
176 135 0
177 135 0
178 135 0
16 136 0
17 136 0
18 136 0
19 136 0
20 136 0
21 136 0
22 136 0
23 136 0
24 136 0
25 136 0
26 136 0
27 136 0
28 136 0
30 136 0
33 136 0
34 136 0
36 136 0
160 136 0
161 136 0
174 136 0
177 136 0
178 136 0
1 137 0
15 137 0
16 137 0
17 137 0
18 137 0
19 137 0
27 137 0
28 137 0
29 137 0
30 137 0
31 137 0
32 137 0
33 137 0
34 137 0
35 137 0
36 137 0
37 137 0
38 137 0
39 137 0
41 137 0
42 137 0
43 137 0
44 137 0
45 137 0
46 137 0
47 137 0
48 137 0
49 137 0
50 137 0
130 137 0
160 137 0
161 137 0
173 137 0
174 137 0
178 137 0
179 137 0
182 137 0
5 138 0
10 138 0
11 138 0
12 138 0
13 138 0
14 138 0
15 138 0
18 138 0
19 138 0
31 138 0
33 138 0
34 138 0
35 138 0
36 138 0
37 138 0
38 138 0
39 138 0
41 138 0
42 138 0
43 138 0
44 138 0
45 138 0
46 138 0
47 138 0
48 138 0
49 138 0
50 138 0
51 138 0
52 138 0
53 138 0
54 138 0
55 138 0
56 138 0
57 138 0
58 138 0
110 138 0
145 138 0
158 138 0
160 138 0
174 138 0
176 138 0
178 138 0
179 138 0
182 138 0
3 139 0
5 139 0
8 139 0
9 139 0
10 139 0
15 139 0
18 139 0
19 139 0
38 139 0
45 139 0
46 139 0
47 139 0
48 139 0
49 139 0
50 139 0
51 139 0
52 139 0
53 139 0
54 139 0
55 139 0
56 139 0
57 139 0
58 139 0
59 139 0
60 139 0
61 139 0
62 139 0
63 139 0
64 139 0
65 139 0
66 139 0
67 139 0
68 139 0
74 139 0
75 139 0
76 139 0
77 139 0
78 139 0
79 139 0
80 139 0
81 139 0
82 139 0
83 139 0
84 139 0
86 139 0
88 139 0
92 139 0
124 139 0
126 139 0
128 139 0
129 139 0
158 139 0
160 139 0
173 139 0
174 139 0
175 139 0
176 139 0
8 140 0
12 140 0
18 140 0
50 140 0
51 140 0
52 140 0
53 140 0
54 140 0
55 140 0
56 140 0
57 140 0
58 140 0
59 140 0
60 140 0
61 140 0
62 140 0
63 140 0
64 140 0
65 140 0
66 140 0
67 140 0
68 140 0
69 140 0
70 140 0
74 140 0
75 140 0
76 140 0
78 140 0
79 140 0
80 140 0
81 140 0
82 140 0
83 140 0
84 140 0
85 140 0
86 140 0
87 140 0
88 140 0
89 140 0
90 140 0
91 140 0
92 140 0
128 140 0
129 140 0
158 140 0
175 140 0
176 140 0
16 141 0
17 141 0
58 141 0
59 141 0
60 141 0
61 141 0
62 141 0
63 141 0
64 141 0
65 141 0
66 141 0
67 141 0
68 141 0
69 141 0
70 141 0
74 141 0
76 141 0
82 141 0
84 141 0
86 141 0
89 141 0
94 141 0
128 141 0
129 141 0
130 141 0
157 141 0
158 141 0
175 141 0
5 142 0
17 142 0
74 142 0
75 142 0
76 142 0
77 142 0
78 142 0
79 142 0
80 142 0
81 142 0
82 142 0
83 142 0
84 142 0
86 142 0
87 142 0
90 142 0
92 142 0
93 142 0
94 142 0
128 142 0
129 142 0
131 142 0
132 142 0
135 142 0
145 142 0
155 142 0
156 142 0
157 142 0
158 142 0
170 142 0
174 142 0
2 143 0
10 143 0
14 143 0
18 143 0
75 143 0
76 143 0
77 143 0
78 143 0
79 143 0
80 143 0
81 143 0
82 143 0
83 143 0
84 143 0
85 143 0
86 143 0
87 143 0
88 143 0
89 143 0
90 143 0
91 143 0
92 143 0
93 143 0
128 143 0
129 143 0
130 143 0
132 143 0
133 143 0
134 143 0
136 143 0
137 143 0
138 143 0
139 143 0
140 143 0
142 143 0
143 143 0
144 143 0
145 143 0
146 143 0
147 143 0
151 143 0
153 143 0
156 143 0
157 143 0
158 143 0
174 143 0
179 143 0
3 144 0
7 144 0
14 144 0
16 144 0
18 144 0
82 144 0
83 144 0
92 144 0
93 144 0
96 144 0
128 144 0
129 144 0
132 144 0
133 144 0
134 144 0
136 144 0
137 144 0
138 144 0
139 144 0
140 144 0
141 144 0
142 144 0
143 144 0
144 144 0
145 144 0
146 144 0
147 144 0
151 144 0
152 144 0
154 144 0
156 144 0
158 144 0
159 144 0
160 144 0
1 145 0
2 145 0
3 145 0
5 145 0
6 145 0
7 145 0
128 145 0
129 145 0
131 145 0
132 145 0
135 145 0
136 145 0
137 145 0
138 145 0
139 145 0
140 145 0
142 145 0
143 145 0
144 145 0
146 145 0
147 145 0
148 145 0
151 145 0
152 145 0
156 145 0
159 145 0
160 145 0
161 145 0
162 145 0
169 145 0
180 145 0
1 146 0
2 146 0
3 146 0
4 146 0
5 146 0
6 146 0
7 146 0
8 146 0
9 146 0
11 146 0
12 146 0
92 146 0
94 146 0
128 146 0
129 146 0
130 146 0
131 146 0
132 146 0
135 146 0
136 146 0
137 146 0
138 146 0
140 146 0
141 146 0
142 146 0
146 146 0
147 146 0
148 146 0
149 146 0
151 146 0
152 146 0
154 146 0
158 146 0
159 146 0
160 146 0
161 146 0
162 146 0
163 146 0
164 146 0
174 146 0
180 146 0
1 147 0
2 147 0
3 147 0
4 147 0
5 147 0
6 147 0
7 147 0
8 147 0
9 147 0
10 147 0
11 147 0
12 147 0
13 147 0
14 147 0
15 147 0
16 147 0
17 147 0
18 147 0
115 147 0
120 147 0
132 147 0
133 147 0
136 147 0
137 147 0
138 147 0
139 147 0
140 147 0
141 147 0
142 147 0
145 147 0
146 147 0
147 147 0
150 147 0
154 147 0
160 147 0
163 147 0
164 147 0
165 147 0
170 147 0
174 147 0
1 148 0
2 148 0
3 148 0
4 148 0
5 148 0
6 148 0
7 148 0
8 148 0
9 148 0
10 148 0
11 148 0
12 148 0
13 148 0
14 148 0
15 148 0
16 148 0
17 148 0
18 148 0
19 148 0
32 148 0
132 148 0
134 148 0
135 148 0
136 148 0
137 148 0
138 148 0
139 148 0
140 148 0
141 148 0
142 148 0
147 148 0
148 148 0
149 148 0
150 148 0
154 148 0
170 148 0
172 148 0
1 149 0
2 149 0
3 149 0
4 149 0
5 149 0
6 149 0
7 149 0
8 149 0
9 149 0
10 149 0
11 149 0
12 149 0
13 149 0
14 149 0
15 149 0
16 149 0
17 149 0
18 149 0
19 149 0
23 149 0
34 149 0
130 149 0
135 149 0
136 149 0
138 149 0
144 149 0
145 149 0
146 149 0
148 149 0
149 149 0
150 149 0
151 149 0
155 149 0
156 149 0
161 149 0
162 149 0
163 149 0
164 149 0
170 149 0
171 149 0
172 149 0
173 149 0
174 149 0
188 149 0
1 150 0
2 150 0
3 150 0
4 150 0
5 150 0
6 150 0
7 150 0
8 150 0
9 150 0
10 150 0
11 150 0
12 150 0
13 150 0
14 150 0
15 150 0
16 150 0
17 150 0
18 150 0
19 150 0
20 150 0
22 150 0
23 150 0
24 150 0
143 150 0
145 150 0
146 150 0
147 150 0
148 150 0
150 150 0
151 150 0
152 150 0
153 150 0
154 150 0
155 150 0
156 150 0
157 150 0
158 150 0
159 150 0
160 150 0
161 150 0
162 150 0
163 150 0
164 150 0
165 150 0
166 150 0
169 150 0
170 150 0
171 150 0
172 150 0
173 150 0
174 150 0
175 150 0
176 150 0
177 150 0
1 151 0
2 151 0
3 151 0
4 151 0
5 151 0
6 151 0
7 151 0
8 151 0
9 151 0
10 151 0
11 151 0
12 151 0
13 151 0
14 151 0
15 151 0
16 151 0
17 151 0
18 151 0
19 151 0
20 151 0
23 151 0
24 151 0
25 151 0
145 151 0
146 151 0
147 151 0
148 151 0
150 151 0
151 151 0
152 151 0
153 151 0
154 151 0
155 151 0
156 151 0
157 151 0
158 151 0
159 151 0
160 151 0
161 151 0
162 151 0
163 151 0
164 151 0
165 151 0
166 151 0
169 151 0
170 151 0
171 151 0
172 151 0
176 151 0
177 151 0
178 151 0
179 151 0
180 151 0
1 152 0
2 152 0
3 152 0
4 152 0
5 152 0
6 152 0
7 152 0
8 152 0
9 152 0
10 152 0
11 152 0
12 152 0
13 152 0
14 152 0
15 152 0
16 152 0
18 152 0
19 152 0
22 152 0
24 152 0
54 152 0
146 152 0
170 152 0
171 152 0
172 152 0
173 152 0
174 152 0
179 152 0
180 152 0
181 152 0
182 152 0
183 152 0
184 152 0
1 153 0
2 153 0
3 153 0
4 153 0
5 153 0
6 153 0
7 153 0
8 153 0
9 153 0
10 153 0
11 153 0
12 153 0
13 153 0
14 153 0
15 153 0
16 153 0
17 153 0
18 153 0
19 153 0
25 153 0
26 153 0
27 153 0
48 153 0
60 153 0
64 153 0
174 153 0
175 153 0
176 153 0
177 153 0
180 153 0
182 153 0
183 153 0
184 153 0
185 153 0
186 153 0
187 153 0
1 154 0
2 154 0
3 154 0
4 154 0
5 154 0
6 154 0
7 154 0
8 154 0
9 154 0
10 154 0
11 154 0
12 154 0
13 154 0
14 154 0
15 154 0
16 154 0
17 154 0
18 154 0
19 154 0
22 154 0
24 154 0
44 154 0
45 154 0
46 154 0
47 154 0
48 154 0
49 154 0
50 154 0
51 154 0
52 154 0
53 154 0
54 154 0
56 154 0
58 154 0
64 154 0
86 154 0
87 154 0
88 154 0
107 154 0
148 154 0
149 154 0
175 154 0
176 154 0
177 154 0
178 154 0
179 154 0
180 154 0
183 154 0
186 154 0
187 154 0
188 154 0
189 154 0
1 155 0
2 155 0
3 155 0
4 155 0
5 155 0
6 155 0
7 155 0
8 155 0
9 155 0
10 155 0
11 155 0
12 155 0
13 155 0
14 155 0
15 155 0
16 155 0
17 155 0
18 155 0
19 155 0
22 155 0
24 155 0
27 155 0
28 155 0
29 155 0
30 155 0
54 155 0
56 155 0
57 155 0
58 155 0
59 155 0
60 155 0
61 155 0
64 155 0
65 155 0
66 155 0
67 155 0
69 155 0
71 155 0
77 155 0
85 155 0
95 155 0
99 155 0
108 155 0
109 155 0
110 155 0
116 155 0
136 155 0
138 155 0
144 155 0
145 155 0
146 155 0
148 155 0
150 155 0
151 155 0
179 155 0
181 155 0
182 155 0
183 155 0
188 155 0
189 155 0
1 156 0
2 156 0
3 156 0
4 156 0
5 156 0
6 156 0
7 156 0
8 156 0
9 156 0
10 156 0
11 156 0
12 156 0
13 156 0
14 156 0
15 156 0
16 156 0
17 156 0
18 156 0
24 156 0
29 156 0
30 156 0
31 156 0
32 156 0
33 156 0
34 156 0
44 156 0
45 156 0
58 156 0
64 156 0
66 156 0
72 156 0
74 156 0
75 156 0
76 156 0
78 156 0
79 156 0
80 156 0
81 156 0
82 156 0
83 156 0
84 156 0
85 156 0
89 156 0
91 156 0
92 156 0
94 156 0
96 156 0
104 156 0
108 156 0
110 156 0
114 156 0
119 156 0
120 156 0
121 156 0
122 156 0
123 156 0
124 156 0
125 156 0
126 156 0
128 156 0
130 156 0
131 156 0
132 156 0
134 156 0
140 156 0
141 156 0
142 156 0
144 156 0
145 156 0
148 156 0
152 156 0
153 156 0
154 156 0
180 156 0
181 156 0
182 156 0
183 156 0
184 156 0
185 156 0
186 156 0
187 156 0
188 156 0
1 157 0
2 157 0
3 157 0
4 157 0
6 157 0
7 157 0
8 157 0
9 157 0
10 157 0
11 157 0
12 157 0
13 157 0
14 157 0
15 157 0
16 157 0
17 157 0
18 157 0
19 157 0
24 157 0
34 157 0
35 157 0
36 157 0
37 157 0
43 157 0
44 157 0
66 157 0
104 157 0
107 157 0
111 157 0
112 157 0
117 157 0
118 157 0
149 157 0
154 157 0
155 157 0
162 157 0
174 157 0
185 157 0
186 157 0
187 157 0
188 157 0
189 157 0
1 158 0
2 158 0
3 158 0
4 158 0
5 158 0
6 158 0
7 158 0
8 158 0
9 158 0
10 158 0
11 158 0
12 158 0
13 158 0
14 158 0
15 158 0
16 158 0
17 158 0
18 158 0
19 158 0
39 158 0
40 158 0
41 158 0
42 158 0
43 158 0
44 158 0
48 158 0
54 158 0
120 158 0
152 158 0
154 158 0
157 158 0
158 158 0
162 158 0
174 158 0
189 158 0
1 159 0
2 159 0
3 159 0
4 159 0
5 159 0
6 159 0
7 159 0
8 159 0
9 159 0
10 159 0
11 159 0
12 159 0
13 159 0
14 159 0
15 159 0
16 159 0
17 159 0
18 159 0
19 159 0
42 159 0
43 159 0
48 159 0
54 159 0
58 159 0
157 159 0
160 159 0
161 159 0
162 159 0
1 160 0
2 160 0
3 160 0
4 160 0
5 160 0
6 160 0
7 160 0
8 160 0
9 160 0
10 160 0
11 160 0
12 160 0
13 160 0
14 160 0
15 160 0
16 160 0
17 160 0
18 160 0
19 160 0
58 160 0
62 160 0
113 160 0
158 160 0
160 160 0
163 160 0
164 160 0
165 160 0
1 161 0
2 161 0
3 161 0
4 161 0
5 161 0
6 161 0
7 161 0
8 161 0
9 161 0
10 161 0
11 161 0
12 161 0
13 161 0
14 161 0
15 161 0
16 161 0
17 161 0
18 161 0
19 161 0
20 161 0
28 161 0
35 161 0
43 161 0
46 161 0
48 161 0
62 161 0
64 161 0
66 161 0
112 161 0
114 161 0
166 161 0
167 161 0
168 161 0
180 161 0
1 162 0
2 162 0
3 162 0
4 162 0
5 162 0
6 162 0
7 162 0
8 162 0
9 162 0
10 162 0
11 162 0
12 162 0
13 162 0
14 162 0
15 162 0
16 162 0
17 162 0
18 162 0
19 162 0
22 162 0
28 162 0
32 162 0
36 162 0
64 162 0
119 162 0
120 162 0
125 162 0
149 162 0
162 162 0
168 162 0
169 162 0
1 163 0
2 163 0
3 163 0
4 163 0
5 163 0
6 163 0
7 163 0
8 163 0
9 163 0
10 163 0
11 163 0
12 163 0
13 163 0
14 163 0
16 163 0
17 163 0
18 163 0
19 163 0
40 163 0
44 163 0
124 163 0
147 163 0
155 163 0
156 163 0
158 163 0
168 163 0
170 163 0
1 164 0
2 164 0
3 164 0
4 164 0
5 164 0
6 164 0
7 164 0
8 164 0
9 164 0
10 164 0
11 164 0
12 164 0
13 164 0
14 164 0
15 164 0
16 164 0
17 164 0
18 164 0
19 164 0
24 164 0
27 164 0
40 164 0
76 164 0
156 164 0
160 164 0
161 164 0
172 164 0
174 164 0
1 165 0
2 165 0
3 165 0
4 165 0
5 165 0
6 165 0
7 165 0
8 165 0
9 165 0
10 165 0
11 165 0
12 165 0
13 165 0
14 165 0
15 165 0
16 165 0
17 165 0
18 165 0
26 165 0
40 165 0
44 165 0
50 165 0
128 165 0
134 165 0
146 165 0
156 165 0
158 165 0
160 165 0
161 165 0
164 165 0
165 165 0
166 165 0
174 165 0
175 165 0
176 165 0
1 166 0
2 166 0
3 166 0
4 166 0
5 166 0
6 166 0
7 166 0
8 166 0
9 166 0
10 166 0
11 166 0
12 166 0
13 166 0
14 166 0
15 166 0
16 166 0
17 166 0
18 166 0
19 166 0
42 166 0
48 166 0
145 166 0
162 166 0
163 166 0
164 166 0
165 166 0
166 166 0
167 166 0
168 166 0
169 166 0
170 166 0
176 166 0
178 166 0
179 166 0
1 167 0
2 167 0
3 167 0
4 167 0
5 167 0
6 167 0
7 167 0
8 167 0
9 167 0
10 167 0
11 167 0
12 167 0
13 167 0
14 167 0
15 167 0
16 167 0
17 167 0
18 167 0
19 167 0
24 167 0
30 167 0
164 167 0
166 167 0
167 167 0
168 167 0
169 167 0
170 167 0
172 167 0
173 167 0
174 167 0
178 167 0
180 167 0
181 167 0
182 167 0
1 168 0
2 168 0
3 168 0
4 168 0
5 168 0
6 168 0
7 168 0
8 168 0
9 168 0
10 168 0
11 168 0
12 168 0
13 168 0
14 168 0
15 168 0
16 168 0
17 168 0
18 168 0
19 168 0
24 168 0
30 168 0
152 168 0
169 168 0
170 168 0
171 168 0
172 168 0
173 168 0
175 168 0
181 168 0
182 168 0
183 168 0
184 168 0
185 168 0
186 168 0
1 169 0
2 169 0
3 169 0
4 169 0
5 169 0
6 169 0
7 169 0
8 169 0
9 169 0
10 169 0
11 169 0
12 169 0
13 169 0
14 169 0
15 169 0
16 169 0
17 169 0
18 169 0
19 169 0
26 169 0
169 169 0
173 169 0
174 169 0
175 169 0
176 169 0
177 169 0
178 169 0
185 169 0
186 169 0
187 169 0
1 170 0
2 170 0
3 170 0
4 170 0
5 170 0
6 170 0
7 170 0
8 170 0
9 170 0
10 170 0
11 170 0
12 170 0
13 170 0
14 170 0
15 170 0
16 170 0
17 170 0
18 170 0
19 170 0
50 170 0
176 170 0
178 170 0
179 170 0
187 170 0
188 170 0
1 171 0
2 171 0
3 171 0
4 171 0
5 171 0
6 171 0
7 171 0
8 171 0
9 171 0
10 171 0
11 171 0
12 171 0
13 171 0
14 171 0
15 171 0
16 171 0
17 171 0
18 171 0
19 171 0
180 171 0
1 172 0
2 172 0
3 172 0
4 172 0
5 172 0
6 172 0
7 172 0
8 172 0
9 172 0
10 172 0
11 172 0
12 172 0
13 172 0
14 172 0
15 172 0
16 172 0
17 172 0
18 172 0
19 172 0
1 173 0
2 173 0
3 173 0
4 173 0
5 173 0
6 173 0
7 173 0
8 173 0
9 173 0
10 173 0
11 173 0
12 173 0
13 173 0
14 173 0
15 173 0
16 173 0
17 173 0
18 173 0
19 173 0
79 173 0
160 173 0
1 174 0
2 174 0
3 174 0
4 174 0
5 174 0
6 174 0
8 174 0
9 174 0
10 174 0
11 174 0
12 174 0
13 174 0
14 174 0
15 174 0
16 174 0
17 174 0
18 174 0
19 174 0
20 174 0
79 174 0
1 175 0
2 175 0
3 175 0
4 175 0
5 175 0
6 175 0
8 175 0
9 175 0
10 175 0
11 175 0
12 175 0
13 175 0
14 175 0
15 175 0
16 175 0
17 175 0
18 175 0
19 175 0
26 175 0
43 175 0
62 175 0
79 175 0
1 176 0
2 176 0
3 176 0
4 176 0
5 176 0
6 176 0
7 176 0
8 176 0
10 176 0
11 176 0
12 176 0
13 176 0
14 176 0
15 176 0
16 176 0
17 176 0
18 176 0
19 176 0
23 176 0
26 176 0
79 176 0
1 177 0
2 177 0
3 177 0
4 177 0
5 177 0
6 177 0
7 177 0
8 177 0
10 177 0
11 177 0
12 177 0
13 177 0
14 177 0
15 177 0
16 177 0
17 177 0
18 177 0
19 177 0
26 177 0
79 177 0
3 178 0
5 178 0
6 178 0
7 178 0
10 178 0
11 178 0
12 178 0
14 178 0
15 178 0
18 178 0
19 178 0
2 1 1
3 1 1
6 1 1
7 1 1
8 1 1
9 1 1
10 1 1
11 1 1
12 1 1
13 1 1
14 1 1
15 1 1
16 1 1
17 1 1
18 1 1
19 1 1
20 1 1
21 1 1
22 1 1
23 1 1
24 1 1
25 1 1
26 1 1
27 1 1
28 1 1
29 1 1
30 1 1
2 2 1
6 2 1
7 2 1
8 2 1
9 2 1
10 2 1
11 2 1
12 2 1
13 2 1
14 2 1
15 2 1
16 2 1
17 2 1
18 2 1
19 2 1
20 2 1
21 2 1
22 2 1
23 2 1
24 2 1
25 2 1
26 2 1
27 2 1
28 2 1
29 2 1
30 2 1
6 3 1
7 3 1
8 3 1
9 3 1
10 3 1
11 3 1
12 3 1
13 3 1
14 3 1
15 3 1
16 3 1
17 3 1
18 3 1
19 3 1
20 3 1
21 3 1
22 3 1
23 3 1
24 3 1
25 3 1
26 3 1
27 3 1
28 3 1
29 3 1
30 3 1
31 3 1
4 4 1
7 4 1
8 4 1
9 4 1
10 4 1
11 4 1
12 4 1
13 4 1
14 4 1
15 4 1
16 4 1
17 4 1
18 4 1
19 4 1
20 4 1
21 4 1
22 4 1
23 4 1
24 4 1
25 4 1
26 4 1
27 4 1
28 4 1
29 4 1
30 4 1
31 4 1
8 5 1
9 5 1
10 5 1
11 5 1
12 5 1
13 5 1
14 5 1
15 5 1
16 5 1
17 5 1
18 5 1
19 5 1
20 5 1
21 5 1
22 5 1
23 5 1
24 5 1
25 5 1
26 5 1
27 5 1
28 5 1
29 5 1
30 5 1
31 5 1
32 5 1
6 6 1
7 6 1
8 6 1
9 6 1
10 6 1
11 6 1
12 6 1
13 6 1
14 6 1
15 6 1
16 6 1
17 6 1
18 6 1
19 6 1
20 6 1
21 6 1
22 6 1
23 6 1
24 6 1
25 6 1
26 6 1
27 6 1
28 6 1
29 6 1
30 6 1
31 6 1
32 6 1
6 7 1
8 7 1
9 7 1
10 7 1
11 7 1
12 7 1
13 7 1
14 7 1
15 7 1
16 7 1
17 7 1
18 7 1
19 7 1
20 7 1
21 7 1
22 7 1
23 7 1
24 7 1
25 7 1
26 7 1
27 7 1
28 7 1
29 7 1
30 7 1
31 7 1
32 7 1
4 8 1
8 8 1
9 8 1
10 8 1
11 8 1
12 8 1
13 8 1
14 8 1
15 8 1
16 8 1
17 8 1
18 8 1
19 8 1
20 8 1
21 8 1
22 8 1
23 8 1
24 8 1
25 8 1
26 8 1
27 8 1
28 8 1
29 8 1
30 8 1
31 8 1
32 8 1
4 9 1
5 9 1
8 9 1
9 9 1
10 9 1
11 9 1
12 9 1
13 9 1
14 9 1
15 9 1
16 9 1
17 9 1
18 9 1
19 9 1
20 9 1
21 9 1
22 9 1
23 9 1
24 9 1
25 9 1
26 9 1
27 9 1
28 9 1
29 9 1
30 9 1
31 9 1
8 10 1
9 10 1
10 10 1
11 10 1
12 10 1
13 10 1
14 10 1
15 10 1
16 10 1
17 10 1
18 10 1
19 10 1
20 10 1
21 10 1
22 10 1
23 10 1
24 10 1
25 10 1
26 10 1
27 10 1
28 10 1
29 10 1
30 10 1
31 10 1
32 10 1
10 11 1
11 11 1
12 11 1
13 11 1
14 11 1
15 11 1
16 11 1
17 11 1
18 11 1
19 11 1
20 11 1
21 11 1
22 11 1
23 11 1
24 11 1
25 11 1
26 11 1
27 11 1
28 11 1
29 11 1
30 11 1
31 11 1
32 11 1
12 12 1
13 12 1
14 12 1
15 12 1
16 12 1
17 12 1
18 12 1
19 12 1
20 12 1
21 12 1
22 12 1
23 12 1
24 12 1
25 12 1
27 12 1
28 12 1
29 12 1
30 12 1
31 12 1
32 12 1
33 12 1
12 13 1
14 13 1
15 13 1
17 13 1
18 13 1
19 13 1
20 13 1
21 13 1
28 13 1
29 13 1
30 13 1
31 13 1
32 13 1
33 13 1
34 13 1
16 14 1
18 14 1
19 14 1
30 14 1
31 14 1
32 14 1
33 14 1
34 14 1
10 15 1
30 15 1
31 15 1
32 15 1
33 15 1
34 15 1
35 15 1
30 16 1
32 16 1
33 16 1
34 16 1
35 16 1
36 16 1
33 17 1
34 17 1
35 17 1
36 17 1
12 18 1
34 18 1
36 18 1
4 19 1
9 19 1
10 19 1
11 19 1
36 19 1
37 19 1
1 20 1
2 20 1
4 20 1
6 20 1
9 20 1
10 20 1
11 20 1
12 20 1
36 20 1
38 20 1
2 21 1
6 21 1
7 21 1
8 21 1
9 21 1
10 21 1
11 21 1
12 21 1
13 21 1
38 21 1
2 22 1
5 22 1
7 22 1
10 22 1
15 22 1
16 22 1
6 23 1
8 23 1
11 23 1
12 23 1
13 23 1
14 23 1
15 23 1
17 23 1
18 23 1
6 24 1
7 24 1
8 24 1
13 24 1
6 25 1
8 25 1
9 25 1
7 26 1
8 26 1
6 29 1
12 30 1
4 32 1
2 33 1
16 33 1
3 35 1
2 36 1
4 36 1
1 38 1
14 38 1
2 39 1
3 39 1
4 39 1
6 39 1
2 40 1
1 41 1
5 41 1
14 42 1
8 44 1
14 45 1
12 47 1
13 47 1
16 48 1
19 48 1
2 49 1
7 50 1
12 50 1
18 50 1
5 51 1
11 51 1
11 52 1
11 53 1
13 53 1
16 53 1
6 54 1
5 55 1
5 56 1
1 57 1
8 57 1
11 57 1
12 57 1
2 58 1
5 60 1
9 60 1
10 60 1
10 61 1
10 62 1
11 62 1
4 64 1
2 66 1
18 67 1
4 72 1
8 73 1
2 74 1
8 75 1
9 76 1
4 79 1
47 115 2
48 115 2
46 116 2
47 116 2
48 116 2
49 116 2
50 116 2
51 116 2
47 117 2
48 117 2
49 117 2
50 117 2
51 117 2
52 117 2
47 118 2
48 118 2
49 118 2
50 118 2
51 118 2
52 118 2
53 118 2
54 118 2
55 118 2
47 119 2
48 119 2
49 119 2
50 119 2
51 119 2
52 119 2
53 119 2
54 119 2
55 119 2
56 119 2
48 120 2
49 120 2
50 120 2
51 120 2
52 120 2
53 120 2
54 120 2
55 120 2
56 120 2
57 120 2
48 121 2
49 121 2
50 121 2
51 121 2
52 121 2
53 121 2
54 121 2
55 121 2
56 121 2
57 121 2
58 121 2
59 121 2
53 122 2
54 122 2
55 122 2
56 122 2
57 122 2
58 122 2
54 123 2
55 123 2
56 123 2
57 123 2
58 123 2
