178 11 0
54 14 0
71 21 0
184 28 0
188 30 0
2 33 0
126 33 0
128 33 0
4 34 0
6 34 0
126 34 0
128 34 0
1 35 0
128 35 0
1 36 0
2 36 0
8 36 0
9 36 0
11 36 0
60 36 0
126 36 0
127 36 0
128 36 0
184 36 0
1 37 0
4 37 0
8 37 0
124 37 0
125 37 0
127 37 0
128 37 0
1 38 0
2 38 0
9 38 0
16 38 0
125 38 0
127 38 0
2 39 0
3 39 0
4 39 0
6 39 0
124 39 0
125 39 0
126 39 0
127 39 0
3 40 0
5 40 0
125 40 0
126 40 0
136 40 0
3 41 0
4 41 0
5 41 0
8 41 0
9 41 0
10 41 0
75 41 0
76 41 0
77 41 0
78 41 0
81 41 0
122 41 0
125 41 0
1 42 0
3 42 0
75 42 0
76 42 0
77 42 0
78 42 0
85 42 0
86 42 0
123 42 0
126 42 0
2 43 0
3 43 0
6 43 0
7 43 0
76 43 0
77 43 0
86 43 0
88 43 0
91 43 0
94 43 0
126 43 0
2 44 0
90 44 0
94 44 0
124 44 0
126 44 0
4 45 0
14 45 0
94 45 0
3 46 0
184 46 0
4 47 0
100 47 0
104 47 0
114 47 0
136 47 0
102 48 0
103 48 0
104 48 0
112 48 0
113 48 0
114 48 0
116 48 0
117 48 0
2 49 0
18 49 0
100 49 0
102 49 0
111 49 0
112 49 0
114 49 0
117 49 0
118 49 0
4 50 0
7 50 0
18 50 0
100 50 0
101 50 0
102 50 0
103 50 0
110 50 0
112 50 0
114 50 0
115 50 0
116 50 0
1 51 0
10 51 0
11 51 0
16 51 0
112 51 0
113 51 0
114 51 0
3 52 0
4 52 0
5 52 0
11 52 0
1 53 0
4 53 0
9 53 0
11 53 0
13 53 0
14 53 0
15 53 0
16 53 0
1 54 0
6 54 0
14 54 0
15 54 0
1 55 0
3 56 0
16 56 0
1 57 0
2 57 0
4 57 0
6 57 0
9 57 0
11 57 0
136 57 0
2 58 0
8 58 0
18 58 0
140 58 0
1 59 0
2 59 0
3 59 0
4 59 0
10 59 0
12 59 0
14 59 0
137 59 0
138 59 0
139 59 0
148 59 0
2 60 0
5 60 0
7 60 0
8 60 0
9 60 0
14 60 0
138 60 0
139 60 0
140 60 0
150 60 0
5 61 0
10 61 0
12 61 0
15 61 0
16 61 0
18 61 0
150 61 0
152 61 0
2 62 0
10 62 0
12 62 0
13 62 0
15 62 0
152 62 0
184 62 0
14 63 0
136 63 0
151 63 0
152 63 0
154 63 0
52 64 0
152 64 0
3 66 0
7 66 0
173 66 0
174 66 0
12 67 0
163 67 0
166 67 0
173 67 0
174 67 0
176 67 0
6 68 0
163 68 0
164 68 0
175 68 0
4 69 0
13 70 0
16 70 0
2 71 0
184 71 0
185 71 0
150 72 0
175 72 0
182 72 0
184 72 0
185 72 0
188 72 0
13 73 0
171 73 0
172 73 0
177 73 0
179 73 0
181 73 0
184 73 0
186 73 0
4 74 0
11 74 0
148 74 0
172 74 0
176 74 0
177 74 0
184 74 0
3 75 0
112 75 0
172 75 0
184 75 0
172 76 0
177 76 0
178 76 0
182 76 0
176 77 0
171 78 0
176 78 0
177 78 0
178 78 0
1 80 0
6 80 0
12 80 0
174 81 0
176 81 0
4 82 0
187 82 0
162 83 0
14 84 0
162 85 0
168 85 0
162 86 0
178 87 0
2 88 0
188 88 0
7 89 0
180 89 0
1 90 0
178 90 0
180 90 0
178 91 0
186 91 0
188 91 0
1 92 0
174 92 0
175 92 0
180 92 0
156 93 0
170 93 0
171 93 0
172 93 0
173 93 0
174 93 0
175 93 0
177 93 0
178 93 0
179 93 0
180 93 0
181 93 0
188 93 0
154 94 0
158 94 0
168 94 0
169 94 0
170 94 0
171 94 0
172 94 0
173 94 0
174 94 0
175 94 0
176 94 0
177 94 0
178 94 0
179 94 0
180 94 0
188 94 0
130 95 0
159 95 0
169 95 0
170 95 0
171 95 0
172 95 0
173 95 0
174 95 0
175 95 0
176 95 0
177 95 0
170 96 0
171 96 0
172 96 0
173 96 0
174 96 0
175 96 0
176 96 0
177 96 0
178 96 0
173 97 0
174 97 0
175 97 0
176 97 0
177 97 0
102 98 0
104 98 0
174 98 0
178 98 0
180 98 0
181 98 0
182 98 0
114 99 0
174 99 0
178 99 0
179 99 0
180 99 0
181 99 0
132 100 0
176 100 0
108 101 0
128 101 0
10 102 0
102 102 0
132 102 0
136 102 0
134 103 0
176 103 0
120 104 0
178 104 0
114 106 0
114 107 0
174 107 0
114 108 0
122 108 0
172 108 0
180 108 0
183 108 0
108 109 0
110 109 0
112 109 0
186 109 0
10 110 0
12 110 0
116 110 0
130 110 0
134 110 0
180 110 0
182 110 0
114 111 0
134 111 0
158 111 0
176 111 0
178 111 0
180 111 0
182 111 0
189 111 0
110 112 0
116 112 0
120 112 0
176 112 0
178 112 0
180 112 0
181 112 0
184 112 0
128 113 0
174 113 0
178 113 0
180 113 0
184 113 0
106 114 0
126 114 0
131 114 0
179 114 0
187 114 0
188 114 0
130 115 0
134 115 0
180 115 0
182 115 0
183 115 0
184 115 0
185 115 0
188 115 0
118 116 0
170 116 0
172 116 0
174 116 0
178 116 0
179 116 0
180 116 0
181 116 0
185 116 0
187 116 0
114 117 0
126 117 0
133 117 0
181 117 0
184 117 0
186 117 0
188 117 0
189 117 0
105 118 0
177 118 0
182 118 0
186 118 0
188 118 0
114 119 0
170 119 0
172 119 0
178 119 0
182 119 0
183 119 0
185 119 0
187 119 0
188 119 0
189 119 0
106 120 0
118 120 0
129 120 0
130 120 0
176 120 0
180 120 0
182 120 0
183 120 0
185 120 0
186 120 0
188 120 0
132 121 0
170 121 0
174 121 0
175 121 0
176 121 0
177 121 0
178 121 0
179 121 0
181 121 0
182 121 0
184 121 0
188 121 0
111 122 0
112 122 0
116 122 0
167 122 0
168 122 0
172 122 0
173 122 0
175 122 0
176 122 0
177 122 0
178 122 0
179 122 0
180 122 0
181 122 0
182 122 0
183 122 0
184 122 0
186 122 0
187 122 0
102 123 0
116 123 0
117 123 0
130 123 0
174 123 0
176 123 0
177 123 0
178 123 0
179 123 0
180 123 0
182 123 0
185 123 0
186 123 0
187 123 0
188 123 0
189 123 0
106 124 0
130 124 0
172 124 0
174 124 0
178 124 0
183 124 0
184 124 0
100 125 0
110 125 0
123 125 0
126 125 0
130 125 0
132 125 0
170 125 0
174 125 0
187 125 0
99 126 0
110 126 0
170 126 0
172 126 0
174 126 0
180 126 0
114 127 0
121 127 0
122 127 0
126 127 0
129 127 0
170 127 0
177 127 0
58 128 0
106 128 0
112 128 0
129 128 0
177 128 0
178 128 0
60 129 0
106 129 0
130 129 0
168 129 0
173 129 0
177 129 0
181 129 0
50 130 0
106 130 0
120 130 0
131 130 0
188 130 0
100 131 0
111 131 0
128 131 0
130 131 0
133 131 0
166 131 0
172 131 0
173 131 0
178 131 0
14 132 0
76 132 0
106 132 0
108 132 0
109 132 0
167 132 0
169 132 0
174 132 0
176 132 0
177 132 0
178 132 0
180 132 0
86 133 0
90 133 0
110 133 0
116 133 0
122 133 0
130 133 0
176 133 0
177 133 0
178 133 0
188 133 0
100 134 0
118 134 0
120 134 0
128 134 0
131 134 0
166 134 0
167 134 0
170 134 0
171 134 0
173 134 0
177 134 0
178 134 0
16 135 0
18 135 0
19 135 0
72 135 0
100 135 0
120 135 0
130 135 0
165 135 0
166 135 0
182 135 0
184 135 0
13 136 0
18 136 0
19 136 0
20 136 0
23 136 0
110 136 0
114 136 0
118 136 0
128 136 0
130 136 0
165 136 0
166 136 0
167 136 0
174 136 0
176 136 0
17 137 0
18 137 0
19 137 0
20 137 0
21 137 0
24 137 0
26 137 0
31 137 0
32 137 0
108 137 0
113 137 0
115 137 0
130 137 0
152 137 0
164 137 0
165 137 0
166 137 0
174 137 0
176 137 0
180 137 0
182 137 0
17 138 0
18 138 0
19 138 0
20 138 0
22 138 0
23 138 0
24 138 0
25 138 0
29 138 0
30 138 0
31 138 0
33 138 0
34 138 0
87 138 0
142 138 0
165 138 0
173 138 0
180 138 0
181 138 0
18 139 0
19 139 0
20 139 0
24 139 0
25 139 0
26 139 0
28 139 0
29 139 0
30 139 0
31 139 0
33 139 0
35 139 0
36 139 0
40 139 0
41 139 0
108 139 0
126 139 0
163 139 0
164 139 0
182 139 0
2 140 0
19 140 0
26 140 0
28 140 0
31 140 0
32 140 0
34 140 0
38 140 0
39 140 0
40 140 0
41 140 0
42 140 0
48 140 0
113 140 0
114 140 0
128 140 0
131 140 0
162 140 0
163 140 0
164 140 0
174 140 0
180 140 0
183 140 0
186 140 0
2 141 0
10 141 0
18 141 0
19 141 0
35 141 0
36 141 0
38 141 0
39 141 0
40 141 0
42 141 0
43 141 0
44 141 0
45 141 0
46 141 0
47 141 0
48 141 0
49 141 0
50 141 0
51 141 0
54 141 0
56 141 0
70 141 0
98 141 0
110 141 0
114 141 0
115 141 0
128 141 0
130 141 0
161 141 0
180 141 0
181 141 0
182 141 0
184 141 0
5 142 0
12 142 0
15 142 0
16 142 0
18 142 0
19 142 0
51 142 0
52 142 0
53 142 0
56 142 0
57 142 0
58 142 0
59 142 0
62 142 0
63 142 0
64 142 0
106 142 0
114 142 0
126 142 0
130 142 0
176 142 0
177 142 0
178 142 0
180 142 0
182 142 0
184 142 0
3 143 0
5 143 0
6 143 0
8 143 0
10 143 0
11 143 0
14 143 0
15 143 0
54 143 0
55 143 0
56 143 0
59 143 0
60 143 0
61 143 0
63 143 0
65 143 0
66 143 0
67 143 0
68 143 0
69 143 0
70 143 0
71 143 0
77 143 0
78 143 0
79 143 0
122 143 0
124 143 0
128 143 0
162 143 0
176 143 0
177 143 0
178 143 0
180 143 0
184 143 0
14 144 0
15 144 0
16 144 0
66 144 0
67 144 0
68 144 0
69 144 0
70 144 0
71 144 0
72 144 0
73 144 0
75 144 0
77 144 0
78 144 0
81 144 0
86 144 0
88 144 0
89 144 0
90 144 0
92 144 0
93 144 0
94 144 0
95 144 0
102 144 0
104 144 0
112 144 0
129 144 0
130 144 0
143 144 0
147 144 0
160 144 0
180 144 0
186 144 0
188 144 0
8 145 0
16 145 0
78 145 0
80 145 0
82 145 0
87 145 0
89 145 0
90 145 0
94 145 0
96 145 0
98 145 0
106 145 0
108 145 0
129 145 0
130 145 0
160 145 0
174 145 0
176 145 0
180 145 0
184 145 0
186 145 0
2 146 0
4 146 0
5 146 0
14 146 0
80 146 0
82 146 0
83 146 0
84 146 0
85 146 0
86 146 0
87 146 0
88 146 0
91 146 0
92 146 0
93 146 0
94 146 0
95 146 0
96 146 0
98 146 0
118 146 0
122 146 0
124 146 0
126 146 0
130 146 0
131 146 0
132 146 0
133 146 0
134 146 0
146 146 0
148 146 0
154 146 0
156 146 0
164 146 0
170 146 0
182 146 0
183 146 0
184 146 0
189 146 0
2 147 0
3 147 0
4 147 0
8 147 0
9 147 0
12 147 0
18 147 0
92 147 0
94 147 0
97 147 0
98 147 0
103 147 0
115 147 0
131 147 0
132 147 0
133 147 0
136 147 0
138 147 0
140 147 0
142 147 0
147 147 0
148 147 0
153 147 0
157 147 0
158 147 0
160 147 0
161 147 0
162 147 0
172 147 0
178 147 0
189 147 0
1 148 0
2 148 0
3 148 0
4 148 0
5 148 0
6 148 0
9 148 0
12 148 0
14 148 0
96 148 0
98 148 0
100 148 0
124 148 0
129 148 0
131 148 0
132 148 0
133 148 0
138 148 0
139 148 0
140 148 0
141 148 0
142 148 0
144 148 0
147 148 0
148 148 0
150 148 0
151 148 0
152 148 0
154 148 0
160 148 0
172 148 0
176 148 0
178 148 0
186 148 0
2 149 0
5 149 0
6 149 0
7 149 0
8 149 0
10 149 0
14 149 0
94 149 0
100 149 0
103 149 0
118 149 0
124 149 0
126 149 0
131 149 0
132 149 0
133 149 0
134 149 0
136 149 0
137 149 0
138 149 0
139 149 0
140 149 0
141 149 0
143 149 0
144 149 0
145 149 0
148 149 0
150 149 0
151 149 0
152 149 0
154 149 0
156 149 0
160 149 0
162 149 0
163 149 0
172 149 0
174 149 0
176 149 0
178 149 0
1 150 0
2 150 0
3 150 0
4 150 0
6 150 0
9 150 0
10 150 0
11 150 0
12 150 0
13 150 0
14 150 0
16 150 0
17 150 0
98 150 0
112 150 0
114 150 0
124 150 0
128 150 0
132 150 0
136 150 0
137 150 0
138 150 0
139 150 0
140 150 0
142 150 0
143 150 0
150 150 0
154 150 0
156 150 0
157 150 0
160 150 0
162 150 0
171 150 0
172 150 0
174 150 0
175 150 0
185 150 0
186 150 0
1 151 0
2 151 0
3 151 0
5 151 0
6 151 0
7 151 0
8 151 0
9 151 0
10 151 0
11 151 0
12 151 0
13 151 0
14 151 0
15 151 0
16 151 0
17 151 0
18 151 0
19 151 0
32 151 0
100 151 0
102 151 0
103 151 0
106 151 0
113 151 0
115 151 0
116 151 0
121 151 0
135 151 0
139 151 0
140 151 0
144 151 0
149 151 0
150 151 0
152 151 0
164 151 0
169 151 0
170 151 0
172 151 0
1 152 0
3 152 0
4 152 0
5 152 0
6 152 0
7 152 0
8 152 0
9 152 0
11 152 0
12 152 0
13 152 0
14 152 0
15 152 0
16 152 0
17 152 0
18 152 0
19 152 0
31 152 0
38 152 0
128 152 0
138 152 0
149 152 0
150 152 0
151 152 0
162 152 0
164 152 0
167 152 0
176 152 0
180 152 0
1 153 0
2 153 0
3 153 0
4 153 0
5 153 0
6 153 0
7 153 0
8 153 0
9 153 0
10 153 0
11 153 0
12 153 0
13 153 0
14 153 0
15 153 0
16 153 0
17 153 0
18 153 0
19 153 0
23 153 0
108 153 0
146 153 0
155 153 0
156 153 0
158 153 0
160 153 0
167 153 0
168 153 0
169 153 0
170 153 0
176 153 0
179 153 0
1 154 0
2 154 0
3 154 0
4 154 0
5 154 0
6 154 0
7 154 0
8 154 0
9 154 0
11 154 0
12 154 0
13 154 0
14 154 0
15 154 0
18 154 0
19 154 0
22 154 0
23 154 0
24 154 0
147 154 0
148 154 0
149 154 0
150 154 0
153 154 0
154 154 0
155 154 0
156 154 0
160 154 0
162 154 0
164 154 0
168 154 0
172 154 0
173 154 0
174 154 0
176 154 0
181 154 0
182 154 0
184 154 0
1 155 0
2 155 0
3 155 0
4 155 0
5 155 0
6 155 0
7 155 0
8 155 0
9 155 0
10 155 0
11 155 0
12 155 0
13 155 0
14 155 0
15 155 0
16 155 0
17 155 0
18 155 0
19 155 0
23 155 0
24 155 0
28 155 0
32 155 0
44 155 0
148 155 0
152 155 0
156 155 0
171 155 0
172 155 0
173 155 0
174 155 0
176 155 0
179 155 0
182 155 0
183 155 0
1 156 0
2 156 0
3 156 0
4 156 0
5 156 0
6 156 0
7 156 0
8 156 0
9 156 0
10 156 0
11 156 0
12 156 0
13 156 0
14 156 0
15 156 0
16 156 0
17 156 0
19 156 0
23 156 0
24 156 0
26 156 0
27 156 0
28 156 0
66 156 0
176 156 0
178 156 0
180 156 0
182 156 0
185 156 0
186 156 0
1 157 0
2 157 0
3 157 0
4 157 0
5 157 0
6 157 0
7 157 0
8 157 0
9 157 0
10 157 0
11 157 0
12 157 0
13 157 0
15 157 0
16 157 0
17 157 0
18 157 0
19 157 0
20 157 0
26 157 0
28 157 0
177 157 0
180 157 0
181 157 0
183 157 0
1 158 0
2 158 0
3 158 0
4 158 0
6 158 0
7 158 0
8 158 0
9 158 0
10 158 0
11 158 0
12 158 0
13 158 0
14 158 0
15 158 0
16 158 0
17 158 0
18 158 0
19 158 0
24 158 0
26 158 0
27 158 0
29 158 0
30 158 0
64 158 0
88 158 0
184 158 0
1 159 0
2 159 0
3 159 0
4 159 0
5 159 0
6 159 0
7 159 0
8 159 0
9 159 0
10 159 0
11 159 0
12 159 0
13 159 0
14 159 0
15 159 0
16 159 0
17 159 0
18 159 0
19 159 0
24 159 0
27 159 0
28 159 0
49 159 0
51 159 0
54 159 0
73 159 0
89 159 0
1 160 0
2 160 0
4 160 0
5 160 0
6 160 0
8 160 0
9 160 0
10 160 0
11 160 0
12 160 0
13 160 0
14 160 0
15 160 0
16 160 0
17 160 0
18 160 0
19 160 0
23 160 0
24 160 0
26 160 0
28 160 0
30 160 0
35 160 0
48 160 0
56 160 0
72 160 0
75 160 0
78 160 0
91 160 0
182 160 0
189 160 0
2 161 0
3 161 0
4 161 0
5 161 0
6 161 0
7 161 0
8 161 0
9 161 0
10 161 0
11 161 0
12 161 0
13 161 0
14 161 0
15 161 0
16 161 0
17 161 0
18 161 0
19 161 0
24 161 0
28 161 0
29 161 0
45 161 0
64 161 0
68 161 0
76 161 0
83 161 0
88 161 0
131 161 0
144 161 0
146 161 0
152 161 0
1 162 0
2 162 0
3 162 0
4 162 0
5 162 0
6 162 0
7 162 0
8 162 0
9 162 0
10 162 0
11 162 0
12 162 0
13 162 0
14 162 0
16 162 0
17 162 0
18 162 0
19 162 0
21 162 0
24 162 0
48 162 0
49 162 0
51 162 0
52 162 0
57 162 0
58 162 0
60 162 0
74 162 0
88 162 0
94 162 0
104 162 0
120 162 0
122 162 0
148 162 0
155 162 0
158 162 0
164 162 0
174 162 0
1 163 0
2 163 0
3 163 0
4 163 0
5 163 0
6 163 0
7 163 0
8 163 0
9 163 0
10 163 0
11 163 0
13 163 0
14 163 0
15 163 0
16 163 0
17 163 0
18 163 0
19 163 0
25 163 0
31 163 0
33 163 0
34 163 0
35 163 0
36 163 0
43 163 0
55 163 0
58 163 0
60 163 0
62 163 0
64 163 0
66 163 0
70 163 0
76 163 0
100 163 0
104 163 0
116 163 0
153 163 0
162 163 0
1 164 0
2 164 0
3 164 0
4 164 0
5 164 0
6 164 0
7 164 0
8 164 0
9 164 0
10 164 0
12 164 0
13 164 0
14 164 0
15 164 0
16 164 0
17 164 0
18 164 0
24 164 0
28 164 0
30 164 0
35 164 0
54 164 0
55 164 0
56 164 0
58 164 0
65 164 0
72 164 0
84 164 0
86 164 0
94 164 0
96 164 0
154 164 0
164 164 0
180 164 0
2 165 0
3 165 0
4 165 0
5 165 0
6 165 0
7 165 0
8 165 0
9 165 0
10 165 0
11 165 0
12 165 0
13 165 0
14 165 0
15 165 0
16 165 0
17 165 0
18 165 0
19 165 0
20 165 0
22 165 0
24 165 0
27 165 0
28 165 0
34 165 0
39 165 0
41 165 0
43 165 0
45 165 0
53 165 0
54 165 0
57 165 0
58 165 0
60 165 0
67 165 0
71 165 0
77 165 0
78 165 0
87 165 0
102 165 0
128 165 0
138 165 0
146 165 0
2 166 0
3 166 0
4 166 0
5 166 0
6 166 0
7 166 0
8 166 0
9 166 0
10 166 0
11 166 0
12 166 0
13 166 0
14 166 0
15 166 0
16 166 0
17 166 0
18 166 0
19 166 0
20 166 0
22 166 0
23 166 0
26 166 0
27 166 0
28 166 0
30 166 0
31 166 0
35 166 0
36 166 0
37 166 0
43 166 0
49 166 0
50 166 0
55 166 0
56 166 0
59 166 0
65 166 0
66 166 0
69 166 0
90 166 0
110 166 0
114 166 0
1 167 0
2 167 0
3 167 0
4 167 0
5 167 0
6 167 0
7 167 0
8 167 0
9 167 0
10 167 0
12 167 0
13 167 0
14 167 0
15 167 0
16 167 0
17 167 0
18 167 0
19 167 0
20 167 0
21 167 0
24 167 0
29 167 0
30 167 0
33 167 0
35 167 0
38 167 0
40 167 0
43 167 0
49 167 0
55 167 0
62 167 0
67 167 0
68 167 0
69 167 0
71 167 0
88 167 0
120 167 0
175 167 0
176 167 0
1 168 0
2 168 0
3 168 0
4 168 0
5 168 0
6 168 0
7 168 0
8 168 0
9 168 0
10 168 0
11 168 0
12 168 0
13 168 0
14 168 0
15 168 0
16 168 0
17 168 0
18 168 0
19 168 0
26 168 0
28 168 0
29 168 0
32 168 0
38 168 0
47 168 0
52 168 0
62 168 0
64 168 0
66 168 0
74 168 0
77 168 0
82 168 0
84 168 0
85 168 0
1 169 0
2 169 0
3 169 0
4 169 0
5 169 0
6 169 0
7 169 0
8 169 0
9 169 0
10 169 0
11 169 0
12 169 0
15 169 0
16 169 0
17 169 0
18 169 0
19 169 0
22 169 0
33 169 0
36 169 0
40 169 0
43 169 0
50 169 0
52 169 0
53 169 0
57 169 0
58 169 0
64 169 0
66 169 0
67 169 0
70 169 0
72 169 0
84 169 0
166 169 0
167 169 0
168 169 0
185 169 0
1 170 0
2 170 0
3 170 0
4 170 0
5 170 0
6 170 0
7 170 0
8 170 0
10 170 0
11 170 0
14 170 0
15 170 0
17 170 0
18 170 0
19 170 0
22 170 0
25 170 0
30 170 0
31 170 0
33 170 0
34 170 0
36 170 0
40 170 0
41 170 0
52 170 0
53 170 0
55 170 0
58 170 0
60 170 0
61 170 0
63 170 0
64 170 0
78 170 0
86 170 0
88 170 0
138 170 0
164 170 0
170 170 0
176 170 0
2 171 0
3 171 0
4 171 0
5 171 0
7 171 0
8 171 0
9 171 0
11 171 0
12 171 0
13 171 0
14 171 0
15 171 0
16 171 0
17 171 0
18 171 0
19 171 0
20 171 0
22 171 0
24 171 0
26 171 0
28 171 0
29 171 0
30 171 0
34 171 0
36 171 0
41 171 0
42 171 0
43 171 0
44 171 0
45 171 0
46 171 0
51 171 0
54 171 0
61 171 0
65 171 0
84 171 0
1 172 0
2 172 0
3 172 0
4 172 0
5 172 0
6 172 0
7 172 0
8 172 0
9 172 0
10 172 0
11 172 0
12 172 0
13 172 0
14 172 0
15 172 0
16 172 0
17 172 0
18 172 0
19 172 0
20 172 0
21 172 0
23 172 0
27 172 0
30 172 0
40 172 0
42 172 0
47 172 0
52 172 0
54 172 0
55 172 0
57 172 0
60 172 0
61 172 0
68 172 0
94 172 0
162 172 0
170 172 0
172 172 0
179 172 0
180 172 0
1 173 0
2 173 0
3 173 0
4 173 0
5 173 0
6 173 0
7 173 0
8 173 0
9 173 0
10 173 0
11 173 0
12 173 0
13 173 0
14 173 0
15 173 0
16 173 0
17 173 0
18 173 0
19 173 0
20 173 0
26 173 0
37 173 0
43 173 0
48 173 0
52 173 0
54 173 0
55 173 0
57 173 0
58 173 0
60 173 0
62 173 0
68 173 0
70 173 0
170 173 0
180 173 0
1 174 0
2 174 0
3 174 0
4 174 0
5 174 0
6 174 0
7 174 0
8 174 0
9 174 0
10 174 0
11 174 0
12 174 0
13 174 0
14 174 0
15 174 0
16 174 0
17 174 0
18 174 0
19 174 0
20 174 0
24 174 0
26 174 0
27 174 0
30 174 0
33 174 0
41 174 0
50 174 0
53 174 0
56 174 0
58 174 0
64 174 0
73 174 0
74 174 0
88 174 0
168 174 0
1 175 0
2 175 0
3 175 0
4 175 0
5 175 0
6 175 0
7 175 0
8 175 0
9 175 0
10 175 0
11 175 0
12 175 0
13 175 0
14 175 0
15 175 0
16 175 0
17 175 0
18 175 0
19 175 0
24 175 0
26 175 0
37 175 0
44 175 0
49 175 0
50 175 0
60 175 0
78 175 0
1 176 0
2 176 0
3 176 0
4 176 0
5 176 0
6 176 0
7 176 0
8 176 0
9 176 0
10 176 0
11 176 0
12 176 0
13 176 0
14 176 0
16 176 0
17 176 0
18 176 0
19 176 0
21 176 0
29 176 0
62 176 0
63 176 0
66 176 0
70 176 0
1 177 0
2 177 0
4 177 0
5 177 0
6 177 0
8 177 0
9 177 0
10 177 0
11 177 0
12 177 0
13 177 0
14 177 0
15 177 0
16 177 0
17 177 0
18 177 0
19 177 0
25 177 0
53 177 0
55 177 0
64 177 0
79 177 0
2 1 1
7 1 1
8 1 1
9 1 1
10 1 1
11 1 1
12 1 1
13 1 1
14 1 1
15 1 1
16 1 1
17 1 1
18 1 1
19 1 1
20 1 1
21 1 1
22 1 1
23 1 1
24 1 1
25 1 1
26 1 1
27 1 1
28 1 1
29 1 1
30 1 1
2 2 1
3 2 1
4 2 1
5 2 1
6 2 1
7 2 1
8 2 1
9 2 1
10 2 1
11 2 1
12 2 1
13 2 1
14 2 1
15 2 1
16 2 1
17 2 1
18 2 1
19 2 1
20 2 1
21 2 1
22 2 1
23 2 1
24 2 1
25 2 1
26 2 1
27 2 1
28 2 1
29 2 1
30 2 1
31 2 1
2 3 1
3 3 1
4 3 1
5 3 1
6 3 1
7 3 1
8 3 1
9 3 1
10 3 1
11 3 1
12 3 1
13 3 1
14 3 1
15 3 1
16 3 1
17 3 1
18 3 1
19 3 1
20 3 1
21 3 1
22 3 1
23 3 1
24 3 1
25 3 1
26 3 1
27 3 1
28 3 1
29 3 1
30 3 1
31 3 1
2 4 1
3 4 1
4 4 1
5 4 1
6 4 1
7 4 1
8 4 1
9 4 1
10 4 1
11 4 1
12 4 1
13 4 1
14 4 1
15 4 1
16 4 1
17 4 1
18 4 1
19 4 1
20 4 1
21 4 1
22 4 1
23 4 1
24 4 1
25 4 1
26 4 1
27 4 1
28 4 1
29 4 1
30 4 1
31 4 1
32 4 1
2 5 1
3 5 1
4 5 1
5 5 1
6 5 1
7 5 1
8 5 1
9 5 1
10 5 1
11 5 1
12 5 1
13 5 1
14 5 1
15 5 1
16 5 1
17 5 1
18 5 1
19 5 1
20 5 1
21 5 1
22 5 1
23 5 1
24 5 1
25 5 1
26 5 1
27 5 1
28 5 1
29 5 1
30 5 1
31 5 1
32 5 1
33 5 1
2 6 1
3 6 1
4 6 1
5 6 1
6 6 1
7 6 1
8 6 1
9 6 1
10 6 1
11 6 1
12 6 1
13 6 1
14 6 1
15 6 1
16 6 1
17 6 1
18 6 1
19 6 1
20 6 1
21 6 1
22 6 1
23 6 1
24 6 1
25 6 1
26 6 1
27 6 1
28 6 1
29 6 1
30 6 1
31 6 1
32 6 1
2 7 1
3 7 1
6 7 1
7 7 1
8 7 1
9 7 1
10 7 1
11 7 1
12 7 1
13 7 1
14 7 1
15 7 1
16 7 1
17 7 1
18 7 1
19 7 1
20 7 1
21 7 1
22 7 1
23 7 1
24 7 1
25 7 1
26 7 1
27 7 1
28 7 1
29 7 1
30 7 1
31 7 1
32 7 1
33 7 1
34 7 1
3 8 1
4 8 1
5 8 1
6 8 1
7 8 1
8 8 1
9 8 1
10 8 1
11 8 1
12 8 1
13 8 1
14 8 1
15 8 1
16 8 1
17 8 1
18 8 1
19 8 1
20 8 1
21 8 1
22 8 1
23 8 1
24 8 1
25 8 1
26 8 1
27 8 1
28 8 1
29 8 1
30 8 1
31 8 1
32 8 1
33 8 1
34 8 1
3 9 1
4 9 1
5 9 1
6 9 1
7 9 1
8 9 1
9 9 1
10 9 1
11 9 1
12 9 1
13 9 1
14 9 1
15 9 1
16 9 1
17 9 1
18 9 1
19 9 1
20 9 1
21 9 1
22 9 1
23 9 1
24 9 1
25 9 1
26 9 1
27 9 1
28 9 1
29 9 1
30 9 1
31 9 1
32 9 1
2 10 1
3 10 1
4 10 1
5 10 1
6 10 1
7 10 1
8 10 1
9 10 1
10 10 1
11 10 1
12 10 1
13 10 1
14 10 1
15 10 1
16 10 1
17 10 1
18 10 1
19 10 1
20 10 1
21 10 1
22 10 1
23 10 1
24 10 1
25 10 1
26 10 1
27 10 1
28 10 1
29 10 1
30 10 1
31 10 1
32 10 1
2 11 1
4 11 1
5 11 1
6 11 1
7 11 1
8 11 1
9 11 1
10 11 1
11 11 1
12 11 1
13 11 1
14 11 1
15 11 1
16 11 1
17 11 1
18 11 1
19 11 1
20 11 1
21 11 1
22 11 1
23 11 1
24 11 1
25 11 1
26 11 1
27 11 1
28 11 1
29 11 1
30 11 1
31 11 1
32 11 1
33 11 1
34 11 1
3 12 1
4 12 1
5 12 1
6 12 1
7 12 1
8 12 1
9 12 1
10 12 1
11 12 1
12 12 1
13 12 1
14 12 1
15 12 1
16 12 1
17 12 1
18 12 1
19 12 1
20 12 1
21 12 1
22 12 1
23 12 1
24 12 1
25 12 1
26 12 1
27 12 1
28 12 1
29 12 1
30 12 1
31 12 1
32 12 1
33 12 1
34 12 1
4 13 1
5 13 1
6 13 1
7 13 1
8 13 1
9 13 1
10 13 1
11 13 1
12 13 1
13 13 1
14 13 1
15 13 1
16 13 1
17 13 1
18 13 1
19 13 1
20 13 1
21 13 1
22 13 1
23 13 1
24 13 1
25 13 1
26 13 1
27 13 1
28 13 1
29 13 1
30 13 1
31 13 1
32 13 1
33 13 1
4 14 1
5 14 1
7 14 1
8 14 1
9 14 1
10 14 1
11 14 1
12 14 1
13 14 1
14 14 1
15 14 1
16 14 1
17 14 1
18 14 1
19 14 1
20 14 1
21 14 1
22 14 1
23 14 1
24 14 1
25 14 1
26 14 1
27 14 1
28 14 1
29 14 1
30 14 1
31 14 1
32 14 1
33 14 1
34 14 1
2 15 1
3 15 1
4 15 1
5 15 1
7 15 1
8 15 1
9 15 1
10 15 1
11 15 1
12 15 1
13 15 1
14 15 1
15 15 1
16 15 1
17 15 1
18 15 1
19 15 1
20 15 1
21 15 1
22 15 1
23 15 1
24 15 1
25 15 1
26 15 1
27 15 1
28 15 1
29 15 1
30 15 1
31 15 1
32 15 1
33 15 1
34 15 1
2 16 1
4 16 1
5 16 1
8 16 1
9 16 1
10 16 1
11 16 1
12 16 1
13 16 1
14 16 1
15 16 1
16 16 1
17 16 1
18 16 1
19 16 1
20 16 1
21 16 1
22 16 1
23 16 1
24 16 1
25 16 1
26 16 1
27 16 1
28 16 1
29 16 1
30 16 1
31 16 1
32 16 1
33 16 1
34 16 1
35 16 1
36 16 1
2 17 1
3 17 1
4 17 1
6 17 1
7 17 1
8 17 1
10 17 1
12 17 1
13 17 1
14 17 1
15 17 1
16 17 1
18 17 1
19 17 1
21 17 1
22 17 1
23 17 1
24 17 1
25 17 1
26 17 1
27 17 1
28 17 1
29 17 1
30 17 1
31 17 1
32 17 1
33 17 1
34 17 1
35 17 1
4 18 1
5 18 1
6 18 1
7 18 1
8 18 1
10 18 1
11 18 1
12 18 1
13 18 1
14 18 1
15 18 1
16 18 1
21 18 1
24 18 1
25 18 1
26 18 1
27 18 1
28 18 1
29 18 1
30 18 1
31 18 1
32 18 1
33 18 1
34 18 1
35 18 1
36 18 1
4 19 1
5 19 1
6 19 1
9 19 1
15 19 1
25 19 1
26 19 1
27 19 1
28 19 1
29 19 1
30 19 1
31 19 1
32 19 1
33 19 1
34 19 1
35 19 1
5 20 1
27 20 1
28 20 1
29 20 1
30 20 1
31 20 1
32 20 1
33 20 1
34 20 1
35 20 1
36 20 1
28 21 1
29 21 1
30 21 1
31 21 1
32 21 1
33 21 1
34 21 1
35 21 1
36 21 1
37 21 1
2 22 1
3 22 1
4 22 1
5 22 1
7 22 1
29 22 1
30 22 1
32 22 1
33 22 1
34 22 1
35 22 1
36 22 1
37 22 1
4 23 1
5 23 1
7 23 1
8 23 1
10 23 1
11 23 1
13 23 1
32 23 1
33 23 1
34 23 1
35 23 1
36 23 1
37 23 1
5 24 1
6 24 1
8 24 1
10 24 1
11 24 1
13 24 1
14 24 1
32 24 1
33 24 1
34 24 1
35 24 1
36 24 1
6 25 1
8 25 1
9 25 1
10 25 1
11 25 1
12 25 1
13 25 1
14 25 1
33 25 1
6 26 1
7 26 1
8 26 1
9 26 1
10 26 1
11 26 1
12 26 1
13 26 1
14 26 1
6 27 1
7 27 1
8 27 1
9 27 1
10 27 1
12 27 1
13 27 1
6 28 1
7 28 1
8 28 1
9 28 1
12 28 1
4 29 1
8 30 1
15 30 1
15 32 1
9 33 1
63 115 2
60 116 2
61 116 2
62 116 2
63 116 2
64 116 2
65 116 2
60 117 2
61 117 2
62 117 2
63 117 2
64 117 2
65 117 2
66 117 2
67 117 2
60 118 2
61 118 2
62 118 2
63 118 2
64 118 2
65 118 2
66 118 2
67 118 2
68 118 2
69 118 2
59 119 2
60 119 2
61 119 2
62 119 2
63 119 2
64 119 2
65 119 2
66 119 2
67 119 2
68 119 2
69 119 2
70 119 2
71 119 2
60 120 2
61 120 2
62 120 2
63 120 2
64 120 2
65 120 2
66 120 2
67 120 2
68 120 2
69 120 2
70 120 2
71 120 2
72 120 2
61 121 2
62 121 2
63 121 2
64 121 2
65 121 2
66 121 2
67 121 2
68 121 2
69 121 2
70 121 2
71 121 2
72 121 2
73 121 2
74 121 2
59 122 2
61 122 2
62 122 2
63 122 2
64 122 2
65 122 2
66 122 2
67 122 2
68 122 2
69 122 2
70 122 2
71 122 2
72 122 2
73 122 2
74 122 2
75 122 2
63 123 2
64 123 2
65 123 2
66 123 2
67 123 2
68 123 2
69 123 2
70 123 2
71 123 2
72 123 2
73 123 2
74 123 2
66 124 2
67 124 2
68 124 2
69 124 2
70 124 2
71 124 2
72 124 2
73 124 2
70 125 2
