12 1 0
13 1 0
14 1 0
15 1 0
16 1 0
17 1 0
18 1 0
19 1 0
20 1 0
21 1 0
22 1 0
23 1 0
24 1 0
25 1 0
26 1 0
27 1 0
28 1 0
29 1 0
30 1 0
31 1 0
32 1 0
33 1 0
34 1 0
35 1 0
10 2 0
11 2 0
12 2 0
13 2 0
14 2 0
15 2 0
16 2 0
17 2 0
18 2 0
19 2 0
20 2 0
21 2 0
22 2 0
23 2 0
24 2 0
25 2 0
26 2 0
27 2 0
28 2 0
29 2 0
30 2 0
31 2 0
32 2 0
33 2 0
34 2 0
35 2 0
36 2 0
7 3 0
11 3 0
12 3 0
13 3 0
14 3 0
15 3 0
16 3 0
17 3 0
18 3 0
19 3 0
20 3 0
21 3 0
22 3 0
23 3 0
24 3 0
25 3 0
26 3 0
27 3 0
28 3 0
29 3 0
30 3 0
31 3 0
32 3 0
33 3 0
34 3 0
35 3 0
36 3 0
38 3 0
10 4 0
11 4 0
12 4 0
13 4 0
14 4 0
15 4 0
16 4 0
17 4 0
18 4 0
19 4 0
20 4 0
21 4 0
22 4 0
23 4 0
24 4 0
25 4 0
26 4 0
27 4 0
28 4 0
29 4 0
30 4 0
31 4 0
32 4 0
33 4 0
34 4 0
35 4 0
36 4 0
37 4 0
11 5 0
12 5 0
13 5 0
14 5 0
15 5 0
16 5 0
17 5 0
18 5 0
19 5 0
20 5 0
21 5 0
22 5 0
23 5 0
24 5 0
25 5 0
26 5 0
27 5 0
28 5 0
29 5 0
30 5 0
31 5 0
32 5 0
33 5 0
34 5 0
35 5 0
36 5 0
37 5 0
9 6 0
10 6 0
11 6 0
12 6 0
13 6 0
14 6 0
15 6 0
16 6 0
17 6 0
18 6 0
19 6 0
20 6 0
21 6 0
22 6 0
23 6 0
24 6 0
25 6 0
26 6 0
27 6 0
28 6 0
29 6 0
30 6 0
31 6 0
32 6 0
33 6 0
34 6 0
35 6 0
36 6 0
37 6 0
7 7 0
8 7 0
9 7 0
11 7 0
12 7 0
13 7 0
14 7 0
15 7 0
16 7 0
17 7 0
18 7 0
19 7 0
20 7 0
21 7 0
22 7 0
23 7 0
24 7 0
25 7 0
26 7 0
27 7 0
28 7 0
29 7 0
30 7 0
31 7 0
32 7 0
33 7 0
34 7 0
35 7 0
36 7 0
37 7 0
8 8 0
11 8 0
12 8 0
13 8 0
14 8 0
15 8 0
16 8 0
17 8 0
18 8 0
19 8 0
20 8 0
21 8 0
22 8 0
23 8 0
24 8 0
25 8 0
26 8 0
27 8 0
28 8 0
29 8 0
30 8 0
31 8 0
32 8 0
33 8 0
34 8 0
35 8 0
36 8 0
9 9 0
11 9 0
12 9 0
13 9 0
14 9 0
15 9 0
16 9 0
17 9 0
18 9 0
19 9 0
20 9 0
21 9 0
22 9 0
23 9 0
24 9 0
25 9 0
26 9 0
27 9 0
28 9 0
29 9 0
30 9 0
31 9 0
32 9 0
33 9 0
34 9 0
35 9 0
36 9 0
3 10 0
4 10 0
9 10 0
11 10 0
12 10 0
13 10 0
14 10 0
15 10 0
16 10 0
17 10 0
18 10 0
19 10 0
20 10 0
21 10 0
22 10 0
23 10 0
24 10 0
25 10 0
26 10 0
27 10 0
28 10 0
29 10 0
30 10 0
31 10 0
32 10 0
33 10 0
34 10 0
35 10 0
36 10 0
169 10 0
12 11 0
13 11 0
14 11 0
15 11 0
16 11 0
17 11 0
18 11 0
19 11 0
20 11 0
21 11 0
22 11 0
23 11 0
24 11 0
25 11 0
26 11 0
27 11 0
28 11 0
29 11 0
30 11 0
31 11 0
32 11 0
33 11 0
34 11 0
35 11 0
36 11 0
37 11 0
13 12 0
14 12 0
15 12 0
16 12 0
17 12 0
18 12 0
19 12 0
20 12 0
21 12 0
22 12 0
23 12 0
24 12 0
25 12 0
26 12 0
27 12 0
28 12 0
29 12 0
30 12 0
31 12 0
32 12 0
33 12 0
34 12 0
35 12 0
36 12 0
37 12 0
38 12 0
16 13 0
17 13 0
18 13 0
19 13 0
20 13 0
21 13 0
22 13 0
23 13 0
24 13 0
25 13 0
26 13 0
27 13 0
28 13 0
29 13 0
30 13 0
31 13 0
32 13 0
33 13 0
34 13 0
35 13 0
36 13 0
37 13 0
38 13 0
16 14 0
18 14 0
19 14 0
20 14 0
22 14 0
23 14 0
24 14 0
25 14 0
26 14 0
27 14 0
29 14 0
30 14 0
31 14 0
32 14 0
33 14 0
34 14 0
35 14 0
36 14 0
37 14 0
38 14 0
39 14 0
10 15 0
13 15 0
23 15 0
24 15 0
25 15 0
26 15 0
30 15 0
32 15 0
33 15 0
34 15 0
35 15 0
36 15 0
37 15 0
38 15 0
39 15 0
53 15 0
32 16 0
33 16 0
34 16 0
35 16 0
36 16 0
37 16 0
38 16 0
39 16 0
29 17 0
34 17 0
35 17 0
36 17 0
37 17 0
38 17 0
39 17 0
40 17 0
35 18 0
36 18 0
37 18 0
38 18 0
39 18 0
40 18 0
41 18 0
2 19 0
3 19 0
4 19 0
37 19 0
38 19 0
39 19 0
40 19 0
41 19 0
2 20 0
3 20 0
4 20 0
5 20 0
6 20 0
7 20 0
8 20 0
36 20 0
38 20 0
39 20 0
40 20 0
41 20 0
2 21 0
3 21 0
4 21 0
7 21 0
8 21 0
9 21 0
12 21 0
38 21 0
39 21 0
40 21 0
1 22 0
2 22 0
4 22 0
5 22 0
7 22 0
8 22 0
9 22 0
10 22 0
11 22 0
12 22 0
13 22 0
15 22 0
16 22 0
17 22 0
39 22 0
40 22 0
70 22 0
4 23 0
5 23 0
6 23 0
8 23 0
9 23 0
14 23 0
15 23 0
16 23 0
3 24 0
6 24 0
12 24 0
13 24 0
14 24 0
15 24 0
16 24 0
17 24 0
9 25 0
11 25 0
12 25 0
15 25 0
68 25 0
9 26 0
10 26 0
11 26 0
12 26 0
13 26 0
16 26 0
10 27 0
11 27 0
12 27 0
10 28 0
11 28 0
88 30 0
89 30 0
89 31 0
90 31 0
91 31 0
92 31 0
128 31 0
129 31 0
130 31 0
131 31 0
128 32 0
129 32 0
130 32 0
131 32 0
132 32 0
97 33 0
99 33 0
131 33 0
132 33 0
59 34 0
60 34 0
61 34 0
100 34 0
127 34 0
131 34 0
132 34 0
61 35 0
62 35 0
63 35 0
65 35 0
66 35 0
127 35 0
130 35 0
131 35 0
132 35 0
65 36 0
67 36 0
69 36 0
108 36 0
110 36 0
111 36 0
127 36 0
131 36 0
69 37 0
70 37 0
71 37 0
72 37 0
73 37 0
111 37 0
112 37 0
127 37 0
128 37 0
69 38 0
77 38 0
78 38 0
80 38 0
112 38 0
114 38 0
126 38 0
127 38 0
129 38 0
130 38 0
2 39 0
3 39 0
4 39 0
79 39 0
80 39 0
81 39 0
82 39 0
118 39 0
119 39 0
127 39 0
128 39 0
129 39 0
130 39 0
2 40 0
3 40 0
4 40 0
5 40 0
7 40 0
8 40 0
9 40 0
74 40 0
80 40 0
81 40 0
83 40 0
84 40 0
85 40 0
86 40 0
91 40 0
92 40 0
120 40 0
121 40 0
126 40 0
128 40 0
129 40 0
130 40 0
7 41 0
8 41 0
9 41 0
10 41 0
77 41 0
78 41 0
86 41 0
87 41 0
88 41 0
89 41 0
90 41 0
91 41 0
92 41 0
93 41 0
94 41 0
95 41 0
96 41 0
126 41 0
128 41 0
129 41 0
2 42 0
4 42 0
77 42 0
87 42 0
88 42 0
89 42 0
90 42 0
93 42 0
94 42 0
95 42 0
96 42 0
97 42 0
98 42 0
126 42 0
128 42 0
129 42 0
2 43 0
77 43 0
78 43 0
88 43 0
89 43 0
90 43 0
91 43 0
92 43 0
93 43 0
95 43 0
98 43 0
126 43 0
127 43 0
1 44 0
2 44 0
6 44 0
91 44 0
92 44 0
93 44 0
94 44 0
95 44 0
96 44 0
97 44 0
98 44 0
99 44 0
100 44 0
126 44 0
127 44 0
96 45 0
97 45 0
98 45 0
99 45 0
100 45 0
101 45 0
102 45 0
103 45 0
104 45 0
118 45 0
98 46 0
101 46 0
102 46 0
103 46 0
104 46 0
105 46 0
106 46 0
107 46 0
115 46 0
116 46 0
117 46 0
118 46 0
119 46 0
101 47 0
102 47 0
103 47 0
104 47 0
105 47 0
106 47 0
107 47 0
108 47 0
109 47 0
110 47 0
111 47 0
112 47 0
113 47 0
114 47 0
115 47 0
116 47 0
117 47 0
118 47 0
119 47 0
120 47 0
102 48 0
103 48 0
104 48 0
105 48 0
111 48 0
116 48 0
117 48 0
118 48 0
119 48 0
120 48 0
102 49 0
103 49 0
104 49 0
111 49 0
112 49 0
113 49 0
114 49 0
115 49 0
116 49 0
117 49 0
119 49 0
120 49 0
103 50 0
104 50 0
110 50 0
113 50 0
114 50 0
115 50 0
116 50 0
117 50 0
120 50 0
121 50 0
152 50 0
116 51 0
117 51 0
118 51 0
123 51 0
124 51 0
125 51 0
17 52 0
119 52 0
120 52 0
123 52 0
124 52 0
126 52 0
127 52 0
128 52 0
130 52 0
157 52 0
159 52 0
123 53 0
124 53 0
126 53 0
130 53 0
161 53 0
126 54 0
127 54 0
133 54 0
134 54 0
135 54 0
164 54 0
165 54 0
17 55 0
138 55 0
139 55 0
165 55 0
166 55 0
167 55 0
138 56 0
139 56 0
140 56 0
141 56 0
142 56 0
143 56 0
171 56 0
2 57 0
135 57 0
137 57 0
138 57 0
139 57 0
140 57 0
141 57 0
142 57 0
143 57 0
144 57 0
145 57 0
146 57 0
148 57 0
151 57 0
3 58 0
4 58 0
139 58 0
140 58 0
141 58 0
142 58 0
147 58 0
148 58 0
149 58 0
150 58 0
151 58 0
152 58 0
153 58 0
154 58 0
155 58 0
139 59 0
140 59 0
141 59 0
146 59 0
148 59 0
149 59 0
153 59 0
154 59 0
155 59 0
156 59 0
140 60 0
148 60 0
149 60 0
150 60 0
151 60 0
152 60 0
153 60 0
154 60 0
155 60 0
156 60 0
150 61 0
151 61 0
152 61 0
153 61 0
154 61 0
155 61 0
156 61 0
157 61 0
158 61 0
159 61 0
5 62 0
153 62 0
154 62 0
155 62 0
156 62 0
160 62 0
161 62 0
153 63 0
154 63 0
155 63 0
164 63 0
165 63 0
174 63 0
175 63 0
184 63 0
154 64 0
166 64 0
167 64 0
168 64 0
169 64 0
170 64 0
171 64 0
173 64 0
174 64 0
175 64 0
176 64 0
177 64 0
184 64 0
185 64 0
166 65 0
167 65 0
168 65 0
174 65 0
175 65 0
176 65 0
177 65 0
165 66 0
166 66 0
167 66 0
175 66 0
176 66 0
177 66 0
165 67 0
166 67 0
167 67 0
176 67 0
177 67 0
177 69 0
178 69 0
179 69 0
180 69 0
182 69 0
183 69 0
184 69 0
185 69 0
167 70 0
174 70 0
175 70 0
178 70 0
179 70 0
180 70 0
183 70 0
184 70 0
185 70 0
174 71 0
175 71 0
176 71 0
178 71 0
179 71 0
180 71 0
181 71 0
185 71 0
186 71 0
172 72 0
175 72 0
176 72 0
179 72 0
180 72 0
181 72 0
185 72 0
186 72 0
172 73 0
175 73 0
176 73 0
180 73 0
181 73 0
175 74 0
176 74 0
179 74 0
180 74 0
181 74 0
175 75 0
179 75 0
180 75 0
181 75 0
171 76 0
174 76 0
175 76 0
176 76 0
179 76 0
180 76 0
181 76 0
175 77 0
176 77 0
179 77 0
180 77 0
181 77 0
172 78 0
175 78 0
176 78 0
178 78 0
181 78 0
182 78 0
2 79 0
176 79 0
1 80 0
2 80 0
3 80 0
1 81 0
2 81 0
2 82 0
162 89 0
160 90 0
163 90 0
165 90 0
175 90 0
180 90 0
181 90 0
157 91 0
158 91 0
159 91 0
160 91 0
161 91 0
162 91 0
163 91 0
164 91 0
165 91 0
166 91 0
174 91 0
175 91 0
176 91 0
180 91 0
181 91 0
157 92 0
158 92 0
162 92 0
163 92 0
164 92 0
165 92 0
166 92 0
167 92 0
168 92 0
173 92 0
174 92 0
175 92 0
176 92 0
177 92 0
178 92 0
180 92 0
181 92 0
182 92 0
156 93 0
157 93 0
158 93 0
160 93 0
162 93 0
163 93 0
166 93 0
168 93 0
169 93 0
173 93 0
174 93 0
175 93 0
176 93 0
177 93 0
178 93 0
179 93 0
180 93 0
181 93 0
182 93 0
158 94 0
160 94 0
161 94 0
163 94 0
164 94 0
165 94 0
173 94 0
174 94 0
175 94 0
176 94 0
177 94 0
178 94 0
179 94 0
164 95 0
173 95 0
174 95 0
175 95 0
176 95 0
177 95 0
178 95 0
179 95 0
181 95 0
176 96 0
177 96 0
178 96 0
179 96 0
180 96 0
181 96 0
182 96 0
183 96 0
181 97 0
182 97 0
183 97 0
181 98 0
182 98 0
183 98 0
160 101 0
182 101 0
160 102 0
182 102 0
181 103 0
182 103 0
139 104 0
181 104 0
182 104 0
180 105 0
181 105 0
182 105 0
181 106 0
182 106 0
137 107 0
138 107 0
165 107 0
181 107 0
180 108 0
181 108 0
182 108 0
14 109 0
15 109 0
140 109 0
180 109 0
181 109 0
13 110 0
14 110 0
181 110 0
138 111 0
180 111 0
181 111 0
180 112 0
137 113 0
141 113 0
136 114 0
137 114 0
180 114 0
181 114 0
180 115 0
181 115 0
184 115 0
185 115 0
179 116 0
180 116 0
181 116 0
136 117 0
181 117 0
182 117 0
137 118 0
177 118 0
178 118 0
181 118 0
182 118 0
183 118 0
137 119 0
157 119 0
178 119 0
179 119 0
180 119 0
181 119 0
182 119 0
183 119 0
156 120 0
178 120 0
179 120 0
180 120 0
181 120 0
182 120 0
184 120 0
185 120 0
176 121 0
178 121 0
179 121 0
180 121 0
181 121 0
184 121 0
185 121 0
111 122 0
112 122 0
135 122 0
136 122 0
178 122 0
179 122 0
180 122 0
181 122 0
182 122 0
183 122 0
185 122 0
112 123 0
136 123 0
175 123 0
178 123 0
179 123 0
181 123 0
182 123 0
136 124 0
178 124 0
180 124 0
183 124 0
134 125 0
135 125 0
136 125 0
173 125 0
174 125 0
179 125 0
180 125 0
182 125 0
183 125 0
136 126 0
173 126 0
178 126 0
179 126 0
180 126 0
181 126 0
178 127 0
179 127 0
181 127 0
135 128 0
171 128 0
172 128 0
178 128 0
179 128 0
182 128 0
177 129 0
178 129 0
179 129 0
15 130 0
102 130 0
134 130 0
171 130 0
172 130 0
177 130 0
178 130 0
179 130 0
181 130 0
182 130 0
129 131 0
130 131 0
134 131 0
135 131 0
177 131 0
178 131 0
181 131 0
182 131 0
135 132 0
144 132 0
177 132 0
178 132 0
181 132 0
182 132 0
169 133 0
170 133 0
177 133 0
21 134 0
22 134 0
23 134 0
162 134 0
177 134 0
178 134 0
20 135 0
21 135 0
22 135 0
23 135 0
24 135 0
25 135 0
26 135 0
27 135 0
28 135 0
29 135 0
117 135 0
167 135 0
168 135 0
176 135 0
177 135 0
178 135 0
20 136 0
21 136 0
23 136 0
25 136 0
26 136 0
27 136 0
28 136 0
29 136 0
30 136 0
31 136 0
32 136 0
33 136 0
34 136 0
35 136 0
36 136 0
113 136 0
134 136 0
166 136 0
168 136 0
176 136 0
177 136 0
181 136 0
20 137 0
21 137 0
26 137 0
30 137 0
32 137 0
33 137 0
34 137 0
35 137 0
36 137 0
37 137 0
38 137 0
39 137 0
40 137 0
41 137 0
42 137 0
43 137 0
44 137 0
134 137 0
167 137 0
177 137 0
180 137 0
181 137 0
183 137 0
184 137 0
20 138 0
21 138 0
22 138 0
23 138 0
24 138 0
25 138 0
26 138 0
33 138 0
34 138 0
35 138 0
36 138 0
37 138 0
38 138 0
39 138 0
40 138 0
41 138 0
42 138 0
43 138 0
44 138 0
135 138 0
153 138 0
165 138 0
180 138 0
182 138 0
183 138 0
184 138 0
185 138 0
20 139 0
21 139 0
26 139 0
27 139 0
28 139 0
30 139 0
31 139 0
32 139 0
33 139 0
34 139 0
35 139 0
39 139 0
41 139 0
42 139 0
43 139 0
44 139 0
47 139 0
48 139 0
49 139 0
50 139 0
135 139 0
165 139 0
180 139 0
182 139 0
183 139 0
184 139 0
185 139 0
21 140 0
31 140 0
32 140 0
33 140 0
34 140 0
35 140 0
36 140 0
37 140 0
38 140 0
39 140 0
41 140 0
43 140 0
44 140 0
46 140 0
47 140 0
48 140 0
49 140 0
50 140 0
51 140 0
52 140 0
53 140 0
54 140 0
55 140 0
56 140 0
57 140 0
58 140 0
59 140 0
128 140 0
165 140 0
179 140 0
180 140 0
181 140 0
183 140 0
184 140 0
39 141 0
40 141 0
41 141 0
42 141 0
44 141 0
46 141 0
47 141 0
48 141 0
49 141 0
50 141 0
51 141 0
52 141 0
53 141 0
54 141 0
55 141 0
56 141 0
57 141 0
58 141 0
59 141 0
60 141 0
61 141 0
62 141 0
63 141 0
64 141 0
65 141 0
66 141 0
67 141 0
68 141 0
69 141 0
80 141 0
81 141 0
83 141 0
126 141 0
152 141 0
178 141 0
179 141 0
180 141 0
184 141 0
51 142 0
52 142 0
53 142 0
54 142 0
55 142 0
56 142 0
57 142 0
58 142 0
59 142 0
60 142 0
61 142 0
62 142 0
63 142 0
64 142 0
65 142 0
66 142 0
67 142 0
68 142 0
69 142 0
70 142 0
71 142 0
72 142 0
73 142 0
74 142 0
75 142 0
79 142 0
80 142 0
81 142 0
82 142 0
83 142 0
84 142 0
85 142 0
86 142 0
87 142 0
88 142 0
89 142 0
90 142 0
91 142 0
92 142 0
93 142 0
94 142 0
95 142 0
96 142 0
97 142 0
98 142 0
134 142 0
135 142 0
152 142 0
164 142 0
178 142 0
179 142 0
180 142 0
184 142 0
44 143 0
56 143 0
57 143 0
59 143 0
60 143 0
61 143 0
62 143 0
63 143 0
64 143 0
65 143 0
66 143 0
67 143 0
68 143 0
69 143 0
70 143 0
71 143 0
72 143 0
73 143 0
74 143 0
75 143 0
76 143 0
79 143 0
80 143 0
82 143 0
84 143 0
86 143 0
87 143 0
88 143 0
89 143 0
90 143 0
91 143 0
92 143 0
93 143 0
94 143 0
95 143 0
96 143 0
97 143 0
98 143 0
99 143 0
133 143 0
134 143 0
135 143 0
136 143 0
163 143 0
164 143 0
179 143 0
180 143 0
184 143 0
57 144 0
62 144 0
63 144 0
64 144 0
65 144 0
66 144 0
67 144 0
68 144 0
69 144 0
70 144 0
71 144 0
72 144 0
73 144 0
74 144 0
79 144 0
80 144 0
83 144 0
86 144 0
87 144 0
88 144 0
93 144 0
98 144 0
99 144 0
131 144 0
134 144 0
135 144 0
136 144 0
137 144 0
138 144 0
140 144 0
141 144 0
163 144 0
164 144 0
179 144 0
180 144 0
79 145 0
80 145 0
81 145 0
82 145 0
83 145 0
84 145 0
85 145 0
86 145 0
87 145 0
88 145 0
89 145 0
90 145 0
91 145 0
92 145 0
93 145 0
94 145 0
98 145 0
99 145 0
133 145 0
134 145 0
135 145 0
136 145 0
137 145 0
138 145 0
139 145 0
140 145 0
141 145 0
142 145 0
143 145 0
144 145 0
162 145 0
163 145 0
164 145 0
165 145 0
179 145 0
184 145 0
86 146 0
88 146 0
89 146 0
90 146 0
91 146 0
92 146 0
93 146 0
94 146 0
95 146 0
96 146 0
97 146 0
98 146 0
133 146 0
134 146 0
136 146 0
137 146 0
138 146 0
139 146 0
140 146 0
141 146 0
142 146 0
143 146 0
144 146 0
145 146 0
146 146 0
147 146 0
148 146 0
149 146 0
150 146 0
151 146 0
152 146 0
153 146 0
154 146 0
158 146 0
159 146 0
161 146 0
162 146 0
163 146 0
164 146 0
165 146 0
96 147 0
98 147 0
133 147 0
134 147 0
141 147 0
142 147 0
143 147 0
144 147 0
145 147 0
146 147 0
147 147 0
148 147 0
149 147 0
150 147 0
151 147 0
152 147 0
153 147 0
154 147 0
158 147 0
159 147 0
162 147 0
163 147 0
164 147 0
165 147 0
166 147 0
184 147 0
133 148 0
134 148 0
135 148 0
136 148 0
138 148 0
140 148 0
141 148 0
142 148 0
145 148 0
146 148 0
148 148 0
151 148 0
152 148 0
153 148 0
154 148 0
156 148 0
157 148 0
162 148 0
164 148 0
165 148 0
166 148 0
167 148 0
168 148 0
169 148 0
180 148 0
184 148 0
185 148 0
133 149 0
135 149 0
136 149 0
137 149 0
138 149 0
139 149 0
140 149 0
141 149 0
143 149 0
144 149 0
145 149 0
146 149 0
147 149 0
148 149 0
152 149 0
154 149 0
155 149 0
156 149 0
157 149 0
161 149 0
166 149 0
167 149 0
168 149 0
169 149 0
170 149 0
185 149 0
17 150 0
18 150 0
133 150 0
137 150 0
138 150 0
139 150 0
140 150 0
141 150 0
148 150 0
151 150 0
153 150 0
154 150 0
156 150 0
164 150 0
167 150 0
168 150 0
170 150 0
171 150 0
179 150 0
21 151 0
22 151 0
23 151 0
24 151 0
132 151 0
133 151 0
139 151 0
140 151 0
141 151 0
142 151 0
143 151 0
144 151 0
145 151 0
146 151 0
148 151 0
149 151 0
151 151 0
153 151 0
154 151 0
155 151 0
156 151 0
168 151 0
170 151 0
171 151 0
172 151 0
176 151 0
177 151 0
179 151 0
180 151 0
185 151 0
21 152 0
24 152 0
25 152 0
26 152 0
27 152 0
28 152 0
29 152 0
30 152 0
31 152 0
132 152 0
148 152 0
149 152 0
150 152 0
155 152 0
156 152 0
163 152 0
164 152 0
165 152 0
166 152 0
169 152 0
170 152 0
171 152 0
172 152 0
176 152 0
177 152 0
178 152 0
179 152 0
180 152 0
181 152 0
20 153 0
21 153 0
22 153 0
23 153 0
24 153 0
25 153 0
27 153 0
28 153 0
29 153 0
30 153 0
31 153 0
148 153 0
149 153 0
150 153 0
151 153 0
155 153 0
156 153 0
157 153 0
158 153 0
159 153 0
160 153 0
161 153 0
162 153 0
163 153 0
164 153 0
165 153 0
166 153 0
167 153 0
169 153 0
170 153 0
174 153 0
175 153 0
176 153 0
177 153 0
178 153 0
179 153 0
180 153 0
181 153 0
182 153 0
183 153 0
24 154 0
25 154 0
26 154 0
27 154 0
28 154 0
29 154 0
30 154 0
31 154 0
32 154 0
149 154 0
150 154 0
151 154 0
156 154 0
158 154 0
162 154 0
163 154 0
164 154 0
174 154 0
175 154 0
176 154 0
177 154 0
179 154 0
181 154 0
182 154 0
183 154 0
184 154 0
185 154 0
186 154 0
30 155 0
31 155 0
32 155 0
50 155 0
66 155 0
67 155 0
68 155 0
69 155 0
70 155 0
158 155 0
162 155 0
174 155 0
175 155 0
177 155 0
178 155 0
179 155 0
180 155 0
181 155 0
182 155 0
184 155 0
185 155 0
186 155 0
187 155 0
31 156 0
32 156 0
64 156 0
65 156 0
66 156 0
67 156 0
178 156 0
179 156 0
180 156 0
181 156 0
182 156 0
183 156 0
27 157 0
31 157 0
32 157 0
52 157 0
53 157 0
54 157 0
55 157 0
56 157 0
57 157 0
58 157 0
59 157 0
60 157 0
61 157 0
62 157 0
63 157 0
64 157 0
65 157 0
66 157 0
67 157 0
68 157 0
69 157 0
91 157 0
92 157 0
93 157 0
155 157 0
156 157 0
173 157 0
182 157 0
183 157 0
184 157 0
185 157 0
24 158 0
31 158 0
32 158 0
33 158 0
34 158 0
35 158 0
47 158 0
49 158 0
50 158 0
60 158 0
61 158 0
62 158 0
63 158 0
64 158 0
65 158 0
68 158 0
69 158 0
70 158 0
72 158 0
73 158 0
74 158 0
75 158 0
76 158 0
77 158 0
78 158 0
79 158 0
80 158 0
81 158 0
82 158 0
83 158 0
84 158 0
91 158 0
92 158 0
93 158 0
103 158 0
104 158 0
106 158 0
114 158 0
115 158 0
142 158 0
145 158 0
146 158 0
147 158 0
149 158 0
154 158 0
155 158 0
156 158 0
157 158 0
158 158 0
178 158 0
185 158 0
187 158 0
32 159 0
34 159 0
35 159 0
36 159 0
37 159 0
38 159 0
39 159 0
40 159 0
41 159 0
49 159 0
50 159 0
69 159 0
70 159 0
74 159 0
79 159 0
80 159 0
81 159 0
82 159 0
83 159 0
85 159 0
86 159 0
87 159 0
88 159 0
93 159 0
94 159 0
95 159 0
96 159 0
97 159 0
98 159 0
100 159 0
101 159 0
102 159 0
104 159 0
105 159 0
106 159 0
107 159 0
108 159 0
109 159 0
110 159 0
115 159 0
116 159 0
117 159 0
118 159 0
120 159 0
121 159 0
122 159 0
123 159 0
124 159 0
125 159 0
126 159 0
127 159 0
128 159 0
129 159 0
130 159 0
133 159 0
136 159 0
137 159 0
138 159 0
139 159 0
140 159 0
144 159 0
147 159 0
148 159 0
149 159 0
151 159 0
155 159 0
156 159 0
157 159 0
158 159 0
159 159 0
160 159 0
161 159 0
178 159 0
30 160 0
39 160 0
40 160 0
41 160 0
42 160 0
43 160 0
44 160 0
45 160 0
46 160 0
49 160 0
55 160 0
80 160 0
96 160 0
102 160 0
117 160 0
118 160 0
119 160 0
120 160 0
121 160 0
122 160 0
158 160 0
159 160 0
160 160 0
161 160 0
162 160 0
163 160 0
178 160 0
179 160 0
180 160 0
181 160 0
182 160 0
184 160 0
31 161 0
42 161 0
44 161 0
45 161 0
46 161 0
47 161 0
48 161 0
159 161 0
162 161 0
163 161 0
164 161 0
165 161 0
166 161 0
179 161 0
47 162 0
48 162 0
164 162 0
165 162 0
166 162 0
167 162 0
168 162 0
169 162 0
179 162 0
59 163 0
168 163 0
169 163 0
170 163 0
171 163 0
179 163 0
170 164 0
171 164 0
172 164 0
173 164 0
174 164 0
177 164 0
162 165 0
163 165 0
174 165 0
175 165 0
176 165 0
126 166 0
161 166 0
162 166 0
163 166 0
164 166 0
165 166 0
166 166 0
176 166 0
177 166 0
178 166 0
179 166 0
126 167 0
161 167 0
162 167 0
163 167 0
164 167 0
165 167 0
166 167 0
167 167 0
168 167 0
169 167 0
170 167 0
171 167 0
178 167 0
179 167 0
180 167 0
181 167 0
164 168 0
165 168 0
166 168 0
167 168 0
168 168 0
169 168 0
170 168 0
171 168 0
172 168 0
173 168 0
174 168 0
180 168 0
181 168 0
182 168 0
183 168 0
151 169 0
164 169 0
167 169 0
168 169 0
169 169 0
170 169 0
171 169 0
172 169 0
173 169 0
174 169 0
175 169 0
176 169 0
177 169 0
178 169 0
183 169 0
184 169 0
185 169 0
171 170 0
172 170 0
173 170 0
174 170 0
176 170 0
177 170 0
178 170 0
179 170 0
181 170 0
185 170 0
186 170 0
187 170 0
144 171 0
174 171 0
177 171 0
178 171 0
179 171 0
180 171 0
181 171 0
182 171 0
183 171 0
52 172 0
178 172 0
179 172 0
180 172 0
181 172 0
182 172 0
183 172 0
185 172 0
183 173 0
185 173 0
156 177 0
159 177 0
5 136 1
6 136 1
8 136 1
3 137 1
8 138 1
2 139 1
6 139 1
4 140 1
5 140 1
7 140 1
13 140 1
15 140 1
16 140 1
17 140 1
8 141 1
9 141 1
18 141 1
19 141 1
16 142 1
18 142 1
19 142 1
3 143 1
6 143 1
7 143 1
8 143 1
11 143 1
3 144 1
5 144 1
6 144 1
20 144 1
1 145 1
3 145 1
5 145 1
6 145 1
7 145 1
8 145 1
10 145 1
11 145 1
14 145 1
18 145 1
2 146 1
3 146 1
4 146 1
5 146 1
6 146 1
7 146 1
9 146 1
11 146 1
13 146 1
15 146 1
16 146 1
18 146 1
3 147 1
4 147 1
5 147 1
6 147 1
7 147 1
8 147 1
9 147 1
10 147 1
11 147 1
12 147 1
13 147 1
14 147 1
15 147 1
16 147 1
17 147 1
18 147 1
19 147 1
20 147 1
21 147 1
22 147 1
2 148 1
3 148 1
4 148 1
5 148 1
6 148 1
7 148 1
8 148 1
9 148 1
10 148 1
11 148 1
12 148 1
13 148 1
14 148 1
15 148 1
16 148 1
17 148 1
18 148 1
19 148 1
20 148 1
21 148 1
22 148 1
23 148 1
1 149 1
2 149 1
3 149 1
4 149 1
5 149 1
6 149 1
7 149 1
8 149 1
9 149 1
10 149 1
11 149 1
12 149 1
13 149 1
14 149 1
15 149 1
16 149 1
17 149 1
18 149 1
19 149 1
20 149 1
21 149 1
22 149 1
2 150 1
3 150 1
4 150 1
5 150 1
6 150 1
7 150 1
8 150 1
9 150 1
10 150 1
11 150 1
12 150 1
13 150 1
14 150 1
15 150 1
16 150 1
17 150 1
18 150 1
19 150 1
20 150 1
21 150 1
22 150 1
23 150 1
2 151 1
3 151 1
4 151 1
5 151 1
6 151 1
7 151 1
8 151 1
9 151 1
10 151 1
11 151 1
12 151 1
13 151 1
14 151 1
15 151 1
16 151 1
17 151 1
18 151 1
19 151 1
20 151 1
21 151 1
22 151 1
1 152 1
2 152 1
3 152 1
4 152 1
5 152 1
6 152 1
7 152 1
8 152 1
9 152 1
10 152 1
11 152 1
12 152 1
13 152 1
14 152 1
15 152 1
16 152 1
17 152 1
18 152 1
19 152 1
20 152 1
21 152 1
22 152 1
1 153 1
2 153 1
3 153 1
4 153 1
5 153 1
6 153 1
7 153 1
8 153 1
9 153 1
10 153 1
11 153 1
12 153 1
13 153 1
14 153 1
15 153 1
16 153 1
17 153 1
18 153 1
19 153 1
20 153 1
21 153 1
22 153 1
2 154 1
3 154 1
4 154 1
5 154 1
6 154 1
7 154 1
8 154 1
9 154 1
10 154 1
11 154 1
12 154 1
13 154 1
14 154 1
15 154 1
16 154 1
17 154 1
18 154 1
19 154 1
20 154 1
1 155 1
2 155 1
3 155 1
4 155 1
5 155 1
6 155 1
7 155 1
8 155 1
9 155 1
10 155 1
11 155 1
12 155 1
13 155 1
14 155 1
15 155 1
16 155 1
17 155 1
18 155 1
19 155 1
20 155 1
22 155 1
2 156 1
3 156 1
4 156 1
5 156 1
6 156 1
7 156 1
8 156 1
9 156 1
10 156 1
11 156 1
12 156 1
13 156 1
14 156 1
15 156 1
16 156 1
17 156 1
18 156 1
19 156 1
20 156 1
21 156 1
23 156 1
3 157 1
4 157 1
5 157 1
6 157 1
7 157 1
8 157 1
9 157 1
10 157 1
11 157 1
12 157 1
13 157 1
14 157 1
15 157 1
16 157 1
17 157 1
18 157 1
19 157 1
20 157 1
21 157 1
2 158 1
3 158 1
4 158 1
5 158 1
6 158 1
7 158 1
8 158 1
9 158 1
10 158 1
11 158 1
12 158 1
13 158 1
14 158 1
15 158 1
16 158 1
17 158 1
18 158 1
19 158 1
20 158 1
21 158 1
22 158 1
2 159 1
3 159 1
4 159 1
5 159 1
6 159 1
7 159 1
8 159 1
9 159 1
10 159 1
11 159 1
12 159 1
13 159 1
14 159 1
15 159 1
16 159 1
17 159 1
18 159 1
19 159 1
20 159 1
21 159 1
2 160 1
3 160 1
4 160 1
5 160 1
6 160 1
7 160 1
8 160 1
9 160 1
10 160 1
11 160 1
12 160 1
13 160 1
14 160 1
15 160 1
16 160 1
17 160 1
18 160 1
19 160 1
20 160 1
21 160 1
22 160 1
23 160 1
3 161 1
4 161 1
5 161 1
6 161 1
7 161 1
9 161 1
10 161 1
11 161 1
12 161 1
13 161 1
14 161 1
15 161 1
16 161 1
17 161 1
18 161 1
19 161 1
20 161 1
21 161 1
1 162 1
2 162 1
3 162 1
4 162 1
5 162 1
6 162 1
7 162 1
8 162 1
9 162 1
10 162 1
11 162 1
12 162 1
13 162 1
14 162 1
15 162 1
16 162 1
17 162 1
18 162 1
19 162 1
20 162 1
21 162 1
22 162 1
23 162 1
2 163 1
3 163 1
4 163 1
5 163 1
6 163 1
7 163 1
8 163 1
9 163 1
10 163 1
11 163 1
12 163 1
13 163 1
14 163 1
16 163 1
17 163 1
18 163 1
19 163 1
20 163 1
21 163 1
22 163 1
1 164 1
2 164 1
3 164 1
4 164 1
5 164 1
6 164 1
7 164 1
8 164 1
9 164 1
10 164 1
11 164 1
12 164 1
13 164 1
14 164 1
15 164 1
16 164 1
17 164 1
18 164 1
19 164 1
20 164 1
21 164 1
22 164 1
2 165 1
3 165 1
4 165 1
5 165 1
6 165 1
7 165 1
8 165 1
9 165 1
10 165 1
11 165 1
12 165 1
13 165 1
14 165 1
15 165 1
16 165 1
17 165 1
18 165 1
19 165 1
20 165 1
21 165 1
22 165 1
1 166 1
3 166 1
4 166 1
5 166 1
6 166 1
7 166 1
8 166 1
9 166 1
10 166 1
11 166 1
12 166 1
13 166 1
14 166 1
15 166 1
16 166 1
17 166 1
18 166 1
19 166 1
20 166 1
21 166 1
22 166 1
23 166 1
28 166 1
1 167 1
2 167 1
3 167 1
4 167 1
5 167 1
6 167 1
7 167 1
8 167 1
9 167 1
10 167 1
11 167 1
12 167 1
13 167 1
14 167 1
15 167 1
16 167 1
17 167 1
18 167 1
19 167 1
20 167 1
21 167 1
22 167 1
1 168 1
2 168 1
3 168 1
4 168 1
5 168 1
6 168 1
7 168 1
8 168 1
9 168 1
10 168 1
11 168 1
12 168 1
13 168 1
14 168 1
15 168 1
16 168 1
17 168 1
18 168 1
19 168 1
20 168 1
21 168 1
3 169 1
4 169 1
5 169 1
6 169 1
7 169 1
8 169 1
9 169 1
10 169 1
11 169 1
12 169 1
13 169 1
14 169 1
16 169 1
17 169 1
18 169 1
20 169 1
21 169 1
1 170 1
2 170 1
3 170 1
4 170 1
5 170 1
6 170 1
7 170 1
8 170 1
9 170 1
10 170 1
11 170 1
12 170 1
13 170 1
14 170 1
15 170 1
16 170 1
17 170 1
18 170 1
19 170 1
20 170 1
22 170 1
23 170 1
25 170 1
1 171 1
2 171 1
3 171 1
4 171 1
5 171 1
6 171 1
7 171 1
8 171 1
9 171 1
10 171 1
11 171 1
12 171 1
13 171 1
14 171 1
15 171 1
16 171 1
17 171 1
18 171 1
19 171 1
20 171 1
21 171 1
2 172 1
3 172 1
4 172 1
5 172 1
6 172 1
7 172 1
8 172 1
9 172 1
10 172 1
11 172 1
13 172 1
14 172 1
15 172 1
16 172 1
17 172 1
18 172 1
21 172 1
22 172 1
1 173 1
2 173 1
3 173 1
4 173 1
5 173 1
6 173 1
7 173 1
8 173 1
9 173 1
10 173 1
11 173 1
12 173 1
13 173 1
14 173 1
15 173 1
16 173 1
17 173 1
19 173 1
20 173 1
1 174 1
2 174 1
3 174 1
4 174 1
5 174 1
6 174 1
7 174 1
8 174 1
9 174 1
10 174 1
11 174 1
12 174 1
13 174 1
14 174 1
15 174 1
16 174 1
17 174 1
18 174 1
19 174 1
20 174 1
21 174 1
22 174 1
36 174 1
1 175 1
2 175 1
3 175 1
4 175 1
5 175 1
6 175 1
7 175 1
8 175 1
9 175 1
10 175 1
11 175 1
12 175 1
13 175 1
14 175 1
15 175 1
16 175 1
17 175 1
18 175 1
19 175 1
20 175 1
21 175 1
22 175 1
1 176 1
2 176 1
3 176 1
4 176 1
5 176 1
6 176 1
7 176 1
8 176 1
9 176 1
10 176 1
11 176 1
12 176 1
13 176 1
14 176 1
15 176 1
16 176 1
17 176 1
18 176 1
19 176 1
20 176 1
21 176 1
22 176 1
1 177 1
2 177 1
3 177 1
4 177 1
5 177 1
6 177 1
7 177 1
8 177 1
9 177 1
10 177 1
11 177 1
12 177 1
13 177 1
14 177 1
15 177 1
16 177 1
17 177 1
18 177 1
19 177 1
20 177 1
21 177 1
28 177 1
87 108 2
85 109 2
86 109 2
87 109 2
88 109 2
89 109 2
90 109 2
84 110 2
85 110 2
86 110 2
87 110 2
88 110 2
89 110 2
90 110 2
91 110 2
92 110 2
93 110 2
84 111 2
85 111 2
86 111 2
87 111 2
88 111 2
89 111 2
90 111 2
91 111 2
92 111 2
93 111 2
94 111 2
95 111 2
96 111 2
84 112 2
85 112 2
86 112 2
87 112 2
88 112 2
89 112 2
90 112 2
91 112 2
92 112 2
93 112 2
94 112 2
95 112 2
96 112 2
97 112 2
84 113 2
85 113 2
86 113 2
87 113 2
88 113 2
89 113 2
90 113 2
91 113 2
92 113 2
93 113 2
94 113 2
95 113 2
96 113 2
97 113 2
98 113 2
99 113 2
84 114 2
85 114 2
86 114 2
87 114 2
88 114 2
89 114 2
90 114 2
91 114 2
92 114 2
93 114 2
94 114 2
95 114 2
96 114 2
97 114 2
98 114 2
99 114 2
100 114 2
101 114 2
84 115 2
85 115 2
86 115 2
87 115 2
88 115 2
89 115 2
90 115 2
91 115 2
92 115 2
93 115 2
94 115 2
95 115 2
96 115 2
97 115 2
98 115 2
99 115 2
100 115 2
101 115 2
85 116 2
86 116 2
87 116 2
88 116 2
89 116 2
90 116 2
91 116 2
92 116 2
93 116 2
94 116 2
95 116 2
96 116 2
97 116 2
98 116 2
99 116 2
100 116 2
86 117 2
87 117 2
88 117 2
89 117 2
90 117 2
91 117 2
92 117 2
93 117 2
94 117 2
95 117 2
96 117 2
97 117 2
98 117 2
99 117 2
100 117 2
89 118 2
90 118 2
91 118 2
93 118 2
94 118 2
95 118 2
96 118 2
97 118 2
99 118 2
85 119 2
87 119 2
