186 1 0
136 22 0
137 22 0
140 22 0
135 23 0
136 23 0
137 23 0
138 23 0
139 23 0
140 23 0
141 23 0
135 24 0
136 24 0
139 24 0
140 24 0
141 24 0
135 25 0
136 25 0
137 25 0
138 25 0
139 25 0
140 25 0
134 26 0
135 26 0
136 26 0
137 26 0
138 26 0
139 26 0
140 26 0
118 27 0
134 27 0
135 27 0
136 27 0
137 27 0
139 27 0
140 27 0
116 28 0
117 28 0
118 28 0
119 28 0
120 28 0
135 28 0
136 28 0
137 28 0
138 28 0
87 29 0
135 29 0
136 29 0
137 29 0
138 29 0
139 29 0
86 30 0
87 30 0
99 30 0
134 30 0
135 30 0
136 30 0
137 30 0
138 30 0
139 30 0
84 31 0
85 31 0
86 31 0
87 31 0
88 31 0
89 31 0
96 31 0
97 31 0
99 31 0
100 31 0
102 31 0
134 31 0
135 31 0
136 31 0
137 31 0
85 32 0
86 32 0
87 32 0
88 32 0
96 32 0
97 32 0
106 32 0
134 32 0
135 32 0
137 32 0
138 32 0
84 33 0
85 33 0
86 33 0
87 33 0
96 33 0
101 33 0
102 33 0
103 33 0
104 33 0
105 33 0
106 33 0
107 33 0
132 33 0
134 33 0
135 33 0
136 33 0
137 33 0
100 34 0
106 34 0
107 35 0
110 36 0
111 36 0
113 36 0
123 36 0
124 36 0
125 36 0
127 36 0
128 36 0
111 37 0
112 37 0
113 37 0
115 37 0
122 37 0
123 37 0
124 37 0
125 37 0
127 37 0
128 37 0
110 38 0
111 38 0
112 38 0
113 38 0
114 38 0
115 38 0
117 38 0
121 38 0
122 38 0
123 38 0
124 38 0
125 38 0
126 38 0
127 38 0
128 38 0
129 38 0
110 39 0
111 39 0
112 39 0
113 39 0
114 39 0
121 39 0
122 39 0
123 39 0
124 39 0
125 39 0
127 39 0
128 39 0
129 39 0
153 39 0
157 39 0
123 40 0
124 40 0
125 40 0
134 41 0
132 42 0
135 42 0
137 42 0
146 46 0
152 46 0
148 47 0
149 47 0
153 47 0
154 47 0
147 48 0
148 48 0
149 48 0
150 48 0
151 48 0
152 48 0
156 48 0
157 48 0
158 48 0
159 48 0
161 48 0
162 48 0
147 49 0
148 49 0
149 49 0
150 49 0
151 49 0
155 49 0
156 49 0
157 49 0
158 49 0
162 49 0
163 49 0
164 49 0
165 49 0
157 50 0
158 50 0
159 50 0
160 50 0
161 50 0
162 50 0
163 50 0
161 51 0
162 51 0
163 51 0
164 51 0
166 51 0
167 51 0
161 52 0
162 52 0
163 52 0
164 52 0
166 52 0
161 53 0
162 53 0
163 53 0
164 53 0
165 53 0
161 54 0
162 54 0
115 71 0
179 81 0
181 81 0
182 81 0
183 81 0
184 81 0
185 81 0
187 81 0
188 81 0
189 81 0
190 81 0
180 82 0
181 82 0
182 82 0
183 82 0
184 82 0
187 82 0
188 82 0
189 82 0
190 82 0
180 83 0
181 83 0
182 83 0
183 83 0
184 83 0
185 83 0
186 83 0
187 83 0
188 83 0
189 83 0
190 83 0
178 84 0
180 84 0
181 84 0
182 84 0
183 84 0
184 84 0
185 84 0
186 84 0
187 84 0
188 84 0
189 84 0
190 84 0
180 85 0
181 85 0
182 85 0
183 85 0
184 85 0
185 85 0
186 85 0
187 85 0
188 85 0
179 86 0
180 86 0
181 86 0
182 86 0
183 86 0
184 86 0
185 86 0
186 86 0
187 86 0
188 86 0
189 86 0
190 86 0
184 87 0
185 87 0
186 87 0
188 87 0
189 87 0
190 87 0
191 87 0
192 87 0
148 88 0
189 88 0
190 88 0
191 88 0
189 89 0
190 89 0
184 90 0
190 90 0
190 91 0
105 92 0
106 92 0
110 92 0
111 92 0
189 92 0
190 92 0
105 93 0
186 93 0
190 93 0
191 93 0
107 94 0
109 94 0
110 94 0
137 94 0
143 94 0
189 94 0
190 94 0
147 95 0
184 95 0
189 95 0
146 96 0
147 96 0
168 96 0
188 96 0
189 96 0
190 96 0
191 96 0
147 97 0
189 97 0
190 97 0
148 98 0
188 98 0
189 98 0
190 98 0
21 99 0
147 99 0
188 99 0
189 99 0
190 99 0
191 99 0
21 100 0
22 100 0
23 100 0
146 100 0
147 100 0
188 100 0
189 100 0
190 100 0
21 101 0
23 101 0
121 101 0
122 101 0
123 101 0
124 101 0
189 101 0
106 102 0
107 102 0
109 102 0
110 102 0
145 102 0
146 102 0
147 102 0
188 102 0
189 102 0
190 102 0
191 102 0
192 102 0
107 103 0
108 103 0
109 103 0
110 103 0
145 103 0
146 103 0
183 103 0
184 103 0
185 103 0
188 103 0
190 103 0
191 103 0
192 103 0
193 103 0
194 103 0
4 104 0
7 104 0
146 104 0
187 104 0
188 104 0
189 104 0
191 104 0
3 105 0
4 105 0
7 105 0
8 105 0
145 105 0
146 105 0
188 105 0
189 105 0
190 105 0
191 105 0
192 105 0
3 106 0
4 106 0
6 106 0
7 106 0
10 106 0
187 106 0
188 106 0
189 106 0
190 106 0
6 107 0
7 107 0
8 107 0
9 107 0
142 107 0
145 107 0
184 107 0
186 107 0
187 107 0
188 107 0
189 107 0
190 107 0
191 107 0
192 107 0
193 107 0
194 107 0
195 107 0
198 107 0
4 108 0
6 108 0
7 108 0
22 108 0
185 108 0
186 108 0
187 108 0
188 108 0
189 108 0
190 108 0
191 108 0
192 108 0
193 108 0
194 108 0
195 108 0
196 108 0
145 109 0
164 109 0
185 109 0
186 109 0
187 109 0
188 109 0
189 109 0
190 109 0
191 109 0
192 109 0
193 109 0
134 110 0
145 110 0
153 110 0
184 110 0
185 110 0
186 110 0
187 110 0
188 110 0
189 110 0
190 110 0
191 110 0
192 110 0
193 110 0
194 110 0
195 110 0
144 111 0
145 111 0
183 111 0
184 111 0
185 111 0
186 111 0
187 111 0
188 111 0
189 111 0
190 111 0
191 111 0
192 111 0
193 111 0
194 111 0
195 111 0
196 111 0
197 111 0
198 111 0
118 112 0
119 112 0
120 112 0
145 112 0
164 112 0
165 112 0
183 112 0
184 112 0
185 112 0
186 112 0
187 112 0
188 112 0
189 112 0
194 112 0
196 112 0
143 113 0
182 113 0
183 113 0
184 113 0
186 113 0
187 113 0
188 113 0
189 113 0
190 113 0
191 113 0
199 113 0
143 114 0
144 114 0
182 114 0
183 114 0
184 114 0
186 114 0
187 114 0
191 114 0
192 114 0
89 115 0
144 115 0
181 115 0
182 115 0
183 115 0
186 115 0
187 115 0
189 115 0
193 115 0
180 116 0
181 116 0
182 116 0
184 116 0
185 116 0
186 116 0
187 116 0
188 116 0
189 116 0
190 116 0
191 116 0
144 117 0
180 117 0
181 117 0
186 117 0
187 117 0
188 117 0
189 117 0
190 117 0
142 118 0
143 118 0
165 118 0
179 118 0
180 118 0
181 118 0
182 118 0
185 118 0
186 118 0
187 118 0
188 118 0
194 118 0
143 119 0
179 119 0
180 119 0
181 119 0
185 119 0
186 119 0
187 119 0
188 119 0
142 120 0
143 120 0
165 120 0
178 120 0
179 120 0
180 120 0
185 120 0
186 120 0
187 120 0
188 120 0
189 120 0
190 120 0
191 120 0
163 121 0
164 121 0
165 121 0
177 121 0
178 121 0
179 121 0
184 121 0
185 121 0
186 121 0
187 121 0
188 121 0
189 121 0
190 121 0
191 121 0
164 122 0
176 122 0
177 122 0
178 122 0
179 122 0
184 122 0
185 122 0
186 122 0
187 122 0
188 122 0
189 122 0
190 122 0
191 122 0
143 123 0
144 123 0
164 123 0
176 123 0
177 123 0
178 123 0
183 123 0
184 123 0
185 123 0
186 123 0
187 123 0
188 123 0
190 123 0
20 124 0
28 124 0
141 124 0
142 124 0
143 124 0
151 124 0
175 124 0
176 124 0
177 124 0
178 124 0
184 124 0
185 124 0
186 124 0
187 124 0
22 125 0
27 125 0
28 125 0
30 125 0
174 125 0
175 125 0
176 125 0
177 125 0
178 125 0
184 125 0
185 125 0
186 125 0
191 125 0
27 126 0
28 126 0
29 126 0
30 126 0
31 126 0
33 126 0
142 126 0
143 126 0
163 126 0
174 126 0
175 126 0
176 126 0
183 126 0
184 126 0
185 126 0
186 126 0
187 126 0
188 126 0
27 127 0
28 127 0
29 127 0
30 127 0
31 127 0
35 127 0
36 127 0
37 127 0
38 127 0
40 127 0
41 127 0
140 127 0
161 127 0
173 127 0
174 127 0
175 127 0
176 127 0
183 127 0
184 127 0
185 127 0
186 127 0
188 127 0
189 127 0
190 127 0
21 128 0
27 128 0
28 128 0
29 128 0
30 128 0
33 128 0
35 128 0
36 128 0
38 128 0
45 128 0
47 128 0
49 128 0
50 128 0
51 128 0
141 128 0
142 128 0
143 128 0
172 128 0
173 128 0
174 128 0
175 128 0
178 128 0
183 128 0
187 128 0
188 128 0
189 128 0
193 128 0
27 129 0
28 129 0
29 129 0
39 129 0
41 129 0
42 129 0
43 129 0
44 129 0
45 129 0
47 129 0
50 129 0
51 129 0
52 129 0
143 129 0
172 129 0
173 129 0
174 129 0
175 129 0
188 129 0
190 129 0
191 129 0
192 129 0
193 129 0
26 130 0
27 130 0
28 130 0
35 130 0
42 130 0
49 130 0
50 130 0
51 130 0
52 130 0
53 130 0
54 130 0
141 130 0
142 130 0
143 130 0
144 130 0
152 130 0
172 130 0
173 130 0
174 130 0
189 130 0
190 130 0
191 130 0
192 130 0
193 130 0
24 131 0
25 131 0
27 131 0
28 131 0
29 131 0
30 131 0
36 131 0
44 131 0
49 131 0
50 131 0
51 131 0
52 131 0
53 131 0
54 131 0
55 131 0
143 131 0
171 131 0
172 131 0
173 131 0
174 131 0
186 131 0
187 131 0
188 131 0
189 131 0
190 131 0
191 131 0
192 131 0
23 132 0
25 132 0
26 132 0
27 132 0
42 132 0
43 132 0
47 132 0
50 132 0
51 132 0
52 132 0
53 132 0
56 132 0
59 132 0
61 132 0
62 132 0
63 132 0
64 132 0
66 132 0
67 132 0
86 132 0
141 132 0
142 132 0
159 132 0
170 132 0
171 132 0
172 132 0
173 132 0
186 132 0
187 132 0
188 132 0
189 132 0
190 132 0
191 132 0
192 132 0
23 133 0
25 133 0
26 133 0
27 133 0
28 133 0
51 133 0
52 133 0
64 133 0
65 133 0
66 133 0
70 133 0
71 133 0
72 133 0
74 133 0
75 133 0
79 133 0
80 133 0
81 133 0
82 133 0
85 133 0
86 133 0
87 133 0
88 133 0
95 133 0
96 133 0
97 133 0
106 133 0
133 133 0
141 133 0
142 133 0
161 133 0
170 133 0
171 133 0
172 133 0
173 133 0
178 133 0
185 133 0
186 133 0
187 133 0
188 133 0
189 133 0
26 134 0
53 134 0
62 134 0
70 134 0
73 134 0
75 134 0
76 134 0
78 134 0
79 134 0
80 134 0
81 134 0
82 134 0
83 134 0
84 134 0
85 134 0
86 134 0
87 134 0
88 134 0
92 134 0
93 134 0
94 134 0
95 134 0
96 134 0
99 134 0
102 134 0
105 134 0
106 134 0
107 134 0
140 134 0
141 134 0
142 134 0
143 134 0
169 134 0
170 134 0
171 134 0
172 134 0
173 134 0
186 134 0
187 134 0
188 134 0
53 135 0
80 135 0
81 135 0
82 135 0
85 135 0
86 135 0
87 135 0
88 135 0
89 135 0
90 135 0
92 135 0
93 135 0
94 135 0
95 135 0
98 135 0
100 135 0
101 135 0
105 135 0
106 135 0
107 135 0
140 135 0
141 135 0
142 135 0
149 135 0
162 135 0
163 135 0
168 135 0
169 135 0
170 135 0
171 135 0
172 135 0
173 135 0
187 135 0
188 135 0
192 135 0
193 135 0
195 135 0
86 136 0
87 136 0
89 136 0
91 136 0
92 136 0
93 136 0
96 136 0
98 136 0
100 136 0
101 136 0
102 136 0
103 136 0
104 136 0
105 136 0
106 136 0
107 136 0
140 136 0
141 136 0
142 136 0
143 136 0
145 136 0
146 136 0
147 136 0
148 136 0
149 136 0
150 136 0
152 136 0
168 136 0
169 136 0
170 136 0
171 136 0
172 136 0
173 136 0
192 136 0
103 137 0
104 137 0
105 137 0
106 137 0
107 137 0
111 137 0
140 137 0
141 137 0
142 137 0
146 137 0
148 137 0
150 137 0
151 137 0
152 137 0
155 137 0
156 137 0
159 137 0
160 137 0
162 137 0
163 137 0
164 137 0
165 137 0
167 137 0
168 137 0
170 137 0
171 137 0
172 137 0
173 137 0
188 137 0
191 137 0
192 137 0
83 138 0
105 138 0
106 138 0
140 138 0
141 138 0
142 138 0
143 138 0
144 138 0
148 138 0
149 138 0
150 138 0
151 138 0
152 138 0
154 138 0
155 138 0
156 138 0
157 138 0
158 138 0
159 138 0
160 138 0
161 138 0
162 138 0
163 138 0
164 138 0
165 138 0
166 138 0
167 138 0
168 138 0
169 138 0
170 138 0
171 138 0
172 138 0
173 138 0
174 138 0
105 139 0
106 139 0
140 139 0
141 139 0
142 139 0
143 139 0
144 139 0
147 139 0
148 139 0
149 139 0
150 139 0
151 139 0
154 139 0
156 139 0
158 139 0
159 139 0
160 139 0
161 139 0
162 139 0
163 139 0
164 139 0
165 139 0
169 139 0
171 139 0
172 139 0
173 139 0
174 139 0
175 139 0
176 139 0
177 139 0
106 140 0
107 140 0
122 140 0
142 140 0
143 140 0
144 140 0
145 140 0
146 140 0
147 140 0
148 140 0
149 140 0
152 140 0
153 140 0
155 140 0
160 140 0
161 140 0
162 140 0
163 140 0
164 140 0
165 140 0
173 140 0
174 140 0
175 140 0
176 140 0
177 140 0
178 140 0
179 140 0
183 140 0
184 140 0
185 140 0
192 140 0
193 140 0
39 141 0
145 141 0
146 141 0
147 141 0
148 141 0
149 141 0
150 141 0
151 141 0
156 141 0
157 141 0
158 141 0
159 141 0
160 141 0
161 141 0
162 141 0
163 141 0
164 141 0
176 141 0
177 141 0
178 141 0
179 141 0
180 141 0
182 141 0
188 141 0
193 141 0
194 141 0
40 142 0
155 142 0
156 142 0
157 142 0
158 142 0
159 142 0
160 142 0
161 142 0
162 142 0
163 142 0
164 142 0
165 142 0
175 142 0
177 142 0
178 142 0
179 142 0
180 142 0
185 142 0
187 142 0
188 142 0
190 142 0
33 143 0
38 143 0
39 143 0
40 143 0
155 143 0
156 143 0
157 143 0
158 143 0
159 143 0
160 143 0
161 143 0
162 143 0
163 143 0
164 143 0
167 143 0
172 143 0
176 143 0
177 143 0
178 143 0
179 143 0
180 143 0
181 143 0
182 143 0
183 143 0
184 143 0
185 143 0
186 143 0
187 143 0
188 143 0
193 143 0
31 144 0
38 144 0
39 144 0
40 144 0
156 144 0
157 144 0
158 144 0
159 144 0
160 144 0
161 144 0
162 144 0
163 144 0
164 144 0
165 144 0
166 144 0
168 144 0
171 144 0
172 144 0
173 144 0
178 144 0
179 144 0
181 144 0
182 144 0
183 144 0
184 144 0
185 144 0
186 144 0
187 144 0
188 144 0
189 144 0
190 144 0
191 144 0
192 144 0
193 144 0
194 144 0
38 145 0
39 145 0
58 145 0
71 145 0
156 145 0
162 145 0
163 145 0
179 145 0
181 145 0
182 145 0
183 145 0
184 145 0
185 145 0
186 145 0
188 145 0
189 145 0
190 145 0
191 145 0
192 145 0
193 145 0
194 145 0
195 145 0
35 146 0
38 146 0
39 146 0
40 146 0
67 146 0
68 146 0
74 146 0
77 146 0
182 146 0
183 146 0
184 146 0
185 146 0
186 146 0
187 146 0
188 146 0
189 146 0
190 146 0
191 146 0
192 146 0
193 146 0
194 146 0
195 146 0
34 147 0
37 147 0
38 147 0
39 147 0
40 147 0
57 147 0
58 147 0
63 147 0
74 147 0
75 147 0
87 147 0
186 147 0
187 147 0
188 147 0
189 147 0
190 147 0
191 147 0
192 147 0
193 147 0
194 147 0
195 147 0
197 147 0
34 148 0
35 148 0
36 148 0
38 148 0
39 148 0
40 148 0
57 148 0
58 148 0
59 148 0
60 148 0
63 148 0
74 148 0
75 148 0
76 148 0
98 148 0
160 148 0
161 148 0
185 148 0
186 148 0
187 148 0
188 148 0
189 148 0
190 148 0
191 148 0
192 148 0
193 148 0
194 148 0
195 148 0
196 148 0
197 148 0
198 148 0
39 149 0
40 149 0
56 149 0
57 149 0
58 149 0
59 149 0
65 149 0
66 149 0
68 149 0
70 149 0
71 149 0
160 149 0
161 149 0
162 149 0
163 149 0
164 149 0
165 149 0
166 149 0
185 149 0
186 149 0
187 149 0
190 149 0
193 149 0
194 149 0
195 149 0
196 149 0
199 149 0
33 150 0
56 150 0
57 150 0
58 150 0
60 150 0
99 150 0
107 150 0
108 150 0
122 150 0
139 150 0
142 150 0
143 150 0
164 150 0
165 150 0
167 150 0
168 150 0
169 150 0
186 150 0
187 150 0
188 150 0
192 150 0
195 150 0
196 150 0
197 150 0
42 151 0
53 151 0
55 151 0
56 151 0
57 151 0
58 151 0
161 151 0
166 151 0
167 151 0
168 151 0
169 151 0
170 151 0
186 151 0
187 151 0
197 151 0
198 151 0
56 152 0
57 152 0
167 152 0
168 152 0
170 152 0
172 152 0
173 152 0
186 152 0
187 152 0
199 152 0
56 153 0
78 153 0
171 153 0
173 153 0
174 153 0
175 153 0
176 153 0
186 153 0
187 153 0
67 154 0
176 154 0
177 154 0
179 154 0
187 154 0
81 155 0
178 155 0
181 155 0
182 155 0
37 156 0
47 156 0
112 156 0
167 156 0
168 156 0
180 156 0
183 156 0
184 156 0
186 156 0
187 156 0
193 156 0
82 157 0
83 157 0
169 157 0
184 157 0
185 157 0
186 157 0
187 157 0
167 158 0
170 158 0
171 158 0
172 158 0
173 158 0
174 158 0
175 158 0
177 158 0
178 158 0
183 158 0
184 158 0
185 158 0
186 158 0
187 158 0
188 158 0
170 159 0
172 159 0
173 159 0
174 159 0
175 159 0
176 159 0
177 159 0
181 159 0
184 159 0
188 159 0
190 159 0
191 159 0
177 160 0
178 160 0
179 160 0
180 160 0
181 160 0
183 160 0
186 160 0
188 160 0
189 160 0
192 160 0
193 160 0
180 161 0
181 161 0
182 161 0
188 161 0
190 161 0
191 161 0
192 161 0
193 161 0
70 162 0
71 162 0
181 162 0
182 162 0
184 162 0
185 162 0
186 162 0
187 162 0
188 162 0
189 162 0
192 162 0
193 162 0
196 162 0
56 163 0
186 163 0
187 163 0
188 163 0
189 163 0
190 163 0
191 163 0
192 163 0
47 164 0
48 164 0
98 164 0
188 164 0
189 164 0
190 164 0
64 173 0
76 173 0
90 177 0
91 177 0
2 131 1
4 131 1
4 132 1
5 132 1
6 132 1
8 132 1
5 133 1
8 133 1
11 133 1
12 133 1
10 134 1
11 134 1
14 135 1
2 136 1
3 136 1
12 136 1
3 137 1
19 137 1
2 138 1
3 138 1
4 138 1
5 138 1
17 138 1
1 139 1
2 139 1
3 139 1
4 139 1
5 139 1
6 139 1
9 139 1
12 139 1
2 140 1
3 140 1
4 140 1
5 140 1
6 140 1
7 140 1
8 140 1
10 140 1
11 140 1
12 140 1
14 140 1
2 141 1
3 141 1
4 141 1
5 141 1
7 141 1
8 141 1
9 141 1
10 141 1
11 141 1
12 141 1
13 141 1
14 141 1
15 141 1
16 141 1
17 141 1
2 142 1
3 142 1
4 142 1
5 142 1
6 142 1
7 142 1
8 142 1
9 142 1
10 142 1
11 142 1
12 142 1
13 142 1
14 142 1
15 142 1
16 142 1
17 142 1
18 142 1
19 142 1
20 142 1
21 142 1
1 143 1
2 143 1
3 143 1
4 143 1
5 143 1
6 143 1
7 143 1
8 143 1
9 143 1
10 143 1
11 143 1
12 143 1
13 143 1
14 143 1
15 143 1
16 143 1
17 143 1
18 143 1
19 143 1
20 143 1
21 143 1
1 144 1
2 144 1
3 144 1
4 144 1
5 144 1
6 144 1
7 144 1
8 144 1
9 144 1
10 144 1
11 144 1
12 144 1
13 144 1
14 144 1
15 144 1
16 144 1
17 144 1
18 144 1
19 144 1
20 144 1
21 144 1
22 144 1
1 145 1
2 145 1
3 145 1
4 145 1
5 145 1
6 145 1
7 145 1
8 145 1
9 145 1
10 145 1
11 145 1
12 145 1
13 145 1
14 145 1
15 145 1
16 145 1
17 145 1
18 145 1
19 145 1
20 145 1
21 145 1
22 145 1
1 146 1
2 146 1
3 146 1
4 146 1
5 146 1
6 146 1
7 146 1
8 146 1
9 146 1
10 146 1
11 146 1
12 146 1
13 146 1
14 146 1
15 146 1
16 146 1
17 146 1
18 146 1
19 146 1
20 146 1
21 146 1
22 146 1
2 147 1
3 147 1
4 147 1
5 147 1
6 147 1
7 147 1
8 147 1
9 147 1
10 147 1
11 147 1
12 147 1
13 147 1
14 147 1
15 147 1
16 147 1
17 147 1
18 147 1
19 147 1
20 147 1
21 147 1
22 147 1
1 148 1
2 148 1
3 148 1
4 148 1
5 148 1
6 148 1
7 148 1
8 148 1
9 148 1
10 148 1
11 148 1
12 148 1
13 148 1
14 148 1
15 148 1
16 148 1
17 148 1
18 148 1
19 148 1
20 148 1
21 148 1
22 148 1
2 149 1
3 149 1
4 149 1
5 149 1
6 149 1
7 149 1
8 149 1
9 149 1
10 149 1
11 149 1
12 149 1
13 149 1
14 149 1
15 149 1
16 149 1
17 149 1
18 149 1
19 149 1
20 149 1
21 149 1
22 149 1
1 150 1
2 150 1
3 150 1
4 150 1
5 150 1
6 150 1
7 150 1
8 150 1
9 150 1
10 150 1
11 150 1
12 150 1
13 150 1
14 150 1
15 150 1
16 150 1
17 150 1
18 150 1
19 150 1
20 150 1
21 150 1
22 150 1
1 151 1
2 151 1
3 151 1
4 151 1
5 151 1
6 151 1
7 151 1
8 151 1
9 151 1
10 151 1
11 151 1
12 151 1
13 151 1
14 151 1
15 151 1
16 151 1
17 151 1
18 151 1
19 151 1
20 151 1
21 151 1
22 151 1
1 152 1
2 152 1
3 152 1
4 152 1
5 152 1
6 152 1
7 152 1
8 152 1
9 152 1
10 152 1
11 152 1
12 152 1
13 152 1
14 152 1
15 152 1
16 152 1
17 152 1
18 152 1
19 152 1
20 152 1
21 152 1
1 153 1
2 153 1
3 153 1
4 153 1
5 153 1
6 153 1
7 153 1
8 153 1
9 153 1
10 153 1
11 153 1
12 153 1
13 153 1
14 153 1
15 153 1
16 153 1
17 153 1
18 153 1
19 153 1
20 153 1
21 153 1
22 153 1
1 154 1
2 154 1
3 154 1
4 154 1
5 154 1
6 154 1
7 154 1
8 154 1
9 154 1
10 154 1
11 154 1
12 154 1
13 154 1
14 154 1
15 154 1
16 154 1
17 154 1
18 154 1
19 154 1
20 154 1
21 154 1
1 155 1
2 155 1
3 155 1
4 155 1
5 155 1
6 155 1
7 155 1
8 155 1
9 155 1
10 155 1
11 155 1
12 155 1
13 155 1
14 155 1
15 155 1
16 155 1
17 155 1
18 155 1
19 155 1
20 155 1
21 155 1
1 156 1
2 156 1
3 156 1
4 156 1
5 156 1
6 156 1
7 156 1
8 156 1
9 156 1
10 156 1
11 156 1
12 156 1
13 156 1
14 156 1
15 156 1
16 156 1
17 156 1
18 156 1
19 156 1
20 156 1
21 156 1
1 157 1
2 157 1
3 157 1
4 157 1
5 157 1
6 157 1
7 157 1
8 157 1
9 157 1
10 157 1
11 157 1
12 157 1
13 157 1
14 157 1
15 157 1
16 157 1
17 157 1
18 157 1
19 157 1
20 157 1
21 157 1
22 157 1
1 158 1
2 158 1
3 158 1
4 158 1
5 158 1
6 158 1
7 158 1
8 158 1
9 158 1
10 158 1
11 158 1
12 158 1
13 158 1
14 158 1
15 158 1
16 158 1
17 158 1
18 158 1
19 158 1
20 158 1
21 158 1
1 159 1
2 159 1
3 159 1
4 159 1
5 159 1
6 159 1
7 159 1
8 159 1
9 159 1
10 159 1
11 159 1
12 159 1
13 159 1
14 159 1
15 159 1
16 159 1
17 159 1
18 159 1
19 159 1
20 159 1
21 159 1
1 160 1
2 160 1
3 160 1
4 160 1
5 160 1
6 160 1
7 160 1
8 160 1
9 160 1
10 160 1
11 160 1
12 160 1
13 160 1
14 160 1
15 160 1
16 160 1
17 160 1
18 160 1
19 160 1
20 160 1
21 160 1
1 161 1
2 161 1
3 161 1
4 161 1
5 161 1
6 161 1
7 161 1
8 161 1
9 161 1
10 161 1
11 161 1
12 161 1
13 161 1
14 161 1
15 161 1
16 161 1
17 161 1
18 161 1
19 161 1
20 161 1
21 161 1
2 162 1
3 162 1
4 162 1
5 162 1
6 162 1
7 162 1
8 162 1
9 162 1
10 162 1
11 162 1
12 162 1
13 162 1
14 162 1
15 162 1
16 162 1
17 162 1
18 162 1
19 162 1
20 162 1
1 163 1
2 163 1
3 163 1
4 163 1
5 163 1
6 163 1
7 163 1
8 163 1
9 163 1
10 163 1
11 163 1
12 163 1
13 163 1
14 163 1
15 163 1
16 163 1
17 163 1
18 163 1
19 163 1
20 163 1
21 163 1
22 163 1
2 164 1
3 164 1
4 164 1
5 164 1
6 164 1
7 164 1
8 164 1
9 164 1
10 164 1
11 164 1
12 164 1
13 164 1
14 164 1
15 164 1
16 164 1
17 164 1
18 164 1
19 164 1
20 164 1
2 165 1
3 165 1
4 165 1
5 165 1
6 165 1
7 165 1
8 165 1
9 165 1
10 165 1
11 165 1
12 165 1
13 165 1
14 165 1
15 165 1
16 165 1
17 165 1
18 165 1
19 165 1
20 165 1
21 165 1
22 165 1
1 166 1
2 166 1
3 166 1
4 166 1
5 166 1
6 166 1
7 166 1
8 166 1
9 166 1
10 166 1
11 166 1
12 166 1
13 166 1
14 166 1
15 166 1
16 166 1
17 166 1
18 166 1
19 166 1
20 166 1
21 166 1
23 166 1
29 166 1
1 167 1
2 167 1
3 167 1
4 167 1
5 167 1
6 167 1
7 167 1
8 167 1
9 167 1
10 167 1
11 167 1
12 167 1
13 167 1
14 167 1
15 167 1
16 167 1
17 167 1
18 167 1
19 167 1
20 167 1
21 167 1
1 168 1
2 168 1
3 168 1
4 168 1
5 168 1
6 168 1
7 168 1
8 168 1
9 168 1
10 168 1
11 168 1
12 168 1
13 168 1
14 168 1
15 168 1
16 168 1
17 168 1
18 168 1
19 168 1
20 168 1
21 168 1
1 169 1
2 169 1
3 169 1
4 169 1
5 169 1
6 169 1
7 169 1
8 169 1
9 169 1
10 169 1
11 169 1
12 169 1
13 169 1
14 169 1
15 169 1
16 169 1
17 169 1
18 169 1
19 169 1
20 169 1
21 169 1
2 170 1
3 170 1
4 170 1
5 170 1
6 170 1
7 170 1
8 170 1
9 170 1
10 170 1
11 170 1
12 170 1
13 170 1
14 170 1
15 170 1
16 170 1
17 170 1
18 170 1
19 170 1
20 170 1
1 171 1
2 171 1
3 171 1
4 171 1
5 171 1
6 171 1
7 171 1
8 171 1
9 171 1
10 171 1
11 171 1
12 171 1
13 171 1
14 171 1
15 171 1
16 171 1
17 171 1
18 171 1
19 171 1
20 171 1
21 171 1
25 171 1
1 172 1
2 172 1
3 172 1
4 172 1
5 172 1
6 172 1
7 172 1
8 172 1
9 172 1
10 172 1
11 172 1
12 172 1
13 172 1
14 172 1
15 172 1
16 172 1
17 172 1
18 172 1
19 172 1
20 172 1
21 172 1
31 172 1
1 173 1
2 173 1
3 173 1
4 173 1
5 173 1
6 173 1
7 173 1
8 173 1
9 173 1
10 173 1
11 173 1
12 173 1
13 173 1
14 173 1
15 173 1
16 173 1
17 173 1
18 173 1
19 173 1
20 173 1
21 173 1
22 173 1
23 173 1
1 174 1
2 174 1
3 174 1
4 174 1
5 174 1
6 174 1
7 174 1
8 174 1
9 174 1
10 174 1
11 174 1
12 174 1
13 174 1
14 174 1
15 174 1
16 174 1
17 174 1
18 174 1
19 174 1
20 174 1
21 174 1
22 174 1
23 174 1
1 175 1
2 175 1
3 175 1
4 175 1
5 175 1
6 175 1
7 175 1
8 175 1
9 175 1
10 175 1
11 175 1
12 175 1
13 175 1
14 175 1
15 175 1
16 175 1
17 175 1
18 175 1
19 175 1
20 175 1
1 176 1
2 176 1
3 176 1
4 176 1
5 176 1
6 176 1
7 176 1
8 176 1
9 176 1
10 176 1
11 176 1
12 176 1
13 176 1
14 176 1
15 176 1
16 176 1
17 176 1
18 176 1
19 176 1
20 176 1
21 176 1
1 177 1
2 177 1
3 177 1
4 177 1
5 177 1
6 177 1
7 177 1
9 177 1
10 177 1
11 177 1
12 177 1
13 177 1
14 177 1
15 177 1
16 177 1
17 177 1
18 177 1
19 177 1
20 177 1
21 177 1
23 177 1
27 177 1
2 178 1
3 178 1
4 178 1
5 178 1
9 178 1
10 178 1
11 178 1
12 178 1
13 178 1
14 178 1
15 178 1
16 178 1
17 178 1
19 178 1
20 178 1
13 1 2
14 1 2
15 1 2
16 1 2
17 1 2
18 1 2
19 1 2
20 1 2
21 1 2
22 1 2
23 1 2
24 1 2
25 1 2
26 1 2
27 1 2
28 1 2
29 1 2
30 1 2
31 1 2
32 1 2
33 1 2
34 1 2
35 1 2
36 1 2
37 1 2
38 1 2
12 2 2
13 2 2
14 2 2
15 2 2
16 2 2
17 2 2
18 2 2
19 2 2
20 2 2
21 2 2
22 2 2
23 2 2
24 2 2
25 2 2
26 2 2
27 2 2
28 2 2
29 2 2
30 2 2
31 2 2
32 2 2
33 2 2
34 2 2
35 2 2
36 2 2
37 2 2
38 2 2
39 2 2
11 3 2
12 3 2
13 3 2
14 3 2
15 3 2
16 3 2
17 3 2
18 3 2
19 3 2
20 3 2
21 3 2
22 3 2
23 3 2
24 3 2
25 3 2
26 3 2
27 3 2
28 3 2
29 3 2
30 3 2
31 3 2
32 3 2
33 3 2
34 3 2
35 3 2
36 3 2
37 3 2
38 3 2
39 3 2
11 4 2
12 4 2
13 4 2
14 4 2
15 4 2
16 4 2
17 4 2
18 4 2
19 4 2
20 4 2
21 4 2
22 4 2
23 4 2
24 4 2
25 4 2
26 4 2
27 4 2
28 4 2
29 4 2
30 4 2
31 4 2
32 4 2
33 4 2
34 4 2
35 4 2
36 4 2
37 4 2
38 4 2
39 4 2
40 4 2
13 5 2
15 5 2
16 5 2
17 5 2
18 5 2
19 5 2
20 5 2
21 5 2
22 5 2
23 5 2
24 5 2
25 5 2
26 5 2
27 5 2
28 5 2
29 5 2
30 5 2
31 5 2
32 5 2
33 5 2
34 5 2
35 5 2
36 5 2
37 5 2
38 5 2
39 5 2
40 5 2
41 5 2
19 6 2
20 6 2
21 6 2
25 6 2
26 6 2
27 6 2
28 6 2
29 6 2
30 6 2
31 6 2
32 6 2
33 6 2
34 6 2
35 6 2
36 6 2
37 6 2
38 6 2
39 6 2
40 6 2
41 6 2
14 7 2
15 7 2
23 7 2
31 7 2
32 7 2
33 7 2
34 7 2
35 7 2
36 7 2
37 7 2
38 7 2
39 7 2
40 7 2
41 7 2
42 7 2
32 8 2
33 8 2
34 8 2
35 8 2
36 8 2
37 8 2
38 8 2
39 8 2
40 8 2
41 8 2
42 8 2
43 8 2
22 9 2
34 9 2
36 9 2
37 9 2
38 9 2
39 9 2
40 9 2
41 9 2
42 9 2
34 10 2
35 10 2
36 10 2
37 10 2
38 10 2
39 10 2
40 10 2
41 10 2
42 10 2
43 10 2
37 11 2
38 11 2
39 11 2
40 11 2
41 11 2
42 11 2
43 11 2
1 12 2
12 12 2
14 12 2
39 12 2
40 12 2
41 12 2
42 12 2
4 13 2
5 13 2
10 13 2
14 13 2
15 13 2
16 13 2
17 13 2
18 13 2
19 13 2
45 13 2
2 14 2
3 14 2
4 14 2
5 14 2
6 14 2
7 14 2
9 14 2
10 14 2
11 14 2
12 14 2
13 14 2
14 14 2
15 14 2
16 14 2
17 14 2
18 14 2
19 14 2
2 15 2
3 15 2
4 15 2
5 15 2
6 15 2
7 15 2
8 15 2
9 15 2
10 15 2
11 15 2
12 15 2
13 15 2
14 15 2
15 15 2
16 15 2
18 15 2
19 15 2
4 16 2
5 16 2
6 16 2
7 16 2
8 16 2
9 16 2
10 16 2
11 16 2
12 16 2
13 16 2
14 16 2
15 16 2
16 16 2
18 16 2
4 17 2
9 17 2
10 17 2
13 17 2
14 17 2
15 17 2
16 17 2
17 17 2
18 17 2
19 17 2
3 18 2
9 18 2
10 18 2
11 18 2
12 18 2
13 18 2
14 18 2
15 18 2
16 18 2
17 18 2
18 18 2
19 18 2
9 19 2
10 19 2
11 19 2
12 19 2
13 19 2
14 19 2
15 19 2
16 19 2
17 19 2
18 19 2
19 19 2
11 20 2
13 20 2
14 20 2
15 20 2
16 20 2
9 21 2
2 22 2
9 22 2
14 25 2
2 26 2
3 26 2
8 27 2
3 30 2
4 30 2
5 30 2
2 31 2
3 31 2
4 31 2
6 31 2
7 31 2
1 32 2
2 32 2
3 32 2
4 32 2
5 32 2
6 32 2
7 32 2
8 32 2
9 32 2
10 32 2
14 32 2
20 32 2
2 33 2
3 33 2
5 33 2
6 33 2
9 33 2
10 33 2
11 33 2
12 33 2
13 33 2
14 33 2
15 33 2
20 33 2
6 34 2
7 34 2
8 34 2
15 34 2
4 35 2
6 35 2
7 35 2
9 35 2
10 35 2
20 35 2
4 36 2
5 36 2
6 36 2
3 37 2
3 38 2
19 38 2
179 38 2
19 39 2
166 39 2
19 40 2
167 40 2
170 40 2
8 41 2
169 41 2
7 42 2
8 42 2
9 42 2
162 42 2
169 42 2
170 42 2
6 43 2
19 43 2
161 43 2
165 43 2
166 43 2
167 43 2
169 43 2
171 43 2
172 43 2
173 43 2
174 43 2
10 44 2
12 44 2
13 44 2
167 44 2
175 44 2
176 44 2
177 44 2
12 45 2
13 45 2
162 45 2
164 45 2
166 45 2
167 45 2
174 45 2
176 45 2
166 46 2
170 46 2
175 46 2
176 46 2
13 47 2
166 47 2
170 47 2
171 47 2
173 47 2
174 47 2
175 47 2
176 47 2
177 47 2
4 48 2
5 48 2
6 48 2
170 48 2
171 48 2
176 48 2
177 48 2
2 49 2
3 49 2
4 49 2
5 49 2
6 49 2
7 49 2
8 49 2
172 49 2
173 49 2
4 50 2
5 50 2
7 50 2
8 50 2
9 50 2
12 50 2
13 50 2
168 50 2
171 50 2
172 50 2
177 50 2
179 51 2
180 51 2
181 51 2
2 52 2
5 52 2
11 52 2
175 52 2
181 52 2
182 52 2
4 53 2
9 53 2
16 53 2
17 53 2
20 53 2
177 53 2
181 53 2
182 53 2
20 54 2
170 54 2
173 54 2
181 54 2
171 55 2
11 57 2
2 61 2
7 61 2
8 61 2
7 69 2
8 69 2
7 70 2
8 70 2
6 71 2
7 71 2
8 71 2
6 72 2
7 72 2
8 72 2
9 72 2
6 73 2
7 73 2
8 73 2
7 74 2
8 82 2
11 88 2
147 72 3
162 78 3
163 78 3
164 78 3
165 78 3
166 78 3
157 79 3
158 79 3
159 79 3
160 79 3
161 79 3
162 79 3
163 79 3
164 79 3
165 79 3
166 79 3
167 79 3
168 79 3
152 80 3
153 80 3
154 80 3
155 80 3
156 80 3
157 80 3
158 80 3
159 80 3
160 80 3
161 80 3
162 80 3
163 80 3
164 80 3
165 80 3
166 80 3
167 80 3
168 80 3
169 80 3
170 80 3
171 80 3
152 81 3
153 81 3
154 81 3
155 81 3
156 81 3
157 81 3
158 81 3
159 81 3
160 81 3
161 81 3
162 81 3
163 81 3
164 81 3
165 81 3
166 81 3
167 81 3
168 81 3
169 81 3
170 81 3
171 81 3
151 82 3
152 82 3
153 82 3
154 82 3
155 82 3
156 82 3
157 82 3
158 82 3
159 82 3
160 82 3
161 82 3
162 82 3
163 82 3
164 82 3
165 82 3
166 82 3
167 82 3
168 82 3
169 82 3
170 82 3
152 83 3
153 83 3
154 83 3
155 83 3
156 83 3
157 83 3
158 83 3
159 83 3
160 83 3
161 83 3
162 83 3
163 83 3
164 83 3
165 83 3
166 83 3
167 83 3
168 83 3
169 83 3
170 83 3
152 84 3
153 84 3
154 84 3
155 84 3
156 84 3
157 84 3
158 84 3
159 84 3
160 84 3
161 84 3
162 84 3
163 84 3
164 84 3
165 84 3
166 84 3
167 84 3
168 84 3
169 84 3
152 85 3
153 85 3
154 85 3
155 85 3
156 85 3
157 85 3
158 85 3
159 85 3
160 85 3
161 85 3
162 85 3
163 85 3
164 85 3
165 85 3
166 85 3
167 85 3
168 85 3
153 86 3
154 86 3
155 86 3
156 86 3
157 86 3
158 86 3
159 86 3
160 86 3
161 86 3
162 86 3
163 86 3
164 86 3
165 86 3
166 86 3
167 86 3
155 87 3
156 87 3
157 87 3
158 87 3
159 87 3
160 87 3
161 87 3
162 87 3
163 87 3
156 88 3
157 88 3
158 88 3
159 88 3
160 88 3
141 89 3
141 90 3
146 93 3
140 95 3
138 96 3
