75 17 0
121 21 0
123 21 0
120 22 0
121 22 0
122 22 0
123 22 0
124 22 0
125 22 0
120 23 0
121 23 0
122 23 0
123 23 0
124 23 0
125 23 0
119 24 0
120 24 0
121 24 0
123 24 0
124 24 0
125 24 0
119 25 0
120 25 0
124 25 0
125 25 0
119 26 0
120 26 0
123 26 0
124 26 0
66 27 0
67 27 0
72 27 0
74 27 0
75 27 0
97 27 0
105 27 0
118 27 0
119 27 0
120 27 0
122 27 0
123 27 0
124 27 0
69 28 0
70 28 0
71 28 0
72 28 0
73 28 0
74 28 0
75 28 0
76 28 0
80 28 0
100 28 0
118 28 0
119 28 0
120 28 0
122 28 0
123 28 0
124 28 0
69 29 0
70 29 0
71 29 0
72 29 0
73 29 0
75 29 0
76 29 0
78 29 0
79 29 0
80 29 0
84 29 0
85 29 0
101 29 0
103 29 0
118 29 0
119 29 0
120 29 0
121 29 0
122 29 0
123 29 0
69 30 0
70 30 0
71 30 0
72 30 0
73 30 0
80 30 0
81 30 0
84 30 0
85 30 0
86 30 0
89 30 0
118 30 0
119 30 0
120 30 0
121 30 0
122 30 0
123 30 0
69 31 0
70 31 0
71 31 0
72 31 0
79 31 0
80 31 0
81 31 0
82 31 0
85 31 0
86 31 0
87 31 0
88 31 0
89 31 0
90 31 0
92 31 0
118 31 0
119 31 0
120 31 0
121 31 0
122 31 0
69 32 0
70 32 0
80 32 0
82 32 0
83 32 0
84 32 0
85 32 0
87 32 0
88 32 0
89 32 0
90 32 0
91 32 0
92 32 0
117 32 0
118 32 0
119 32 0
120 32 0
121 32 0
122 32 0
83 33 0
84 33 0
85 33 0
86 33 0
87 33 0
88 33 0
89 33 0
90 33 0
91 33 0
117 33 0
118 33 0
119 33 0
120 33 0
121 33 0
122 33 0
88 34 0
89 34 0
90 34 0
93 34 0
94 34 0
117 34 0
118 34 0
119 34 0
120 34 0
122 34 0
89 35 0
93 35 0
94 35 0
95 35 0
96 35 0
97 35 0
99 35 0
100 35 0
111 35 0
119 35 0
93 36 0
94 36 0
95 36 0
96 36 0
98 36 0
99 36 0
100 36 0
102 36 0
108 36 0
110 36 0
111 36 0
94 37 0
95 37 0
96 37 0
97 37 0
98 37 0
99 37 0
101 37 0
102 37 0
103 37 0
106 37 0
107 37 0
110 37 0
111 37 0
112 37 0
94 38 0
95 38 0
96 38 0
97 38 0
98 38 0
101 38 0
102 38 0
106 38 0
107 38 0
108 38 0
109 38 0
110 38 0
111 38 0
112 38 0
94 39 0
95 39 0
96 39 0
97 39 0
104 39 0
105 39 0
106 39 0
107 39 0
108 39 0
109 39 0
110 39 0
111 39 0
112 39 0
94 40 0
105 40 0
106 40 0
107 40 0
108 40 0
109 40 0
111 40 0
112 40 0
140 40 0
106 41 0
108 41 0
109 41 0
111 41 0
112 41 0
114 41 0
115 41 0
121 41 0
136 41 0
112 42 0
113 42 0
114 42 0
114 43 0
117 43 0
120 43 0
120 44 0
123 45 0
150 45 0
156 45 0
157 45 0
124 46 0
126 46 0
128 46 0
152 46 0
153 46 0
154 46 0
155 46 0
128 47 0
129 47 0
154 47 0
155 47 0
157 47 0
129 48 0
130 48 0
131 48 0
132 48 0
134 48 0
135 48 0
156 48 0
130 49 0
131 49 0
134 49 0
135 49 0
137 49 0
142 49 0
143 49 0
130 50 0
131 50 0
133 50 0
138 50 0
139 50 0
140 50 0
141 50 0
142 50 0
143 50 0
144 50 0
145 50 0
146 50 0
130 51 0
131 51 0
139 51 0
140 51 0
141 51 0
142 51 0
145 51 0
146 51 0
147 51 0
148 51 0
142 52 0
143 52 0
144 52 0
145 52 0
146 52 0
148 52 0
143 53 0
144 53 0
145 53 0
148 53 0
149 53 0
150 53 0
144 54 0
145 54 0
146 54 0
147 54 0
148 54 0
149 54 0
177 54 0
179 54 0
180 54 0
144 55 0
145 55 0
151 55 0
152 55 0
153 55 0
175 55 0
176 55 0
180 55 0
181 55 0
183 55 0
193 55 0
144 56 0
145 56 0
154 56 0
162 56 0
175 56 0
176 56 0
180 56 0
193 56 0
194 56 0
195 56 0
155 57 0
156 57 0
157 57 0
161 57 0
165 57 0
166 57 0
167 57 0
168 57 0
176 57 0
192 57 0
193 57 0
156 58 0
157 58 0
158 58 0
160 58 0
161 58 0
165 58 0
166 58 0
168 58 0
169 58 0
190 58 0
192 58 0
193 58 0
194 58 0
195 58 0
196 58 0
156 59 0
157 59 0
166 59 0
167 59 0
168 59 0
169 59 0
191 59 0
192 59 0
193 59 0
156 60 0
167 60 0
168 60 0
188 60 0
190 60 0
191 60 0
188 61 0
171 62 0
172 62 0
176 62 0
177 62 0
181 62 0
182 62 0
163 63 0
164 63 0
166 63 0
167 63 0
168 63 0
171 63 0
172 63 0
175 63 0
176 63 0
177 63 0
181 63 0
182 63 0
163 64 0
164 64 0
165 64 0
166 64 0
167 64 0
170 64 0
171 64 0
172 64 0
173 64 0
175 64 0
176 64 0
177 64 0
178 64 0
181 64 0
182 64 0
163 65 0
164 65 0
165 65 0
166 65 0
167 65 0
170 65 0
171 65 0
172 65 0
173 65 0
174 65 0
175 65 0
176 65 0
177 65 0
178 65 0
181 65 0
182 65 0
163 66 0
164 66 0
165 66 0
166 66 0
167 66 0
168 66 0
169 66 0
170 66 0
171 66 0
172 66 0
173 66 0
175 66 0
176 66 0
177 66 0
178 66 0
181 66 0
182 66 0
163 67 0
164 67 0
165 67 0
166 67 0
167 67 0
168 67 0
170 67 0
171 67 0
172 67 0
173 67 0
175 67 0
176 67 0
177 67 0
180 67 0
181 67 0
162 68 0
163 68 0
164 68 0
165 68 0
166 68 0
167 68 0
168 68 0
170 68 0
171 68 0
172 68 0
173 68 0
175 68 0
176 68 0
177 68 0
180 68 0
181 68 0
162 69 0
163 69 0
165 69 0
166 69 0
167 69 0
168 69 0
169 69 0
170 69 0
171 69 0
172 69 0
174 69 0
175 69 0
176 69 0
177 69 0
180 69 0
181 69 0
189 69 0
162 70 0
163 70 0
165 70 0
166 70 0
167 70 0
168 70 0
169 70 0
170 70 0
171 70 0
172 70 0
174 70 0
175 70 0
176 70 0
177 70 0
180 70 0
188 70 0
189 70 0
162 71 0
166 71 0
167 71 0
168 71 0
170 71 0
171 71 0
173 71 0
176 71 0
177 71 0
188 71 0
190 71 0
189 73 0
190 73 0
189 74 0
190 74 0
187 75 0
189 75 0
190 75 0
191 75 0
189 76 0
190 76 0
191 76 0
192 76 0
193 76 0
195 76 0
154 82 0
155 82 0
172 82 0
150 83 0
154 83 0
155 83 0
165 83 0
145 84 0
146 84 0
147 84 0
150 84 0
151 84 0
152 84 0
154 84 0
155 84 0
156 84 0
162 84 0
163 84 0
164 84 0
165 84 0
166 84 0
167 84 0
169 84 0
170 84 0
171 84 0
146 85 0
147 85 0
148 85 0
149 85 0
150 85 0
151 85 0
152 85 0
153 85 0
154 85 0
155 85 0
156 85 0
157 85 0
158 85 0
159 85 0
162 85 0
163 85 0
164 85 0
165 85 0
166 85 0
168 85 0
169 85 0
170 85 0
171 85 0
172 85 0
148 86 0
149 86 0
150 86 0
151 86 0
153 86 0
154 86 0
157 86 0
158 86 0
159 86 0
161 86 0
162 86 0
163 86 0
164 86 0
165 86 0
166 86 0
167 86 0
168 86 0
169 86 0
170 86 0
171 86 0
191 86 0
150 87 0
151 87 0
153 87 0
154 87 0
155 87 0
156 87 0
158 87 0
159 87 0
161 87 0
162 87 0
163 87 0
164 87 0
165 87 0
166 87 0
167 87 0
168 87 0
169 87 0
170 87 0
189 87 0
150 88 0
159 88 0
163 88 0
164 88 0
165 88 0
166 88 0
167 88 0
168 88 0
169 88 0
165 89 0
166 89 0
167 89 0
168 89 0
169 89 0
87 90 0
91 90 0
164 90 0
167 90 0
168 90 0
170 90 0
171 90 0
172 90 0
173 90 0
87 91 0
88 91 0
91 91 0
92 91 0
170 91 0
171 91 0
172 91 0
173 91 0
182 91 0
188 91 0
86 92 0
87 92 0
88 92 0
91 92 0
92 92 0
171 92 0
87 93 0
88 93 0
149 93 0
149 94 0
170 94 0
180 94 0
112 95 0
113 95 0
170 95 0
170 96 0
171 96 0
172 96 0
127 97 0
128 97 0
111 98 0
112 98 0
128 98 0
169 98 0
170 98 0
171 98 0
128 99 0
129 99 0
170 99 0
176 99 0
87 100 0
90 100 0
91 100 0
135 100 0
169 100 0
170 100 0
171 100 0
87 101 0
88 101 0
90 101 0
91 101 0
102 101 0
103 101 0
104 101 0
105 101 0
124 101 0
127 101 0
128 101 0
135 101 0
164 101 0
166 101 0
169 101 0
170 101 0
171 101 0
182 101 0
195 101 0
196 101 0
197 101 0
198 101 0
87 102 0
88 102 0
90 102 0
91 102 0
103 102 0
105 102 0
127 102 0
128 102 0
169 102 0
170 102 0
171 102 0
186 102 0
187 102 0
188 102 0
189 102 0
190 102 0
191 102 0
192 102 0
194 102 0
195 102 0
197 102 0
88 103 0
126 103 0
127 103 0
169 103 0
170 103 0
171 103 0
172 103 0
176 103 0
181 103 0
185 103 0
186 103 0
187 103 0
188 103 0
189 103 0
190 103 0
191 103 0
192 103 0
194 103 0
195 103 0
126 104 0
127 104 0
168 104 0
169 104 0
170 104 0
172 104 0
175 104 0
176 104 0
178 104 0
179 104 0
180 104 0
181 104 0
185 104 0
186 104 0
187 104 0
188 104 0
189 104 0
190 104 0
191 104 0
192 104 0
193 104 0
194 104 0
195 104 0
126 105 0
127 105 0
168 105 0
169 105 0
170 105 0
171 105 0
175 105 0
176 105 0
177 105 0
178 105 0
179 105 0
180 105 0
186 105 0
187 105 0
188 105 0
189 105 0
190 105 0
191 105 0
192 105 0
193 105 0
194 105 0
195 105 0
168 106 0
169 106 0
170 106 0
171 106 0
177 106 0
178 106 0
180 106 0
183 106 0
184 106 0
185 106 0
186 106 0
187 106 0
188 106 0
189 106 0
190 106 0
191 106 0
192 106 0
193 106 0
194 106 0
195 106 0
197 106 0
126 107 0
127 107 0
160 107 0
168 107 0
169 107 0
170 107 0
171 107 0
172 107 0
173 107 0
175 107 0
176 107 0
181 107 0
183 107 0
184 107 0
185 107 0
186 107 0
187 107 0
188 107 0
189 107 0
190 107 0
191 107 0
192 107 0
193 107 0
194 107 0
198 107 0
160 108 0
168 108 0
169 108 0
170 108 0
171 108 0
172 108 0
173 108 0
174 108 0
175 108 0
180 108 0
183 108 0
184 108 0
185 108 0
186 108 0
187 108 0
188 108 0
189 108 0
190 108 0
191 108 0
192 108 0
193 108 0
194 108 0
195 108 0
125 109 0
126 109 0
160 109 0
161 109 0
167 109 0
168 109 0
169 109 0
170 109 0
171 109 0
172 109 0
173 109 0
174 109 0
175 109 0
179 109 0
181 109 0
182 109 0
183 109 0
184 109 0
185 109 0
186 109 0
187 109 0
188 109 0
189 109 0
190 109 0
191 109 0
192 109 0
193 109 0
194 109 0
195 109 0
196 109 0
197 109 0
198 109 0
166 110 0
167 110 0
168 110 0
169 110 0
170 110 0
171 110 0
173 110 0
174 110 0
177 110 0
179 110 0
180 110 0
181 110 0
182 110 0
183 110 0
184 110 0
185 110 0
186 110 0
187 110 0
188 110 0
189 110 0
190 110 0
191 110 0
192 110 0
193 110 0
194 110 0
195 110 0
197 110 0
103 111 0
115 111 0
166 111 0
167 111 0
168 111 0
169 111 0
170 111 0
171 111 0
172 111 0
173 111 0
174 111 0
175 111 0
176 111 0
177 111 0
178 111 0
179 111 0
180 111 0
181 111 0
182 111 0
183 111 0
184 111 0
185 111 0
186 111 0
187 111 0
188 111 0
189 111 0
190 111 0
191 111 0
192 111 0
193 111 0
194 111 0
195 111 0
197 111 0
89 112 0
99 112 0
101 112 0
102 112 0
124 112 0
125 112 0
132 112 0
155 112 0
156 112 0
157 112 0
164 112 0
165 112 0
166 112 0
168 112 0
169 112 0
170 112 0
171 112 0
172 112 0
173 112 0
174 112 0
175 112 0
176 112 0
177 112 0
178 112 0
179 112 0
181 112 0
182 112 0
183 112 0
184 112 0
185 112 0
186 112 0
187 112 0
188 112 0
189 112 0
190 112 0
191 112 0
192 112 0
193 112 0
194 112 0
195 112 0
196 112 0
198 112 0
100 113 0
101 113 0
144 113 0
157 113 0
158 113 0
160 113 0
161 113 0
164 113 0
165 113 0
166 113 0
167 113 0
168 113 0
169 113 0
170 113 0
171 113 0
172 113 0
173 113 0
174 113 0
175 113 0
176 113 0
177 113 0
178 113 0
179 113 0
180 113 0
181 113 0
182 113 0
183 113 0
184 113 0
185 113 0
186 113 0
187 113 0
188 113 0
189 113 0
190 113 0
191 113 0
192 113 0
193 113 0
194 113 0
195 113 0
198 113 0
133 114 0
161 114 0
162 114 0
163 114 0
164 114 0
165 114 0
166 114 0
167 114 0
168 114 0
169 114 0
170 114 0
171 114 0
172 114 0
173 114 0
174 114 0
175 114 0
176 114 0
177 114 0
178 114 0
179 114 0
180 114 0
181 114 0
182 114 0
183 114 0
184 114 0
185 114 0
186 114 0
187 114 0
188 114 0
189 114 0
190 114 0
191 114 0
192 114 0
193 114 0
194 114 0
195 114 0
198 114 0
124 115 0
157 115 0
163 115 0
164 115 0
166 115 0
167 115 0
168 115 0
169 115 0
171 115 0
172 115 0
173 115 0
174 115 0
179 115 0
180 115 0
181 115 0
182 115 0
183 115 0
184 115 0
185 115 0
186 115 0
187 115 0
188 115 0
189 115 0
190 115 0
191 115 0
192 115 0
193 115 0
194 115 0
195 115 0
196 115 0
197 115 0
124 116 0
162 116 0
163 116 0
164 116 0
166 116 0
167 116 0
168 116 0
169 116 0
174 116 0
175 116 0
178 116 0
179 116 0
180 116 0
181 116 0
182 116 0
183 116 0
184 116 0
185 116 0
186 116 0
187 116 0
188 116 0
189 116 0
190 116 0
191 116 0
192 116 0
193 116 0
194 116 0
195 116 0
196 116 0
197 116 0
125 117 0
156 117 0
161 117 0
162 117 0
163 117 0
164 117 0
166 117 0
167 117 0
169 117 0
172 117 0
173 117 0
174 117 0
175 117 0
182 117 0
183 117 0
184 117 0
185 117 0
186 117 0
187 117 0
188 117 0
189 117 0
190 117 0
191 117 0
192 117 0
193 117 0
194 117 0
195 117 0
196 117 0
123 118 0
124 118 0
156 118 0
157 118 0
160 118 0
161 118 0
162 118 0
163 118 0
164 118 0
166 118 0
167 118 0
168 118 0
169 118 0
172 118 0
173 118 0
182 118 0
183 118 0
184 118 0
185 118 0
186 118 0
187 118 0
188 118 0
189 118 0
190 118 0
191 118 0
192 118 0
193 118 0
194 118 0
195 118 0
124 119 0
160 119 0
161 119 0
162 119 0
163 119 0
166 119 0
167 119 0
168 119 0
171 119 0
172 119 0
183 119 0
184 119 0
185 119 0
186 119 0
187 119 0
188 119 0
189 119 0
190 119 0
191 119 0
192 119 0
194 119 0
195 119 0
155 120 0
157 120 0
160 120 0
161 120 0
162 120 0
163 120 0
165 120 0
166 120 0
167 120 0
169 120 0
174 120 0
184 120 0
185 120 0
186 120 0
187 120 0
188 120 0
189 120 0
190 120 0
124 121 0
156 121 0
159 121 0
160 121 0
161 121 0
165 121 0
166 121 0
167 121 0
168 121 0
170 121 0
180 121 0
184 121 0
186 121 0
191 121 0
123 122 0
124 122 0
131 122 0
158 122 0
159 122 0
160 122 0
162 122 0
165 122 0
166 122 0
167 122 0
170 122 0
171 122 0
172 122 0
173 122 0
175 122 0
185 122 0
186 122 0
188 122 0
195 122 0
196 122 0
123 123 0
124 123 0
131 123 0
132 123 0
144 123 0
157 123 0
158 123 0
159 123 0
160 123 0
164 123 0
165 123 0
166 123 0
167 123 0
168 123 0
169 123 0
171 123 0
172 123 0
173 123 0
182 123 0
183 123 0
185 123 0
187 123 0
189 123 0
122 124 0
123 124 0
124 124 0
131 124 0
143 124 0
144 124 0
156 124 0
157 124 0
158 124 0
159 124 0
164 124 0
165 124 0
166 124 0
167 124 0
168 124 0
169 124 0
170 124 0
171 124 0
172 124 0
184 124 0
185 124 0
186 124 0
187 124 0
192 124 0
193 124 0
194 124 0
32 125 0
33 125 0
114 125 0
115 125 0
122 125 0
123 125 0
124 125 0
131 125 0
143 125 0
144 125 0
156 125 0
157 125 0
158 125 0
159 125 0
164 125 0
165 125 0
166 125 0
167 125 0
168 125 0
169 125 0
174 125 0
186 125 0
187 125 0
188 125 0
189 125 0
30 126 0
31 126 0
32 126 0
33 126 0
34 126 0
122 126 0
123 126 0
124 126 0
143 126 0
144 126 0
156 126 0
157 126 0
158 126 0
164 126 0
165 126 0
166 126 0
167 126 0
169 126 0
31 127 0
32 127 0
33 127 0
116 127 0
122 127 0
123 127 0
143 127 0
155 127 0
156 127 0
157 127 0
158 127 0
163 127 0
164 127 0
165 127 0
166 127 0
167 127 0
183 127 0
189 127 0
32 128 0
33 128 0
34 128 0
35 128 0
36 128 0
39 128 0
40 128 0
122 128 0
123 128 0
130 128 0
154 128 0
155 128 0
156 128 0
157 128 0
163 128 0
164 128 0
165 128 0
166 128 0
183 128 0
32 129 0
33 129 0
34 129 0
35 129 0
36 129 0
38 129 0
39 129 0
40 129 0
41 129 0
42 129 0
43 129 0
44 129 0
45 129 0
46 129 0
47 129 0
49 129 0
122 129 0
123 129 0
154 129 0
155 129 0
156 129 0
163 129 0
164 129 0
165 129 0
166 129 0
167 129 0
182 129 0
192 129 0
33 130 0
34 130 0
36 130 0
37 130 0
39 130 0
40 130 0
41 130 0
42 130 0
43 130 0
44 130 0
45 130 0
46 130 0
47 130 0
48 130 0
49 130 0
51 130 0
52 130 0
53 130 0
66 130 0
67 130 0
123 130 0
124 130 0
125 130 0
152 130 0
153 130 0
154 130 0
155 130 0
156 130 0
157 130 0
164 130 0
167 130 0
168 130 0
169 130 0
42 131 0
43 131 0
44 131 0
45 131 0
47 131 0
48 131 0
49 131 0
50 131 0
51 131 0
52 131 0
53 131 0
54 131 0
55 131 0
56 131 0
57 131 0
58 131 0
59 131 0
60 131 0
62 131 0
66 131 0
67 131 0
68 131 0
70 131 0
71 131 0
72 131 0
73 131 0
74 131 0
75 131 0
130 131 0
152 131 0
153 131 0
154 131 0
155 131 0
159 131 0
169 131 0
170 131 0
171 131 0
172 131 0
173 131 0
185 131 0
186 131 0
36 132 0
50 132 0
51 132 0
53 132 0
54 132 0
55 132 0
56 132 0
57 132 0
58 132 0
59 132 0
60 132 0
61 132 0
62 132 0
63 132 0
64 132 0
66 132 0
67 132 0
68 132 0
69 132 0
70 132 0
71 132 0
72 132 0
73 132 0
74 132 0
75 132 0
76 132 0
78 132 0
79 132 0
80 132 0
81 132 0
82 132 0
83 132 0
84 132 0
85 132 0
86 132 0
121 132 0
122 132 0
129 132 0
152 132 0
153 132 0
154 132 0
169 132 0
170 132 0
171 132 0
172 132 0
173 132 0
177 132 0
180 132 0
185 132 0
186 132 0
59 133 0
60 133 0
62 133 0
63 133 0
65 133 0
66 133 0
67 133 0
68 133 0
69 133 0
70 133 0
71 133 0
75 133 0
76 133 0
77 133 0
78 133 0
79 133 0
81 133 0
82 133 0
83 133 0
84 133 0
85 133 0
86 133 0
87 133 0
122 133 0
123 133 0
129 133 0
130 133 0
152 133 0
153 133 0
154 133 0
169 133 0
170 133 0
171 133 0
172 133 0
173 133 0
185 133 0
66 134 0
67 134 0
68 134 0
69 134 0
70 134 0
71 134 0
77 134 0
82 134 0
83 134 0
85 134 0
86 134 0
87 134 0
90 134 0
116 134 0
120 134 0
121 134 0
122 134 0
129 134 0
130 134 0
151 134 0
152 134 0
154 134 0
165 134 0
166 134 0
167 134 0
168 134 0
169 134 0
170 134 0
171 134 0
172 134 0
173 134 0
67 135 0
68 135 0
69 135 0
71 135 0
72 135 0
73 135 0
74 135 0
75 135 0
76 135 0
77 135 0
78 135 0
80 135 0
81 135 0
82 135 0
84 135 0
85 135 0
86 135 0
87 135 0
88 135 0
120 135 0
121 135 0
122 135 0
129 135 0
151 135 0
152 135 0
153 135 0
165 135 0
166 135 0
167 135 0
168 135 0
169 135 0
175 135 0
68 136 0
72 136 0
75 136 0
76 136 0
77 136 0
81 136 0
82 136 0
83 136 0
85 136 0
86 136 0
87 136 0
104 136 0
118 136 0
120 136 0
121 136 0
122 136 0
124 136 0
125 136 0
126 136 0
128 136 0
129 136 0
142 136 0
148 136 0
150 136 0
151 136 0
152 136 0
153 136 0
154 136 0
166 136 0
167 136 0
168 136 0
169 136 0
170 136 0
171 136 0
172 136 0
173 136 0
76 137 0
82 137 0
83 137 0
85 137 0
86 137 0
87 137 0
90 137 0
113 137 0
120 137 0
121 137 0
122 137 0
123 137 0
124 137 0
125 137 0
126 137 0
127 137 0
128 137 0
129 137 0
130 137 0
131 137 0
136 137 0
137 137 0
144 137 0
148 137 0
150 137 0
151 137 0
152 137 0
154 137 0
166 137 0
167 137 0
168 137 0
169 137 0
170 137 0
172 137 0
82 138 0
84 138 0
86 138 0
91 138 0
101 138 0
120 138 0
121 138 0
122 138 0
123 138 0
127 138 0
128 138 0
129 138 0
130 138 0
131 138 0
132 138 0
133 138 0
134 138 0
135 138 0
136 138 0
137 138 0
138 138 0
139 138 0
143 138 0
144 138 0
145 138 0
148 138 0
149 138 0
150 138 0
151 138 0
152 138 0
153 138 0
154 138 0
166 138 0
167 138 0
171 138 0
172 138 0
173 138 0
184 138 0
87 139 0
88 139 0
106 139 0
120 139 0
121 139 0
122 139 0
123 139 0
125 139 0
126 139 0
127 139 0
128 139 0
129 139 0
130 139 0
131 139 0
132 139 0
133 139 0
134 139 0
135 139 0
136 139 0
137 139 0
138 139 0
139 139 0
140 139 0
141 139 0
142 139 0
143 139 0
144 139 0
145 139 0
146 139 0
147 139 0
148 139 0
149 139 0
150 139 0
151 139 0
152 139 0
153 139 0
154 139 0
160 139 0
167 139 0
168 139 0
171 139 0
120 140 0
121 140 0
122 140 0
123 140 0
124 140 0
125 140 0
126 140 0
127 140 0
128 140 0
129 140 0
130 140 0
131 140 0
135 140 0
136 140 0
139 140 0
140 140 0
141 140 0
142 140 0
143 140 0
144 140 0
145 140 0
146 140 0
147 140 0
148 140 0
149 140 0
150 140 0
151 140 0
152 140 0
153 140 0
154 140 0
161 140 0
167 140 0
168 140 0
171 140 0
174 140 0
181 140 0
121 141 0
122 141 0
123 141 0
124 141 0
125 141 0
126 141 0
127 141 0
128 141 0
129 141 0
130 141 0
131 141 0
134 141 0
136 141 0
137 141 0
138 141 0
139 141 0
140 141 0
141 141 0
142 141 0
143 141 0
144 141 0
145 141 0
146 141 0
147 141 0
148 141 0
152 141 0
153 141 0
154 141 0
155 141 0
156 141 0
157 141 0
162 141 0
171 141 0
172 141 0
173 141 0
174 141 0
178 141 0
125 142 0
126 142 0
127 142 0
128 142 0
129 142 0
134 142 0
135 142 0
136 142 0
138 142 0
139 142 0
140 142 0
141 142 0
142 142 0
143 142 0
144 142 0
145 142 0
146 142 0
148 142 0
149 142 0
151 142 0
155 142 0
156 142 0
157 142 0
158 142 0
159 142 0
160 142 0
170 142 0
171 142 0
172 142 0
173 142 0
52 143 0
54 143 0
127 143 0
128 143 0
134 143 0
135 143 0
136 143 0
137 143 0
138 143 0
139 143 0
140 143 0
141 143 0
142 143 0
143 143 0
144 143 0
145 143 0
146 143 0
150 143 0
151 143 0
152 143 0
156 143 0
157 143 0
158 143 0
159 143 0
160 143 0
163 143 0
172 143 0
173 143 0
184 143 0
54 144 0
56 144 0
57 144 0
134 144 0
135 144 0
136 144 0
137 144 0
138 144 0
139 144 0
140 144 0
141 144 0
142 144 0
143 144 0
144 144 0
146 144 0
147 144 0
148 144 0
150 144 0
151 144 0
157 144 0
158 144 0
159 144 0
160 144 0
162 144 0
163 144 0
171 144 0
172 144 0
173 144 0
177 144 0
54 145 0
55 145 0
135 145 0
136 145 0
137 145 0
138 145 0
139 145 0
140 145 0
141 145 0
142 145 0
143 145 0
144 145 0
145 145 0
146 145 0
147 145 0
148 145 0
150 145 0
153 145 0
154 145 0
158 145 0
159 145 0
160 145 0
161 145 0
162 145 0
163 145 0
164 145 0
165 145 0
166 145 0
167 145 0
168 145 0
171 145 0
172 145 0
173 145 0
52 146 0
54 146 0
55 146 0
57 146 0
136 146 0
137 146 0
138 146 0
139 146 0
141 146 0
142 146 0
143 146 0
146 146 0
148 146 0
150 146 0
153 146 0
154 146 0
158 146 0
159 146 0
160 146 0
161 146 0
162 146 0
163 146 0
164 146 0
165 146 0
166 146 0
167 146 0
168 146 0
169 146 0
170 146 0
171 146 0
172 146 0
173 146 0
52 147 0
54 147 0
56 147 0
57 147 0
58 147 0
64 147 0
68 147 0
78 147 0
161 147 0
162 147 0
163 147 0
164 147 0
165 147 0
166 147 0
167 147 0
168 147 0
169 147 0
170 147 0
171 147 0
172 147 0
173 147 0
174 147 0
175 147 0
178 147 0
49 148 0
50 148 0
57 148 0
58 148 0
66 148 0
67 148 0
79 148 0
81 148 0
95 148 0
101 148 0
163 148 0
164 148 0
165 148 0
166 148 0
167 148 0
168 148 0
169 148 0
170 148 0
171 148 0
172 148 0
173 148 0
174 148 0
175 148 0
178 148 0
57 149 0
58 149 0
68 149 0
75 149 0
95 149 0
100 149 0
101 149 0
109 149 0
139 149 0
165 149 0
166 149 0
167 149 0
168 149 0
169 149 0
170 149 0
171 149 0
172 149 0
173 149 0
174 149 0
175 149 0
176 149 0
177 149 0
178 149 0
181 149 0
105 150 0
114 150 0
120 150 0
121 150 0
132 150 0
133 150 0
134 150 0
142 150 0
143 150 0
144 150 0
145 150 0
165 150 0
166 150 0
168 150 0
169 150 0
170 150 0
171 150 0
172 150 0
173 150 0
174 150 0
175 150 0
176 150 0
177 150 0
178 150 0
179 150 0
180 150 0
181 150 0
190 150 0
133 151 0
134 151 0
135 151 0
137 151 0
143 151 0
144 151 0
145 151 0
146 151 0
165 151 0
171 151 0
172 151 0
173 151 0
174 151 0
175 151 0
176 151 0
178 151 0
179 151 0
180 151 0
181 151 0
182 151 0
183 151 0
184 151 0
189 151 0
190 151 0
56 152 0
140 152 0
141 152 0
142 152 0
145 152 0
146 152 0
147 152 0
148 152 0
165 152 0
166 152 0
172 152 0
173 152 0
174 152 0
175 152 0
176 152 0
177 152 0
178 152 0
179 152 0
180 152 0
181 152 0
182 152 0
183 152 0
184 152 0
185 152 0
186 152 0
188 152 0
193 152 0
194 152 0
81 153 0
142 153 0
143 153 0
144 153 0
145 153 0
146 153 0
147 153 0
148 153 0
149 153 0
150 153 0
165 153 0
176 153 0
177 153 0
178 153 0
179 153 0
180 153 0
181 153 0
182 153 0
183 153 0
184 153 0
185 153 0
186 153 0
187 153 0
188 153 0
54 154 0
149 154 0
150 154 0
151 154 0
152 154 0
153 154 0
165 154 0
179 154 0
180 154 0
181 154 0
182 154 0
183 154 0
184 154 0
187 154 0
188 154 0
189 154 0
190 154 0
191 154 0
192 154 0
193 154 0
152 155 0
153 155 0
154 155 0
155 155 0
156 155 0
165 155 0
181 155 0
182 155 0
183 155 0
184 155 0
185 155 0
186 155 0
187 155 0
188 155 0
189 155 0
190 155 0
191 155 0
192 155 0
193 155 0
155 156 0
156 156 0
157 156 0
158 156 0
166 156 0
184 156 0
185 156 0
186 156 0
187 156 0
188 156 0
189 156 0
193 156 0
194 156 0
195 156 0
63 157 0
70 157 0
72 157 0
84 157 0
158 157 0
159 157 0
160 157 0
165 157 0
166 157 0
168 157 0
187 157 0
188 157 0
189 157 0
190 157 0
191 157 0
196 157 0
197 157 0
144 158 0
154 158 0
161 158 0
162 158 0
168 158 0
189 158 0
190 158 0
191 158 0
192 158 0
193 158 0
124 159 0
148 159 0
149 159 0
150 159 0
151 159 0
152 159 0
160 159 0
161 159 0
162 159 0
163 159 0
164 159 0
166 159 0
167 159 0
192 159 0
193 159 0
194 159 0
195 159 0
196 159 0
74 160 0
136 160 0
149 160 0
150 160 0
151 160 0
152 160 0
153 160 0
154 160 0
155 160 0
156 160 0
161 160 0
163 160 0
164 160 0
165 160 0
166 160 0
167 160 0
195 160 0
196 160 0
197 160 0
131 161 0
138 161 0
145 161 0
152 161 0
153 161 0
154 161 0
155 161 0
156 161 0
157 161 0
158 161 0
159 161 0
160 161 0
163 161 0
164 161 0
165 161 0
166 161 0
167 161 0
168 161 0
132 162 0
140 162 0
142 162 0
143 162 0
144 162 0
145 162 0
153 162 0
154 162 0
155 162 0
156 162 0
157 162 0
158 162 0
159 162 0
160 162 0
161 162 0
165 162 0
166 162 0
167 162 0
168 162 0
169 162 0
170 162 0
171 162 0
173 162 0
187 162 0
188 162 0
142 163 0
144 163 0
149 163 0
158 163 0
159 163 0
160 163 0
161 163 0
163 163 0
164 163 0
165 163 0
170 163 0
171 163 0
172 163 0
173 163 0
174 163 0
142 164 0
151 164 0
160 164 0
161 164 0
164 164 0
165 164 0
166 164 0
167 164 0
168 164 0
171 164 0
172 164 0
173 164 0
174 164 0
175 164 0
176 164 0
178 164 0
144 165 0
151 165 0
164 165 0
165 165 0
166 165 0
167 165 0
168 165 0
169 165 0
170 165 0
171 165 0
172 165 0
173 165 0
174 165 0
175 165 0
176 165 0
177 165 0
178 165 0
179 165 0
180 165 0
181 165 0
143 166 0
144 166 0
167 166 0
168 166 0
169 166 0
170 166 0
171 166 0
179 166 0
180 166 0
181 166 0
145 167 0
148 167 0
168 167 0
169 167 0
180 167 0
181 167 0
182 167 0
183 167 0
184 167 0
183 168 0
184 168 0
185 168 0
186 168 0
150 169 0
156 169 0
186 169 0
187 169 0
188 169 0
167 170 0
187 170 0
188 170 0
189 170 0
190 170 0
189 171 0
191 171 0
192 171 0
193 171 0
192 172 0
193 172 0
194 172 0
196 173 0
171 174 0
170 175 0
181 175 0
163 176 0
191 16 1
189 20 1
190 20 1
191 20 1
192 20 1
188 21 1
189 21 1
190 21 1
191 21 1
187 22 1
188 22 1
189 22 1
190 22 1
191 22 1
187 23 1
188 23 1
189 23 1
190 23 1
191 23 1
192 23 1
187 24 1
188 24 1
189 24 1
190 24 1
191 24 1
192 24 1
186 25 1
187 25 1
188 25 1
189 25 1
190 25 1
191 25 1
192 25 1
177 26 1
185 26 1
186 26 1
187 26 1
188 26 1
189 26 1
190 26 1
191 26 1
192 26 1
185 27 1
186 27 1
187 27 1
188 27 1
189 27 1
190 27 1
191 27 1
192 27 1
183 28 1
185 28 1
186 28 1
187 28 1
188 28 1
189 28 1
190 28 1
191 28 1
185 29 1
186 29 1
187 29 1
188 29 1
189 29 1
190 29 1
191 29 1
184 30 1
185 30 1
186 30 1
187 30 1
188 30 1
189 30 1
190 30 1
191 30 1
192 30 1
184 31 1
185 31 1
186 31 1
187 31 1
188 31 1
189 31 1
190 31 1
191 31 1
192 31 1
184 32 1
185 32 1
186 32 1
187 32 1
188 32 1
189 32 1
190 32 1
191 32 1
192 32 1
184 33 1
185 33 1
186 33 1
187 33 1
188 33 1
189 33 1
190 33 1
191 33 1
192 33 1
184 34 1
185 34 1
186 34 1
187 34 1
188 34 1
189 34 1
190 34 1
191 34 1
192 34 1
184 35 1
185 35 1
186 35 1
187 35 1
188 35 1
189 35 1
190 35 1
191 35 1
192 35 1
184 36 1
185 36 1
186 36 1
187 36 1
188 36 1
189 36 1
190 36 1
191 36 1
192 36 1
185 37 1
186 37 1
187 37 1
188 37 1
189 37 1
190 37 1
191 37 1
192 37 1
185 38 1
186 38 1
187 38 1
188 38 1
189 38 1
190 38 1
191 38 1
192 38 1
186 39 1
187 39 1
188 39 1
189 39 1
190 39 1
191 39 1
192 39 1
185 40 1
186 40 1
187 40 1
188 40 1
189 40 1
190 40 1
191 40 1
192 40 1
185 41 1
186 41 1
187 41 1
188 41 1
189 41 1
190 41 1
191 41 1
192 41 1
186 42 1
187 42 1
188 42 1
189 42 1
190 42 1
191 42 1
192 42 1
186 43 1
187 43 1
188 43 1
189 43 1
190 43 1
191 43 1
192 43 1
187 44 1
188 44 1
189 44 1
190 44 1
191 44 1
179 45 1
187 45 1
188 45 1
189 45 1
190 45 1
191 45 1
187 46 1
188 46 1
189 46 1
190 46 1
191 46 1
188 47 1
189 47 1
190 47 1
191 47 1
192 47 1
169 48 1
189 48 1
190 48 1
191 48 1
192 48 1
189 49 1
190 49 1
191 49 1
191 50 1
190 51 1
191 51 1
184 52 1
185 52 1
190 52 1
191 52 1
189 53 1
190 53 1
191 53 1
192 53 1
188 54 1
189 54 1
190 54 1
191 54 1
192 54 1
188 55 1
189 55 1
190 55 1
191 55 1
188 56 1
189 56 1
190 56 1
191 56 1
187 57 1
188 57 1
189 57 1
190 57 1
188 58 1
189 58 1
190 58 1
6 119 1
3 122 1
4 122 1
3 123 1
4 123 1
5 123 1
6 123 1
7 123 1
8 123 1
9 123 1
10 123 1
11 123 1
2 124 1
3 124 1
4 124 1
5 124 1
6 124 1
7 124 1
8 124 1
9 124 1
10 124 1
11 124 1
12 124 1
13 124 1
14 124 1
15 124 1
2 125 1
3 125 1
4 125 1
5 125 1
6 125 1
7 125 1
8 125 1
9 125 1
10 125 1
11 125 1
12 125 1
13 125 1
14 125 1
15 125 1
16 125 1
17 125 1
18 125 1
19 125 1
2 126 1
3 126 1
4 126 1
5 126 1
6 126 1
7 126 1
8 126 1
9 126 1
10 126 1
11 126 1
12 126 1
13 126 1
14 126 1
15 126 1
16 126 1
17 126 1
18 126 1
19 126 1
20 126 1
21 126 1
2 127 1
3 127 1
4 127 1
5 127 1
6 127 1
7 127 1
8 127 1
9 127 1
10 127 1
11 127 1
12 127 1
13 127 1
14 127 1
15 127 1
16 127 1
17 127 1
18 127 1
19 127 1
20 127 1
21 127 1
2 128 1
3 128 1
4 128 1
5 128 1
6 128 1
7 128 1
8 128 1
9 128 1
10 128 1
11 128 1
12 128 1
13 128 1
14 128 1
15 128 1
16 128 1
17 128 1
18 128 1
19 128 1
20 128 1
21 128 1
22 128 1
2 129 1
3 129 1
4 129 1
5 129 1
6 129 1
7 129 1
8 129 1
9 129 1
10 129 1
12 129 1
13 129 1
14 129 1
15 129 1
16 129 1
17 129 1
18 129 1
19 129 1
20 129 1
21 129 1
2 130 1
3 130 1
4 130 1
6 130 1
7 130 1
8 130 1
9 130 1
10 130 1
13 130 1
14 130 1
15 130 1
16 130 1
17 130 1
18 130 1
19 130 1
21 130 1
22 130 1
4 131 1
5 131 1
6 131 1
7 131 1
8 131 1
9 131 1
10 131 1
15 131 1
16 131 1
17 131 1
18 131 1
2 132 1
6 132 1
7 132 1
9 132 1
10 132 1
11 132 1
12 132 1
14 132 1
15 132 1
16 132 1
19 132 1
20 132 1
21 132 1
2 133 1
3 133 1
17 133 1
18 133 1
21 133 1
5 134 1
6 134 1
7 134 1
9 134 1
3 136 1
9 136 1
10 136 1
11 136 1
16 136 1
17 136 1
3 137 1
2 138 1
3 138 1
4 138 1
5 138 1
6 138 1
14 138 1
21 138 1
1 139 1
2 139 1
3 139 1
4 139 1
5 139 1
6 139 1
7 139 1
12 139 1
13 139 1
1 140 1
2 140 1
3 140 1
4 140 1
5 140 1
6 140 1
7 140 1
8 140 1
9 140 1
11 140 1
12 140 1
13 140 1
2 141 1
3 141 1
4 141 1
5 141 1
6 141 1
7 141 1
8 141 1
9 141 1
10 141 1
11 141 1
12 141 1
13 141 1
14 141 1
15 141 1
16 141 1
17 141 1
18 141 1
1 142 1
2 142 1
3 142 1
4 142 1
5 142 1
6 142 1
7 142 1
8 142 1
9 142 1
10 142 1
11 142 1
12 142 1
13 142 1
14 142 1
15 142 1
16 142 1
17 142 1
18 142 1
19 142 1
2 143 1
3 143 1
4 143 1
5 143 1
6 143 1
7 143 1
8 143 1
9 143 1
10 143 1
11 143 1
12 143 1
13 143 1
14 143 1
15 143 1
16 143 1
17 143 1
18 143 1
19 143 1
20 143 1
21 143 1
2 144 1
3 144 1
4 144 1
5 144 1
6 144 1
7 144 1
8 144 1
9 144 1
10 144 1
11 144 1
12 144 1
13 144 1
14 144 1
15 144 1
16 144 1
17 144 1
18 144 1
19 144 1
20 144 1
24 144 1
1 145 1
2 145 1
3 145 1
4 145 1
5 145 1
6 145 1
7 145 1
8 145 1
9 145 1
10 145 1
11 145 1
12 145 1
13 145 1
14 145 1
15 145 1
16 145 1
17 145 1
18 145 1
19 145 1
20 145 1
1 146 1
2 146 1
3 146 1
4 146 1
5 146 1
6 146 1
7 146 1
8 146 1
9 146 1
10 146 1
11 146 1
12 146 1
13 146 1
14 146 1
15 146 1
16 146 1
17 146 1
18 146 1
19 146 1
20 146 1
1 147 1
2 147 1
3 147 1
4 147 1
5 147 1
6 147 1
7 147 1
8 147 1
9 147 1
10 147 1
11 147 1
12 147 1
13 147 1
14 147 1
16 147 1
17 147 1
18 147 1
19 147 1
20 147 1
30 147 1
31 147 1
32 147 1
33 147 1
36 147 1
38 147 1
40 147 1
41 147 1
1 148 1
2 148 1
3 148 1
4 148 1
5 148 1
6 148 1
7 148 1
8 148 1
9 148 1
10 148 1
11 148 1
12 148 1
13 148 1
14 148 1
15 148 1
16 148 1
17 148 1
18 148 1
19 148 1
20 148 1
21 148 1
24 148 1
29 148 1
30 148 1
31 148 1
32 148 1
33 148 1
34 148 1
35 148 1
36 148 1
37 148 1
38 148 1
1 149 1
2 149 1
3 149 1
4 149 1
5 149 1
6 149 1
7 149 1
8 149 1
9 149 1
10 149 1
11 149 1
12 149 1
13 149 1
14 149 1
15 149 1
16 149 1
17 149 1
18 149 1
19 149 1
20 149 1
21 149 1
23 149 1
24 149 1
25 149 1
26 149 1
27 149 1
28 149 1
29 149 1
30 149 1
31 149 1
32 149 1
33 149 1
34 149 1
35 149 1
36 149 1
37 149 1
38 149 1
40 149 1
1 150 1
2 150 1
3 150 1
4 150 1
5 150 1
6 150 1
7 150 1
8 150 1
9 150 1
10 150 1
11 150 1
12 150 1
13 150 1
14 150 1
15 150 1
16 150 1
17 150 1
18 150 1
19 150 1
20 150 1
21 150 1
27 150 1
28 150 1
29 150 1
30 150 1
31 150 1
32 150 1
33 150 1
34 150 1
35 150 1
36 150 1
37 150 1
38 150 1
1 151 1
2 151 1
3 151 1
4 151 1
5 151 1
6 151 1
7 151 1
8 151 1
9 151 1
10 151 1
11 151 1
12 151 1
13 151 1
14 151 1
15 151 1
16 151 1
17 151 1
18 151 1
19 151 1
20 151 1
21 151 1
23 151 1
24 151 1
29 151 1
30 151 1
31 151 1
32 151 1
33 151 1
34 151 1
35 151 1
1 152 1
2 152 1
3 152 1
4 152 1
5 152 1
6 152 1
7 152 1
8 152 1
9 152 1
10 152 1
11 152 1
12 152 1
13 152 1
14 152 1
15 152 1
16 152 1
17 152 1
18 152 1
19 152 1
20 152 1
21 152 1
2 153 1
3 153 1
4 153 1
5 153 1
6 153 1
7 153 1
8 153 1
9 153 1
10 153 1
11 153 1
12 153 1
13 153 1
14 153 1
16 153 1
17 153 1
18 153 1
19 153 1
20 153 1
21 153 1
30 153 1
1 154 1
2 154 1
3 154 1
4 154 1
5 154 1
6 154 1
7 154 1
8 154 1
9 154 1
10 154 1
11 154 1
12 154 1
13 154 1
14 154 1
15 154 1
16 154 1
17 154 1
18 154 1
19 154 1
20 154 1
21 154 1
29 154 1
34 154 1
35 154 1
2 155 1
3 155 1
4 155 1
5 155 1
6 155 1
7 155 1
8 155 1
9 155 1
10 155 1
11 155 1
12 155 1
13 155 1
14 155 1
15 155 1
16 155 1
17 155 1
18 155 1
19 155 1
20 155 1
1 156 1
2 156 1
3 156 1
4 156 1
5 156 1
6 156 1
7 156 1
8 156 1
9 156 1
10 156 1
11 156 1
12 156 1
13 156 1
14 156 1
15 156 1
16 156 1
17 156 1
18 156 1
19 156 1
20 156 1
21 156 1
30 156 1
33 156 1
2 157 1
3 157 1
4 157 1
5 157 1
6 157 1
7 157 1
8 157 1
9 157 1
10 157 1
11 157 1
12 157 1
13 157 1
14 157 1
15 157 1
16 157 1
17 157 1
18 157 1
19 157 1
20 157 1
21 157 1
1 158 1
2 158 1
3 158 1
4 158 1
5 158 1
6 158 1
7 158 1
8 158 1
9 158 1
10 158 1
11 158 1
12 158 1
13 158 1
14 158 1
15 158 1
16 158 1
17 158 1
18 158 1
19 158 1
20 158 1
31 158 1
32 158 1
2 159 1
3 159 1
4 159 1
5 159 1
6 159 1
7 159 1
8 159 1
9 159 1
10 159 1
11 159 1
12 159 1
13 159 1
14 159 1
15 159 1
16 159 1
17 159 1
18 159 1
19 159 1
20 159 1
31 159 1
39 159 1
1 160 1
2 160 1
3 160 1
4 160 1
5 160 1
6 160 1
7 160 1
8 160 1
9 160 1
10 160 1
11 160 1
12 160 1
13 160 1
14 160 1
15 160 1
16 160 1
17 160 1
18 160 1
19 160 1
20 160 1
21 160 1
1 161 1
2 161 1
3 161 1
4 161 1
5 161 1
6 161 1
7 161 1
8 161 1
9 161 1
10 161 1
11 161 1
12 161 1
13 161 1
14 161 1
15 161 1
16 161 1
17 161 1
18 161 1
19 161 1
20 161 1
21 161 1
1 162 1
2 162 1
3 162 1
4 162 1
5 162 1
6 162 1
7 162 1
8 162 1
9 162 1
10 162 1
11 162 1
12 162 1
13 162 1
14 162 1
15 162 1
16 162 1
18 162 1
19 162 1
20 162 1
21 162 1
22 162 1
28 162 1
1 163 1
2 163 1
3 163 1
4 163 1
5 163 1
6 163 1
7 163 1
8 163 1
9 163 1
10 163 1
11 163 1
12 163 1
13 163 1
14 163 1
15 163 1
16 163 1
17 163 1
18 163 1
19 163 1
20 163 1
21 163 1
22 163 1
29 163 1
30 163 1
1 164 1
2 164 1
3 164 1
4 164 1
5 164 1
6 164 1
7 164 1
8 164 1
9 164 1
10 164 1
12 164 1
13 164 1
14 164 1
15 164 1
16 164 1
17 164 1
18 164 1
19 164 1
20 164 1
21 164 1
27 164 1
30 164 1
1 165 1
2 165 1
3 165 1
4 165 1
5 165 1
6 165 1
7 165 1
8 165 1
9 165 1
10 165 1
11 165 1
12 165 1
13 165 1
14 165 1
15 165 1
16 165 1
17 165 1
18 165 1
19 165 1
20 165 1
21 165 1
36 165 1
37 165 1
1 166 1
2 166 1
3 166 1
4 166 1
5 166 1
6 166 1
7 166 1
8 166 1
9 166 1
10 166 1
11 166 1
12 166 1
13 166 1
14 166 1
15 166 1
16 166 1
17 166 1
18 166 1
19 166 1
20 166 1
21 166 1
36 166 1
2 167 1
3 167 1
4 167 1
5 167 1
6 167 1
7 167 1
8 167 1
9 167 1
10 167 1
11 167 1
12 167 1
13 167 1
14 167 1
15 167 1
16 167 1
17 167 1
18 167 1
19 167 1
20 167 1
38 167 1
1 168 1
2 168 1
3 168 1
4 168 1
5 168 1
6 168 1
7 168 1
8 168 1
9 168 1
10 168 1
11 168 1
12 168 1
13 168 1
14 168 1
15 168 1
16 168 1
17 168 1
18 168 1
19 168 1
20 168 1
2 169 1
3 169 1
4 169 1
5 169 1
6 169 1
7 169 1
8 169 1
9 169 1
10 169 1
11 169 1
12 169 1
13 169 1
14 169 1
15 169 1
16 169 1
17 169 1
18 169 1
19 169 1
20 169 1
2 170 1
3 170 1
4 170 1
5 170 1
6 170 1
7 170 1
8 170 1
9 170 1
10 170 1
11 170 1
12 170 1
13 170 1
15 170 1
16 170 1
17 170 1
18 170 1
19 170 1
20 170 1
1 171 1
2 171 1
3 171 1
4 171 1
5 171 1
6 171 1
7 171 1
8 171 1
9 171 1
10 171 1
11 171 1
12 171 1
13 171 1
14 171 1
15 171 1
16 171 1
17 171 1
18 171 1
19 171 1
20 171 1
1 172 1
2 172 1
3 172 1
4 172 1
5 172 1
6 172 1
7 172 1
8 172 1
9 172 1
10 172 1
11 172 1
12 172 1
13 172 1
14 172 1
15 172 1
16 172 1
17 172 1
18 172 1
19 172 1
20 172 1
1 173 1
2 173 1
3 173 1
4 173 1
5 173 1
6 173 1
7 173 1
8 173 1
9 173 1
10 173 1
11 173 1
12 173 1
13 173 1
14 173 1
15 173 1
16 173 1
17 173 1
18 173 1
19 173 1
20 173 1
1 174 1
2 174 1
3 174 1
4 174 1
5 174 1
6 174 1
7 174 1
8 174 1
9 174 1
10 174 1
11 174 1
12 174 1
13 174 1
14 174 1
15 174 1
16 174 1
17 174 1
18 174 1
19 174 1
20 174 1
26 174 1
27 174 1
1 175 1
2 175 1
3 175 1
4 175 1
5 175 1
6 175 1
7 175 1
8 175 1
9 175 1
10 175 1
11 175 1
12 175 1
13 175 1
14 175 1
15 175 1
16 175 1
17 175 1
18 175 1
19 175 1
20 175 1
1 176 1
2 176 1
3 176 1
4 176 1
5 176 1
6 176 1
7 176 1
8 176 1
9 176 1
10 176 1
11 176 1
12 176 1
13 176 1
14 176 1
15 176 1
16 176 1
17 176 1
18 176 1
19 176 1
1 177 1
2 177 1
3 177 1
4 177 1
5 177 1
6 177 1
7 177 1
8 177 1
9 177 1
10 177 1
11 177 1
12 177 1
13 177 1
14 177 1
15 177 1
16 177 1
17 177 1
18 177 1
19 177 1
20 177 1
35 177 1
1 178 1
2 178 1
3 178 1
4 178 1
5 178 1
6 178 1
7 178 1
8 178 1
9 178 1
10 178 1
11 178 1
12 178 1
13 178 1
14 178 1
15 178 1
16 178 1
17 178 1
18 178 1
19 178 1
20 178 1
8 1 2
9 1 2
10 1 2
11 1 2
12 1 2
13 1 2
14 1 2
15 1 2
16 1 2
17 1 2
20 1 2
21 1 2
22 1 2
24 1 2
25 1 2
26 1 2
27 1 2
28 1 2
29 1 2
30 1 2
31 1 2
32 1 2
9 2 2
24 2 2
25 2 2
26 2 2
27 2 2
28 2 2
29 2 2
30 2 2
31 2 2
32 2 2
33 2 2
26 3 2
27 3 2
28 3 2
29 3 2
30 3 2
31 3 2
32 3 2
33 3 2
27 4 2
28 4 2
29 4 2
30 4 2
31 4 2
32 4 2
33 4 2
34 4 2
28 5 2
29 5 2
30 5 2
31 5 2
32 5 2
33 5 2
34 5 2
35 5 2
30 6 2
31 6 2
32 6 2
33 6 2
34 6 2
35 6 2
30 7 2
31 7 2
32 7 2
33 7 2
34 7 2
35 7 2
36 7 2
8 8 2
9 8 2
11 8 2
31 8 2
32 8 2
33 8 2
34 8 2
35 8 2
36 8 2
6 9 2
7 9 2
8 9 2
9 9 2
11 9 2
32 9 2
33 9 2
34 9 2
35 9 2
36 9 2
37 9 2
4 10 2
7 10 2
8 10 2
9 10 2
10 10 2
11 10 2
12 10 2
13 10 2
33 10 2
34 10 2
35 10 2
36 10 2
37 10 2
38 10 2
42 10 2
9 11 2
10 11 2
11 11 2
12 11 2
13 11 2
14 11 2
34 11 2
35 11 2
36 11 2
37 11 2
38 11 2
45 11 2
4 12 2
5 12 2
6 12 2
7 12 2
8 12 2
9 12 2
10 12 2
11 12 2
12 12 2
13 12 2
14 12 2
15 12 2
16 12 2
36 12 2
37 12 2
38 12 2
39 12 2
47 12 2
4 13 2
5 13 2
6 13 2
9 13 2
11 13 2
12 13 2
13 13 2
16 13 2
17 13 2
18 13 2
19 13 2
20 13 2
53 13 2
4 14 2
5 14 2
6 14 2
7 14 2
8 14 2
9 14 2
11 14 2
13 14 2
14 14 2
15 14 2
16 14 2
17 14 2
18 14 2
21 14 2
22 14 2
4 15 2
5 15 2
6 15 2
7 15 2
13 15 2
17 15 2
19 15 2
20 15 2
21 15 2
22 15 2
56 15 2
8 16 2
9 16 2
10 16 2
11 16 2
12 16 2
22 16 2
8 17 2
9 17 2
10 17 2
25 17 2
14 18 2
15 18 2
16 18 2
6 19 2
7 19 2
31 19 2
13 20 2
14 20 2
15 20 2
23 20 2
30 20 2
41 20 2
2 21 2
8 21 2
9 21 2
25 21 2
29 21 2
30 21 2
8 22 2
13 22 2
30 22 2
31 22 2
7 23 2
13 23 2
52 23 2
50 24 2
53 25 2
55 25 2
6 26 2
7 26 2
57 26 2
58 27 2
3 28 2
6 28 2
7 28 2
11 28 2
6 29 2
9 29 2
10 29 2
16 29 2
11 30 2
14 30 2
10 32 2
11 32 2
21 32 2
9 33 2
9 34 2
10 34 2
8 35 2
10 35 2
11 35 2
9 36 2
21 37 2
9 38 2
17 38 2
8 39 2
9 39 2
12 39 2
20 39 2
6 41 2
7 41 2
8 41 2
9 41 2
12 41 2
8 42 2
7 43 2
7 44 2
8 44 2
12 45 2
4 46 2
5 46 2
17 47 2
7 48 2
9 48 2
7 49 2
8 49 2
9 49 2
14 49 2
9 54 2
10 54 2
9 55 2
10 56 2
14 59 2
15 59 2
19 59 2
22 59 2
24 59 2
22 61 2
21 62 2
7 64 2
24 68 2
7 69 2
17 72 2
10 73 2
19 75 2
18 80 2
18 81 2
19 81 2
20 81 2
21 81 2
22 81 2
15 82 2
17 83 2
18 83 2
19 83 2
20 83 2
21 83 2
23 83 2
24 83 2
20 84 2
21 84 2
17 85 2
19 85 2
20 85 2
21 85 2
21 86 2
12 90 2
13 91 2
16 91 2
17 91 2
3 98 2
4 98 2
5 98 2
