77 21 0
77 23 0
109 25 0
110 25 0
113 25 0
114 25 0
53 26 0
60 26 0
85 26 0
86 26 0
109 26 0
110 26 0
112 26 0
113 26 0
114 26 0
52 27 0
108 27 0
109 27 0
112 27 0
113 27 0
114 27 0
56 28 0
108 28 0
109 28 0
111 28 0
112 28 0
113 28 0
60 29 0
61 29 0
63 29 0
108 29 0
109 29 0
112 29 0
113 29 0
59 30 0
60 30 0
89 30 0
96 30 0
107 30 0
108 30 0
112 30 0
113 30 0
59 31 0
60 31 0
62 31 0
63 31 0
71 31 0
72 31 0
73 31 0
74 31 0
108 31 0
109 31 0
111 31 0
112 31 0
58 32 0
59 32 0
60 32 0
61 32 0
70 32 0
72 32 0
73 32 0
75 32 0
76 32 0
108 32 0
109 32 0
111 32 0
71 33 0
72 33 0
78 33 0
79 33 0
107 33 0
108 33 0
111 33 0
71 34 0
72 34 0
73 34 0
74 34 0
77 34 0
78 34 0
79 34 0
107 34 0
108 34 0
109 34 0
110 34 0
111 34 0
78 35 0
79 35 0
103 35 0
106 35 0
107 35 0
108 35 0
109 35 0
110 35 0
111 35 0
78 36 0
107 36 0
110 36 0
111 36 0
81 37 0
82 37 0
83 37 0
85 37 0
88 37 0
83 38 0
84 38 0
85 38 0
88 38 0
96 38 0
97 38 0
98 38 0
100 38 0
83 39 0
84 39 0
85 39 0
86 39 0
87 39 0
88 39 0
92 39 0
95 39 0
96 39 0
97 39 0
98 39 0
99 39 0
100 39 0
101 39 0
83 40 0
84 40 0
85 40 0
86 40 0
91 40 0
95 40 0
96 40 0
97 40 0
98 40 0
99 40 0
100 40 0
101 40 0
83 41 0
84 41 0
85 41 0
93 41 0
94 41 0
95 41 0
96 41 0
100 41 0
101 41 0
95 42 0
96 42 0
97 42 0
101 42 0
100 43 0
101 43 0
102 43 0
103 43 0
124 43 0
125 43 0
102 44 0
103 44 0
110 44 0
106 45 0
108 46 0
111 47 0
112 47 0
143 47 0
113 48 0
114 48 0
145 48 0
117 49 0
124 49 0
118 50 0
119 50 0
123 50 0
119 51 0
120 51 0
124 51 0
118 52 0
119 52 0
120 52 0
122 52 0
123 52 0
131 52 0
132 52 0
118 53 0
119 53 0
120 53 0
121 53 0
127 53 0
128 53 0
129 53 0
133 53 0
134 53 0
150 53 0
129 54 0
130 54 0
131 54 0
135 54 0
136 54 0
133 55 0
137 55 0
140 55 0
132 56 0
133 56 0
134 56 0
135 56 0
137 56 0
132 57 0
133 57 0
136 57 0
166 57 0
169 57 0
132 58 0
133 58 0
134 58 0
141 58 0
164 58 0
167 58 0
168 58 0
169 58 0
143 59 0
144 59 0
163 59 0
164 59 0
168 59 0
145 60 0
146 60 0
147 60 0
149 60 0
164 60 0
144 61 0
145 61 0
148 61 0
149 61 0
153 61 0
154 61 0
156 61 0
157 61 0
144 62 0
145 62 0
154 62 0
155 62 0
156 62 0
157 62 0
155 63 0
178 63 0
182 63 0
178 64 0
179 64 0
174 65 0
175 65 0
151 66 0
152 66 0
154 66 0
155 66 0
159 66 0
160 66 0
164 66 0
165 66 0
169 66 0
170 66 0
171 66 0
174 66 0
175 66 0
151 67 0
152 67 0
153 67 0
154 67 0
155 67 0
158 67 0
159 67 0
160 67 0
161 67 0
163 67 0
164 67 0
165 67 0
166 67 0
169 67 0
151 68 0
158 68 0
159 68 0
160 68 0
163 68 0
164 68 0
165 68 0
168 68 0
169 68 0
151 69 0
153 69 0
154 69 0
156 69 0
158 69 0
159 69 0
160 69 0
163 69 0
164 69 0
165 69 0
168 69 0
169 69 0
153 70 0
154 70 0
157 70 0
158 70 0
159 70 0
160 70 0
163 70 0
164 70 0
165 70 0
168 70 0
169 70 0
170 70 0
150 71 0
151 71 0
153 71 0
154 71 0
158 71 0
159 71 0
160 71 0
163 71 0
164 71 0
165 71 0
168 71 0
169 71 0
151 72 0
153 72 0
154 72 0
155 72 0
157 72 0
158 72 0
159 72 0
162 72 0
163 72 0
165 72 0
168 72 0
186 72 0
150 73 0
152 73 0
153 73 0
154 73 0
155 73 0
157 73 0
158 73 0
159 73 0
163 73 0
164 73 0
167 73 0
168 73 0
180 73 0
181 73 0
186 73 0
187 73 0
193 73 0
157 74 0
158 74 0
159 74 0
177 74 0
178 74 0
179 74 0
180 74 0
181 74 0
189 74 0
192 74 0
171 75 0
192 75 0
193 75 0
177 76 0
179 76 0
193 76 0
184 77 0
195 78 0
190 80 0
177 81 0
178 81 0
185 81 0
186 81 0
159 83 0
166 83 0
171 83 0
172 83 0
173 83 0
177 84 0
178 84 0
161 85 0
186 85 0
134 86 0
142 86 0
143 86 0
169 86 0
173 86 0
181 86 0
186 86 0
187 86 0
133 87 0
134 87 0
142 87 0
143 87 0
144 87 0
150 87 0
151 87 0
152 87 0
153 87 0
156 87 0
157 87 0
158 87 0
196 87 0
135 88 0
137 88 0
138 88 0
139 88 0
141 88 0
145 88 0
146 88 0
147 88 0
150 88 0
151 88 0
152 88 0
153 88 0
156 88 0
157 88 0
158 88 0
197 88 0
140 89 0
144 89 0
149 89 0
150 89 0
151 89 0
152 89 0
153 89 0
154 89 0
155 89 0
156 89 0
157 89 0
158 89 0
181 89 0
195 89 0
197 89 0
198 89 0
145 90 0
146 90 0
150 90 0
151 90 0
152 90 0
153 90 0
154 90 0
155 90 0
156 90 0
157 90 0
181 90 0
198 90 0
98 91 0
152 91 0
153 91 0
154 91 0
155 91 0
156 91 0
158 91 0
159 91 0
165 91 0
75 92 0
76 92 0
80 92 0
94 92 0
152 92 0
153 92 0
154 92 0
155 92 0
156 92 0
157 92 0
160 92 0
169 92 0
173 92 0
181 92 0
185 92 0
74 93 0
75 93 0
79 93 0
80 93 0
90 93 0
95 93 0
106 93 0
157 93 0
158 93 0
159 93 0
160 93 0
161 93 0
162 93 0
172 93 0
175 93 0
182 93 0
186 93 0
192 93 0
74 94 0
75 94 0
79 94 0
80 94 0
153 94 0
157 94 0
158 94 0
159 94 0
160 94 0
184 94 0
75 95 0
76 95 0
79 95 0
80 95 0
168 96 0
167 97 0
171 97 0
182 97 0
111 98 0
170 98 0
171 98 0
179 98 0
192 98 0
155 99 0
167 99 0
183 99 0
185 99 0
116 100 0
163 100 0
173 100 0
189 100 0
113 101 0
116 101 0
152 101 0
168 101 0
180 101 0
181 101 0
182 101 0
183 101 0
192 101 0
76 102 0
115 102 0
116 102 0
123 102 0
158 102 0
165 102 0
166 102 0
167 102 0
168 102 0
180 102 0
190 102 0
195 102 0
75 103 0
76 103 0
77 103 0
78 103 0
90 103 0
91 103 0
92 103 0
115 103 0
122 103 0
163 103 0
164 103 0
166 103 0
168 103 0
183 103 0
185 103 0
186 103 0
187 103 0
75 104 0
78 104 0
122 104 0
148 104 0
150 104 0
151 104 0
158 104 0
159 104 0
162 104 0
163 104 0
164 104 0
165 104 0
166 104 0
168 104 0
169 104 0
177 104 0
114 105 0
122 105 0
157 105 0
158 105 0
159 105 0
161 105 0
162 105 0
163 105 0
164 105 0
165 105 0
166 105 0
167 105 0
169 105 0
173 105 0
174 105 0
175 105 0
176 105 0
177 105 0
179 105 0
180 105 0
181 105 0
186 105 0
187 105 0
188 105 0
189 105 0
87 106 0
149 106 0
157 106 0
159 106 0
160 106 0
161 106 0
162 106 0
163 106 0
164 106 0
165 106 0
166 106 0
171 106 0
173 106 0
176 106 0
177 106 0
178 106 0
179 106 0
180 106 0
181 106 0
182 106 0
184 106 0
185 106 0
186 106 0
187 106 0
188 106 0
190 106 0
114 107 0
154 107 0
155 107 0
156 107 0
157 107 0
158 107 0
159 107 0
160 107 0
161 107 0
162 107 0
163 107 0
164 107 0
165 107 0
166 107 0
167 107 0
168 107 0
171 107 0
172 107 0
173 107 0
174 107 0
175 107 0
176 107 0
177 107 0
178 107 0
179 107 0
180 107 0
181 107 0
184 107 0
185 107 0
186 107 0
187 107 0
188 107 0
109 108 0
110 108 0
114 108 0
146 108 0
157 108 0
158 108 0
159 108 0
160 108 0
161 108 0
162 108 0
163 108 0
164 108 0
165 108 0
166 108 0
168 108 0
171 108 0
173 108 0
174 108 0
175 108 0
176 108 0
177 108 0
178 108 0
179 108 0
180 108 0
181 108 0
182 108 0
183 108 0
186 108 0
187 108 0
188 108 0
189 108 0
148 109 0
157 109 0
158 109 0
159 109 0
160 109 0
161 109 0
162 109 0
163 109 0
164 109 0
165 109 0
166 109 0
167 109 0
168 109 0
169 109 0
170 109 0
171 109 0
172 109 0
173 109 0
174 109 0
175 109 0
176 109 0
177 109 0
178 109 0
179 109 0
180 109 0
181 109 0
182 109 0
184 109 0
185 109 0
186 109 0
187 109 0
193 109 0
94 110 0
145 110 0
146 110 0
155 110 0
156 110 0
157 110 0
158 110 0
159 110 0
160 110 0
161 110 0
162 110 0
163 110 0
164 110 0
165 110 0
166 110 0
167 110 0
168 110 0
169 110 0
170 110 0
172 110 0
173 110 0
174 110 0
175 110 0
176 110 0
177 110 0
178 110 0
179 110 0
180 110 0
181 110 0
182 110 0
183 110 0
184 110 0
185 110 0
186 110 0
187 110 0
188 110 0
105 111 0
121 111 0
153 111 0
154 111 0
155 111 0
156 111 0
157 111 0
158 111 0
159 111 0
160 111 0
161 111 0
162 111 0
163 111 0
164 111 0
165 111 0
166 111 0
167 111 0
168 111 0
169 111 0
170 111 0
171 111 0
172 111 0
173 111 0
174 111 0
175 111 0
176 111 0
177 111 0
178 111 0
179 111 0
180 111 0
181 111 0
182 111 0
183 111 0
184 111 0
186 111 0
187 111 0
188 111 0
190 111 0
102 112 0
103 112 0
136 112 0
144 112 0
148 112 0
149 112 0
155 112 0
156 112 0
157 112 0
158 112 0
159 112 0
160 112 0
161 112 0
162 112 0
163 112 0
164 112 0
166 112 0
167 112 0
168 112 0
169 112 0
170 112 0
171 112 0
172 112 0
173 112 0
174 112 0
175 112 0
176 112 0
177 112 0
178 112 0
179 112 0
180 112 0
181 112 0
182 112 0
183 112 0
185 112 0
187 112 0
188 112 0
190 112 0
150 113 0
154 113 0
155 113 0
156 113 0
157 113 0
158 113 0
159 113 0
160 113 0
161 113 0
162 113 0
163 113 0
164 113 0
165 113 0
166 113 0
167 113 0
168 113 0
169 113 0
170 113 0
171 113 0
172 113 0
173 113 0
174 113 0
175 113 0
176 113 0
177 113 0
178 113 0
179 113 0
180 113 0
181 113 0
182 113 0
183 113 0
184 113 0
185 113 0
190 113 0
191 113 0
80 114 0
83 114 0
87 114 0
88 114 0
89 114 0
111 114 0
112 114 0
121 114 0
131 114 0
150 114 0
151 114 0
152 114 0
154 114 0
155 114 0
156 114 0
157 114 0
158 114 0
159 114 0
160 114 0
161 114 0
162 114 0
163 114 0
164 114 0
165 114 0
166 114 0
167 114 0
168 114 0
169 114 0
170 114 0
171 114 0
172 114 0
173 114 0
174 114 0
175 114 0
176 114 0
177 114 0
178 114 0
179 114 0
180 114 0
181 114 0
182 114 0
183 114 0
184 114 0
185 114 0
186 114 0
187 114 0
190 114 0
120 115 0
131 115 0
144 115 0
146 115 0
152 115 0
153 115 0
154 115 0
155 115 0
156 115 0
157 115 0
158 115 0
159 115 0
160 115 0
161 115 0
162 115 0
163 115 0
164 115 0
165 115 0
166 115 0
167 115 0
168 115 0
169 115 0
170 115 0
171 115 0
172 115 0
173 115 0
174 115 0
175 115 0
176 115 0
177 115 0
178 115 0
179 115 0
180 115 0
181 115 0
183 115 0
184 115 0
185 115 0
186 115 0
187 115 0
188 115 0
189 115 0
192 115 0
193 115 0
110 116 0
111 116 0
112 116 0
120 116 0
131 116 0
135 116 0
147 116 0
150 116 0
151 116 0
152 116 0
153 116 0
154 116 0
155 116 0
156 116 0
157 116 0
158 116 0
159 116 0
160 116 0
161 116 0
162 116 0
163 116 0
164 116 0
165 116 0
166 116 0
167 116 0
168 116 0
169 116 0
170 116 0
171 116 0
172 116 0
173 116 0
174 116 0
175 116 0
176 116 0
177 116 0
178 116 0
179 116 0
180 116 0
181 116 0
182 116 0
183 116 0
184 116 0
187 116 0
188 116 0
95 117 0
146 117 0
154 117 0
155 117 0
156 117 0
157 117 0
158 117 0
159 117 0
160 117 0
161 117 0
162 117 0
163 117 0
164 117 0
165 117 0
166 117 0
167 117 0
168 117 0
169 117 0
170 117 0
171 117 0
172 117 0
173 117 0
174 117 0
175 117 0
176 117 0
177 117 0
178 117 0
179 117 0
180 117 0
181 117 0
182 117 0
183 117 0
184 117 0
186 117 0
187 117 0
188 117 0
189 117 0
190 117 0
111 118 0
112 118 0
150 118 0
151 118 0
153 118 0
154 118 0
155 118 0
156 118 0
157 118 0
158 118 0
159 118 0
160 118 0
161 118 0
162 118 0
163 118 0
164 118 0
165 118 0
166 118 0
167 118 0
168 118 0
169 118 0
170 118 0
171 118 0
172 118 0
173 118 0
174 118 0
175 118 0
176 118 0
177 118 0
178 118 0
179 118 0
180 118 0
181 118 0
182 118 0
183 118 0
184 118 0
185 118 0
186 118 0
187 118 0
188 118 0
189 118 0
190 118 0
147 119 0
149 119 0
150 119 0
151 119 0
153 119 0
154 119 0
155 119 0
156 119 0
157 119 0
158 119 0
159 119 0
160 119 0
161 119 0
162 119 0
164 119 0
165 119 0
166 119 0
168 119 0
169 119 0
170 119 0
171 119 0
172 119 0
173 119 0
174 119 0
175 119 0
176 119 0
177 119 0
178 119 0
179 119 0
180 119 0
181 119 0
182 119 0
183 119 0
184 119 0
186 119 0
187 119 0
189 119 0
110 120 0
111 120 0
146 120 0
150 120 0
153 120 0
154 120 0
155 120 0
156 120 0
157 120 0
158 120 0
161 120 0
163 120 0
164 120 0
165 120 0
166 120 0
167 120 0
168 120 0
169 120 0
170 120 0
171 120 0
172 120 0
174 120 0
175 120 0
176 120 0
177 120 0
178 120 0
179 120 0
180 120 0
181 120 0
182 120 0
183 120 0
184 120 0
185 120 0
186 120 0
187 120 0
188 120 0
189 120 0
190 120 0
143 121 0
147 121 0
148 121 0
149 121 0
151 121 0
152 121 0
153 121 0
154 121 0
155 121 0
156 121 0
157 121 0
164 121 0
166 121 0
167 121 0
170 121 0
171 121 0
172 121 0
173 121 0
174 121 0
175 121 0
176 121 0
177 121 0
178 121 0
179 121 0
180 121 0
181 121 0
182 121 0
183 121 0
184 121 0
185 121 0
186 121 0
187 121 0
188 121 0
189 121 0
190 121 0
107 122 0
111 122 0
119 122 0
131 122 0
144 122 0
147 122 0
148 122 0
149 122 0
153 122 0
154 122 0
155 122 0
158 122 0
159 122 0
166 122 0
168 122 0
169 122 0
170 122 0
173 122 0
174 122 0
175 122 0
176 122 0
177 122 0
178 122 0
179 122 0
180 122 0
181 122 0
182 122 0
183 122 0
184 122 0
185 122 0
186 122 0
187 122 0
188 122 0
189 122 0
191 122 0
91 123 0
97 123 0
131 123 0
132 123 0
144 123 0
146 123 0
147 123 0
148 123 0
155 123 0
157 123 0
158 123 0
160 123 0
171 123 0
172 123 0
173 123 0
174 123 0
175 123 0
176 123 0
177 123 0
178 123 0
179 123 0
180 123 0
181 123 0
182 123 0
184 123 0
185 123 0
186 123 0
189 123 0
192 123 0
95 124 0
106 124 0
111 124 0
119 124 0
146 124 0
147 124 0
148 124 0
154 124 0
155 124 0
164 124 0
165 124 0
166 124 0
177 124 0
180 124 0
183 124 0
186 124 0
187 124 0
108 125 0
110 125 0
111 125 0
131 125 0
144 125 0
145 125 0
146 125 0
147 125 0
150 125 0
151 125 0
152 125 0
165 125 0
168 125 0
172 125 0
173 125 0
185 125 0
192 125 0
103 126 0
110 126 0
131 126 0
144 126 0
145 126 0
146 126 0
150 126 0
152 126 0
153 126 0
154 126 0
155 126 0
159 126 0
160 126 0
162 126 0
163 126 0
164 126 0
165 126 0
169 126 0
170 126 0
171 126 0
174 126 0
178 126 0
183 126 0
110 127 0
118 127 0
130 127 0
143 127 0
144 127 0
145 127 0
148 127 0
151 127 0
152 127 0
153 127 0
154 127 0
155 127 0
157 127 0
158 127 0
159 127 0
160 127 0
163 127 0
171 127 0
174 127 0
175 127 0
176 127 0
177 127 0
178 127 0
78 128 0
79 128 0
107 128 0
109 128 0
110 128 0
118 128 0
130 128 0
131 128 0
143 128 0
144 128 0
145 128 0
151 128 0
152 128 0
153 128 0
159 128 0
161 128 0
162 128 0
176 128 0
178 128 0
179 128 0
186 128 0
93 129 0
110 129 0
130 129 0
135 129 0
143 129 0
144 129 0
145 129 0
151 129 0
153 129 0
161 129 0
164 129 0
165 129 0
169 129 0
170 129 0
171 129 0
172 129 0
174 129 0
175 129 0
178 129 0
179 129 0
180 129 0
184 129 0
185 129 0
186 129 0
187 129 0
101 130 0
103 130 0
104 130 0
109 130 0
130 130 0
142 130 0
143 130 0
144 130 0
151 130 0
152 130 0
153 130 0
161 130 0
173 130 0
174 130 0
175 130 0
179 130 0
180 130 0
181 130 0
184 130 0
189 130 0
192 130 0
110 131 0
140 131 0
141 131 0
142 131 0
143 131 0
151 131 0
152 131 0
153 131 0
169 131 0
170 131 0
171 131 0
174 131 0
175 131 0
179 131 0
181 131 0
182 131 0
183 131 0
184 131 0
186 131 0
190 131 0
45 132 0
46 132 0
54 132 0
55 132 0
56 132 0
110 132 0
140 132 0
142 132 0
150 132 0
151 132 0
153 132 0
177 132 0
188 132 0
190 132 0
50 133 0
51 133 0
52 133 0
53 133 0
54 133 0
55 133 0
56 133 0
58 133 0
62 133 0
63 133 0
64 133 0
67 133 0
74 133 0
108 133 0
109 133 0
110 133 0
117 133 0
139 133 0
140 133 0
141 133 0
142 133 0
145 133 0
151 133 0
155 133 0
173 133 0
185 133 0
189 133 0
54 134 0
55 134 0
56 134 0
57 134 0
70 134 0
71 134 0
73 134 0
74 134 0
109 134 0
110 134 0
139 134 0
140 134 0
141 134 0
142 134 0
159 134 0
173 134 0
177 134 0
186 134 0
54 135 0
55 135 0
56 135 0
62 135 0
68 135 0
73 135 0
74 135 0
109 135 0
140 135 0
141 135 0
157 135 0
158 135 0
159 135 0
160 135 0
172 135 0
175 135 0
73 136 0
74 136 0
92 136 0
93 136 0
96 136 0
108 136 0
109 136 0
111 136 0
116 136 0
138 136 0
139 136 0
140 136 0
155 136 0
157 136 0
158 136 0
159 136 0
181 136 0
182 136 0
185 136 0
186 136 0
69 137 0
72 137 0
73 137 0
74 137 0
108 137 0
109 137 0
111 137 0
116 137 0
137 137 0
139 137 0
140 137 0
152 137 0
153 137 0
154 137 0
155 137 0
167 137 0
173 137 0
180 137 0
186 137 0
190 137 0
73 138 0
74 138 0
76 138 0
90 138 0
108 138 0
109 138 0
111 138 0
112 138 0
115 138 0
116 138 0
136 138 0
138 138 0
139 138 0
153 138 0
155 138 0
161 138 0
175 138 0
182 138 0
187 138 0
73 139 0
74 139 0
107 139 0
108 139 0
109 139 0
110 139 0
113 139 0
114 139 0
115 139 0
116 139 0
119 139 0
125 139 0
126 139 0
129 139 0
135 139 0
136 139 0
138 139 0
139 139 0
140 139 0
153 139 0
185 139 0
189 139 0
74 140 0
107 140 0
108 140 0
109 140 0
112 140 0
113 140 0
115 140 0
116 140 0
117 140 0
118 140 0
119 140 0
124 140 0
139 140 0
140 140 0
183 140 0
78 141 0
102 141 0
107 141 0
108 141 0
109 141 0
110 141 0
111 141 0
112 141 0
114 141 0
115 141 0
116 141 0
117 141 0
118 141 0
119 141 0
120 141 0
121 141 0
122 141 0
125 141 0
126 141 0
127 141 0
128 141 0
130 141 0
134 141 0
139 141 0
140 141 0
145 141 0
146 141 0
159 141 0
180 141 0
181 141 0
186 141 0
89 142 0
91 142 0
92 142 0
107 142 0
108 142 0
109 142 0
110 142 0
113 142 0
114 142 0
115 142 0
116 142 0
117 142 0
119 142 0
124 142 0
125 142 0
126 142 0
127 142 0
130 142 0
131 142 0
132 142 0
136 142 0
137 142 0
138 142 0
139 142 0
140 142 0
176 142 0
184 142 0
108 143 0
111 143 0
112 143 0
113 143 0
114 143 0
115 143 0
116 143 0
126 143 0
127 143 0
128 143 0
130 143 0
131 143 0
139 143 0
140 143 0
141 143 0
150 143 0
154 143 0
156 143 0
158 143 0
159 143 0
184 143 0
106 144 0
107 144 0
113 144 0
114 144 0
115 144 0
116 144 0
117 144 0
122 144 0
123 144 0
125 144 0
128 144 0
129 144 0
130 144 0
142 144 0
143 144 0
144 144 0
151 144 0
153 144 0
154 144 0
165 144 0
177 144 0
182 144 0
122 145 0
123 145 0
124 145 0
126 145 0
127 145 0
128 145 0
129 145 0
130 145 0
131 145 0
139 145 0
144 145 0
145 145 0
146 145 0
155 145 0
158 145 0
178 145 0
187 145 0
122 146 0
123 146 0
125 146 0
126 146 0
127 146 0
128 146 0
129 146 0
130 146 0
131 146 0
137 146 0
143 146 0
144 146 0
145 146 0
146 146 0
160 146 0
174 146 0
181 146 0
122 147 0
123 147 0
124 147 0
125 147 0
127 147 0
128 147 0
129 147 0
130 147 0
131 147 0
142 147 0
143 147 0
144 147 0
145 147 0
146 147 0
147 147 0
158 147 0
159 147 0
160 147 0
170 147 0
181 147 0
184 147 0
185 147 0
123 148 0
124 148 0
125 148 0
128 148 0
129 148 0
130 148 0
136 148 0
140 148 0
141 148 0
142 148 0
143 148 0
144 148 0
145 148 0
146 148 0
149 148 0
150 148 0
151 148 0
152 148 0
153 148 0
154 148 0
159 148 0
180 148 0
184 148 0
187 148 0
66 149 0
67 149 0
71 149 0
129 149 0
133 149 0
148 149 0
149 149 0
150 149 0
152 149 0
153 149 0
154 149 0
155 149 0
156 149 0
157 149 0
158 149 0
159 149 0
160 149 0
166 149 0
168 149 0
173 149 0
179 149 0
180 149 0
184 149 0
185 149 0
190 149 0
69 150 0
149 150 0
150 150 0
151 150 0
153 150 0
156 150 0
157 150 0
158 150 0
160 150 0
161 150 0
174 150 0
184 150 0
185 150 0
192 150 0
83 151 0
88 151 0
127 151 0
152 151 0
153 151 0
154 151 0
159 151 0
160 151 0
161 151 0
181 151 0
183 151 0
126 152 0
127 152 0
130 152 0
132 152 0
133 152 0
152 152 0
154 152 0
155 152 0
157 152 0
162 152 0
163 152 0
164 152 0
166 152 0
169 152 0
170 152 0
178 152 0
182 152 0
186 152 0
125 153 0
131 153 0
132 153 0
152 153 0
156 153 0
157 153 0
158 153 0
160 153 0
164 153 0
165 153 0
166 153 0
168 153 0
133 154 0
152 154 0
159 154 0
160 154 0
161 154 0
167 154 0
168 154 0
169 154 0
134 155 0
135 155 0
136 155 0
152 155 0
159 155 0
162 155 0
163 155 0
164 155 0
170 155 0
171 155 0
172 155 0
136 156 0
137 156 0
138 156 0
139 156 0
140 156 0
152 156 0
164 156 0
165 156 0
166 156 0
167 156 0
172 156 0
173 156 0
174 156 0
175 156 0
138 157 0
139 157 0
140 157 0
152 157 0
153 157 0
167 157 0
168 157 0
169 157 0
170 157 0
175 157 0
176 157 0
177 157 0
178 157 0
188 157 0
142 158 0
143 158 0
152 158 0
169 158 0
170 158 0
171 158 0
173 158 0
178 158 0
179 158 0
180 158 0
186 158 0
192 158 0
144 159 0
145 159 0
152 159 0
172 159 0
173 159 0
174 159 0
175 159 0
181 159 0
182 159 0
183 159 0
194 159 0
146 160 0
147 160 0
156 160 0
175 160 0
176 160 0
177 160 0
178 160 0
183 160 0
184 160 0
185 160 0
186 160 0
133 161 0
134 161 0
148 161 0
149 161 0
178 161 0
179 161 0
180 161 0
186 161 0
187 161 0
188 161 0
189 161 0
68 162 0
87 162 0
135 162 0
136 162 0
140 162 0
141 162 0
149 162 0
150 162 0
151 162 0
152 162 0
153 162 0
161 162 0
180 162 0
181 162 0
182 162 0
183 162 0
188 162 0
189 162 0
190 162 0
191 162 0
61 163 0
137 163 0
138 163 0
142 163 0
143 163 0
150 163 0
152 163 0
183 163 0
184 163 0
185 163 0
187 163 0
192 163 0
193 163 0
194 163 0
86 164 0
87 164 0
141 164 0
142 164 0
143 164 0
146 164 0
147 164 0
152 164 0
154 164 0
156 164 0
159 164 0
186 164 0
187 164 0
188 164 0
189 164 0
196 164 0
86 165 0
143 165 0
144 165 0
145 165 0
146 165 0
149 165 0
156 165 0
157 165 0
175 165 0
189 165 0
190 165 0
191 165 0
69 166 0
130 166 0
147 166 0
148 166 0
151 166 0
159 166 0
160 166 0
192 166 0
193 166 0
147 167 0
148 167 0
151 167 0
162 167 0
163 167 0
165 167 0
195 167 0
155 168 0
160 168 0
161 168 0
163 168 0
156 169 0
166 169 0
167 169 0
168 169 0
167 170 0
168 170 0
169 170 0
170 170 0
171 170 0
170 171 0
171 171 0
172 171 0
173 171 0
172 172 0
173 172 0
174 172 0
81 173 0
96 173 0
176 173 0
177 173 0
97 174 0
178 174 0
179 174 0
180 174 0
180 175 0
181 175 0
68 176 0
87 176 0
183 176 0
184 176 0
185 176 0
87 177 0
187 177 0
188 177 0
189 177 0
17 1 1
18 1 1
19 1 1
20 1 1
21 1 1
22 1 1
23 1 1
24 1 1
17 2 1
18 2 1
19 2 1
20 2 1
21 2 1
22 2 1
23 2 1
24 2 1
25 2 1
18 3 1
19 3 1
20 3 1
21 3 1
22 3 1
23 3 1
24 3 1
25 3 1
19 4 1
20 4 1
21 4 1
22 4 1
23 4 1
24 4 1
25 4 1
26 4 1
20 5 1
21 5 1
22 5 1
23 5 1
24 5 1
25 5 1
26 5 1
22 6 1
23 6 1
24 6 1
25 6 1
26 6 1
27 6 1
22 7 1
23 7 1
24 7 1
25 7 1
26 7 1
27 7 1
28 7 1
23 8 1
24 8 1
25 8 1
26 8 1
27 8 1
28 8 1
4 9 1
24 9 1
25 9 1
26 9 1
27 9 1
28 9 1
29 9 1
2 10 1
3 10 1
4 10 1
25 10 1
26 10 1
27 10 1
28 10 1
29 10 1
2 11 1
26 11 1
27 11 1
28 11 1
29 11 1
30 11 1
4 12 1
8 12 1
25 12 1
27 12 1
28 12 1
29 12 1
30 12 1
6 13 1
8 13 1
9 13 1
29 13 1
30 13 1
8 14 1
12 14 1
10 15 1
11 15 1
12 15 1
11 16 1
14 16 1
16 17 1
7 18 1
6 19 1
19 19 1
20 19 1
20 20 1
21 20 1
22 20 1
13 21 1
20 21 1
21 21 1
22 21 1
14 22 1
20 22 1
21 22 1
22 22 1
23 24 1
42 25 1
13 31 1
16 33 1
8 35 1
14 39 1
16 39 1
16 40 1
3 50 1
8 51 1
4 55 1
18 58 1
19 58 1
4 59 1
15 67 1
13 69 1
17 69 1
15 70 1
15 72 1
8 78 1
6 80 1
9 80 1
7 81 1
8 81 1
9 81 1
10 81 1
12 81 1
8 82 1
10 82 1
11 82 1
8 83 1
9 83 1
14 83 1
8 84 1
9 84 1
16 84 1
7 85 1
8 85 1
17 85 1
9 86 1
18 86 1
18 87 1
4 91 1
13 94 1
2 124 1
3 124 1
4 124 1
5 124 1
8 124 1
9 124 1
2 125 1
3 125 1
4 125 1
5 125 1
6 125 1
7 125 1
8 125 1
9 125 1
10 125 1
11 125 1
2 126 1
3 126 1
4 126 1
5 126 1
6 126 1
7 126 1
8 126 1
9 126 1
10 126 1
11 126 1
12 126 1
13 126 1
14 126 1
1 127 1
2 127 1
3 127 1
4 127 1
5 127 1
6 127 1
7 127 1
8 127 1
9 127 1
10 127 1
11 127 1
12 127 1
13 127 1
14 127 1
15 127 1
16 127 1
17 127 1
18 127 1
19 127 1
20 127 1
3 128 1
4 128 1
5 128 1
6 128 1
7 128 1
8 128 1
9 128 1
10 128 1
11 128 1
12 128 1
13 128 1
14 128 1
15 128 1
16 128 1
17 128 1
18 128 1
19 128 1
20 128 1
3 129 1
4 129 1
5 129 1
6 129 1
7 129 1
9 129 1
10 129 1
11 129 1
12 129 1
13 129 1
14 129 1
15 129 1
16 129 1
17 129 1
18 129 1
19 129 1
20 129 1
21 129 1
22 129 1
4 130 1
5 130 1
6 130 1
9 130 1
10 130 1
11 130 1
12 130 1
13 130 1
14 130 1
15 130 1
16 130 1
17 130 1
18 130 1
19 130 1
20 130 1
21 130 1
22 130 1
23 130 1
25 130 1
26 130 1
27 130 1
4 131 1
5 131 1
8 131 1
9 131 1
11 131 1
13 131 1
14 131 1
16 131 1
17 131 1
18 131 1
20 131 1
26 131 1
27 131 1
31 131 1
32 131 1
11 132 1
12 132 1
14 132 1
17 132 1
18 132 1
19 132 1
32 132 1
33 132 1
37 132 1
38 132 1
11 133 1
12 133 1
13 133 1
18 133 1
19 133 1
34 133 1
39 133 1
41 133 1
42 133 1
7 134 1
9 134 1
10 134 1
11 134 1
15 134 1
17 134 1
41 134 1
42 134 1
17 135 1
20 136 1
4 137 1
6 137 1
7 137 1
13 137 1
6 138 1
7 138 1
2 139 1
7 139 1
2 140 1
3 140 1
4 140 1
5 140 1
6 140 1
7 140 1
3 141 1
4 141 1
5 141 1
6 141 1
7 141 1
1 142 1
2 142 1
4 142 1
5 142 1
6 142 1
7 142 1
9 142 1
10 142 1
1 143 1
2 143 1
3 143 1
4 143 1
5 143 1
6 143 1
7 143 1
9 143 1
10 143 1
11 143 1
1 144 1
2 144 1
3 144 1
4 144 1
5 144 1
6 144 1
7 144 1
8 144 1
15 144 1
2 145 1
3 145 1
4 145 1
5 145 1
6 145 1
7 145 1
1 146 1
2 146 1
3 146 1
4 146 1
5 146 1
6 146 1
7 146 1
21 146 1
22 146 1
39 146 1
1 147 1
2 147 1
3 147 1
4 147 1
5 147 1
6 147 1
7 147 1
8 147 1
21 147 1
22 147 1
23 147 1
24 147 1
25 147 1
26 147 1
39 147 1
1 148 1
2 148 1
3 148 1
4 148 1
5 148 1
6 148 1
7 148 1
8 148 1
9 148 1
10 148 1
11 148 1
12 148 1
15 148 1
20 148 1
21 148 1
22 148 1
23 148 1
24 148 1
25 148 1
1 149 1
2 149 1
3 149 1
4 149 1
5 149 1
6 149 1
7 149 1
8 149 1
9 149 1
10 149 1
11 149 1
12 149 1
13 149 1
14 149 1
15 149 1
16 149 1
19 149 1
20 149 1
21 149 1
22 149 1
23 149 1
24 149 1
1 150 1
2 150 1
3 150 1
4 150 1
5 150 1
6 150 1
7 150 1
8 150 1
9 150 1
10 150 1
11 150 1
12 150 1
13 150 1
14 150 1
15 150 1
16 150 1
17 150 1
19 150 1
20 150 1
21 150 1
22 150 1
23 150 1
1 151 1
2 151 1
3 151 1
4 151 1
5 151 1
6 151 1
7 151 1
8 151 1
9 151 1
10 151 1
11 151 1
12 151 1
13 151 1
14 151 1
15 151 1
17 151 1
18 151 1
19 151 1
20 151 1
21 151 1
22 151 1
23 151 1
2 152 1
3 152 1
4 152 1
5 152 1
6 152 1
7 152 1
8 152 1
9 152 1
10 152 1
11 152 1
12 152 1
13 152 1
14 152 1
15 152 1
16 152 1
17 152 1
18 152 1
19 152 1
20 152 1
21 152 1
22 152 1
23 152 1
1 153 1
2 153 1
3 153 1
4 153 1
5 153 1
6 153 1
7 153 1
8 153 1
9 153 1
10 153 1
11 153 1
12 153 1
13 153 1
14 153 1
15 153 1
16 153 1
17 153 1
18 153 1
19 153 1
20 153 1
21 153 1
1 154 1
2 154 1
3 154 1
4 154 1
5 154 1
6 154 1
7 154 1
8 154 1
9 154 1
10 154 1
11 154 1
12 154 1
13 154 1
14 154 1
15 154 1
16 154 1
17 154 1
18 154 1
19 154 1
20 154 1
21 154 1
2 155 1
3 155 1
4 155 1
5 155 1
6 155 1
7 155 1
8 155 1
9 155 1
10 155 1
11 155 1
12 155 1
13 155 1
14 155 1
15 155 1
16 155 1
17 155 1
18 155 1
19 155 1
20 155 1
21 155 1
22 155 1
2 156 1
3 156 1
4 156 1
5 156 1
6 156 1
7 156 1
8 156 1
9 156 1
10 156 1
11 156 1
12 156 1
13 156 1
14 156 1
15 156 1
16 156 1
17 156 1
18 156 1
19 156 1
20 156 1
21 156 1
1 157 1
2 157 1
3 157 1
4 157 1
5 157 1
6 157 1
7 157 1
8 157 1
9 157 1
10 157 1
11 157 1
12 157 1
13 157 1
14 157 1
15 157 1
16 157 1
17 157 1
19 157 1
20 157 1
21 157 1
1 158 1
2 158 1
3 158 1
4 158 1
5 158 1
6 158 1
7 158 1
8 158 1
9 158 1
10 158 1
11 158 1
12 158 1
13 158 1
14 158 1
15 158 1
16 158 1
17 158 1
18 158 1
19 158 1
20 158 1
2 159 1
3 159 1
4 159 1
5 159 1
6 159 1
7 159 1
8 159 1
9 159 1
10 159 1
11 159 1
12 159 1
14 159 1
15 159 1
16 159 1
17 159 1
18 159 1
19 159 1
20 159 1
1 160 1
2 160 1
4 160 1
5 160 1
6 160 1
7 160 1
8 160 1
9 160 1
10 160 1
11 160 1
12 160 1
13 160 1
14 160 1
15 160 1
16 160 1
17 160 1
18 160 1
19 160 1
20 160 1
21 160 1
22 160 1
1 161 1
2 161 1
3 161 1
4 161 1
5 161 1
6 161 1
7 161 1
8 161 1
9 161 1
10 161 1
11 161 1
12 161 1
13 161 1
14 161 1
15 161 1
16 161 1
17 161 1
18 161 1
19 161 1
20 161 1
21 161 1
22 161 1
2 162 1
3 162 1
4 162 1
5 162 1
6 162 1
7 162 1
8 162 1
9 162 1
10 162 1
11 162 1
12 162 1
13 162 1
16 162 1
17 162 1
18 162 1
19 162 1
20 162 1
2 163 1
3 163 1
4 163 1
5 163 1
6 163 1
7 163 1
8 163 1
9 163 1
10 163 1
11 163 1
12 163 1
13 163 1
14 163 1
16 163 1
17 163 1
18 163 1
19 163 1
22 163 1
29 163 1
35 163 1
2 164 1
3 164 1
4 164 1
5 164 1
6 164 1
7 164 1
8 164 1
9 164 1
10 164 1
11 164 1
12 164 1
13 164 1
14 164 1
15 164 1
16 164 1
17 164 1
18 164 1
19 164 1
20 164 1
21 164 1
22 164 1
2 165 1
3 165 1
4 165 1
5 165 1
6 165 1
8 165 1
9 165 1
10 165 1
11 165 1
12 165 1
13 165 1
14 165 1
15 165 1
16 165 1
17 165 1
18 165 1
19 165 1
20 165 1
21 165 1
22 165 1
3 166 1
4 166 1
5 166 1
6 166 1
7 166 1
8 166 1
9 166 1
10 166 1
11 166 1
12 166 1
13 166 1
14 166 1
15 166 1
17 166 1
18 166 1
19 166 1
20 166 1
21 166 1
2 167 1
3 167 1
4 167 1
5 167 1
6 167 1
7 167 1
8 167 1
9 167 1
10 167 1
11 167 1
12 167 1
13 167 1
14 167 1
15 167 1
16 167 1
17 167 1
18 167 1
19 167 1
20 167 1
21 167 1
1 168 1
2 168 1
3 168 1
4 168 1
5 168 1
6 168 1
7 168 1
8 168 1
9 168 1
10 168 1
11 168 1
12 168 1
13 168 1
14 168 1
15 168 1
16 168 1
17 168 1
18 168 1
19 168 1
20 168 1
21 168 1
1 169 1
2 169 1
3 169 1
4 169 1
5 169 1
6 169 1
7 169 1
8 169 1
9 169 1
10 169 1
11 169 1
12 169 1
13 169 1
14 169 1
15 169 1
16 169 1
17 169 1
18 169 1
19 169 1
20 169 1
21 169 1
1 170 1
2 170 1
3 170 1
4 170 1
5 170 1
6 170 1
7 170 1
8 170 1
9 170 1
10 170 1
11 170 1
12 170 1
13 170 1
15 170 1
16 170 1
17 170 1
18 170 1
19 170 1
20 170 1
21 170 1
1 171 1
2 171 1
3 171 1
4 171 1
5 171 1
6 171 1
7 171 1
8 171 1
9 171 1
10 171 1
11 171 1
12 171 1
13 171 1
14 171 1
15 171 1
16 171 1
17 171 1
18 171 1
19 171 1
20 171 1
21 171 1
22 171 1
2 172 1
3 172 1
4 172 1
5 172 1
6 172 1
9 172 1
10 172 1
11 172 1
12 172 1
14 172 1
15 172 1
16 172 1
17 172 1
18 172 1
19 172 1
20 172 1
21 172 1
22 172 1
3 173 1
4 173 1
5 173 1
6 173 1
7 173 1
8 173 1
9 173 1
10 173 1
11 173 1
12 173 1
13 173 1
14 173 1
15 173 1
16 173 1
17 173 1
18 173 1
19 173 1
2 174 1
3 174 1
4 174 1
5 174 1
6 174 1
7 174 1
8 174 1
9 174 1
10 174 1
11 174 1
12 174 1
13 174 1
14 174 1
15 174 1
16 174 1
17 174 1
18 174 1
19 174 1
2 175 1
3 175 1
4 175 1
5 175 1
6 175 1
7 175 1
8 175 1
9 175 1
10 175 1
11 175 1
12 175 1
13 175 1
14 175 1
15 175 1
16 175 1
17 175 1
18 175 1
19 175 1
22 175 1
3 176 1
4 176 1
5 176 1
6 176 1
7 176 1
10 176 1
12 176 1
13 176 1
14 176 1
15 176 1
17 176 1
18 176 1
19 176 1
20 176 1
21 176 1
22 176 1
2 177 1
3 177 1
4 177 1
5 177 1
6 177 1
7 177 1
8 177 1
9 177 1
10 177 1
11 177 1
13 177 1
14 177 1
15 177 1
16 177 1
17 177 1
18 177 1
19 177 1
20 177 1
21 177 1
3 178 1
5 178 1
6 178 1
7 178 1
11 178 1
14 178 1
15 178 1
17 178 1
18 178 1
19 178 1
20 178 1
184 4 2
187 14 2
183 15 2
184 15 2
185 15 2
186 15 2
188 15 2
189 15 2
182 16 2
184 16 2
185 16 2
186 16 2
187 16 2
188 16 2
189 16 2
172 17 2
180 17 2
181 17 2
182 17 2
183 17 2
184 17 2
185 17 2
186 17 2
187 17 2
188 17 2
189 17 2
179 18 2
180 18 2
181 18 2
182 18 2
183 18 2
184 18 2
185 18 2
186 18 2
187 18 2
188 18 2
189 18 2
174 19 2
179 19 2
180 19 2
181 19 2
182 19 2
183 19 2
184 19 2
185 19 2
186 19 2
187 19 2
189 19 2
178 20 2
180 20 2
181 20 2
182 20 2
184 20 2
185 20 2
186 20 2
187 20 2
188 20 2
189 20 2
177 21 2
178 21 2
179 21 2
180 21 2
181 21 2
182 21 2
183 21 2
184 21 2
185 21 2
186 21 2
187 21 2
188 21 2
189 21 2
177 22 2
178 22 2
180 22 2
182 22 2
184 22 2
185 22 2
186 22 2
187 22 2
188 22 2
189 22 2
177 23 2
178 23 2
179 23 2
180 23 2
181 23 2
182 23 2
183 23 2
184 23 2
185 23 2
186 23 2
187 23 2
188 23 2
189 23 2
174 24 2
176 24 2
177 24 2
178 24 2
179 24 2
180 24 2
181 24 2
182 24 2
183 24 2
184 24 2
185 24 2
186 24 2
187 24 2
188 24 2
189 24 2
174 25 2
175 25 2
176 25 2
177 25 2
178 25 2
179 25 2
180 25 2
181 25 2
182 25 2
183 25 2
184 25 2
185 25 2
186 25 2
187 25 2
188 25 2
189 25 2
174 26 2
175 26 2
176 26 2
177 26 2
178 26 2
179 26 2
180 26 2
181 26 2
182 26 2
183 26 2
184 26 2
185 26 2
186 26 2
187 26 2
188 26 2
189 26 2
174 27 2
175 27 2
176 27 2
177 27 2
178 27 2
179 27 2
180 27 2
181 27 2
182 27 2
183 27 2
184 27 2
185 27 2
186 27 2
187 27 2
188 27 2
189 27 2
172 28 2
173 28 2
174 28 2
175 28 2
176 28 2
177 28 2
178 28 2
179 28 2
180 28 2
181 28 2
182 28 2
183 28 2
184 28 2
185 28 2
186 28 2
187 28 2
188 28 2
189 28 2
171 29 2
174 29 2
175 29 2
176 29 2
177 29 2
178 29 2
179 29 2
180 29 2
181 29 2
182 29 2
183 29 2
184 29 2
185 29 2
186 29 2
187 29 2
188 29 2
189 29 2
172 30 2
174 30 2
175 30 2
176 30 2
177 30 2
178 30 2
179 30 2
180 30 2
181 30 2
182 30 2
183 30 2
184 30 2
185 30 2
186 30 2
187 30 2
188 30 2
189 30 2
171 31 2
172 31 2
174 31 2
175 31 2
176 31 2
177 31 2
178 31 2
179 31 2
180 31 2
181 31 2
182 31 2
183 31 2
184 31 2
185 31 2
186 31 2
187 31 2
188 31 2
189 31 2
171 32 2
174 32 2
175 32 2
176 32 2
177 32 2
178 32 2
179 32 2
180 32 2
181 32 2
182 32 2
183 32 2
184 32 2
185 32 2
186 32 2
187 32 2
188 32 2
189 32 2
172 33 2
173 33 2
174 33 2
176 33 2
177 33 2
178 33 2
179 33 2
180 33 2
181 33 2
182 33 2
183 33 2
184 33 2
185 33 2
186 33 2
187 33 2
188 33 2
189 33 2
172 34 2
173 34 2
174 34 2
175 34 2
176 34 2
177 34 2
178 34 2
179 34 2
180 34 2
181 34 2
182 34 2
183 34 2
184 34 2
185 34 2
186 34 2
187 34 2
188 34 2
189 34 2
172 35 2
173 35 2
174 35 2
175 35 2
176 35 2
177 35 2
178 35 2
179 35 2
180 35 2
181 35 2
182 35 2
183 35 2
184 35 2
185 35 2
186 35 2
187 35 2
188 35 2
189 35 2
172 36 2
173 36 2
174 36 2
175 36 2
176 36 2
177 36 2
178 36 2
179 36 2
180 36 2
181 36 2
182 36 2
183 36 2
184 36 2
185 36 2
186 36 2
187 36 2
188 36 2
189 36 2
150 37 2
171 37 2
172 37 2
173 37 2
174 37 2
175 37 2
176 37 2
177 37 2
178 37 2
179 37 2
180 37 2
181 37 2
182 37 2
183 37 2
184 37 2
185 37 2
186 37 2
187 37 2
188 37 2
189 37 2
172 38 2
175 38 2
176 38 2
177 38 2
178 38 2
179 38 2
180 38 2
181 38 2
182 38 2
183 38 2
184 38 2
185 38 2
186 38 2
187 38 2
188 38 2
189 38 2
172 39 2
174 39 2
175 39 2
176 39 2
177 39 2
178 39 2
179 39 2
180 39 2
181 39 2
182 39 2
183 39 2
184 39 2
185 39 2
186 39 2
187 39 2
188 39 2
189 39 2
171 40 2
172 40 2
174 40 2
175 40 2
176 40 2
177 40 2
178 40 2
179 40 2
180 40 2
181 40 2
182 40 2
183 40 2
184 40 2
185 40 2
186 40 2
187 40 2
188 40 2
189 40 2
172 41 2
173 41 2
174 41 2
176 41 2
177 41 2
178 41 2
179 41 2
180 41 2
181 41 2
182 41 2
183 41 2
184 41 2
185 41 2
186 41 2
187 41 2
188 41 2
189 41 2
173 42 2
174 42 2
175 42 2
176 42 2
177 42 2
178 42 2
179 42 2
180 42 2
181 42 2
182 42 2
183 42 2
184 42 2
185 42 2
186 42 2
187 42 2
188 42 2
189 42 2
173 43 2
174 43 2
176 43 2
177 43 2
178 43 2
179 43 2
180 43 2
181 43 2
182 43 2
183 43 2
184 43 2
185 43 2
186 43 2
187 43 2
188 43 2
189 43 2
172 44 2
173 44 2
174 44 2
175 44 2
176 44 2
177 44 2
178 44 2
179 44 2
180 44 2
181 44 2
182 44 2
183 44 2
184 44 2
185 44 2
186 44 2
187 44 2
188 44 2
189 44 2
166 45 2
174 45 2
176 45 2
177 45 2
178 45 2
179 45 2
180 45 2
181 45 2
182 45 2
183 45 2
184 45 2
185 45 2
186 45 2
187 45 2
188 45 2
189 45 2
164 46 2
173 46 2
175 46 2
176 46 2
177 46 2
178 46 2
179 46 2
180 46 2
181 46 2
182 46 2
183 46 2
184 46 2
185 46 2
186 46 2
187 46 2
188 46 2
189 46 2
173 47 2
174 47 2
175 47 2
176 47 2
177 47 2
178 47 2
179 47 2
180 47 2
181 47 2
182 47 2
183 47 2
184 47 2
185 47 2
186 47 2
187 47 2
188 47 2
189 47 2
174 48 2
175 48 2
177 48 2
178 48 2
179 48 2
180 48 2
181 48 2
182 48 2
183 48 2
184 48 2
185 48 2
186 48 2
187 48 2
188 48 2
189 48 2
173 49 2
176 49 2
177 49 2
178 49 2
179 49 2
180 49 2
181 49 2
182 49 2
183 49 2
184 49 2
185 49 2
186 49 2
187 49 2
188 49 2
189 49 2
178 50 2
179 50 2
180 50 2
181 50 2
182 50 2
183 50 2
184 50 2
185 50 2
186 50 2
187 50 2
188 50 2
189 50 2
175 51 2
177 51 2
178 51 2
179 51 2
180 51 2
181 51 2
182 51 2
183 51 2
184 51 2
185 51 2
186 51 2
187 51 2
188 51 2
189 51 2
178 52 2
179 52 2
180 52 2
181 52 2
182 52 2
183 52 2
184 52 2
185 52 2
186 52 2
187 52 2
188 52 2
189 52 2
177 53 2
178 53 2
179 53 2
180 53 2
181 53 2
182 53 2
183 53 2
184 53 2
185 53 2
186 53 2
187 53 2
188 53 2
189 53 2
178 54 2
179 54 2
180 54 2
181 54 2
182 54 2
183 54 2
184 54 2
185 54 2
186 54 2
187 54 2
188 54 2
189 54 2
174 55 2
176 55 2
177 55 2
178 55 2
179 55 2
180 55 2
181 55 2
182 55 2
183 55 2
184 55 2
185 55 2
186 55 2
187 55 2
188 55 2
189 55 2
176 56 2
177 56 2
178 56 2
179 56 2
180 56 2
181 56 2
182 56 2
183 56 2
184 56 2
185 56 2
186 56 2
187 56 2
188 56 2
189 56 2
176 57 2
177 57 2
178 57 2
179 57 2
180 57 2
181 57 2
182 57 2
183 57 2
184 57 2
185 57 2
186 57 2
187 57 2
188 57 2
189 57 2
175 58 2
176 58 2
178 58 2
179 58 2
180 58 2
181 58 2
182 58 2
183 58 2
184 58 2
185 58 2
186 58 2
187 58 2
188 58 2
189 58 2
175 59 2
177 59 2
178 59 2
179 59 2
181 59 2
182 59 2
184 59 2
186 59 2
188 59 2
189 59 2
176 60 2
177 60 2
178 60 2
179 60 2
181 60 2
182 60 2
188 60 2
189 60 2
177 61 2
180 61 2
184 61 2
189 61 2
177 62 2
180 62 2
186 62 2
188 62 2
182 65 2
