9 1 0
10 1 0
11 1 0
9 2 0
10 2 0
11 2 0
12 2 0
13 2 0
11 3 0
12 3 0
13 3 0
12 4 0
13 4 0
14 4 0
16 4 0
7 5 0
13 5 0
17 5 0
18 5 0
18 6 0
19 6 0
21 6 0
19 7 0
19 8 0
167 8 0
4 9 0
10 9 0
11 9 0
12 9 0
13 9 0
165 9 0
166 9 0
172 9 0
175 9 0
176 9 0
177 9 0
2 10 0
3 10 0
4 10 0
9 10 0
13 10 0
165 10 0
166 10 0
168 10 0
169 10 0
170 10 0
171 10 0
174 10 0
175 10 0
176 10 0
177 10 0
178 10 0
2 11 0
5 11 0
6 11 0
8 11 0
9 11 0
16 11 0
161 11 0
162 11 0
163 11 0
165 11 0
166 11 0
167 11 0
168 11 0
169 11 0
171 11 0
172 11 0
173 11 0
174 11 0
176 11 0
177 11 0
178 11 0
181 11 0
182 11 0
185 11 0
188 11 0
3 12 0
4 12 0
5 12 0
6 12 0
7 12 0
8 12 0
9 12 0
10 12 0
11 12 0
161 12 0
162 12 0
163 12 0
165 12 0
166 12 0
167 12 0
168 12 0
169 12 0
170 12 0
171 12 0
172 12 0
173 12 0
174 12 0
177 12 0
178 12 0
184 12 0
185 12 0
3 13 0
4 13 0
5 13 0
6 13 0
7 13 0
8 13 0
9 13 0
10 13 0
11 13 0
12 13 0
14 13 0
160 13 0
161 13 0
162 13 0
163 13 0
164 13 0
166 13 0
167 13 0
168 13 0
169 13 0
170 13 0
171 13 0
172 13 0
173 13 0
174 13 0
175 13 0
177 13 0
178 13 0
181 13 0
182 13 0
185 13 0
2 14 0
3 14 0
4 14 0
5 14 0
6 14 0
7 14 0
8 14 0
10 14 0
11 14 0
12 14 0
13 14 0
14 14 0
15 14 0
16 14 0
17 14 0
159 14 0
160 14 0
166 14 0
167 14 0
168 14 0
169 14 0
170 14 0
171 14 0
172 14 0
173 14 0
174 14 0
175 14 0
176 14 0
178 14 0
179 14 0
180 14 0
181 14 0
182 14 0
183 14 0
184 14 0
185 14 0
186 14 0
188 14 0
2 15 0
3 15 0
4 15 0
5 15 0
6 15 0
9 15 0
10 15 0
11 15 0
12 15 0
13 15 0
14 15 0
15 15 0
16 15 0
17 15 0
18 15 0
159 15 0
160 15 0
166 15 0
167 15 0
168 15 0
169 15 0
170 15 0
171 15 0
172 15 0
173 15 0
175 15 0
176 15 0
177 15 0
183 15 0
184 15 0
185 15 0
186 15 0
188 15 0
189 15 0
3 16 0
4 16 0
5 16 0
6 16 0
10 16 0
11 16 0
14 16 0
15 16 0
16 16 0
18 16 0
157 16 0
158 16 0
159 16 0
163 16 0
164 16 0
165 16 0
166 16 0
167 16 0
168 16 0
169 16 0
170 16 0
171 16 0
172 16 0
173 16 0
174 16 0
175 16 0
177 16 0
179 16 0
181 16 0
182 16 0
4 17 0
6 17 0
7 17 0
16 17 0
17 17 0
18 17 0
19 17 0
20 17 0
156 17 0
157 17 0
158 17 0
163 17 0
165 17 0
166 17 0
167 17 0
168 17 0
169 17 0
170 17 0
171 17 0
172 17 0
173 17 0
174 17 0
175 17 0
176 17 0
177 17 0
179 17 0
180 17 0
181 17 0
182 17 0
183 17 0
186 17 0
187 17 0
3 18 0
6 18 0
9 18 0
17 18 0
18 18 0
19 18 0
20 18 0
21 18 0
156 18 0
157 18 0
158 18 0
160 18 0
161 18 0
163 18 0
164 18 0
165 18 0
166 18 0
167 18 0
168 18 0
169 18 0
170 18 0
171 18 0
172 18 0
173 18 0
174 18 0
175 18 0
176 18 0
177 18 0
178 18 0
179 18 0
180 18 0
181 18 0
182 18 0
183 18 0
184 18 0
185 18 0
186 18 0
187 18 0
188 18 0
5 19 0
6 19 0
8 19 0
11 19 0
13 19 0
14 19 0
18 19 0
19 19 0
154 19 0
155 19 0
157 19 0
160 19 0
161 19 0
162 19 0
163 19 0
164 19 0
165 19 0
166 19 0
167 19 0
168 19 0
169 19 0
170 19 0
171 19 0
172 19 0
173 19 0
174 19 0
175 19 0
177 19 0
178 19 0
179 19 0
180 19 0
181 19 0
182 19 0
183 19 0
184 19 0
185 19 0
186 19 0
187 19 0
188 19 0
190 19 0
6 20 0
7 20 0
11 20 0
12 20 0
13 20 0
19 20 0
87 20 0
154 20 0
155 20 0
157 20 0
158 20 0
159 20 0
160 20 0
162 20 0
163 20 0
164 20 0
165 20 0
166 20 0
167 20 0
168 20 0
169 20 0
170 20 0
171 20 0
172 20 0
173 20 0
174 20 0
175 20 0
176 20 0
177 20 0
178 20 0
179 20 0
180 20 0
181 20 0
182 20 0
183 20 0
184 20 0
185 20 0
186 20 0
187 20 0
188 20 0
189 20 0
190 20 0
191 20 0
192 20 0
8 21 0
12 21 0
13 21 0
14 21 0
15 21 0
16 21 0
17 21 0
86 21 0
87 21 0
153 21 0
154 21 0
155 21 0
156 21 0
157 21 0
158 21 0
159 21 0
160 21 0
161 21 0
162 21 0
163 21 0
164 21 0
165 21 0
166 21 0
167 21 0
168 21 0
169 21 0
170 21 0
171 21 0
172 21 0
173 21 0
174 21 0
175 21 0
176 21 0
177 21 0
178 21 0
179 21 0
180 21 0
181 21 0
182 21 0
183 21 0
184 21 0
185 21 0
186 21 0
187 21 0
188 21 0
189 21 0
13 22 0
14 22 0
20 22 0
86 22 0
87 22 0
90 22 0
91 22 0
153 22 0
154 22 0
156 22 0
157 22 0
158 22 0
159 22 0
160 22 0
161 22 0
162 22 0
163 22 0
164 22 0
165 22 0
166 22 0
167 22 0
168 22 0
169 22 0
170 22 0
171 22 0
172 22 0
173 22 0
174 22 0
175 22 0
176 22 0
177 22 0
178 22 0
179 22 0
180 22 0
181 22 0
182 22 0
183 22 0
184 22 0
185 22 0
186 22 0
187 22 0
188 22 0
189 22 0
190 22 0
191 22 0
15 23 0
20 23 0
86 23 0
88 23 0
90 23 0
91 23 0
153 23 0
154 23 0
155 23 0
156 23 0
157 23 0
158 23 0
159 23 0
160 23 0
161 23 0
162 23 0
163 23 0
164 23 0
165 23 0
166 23 0
167 23 0
168 23 0
169 23 0
170 23 0
171 23 0
172 23 0
173 23 0
174 23 0
175 23 0
176 23 0
177 23 0
178 23 0
179 23 0
180 23 0
181 23 0
182 23 0
183 23 0
184 23 0
185 23 0
186 23 0
188 23 0
189 23 0
190 23 0
191 23 0
192 23 0
5 24 0
6 24 0
7 24 0
85 24 0
86 24 0
87 24 0
89 24 0
90 24 0
152 24 0
153 24 0
154 24 0
155 24 0
156 24 0
157 24 0
158 24 0
159 24 0
160 24 0
161 24 0
162 24 0
163 24 0
164 24 0
165 24 0
166 24 0
167 24 0
168 24 0
169 24 0
170 24 0
171 24 0
172 24 0
173 24 0
174 24 0
175 24 0
176 24 0
177 24 0
178 24 0
179 24 0
180 24 0
181 24 0
182 24 0
183 24 0
184 24 0
185 24 0
186 24 0
187 24 0
188 24 0
189 24 0
190 24 0
191 24 0
8 25 0
38 25 0
39 25 0
67 25 0
85 25 0
86 25 0
89 25 0
90 25 0
152 25 0
153 25 0
154 25 0
155 25 0
156 25 0
157 25 0
158 25 0
159 25 0
160 25 0
161 25 0
162 25 0
163 25 0
164 25 0
165 25 0
166 25 0
167 25 0
168 25 0
169 25 0
170 25 0
171 25 0
172 25 0
173 25 0
174 25 0
175 25 0
176 25 0
177 25 0
178 25 0
179 25 0
180 25 0
181 25 0
182 25 0
183 25 0
184 25 0
185 25 0
186 25 0
187 25 0
188 25 0
189 25 0
190 25 0
191 25 0
10 26 0
37 26 0
38 26 0
40 26 0
41 26 0
42 26 0
84 26 0
85 26 0
86 26 0
89 26 0
155 26 0
156 26 0
157 26 0
158 26 0
159 26 0
160 26 0
161 26 0
162 26 0
163 26 0
164 26 0
165 26 0
166 26 0
167 26 0
168 26 0
169 26 0
170 26 0
171 26 0
172 26 0
173 26 0
174 26 0
175 26 0
176 26 0
177 26 0
178 26 0
179 26 0
180 26 0
181 26 0
182 26 0
183 26 0
184 26 0
185 26 0
186 26 0
187 26 0
188 26 0
189 26 0
190 26 0
191 26 0
6 27 0
7 27 0
10 27 0
37 27 0
38 27 0
39 27 0
49 27 0
84 27 0
85 27 0
86 27 0
87 27 0
88 27 0
89 27 0
152 27 0
153 27 0
155 27 0
156 27 0
157 27 0
158 27 0
159 27 0
160 27 0
161 27 0
162 27 0
163 27 0
164 27 0
165 27 0
166 27 0
167 27 0
168 27 0
169 27 0
170 27 0
171 27 0
172 27 0
173 27 0
174 27 0
175 27 0
176 27 0
177 27 0
178 27 0
179 27 0
180 27 0
181 27 0
182 27 0
183 27 0
184 27 0
185 27 0
186 27 0
187 27 0
188 27 0
189 27 0
190 27 0
191 27 0
13 28 0
48 28 0
84 28 0
85 28 0
86 28 0
87 28 0
88 28 0
152 28 0
153 28 0
154 28 0
155 28 0
156 28 0
157 28 0
158 28 0
159 28 0
160 28 0
161 28 0
162 28 0
163 28 0
164 28 0
165 28 0
166 28 0
167 28 0
168 28 0
169 28 0
170 28 0
171 28 0
172 28 0
173 28 0
174 28 0
175 28 0
176 28 0
177 28 0
178 28 0
179 28 0
180 28 0
181 28 0
182 28 0
183 28 0
184 28 0
185 28 0
186 28 0
187 28 0
188 28 0
189 28 0
190 28 0
15 29 0
16 29 0
56 29 0
57 29 0
84 29 0
85 29 0
87 29 0
88 29 0
151 29 0
152 29 0
153 29 0
154 29 0
155 29 0
156 29 0
157 29 0
158 29 0
159 29 0
160 29 0
161 29 0
162 29 0
163 29 0
164 29 0
165 29 0
166 29 0
167 29 0
168 29 0
169 29 0
170 29 0
171 29 0
172 29 0
173 29 0
174 29 0
175 29 0
176 29 0
177 29 0
178 29 0
179 29 0
180 29 0
181 29 0
182 29 0
183 29 0
184 29 0
185 29 0
186 29 0
187 29 0
188 29 0
189 29 0
190 29 0
15 30 0
16 30 0
83 30 0
84 30 0
86 30 0
87 30 0
151 30 0
152 30 0
153 30 0
154 30 0
155 30 0
157 30 0
158 30 0
159 30 0
160 30 0
161 30 0
162 30 0
163 30 0
164 30 0
165 30 0
166 30 0
167 30 0
168 30 0
169 30 0
170 30 0
171 30 0
172 30 0
173 30 0
174 30 0
175 30 0
176 30 0
177 30 0
178 30 0
179 30 0
180 30 0
181 30 0
182 30 0
183 30 0
184 30 0
185 30 0
186 30 0
187 30 0
188 30 0
189 30 0
190 30 0
191 30 0
192 30 0
193 30 0
83 31 0
84 31 0
86 31 0
151 31 0
152 31 0
153 31 0
154 31 0
155 31 0
156 31 0
157 31 0
158 31 0
159 31 0
160 31 0
161 31 0
162 31 0
163 31 0
164 31 0
165 31 0
166 31 0
167 31 0
168 31 0
169 31 0
170 31 0
171 31 0
172 31 0
173 31 0
174 31 0
175 31 0
176 31 0
177 31 0
178 31 0
179 31 0
180 31 0
181 31 0
182 31 0
183 31 0
184 31 0
185 31 0
186 31 0
187 31 0
188 31 0
189 31 0
190 31 0
191 31 0
192 31 0
83 32 0
86 32 0
87 32 0
151 32 0
152 32 0
153 32 0
154 32 0
155 32 0
156 32 0
157 32 0
158 32 0
159 32 0
160 32 0
161 32 0
162 32 0
163 32 0
164 32 0
165 32 0
166 32 0
167 32 0
168 32 0
169 32 0
170 32 0
171 32 0
172 32 0
173 32 0
174 32 0
175 32 0
176 32 0
177 32 0
178 32 0
179 32 0
180 32 0
181 32 0
182 32 0
183 32 0
184 32 0
185 32 0
186 32 0
187 32 0
188 32 0
189 32 0
190 32 0
191 32 0
151 33 0
152 33 0
153 33 0
156 33 0
157 33 0
158 33 0
159 33 0
160 33 0
161 33 0
162 33 0
163 33 0
164 33 0
165 33 0
166 33 0
167 33 0
168 33 0
169 33 0
170 33 0
171 33 0
172 33 0
173 33 0
174 33 0
175 33 0
176 33 0
177 33 0
178 33 0
179 33 0
180 33 0
181 33 0
182 33 0
183 33 0
184 33 0
185 33 0
186 33 0
187 33 0
188 33 0
189 33 0
190 33 0
191 33 0
192 33 0
11 34 0
12 34 0
61 34 0
62 34 0
63 34 0
73 34 0
74 34 0
151 34 0
152 34 0
153 34 0
154 34 0
155 34 0
158 34 0
159 34 0
160 34 0
161 34 0
162 34 0
163 34 0
164 34 0
165 34 0
166 34 0
167 34 0
168 34 0
169 34 0
170 34 0
171 34 0
172 34 0
173 34 0
174 34 0
175 34 0
176 34 0
177 34 0
178 34 0
179 34 0
180 34 0
181 34 0
182 34 0
183 34 0
184 34 0
185 34 0
186 34 0
187 34 0
188 34 0
189 34 0
190 34 0
191 34 0
192 34 0
4 35 0
60 35 0
61 35 0
62 35 0
63 35 0
64 35 0
71 35 0
72 35 0
73 35 0
74 35 0
75 35 0
76 35 0
77 35 0
153 35 0
154 35 0
155 35 0
156 35 0
157 35 0
158 35 0
159 35 0
160 35 0
161 35 0
162 35 0
163 35 0
164 35 0
165 35 0
166 35 0
167 35 0
168 35 0
169 35 0
170 35 0
171 35 0
172 35 0
173 35 0
174 35 0
175 35 0
176 35 0
177 35 0
178 35 0
179 35 0
180 35 0
181 35 0
182 35 0
183 35 0
184 35 0
185 35 0
186 35 0
187 35 0
188 35 0
189 35 0
190 35 0
191 35 0
192 35 0
193 35 0
4 36 0
60 36 0
61 36 0
62 36 0
63 36 0
64 36 0
71 36 0
72 36 0
73 36 0
74 36 0
75 36 0
76 36 0
77 36 0
152 36 0
153 36 0
154 36 0
155 36 0
156 36 0
157 36 0
158 36 0
159 36 0
160 36 0
161 36 0
162 36 0
163 36 0
164 36 0
165 36 0
166 36 0
167 36 0
168 36 0
169 36 0
170 36 0
171 36 0
172 36 0
173 36 0
174 36 0
175 36 0
176 36 0
177 36 0
178 36 0
179 36 0
180 36 0
181 36 0
182 36 0
183 36 0
184 36 0
185 36 0
186 36 0
187 36 0
188 36 0
189 36 0
190 36 0
191 36 0
192 36 0
11 37 0
72 37 0
74 37 0
75 37 0
76 37 0
77 37 0
78 37 0
152 37 0
153 37 0
154 37 0
155 37 0
156 37 0
157 37 0
158 37 0
159 37 0
160 37 0
161 37 0
162 37 0
163 37 0
164 37 0
165 37 0
166 37 0
167 37 0
168 37 0
169 37 0
170 37 0
171 37 0
172 37 0
173 37 0
174 37 0
175 37 0
176 37 0
177 37 0
178 37 0
179 37 0
180 37 0
181 37 0
182 37 0
183 37 0
184 37 0
185 37 0
186 37 0
187 37 0
188 37 0
189 37 0
190 37 0
191 37 0
192 37 0
193 37 0
76 38 0
153 38 0
154 38 0
155 38 0
156 38 0
157 38 0
158 38 0
159 38 0
160 38 0
161 38 0
162 38 0
163 38 0
164 38 0
165 38 0
166 38 0
167 38 0
168 38 0
169 38 0
170 38 0
171 38 0
172 38 0
173 38 0
174 38 0
175 38 0
176 38 0
177 38 0
178 38 0
179 38 0
180 38 0
181 38 0
182 38 0
183 38 0
184 38 0
185 38 0
186 38 0
187 38 0
188 38 0
189 38 0
190 38 0
191 38 0
192 38 0
10 39 0
11 39 0
152 39 0
153 39 0
154 39 0
155 39 0
156 39 0
157 39 0
158 39 0
159 39 0
160 39 0
161 39 0
162 39 0
163 39 0
164 39 0
165 39 0
166 39 0
167 39 0
168 39 0
169 39 0
170 39 0
171 39 0
172 39 0
173 39 0
174 39 0
175 39 0
176 39 0
177 39 0
178 39 0
179 39 0
180 39 0
181 39 0
182 39 0
183 39 0
184 39 0
185 39 0
186 39 0
187 39 0
188 39 0
189 39 0
190 39 0
191 39 0
6 40 0
15 40 0
154 40 0
155 40 0
156 40 0
157 40 0
158 40 0
159 40 0
160 40 0
161 40 0
162 40 0
163 40 0
164 40 0
165 40 0
166 40 0
167 40 0
168 40 0
169 40 0
170 40 0
171 40 0
172 40 0
173 40 0
174 40 0
175 40 0
176 40 0
177 40 0
178 40 0
179 40 0
180 40 0
181 40 0
182 40 0
183 40 0
184 40 0
185 40 0
186 40 0
187 40 0
188 40 0
189 40 0
190 40 0
191 40 0
192 40 0
7 41 0
8 41 0
154 41 0
155 41 0
156 41 0
157 41 0
158 41 0
159 41 0
160 41 0
161 41 0
162 41 0
163 41 0
164 41 0
165 41 0
166 41 0
167 41 0
168 41 0
169 41 0
170 41 0
171 41 0
172 41 0
173 41 0
174 41 0
175 41 0
176 41 0
177 41 0
178 41 0
179 41 0
180 41 0
181 41 0
182 41 0
183 41 0
184 41 0
185 41 0
186 41 0
187 41 0
188 41 0
189 41 0
190 41 0
191 41 0
192 41 0
7 42 0
8 42 0
154 42 0
155 42 0
158 42 0
159 42 0
160 42 0
161 42 0
162 42 0
163 42 0
164 42 0
165 42 0
166 42 0
167 42 0
168 42 0
169 42 0
170 42 0
171 42 0
172 42 0
173 42 0
174 42 0
175 42 0
176 42 0
177 42 0
178 42 0
179 42 0
180 42 0
181 42 0
182 42 0
183 42 0
184 42 0
185 42 0
186 42 0
187 42 0
188 42 0
189 42 0
190 42 0
191 42 0
192 42 0
193 42 0
3 43 0
4 43 0
9 43 0
155 43 0
156 43 0
157 43 0
160 43 0
161 43 0
162 43 0
163 43 0
164 43 0
165 43 0
166 43 0
167 43 0
168 43 0
169 43 0
170 43 0
171 43 0
172 43 0
173 43 0
174 43 0
175 43 0
176 43 0
177 43 0
178 43 0
179 43 0
180 43 0
181 43 0
182 43 0
183 43 0
184 43 0
185 43 0
186 43 0
187 43 0
188 43 0
189 43 0
190 43 0
191 43 0
192 43 0
154 44 0
155 44 0
156 44 0
157 44 0
158 44 0
159 44 0
160 44 0
161 44 0
162 44 0
163 44 0
164 44 0
165 44 0
166 44 0
167 44 0
168 44 0
169 44 0
170 44 0
171 44 0
172 44 0
173 44 0
174 44 0
175 44 0
176 44 0
177 44 0
178 44 0
179 44 0
180 44 0
181 44 0
182 44 0
183 44 0
184 44 0
185 44 0
186 44 0
187 44 0
188 44 0
189 44 0
190 44 0
191 44 0
192 44 0
193 44 0
5 45 0
156 45 0
157 45 0
158 45 0
159 45 0
160 45 0
161 45 0
162 45 0
163 45 0
164 45 0
165 45 0
166 45 0
167 45 0
168 45 0
169 45 0
170 45 0
171 45 0
172 45 0
173 45 0
174 45 0
175 45 0
176 45 0
177 45 0
178 45 0
179 45 0
180 45 0
181 45 0
182 45 0
183 45 0
184 45 0
185 45 0
186 45 0
187 45 0
188 45 0
189 45 0
190 45 0
191 45 0
17 46 0
156 46 0
157 46 0
158 46 0
159 46 0
160 46 0
161 46 0
162 46 0
163 46 0
164 46 0
165 46 0
166 46 0
167 46 0
168 46 0
169 46 0
170 46 0
171 46 0
172 46 0
173 46 0
174 46 0
175 46 0
176 46 0
177 46 0
178 46 0
179 46 0
180 46 0
181 46 0
182 46 0
183 46 0
184 46 0
185 46 0
186 46 0
187 46 0
188 46 0
189 46 0
190 46 0
18 47 0
95 47 0
96 47 0
160 47 0
161 47 0
162 47 0
163 47 0
164 47 0
165 47 0
166 47 0
167 47 0
168 47 0
169 47 0
170 47 0
171 47 0
172 47 0
173 47 0
174 47 0
175 47 0
176 47 0
177 47 0
178 47 0
179 47 0
180 47 0
181 47 0
182 47 0
183 47 0
184 47 0
185 47 0
186 47 0
188 47 0
189 47 0
190 47 0
16 48 0
94 48 0
95 48 0
96 48 0
98 48 0
99 48 0
160 48 0
161 48 0
162 48 0
163 48 0
164 48 0
165 48 0
166 48 0
167 48 0
168 48 0
169 48 0
170 48 0
171 48 0
172 48 0
173 48 0
174 48 0
175 48 0
176 48 0
177 48 0
178 48 0
179 48 0
180 48 0
181 48 0
182 48 0
184 48 0
185 48 0
186 48 0
187 48 0
188 48 0
189 48 0
190 48 0
6 49 0
94 49 0
95 49 0
96 49 0
97 49 0
98 49 0
159 49 0
160 49 0
161 49 0
162 49 0
163 49 0
164 49 0
165 49 0
166 49 0
167 49 0
168 49 0
169 49 0
170 49 0
171 49 0
172 49 0
173 49 0
174 49 0
175 49 0
176 49 0
177 49 0
178 49 0
179 49 0
180 49 0
181 49 0
182 49 0
183 49 0
184 49 0
185 49 0
186 49 0
187 49 0
188 49 0
189 49 0
190 49 0
191 49 0
159 50 0
160 50 0
161 50 0
162 50 0
163 50 0
164 50 0
165 50 0
166 50 0
167 50 0
168 50 0
169 50 0
170 50 0
171 50 0
172 50 0
173 50 0
174 50 0
175 50 0
176 50 0
177 50 0
178 50 0
179 50 0
180 50 0
181 50 0
182 50 0
183 50 0
184 50 0
185 50 0
186 50 0
187 50 0
188 50 0
189 50 0
190 50 0
191 50 0
192 50 0
6 51 0
109 51 0
111 51 0
160 51 0
161 51 0
162 51 0
163 51 0
164 51 0
165 51 0
166 51 0
167 51 0
168 51 0
169 51 0
170 51 0
171 51 0
172 51 0
173 51 0
174 51 0
175 51 0
176 51 0
177 51 0
178 51 0
179 51 0
180 51 0
181 51 0
182 51 0
183 51 0
184 51 0
185 51 0
186 51 0
187 51 0
188 51 0
15 52 0
108 52 0
109 52 0
160 52 0
161 52 0
162 52 0
163 52 0
164 52 0
165 52 0
166 52 0
167 52 0
168 52 0
169 52 0
170 52 0
171 52 0
172 52 0
173 52 0
174 52 0
175 52 0
176 52 0
177 52 0
178 52 0
179 52 0
180 52 0
181 52 0
182 52 0
183 52 0
184 52 0
185 52 0
186 52 0
187 52 0
188 52 0
189 52 0
190 52 0
16 53 0
108 53 0
109 53 0
112 53 0
159 53 0
160 53 0
162 53 0
163 53 0
164 53 0
165 53 0
166 53 0
167 53 0
168 53 0
169 53 0
170 53 0
171 53 0
172 53 0
173 53 0
174 53 0
175 53 0
176 53 0
177 53 0
178 53 0
179 53 0
180 53 0
181 53 0
182 53 0
183 53 0
184 53 0
185 53 0
186 53 0
187 53 0
188 53 0
189 53 0
108 54 0
111 54 0
159 54 0
160 54 0
161 54 0
162 54 0
163 54 0
164 54 0
165 54 0
166 54 0
167 54 0
168 54 0
169 54 0
170 54 0
171 54 0
172 54 0
173 54 0
174 54 0
175 54 0
176 54 0
177 54 0
178 54 0
179 54 0
180 54 0
181 54 0
182 54 0
183 54 0
184 54 0
185 54 0
186 54 0
139 55 0
140 55 0
161 55 0
162 55 0
163 55 0
166 55 0
168 55 0
169 55 0
170 55 0
171 55 0
172 55 0
173 55 0
174 55 0
175 55 0
176 55 0
177 55 0
178 55 0
179 55 0
180 55 0
182 55 0
184 55 0
185 55 0
139 56 0
160 56 0
169 56 0
170 56 0
171 56 0
172 56 0
173 56 0
174 56 0
175 56 0
176 56 0
178 56 0
179 56 0
180 56 0
181 56 0
182 56 0
183 56 0
184 56 0
185 56 0
120 57 0
121 57 0
122 57 0
123 57 0
128 57 0
143 57 0
159 57 0
160 57 0
168 57 0
171 57 0
172 57 0
175 57 0
178 57 0
181 57 0
182 57 0
185 57 0
4 58 0
119 58 0
120 58 0
121 58 0
123 58 0
124 58 0
129 58 0
159 58 0
179 58 0
120 59 0
124 59 0
131 59 0
132 59 0
160 59 0
161 59 0
179 59 0
180 59 0
9 60 0
10 60 0
163 60 0
156 61 0
161 62 0
127 63 0
130 63 0
131 63 0
132 63 0
133 63 0
134 63 0
135 63 0
136 63 0
140 63 0
141 63 0
127 64 0
129 64 0
130 64 0
131 64 0
134 64 0
135 64 0
138 64 0
139 64 0
140 64 0
144 64 0
127 65 0
128 65 0
129 65 0
130 65 0
131 65 0
132 65 0
133 65 0
134 65 0
135 65 0
138 65 0
139 65 0
140 65 0
144 65 0
145 65 0
2 66 0
126 66 0
129 66 0
130 66 0
132 66 0
133 66 0
134 66 0
135 66 0
138 66 0
139 66 0
140 66 0
144 66 0
145 66 0
126 67 0
130 67 0
133 67 0
134 67 0
135 67 0
138 67 0
139 67 0
140 67 0
143 67 0
132 68 0
133 68 0
134 68 0
138 68 0
139 68 0
132 69 0
133 69 0
134 69 0
138 69 0
139 69 0
143 69 0
125 70 0
127 70 0
128 70 0
132 70 0
133 70 0
134 70 0
137 70 0
138 70 0
139 70 0
143 70 0
155 70 0
127 71 0
132 71 0
137 71 0
138 71 0
139 71 0
143 71 0
173 73 0
180 74 0
186 78 0
187 78 0
190 78 0
189 80 0
109 82 0
108 83 0
109 83 0
126 83 0
124 84 0
125 84 0
126 84 0
127 84 0
131 84 0
132 84 0
113 85 0
121 85 0
124 85 0
125 85 0
126 85 0
127 85 0
130 85 0
131 85 0
132 85 0
133 85 0
121 86 0
123 86 0
124 86 0
125 86 0
126 86 0
127 86 0
128 86 0
129 86 0
130 86 0
131 86 0
132 86 0
52 87 0
124 87 0
125 87 0
126 87 0
127 87 0
128 87 0
129 87 0
130 87 0
175 87 0
50 88 0
51 88 0
126 88 0
127 88 0
128 88 0
129 88 0
130 88 0
131 88 0
132 88 0
133 88 0
50 89 0
55 89 0
112 89 0
129 89 0
130 89 0
55 90 0
132 90 0
133 90 0
134 90 0
55 91 0
132 91 0
133 91 0
134 91 0
183 92 0
184 92 0
182 93 0
90 94 0
91 94 0
91 97 0
51 98 0
54 98 0
65 98 0
66 98 0
91 98 0
51 99 0
53 99 0
54 99 0
90 99 0
54 100 0
89 100 0
90 100 0
131 100 0
176 100 0
181 100 0
89 101 0
153 101 0
89 102 0
153 102 0
147 103 0
149 103 0
152 103 0
153 103 0
158 103 0
166 103 0
89 104 0
147 104 0
148 104 0
149 104 0
150 104 0
151 104 0
152 104 0
153 104 0
158 104 0
163 104 0
141 105 0
142 105 0
147 105 0
148 105 0
149 105 0
150 105 0
151 105 0
152 105 0
153 105 0
154 105 0
157 105 0
158 105 0
160 105 0
88 106 0
131 106 0
146 106 0
147 106 0
148 106 0
150 106 0
151 106 0
152 106 0
153 106 0
154 106 0
155 106 0
156 106 0
157 106 0
158 106 0
159 106 0
169 106 0
88 107 0
146 107 0
147 107 0
148 107 0
149 107 0
151 107 0
152 107 0
153 107 0
154 107 0
155 107 0
156 107 0
158 107 0
166 107 0
88 108 0
143 108 0
144 108 0
145 108 0
146 108 0
147 108 0
148 108 0
149 108 0
150 108 0
151 108 0
152 108 0
153 108 0
154 108 0
155 108 0
156 108 0
157 108 0
158 108 0
165 108 0
169 108 0
170 108 0
88 109 0
138 109 0
143 109 0
146 109 0
147 109 0
148 109 0
149 109 0
150 109 0
151 109 0
152 109 0
153 109 0
155 109 0
156 109 0
157 109 0
158 109 0
160 109 0
161 109 0
162 109 0
169 109 0
87 110 0
88 110 0
131 110 0
139 110 0
142 110 0
143 110 0
146 110 0
147 110 0
148 110 0
149 110 0
150 110 0
151 110 0
152 110 0
153 110 0
154 110 0
155 110 0
156 110 0
157 110 0
158 110 0
159 110 0
160 110 0
161 110 0
162 110 0
163 110 0
164 110 0
165 110 0
166 110 0
167 110 0
134 111 0
141 111 0
143 111 0
144 111 0
146 111 0
147 111 0
148 111 0
149 111 0
150 111 0
151 111 0
152 111 0
153 111 0
154 111 0
155 111 0
158 111 0
160 111 0
163 111 0
164 111 0
166 111 0
167 111 0
126 112 0
130 112 0
144 112 0
146 112 0
147 112 0
148 112 0
149 112 0
150 112 0
151 112 0
152 112 0
153 112 0
154 112 0
155 112 0
165 112 0
128 113 0
129 113 0
130 113 0
131 113 0
134 113 0
135 113 0
136 113 0
137 113 0
144 113 0
145 113 0
146 113 0
147 113 0
148 113 0
149 113 0
150 113 0
151 113 0
152 113 0
153 113 0
154 113 0
155 113 0
156 113 0
158 113 0
160 113 0
165 113 0
119 114 0
128 114 0
129 114 0
130 114 0
131 114 0
135 114 0
138 114 0
145 114 0
146 114 0
147 114 0
148 114 0
154 114 0
158 114 0
162 114 0
87 115 0
128 115 0
129 115 0
130 115 0
141 115 0
145 115 0
146 115 0
147 115 0
148 115 0
149 115 0
150 115 0
151 115 0
153 115 0
154 115 0
155 115 0
156 115 0
157 115 0
158 115 0
160 115 0
165 115 0
168 115 0
169 115 0
85 116 0
86 116 0
87 116 0
123 116 0
141 116 0
143 116 0
144 116 0
146 116 0
147 116 0
148 116 0
149 116 0
150 116 0
151 116 0
152 116 0
153 116 0
154 116 0
155 116 0
156 116 0
157 116 0
158 116 0
161 116 0
162 116 0
163 116 0
165 116 0
167 116 0
168 116 0
169 116 0
87 117 0
122 117 0
123 117 0
144 117 0
145 117 0
146 117 0
147 117 0
148 117 0
149 117 0
150 117 0
151 117 0
152 117 0
153 117 0
154 117 0
155 117 0
157 117 0
158 117 0
159 117 0
162 117 0
163 117 0
166 117 0
85 118 0
86 118 0
122 118 0
123 118 0
145 118 0
151 118 0
152 118 0
153 118 0
154 118 0
155 118 0
156 118 0
157 118 0
158 118 0
159 118 0
160 118 0
161 118 0
164 118 0
165 118 0
166 118 0
85 119 0
107 119 0
150 119 0
152 119 0
153 119 0
154 119 0
156 119 0
157 119 0
158 119 0
161 119 0
162 119 0
163 119 0
164 119 0
85 120 0
86 120 0
151 120 0
152 120 0
156 120 0
157 120 0
160 120 0
162 120 0
163 120 0
165 120 0
166 120 0
167 120 0
168 120 0
173 120 0
85 121 0
86 121 0
152 121 0
153 121 0
154 121 0
162 121 0
163 121 0
164 121 0
165 121 0
166 121 0
167 121 0
168 121 0
173 121 0
85 122 0
86 122 0
119 122 0
120 122 0
124 122 0
153 122 0
154 122 0
158 122 0
162 122 0
163 122 0
165 122 0
166 122 0
168 122 0
169 122 0
84 123 0
85 123 0
118 123 0
126 123 0
162 123 0
163 123 0
175 123 0
176 123 0
2 124 0
3 124 0
4 124 0
5 124 0
6 124 0
7 124 0
9 124 0
84 124 0
85 124 0
117 124 0
118 124 0
119 124 0
126 124 0
148 124 0
152 124 0
3 125 0
4 125 0
6 125 0
7 125 0
8 125 0
9 125 0
10 125 0
11 125 0
84 125 0
117 125 0
118 125 0
126 125 0
153 125 0
3 126 0
9 126 0
10 126 0
11 126 0
12 126 0
13 126 0
14 126 0
15 126 0
16 126 0
17 126 0
18 126 0
19 126 0
84 126 0
85 126 0
116 126 0
117 126 0
118 126 0
125 126 0
126 126 0
127 126 0
151 126 0
3 127 0
4 127 0
12 127 0
13 127 0
16 127 0
17 127 0
18 127 0
19 127 0
20 127 0
21 127 0
31 127 0
116 127 0
117 127 0
125 127 0
127 127 0
156 127 0
161 127 0
20 128 0
21 128 0
22 128 0
23 128 0
24 128 0
25 128 0
26 128 0
27 128 0
31 128 0
32 128 0
33 128 0
34 128 0
37 128 0
38 128 0
39 128 0
84 128 0
85 128 0
114 128 0
115 128 0
116 128 0
125 128 0
156 128 0
26 129 0
27 129 0
28 129 0
31 129 0
32 129 0
33 129 0
34 129 0
35 129 0
36 129 0
38 129 0
39 129 0
43 129 0
44 129 0
45 129 0
47 129 0
85 129 0
86 129 0
114 129 0
115 129 0
116 129 0
117 129 0
125 129 0
127 129 0
1 130 0
2 130 0
3 130 0
4 130 0
7 130 0
31 130 0
32 130 0
36 130 0
37 130 0
43 130 0
44 130 0
49 130 0
50 130 0
84 130 0
114 130 0
115 130 0
160 130 0
164 130 0
4 131 0
5 131 0
32 131 0
37 131 0
42 131 0
43 131 0
44 131 0
48 131 0
49 131 0
50 131 0
83 131 0
84 131 0
100 131 0
114 131 0
115 131 0
131 131 0
132 131 0
153 131 0
2 132 0
32 132 0
43 132 0
44 132 0
48 132 0
49 132 0
83 132 0
84 132 0
112 132 0
113 132 0
114 132 0
131 132 0
132 132 0
133 132 0
134 132 0
151 132 0
49 133 0
50 133 0
83 133 0
84 133 0
112 133 0
113 133 0
127 133 0
132 133 0
133 133 0
4 134 0
7 134 0
49 134 0
82 134 0
83 134 0
111 134 0
127 134 0
129 134 0
136 134 0
148 134 0
152 134 0
156 134 0
4 135 0
5 135 0
7 135 0
49 135 0
82 135 0
83 135 0
87 135 0
88 135 0
89 135 0
110 135 0
111 135 0
114 135 0
127 135 0
128 135 0
129 135 0
149 135 0
4 136 0
6 136 0
11 136 0
50 136 0
82 136 0
83 136 0
84 136 0
87 136 0
88 136 0
89 136 0
91 136 0
93 136 0
101 136 0
114 136 0
166 136 0
167 136 0
175 136 0
3 137 0
4 137 0
6 137 0
7 137 0
12 137 0
82 137 0
83 137 0
84 137 0
86 137 0
88 137 0
90 137 0
91 137 0
92 137 0
93 137 0
94 137 0
95 137 0
96 137 0
97 137 0
98 137 0
99 137 0
100 137 0
101 137 0
105 137 0
106 137 0
108 137 0
109 137 0
112 137 0
114 137 0
168 137 0
3 138 0
4 138 0
5 138 0
6 138 0
7 138 0
8 138 0
14 138 0
80 138 0
82 138 0
90 138 0
91 138 0
92 138 0
93 138 0
94 138 0
96 138 0
100 138 0
101 138 0
104 138 0
105 138 0
106 138 0
107 138 0
108 138 0
111 138 0
112 138 0
113 138 0
114 138 0
130 138 0
138 138 0
4 139 0
8 139 0
9 139 0
10 139 0
11 139 0
12 139 0
13 139 0
16 139 0
17 139 0
20 139 0
22 139 0
82 139 0
89 139 0
90 139 0
91 139 0
94 139 0
96 139 0
98 139 0
100 139 0
101 139 0
103 139 0
104 139 0
105 139 0
109 139 0
111 139 0
112 139 0
113 139 0
3 140 0
4 140 0
5 140 0
6 140 0
9 140 0
10 140 0
11 140 0
16 140 0
17 140 0
18 140 0
19 140 0
20 140 0
21 140 0
90 140 0
91 140 0
92 140 0
96 140 0
102 140 0
103 140 0
105 140 0
106 140 0
109 140 0
111 140 0
114 140 0
115 140 0
161 140 0
3 141 0
4 141 0
5 141 0
6 141 0
7 141 0
8 141 0
10 141 0
11 141 0
12 141 0
17 141 0
18 141 0
19 141 0
20 141 0
102 141 0
103 141 0
104 141 0
105 141 0
112 141 0
113 141 0
114 141 0
115 141 0
116 141 0
3 142 0
4 142 0
5 142 0
6 142 0
7 142 0
8 142 0
9 142 0
10 142 0
11 142 0
12 142 0
13 142 0
14 142 0
15 142 0
16 142 0
17 142 0
18 142 0
19 142 0
20 142 0
99 142 0
100 142 0
101 142 0
102 142 0
103 142 0
104 142 0
105 142 0
107 142 0
115 142 0
119 142 0
120 142 0
2 143 0
3 143 0
4 143 0
5 143 0
6 143 0
7 143 0
8 143 0
9 143 0
10 143 0
11 143 0
12 143 0
13 143 0
14 143 0
15 143 0
16 143 0
17 143 0
18 143 0
19 143 0
20 143 0
21 143 0
97 143 0
98 143 0
99 143 0
100 143 0
101 143 0
102 143 0
103 143 0
104 143 0
105 143 0
115 143 0
119 143 0
120 143 0
121 143 0
2 144 0
3 144 0
4 144 0
5 144 0
6 144 0
7 144 0
8 144 0
9 144 0
10 144 0
11 144 0
12 144 0
13 144 0
14 144 0
15 144 0
16 144 0
17 144 0
18 144 0
19 144 0
20 144 0
21 144 0
100 144 0
101 144 0
102 144 0
103 144 0
104 144 0
110 144 0
113 144 0
114 144 0
115 144 0
116 144 0
117 144 0
120 144 0
121 144 0
124 144 0
188 144 0
189 144 0
2 145 0
3 145 0
4 145 0
5 145 0
6 145 0
7 145 0
8 145 0
9 145 0
10 145 0
11 145 0
12 145 0
13 145 0
14 145 0
15 145 0
16 145 0
17 145 0
18 145 0
19 145 0
20 145 0
21 145 0
22 145 0
23 145 0
102 145 0
103 145 0
104 145 0
109 145 0
115 145 0
116 145 0
120 145 0
121 145 0
122 145 0
123 145 0
124 145 0
128 145 0
174 145 0
189 145 0
2 146 0
3 146 0
4 146 0
5 146 0
6 146 0
7 146 0
8 146 0
9 146 0
10 146 0
11 146 0
12 146 0
13 146 0
14 146 0
15 146 0
16 146 0
17 146 0
18 146 0
19 146 0
20 146 0
21 146 0
22 146 0
23 146 0
46 146 0
53 146 0
120 146 0
121 146 0
123 146 0
124 146 0
127 146 0
133 146 0
2 147 0
3 147 0
4 147 0
5 147 0
6 147 0
7 147 0
8 147 0
9 147 0
10 147 0
11 147 0
12 147 0
13 147 0
14 147 0
15 147 0
16 147 0
17 147 0
18 147 0
19 147 0
20 147 0
22 147 0
23 147 0
33 147 0
63 147 0
101 147 0
102 147 0
126 147 0
127 147 0
135 147 0
176 147 0
183 147 0
189 147 0
1 148 0
2 148 0
3 148 0
4 148 0
5 148 0
6 148 0
7 148 0
8 148 0
9 148 0
10 148 0
11 148 0
12 148 0
13 148 0
14 148 0
15 148 0
16 148 0
17 148 0
18 148 0
19 148 0
20 148 0
21 148 0
22 148 0
23 148 0
24 148 0
25 148 0
37 148 0
88 148 0
101 148 0
126 148 0
163 148 0
2 149 0
3 149 0
4 149 0
5 149 0
6 149 0
7 149 0
8 149 0
9 149 0
10 149 0
11 149 0
12 149 0
13 149 0
14 149 0
15 149 0
16 149 0
17 149 0
18 149 0
19 149 0
20 149 0
96 149 0
97 149 0
98 149 0
99 149 0
100 149 0
101 149 0
126 149 0
187 149 0
2 150 0
3 150 0
4 150 0
5 150 0
6 150 0
7 150 0
8 150 0
9 150 0
10 150 0
11 150 0
12 150 0
13 150 0
15 150 0
16 150 0
17 150 0
18 150 0
19 150 0
20 150 0
21 150 0
102 150 0
106 150 0
108 150 0
126 150 0
2 151 0
3 151 0
4 151 0
5 151 0
6 151 0
7 151 0
8 151 0
9 151 0
10 151 0
11 151 0
12 151 0
13 151 0
14 151 0
15 151 0
16 151 0
17 151 0
18 151 0
19 151 0
20 151 0
158 151 0
170 151 0
3 152 0
4 152 0
5 152 0
6 152 0
7 152 0
8 152 0
9 152 0
10 152 0
11 152 0
12 152 0
13 152 0
14 152 0
15 152 0
16 152 0
17 152 0
18 152 0
19 152 0
20 152 0
23 152 0
142 152 0
174 152 0
2 153 0
3 153 0
4 153 0
5 153 0
6 153 0
7 153 0
8 153 0
9 153 0
10 153 0
11 153 0
12 153 0
13 153 0
14 153 0
15 153 0
16 153 0
17 153 0
18 153 0
19 153 0
20 153 0
21 153 0
26 153 0
144 153 0
184 153 0
189 153 0
190 153 0
2 154 0
3 154 0
4 154 0
5 154 0
6 154 0
7 154 0
8 154 0
9 154 0
10 154 0
11 154 0
12 154 0
13 154 0
14 154 0
15 154 0
16 154 0
19 154 0
20 154 0
53 154 0
111 154 0
147 154 0
1 155 0
2 155 0
3 155 0
4 155 0
5 155 0
6 155 0
7 155 0
8 155 0
9 155 0
10 155 0
11 155 0
12 155 0
13 155 0
14 155 0
15 155 0
16 155 0
17 155 0
18 155 0
19 155 0
20 155 0
23 155 0
147 155 0
148 155 0
155 155 0
157 155 0
1 156 0
2 156 0
3 156 0
4 156 0
5 156 0
6 156 0
7 156 0
8 156 0
9 156 0
10 156 0
11 156 0
12 156 0
13 156 0
14 156 0
15 156 0
16 156 0
17 156 0
18 156 0
19 156 0
183 156 0
186 156 0
3 157 0
4 157 0
5 157 0
6 157 0
7 157 0
8 157 0
9 157 0
10 157 0
11 157 0
12 157 0
13 157 0
14 157 0
15 157 0
16 157 0
17 157 0
18 157 0
21 157 0
22 157 0
189 157 0
2 158 0
3 158 0
4 158 0
5 158 0
6 158 0
7 158 0
8 158 0
9 158 0
10 158 0
11 158 0
12 158 0
13 158 0
14 158 0
15 158 0
16 158 0
17 158 0
18 158 0
19 158 0
20 158 0
123 158 0
185 158 0
2 159 0
3 159 0
4 159 0
5 159 0
6 159 0
7 159 0
8 159 0
9 159 0
10 159 0
11 159 0
12 159 0
13 159 0
14 159 0
15 159 0
16 159 0
17 159 0
18 159 0
19 159 0
20 159 0
21 159 0
111 159 0
129 159 0
1 160 0
2 160 0
3 160 0
4 160 0
5 160 0
6 160 0
7 160 0
8 160 0
9 160 0
10 160 0
11 160 0
12 160 0
13 160 0
14 160 0
15 160 0
16 160 0
17 160 0
18 160 0
19 160 0
20 160 0
21 160 0
22 160 0
2 161 0
3 161 0
4 161 0
5 161 0
6 161 0
7 161 0
8 161 0
9 161 0
10 161 0
11 161 0
12 161 0
13 161 0
14 161 0
15 161 0
16 161 0
17 161 0
18 161 0
19 161 0
20 161 0
21 161 0
22 161 0
162 161 0
188 161 0
2 162 0
3 162 0
4 162 0
5 162 0
6 162 0
7 162 0
8 162 0
9 162 0
10 162 0
11 162 0
12 162 0
13 162 0
14 162 0
15 162 0
16 162 0
17 162 0
18 162 0
19 162 0
121 162 0
167 162 0
3 163 0
4 163 0
5 163 0
6 163 0
7 163 0
8 163 0
9 163 0
10 163 0
11 163 0
12 163 0
13 163 0
14 163 0
15 163 0
16 163 0
17 163 0
18 163 0
19 163 0
20 163 0
21 163 0
121 163 0
169 163 0
2 164 0
3 164 0
4 164 0
5 164 0
6 164 0
7 164 0
8 164 0
9 164 0
10 164 0
11 164 0
12 164 0
13 164 0
14 164 0
15 164 0
16 164 0
17 164 0
18 164 0
19 164 0
20 164 0
2 165 0
3 165 0
4 165 0
5 165 0
6 165 0
7 165 0
8 165 0
9 165 0
10 165 0
11 165 0
12 165 0
13 165 0
14 165 0
16 165 0
17 165 0
18 165 0
19 165 0
20 165 0
22 165 0
180 165 0
181 165 0
3 166 0
4 166 0
5 166 0
6 166 0
7 166 0
8 166 0
9 166 0
10 166 0
11 166 0
12 166 0
13 166 0
14 166 0
15 166 0
16 166 0
17 166 0
18 166 0
19 166 0
20 166 0
22 166 0
35 166 0
132 166 0
139 166 0
179 166 0
180 166 0
181 166 0
184 166 0
2 167 0
3 167 0
4 167 0
5 167 0
6 167 0
7 167 0
8 167 0
9 167 0
10 167 0
11 167 0
12 167 0
13 167 0
14 167 0
15 167 0
16 167 0
17 167 0
18 167 0
19 167 0
22 167 0
23 167 0
179 167 0
180 167 0
181 167 0
2 168 0
3 168 0
4 168 0
5 168 0
6 168 0
7 168 0
8 168 0
9 168 0
10 168 0
11 168 0
12 168 0
13 168 0
14 168 0
15 168 0
16 168 0
17 168 0
18 168 0
19 168 0
20 168 0
23 168 0
187 168 0
4 169 0
5 169 0
6 169 0
7 169 0
8 169 0
9 169 0
10 169 0
11 169 0
12 169 0
13 169 0
14 169 0
15 169 0
16 169 0
17 169 0
18 169 0
19 169 0
20 169 0
22 169 0
186 169 0
188 169 0
3 170 0
4 170 0
5 170 0
6 170 0
7 170 0
8 170 0
9 170 0
10 170 0
11 170 0
12 170 0
13 170 0
14 170 0
15 170 0
16 170 0
17 170 0
18 170 0
19 170 0
20 170 0
21 170 0
22 170 0
23 170 0
62 170 0
186 170 0
4 171 0
5 171 0
6 171 0
7 171 0
8 171 0
9 171 0
10 171 0
11 171 0
12 171 0
13 171 0
14 171 0
15 171 0
16 171 0
17 171 0
18 171 0
19 171 0
20 171 0
21 171 0
22 171 0
2 172 0
3 172 0
4 172 0
5 172 0
6 172 0
7 172 0
8 172 0
9 172 0
10 172 0
11 172 0
12 172 0
13 172 0
14 172 0
15 172 0
17 172 0
18 172 0
19 172 0
21 172 0
187 172 0
2 173 0
3 173 0
4 173 0
5 173 0
6 173 0
7 173 0
8 173 0
9 173 0
10 173 0
11 173 0
12 173 0
13 173 0
14 173 0
15 173 0
16 173 0
17 173 0
18 173 0
19 173 0
20 173 0
21 173 0
2 174 0
3 174 0
4 174 0
5 174 0
6 174 0
7 174 0
8 174 0
9 174 0
10 174 0
11 174 0
12 174 0
13 174 0
14 174 0
15 174 0
16 174 0
17 174 0
18 174 0
19 174 0
20 174 0
2 175 0
3 175 0
4 175 0
5 175 0
6 175 0
7 175 0
8 175 0
9 175 0
10 175 0
11 175 0
13 175 0
14 175 0
15 175 0
16 175 0
17 175 0
18 175 0
19 175 0
20 175 0
22 175 0
2 176 0
3 176 0
4 176 0
5 176 0
6 176 0
7 176 0
8 176 0
9 176 0
10 176 0
11 176 0
12 176 0
13 176 0
14 176 0
15 176 0
16 176 0
17 176 0
18 176 0
19 176 0
20 176 0
21 176 0
2 177 0
4 177 0
5 177 0
6 177 0
7 177 0
8 177 0
9 177 0
10 177 0
11 177 0
12 177 0
14 177 0
15 177 0
16 177 0
17 177 0
18 177 0
19 177 0
20 177 0
21 177 0
22 177 0
17 178 0
18 178 0
19 178 0
22 178 0
185 103 1
182 104 1
183 104 1
184 104 1
185 104 1
186 104 1
187 104 1
190 104 1
191 104 1
192 104 1
193 104 1
181 105 1
182 105 1
183 105 1
184 105 1
185 105 1
186 105 1
187 105 1
188 105 1
189 105 1
190 105 1
191 105 1
192 105 1
176 106 1
178 106 1
180 106 1
181 106 1
182 106 1
183 106 1
184 106 1
185 106 1
186 106 1
187 106 1
188 106 1
189 106 1
190 106 1
191 106 1
192 106 1
178 107 1
180 107 1
181 107 1
182 107 1
183 107 1
184 107 1
185 107 1
186 107 1
187 107 1
188 107 1
189 107 1
190 107 1
191 107 1
192 107 1
180 108 1
181 108 1
182 108 1
183 108 1
184 108 1
185 108 1
186 108 1
187 108 1
188 108 1
189 108 1
190 108 1
191 108 1
181 109 1
182 109 1
183 109 1
184 109 1
185 109 1
186 109 1
187 109 1
188 109 1
189 109 1
190 109 1
191 109 1
182 110 1
183 110 1
184 110 1
185 110 1
186 110 1
187 110 1
188 110 1
189 110 1
183 111 1
184 111 1
