19 2 0
19 3 0
158 3 0
159 3 0
161 3 0
162 3 0
165 3 0
166 3 0
168 3 0
157 4 0
158 4 0
159 4 0
160 4 0
161 4 0
162 4 0
163 4 0
165 4 0
166 4 0
171 4 0
19 5 0
23 5 0
24 5 0
155 5 0
156 5 0
157 5 0
158 5 0
159 5 0
160 5 0
161 5 0
162 5 0
163 5 0
165 5 0
166 5 0
167 5 0
168 5 0
169 5 0
174 5 0
152 6 0
153 6 0
154 6 0
155 6 0
156 6 0
157 6 0
158 6 0
159 6 0
160 6 0
161 6 0
162 6 0
163 6 0
164 6 0
166 6 0
169 6 0
172 6 0
150 7 0
151 7 0
152 7 0
153 7 0
155 7 0
157 7 0
158 7 0
159 7 0
160 7 0
161 7 0
162 7 0
163 7 0
164 7 0
165 7 0
168 7 0
169 7 0
172 7 0
175 7 0
176 7 0
179 7 0
148 8 0
149 8 0
150 8 0
151 8 0
152 8 0
153 8 0
160 8 0
161 8 0
162 8 0
163 8 0
164 8 0
166 8 0
167 8 0
168 8 0
169 8 0
170 8 0
171 8 0
172 8 0
175 8 0
148 9 0
149 9 0
150 9 0
151 9 0
152 9 0
153 9 0
154 9 0
155 9 0
156 9 0
158 9 0
159 9 0
160 9 0
161 9 0
163 9 0
164 9 0
165 9 0
166 9 0
167 9 0
168 9 0
169 9 0
170 9 0
171 9 0
172 9 0
174 9 0
175 9 0
177 9 0
178 9 0
179 9 0
180 9 0
6 10 0
38 10 0
148 10 0
149 10 0
150 10 0
151 10 0
154 10 0
155 10 0
156 10 0
157 10 0
159 10 0
160 10 0
161 10 0
162 10 0
163 10 0
164 10 0
165 10 0
166 10 0
167 10 0
168 10 0
169 10 0
170 10 0
171 10 0
174 10 0
175 10 0
178 10 0
146 11 0
147 11 0
148 11 0
149 11 0
150 11 0
151 11 0
152 11 0
153 11 0
154 11 0
155 11 0
156 11 0
157 11 0
158 11 0
159 11 0
160 11 0
161 11 0
162 11 0
163 11 0
164 11 0
165 11 0
166 11 0
167 11 0
168 11 0
169 11 0
170 11 0
171 11 0
172 11 0
173 11 0
174 11 0
175 11 0
176 11 0
6 12 0
145 12 0
146 12 0
147 12 0
148 12 0
149 12 0
150 12 0
151 12 0
152 12 0
153 12 0
154 12 0
155 12 0
156 12 0
157 12 0
158 12 0
159 12 0
160 12 0
161 12 0
162 12 0
163 12 0
164 12 0
165 12 0
166 12 0
167 12 0
168 12 0
169 12 0
170 12 0
171 12 0
172 12 0
173 12 0
174 12 0
175 12 0
179 12 0
180 12 0
185 12 0
12 13 0
146 13 0
147 13 0
148 13 0
149 13 0
151 13 0
152 13 0
153 13 0
154 13 0
155 13 0
156 13 0
157 13 0
158 13 0
159 13 0
160 13 0
161 13 0
162 13 0
163 13 0
164 13 0
165 13 0
166 13 0
167 13 0
168 13 0
169 13 0
170 13 0
171 13 0
172 13 0
173 13 0
174 13 0
175 13 0
176 13 0
177 13 0
178 13 0
179 13 0
180 13 0
182 13 0
12 14 0
15 14 0
144 14 0
145 14 0
146 14 0
148 14 0
149 14 0
150 14 0
151 14 0
152 14 0
153 14 0
154 14 0
155 14 0
156 14 0
157 14 0
158 14 0
159 14 0
160 14 0
161 14 0
162 14 0
163 14 0
164 14 0
165 14 0
166 14 0
167 14 0
168 14 0
169 14 0
170 14 0
171 14 0
172 14 0
173 14 0
174 14 0
175 14 0
176 14 0
177 14 0
178 14 0
180 14 0
181 14 0
182 14 0
183 14 0
185 14 0
186 14 0
187 14 0
144 15 0
145 15 0
146 15 0
147 15 0
148 15 0
149 15 0
150 15 0
151 15 0
152 15 0
153 15 0
154 15 0
155 15 0
156 15 0
157 15 0
158 15 0
159 15 0
160 15 0
161 15 0
162 15 0
163 15 0
164 15 0
165 15 0
166 15 0
167 15 0
168 15 0
169 15 0
170 15 0
171 15 0
172 15 0
173 15 0
174 15 0
175 15 0
176 15 0
177 15 0
178 15 0
179 15 0
180 15 0
181 15 0
182 15 0
183 15 0
184 15 0
185 15 0
188 15 0
189 15 0
3 16 0
17 16 0
18 16 0
78 16 0
79 16 0
80 16 0
143 16 0
144 16 0
145 16 0
146 16 0
147 16 0
148 16 0
150 16 0
151 16 0
152 16 0
153 16 0
154 16 0
155 16 0
156 16 0
157 16 0
158 16 0
159 16 0
160 16 0
161 16 0
162 16 0
163 16 0
164 16 0
165 16 0
166 16 0
167 16 0
168 16 0
169 16 0
170 16 0
171 16 0
172 16 0
173 16 0
174 16 0
175 16 0
176 16 0
177 16 0
178 16 0
179 16 0
180 16 0
181 16 0
184 16 0
185 16 0
189 16 0
190 16 0
77 17 0
78 17 0
79 17 0
81 17 0
143 17 0
144 17 0
147 17 0
148 17 0
149 17 0
150 17 0
151 17 0
152 17 0
153 17 0
154 17 0
155 17 0
156 17 0
157 17 0
158 17 0
159 17 0
160 17 0
161 17 0
162 17 0
163 17 0
164 17 0
165 17 0
166 17 0
167 17 0
168 17 0
169 17 0
170 17 0
171 17 0
172 17 0
174 17 0
175 17 0
176 17 0
177 17 0
178 17 0
179 17 0
180 17 0
181 17 0
185 17 0
187 17 0
77 18 0
78 18 0
81 18 0
82 18 0
142 18 0
143 18 0
144 18 0
145 18 0
146 18 0
148 18 0
149 18 0
150 18 0
151 18 0
152 18 0
153 18 0
154 18 0
155 18 0
156 18 0
157 18 0
158 18 0
159 18 0
160 18 0
161 18 0
162 18 0
163 18 0
164 18 0
165 18 0
166 18 0
167 18 0
168 18 0
169 18 0
170 18 0
171 18 0
172 18 0
173 18 0
174 18 0
175 18 0
176 18 0
177 18 0
178 18 0
179 18 0
180 18 0
181 18 0
182 18 0
183 18 0
184 18 0
185 18 0
186 18 0
187 18 0
190 18 0
191 18 0
31 19 0
77 19 0
78 19 0
81 19 0
82 19 0
142 19 0
143 19 0
144 19 0
145 19 0
146 19 0
147 19 0
148 19 0
149 19 0
150 19 0
151 19 0
152 19 0
153 19 0
154 19 0
155 19 0
156 19 0
157 19 0
158 19 0
159 19 0
160 19 0
161 19 0
162 19 0
163 19 0
164 19 0
165 19 0
166 19 0
167 19 0
168 19 0
169 19 0
170 19 0
171 19 0
172 19 0
173 19 0
174 19 0
175 19 0
176 19 0
177 19 0
178 19 0
179 19 0
180 19 0
182 19 0
183 19 0
184 19 0
185 19 0
186 19 0
187 19 0
189 19 0
13 20 0
31 20 0
32 20 0
61 20 0
77 20 0
78 20 0
81 20 0
82 20 0
142 20 0
143 20 0
144 20 0
145 20 0
146 20 0
147 20 0
148 20 0
149 20 0
150 20 0
151 20 0
152 20 0
153 20 0
154 20 0
155 20 0
156 20 0
157 20 0
158 20 0
159 20 0
160 20 0
161 20 0
162 20 0
163 20 0
164 20 0
165 20 0
166 20 0
167 20 0
168 20 0
169 20 0
170 20 0
171 20 0
172 20 0
173 20 0
174 20 0
175 20 0
176 20 0
177 20 0
178 20 0
179 20 0
180 20 0
181 20 0
182 20 0
183 20 0
184 20 0
185 20 0
186 20 0
187 20 0
189 20 0
190 20 0
30 21 0
32 21 0
33 21 0
41 21 0
42 21 0
76 21 0
77 21 0
80 21 0
81 21 0
142 21 0
143 21 0
144 21 0
145 21 0
146 21 0
147 21 0
148 21 0
149 21 0
150 21 0
151 21 0
152 21 0
153 21 0
154 21 0
155 21 0
156 21 0
157 21 0
158 21 0
159 21 0
160 21 0
161 21 0
162 21 0
163 21 0
164 21 0
165 21 0
166 21 0
167 21 0
168 21 0
169 21 0
170 21 0
171 21 0
172 21 0
173 21 0
174 21 0
175 21 0
176 21 0
177 21 0
178 21 0
179 21 0
180 21 0
181 21 0
182 21 0
183 21 0
184 21 0
185 21 0
186 21 0
187 21 0
188 21 0
189 21 0
190 21 0
29 22 0
30 22 0
32 22 0
33 22 0
40 22 0
41 22 0
42 22 0
76 22 0
77 22 0
79 22 0
80 22 0
81 22 0
141 22 0
142 22 0
143 22 0
144 22 0
145 22 0
146 22 0
147 22 0
148 22 0
149 22 0
150 22 0
151 22 0
152 22 0
153 22 0
154 22 0
155 22 0
156 22 0
157 22 0
158 22 0
159 22 0
160 22 0
161 22 0
162 22 0
163 22 0
164 22 0
165 22 0
166 22 0
167 22 0
168 22 0
169 22 0
170 22 0
171 22 0
172 22 0
173 22 0
174 22 0
175 22 0
176 22 0
177 22 0
178 22 0
179 22 0
180 22 0
181 22 0
182 22 0
183 22 0
184 22 0
185 22 0
186 22 0
187 22 0
188 22 0
189 22 0
191 22 0
29 23 0
30 23 0
31 23 0
32 23 0
40 23 0
44 23 0
75 23 0
76 23 0
77 23 0
78 23 0
79 23 0
80 23 0
141 23 0
143 23 0
144 23 0
145 23 0
146 23 0
147 23 0
148 23 0
149 23 0
150 23 0
151 23 0
152 23 0
153 23 0
154 23 0
155 23 0
156 23 0
157 23 0
158 23 0
159 23 0
160 23 0
161 23 0
162 23 0
163 23 0
164 23 0
165 23 0
166 23 0
167 23 0
168 23 0
169 23 0
170 23 0
171 23 0
172 23 0
173 23 0
174 23 0
175 23 0
176 23 0
177 23 0
178 23 0
179 23 0
180 23 0
181 23 0
182 23 0
183 23 0
185 23 0
187 23 0
188 23 0
191 23 0
47 24 0
75 24 0
76 24 0
77 24 0
78 24 0
79 24 0
80 24 0
141 24 0
142 24 0
143 24 0
144 24 0
145 24 0
146 24 0
147 24 0
148 24 0
149 24 0
150 24 0
151 24 0
152 24 0
153 24 0
154 24 0
155 24 0
156 24 0
157 24 0
158 24 0
159 24 0
160 24 0
161 24 0
162 24 0
163 24 0
164 24 0
165 24 0
166 24 0
167 24 0
168 24 0
169 24 0
170 24 0
171 24 0
172 24 0
173 24 0
174 24 0
175 24 0
176 24 0
177 24 0
178 24 0
179 24 0
180 24 0
181 24 0
182 24 0
183 24 0
184 24 0
185 24 0
186 24 0
187 24 0
188 24 0
189 24 0
190 24 0
47 25 0
75 25 0
76 25 0
77 25 0
79 25 0
80 25 0
141 25 0
142 25 0
143 25 0
144 25 0
145 25 0
146 25 0
147 25 0
148 25 0
149 25 0
150 25 0
151 25 0
152 25 0
153 25 0
154 25 0
155 25 0
156 25 0
157 25 0
158 25 0
159 25 0
160 25 0
161 25 0
162 25 0
163 25 0
164 25 0
165 25 0
166 25 0
167 25 0
168 25 0
169 25 0
170 25 0
171 25 0
172 25 0
173 25 0
174 25 0
175 25 0
176 25 0
177 25 0
178 25 0
179 25 0
180 25 0
181 25 0
182 25 0
183 25 0
184 25 0
185 25 0
186 25 0
187 25 0
188 25 0
189 25 0
190 25 0
47 26 0
75 26 0
76 26 0
77 26 0
78 26 0
79 26 0
140 26 0
141 26 0
142 26 0
143 26 0
145 26 0
146 26 0
147 26 0
148 26 0
149 26 0
150 26 0
151 26 0
152 26 0
153 26 0
154 26 0
155 26 0
156 26 0
157 26 0
158 26 0
159 26 0
160 26 0
161 26 0
162 26 0
163 26 0
164 26 0
165 26 0
166 26 0
167 26 0
168 26 0
169 26 0
170 26 0
171 26 0
172 26 0
173 26 0
174 26 0
175 26 0
176 26 0
177 26 0
178 26 0
179 26 0
180 26 0
181 26 0
182 26 0
183 26 0
184 26 0
185 26 0
186 26 0
187 26 0
188 26 0
189 26 0
190 26 0
75 27 0
140 27 0
141 27 0
142 27 0
143 27 0
145 27 0
146 27 0
147 27 0
148 27 0
149 27 0
150 27 0
151 27 0
152 27 0
153 27 0
154 27 0
155 27 0
156 27 0
157 27 0
158 27 0
159 27 0
160 27 0
161 27 0
162 27 0
163 27 0
164 27 0
165 27 0
166 27 0
167 27 0
168 27 0
169 27 0
170 27 0
171 27 0
172 27 0
173 27 0
174 27 0
175 27 0
176 27 0
177 27 0
178 27 0
179 27 0
180 27 0
181 27 0
182 27 0
183 27 0
184 27 0
185 27 0
186 27 0
187 27 0
188 27 0
189 27 0
190 27 0
191 27 0
77 28 0
140 28 0
141 28 0
142 28 0
143 28 0
144 28 0
145 28 0
146 28 0
147 28 0
148 28 0
149 28 0
150 28 0
151 28 0
152 28 0
153 28 0
154 28 0
155 28 0
156 28 0
157 28 0
158 28 0
159 28 0
160 28 0
161 28 0
162 28 0
163 28 0
164 28 0
165 28 0
166 28 0
167 28 0
168 28 0
169 28 0
170 28 0
171 28 0
172 28 0
173 28 0
174 28 0
175 28 0
176 28 0
177 28 0
178 28 0
179 28 0
180 28 0
181 28 0
182 28 0
183 28 0
184 28 0
185 28 0
186 28 0
187 28 0
188 28 0
189 28 0
190 28 0
191 28 0
53 29 0
54 29 0
55 29 0
64 29 0
65 29 0
66 29 0
141 29 0
142 29 0
143 29 0
144 29 0
145 29 0
146 29 0
147 29 0
148 29 0
149 29 0
150 29 0
151 29 0
152 29 0
153 29 0
154 29 0
155 29 0
156 29 0
157 29 0
158 29 0
159 29 0
160 29 0
161 29 0
162 29 0
163 29 0
164 29 0
165 29 0
166 29 0
167 29 0
168 29 0
169 29 0
170 29 0
171 29 0
172 29 0
173 29 0
174 29 0
175 29 0
176 29 0
177 29 0
178 29 0
179 29 0
180 29 0
181 29 0
182 29 0
183 29 0
184 29 0
185 29 0
186 29 0
187 29 0
188 29 0
189 29 0
190 29 0
52 30 0
53 30 0
54 30 0
55 30 0
58 30 0
60 30 0
61 30 0
62 30 0
63 30 0
64 30 0
65 30 0
66 30 0
67 30 0
141 30 0
142 30 0
143 30 0
144 30 0
146 30 0
147 30 0
148 30 0
149 30 0
150 30 0
151 30 0
152 30 0
153 30 0
154 30 0
155 30 0
156 30 0
157 30 0
158 30 0
159 30 0
160 30 0
161 30 0
162 30 0
163 30 0
164 30 0
165 30 0
166 30 0
167 30 0
168 30 0
169 30 0
170 30 0
171 30 0
172 30 0
173 30 0
174 30 0
175 30 0
176 30 0
177 30 0
178 30 0
179 30 0
180 30 0
181 30 0
182 30 0
183 30 0
184 30 0
185 30 0
186 30 0
187 30 0
188 30 0
189 30 0
190 30 0
191 30 0
52 31 0
53 31 0
54 31 0
55 31 0
56 31 0
60 31 0
63 31 0
64 31 0
66 31 0
67 31 0
68 31 0
69 31 0
141 31 0
142 31 0
143 31 0
144 31 0
145 31 0
146 31 0
147 31 0
148 31 0
149 31 0
150 31 0
151 31 0
152 31 0
153 31 0
154 31 0
155 31 0
156 31 0
157 31 0
158 31 0
159 31 0
160 31 0
161 31 0
162 31 0
163 31 0
164 31 0
165 31 0
166 31 0
167 31 0
168 31 0
169 31 0
170 31 0
171 31 0
172 31 0
173 31 0
174 31 0
175 31 0
176 31 0
177 31 0
178 31 0
179 31 0
180 31 0
181 31 0
182 31 0
184 31 0
185 31 0
186 31 0
187 31 0
188 31 0
189 31 0
190 31 0
191 31 0
55 32 0
61 32 0
66 32 0
67 32 0
68 32 0
69 32 0
141 32 0
142 32 0
143 32 0
144 32 0
145 32 0
146 32 0
147 32 0
149 32 0
150 32 0
151 32 0
152 32 0
153 32 0
154 32 0
155 32 0
156 32 0
157 32 0
158 32 0
159 32 0
160 32 0
161 32 0
162 32 0
163 32 0
164 32 0
165 32 0
166 32 0
167 32 0
168 32 0
169 32 0
170 32 0
171 32 0
172 32 0
173 32 0
174 32 0
175 32 0
176 32 0
177 32 0
178 32 0
179 32 0
180 32 0
181 32 0
182 32 0
183 32 0
184 32 0
185 32 0
186 32 0
187 32 0
188 32 0
189 32 0
190 32 0
68 33 0
69 33 0
141 33 0
142 33 0
143 33 0
144 33 0
145 33 0
146 33 0
147 33 0
148 33 0
149 33 0
150 33 0
151 33 0
152 33 0
153 33 0
154 33 0
155 33 0
156 33 0
157 33 0
158 33 0
159 33 0
160 33 0
161 33 0
162 33 0
163 33 0
164 33 0
165 33 0
166 33 0
167 33 0
168 33 0
169 33 0
170 33 0
171 33 0
172 33 0
173 33 0
174 33 0
175 33 0
176 33 0
177 33 0
178 33 0
179 33 0
180 33 0
181 33 0
182 33 0
183 33 0
184 33 0
185 33 0
186 33 0
187 33 0
188 33 0
189 33 0
190 33 0
191 33 0
66 34 0
67 34 0
142 34 0
143 34 0
144 34 0
145 34 0
146 34 0
147 34 0
148 34 0
149 34 0
150 34 0
151 34 0
152 34 0
153 34 0
154 34 0
155 34 0
156 34 0
157 34 0
158 34 0
159 34 0
160 34 0
161 34 0
162 34 0
163 34 0
164 34 0
165 34 0
166 34 0
167 34 0
168 34 0
169 34 0
170 34 0
171 34 0
172 34 0
173 34 0
174 34 0
175 34 0
176 34 0
177 34 0
178 34 0
179 34 0
180 34 0
181 34 0
182 34 0
183 34 0
184 34 0
185 34 0
186 34 0
187 34 0
188 34 0
189 34 0
190 34 0
191 34 0
142 35 0
143 35 0
144 35 0
145 35 0
146 35 0
147 35 0
148 35 0
149 35 0
150 35 0
151 35 0
152 35 0
153 35 0
154 35 0
155 35 0
156 35 0
157 35 0
158 35 0
159 35 0
160 35 0
161 35 0
162 35 0
163 35 0
164 35 0
165 35 0
166 35 0
167 35 0
168 35 0
169 35 0
170 35 0
171 35 0
172 35 0
173 35 0
174 35 0
175 35 0
176 35 0
177 35 0
178 35 0
179 35 0
180 35 0
181 35 0
182 35 0
183 35 0
184 35 0
185 35 0
186 35 0
187 35 0
188 35 0
189 35 0
190 35 0
191 35 0
143 36 0
144 36 0
145 36 0
146 36 0
147 36 0
148 36 0
149 36 0
150 36 0
151 36 0
152 36 0
153 36 0
154 36 0
155 36 0
156 36 0
157 36 0
158 36 0
159 36 0
160 36 0
161 36 0
162 36 0
163 36 0
164 36 0
165 36 0
166 36 0
167 36 0
168 36 0
169 36 0
170 36 0
171 36 0
172 36 0
173 36 0
174 36 0
175 36 0
176 36 0
177 36 0
178 36 0
179 36 0
180 36 0
181 36 0
182 36 0
183 36 0
184 36 0
185 36 0
186 36 0
187 36 0
188 36 0
189 36 0
190 36 0
143 37 0
144 37 0
145 37 0
146 37 0
147 37 0
148 37 0
149 37 0
150 37 0
151 37 0
152 37 0
153 37 0
154 37 0
155 37 0
156 37 0
157 37 0
158 37 0
159 37 0
160 37 0
161 37 0
162 37 0
163 37 0
164 37 0
165 37 0
166 37 0
167 37 0
168 37 0
169 37 0
170 37 0
171 37 0
172 37 0
173 37 0
174 37 0
175 37 0
176 37 0
177 37 0
178 37 0
179 37 0
180 37 0
181 37 0
182 37 0
183 37 0
184 37 0
185 37 0
186 37 0
187 37 0
188 37 0
189 37 0
190 37 0
143 38 0
144 38 0
145 38 0
146 38 0
147 38 0
148 38 0
149 38 0
150 38 0
151 38 0
152 38 0
153 38 0
154 38 0
155 38 0
156 38 0
157 38 0
158 38 0
159 38 0
160 38 0
161 38 0
162 38 0
163 38 0
164 38 0
165 38 0
166 38 0
167 38 0
168 38 0
169 38 0
170 38 0
171 38 0
172 38 0
173 38 0
174 38 0
175 38 0
176 38 0
177 38 0
178 38 0
179 38 0
180 38 0
181 38 0
182 38 0
183 38 0
184 38 0
185 38 0
186 38 0
187 38 0
188 38 0
189 38 0
144 39 0
145 39 0
146 39 0
147 39 0
148 39 0
149 39 0
150 39 0
151 39 0
152 39 0
153 39 0
154 39 0
155 39 0
156 39 0
157 39 0
158 39 0
159 39 0
160 39 0
161 39 0
162 39 0
163 39 0
164 39 0
165 39 0
166 39 0
167 39 0
168 39 0
169 39 0
170 39 0
171 39 0
172 39 0
173 39 0
174 39 0
175 39 0
176 39 0
177 39 0
178 39 0
179 39 0
180 39 0
181 39 0
182 39 0
183 39 0
184 39 0
185 39 0
186 39 0
187 39 0
188 39 0
189 39 0
144 40 0
145 40 0
146 40 0
147 40 0
148 40 0
149 40 0
150 40 0
151 40 0
152 40 0
153 40 0
154 40 0
155 40 0
156 40 0
157 40 0
158 40 0
159 40 0
160 40 0
161 40 0
162 40 0
163 40 0
164 40 0
165 40 0
166 40 0
167 40 0
168 40 0
169 40 0
170 40 0
171 40 0
172 40 0
173 40 0
174 40 0
175 40 0
176 40 0
177 40 0
178 40 0
179 40 0
180 40 0
181 40 0
182 40 0
183 40 0
184 40 0
185 40 0
186 40 0
187 40 0
188 40 0
145 41 0
146 41 0
147 41 0
148 41 0
149 41 0
150 41 0
151 41 0
152 41 0
153 41 0
154 41 0
155 41 0
156 41 0
157 41 0
158 41 0
159 41 0
160 41 0
161 41 0
162 41 0
163 41 0
164 41 0
165 41 0
166 41 0
167 41 0
168 41 0
169 41 0
170 41 0
171 41 0
172 41 0
173 41 0
174 41 0
175 41 0
176 41 0
177 41 0
178 41 0
179 41 0
180 41 0
181 41 0
182 41 0
183 41 0
184 41 0
185 41 0
186 41 0
187 41 0
188 41 0
190 41 0
87 42 0
88 42 0
89 42 0
148 42 0
149 42 0
150 42 0
151 42 0
152 42 0
153 42 0
154 42 0
155 42 0
156 42 0
157 42 0
158 42 0
159 42 0
160 42 0
161 42 0
162 42 0
163 42 0
164 42 0
165 42 0
166 42 0
167 42 0
168 42 0
169 42 0
170 42 0
171 42 0
172 42 0
173 42 0
174 42 0
175 42 0
176 42 0
177 42 0
178 42 0
179 42 0
180 42 0
181 42 0
182 42 0
183 42 0
184 42 0
185 42 0
186 42 0
85 43 0
86 43 0
87 43 0
88 43 0
89 43 0
150 43 0
151 43 0
152 43 0
153 43 0
154 43 0
155 43 0
156 43 0
157 43 0
158 43 0
159 43 0
160 43 0
161 43 0
162 43 0
163 43 0
164 43 0
165 43 0
166 43 0
167 43 0
168 43 0
169 43 0
170 43 0
171 43 0
172 43 0
173 43 0
174 43 0
175 43 0
176 43 0
177 43 0
178 43 0
181 43 0
182 43 0
183 43 0
185 43 0
85 44 0
86 44 0
87 44 0
88 44 0
89 44 0
91 44 0
94 44 0
95 44 0
96 44 0
149 44 0
150 44 0
151 44 0
152 44 0
153 44 0
154 44 0
155 44 0
156 44 0
157 44 0
158 44 0
159 44 0
160 44 0
161 44 0
162 44 0
163 44 0
164 44 0
165 44 0
166 44 0
167 44 0
168 44 0
169 44 0
170 44 0
171 44 0
172 44 0
173 44 0
174 44 0
175 44 0
176 44 0
177 44 0
178 44 0
179 44 0
180 44 0
181 44 0
182 44 0
86 45 0
87 45 0
88 45 0
91 45 0
99 45 0
149 45 0
150 45 0
151 45 0
152 45 0
153 45 0
154 45 0
155 45 0
156 45 0
157 45 0
158 45 0
159 45 0
160 45 0
161 45 0
162 45 0
163 45 0
164 45 0
165 45 0
166 45 0
167 45 0
168 45 0
169 45 0
170 45 0
171 45 0
172 45 0
173 45 0
174 45 0
175 45 0
176 45 0
177 45 0
178 45 0
179 45 0
180 45 0
181 45 0
182 45 0
183 45 0
185 45 0
186 45 0
187 45 0
99 46 0
100 46 0
101 46 0
150 46 0
151 46 0
152 46 0
153 46 0
154 46 0
155 46 0
156 46 0
157 46 0
158 46 0
159 46 0
160 46 0
161 46 0
162 46 0
163 46 0
164 46 0
165 46 0
166 46 0
167 46 0
168 46 0
169 46 0
170 46 0
171 46 0
172 46 0
173 46 0
174 46 0
175 46 0
176 46 0
177 46 0
178 46 0
179 46 0
180 46 0
181 46 0
182 46 0
183 46 0
184 46 0
185 46 0
7 47 0
8 47 0
99 47 0
101 47 0
151 47 0
152 47 0
153 47 0
154 47 0
155 47 0
156 47 0
157 47 0
158 47 0
159 47 0
160 47 0
161 47 0
162 47 0
163 47 0
164 47 0
165 47 0
166 47 0
167 47 0
168 47 0
169 47 0
170 47 0
171 47 0
172 47 0
173 47 0
174 47 0
175 47 0
176 47 0
177 47 0
178 47 0
179 47 0
180 47 0
181 47 0
99 48 0
100 48 0
102 48 0
103 48 0
150 48 0
151 48 0
152 48 0
153 48 0
154 48 0
155 48 0
156 48 0
157 48 0
158 48 0
159 48 0
160 48 0
161 48 0
162 48 0
163 48 0
164 48 0
165 48 0
166 48 0
167 48 0
168 48 0
169 48 0
170 48 0
171 48 0
172 48 0
173 48 0
174 48 0
175 48 0
176 48 0
177 48 0
178 48 0
179 48 0
99 49 0
100 49 0
101 49 0
102 49 0
103 49 0
150 49 0
152 49 0
153 49 0
154 49 0
155 49 0
156 49 0
157 49 0
158 49 0
159 49 0
160 49 0
161 49 0
162 49 0
163 49 0
164 49 0
165 49 0
166 49 0
167 49 0
168 49 0
169 49 0
170 49 0
171 49 0
172 49 0
173 49 0
174 49 0
175 49 0
176 49 0
177 49 0
178 49 0
99 50 0
100 50 0
101 50 0
102 50 0
131 50 0
153 50 0
154 50 0
156 50 0
157 50 0
158 50 0
159 50 0
160 50 0
161 50 0
162 50 0
163 50 0
164 50 0
165 50 0
166 50 0
167 50 0
168 50 0
169 50 0
170 50 0
171 50 0
172 50 0
173 50 0
174 50 0
175 50 0
176 50 0
184 50 0
114 51 0
130 51 0
131 51 0
154 51 0
157 51 0
158 51 0
159 51 0
160 51 0
161 51 0
162 51 0
163 51 0
164 51 0
165 51 0
166 51 0
167 51 0
168 51 0
169 51 0
170 51 0
171 51 0
172 51 0
173 51 0
176 51 0
178 51 0
111 52 0
112 52 0
113 52 0
114 52 0
119 52 0
130 52 0
160 52 0
162 52 0
163 52 0
164 52 0
165 52 0
166 52 0
167 52 0
168 52 0
169 52 0
170 52 0
171 52 0
176 52 0
111 53 0
112 53 0
134 53 0
163 53 0
164 53 0
165 53 0
166 53 0
167 53 0
168 53 0
169 53 0
175 53 0
111 54 0
112 54 0
114 54 0
115 54 0
123 54 0
134 54 0
164 54 0
165 54 0
166 54 0
169 54 0
170 54 0
175 54 0
114 55 0
115 55 0
121 55 0
122 55 0
123 55 0
115 56 0
144 56 0
154 56 0
163 56 0
118 58 0
123 58 0
126 58 0
127 58 0
128 58 0
131 58 0
162 58 0
118 59 0
121 59 0
125 59 0
126 59 0
127 59 0
131 59 0
125 60 0
126 60 0
127 60 0
128 60 0
131 60 0
124 61 0
125 61 0
129 61 0
130 61 0
131 61 0
135 61 0
136 61 0
124 62 0
125 62 0
126 62 0
129 62 0
130 62 0
134 62 0
135 62 0
136 62 0
121 63 0
123 63 0
124 63 0
125 63 0
128 63 0
129 63 0
130 63 0
135 63 0
121 64 0
122 64 0
124 64 0
125 64 0
129 64 0
130 64 0
122 65 0
123 65 0
124 65 0
125 65 0
128 65 0
129 65 0
130 65 0
134 65 0
123 66 0
124 66 0
125 66 0
128 66 0
129 66 0
134 66 0
123 67 0
126 67 0
128 67 0
129 67 0
131 67 0
133 67 0
104 77 0
99 78 0
100 78 0
102 78 0
103 78 0
104 78 0
100 79 0
114 79 0
115 79 0
116 79 0
117 79 0
114 80 0
115 80 0
116 80 0
117 80 0
118 80 0
121 80 0
122 80 0
123 80 0
190 80 0
114 81 0
115 81 0
116 81 0
117 81 0
118 81 0
119 81 0
121 81 0
122 81 0
123 81 0
42 82 0
43 82 0
111 82 0
114 82 0
115 82 0
116 82 0
117 82 0
118 82 0
119 82 0
120 82 0
121 82 0
122 82 0
123 82 0
41 83 0
42 83 0
111 83 0
116 83 0
117 83 0
118 83 0
119 83 0
120 83 0
121 83 0
42 84 0
118 84 0
119 84 0
120 84 0
121 84 0
46 85 0
47 85 0
121 85 0
122 85 0
123 85 0
46 86 0
47 86 0
122 86 0
123 86 0
124 86 0
125 86 0
47 87 0
123 87 0
124 87 0
125 87 0
190 87 0
21 88 0
47 88 0
167 89 0
82 92 0
42 93 0
43 93 0
191 93 0
42 94 0
43 94 0
45 94 0
57 94 0
58 94 0
80 94 0
122 94 0
144 94 0
44 95 0
45 95 0
190 95 0
45 96 0
79 96 0
80 96 0
144 96 0
188 96 0
189 96 0
79 97 0
80 97 0
142 97 0
143 97 0
189 97 0
79 98 0
80 98 0
137 98 0
138 98 0
139 98 0
140 98 0
141 98 0
142 98 0
143 98 0
144 98 0
79 99 0
137 99 0
138 99 0
139 99 0
140 99 0
141 99 0
142 99 0
79 100 0
80 100 0
137 100 0
138 100 0
139 100 0
140 100 0
141 100 0
142 100 0
147 100 0
148 100 0
78 101 0
79 101 0
127 101 0
128 101 0
136 101 0
137 101 0
138 101 0
139 101 0
140 101 0
141 101 0
142 101 0
143 101 0
144 101 0
145 101 0
78 102 0
79 102 0
123 102 0
124 102 0
127 102 0
128 102 0
137 102 0
138 102 0
139 102 0
140 102 0
141 102 0
142 102 0
143 102 0
144 102 0
145 102 0
146 102 0
147 102 0
161 102 0
78 103 0
79 103 0
124 103 0
125 103 0
129 103 0
132 103 0
134 103 0
136 103 0
137 103 0
138 103 0
139 103 0
140 103 0
141 103 0
142 103 0
143 103 0
144 103 0
145 103 0
146 103 0
147 103 0
151 103 0
78 104 0
79 104 0
118 104 0
125 104 0
128 104 0
136 104 0
137 104 0
138 104 0
139 104 0
140 104 0
141 104 0
142 104 0
143 104 0
144 104 0
145 104 0
146 104 0
147 104 0
148 104 0
149 104 0
150 104 0
54 105 0
78 105 0
119 105 0
126 105 0
128 105 0
129 105 0
134 105 0
135 105 0
136 105 0
137 105 0
138 105 0
139 105 0
140 105 0
141 105 0
142 105 0
143 105 0
144 105 0
145 105 0
147 105 0
148 105 0
150 105 0
78 106 0
118 106 0
119 106 0
127 106 0
135 106 0
136 106 0
137 106 0
139 106 0
140 106 0
141 106 0
142 106 0
143 106 0
144 106 0
145 106 0
146 106 0
147 106 0
148 106 0
78 107 0
118 107 0
119 107 0
120 107 0
125 107 0
126 107 0
127 107 0
135 107 0
136 107 0
137 107 0
138 107 0
139 107 0
140 107 0
141 107 0
142 107 0
143 107 0
144 107 0
145 107 0
146 107 0
147 107 0
148 107 0
149 107 0
77 108 0
118 108 0
119 108 0
120 108 0
121 108 0
123 108 0
124 108 0
125 108 0
126 108 0
134 108 0
135 108 0
136 108 0
137 108 0
138 108 0
139 108 0
140 108 0
141 108 0
142 108 0
143 108 0
144 108 0
145 108 0
146 108 0
147 108 0
148 108 0
149 108 0
150 108 0
77 109 0
78 109 0
115 109 0
118 109 0
120 109 0
121 109 0
122 109 0
123 109 0
124 109 0
125 109 0
127 109 0
128 109 0
129 109 0
130 109 0
132 109 0
133 109 0
134 109 0
135 109 0
136 109 0
137 109 0
138 109 0
139 109 0
140 109 0
141 109 0
142 109 0
143 109 0
144 109 0
145 109 0
146 109 0
147 109 0
148 109 0
149 109 0
150 109 0
151 109 0
152 109 0
153 109 0
154 109 0
77 110 0
109 110 0
123 110 0
124 110 0
125 110 0
126 110 0
129 110 0
130 110 0
131 110 0
132 110 0
133 110 0
134 110 0
135 110 0
136 110 0
137 110 0
138 110 0
139 110 0
140 110 0
141 110 0
142 110 0
143 110 0
144 110 0
145 110 0
146 110 0
149 110 0
150 110 0
151 110 0
153 110 0
154 110 0
155 110 0
77 111 0
114 111 0
133 111 0
134 111 0
135 111 0
136 111 0
137 111 0
138 111 0
139 111 0
140 111 0
141 111 0
142 111 0
143 111 0
144 111 0
145 111 0
146 111 0
147 111 0
148 111 0
149 111 0
151 111 0
158 111 0
77 112 0
134 112 0
135 112 0
136 112 0
137 112 0
138 112 0
139 112 0
140 112 0
141 112 0
142 112 0
143 112 0
144 112 0
145 112 0
146 112 0
147 112 0
148 112 0
149 112 0
153 112 0
155 112 0
76 113 0
77 113 0
113 113 0
137 113 0
139 113 0
140 113 0
141 113 0
142 113 0
143 113 0
144 113 0
145 113 0
146 113 0
147 113 0
148 113 0
150 113 0
160 113 0
76 114 0
77 114 0
97 114 0
113 114 0
139 114 0
140 114 0
141 114 0
142 114 0
143 114 0
144 114 0
145 114 0
146 114 0
147 114 0
148 114 0
150 114 0
157 114 0
75 115 0
76 115 0
77 115 0
137 115 0
138 115 0
140 115 0
142 115 0
143 115 0
144 115 0
145 115 0
146 115 0
147 115 0
148 115 0
149 115 0
150 115 0
151 115 0
152 115 0
75 116 0
76 116 0
77 116 0
111 116 0
134 116 0
137 116 0
138 116 0
139 116 0
140 116 0
142 116 0
143 116 0
144 116 0
145 116 0
147 116 0
148 116 0
149 116 0
150 116 0
155 116 0
17 117 0
76 117 0
109 117 0
110 117 0
111 117 0
117 117 0
139 117 0
143 117 0
144 117 0
157 117 0
158 117 0
19 118 0
75 118 0
76 118 0
109 118 0
110 118 0
117 118 0
135 118 0
136 118 0
146 118 0
156 118 0
161 118 0
162 118 0
75 119 0
76 119 0
109 119 0
116 119 0
117 119 0
118 119 0
137 119 0
138 119 0
139 119 0
140 119 0
162 119 0
5 120 0
75 120 0
109 120 0
116 120 0
117 120 0
140 120 0
141 120 0
151 120 0
2 121 0
3 121 0
4 121 0
5 121 0
6 121 0
7 121 0
8 121 0
9 121 0
10 121 0
75 121 0
76 121 0
106 121 0
107 121 0
108 121 0
115 121 0
116 121 0
117 121 0
118 121 0
141 121 0
142 121 0
146 121 0
3 122 0
4 122 0
5 122 0
6 122 0
7 122 0
8 122 0
9 122 0
10 122 0
11 122 0
12 122 0
13 122 0
14 122 0
15 122 0
16 122 0
19 122 0
22 122 0
23 122 0
24 122 0
25 122 0
75 122 0
76 122 0
106 122 0
107 122 0
108 122 0
116 122 0
117 122 0
118 122 0
139 122 0
140 122 0
141 122 0
3 123 0
4 123 0
7 123 0
8 123 0
9 123 0
10 123 0
11 123 0
12 123 0
13 123 0
14 123 0
15 123 0
16 123 0
17 123 0
18 123 0
19 123 0
22 123 0
23 123 0
24 123 0
25 123 0
26 123 0
27 123 0
28 123 0
29 123 0
30 123 0
31 123 0
32 123 0
75 123 0
76 123 0
104 123 0
105 123 0
106 123 0
107 123 0
114 123 0
115 123 0
116 123 0
117 123 0
118 123 0
140 123 0
141 123 0
145 123 0
10 124 0
11 124 0
12 124 0
13 124 0
14 124 0
15 124 0
16 124 0
17 124 0
18 124 0
19 124 0
20 124 0
22 124 0
23 124 0
24 124 0
26 124 0
27 124 0
28 124 0
29 124 0
30 124 0
31 124 0
32 124 0
33 124 0
34 124 0
35 124 0
36 124 0
37 124 0
38 124 0
39 124 0
75 124 0
76 124 0
103 124 0
104 124 0
105 124 0
106 124 0
115 124 0
116 124 0
117 124 0
118 124 0
119 124 0
149 124 0
17 125 0
18 125 0
19 125 0
21 125 0
22 125 0
23 125 0
33 125 0
34 125 0
35 125 0
36 125 0
37 125 0
38 125 0
39 125 0
40 125 0
74 125 0
75 125 0
76 125 0
103 125 0
104 125 0
105 125 0
106 125 0
148 125 0
22 126 0
23 126 0
26 126 0
32 126 0
39 126 0
40 126 0
41 126 0
74 126 0
75 126 0
104 126 0
105 126 0
106 126 0
121 126 0
122 126 0
23 127 0
27 127 0
28 127 0
29 127 0
30 127 0
32 127 0
33 127 0
34 127 0
35 127 0
37 127 0
39 127 0
40 127 0
41 127 0
73 127 0
74 127 0
75 127 0
103 127 0
121 127 0
122 127 0
123 127 0
124 127 0
133 127 0
147 127 0
35 128 0
36 128 0
37 128 0
39 128 0
40 128 0
41 128 0
73 128 0
74 128 0
75 128 0
102 128 0
103 128 0
104 128 0
105 128 0
106 128 0
117 128 0
122 128 0
124 128 0
133 128 0
141 128 0
147 128 0
39 129 0
40 129 0
41 129 0
73 129 0
74 129 0
75 129 0
77 129 0
101 129 0
102 129 0
103 129 0
104 129 0
117 129 0
118 129 0
119 129 0
124 129 0
36 130 0
40 130 0
73 130 0
74 130 0
75 130 0
101 130 0
102 130 0
118 130 0
120 130 0
140 130 0
144 130 0
145 130 0
40 131 0
73 131 0
74 131 0
77 131 0
80 131 0
81 131 0
82 131 0
83 131 0
89 131 0
90 131 0
99 131 0
100 131 0
101 131 0
103 131 0
118 131 0
145 131 0
41 132 0
73 132 0
74 132 0
77 132 0
80 132 0
81 132 0
82 132 0
85 132 0
86 132 0
87 132 0
88 132 0
89 132 0
90 132 0
91 132 0
96 132 0
97 132 0
99 132 0
100 132 0
101 132 0
103 132 0
104 132 0
9 133 0
73 133 0
74 133 0
80 133 0
81 133 0
83 133 0
87 133 0
88 133 0
89 133 0
90 133 0
91 133 0
92 133 0
94 133 0
95 133 0
96 133 0
97 133 0
98 133 0
99 133 0
100 133 0
101 133 0
102 133 0
103 133 0
104 133 0
105 133 0
8 134 0
9 134 0
11 134 0
12 134 0
73 134 0
74 134 0
81 134 0
82 134 0
83 134 0
92 134 0
94 134 0
95 134 0
96 134 0
97 134 0
99 134 0
100 134 0
103 134 0
104 134 0
4 135 0
5 135 0
6 135 0
7 135 0
8 135 0
9 135 0
10 135 0
11 135 0
74 135 0
82 135 0
84 135 0
86 135 0
92 135 0
93 135 0
94 135 0
95 135 0
96 135 0
100 135 0
4 136 0
5 136 0
6 136 0
7 136 0
8 136 0
9 136 0
10 136 0
11 136 0
12 136 0
13 136 0
81 136 0
82 136 0
83 136 0
84 136 0
86 136 0
87 136 0
88 136 0
90 136 0
92 136 0
93 136 0
94 136 0
95 136 0
96 136 0
3 137 0
4 137 0
5 137 0
6 137 0
7 137 0
8 137 0
9 137 0
10 137 0
11 137 0
12 137 0
14 137 0
15 137 0
17 137 0
18 137 0
19 137 0
20 137 0
88 137 0
90 137 0
91 137 0
92 137 0
93 137 0
94 137 0
95 137 0
96 137 0
97 137 0
103 137 0
109 137 0
3 138 0
4 138 0
5 138 0
6 138 0
7 138 0
8 138 0
9 138 0
10 138 0
11 138 0
12 138 0
13 138 0
14 138 0
15 138 0
16 138 0
17 138 0
18 138 0
19 138 0
20 138 0
22 138 0
91 138 0
92 138 0
93 138 0
94 138 0
95 138 0
109 138 0
110 138 0
111 138 0
4 139 0
5 139 0
6 139 0
7 139 0
8 139 0
9 139 0
13 139 0
14 139 0
15 139 0
16 139 0
17 139 0
18 139 0
19 139 0
20 139 0
21 139 0
22 139 0
23 139 0
25 139 0
32 139 0
33 139 0
92 139 0
93 139 0
94 139 0
95 139 0
96 139 0
107 139 0
109 139 0
110 139 0
111 139 0
2 140 0
3 140 0
4 140 0
5 140 0
6 140 0
8 140 0
9 140 0
10 140 0
11 140 0
12 140 0
13 140 0
14 140 0
15 140 0
16 140 0
20 140 0
21 140 0
22 140 0
23 140 0
25 140 0
27 140 0
29 140 0
30 140 0
31 140 0
32 140 0
33 140 0
91 140 0
92 140 0
93 140 0
94 140 0
95 140 0
96 140 0
97 140 0
98 140 0
99 140 0
100 140 0
101 140 0
102 140 0
103 140 0
104 140 0
105 140 0
106 140 0
107 140 0
108 140 0
109 140 0
110 140 0
111 140 0
112 140 0
113 140 0
114 140 0
115 140 0
116 140 0
2 141 0
3 141 0
5 141 0
6 141 0
8 141 0
12 141 0
14 141 0
17 141 0
20 141 0
21 141 0
32 141 0
40 141 0
41 141 0
42 141 0
43 141 0
44 141 0
45 141 0
47 141 0
92 141 0
102 141 0
104 141 0
105 141 0
106 141 0
107 141 0
110 141 0
111 141 0
113 141 0
114 141 0
115 141 0
116 141 0
5 142 0
6 142 0
11 142 0
12 142 0
13 142 0
14 142 0
15 142 0
17 142 0
18 142 0
21 142 0
43 142 0
45 142 0
46 142 0
49 142 0
50 142 0
53 142 0
54 142 0
114 142 0
5 143 0
6 143 0
7 143 0
8 143 0
9 143 0
10 143 0
13 143 0
14 143 0
15 143 0
18 143 0
20 143 0
52 143 0
53 143 0
54 143 0
59 143 0
60 143 0
61 143 0
62 143 0
63 143 0
64 143 0
65 143 0
67 143 0
69 143 0
70 143 0
71 143 0
72 143 0
74 143 0
75 143 0
77 143 0
3 144 0
4 144 0
5 144 0
7 144 0
9 144 0
10 144 0
16 144 0
17 144 0
19 144 0
20 144 0
21 144 0
22 144 0
60 144 0
64 144 0
67 144 0
72 144 0
73 144 0
74 144 0
75 144 0
76 144 0
77 144 0
78 144 0
79 144 0
80 144 0
81 144 0
82 144 0
83 144 0
84 144 0
85 144 0
86 144 0
87 144 0
88 144 0
89 144 0
90 144 0
91 144 0
92 144 0
2 145 0
4 145 0
8 145 0
12 145 0
13 145 0
14 145 0
17 145 0
18 145 0
19 145 0
22 145 0
90 145 0
92 145 0
93 145 0
95 145 0
117 145 0
6 146 0
7 146 0
11 146 0
12 146 0
13 146 0
16 146 0
17 146 0
18 146 0
19 146 0
21 146 0
2 147 0
7 147 0
8 147 0
9 147 0
10 147 0
11 147 0
12 147 0
15 147 0
16 147 0
17 147 0
19 147 0
134 147 0
2 148 0
3 148 0
4 148 0
5 148 0
6 148 0
7 148 0
15 148 0
16 148 0
17 148 0
8 149 0
9 149 0
10 149 0
13 149 0
15 149 0
16 149 0
17 149 0
18 149 0
19 149 0
20 149 0
117 149 0
130 149 0
10 150 0
11 150 0
15 150 0
3 151 0
4 151 0
6 151 0
7 151 0
8 151 0
12 151 0
13 151 0
17 151 0
18 151 0
24 151 0
3 152 0
4 152 0
5 152 0
7 152 0
8 152 0
12 152 0
17 152 0
18 152 0
19 152 0
20 152 0
23 152 0
2 153 0
5 153 0
6 153 0
7 153 0
8 153 0
10 153 0
14 153 0
17 153 0
18 153 0
19 153 0
20 153 0
21 153 0
22 153 0
3 154 0
7 154 0
10 154 0
17 154 0
21 154 0
22 154 0
5 155 0
6 155 0
7 155 0
9 155 0
12 155 0
13 155 0
14 155 0
18 155 0
6 156 0
7 156 0
9 156 0
16 156 0
17 156 0
18 156 0
21 156 0
23 156 0
2 157 0
6 157 0
7 157 0
10 157 0
11 157 0
13 157 0
15 157 0
16 157 0
17 157 0
18 157 0
19 157 0
21 157 0
22 157 0
6 158 0
9 158 0
10 158 0
11 158 0
15 158 0
16 158 0
19 158 0
112 158 0
116 158 0
4 159 0
9 159 0
10 159 0
11 159 0
13 159 0
20 159 0
113 159 0
5 160 0
6 160 0
10 160 0
11 160 0
12 160 0
13 160 0
14 160 0
15 160 0
116 160 0
117 160 0
3 161 0
4 161 0
6 161 0
10 161 0
11 161 0
12 161 0
13 161 0
14 161 0
121 161 0
122 161 0
4 162 0
5 162 0
6 162 0
8 162 0
11 162 0
12 162 0
13 162 0
15 162 0
5 163 0
6 163 0
8 163 0
12 163 0
19 163 0
3 164 0
5 164 0
8 164 0
9 164 0
12 164 0
18 164 0
19 164 0
4 165 0
5 165 0
14 165 0
15 165 0
18 165 0
4 166 0
5 166 0
8 166 0
10 166 0
11 166 0
13 166 0
14 166 0
15 166 0
22 166 0
6 167 0
7 167 0
8 167 0
9 167 0
13 167 0
4 168 0
5 168 0
8 168 0
9 168 0
17 168 0
5 169 0
8 169 0
9 169 0
11 169 0
12 169 0
17 169 0
18 169 0
5 170 0
6 170 0
8 170 0
9 170 0
10 170 0
14 170 0
19 170 0
21 170 0
2 171 0
5 171 0
6 171 0
7 171 0
8 171 0
13 171 0
19 171 0
21 171 0
6 172 0
10 172 0
3 173 0
8 173 0
11 173 0
19 173 0
21 173 0
5 174 0
7 174 0
8 174 0
10 174 0
11 174 0
18 174 0
21 174 0
65 174 0
5 175 0
6 175 0
7 175 0
8 175 0
10 175 0
11 175 0
12 175 0
13 175 0
14 175 0
20 175 0
65 175 0
5 176 0
6 176 0
7 176 0
10 176 0
14 176 0
15 176 0
16 176 0
5 177 0
6 177 0
14 177 0
15 177 0
16 177 0
17 177 0
18 177 0
19 177 0
17 178 0
18 178 0
194 94 1
190 95 1
197 96 1
191 97 1
189 99 1
190 99 1
193 100 1
190 103 1
190 104 1
192 104 1
194 105 1
195 105 1
187 106 1
189 106 1
192 106 1
195 106 1
187 107 1
188 107 1
189 107 1
191 107 1
193 107 1
187 108 1
189 108 1
186 109 1
187 109 1
188 109 1
191 109 1
186 110 1
187 110 1
188 110 1
190 110 1
186 111 1
190 111 1
190 112 1
191 112 1
171 113 1
186 113 1
187 113 1
188 113 1
190 113 1
192 113 1
171 114 1
183 114 1
185 114 1
189 114 1
190 114 1
175 115 1
185 115 1
187 115 1
192 115 1
185 116 1
186 116 1
187 116 1
189 116 1
193 116 1
194 116 1
181 117 1
187 117 1
189 117 1
190 117 1
191 117 1
192 117 1
193 117 1
194 117 1
196 117 1
176 118 1
177 118 1
178 118 1
179 118 1
182 118 1
183 118 1
184 118 1
185 118 1
186 118 1
191 118 1
192 118 1
193 118 1
173 119 1
174 119 1
175 119 1
176 119 1
177 119 1
178 119 1
179 119 1
180 119 1
181 119 1
182 119 1
183 119 1
184 119 1
185 119 1
186 119 1
191 119 1
193 119 1
173 120 1
174 120 1
175 120 1
176 120 1
177 120 1
178 120 1
179 120 1
180 120 1
181 120 1
182 120 1
183 120 1
184 120 1
185 120 1
188 120 1
189 120 1
190 120 1
171 121 1
172 121 1
173 121 1
174 121 1
175 121 1
176 121 1
177 121 1
178 121 1
179 121 1
180 121 1
181 121 1
182 121 1
183 121 1
184 121 1
185 121 1
188 121 1
189 121 1
192 121 1
193 121 1
196 121 1
171 122 1
172 122 1
173 122 1
174 122 1
175 122 1
176 122 1
177 122 1
178 122 1
179 122 1
180 122 1
181 122 1
182 122 1
183 122 1
186 122 1
188 122 1
189 122 1
190 122 1
173 123 1
174 123 1
175 123 1
176 123 1
177 123 1
178 123 1
179 123 1
180 123 1
181 123 1
182 123 1
185 123 1
188 123 1
190 123 1
192 123 1
194 123 1
196 123 1
173 124 1
174 124 1
175 124 1
176 124 1
177 124 1
178 124 1
179 124 1
180 124 1
184 124 1
185 124 1
187 124 1
188 124 1
192 124 1
193 124 1
195 124 1
196 124 1
174 125 1
175 125 1
184 125 1
185 125 1
187 125 1
188 125 1
190 125 1
192 125 1
193 125 1
194 125 1
182 126 1
183 126 1
185 126 1
187 126 1
189 126 1
191 126 1
192 126 1
193 126 1
181 127 1
183 127 1
184 127 1
185 127 1
187 127 1
189 127 1
191 127 1
192 127 1
193 127 1
194 127 1
195 127 1
181 128 1
182 128 1
184 128 1
187 128 1
189 128 1
191 128 1
189 129 1
190 129 1
191 129 1
188 130 1
189 130 1
190 130 1
185 131 1
186 131 1
190 131 1
185 132 1
188 132 1
185 133 1
186 133 1
190 133 1
183 134 1
187 134 1
181 136 1
187 136 1
189 137 1
194 137 1
184 138 1
188 138 1
171 139 1
184 139 1
187 139 1
189 139 1
190 139 1
193 139 1
195 139 1
184 140 1
188 140 1
187 141 1
188 141 1
189 141 1
191 141 1
193 141 1
196 141 1
179 142 1
180 142 1
181 142 1
189 142 1
194 142 1
177 143 1
178 143 1
179 143 1
180 143 1
181 143 1
183 143 1
185 143 1
189 143 1
190 143 1
177 144 1
179 144 1
183 144 1
185 144 1
189 144 1
190 144 1
177 145 1
180 145 1
184 145 1
185 145 1
190 145 1
191 145 1
177 146 1
184 146 1
187 146 1
188 146 1
189 146 1
193 146 1
177 147 1
186 147 1
188 147 1
191 147 1
179 148 1
182 148 1
184 148 1
186 148 1
176 149 1
179 149 1
181 149 1
183 149 1
184 149 1
190 149 1
191 149 1
192 149 1
175 150 1
181 150 1
183 150 1
188 150 1
189 150 1
190 150 1
175 151 1
181 151 1
183 151 1
184 151 1
185 151 1
188 151 1
174 152 1
175 152 1
178 152 1
181 152 1
183 152 1
184 152 1
188 152 1
189 152 1
174 153 1
175 153 1
178 153 1
183 153 1
187 153 1
174 154 1
175 154 1
178 154 1
180 154 1
189 154 1
174 155 1
175 155 1
180 155 1
184 155 1
187 155 1
188 155 1
190 155 1
193 155 1
174 156 1
185 156 1
179 157 1
188 157 1
189 157 1
192 157 1
175 158 1
179 158 1
189 158 1
172 159 1
172 160 1
178 160 1
179 160 1
182 160 1
178 161 1
180 161 1
178 162 1
