2 1 0
3 1 0
4 1 0
5 1 0
6 1 0
7 1 0
8 1 0
9 1 0
10 1 0
11 1 0
12 1 0
13 1 0
14 1 0
15 1 0
16 1 0
17 1 0
18 1 0
19 1 0
20 1 0
21 1 0
22 1 0
23 1 0
24 1 0
25 1 0
26 1 0
27 1 0
28 1 0
29 1 0
30 1 0
31 1 0
32 1 0
2 2 0
3 2 0
4 2 0
5 2 0
6 2 0
7 2 0
8 2 0
9 2 0
10 2 0
11 2 0
12 2 0
13 2 0
14 2 0
15 2 0
16 2 0
17 2 0
18 2 0
19 2 0
20 2 0
21 2 0
22 2 0
23 2 0
24 2 0
25 2 0
26 2 0
27 2 0
28 2 0
29 2 0
30 2 0
31 2 0
32 2 0
34 2 0
141 2 0
1 3 0
3 3 0
4 3 0
5 3 0
6 3 0
7 3 0
8 3 0
9 3 0
10 3 0
11 3 0
12 3 0
13 3 0
14 3 0
15 3 0
16 3 0
17 3 0
18 3 0
19 3 0
20 3 0
21 3 0
22 3 0
23 3 0
24 3 0
25 3 0
26 3 0
27 3 0
28 3 0
29 3 0
30 3 0
31 3 0
32 3 0
33 3 0
129 3 0
3 4 0
4 4 0
7 4 0
8 4 0
9 4 0
10 4 0
11 4 0
12 4 0
13 4 0
14 4 0
15 4 0
16 4 0
17 4 0
18 4 0
19 4 0
20 4 0
21 4 0
22 4 0
23 4 0
24 4 0
25 4 0
26 4 0
27 4 0
28 4 0
29 4 0
30 4 0
31 4 0
32 4 0
33 4 0
34 4 0
3 5 0
6 5 0
7 5 0
8 5 0
9 5 0
10 5 0
11 5 0
12 5 0
13 5 0
14 5 0
15 5 0
16 5 0
17 5 0
18 5 0
19 5 0
20 5 0
21 5 0
22 5 0
23 5 0
24 5 0
25 5 0
26 5 0
27 5 0
28 5 0
29 5 0
30 5 0
31 5 0
32 5 0
33 5 0
2 6 0
3 6 0
4 6 0
7 6 0
8 6 0
9 6 0
10 6 0
11 6 0
12 6 0
13 6 0
14 6 0
15 6 0
16 6 0
17 6 0
18 6 0
19 6 0
20 6 0
21 6 0
22 6 0
23 6 0
24 6 0
25 6 0
26 6 0
27 6 0
28 6 0
29 6 0
30 6 0
31 6 0
32 6 0
33 6 0
34 6 0
35 6 0
2 7 0
4 7 0
5 7 0
6 7 0
7 7 0
8 7 0
9 7 0
10 7 0
11 7 0
12 7 0
13 7 0
14 7 0
15 7 0
16 7 0
17 7 0
18 7 0
19 7 0
20 7 0
21 7 0
22 7 0
23 7 0
24 7 0
25 7 0
26 7 0
27 7 0
28 7 0
29 7 0
30 7 0
31 7 0
32 7 0
33 7 0
3 8 0
4 8 0
6 8 0
7 8 0
8 8 0
9 8 0
10 8 0
11 8 0
12 8 0
13 8 0
14 8 0
15 8 0
16 8 0
17 8 0
18 8 0
19 8 0
20 8 0
21 8 0
22 8 0
23 8 0
24 8 0
25 8 0
26 8 0
27 8 0
28 8 0
29 8 0
30 8 0
31 8 0
32 8 0
33 8 0
34 8 0
35 8 0
36 8 0
37 8 0
3 9 0
4 9 0
5 9 0
6 9 0
7 9 0
8 9 0
9 9 0
10 9 0
11 9 0
12 9 0
13 9 0
14 9 0
15 9 0
16 9 0
17 9 0
18 9 0
19 9 0
20 9 0
21 9 0
22 9 0
23 9 0
24 9 0
25 9 0
26 9 0
27 9 0
28 9 0
29 9 0
30 9 0
31 9 0
32 9 0
33 9 0
34 9 0
3 10 0
4 10 0
6 10 0
7 10 0
8 10 0
9 10 0
10 10 0
11 10 0
12 10 0
13 10 0
14 10 0
15 10 0
16 10 0
17 10 0
18 10 0
19 10 0
20 10 0
21 10 0
22 10 0
23 10 0
24 10 0
25 10 0
26 10 0
27 10 0
28 10 0
29 10 0
30 10 0
31 10 0
32 10 0
33 10 0
6 11 0
7 11 0
8 11 0
9 11 0
10 11 0
11 11 0
12 11 0
13 11 0
14 11 0
15 11 0
16 11 0
17 11 0
18 11 0
19 11 0
20 11 0
21 11 0
22 11 0
23 11 0
24 11 0
25 11 0
26 11 0
27 11 0
28 11 0
29 11 0
30 11 0
31 11 0
32 11 0
33 11 0
6 12 0
9 12 0
10 12 0
11 12 0
12 12 0
13 12 0
14 12 0
15 12 0
16 12 0
17 12 0
18 12 0
19 12 0
20 12 0
21 12 0
22 12 0
23 12 0
24 12 0
25 12 0
26 12 0
27 12 0
28 12 0
29 12 0
30 12 0
31 12 0
32 12 0
33 12 0
34 12 0
174 12 0
4 13 0
5 13 0
6 13 0
7 13 0
8 13 0
9 13 0
10 13 0
11 13 0
12 13 0
13 13 0
14 13 0
15 13 0
16 13 0
17 13 0
18 13 0
19 13 0
20 13 0
21 13 0
22 13 0
23 13 0
24 13 0
25 13 0
26 13 0
27 13 0
28 13 0
29 13 0
30 13 0
31 13 0
32 13 0
33 13 0
34 13 0
35 13 0
174 13 0
2 14 0
5 14 0
8 14 0
9 14 0
10 14 0
12 14 0
13 14 0
14 14 0
15 14 0
16 14 0
17 14 0
18 14 0
19 14 0
21 14 0
25 14 0
26 14 0
27 14 0
28 14 0
29 14 0
30 14 0
31 14 0
32 14 0
33 14 0
34 14 0
35 14 0
41 14 0
51 14 0
52 14 0
53 14 0
173 14 0
174 14 0
5 15 0
7 15 0
8 15 0
9 15 0
10 15 0
13 15 0
14 15 0
15 15 0
16 15 0
17 15 0
18 15 0
20 15 0
21 15 0
22 15 0
23 15 0
29 15 0
30 15 0
31 15 0
32 15 0
33 15 0
34 15 0
35 15 0
36 15 0
3 16 0
4 16 0
5 16 0
7 16 0
8 16 0
9 16 0
11 16 0
12 16 0
13 16 0
14 16 0
15 16 0
16 16 0
17 16 0
25 16 0
26 16 0
27 16 0
28 16 0
29 16 0
30 16 0
31 16 0
32 16 0
33 16 0
34 16 0
35 16 0
36 16 0
6 17 0
7 17 0
8 17 0
10 17 0
16 17 0
22 17 0
23 17 0
26 17 0
30 17 0
32 17 0
33 17 0
34 17 0
35 17 0
36 17 0
37 17 0
5 18 0
6 18 0
32 18 0
33 18 0
34 18 0
35 18 0
36 18 0
37 18 0
39 18 0
34 19 0
35 19 0
36 19 0
37 19 0
38 19 0
2 20 0
34 20 0
35 20 0
36 20 0
37 20 0
38 20 0
2 21 0
3 21 0
4 21 0
5 21 0
6 21 0
7 21 0
31 21 0
36 21 0
37 21 0
38 21 0
39 21 0
40 21 0
69 21 0
2 22 0
3 22 0
4 22 0
5 22 0
7 22 0
8 22 0
10 22 0
11 22 0
12 22 0
14 22 0
15 22 0
16 22 0
37 22 0
38 22 0
5 23 0
9 23 0
10 23 0
11 23 0
12 23 0
14 23 0
15 23 0
37 23 0
39 23 0
41 23 0
8 24 0
9 24 0
11 24 0
12 24 0
13 24 0
14 24 0
15 24 0
8 25 0
9 25 0
10 25 0
11 25 0
12 25 0
14 25 0
15 25 0
7 26 0
8 26 0
9 26 0
10 26 0
6 27 0
7 27 0
8 27 0
9 27 0
16 27 0
5 29 0
7 29 0
16 29 0
16 30 0
2 31 0
11 31 0
16 31 0
17 31 0
13 32 0
83 32 0
124 32 0
125 32 0
2 33 0
10 33 0
11 33 0
14 33 0
124 33 0
125 33 0
126 33 0
127 33 0
128 33 0
5 34 0
123 34 0
124 34 0
125 34 0
127 34 0
128 34 0
123 35 0
127 35 0
128 35 0
6 36 0
7 36 0
123 36 0
126 36 0
127 36 0
128 36 0
7 37 0
123 37 0
124 37 0
126 37 0
127 37 0
8 38 0
14 38 0
66 38 0
107 38 0
123 38 0
127 38 0
2 39 0
3 39 0
12 39 0
122 39 0
123 39 0
124 39 0
125 39 0
126 39 0
2 40 0
3 40 0
5 40 0
79 40 0
80 40 0
123 40 0
124 40 0
125 40 0
126 40 0
1 41 0
2 41 0
3 41 0
4 41 0
5 41 0
6 41 0
7 41 0
8 41 0
73 41 0
74 41 0
75 41 0
76 41 0
79 41 0
80 41 0
122 41 0
124 41 0
125 41 0
126 41 0
2 42 0
73 42 0
74 42 0
75 42 0
76 42 0
83 42 0
85 42 0
86 42 0
89 42 0
91 42 0
122 42 0
123 42 0
124 42 0
4 43 0
5 43 0
7 43 0
73 43 0
74 43 0
75 43 0
84 43 0
85 43 0
86 43 0
87 43 0
91 43 0
93 43 0
94 43 0
122 43 0
123 43 0
124 43 0
125 43 0
88 44 0
89 44 0
91 44 0
92 44 0
94 44 0
122 44 0
123 44 0
124 44 0
2 45 0
4 45 0
11 45 0
92 45 0
93 45 0
94 45 0
15 46 0
99 47 0
100 47 0
101 47 0
102 47 0
103 47 0
113 47 0
114 47 0
115 47 0
99 48 0
102 48 0
103 48 0
110 48 0
111 48 0
112 48 0
113 48 0
114 48 0
115 48 0
116 48 0
14 49 0
15 49 0
99 49 0
101 49 0
102 49 0
109 49 0
110 49 0
111 49 0
112 49 0
114 49 0
115 49 0
116 49 0
14 50 0
15 50 0
98 50 0
99 50 0
100 50 0
101 50 0
108 50 0
109 50 0
110 50 0
111 50 0
112 50 0
113 50 0
114 50 0
115 50 0
116 50 0
8 51 0
9 51 0
13 51 0
14 51 0
110 51 0
111 51 0
112 51 0
113 51 0
1 52 0
2 52 0
3 52 0
6 53 0
12 53 0
13 53 0
14 53 0
165 53 0
2 54 0
13 54 0
5 55 0
13 55 0
2 56 0
13 56 0
164 56 0
2 57 0
5 57 0
11 57 0
134 57 0
135 57 0
137 58 0
139 58 0
1 59 0
2 59 0
7 59 0
8 59 0
9 59 0
11 59 0
12 59 0
16 59 0
135 59 0
136 59 0
137 59 0
139 59 0
145 59 0
147 59 0
4 60 0
5 60 0
6 60 0
7 60 0
12 60 0
135 60 0
136 60 0
137 60 0
138 60 0
151 60 0
8 61 0
9 61 0
12 61 0
14 61 0
15 61 0
17 61 0
136 61 0
148 61 0
149 61 0
150 61 0
152 61 0
10 62 0
11 62 0
12 62 0
151 62 0
181 62 0
182 62 0
183 62 0
184 62 0
11 63 0
12 63 0
149 63 0
150 63 0
181 63 0
184 63 0
2 64 0
149 64 0
152 64 0
159 64 0
176 65 0
2 66 0
165 66 0
166 66 0
172 66 0
173 66 0
161 67 0
162 67 0
163 67 0
165 67 0
171 67 0
172 67 0
173 67 0
161 68 0
162 68 0
163 68 0
172 68 0
173 68 0
172 71 0
176 71 0
181 71 0
182 71 0
183 71 0
169 72 0
171 72 0
172 72 0
176 72 0
177 72 0
181 72 0
182 72 0
168 73 0
171 73 0
172 73 0
176 73 0
177 73 0
178 73 0
180 73 0
181 73 0
182 73 0
1 74 0
2 74 0
167 74 0
168 74 0
171 74 0
172 74 0
175 74 0
176 74 0
177 74 0
181 74 0
184 74 0
111 75 0
172 75 0
177 75 0
168 76 0
171 76 0
172 76 0
175 76 0
176 76 0
177 76 0
180 76 0
170 77 0
172 77 0
175 77 0
176 77 0
180 77 0
170 78 0
171 78 0
172 78 0
175 78 0
176 78 0
179 78 0
178 79 0
176 87 0
186 88 0
136 89 0
176 89 0
161 91 0
175 91 0
184 91 0
157 92 0
161 92 0
171 92 0
172 92 0
176 92 0
177 92 0
152 93 0
155 93 0
162 93 0
169 93 0
170 93 0
171 93 0
176 93 0
177 93 0
178 93 0
134 94 0
152 94 0
153 94 0
157 94 0
160 94 0
163 94 0
167 94 0
169 94 0
170 94 0
171 94 0
172 94 0
173 94 0
174 94 0
175 94 0
176 94 0
177 94 0
156 95 0
157 95 0
159 95 0
169 95 0
170 95 0
171 95 0
172 95 0
173 95 0
174 95 0
175 95 0
160 96 0
161 96 0
164 96 0
169 96 0
170 96 0
171 96 0
172 96 0
173 96 0
174 96 0
175 96 0
178 96 0
104 97 0
157 97 0
172 97 0
173 97 0
174 97 0
175 97 0
102 98 0
157 98 0
177 98 0
178 98 0
179 98 0
157 99 0
177 99 0
178 99 0
179 99 0
160 100 0
126 101 0
132 101 0
160 101 0
92 102 0
93 102 0
98 102 0
130 102 0
134 102 0
135 102 0
156 102 0
167 102 0
177 102 0
178 102 0
93 103 0
97 103 0
133 103 0
178 103 0
97 104 0
176 104 0
177 104 0
178 104 0
176 105 0
177 105 0
178 105 0
132 106 0
133 106 0
134 106 0
156 106 0
177 106 0
178 106 0
112 107 0
134 107 0
135 107 0
178 107 0
12 108 0
112 108 0
135 108 0
177 108 0
181 108 0
10 109 0
109 109 0
177 109 0
8 110 0
9 110 0
10 110 0
115 110 0
131 110 0
132 110 0
134 110 0
176 110 0
177 110 0
179 110 0
181 110 0
187 110 0
133 111 0
134 111 0
176 111 0
177 111 0
179 111 0
183 111 0
187 111 0
109 112 0
111 112 0
119 112 0
174 112 0
176 112 0
177 112 0
178 112 0
179 112 0
180 112 0
181 112 0
186 112 0
187 112 0
118 113 0
133 113 0
171 113 0
176 113 0
177 113 0
179 113 0
180 113 0
183 113 0
188 113 0
125 114 0
133 114 0
134 114 0
180 114 0
185 114 0
187 114 0
98 115 0
132 115 0
133 115 0
171 115 0
172 115 0
175 115 0
178 115 0
179 115 0
180 115 0
181 115 0
182 115 0
186 115 0
187 115 0
115 116 0
117 116 0
131 116 0
133 116 0
169 116 0
170 116 0
175 116 0
176 116 0
177 116 0
178 116 0
179 116 0
180 116 0
183 116 0
185 116 0
125 117 0
129 117 0
130 117 0
133 117 0
175 117 0
176 117 0
180 117 0
182 117 0
183 117 0
184 117 0
185 117 0
186 117 0
187 117 0
102 118 0
169 118 0
174 118 0
175 118 0
176 118 0
177 118 0
178 118 0
183 118 0
186 118 0
99 119 0
112 119 0
113 119 0
129 119 0
133 119 0
153 119 0
167 119 0
170 119 0
173 119 0
177 119 0
180 119 0
181 119 0
182 119 0
183 119 0
184 119 0
186 119 0
187 119 0
188 119 0
104 120 0
105 120 0
116 120 0
129 120 0
153 120 0
168 120 0
170 120 0
173 120 0
174 120 0
175 120 0
176 120 0
177 120 0
178 120 0
179 120 0
181 120 0
182 120 0
183 120 0
185 120 0
186 120 0
187 120 0
107 121 0
129 121 0
132 121 0
166 121 0
171 121 0
172 121 0
173 121 0
174 121 0
175 121 0
176 121 0
177 121 0
178 121 0
179 121 0
180 121 0
181 121 0
182 121 0
183 121 0
184 121 0
185 121 0
186 121 0
121 122 0
130 122 0
131 122 0
168 122 0
171 122 0
172 122 0
174 122 0
175 122 0
176 122 0
177 122 0
178 122 0
179 122 0
180 122 0
181 122 0
182 122 0
183 122 0
184 122 0
186 122 0
187 122 0
106 123 0
107 123 0
108 123 0
114 123 0
122 123 0
130 123 0
131 123 0
168 123 0
171 123 0
172 123 0
174 123 0
175 123 0
176 123 0
177 123 0
180 123 0
181 123 0
182 123 0
183 123 0
184 123 0
185 123 0
186 123 0
187 123 0
104 124 0
127 124 0
170 124 0
171 124 0
174 124 0
175 124 0
179 124 0
180 124 0
181 124 0
98 125 0
120 125 0
121 125 0
127 125 0
128 125 0
129 125 0
130 125 0
131 125 0
169 125 0
170 125 0
171 125 0
174 125 0
179 125 0
184 125 0
186 125 0
98 126 0
124 126 0
131 126 0
132 126 0
168 126 0
169 126 0
170 126 0
175 126 0
176 126 0
179 126 0
185 126 0
110 127 0
118 127 0
119 127 0
120 127 0
168 127 0
169 127 0
176 127 0
177 127 0
102 128 0
103 128 0
104 128 0
128 128 0
129 128 0
131 128 0
168 128 0
169 128 0
173 128 0
174 128 0
177 128 0
103 129 0
125 129 0
131 129 0
154 129 0
167 129 0
168 129 0
173 129 0
174 129 0
175 129 0
179 129 0
104 130 0
105 130 0
118 130 0
131 130 0
166 130 0
167 130 0
168 130 0
173 130 0
174 130 0
183 130 0
184 130 0
185 130 0
108 131 0
126 131 0
129 131 0
131 131 0
166 131 0
167 131 0
171 131 0
173 131 0
174 131 0
175 131 0
105 132 0
106 132 0
107 132 0
118 132 0
131 132 0
165 132 0
166 132 0
167 132 0
173 132 0
174 132 0
175 132 0
176 132 0
177 132 0
109 133 0
116 133 0
119 133 0
129 133 0
130 133 0
150 133 0
164 133 0
165 133 0
166 133 0
173 133 0
174 133 0
175 133 0
176 133 0
177 133 0
184 133 0
106 134 0
118 134 0
128 134 0
130 134 0
150 134 0
164 134 0
165 134 0
168 134 0
169 134 0
171 134 0
172 134 0
173 134 0
174 134 0
176 134 0
177 134 0
181 134 0
97 135 0
118 135 0
130 135 0
131 135 0
164 135 0
165 135 0
172 135 0
173 135 0
182 135 0
108 136 0
113 136 0
114 136 0
116 136 0
128 136 0
130 136 0
153 136 0
163 136 0
164 136 0
172 136 0
173 136 0
97 137 0
111 137 0
114 137 0
128 137 0
130 137 0
149 137 0
162 137 0
163 137 0
171 137 0
172 137 0
173 137 0
180 137 0
184 137 0
130 138 0
138 138 0
139 138 0
141 138 0
163 138 0
170 138 0
172 138 0
176 138 0
177 138 0
178 138 0
106 139 0
161 139 0
162 139 0
163 139 0
175 139 0
179 139 0
180 139 0
103 140 0
104 140 0
112 140 0
128 140 0
131 140 0
139 140 0
160 140 0
161 140 0
162 140 0
178 140 0
179 140 0
180 140 0
185 140 0
107 141 0
112 141 0
122 141 0
123 141 0
126 141 0
127 141 0
130 141 0
139 141 0
148 141 0
161 141 0
179 141 0
180 141 0
103 142 0
113 142 0
114 142 0
125 142 0
126 142 0
127 142 0
130 142 0
139 142 0
148 142 0
160 142 0
174 142 0
176 142 0
177 142 0
179 142 0
180 142 0
181 142 0
75 143 0
76 143 0
77 143 0
78 143 0
80 143 0
81 143 0
82 143 0
84 143 0
85 143 0
86 143 0
97 143 0
121 143 0
124 143 0
125 143 0
127 143 0
130 143 0
159 143 0
160 143 0
174 143 0
175 143 0
176 143 0
179 143 0
74 144 0
75 144 0
83 144 0
84 144 0
85 144 0
86 144 0
87 144 0
88 144 0
89 144 0
90 144 0
91 144 0
92 144 0
93 144 0
94 144 0
98 144 0
99 144 0
100 144 0
109 144 0
129 144 0
130 144 0
138 144 0
139 144 0
142 144 0
159 144 0
160 144 0
175 144 0
179 144 0
180 144 0
185 144 0
74 145 0
75 145 0
77 145 0
78 145 0
79 145 0
80 145 0
86 145 0
87 145 0
88 145 0
89 145 0
93 145 0
94 145 0
105 145 0
129 145 0
138 145 0
157 145 0
158 145 0
159 145 0
171 145 0
173 145 0
175 145 0
179 145 0
180 145 0
182 145 0
79 146 0
80 146 0
81 146 0
82 146 0
84 146 0
85 146 0
86 146 0
87 146 0
88 146 0
90 146 0
91 146 0
92 146 0
93 146 0
94 146 0
116 146 0
119 146 0
121 146 0
122 146 0
123 146 0
124 146 0
128 146 0
129 146 0
130 146 0
131 146 0
132 146 0
133 146 0
136 146 0
145 146 0
152 146 0
153 146 0
156 146 0
157 146 0
158 146 0
163 146 0
170 146 0
179 146 0
180 146 0
182 146 0
183 146 0
87 147 0
89 147 0
90 147 0
91 147 0
93 147 0
94 147 0
122 147 0
129 147 0
130 147 0
131 147 0
132 147 0
135 147 0
137 147 0
138 147 0
139 147 0
140 147 0
143 147 0
144 147 0
145 147 0
147 147 0
150 147 0
152 147 0
157 147 0
158 147 0
160 147 0
171 147 0
172 147 0
175 147 0
180 147 0
93 148 0
94 148 0
96 148 0
97 148 0
98 148 0
102 148 0
107 148 0
115 148 0
118 148 0
121 148 0
127 148 0
129 148 0
130 148 0
132 148 0
135 148 0
136 148 0
137 148 0
138 148 0
139 148 0
142 148 0
146 148 0
147 148 0
148 148 0
149 148 0
150 148 0
152 148 0
159 148 0
160 148 0
175 148 0
179 148 0
180 148 0
181 148 0
183 148 0
93 149 0
94 149 0
109 149 0
115 149 0
122 149 0
125 149 0
129 149 0
130 149 0
131 149 0
132 149 0
135 149 0
136 149 0
137 149 0
138 149 0
140 149 0
141 149 0
142 149 0
144 149 0
145 149 0
146 149 0
147 149 0
148 149 0
149 149 0
150 149 0
152 149 0
153 149 0
154 149 0
155 149 0
157 149 0
158 149 0
159 149 0
160 149 0
161 149 0
162 149 0
163 149 0
170 149 0
171 149 0
174 149 0
175 149 0
180 149 0
110 150 0
124 150 0
127 150 0
128 150 0
133 150 0
135 150 0
136 150 0
137 150 0
138 150 0
140 150 0
141 150 0
143 150 0
144 150 0
149 150 0
150 150 0
152 150 0
153 150 0
155 150 0
156 150 0
157 150 0
158 150 0
159 150 0
160 150 0
161 150 0
163 150 0
164 150 0
165 150 0
170 150 0
174 150 0
175 150 0
179 150 0
180 150 0
181 150 0
183 150 0
184 150 0
97 151 0
100 151 0
101 151 0
107 151 0
112 151 0
113 151 0
114 151 0
115 151 0
117 151 0
119 151 0
120 151 0
121 151 0
128 151 0
134 151 0
138 151 0
139 151 0
142 151 0
143 151 0
147 151 0
148 151 0
149 151 0
152 151 0
166 151 0
167 151 0
168 151 0
170 151 0
171 151 0
174 151 0
175 151 0
180 151 0
181 151 0
125 152 0
135 152 0
137 152 0
147 152 0
148 152 0
149 152 0
152 152 0
162 152 0
163 152 0
165 152 0
166 152 0
167 152 0
174 152 0
175 152 0
180 152 0
181 152 0
144 153 0
145 153 0
149 153 0
151 153 0
152 153 0
154 153 0
155 153 0
156 153 0
157 153 0
158 153 0
159 153 0
165 153 0
166 153 0
167 153 0
171 153 0
172 153 0
173 153 0
175 153 0
180 153 0
181 153 0
146 154 0
147 154 0
148 154 0
149 154 0
150 154 0
151 154 0
152 154 0
153 154 0
154 154 0
155 154 0
156 154 0
158 154 0
159 154 0
160 154 0
161 154 0
162 154 0
163 154 0
164 154 0
166 154 0
167 154 0
170 154 0
171 154 0
172 154 0
173 154 0
174 154 0
175 154 0
176 154 0
177 154 0
178 154 0
181 154 0
151 155 0
152 155 0
170 155 0
171 155 0
172 155 0
175 155 0
176 155 0
177 155 0
178 155 0
179 155 0
180 155 0
181 155 0
173 156 0
175 156 0
177 156 0
179 156 0
181 156 0
182 156 0
183 156 0
184 156 0
185 156 0
174 157 0
175 157 0
176 157 0
177 157 0
178 157 0
179 157 0
184 157 0
185 157 0
175 158 0
148 159 0
149 159 0
153 159 0
175 159 0
183 159 0
184 159 0
111 160 0
124 160 0
144 160 0
153 160 0
175 160 0
184 160 0
147 161 0
156 161 0
174 161 0
175 161 0
120 162 0
132 162 0
153 162 0
154 162 0
157 162 0
158 162 0
175 162 0
102 163 0
160 163 0
163 163 0
175 163 0
162 164 0
163 164 0
178 164 0
179 164 0
126 165 0
144 165 0
166 165 0
169 166 0
175 166 0
172 167 0
173 167 0
174 167 0
175 167 0
131 168 0
173 168 0
174 168 0
163 169 0
164 169 0
165 169 0
166 169 0
168 169 0
178 169 0
136 170 0
164 170 0
168 170 0
178 170 0
167 171 0
174 171 0
175 171 0
169 172 0
170 172 0
176 172 0
180 172 0
183 172 0
175 173 0
176 173 0
177 173 0
178 174 0
58 128 1
60 129 1
50 130 1
14 132 1
16 135 1
18 135 1
19 135 1
13 136 1
18 136 1
19 136 1
20 136 1
23 136 1
17 137 1
18 137 1
19 137 1
20 137 1
21 137 1
24 137 1
26 137 1
31 137 1
32 137 1
17 138 1
18 138 1
19 138 1
20 138 1
22 138 1
23 138 1
24 138 1
25 138 1
29 138 1
30 138 1
31 138 1
33 138 1
34 138 1
18 139 1
19 139 1
20 139 1
24 139 1
25 139 1
26 139 1
28 139 1
29 139 1
30 139 1
31 139 1
33 139 1
35 139 1
36 139 1
40 139 1
41 139 1
2 140 1
19 140 1
26 140 1
28 140 1
31 140 1
32 140 1
34 140 1
38 140 1
39 140 1
40 140 1
41 140 1
42 140 1
48 140 1
2 141 1
10 141 1
18 141 1
19 141 1
35 141 1
36 141 1
38 141 1
39 141 1
40 141 1
42 141 1
43 141 1
44 141 1
45 141 1
46 141 1
47 141 1
48 141 1
49 141 1
50 141 1
51 141 1
54 141 1
56 141 1
70 141 1
5 142 1
12 142 1
15 142 1
16 142 1
18 142 1
19 142 1
51 142 1
52 142 1
53 142 1
56 142 1
57 142 1
58 142 1
59 142 1
62 142 1
63 142 1
64 142 1
3 143 1
5 143 1
6 143 1
8 143 1
10 143 1
11 143 1
14 143 1
15 143 1
54 143 1
55 143 1
56 143 1
59 143 1
60 143 1
61 143 1
63 143 1
65 143 1
66 143 1
67 143 1
68 143 1
69 143 1
70 143 1
71 143 1
14 144 1
15 144 1
16 144 1
66 144 1
67 144 1
68 144 1
69 144 1
70 144 1
71 144 1
72 144 1
73 144 1
75 144 1
8 145 1
16 145 1
2 146 1
4 146 1
5 146 1
14 146 1
2 147 1
3 147 1
4 147 1
8 147 1
9 147 1
12 147 1
18 147 1
1 148 1
2 148 1
3 148 1
4 148 1
5 148 1
6 148 1
9 148 1
12 148 1
14 148 1
2 149 1
5 149 1
6 149 1
7 149 1
8 149 1
10 149 1
14 149 1
1 150 1
2 150 1
3 150 1
4 150 1
6 150 1
9 150 1
10 150 1
11 150 1
12 150 1
13 150 1
14 150 1
16 150 1
17 150 1
1 151 1
2 151 1
3 151 1
5 151 1
6 151 1
7 151 1
8 151 1
9 151 1
10 151 1
11 151 1
12 151 1
13 151 1
14 151 1
15 151 1
16 151 1
17 151 1
18 151 1
19 151 1
32 151 1
1 152 1
3 152 1
4 152 1
5 152 1
6 152 1
7 152 1
8 152 1
9 152 1
11 152 1
12 152 1
13 152 1
14 152 1
15 152 1
16 152 1
17 152 1
18 152 1
19 152 1
31 152 1
38 152 1
1 153 1
2 153 1
3 153 1
4 153 1
5 153 1
6 153 1
7 153 1
8 153 1
9 153 1
10 153 1
11 153 1
12 153 1
13 153 1
14 153 1
15 153 1
16 153 1
17 153 1
18 153 1
19 153 1
23 153 1
1 154 1
2 154 1
3 154 1
4 154 1
5 154 1
6 154 1
7 154 1
8 154 1
9 154 1
11 154 1
12 154 1
13 154 1
14 154 1
15 154 1
18 154 1
19 154 1
22 154 1
23 154 1
24 154 1
1 155 1
2 155 1
3 155 1
4 155 1
5 155 1
6 155 1
7 155 1
8 155 1
9 155 1
10 155 1
11 155 1
12 155 1
13 155 1
14 155 1
15 155 1
16 155 1
17 155 1
18 155 1
19 155 1
23 155 1
24 155 1
28 155 1
32 155 1
44 155 1
1 156 1
2 156 1
3 156 1
4 156 1
5 156 1
6 156 1
7 156 1
8 156 1
9 156 1
10 156 1
11 156 1
12 156 1
13 156 1
14 156 1
15 156 1
16 156 1
17 156 1
19 156 1
23 156 1
24 156 1
26 156 1
27 156 1
28 156 1
66 156 1
1 157 1
2 157 1
3 157 1
4 157 1
5 157 1
6 157 1
7 157 1
8 157 1
9 157 1
10 157 1
11 157 1
12 157 1
13 157 1
15 157 1
16 157 1
17 157 1
18 157 1
19 157 1
20 157 1
26 157 1
28 157 1
1 158 1
2 158 1
3 158 1
4 158 1
6 158 1
7 158 1
8 158 1
9 158 1
10 158 1
11 158 1
12 158 1
13 158 1
14 158 1
15 158 1
16 158 1
17 158 1
18 158 1
19 158 1
24 158 1
26 158 1
27 158 1
29 158 1
30 158 1
64 158 1
88 158 1
1 159 1
2 159 1
3 159 1
4 159 1
5 159 1
6 159 1
7 159 1
8 159 1
9 159 1
10 159 1
11 159 1
12 159 1
13 159 1
14 159 1
15 159 1
16 159 1
17 159 1
18 159 1
19 159 1
24 159 1
27 159 1
28 159 1
49 159 1
51 159 1
54 159 1
73 159 1
89 159 1
1 160 1
2 160 1
4 160 1
5 160 1
6 160 1
8 160 1
9 160 1
10 160 1
11 160 1
12 160 1
13 160 1
14 160 1
15 160 1
16 160 1
17 160 1
18 160 1
19 160 1
23 160 1
24 160 1
26 160 1
28 160 1
30 160 1
35 160 1
48 160 1
56 160 1
72 160 1
75 160 1
78 160 1
91 160 1
2 161 1
3 161 1
4 161 1
5 161 1
6 161 1
7 161 1
8 161 1
9 161 1
10 161 1
11 161 1
12 161 1
13 161 1
14 161 1
15 161 1
16 161 1
17 161 1
18 161 1
19 161 1
24 161 1
28 161 1
29 161 1
45 161 1
64 161 1
68 161 1
76 161 1
83 161 1
88 161 1
1 162 1
2 162 1
3 162 1
4 162 1
5 162 1
6 162 1
7 162 1
8 162 1
9 162 1
10 162 1
11 162 1
12 162 1
13 162 1
14 162 1
16 162 1
17 162 1
18 162 1
19 162 1
21 162 1
24 162 1
48 162 1
49 162 1
51 162 1
52 162 1
57 162 1
58 162 1
60 162 1
74 162 1
88 162 1
94 162 1
1 163 1
2 163 1
3 163 1
4 163 1
5 163 1
6 163 1
7 163 1
8 163 1
9 163 1
10 163 1
11 163 1
13 163 1
14 163 1
15 163 1
16 163 1
17 163 1
18 163 1
19 163 1
25 163 1
31 163 1
33 163 1
34 163 1
35 163 1
36 163 1
43 163 1
55 163 1
58 163 1
60 163 1
62 163 1
64 163 1
66 163 1
70 163 1
76 163 1
100 163 1
1 164 1
2 164 1
3 164 1
4 164 1
5 164 1
6 164 1
7 164 1
8 164 1
9 164 1
10 164 1
12 164 1
13 164 1
14 164 1
15 164 1
16 164 1
17 164 1
18 164 1
24 164 1
28 164 1
30 164 1
35 164 1
54 164 1
55 164 1
56 164 1
58 164 1
65 164 1
72 164 1
84 164 1
86 164 1
94 164 1
96 164 1
2 165 1
3 165 1
4 165 1
5 165 1
6 165 1
7 165 1
8 165 1
9 165 1
10 165 1
11 165 1
12 165 1
13 165 1
14 165 1
15 165 1
16 165 1
17 165 1
18 165 1
19 165 1
20 165 1
22 165 1
24 165 1
27 165 1
28 165 1
34 165 1
39 165 1
41 165 1
43 165 1
45 165 1
53 165 1
54 165 1
57 165 1
58 165 1
60 165 1
67 165 1
71 165 1
77 165 1
78 165 1
87 165 1
2 166 1
3 166 1
4 166 1
5 166 1
6 166 1
7 166 1
8 166 1
9 166 1
10 166 1
11 166 1
12 166 1
13 166 1
14 166 1
15 166 1
16 166 1
17 166 1
18 166 1
19 166 1
20 166 1
22 166 1
23 166 1
26 166 1
27 166 1
28 166 1
30 166 1
31 166 1
35 166 1
36 166 1
37 166 1
43 166 1
49 166 1
50 166 1
55 166 1
56 166 1
59 166 1
65 166 1
66 166 1
69 166 1
90 166 1
1 167 1
2 167 1
3 167 1
4 167 1
5 167 1
6 167 1
7 167 1
8 167 1
9 167 1
10 167 1
12 167 1
13 167 1
14 167 1
15 167 1
16 167 1
17 167 1
18 167 1
19 167 1
20 167 1
21 167 1
24 167 1
29 167 1
30 167 1
33 167 1
35 167 1
38 167 1
40 167 1
43 167 1
49 167 1
55 167 1
62 167 1
67 167 1
68 167 1
69 167 1
71 167 1
88 167 1
1 168 1
2 168 1
3 168 1
4 168 1
5 168 1
6 168 1
7 168 1
8 168 1
9 168 1
10 168 1
11 168 1
12 168 1
13 168 1
14 168 1
15 168 1
16 168 1
17 168 1
18 168 1
19 168 1
26 168 1
28 168 1
29 168 1
32 168 1
38 168 1
47 168 1
52 168 1
62 168 1
64 168 1
66 168 1
74 168 1
77 168 1
82 168 1
84 168 1
85 168 1
1 169 1
2 169 1
3 169 1
4 169 1
5 169 1
6 169 1
7 169 1
8 169 1
9 169 1
10 169 1
11 169 1
12 169 1
15 169 1
16 169 1
17 169 1
18 169 1
19 169 1
22 169 1
33 169 1
36 169 1
40 169 1
43 169 1
50 169 1
52 169 1
53 169 1
57 169 1
58 169 1
64 169 1
66 169 1
67 169 1
70 169 1
72 169 1
84 169 1
1 170 1
2 170 1
3 170 1
4 170 1
5 170 1
6 170 1
7 170 1
8 170 1
10 170 1
11 170 1
14 170 1
15 170 1
17 170 1
18 170 1
19 170 1
22 170 1
25 170 1
30 170 1
31 170 1
33 170 1
34 170 1
36 170 1
40 170 1
41 170 1
52 170 1
53 170 1
55 170 1
58 170 1
60 170 1
61 170 1
63 170 1
64 170 1
78 170 1
86 170 1
88 170 1
2 171 1
3 171 1
4 171 1
5 171 1
7 171 1
8 171 1
9 171 1
11 171 1
12 171 1
13 171 1
14 171 1
15 171 1
16 171 1
17 171 1
18 171 1
19 171 1
20 171 1
22 171 1
24 171 1
26 171 1
28 171 1
29 171 1
30 171 1
34 171 1
36 171 1
41 171 1
42 171 1
43 171 1
44 171 1
45 171 1
46 171 1
51 171 1
54 171 1
61 171 1
65 171 1
84 171 1
1 172 1
2 172 1
3 172 1
4 172 1
5 172 1
6 172 1
7 172 1
8 172 1
9 172 1
10 172 1
11 172 1
12 172 1
13 172 1
14 172 1
15 172 1
16 172 1
17 172 1
18 172 1
19 172 1
20 172 1
21 172 1
23 172 1
27 172 1
30 172 1
40 172 1
42 172 1
47 172 1
52 172 1
54 172 1
55 172 1
57 172 1
60 172 1
61 172 1
68 172 1
94 172 1
1 173 1
2 173 1
3 173 1
4 173 1
5 173 1
6 173 1
7 173 1
8 173 1
9 173 1
10 173 1
11 173 1
12 173 1
13 173 1
14 173 1
15 173 1
16 173 1
17 173 1
18 173 1
19 173 1
20 173 1
26 173 1
37 173 1
43 173 1
48 173 1
52 173 1
54 173 1
55 173 1
57 173 1
58 173 1
60 173 1
62 173 1
68 173 1
70 173 1
1 174 1
2 174 1
3 174 1
4 174 1
5 174 1
6 174 1
7 174 1
8 174 1
9 174 1
10 174 1
11 174 1
12 174 1
13 174 1
14 174 1
15 174 1
16 174 1
17 174 1
18 174 1
19 174 1
20 174 1
24 174 1
26 174 1
27 174 1
30 174 1
33 174 1
41 174 1
50 174 1
53 174 1
56 174 1
58 174 1
64 174 1
73 174 1
74 174 1
88 174 1
1 175 1
2 175 1
3 175 1
4 175 1
5 175 1
6 175 1
7 175 1
8 175 1
9 175 1
10 175 1
11 175 1
12 175 1
13 175 1
14 175 1
15 175 1
16 175 1
17 175 1
18 175 1
19 175 1
24 175 1
26 175 1
37 175 1
44 175 1
49 175 1
50 175 1
60 175 1
78 175 1
1 176 1
2 176 1
3 176 1
4 176 1
5 176 1
6 176 1
7 176 1
8 176 1
9 176 1
10 176 1
11 176 1
12 176 1
13 176 1
14 176 1
16 176 1
17 176 1
18 176 1
19 176 1
21 176 1
29 176 1
62 176 1
63 176 1
66 176 1
70 176 1
1 177 1
2 177 1
4 177 1
5 177 1
6 177 1
8 177 1
9 177 1
10 177 1
11 177 1
12 177 1
13 177 1
14 177 1
15 177 1
16 177 1
17 177 1
18 177 1
19 177 1
25 177 1
53 177 1
55 177 1
64 177 1
79 177 1
63 115 2
60 116 2
61 116 2
62 116 2
63 116 2
64 116 2
65 116 2
60 117 2
61 117 2
62 117 2
63 117 2
64 117 2
65 117 2
66 117 2
67 117 2
60 118 2
61 118 2
62 118 2
63 118 2
64 118 2
65 118 2
66 118 2
67 118 2
68 118 2
69 118 2
59 119 2
60 119 2
61 119 2
62 119 2
63 119 2
64 119 2
65 119 2
66 119 2
67 119 2
68 119 2
69 119 2
70 119 2
71 119 2
60 120 2
61 120 2
62 120 2
63 120 2
64 120 2
65 120 2
66 120 2
67 120 2
68 120 2
69 120 2
70 120 2
71 120 2
72 120 2
61 121 2
62 121 2
63 121 2
64 121 2
65 121 2
66 121 2
67 121 2
68 121 2
69 121 2
70 121 2
71 121 2
72 121 2
73 121 2
74 121 2
59 122 2
61 122 2
62 122 2
63 122 2
64 122 2
65 122 2
66 122 2
67 122 2
68 122 2
69 122 2
70 122 2
71 122 2
72 122 2
73 122 2
74 122 2
75 122 2
63 123 2
64 123 2
65 123 2
66 123 2
67 123 2
68 123 2
69 123 2
70 123 2
71 123 2
72 123 2
73 123 2
74 123 2
66 124 2
67 124 2
68 124 2
69 124 2
70 124 2
71 124 2
72 124 2
73 124 2
70 125 2
