12 1 0
13 1 0
14 1 0
15 1 0
16 1 0
17 1 0
18 1 0
19 1 0
20 1 0
21 1 0
22 1 0
23 1 0
24 1 0
25 1 0
26 1 0
27 1 0
28 1 0
29 1 0
30 1 0
31 1 0
32 1 0
33 1 0
34 1 0
35 1 0
36 1 0
10 2 0
11 2 0
12 2 0
13 2 0
14 2 0
15 2 0
16 2 0
17 2 0
18 2 0
19 2 0
20 2 0
21 2 0
22 2 0
23 2 0
24 2 0
25 2 0
26 2 0
27 2 0
28 2 0
29 2 0
30 2 0
31 2 0
32 2 0
33 2 0
34 2 0
35 2 0
36 2 0
7 3 0
11 3 0
12 3 0
13 3 0
14 3 0
15 3 0
16 3 0
17 3 0
18 3 0
19 3 0
20 3 0
21 3 0
22 3 0
23 3 0
24 3 0
25 3 0
26 3 0
27 3 0
28 3 0
29 3 0
30 3 0
31 3 0
32 3 0
33 3 0
34 3 0
35 3 0
36 3 0
38 3 0
10 4 0
11 4 0
12 4 0
13 4 0
14 4 0
15 4 0
16 4 0
17 4 0
18 4 0
19 4 0
20 4 0
21 4 0
22 4 0
23 4 0
24 4 0
25 4 0
26 4 0
27 4 0
28 4 0
29 4 0
30 4 0
31 4 0
32 4 0
33 4 0
34 4 0
35 4 0
36 4 0
37 4 0
7 5 0
11 5 0
12 5 0
13 5 0
14 5 0
15 5 0
16 5 0
17 5 0
18 5 0
19 5 0
20 5 0
21 5 0
22 5 0
23 5 0
24 5 0
25 5 0
26 5 0
27 5 0
28 5 0
29 5 0
30 5 0
31 5 0
32 5 0
33 5 0
34 5 0
35 5 0
36 5 0
37 5 0
9 6 0
10 6 0
11 6 0
12 6 0
13 6 0
14 6 0
15 6 0
16 6 0
17 6 0
18 6 0
19 6 0
20 6 0
21 6 0
22 6 0
23 6 0
24 6 0
25 6 0
26 6 0
27 6 0
28 6 0
29 6 0
30 6 0
31 6 0
32 6 0
33 6 0
34 6 0
35 6 0
36 6 0
37 6 0
7 7 0
8 7 0
9 7 0
11 7 0
12 7 0
13 7 0
14 7 0
15 7 0
16 7 0
17 7 0
18 7 0
19 7 0
20 7 0
21 7 0
22 7 0
23 7 0
24 7 0
25 7 0
26 7 0
27 7 0
28 7 0
29 7 0
30 7 0
31 7 0
32 7 0
33 7 0
34 7 0
35 7 0
36 7 0
37 7 0
8 8 0
11 8 0
12 8 0
13 8 0
14 8 0
15 8 0
16 8 0
17 8 0
18 8 0
19 8 0
20 8 0
21 8 0
22 8 0
23 8 0
24 8 0
25 8 0
26 8 0
27 8 0
28 8 0
29 8 0
30 8 0
31 8 0
32 8 0
33 8 0
34 8 0
35 8 0
36 8 0
9 9 0
11 9 0
12 9 0
13 9 0
14 9 0
15 9 0
16 9 0
17 9 0
18 9 0
19 9 0
20 9 0
21 9 0
22 9 0
23 9 0
24 9 0
25 9 0
26 9 0
27 9 0
28 9 0
29 9 0
30 9 0
31 9 0
32 9 0
33 9 0
34 9 0
35 9 0
36 9 0
3 10 0
4 10 0
9 10 0
11 10 0
12 10 0
13 10 0
14 10 0
15 10 0
16 10 0
17 10 0
18 10 0
19 10 0
20 10 0
21 10 0
22 10 0
23 10 0
24 10 0
25 10 0
26 10 0
27 10 0
28 10 0
29 10 0
30 10 0
31 10 0
32 10 0
33 10 0
34 10 0
35 10 0
36 10 0
12 11 0
13 11 0
14 11 0
15 11 0
16 11 0
17 11 0
18 11 0
19 11 0
20 11 0
21 11 0
22 11 0
23 11 0
24 11 0
25 11 0
26 11 0
27 11 0
28 11 0
29 11 0
30 11 0
31 11 0
32 11 0
33 11 0
34 11 0
35 11 0
36 11 0
37 11 0
13 12 0
14 12 0
15 12 0
16 12 0
17 12 0
18 12 0
19 12 0
20 12 0
21 12 0
22 12 0
23 12 0
24 12 0
25 12 0
26 12 0
27 12 0
28 12 0
29 12 0
30 12 0
31 12 0
32 12 0
33 12 0
34 12 0
35 12 0
36 12 0
37 12 0
38 12 0
16 13 0
17 13 0
18 13 0
19 13 0
20 13 0
21 13 0
22 13 0
23 13 0
24 13 0
25 13 0
26 13 0
27 13 0
28 13 0
29 13 0
30 13 0
31 13 0
32 13 0
33 13 0
34 13 0
35 13 0
36 13 0
37 13 0
38 13 0
16 14 0
17 14 0
18 14 0
19 14 0
20 14 0
21 14 0
22 14 0
23 14 0
24 14 0
25 14 0
26 14 0
27 14 0
28 14 0
29 14 0
30 14 0
31 14 0
32 14 0
33 14 0
34 14 0
35 14 0
36 14 0
37 14 0
38 14 0
39 14 0
10 15 0
13 15 0
19 15 0
23 15 0
24 15 0
25 15 0
26 15 0
30 15 0
32 15 0
33 15 0
34 15 0
35 15 0
36 15 0
37 15 0
38 15 0
39 15 0
53 15 0
32 16 0
33 16 0
34 16 0
35 16 0
36 16 0
37 16 0
38 16 0
39 16 0
40 16 0
29 17 0
34 17 0
35 17 0
36 17 0
37 17 0
38 17 0
39 17 0
40 17 0
35 18 0
36 18 0
37 18 0
38 18 0
39 18 0
40 18 0
41 18 0
1 19 0
2 19 0
3 19 0
4 19 0
37 19 0
38 19 0
39 19 0
40 19 0
41 19 0
42 19 0
2 20 0
3 20 0
4 20 0
5 20 0
6 20 0
7 20 0
8 20 0
38 20 0
39 20 0
40 20 0
41 20 0
42 20 0
2 21 0
3 21 0
4 21 0
6 21 0
7 21 0
8 21 0
9 21 0
38 21 0
39 21 0
40 21 0
41 21 0
1 22 0
2 22 0
4 22 0
5 22 0
7 22 0
8 22 0
9 22 0
10 22 0
11 22 0
12 22 0
13 22 0
15 22 0
16 22 0
17 22 0
39 22 0
40 22 0
70 22 0
4 23 0
5 23 0
8 23 0
9 23 0
14 23 0
15 23 0
16 23 0
3 24 0
5 24 0
6 24 0
12 24 0
13 24 0
14 24 0
15 24 0
16 24 0
17 24 0
9 25 0
11 25 0
12 25 0
15 25 0
68 25 0
9 26 0
10 26 0
11 26 0
12 26 0
13 26 0
16 26 0
69 26 0
10 27 0
11 27 0
12 27 0
10 28 0
11 28 0
88 30 0
89 30 0
89 31 0
91 31 0
92 31 0
129 31 0
130 31 0
131 31 0
92 32 0
93 32 0
129 32 0
130 32 0
131 32 0
132 32 0
133 32 0
97 33 0
98 33 0
99 33 0
132 33 0
133 33 0
61 34 0
100 34 0
101 34 0
128 34 0
131 34 0
132 34 0
61 35 0
62 35 0
63 35 0
66 35 0
101 35 0
127 35 0
128 35 0
131 35 0
132 35 0
65 36 0
66 36 0
67 36 0
111 36 0
127 36 0
128 36 0
132 36 0
69 37 0
70 37 0
71 37 0
72 37 0
73 37 0
74 37 0
111 37 0
112 37 0
128 37 0
69 38 0
72 38 0
75 38 0
77 38 0
109 38 0
112 38 0
113 38 0
114 38 0
115 38 0
127 38 0
128 38 0
130 38 0
2 39 0
3 39 0
10 39 0
79 39 0
80 39 0
81 39 0
82 39 0
110 39 0
117 39 0
118 39 0
119 39 0
127 39 0
128 39 0
130 39 0
131 39 0
2 40 0
3 40 0
4 40 0
5 40 0
7 40 0
8 40 0
80 40 0
81 40 0
82 40 0
83 40 0
84 40 0
85 40 0
86 40 0
92 40 0
119 40 0
120 40 0
121 40 0
127 40 0
129 40 0
130 40 0
2 41 0
3 41 0
7 41 0
8 41 0
9 41 0
77 41 0
78 41 0
85 41 0
86 41 0
87 41 0
88 41 0
89 41 0
90 41 0
91 41 0
92 41 0
93 41 0
94 41 0
95 41 0
124 41 0
127 41 0
129 41 0
2 42 0
4 42 0
10 42 0
78 42 0
83 42 0
87 42 0
88 42 0
89 42 0
90 42 0
93 42 0
94 42 0
95 42 0
96 42 0
97 42 0
98 42 0
99 42 0
126 42 0
129 42 0
130 42 0
2 43 0
77 43 0
78 43 0
88 43 0
89 43 0
90 43 0
91 43 0
92 43 0
93 43 0
94 43 0
95 43 0
97 43 0
98 43 0
99 43 0
126 43 0
127 43 0
1 44 0
2 44 0
6 44 0
78 44 0
91 44 0
92 44 0
93 44 0
94 44 0
95 44 0
96 44 0
97 44 0
98 44 0
99 44 0
100 44 0
127 44 0
128 44 0
1 45 0
96 45 0
97 45 0
98 45 0
99 45 0
100 45 0
101 45 0
102 45 0
104 45 0
102 46 0
103 46 0
104 46 0
105 46 0
106 46 0
107 46 0
116 46 0
117 46 0
118 46 0
119 46 0
120 46 0
99 47 0
101 47 0
102 47 0
103 47 0
104 47 0
105 47 0
106 47 0
107 47 0
108 47 0
109 47 0
110 47 0
111 47 0
113 47 0
114 47 0
116 47 0
117 47 0
118 47 0
119 47 0
120 47 0
3 48 0
103 48 0
104 48 0
105 48 0
111 48 0
112 48 0
113 48 0
114 48 0
116 48 0
117 48 0
118 48 0
119 48 0
120 48 0
121 48 0
103 49 0
110 49 0
112 49 0
115 49 0
117 49 0
118 49 0
120 49 0
121 49 0
146 49 0
103 50 0
104 50 0
105 50 0
114 50 0
115 50 0
116 50 0
117 50 0
118 50 0
120 50 0
121 50 0
116 51 0
117 51 0
118 51 0
123 51 0
124 51 0
125 51 0
17 52 0
119 52 0
120 52 0
124 52 0
125 52 0
126 52 0
127 52 0
128 52 0
129 52 0
123 53 0
124 53 0
125 53 0
126 53 0
127 53 0
129 53 0
131 53 0
160 53 0
161 53 0
126 54 0
127 54 0
134 54 0
135 54 0
164 54 0
165 54 0
5 55 0
17 55 0
137 55 0
139 55 0
140 55 0
166 55 0
139 56 0
140 56 0
141 56 0
142 56 0
168 56 0
2 57 0
5 57 0
139 57 0
141 57 0
142 57 0
143 57 0
144 57 0
145 57 0
146 57 0
140 58 0
141 58 0
142 58 0
143 58 0
147 58 0
149 58 0
150 58 0
151 58 0
152 58 0
153 58 0
154 58 0
3 59 0
15 59 0
139 59 0
140 59 0
146 59 0
148 59 0
149 59 0
150 59 0
151 59 0
153 59 0
154 59 0
155 59 0
156 59 0
157 59 0
171 59 0
140 60 0
141 60 0
142 60 0
144 60 0
148 60 0
149 60 0
150 60 0
151 60 0
152 60 0
153 60 0
157 60 0
151 61 0
152 61 0
153 61 0
154 61 0
155 61 0
156 61 0
157 61 0
158 61 0
159 61 0
154 62 0
155 62 0
156 62 0
157 62 0
158 62 0
160 62 0
154 63 0
155 63 0
156 63 0
165 63 0
154 64 0
155 64 0
156 64 0
166 64 0
168 64 0
170 64 0
171 64 0
174 64 0
175 64 0
176 64 0
177 64 0
185 64 0
186 64 0
167 65 0
168 65 0
169 65 0
170 65 0
175 65 0
176 65 0
177 65 0
178 65 0
166 66 0
167 66 0
168 66 0
175 66 0
176 66 0
177 66 0
178 66 0
166 67 0
167 67 0
168 67 0
169 67 0
176 67 0
177 67 0
178 67 0
166 68 0
167 68 0
184 69 0
185 69 0
174 70 0
175 70 0
176 70 0
178 70 0
179 70 0
180 70 0
181 70 0
183 70 0
184 70 0
185 70 0
186 70 0
175 71 0
176 71 0
181 71 0
182 71 0
185 71 0
186 71 0
176 72 0
177 72 0
180 72 0
181 72 0
182 72 0
186 72 0
173 73 0
176 73 0
181 73 0
182 73 0
186 73 0
173 74 0
176 74 0
177 74 0
180 74 0
181 74 0
182 74 0
185 74 0
176 75 0
177 75 0
180 75 0
181 75 0
185 75 0
173 76 0
175 76 0
176 76 0
180 76 0
181 76 0
171 77 0
175 77 0
176 77 0
180 77 0
181 77 0
172 78 0
176 78 0
177 78 0
178 78 0
180 78 0
181 78 0
182 78 0
183 78 0
184 78 0
173 79 0
177 79 0
179 79 0
1 80 0
2 80 0
3 80 0
167 80 0
1 81 0
2 81 0
1 82 0
2 82 0
163 90 0
164 90 0
159 91 0
160 91 0
161 91 0
162 91 0
164 91 0
166 91 0
175 91 0
176 91 0
177 91 0
181 91 0
182 91 0
158 92 0
159 92 0
160 92 0
161 92 0
162 92 0
163 92 0
164 92 0
165 92 0
166 92 0
167 92 0
168 92 0
175 92 0
176 92 0
177 92 0
181 92 0
182 92 0
183 92 0
157 93 0
158 93 0
163 93 0
164 93 0
165 93 0
166 93 0
167 93 0
168 93 0
169 93 0
170 93 0
173 93 0
174 93 0
175 93 0
176 93 0
177 93 0
178 93 0
179 93 0
180 93 0
181 93 0
182 93 0
183 93 0
158 94 0
159 94 0
160 94 0
161 94 0
162 94 0
163 94 0
165 94 0
166 94 0
173 94 0
174 94 0
175 94 0
176 94 0
177 94 0
178 94 0
179 94 0
180 94 0
182 94 0
159 95 0
161 95 0
162 95 0
164 95 0
165 95 0
174 95 0
175 95 0
176 95 0
177 95 0
178 95 0
179 95 0
180 95 0
175 96 0
176 96 0
177 96 0
178 96 0
179 96 0
180 96 0
182 96 0
162 97 0
178 97 0
179 97 0
181 97 0
182 97 0
183 97 0
184 97 0
182 98 0
183 98 0
184 98 0
183 99 0
183 101 0
160 102 0
161 102 0
183 102 0
161 103 0
182 103 0
183 103 0
139 104 0
181 104 0
182 104 0
183 104 0
182 105 0
183 105 0
181 106 0
182 106 0
183 106 0
182 107 0
181 108 0
182 108 0
180 109 0
181 109 0
182 109 0
14 110 0
141 110 0
13 111 0
181 111 0
182 111 0
181 112 0
181 113 0
137 114 0
138 114 0
181 114 0
137 115 0
181 115 0
182 115 0
185 115 0
181 116 0
182 116 0
185 116 0
136 117 0
180 117 0
181 117 0
182 117 0
185 117 0
131 118 0
137 118 0
138 118 0
182 118 0
183 118 0
185 118 0
137 119 0
158 119 0
178 119 0
179 119 0
182 119 0
183 119 0
184 119 0
179 120 0
180 120 0
181 120 0
182 120 0
183 120 0
184 120 0
185 120 0
135 121 0
176 121 0
177 121 0
179 121 0
180 121 0
181 121 0
182 121 0
183 121 0
185 121 0
112 122 0
113 122 0
117 122 0
135 122 0
179 122 0
180 122 0
181 122 0
182 122 0
185 122 0
112 123 0
135 123 0
136 123 0
175 123 0
176 123 0
179 123 0
180 123 0
181 123 0
184 123 0
186 123 0
187 123 0
136 124 0
175 124 0
179 124 0
181 124 0
182 124 0
183 124 0
184 124 0
175 125 0
179 125 0
180 125 0
181 125 0
183 125 0
184 125 0
136 126 0
173 126 0
174 126 0
175 126 0
180 126 0
181 126 0
136 127 0
178 127 0
179 127 0
180 127 0
181 127 0
182 127 0
173 128 0
178 128 0
179 128 0
182 128 0
184 128 0
135 129 0
136 129 0
172 129 0
173 129 0
179 129 0
183 129 0
172 130 0
178 130 0
179 130 0
135 131 0
171 131 0
172 131 0
178 131 0
179 131 0
182 131 0
183 131 0
135 132 0
178 132 0
179 132 0
182 132 0
183 132 0
135 133 0
170 133 0
171 133 0
178 133 0
179 133 0
182 133 0
162 134 0
166 134 0
170 134 0
177 134 0
178 134 0
21 135 0
22 135 0
23 135 0
24 135 0
25 135 0
26 135 0
168 135 0
169 135 0
177 135 0
178 135 0
179 135 0
17 136 0
20 136 0
21 136 0
22 136 0
23 136 0
24 136 0
25 136 0
26 136 0
27 136 0
28 136 0
29 136 0
30 136 0
31 136 0
113 136 0
117 136 0
118 136 0
168 136 0
169 136 0
177 136 0
178 136 0
179 136 0
20 137 0
21 137 0
22 137 0
26 137 0
27 137 0
28 137 0
29 137 0
30 137 0
31 137 0
32 137 0
33 137 0
34 137 0
35 137 0
36 137 0
37 137 0
166 137 0
168 137 0
177 137 0
178 137 0
182 137 0
184 137 0
20 138 0
21 138 0
23 138 0
25 138 0
26 138 0
30 138 0
31 138 0
33 138 0
34 138 0
35 138 0
36 138 0
37 138 0
38 138 0
39 138 0
40 138 0
41 138 0
42 138 0
43 138 0
44 138 0
134 138 0
135 138 0
168 138 0
180 138 0
181 138 0
182 138 0
184 138 0
185 138 0
20 139 0
21 139 0
22 139 0
23 139 0
24 139 0
25 139 0
26 139 0
27 139 0
30 139 0
31 139 0
33 139 0
34 139 0
35 139 0
39 139 0
40 139 0
41 139 0
42 139 0
43 139 0
44 139 0
133 139 0
135 139 0
136 139 0
153 139 0
154 139 0
165 139 0
166 139 0
183 139 0
184 139 0
185 139 0
21 140 0
27 140 0
28 140 0
30 140 0
31 140 0
32 140 0
33 140 0
34 140 0
36 140 0
38 140 0
39 140 0
41 140 0
43 140 0
44 140 0
47 140 0
48 140 0
49 140 0
50 140 0
51 140 0
52 140 0
53 140 0
135 140 0
166 140 0
180 140 0
181 140 0
184 140 0
185 140 0
32 141 0
34 141 0
36 141 0
37 141 0
38 141 0
39 141 0
40 141 0
41 141 0
42 141 0
44 141 0
46 141 0
47 141 0
48 141 0
49 141 0
50 141 0
51 141 0
52 141 0
53 141 0
54 141 0
55 141 0
56 141 0
57 141 0
58 141 0
59 141 0
60 141 0
129 141 0
135 141 0
165 141 0
180 141 0
181 141 0
182 141 0
184 141 0
185 141 0
39 142 0
40 142 0
41 142 0
42 142 0
44 142 0
47 142 0
48 142 0
49 142 0
50 142 0
51 142 0
52 142 0
53 142 0
54 142 0
55 142 0
56 142 0
57 142 0
58 142 0
59 142 0
60 142 0
61 142 0
62 142 0
63 142 0
64 142 0
65 142 0
66 142 0
67 142 0
68 142 0
69 142 0
70 142 0
71 142 0
81 142 0
82 142 0
83 142 0
84 142 0
85 142 0
86 142 0
113 142 0
127 142 0
128 142 0
153 142 0
164 142 0
165 142 0
179 142 0
180 142 0
184 142 0
52 143 0
53 143 0
54 143 0
55 143 0
56 143 0
57 143 0
58 143 0
59 143 0
60 143 0
61 143 0
62 143 0
63 143 0
64 143 0
65 143 0
66 143 0
67 143 0
68 143 0
69 143 0
70 143 0
71 143 0
72 143 0
73 143 0
74 143 0
75 143 0
76 143 0
80 143 0
81 143 0
82 143 0
83 143 0
84 143 0
85 143 0
86 143 0
87 143 0
88 143 0
89 143 0
90 143 0
91 143 0
92 143 0
93 143 0
94 143 0
95 143 0
96 143 0
97 143 0
98 143 0
99 143 0
120 143 0
134 143 0
135 143 0
136 143 0
152 143 0
164 143 0
165 143 0
179 143 0
180 143 0
181 143 0
185 143 0
44 144 0
57 144 0
60 144 0
61 144 0
62 144 0
63 144 0
64 144 0
65 144 0
66 144 0
67 144 0
68 144 0
69 144 0
70 144 0
71 144 0
72 144 0
73 144 0
74 144 0
75 144 0
76 144 0
79 144 0
80 144 0
83 144 0
87 144 0
88 144 0
89 144 0
90 144 0
91 144 0
92 144 0
93 144 0
94 144 0
95 144 0
96 144 0
97 144 0
98 144 0
99 144 0
134 144 0
135 144 0
136 144 0
164 144 0
180 144 0
181 144 0
185 144 0
57 145 0
70 145 0
71 145 0
72 145 0
73 145 0
74 145 0
79 145 0
80 145 0
81 145 0
82 145 0
85 145 0
89 145 0
90 145 0
93 145 0
98 145 0
99 145 0
134 145 0
135 145 0
136 145 0
137 145 0
138 145 0
139 145 0
140 145 0
141 145 0
142 145 0
152 145 0
164 145 0
165 145 0
179 145 0
180 145 0
181 145 0
79 146 0
80 146 0
81 146 0
82 146 0
83 146 0
84 146 0
85 146 0
86 146 0
87 146 0
88 146 0
89 146 0
90 146 0
91 146 0
92 146 0
93 146 0
94 146 0
95 146 0
98 146 0
99 146 0
134 146 0
135 146 0
136 146 0
137 146 0
138 146 0
139 146 0
140 146 0
141 146 0
142 146 0
143 146 0
144 146 0
145 146 0
153 146 0
154 146 0
162 146 0
163 146 0
164 146 0
165 146 0
166 146 0
179 146 0
180 146 0
185 146 0
94 147 0
95 147 0
96 147 0
97 147 0
98 147 0
99 147 0
134 147 0
137 147 0
138 147 0
139 147 0
140 147 0
142 147 0
143 147 0
144 147 0
145 147 0
146 147 0
147 147 0
148 147 0
149 147 0
150 147 0
151 147 0
152 147 0
153 147 0
154 147 0
155 147 0
158 147 0
159 147 0
160 147 0
162 147 0
164 147 0
165 147 0
86 148 0
134 148 0
135 148 0
141 148 0
142 148 0
143 148 0
144 148 0
145 148 0
146 148 0
147 148 0
148 148 0
149 148 0
150 148 0
151 148 0
152 148 0
153 148 0
154 148 0
155 148 0
157 148 0
159 148 0
160 148 0
163 148 0
164 148 0
165 148 0
166 148 0
167 148 0
185 148 0
103 149 0
133 149 0
134 149 0
135 149 0
136 149 0
138 149 0
141 149 0
142 149 0
143 149 0
145 149 0
146 149 0
148 149 0
149 149 0
152 149 0
153 149 0
154 149 0
155 149 0
156 149 0
157 149 0
158 149 0
163 149 0
166 149 0
167 149 0
168 149 0
169 149 0
170 149 0
185 149 0
133 150 0
134 150 0
136 150 0
137 150 0
138 150 0
139 150 0
140 150 0
141 150 0
146 150 0
147 150 0
148 150 0
155 150 0
157 150 0
162 150 0
163 150 0
167 150 0
168 150 0
169 150 0
170 150 0
171 150 0
17 151 0
18 151 0
111 151 0
133 151 0
134 151 0
138 151 0
139 151 0
140 151 0
141 151 0
142 151 0
143 151 0
144 151 0
145 151 0
148 151 0
149 151 0
151 151 0
152 151 0
154 151 0
155 151 0
165 151 0
166 151 0
168 151 0
169 151 0
171 151 0
172 151 0
180 151 0
185 151 0
22 152 0
23 152 0
24 152 0
26 152 0
133 152 0
140 152 0
141 152 0
142 152 0
143 152 0
146 152 0
147 152 0
149 152 0
154 152 0
155 152 0
156 152 0
157 152 0
165 152 0
170 152 0
171 152 0
172 152 0
177 152 0
178 152 0
179 152 0
180 152 0
185 152 0
186 152 0
21 153 0
22 153 0
24 153 0
25 153 0
26 153 0
27 153 0
28 153 0
29 153 0
30 153 0
31 153 0
140 153 0
149 153 0
151 153 0
156 153 0
157 153 0
162 153 0
163 153 0
164 153 0
165 153 0
166 153 0
167 153 0
170 153 0
171 153 0
172 153 0
173 153 0
175 153 0
177 153 0
178 153 0
179 153 0
180 153 0
181 153 0
182 153 0
20 154 0
21 154 0
22 154 0
23 154 0
24 154 0
25 154 0
26 154 0
27 154 0
28 154 0
30 154 0
31 154 0
149 154 0
150 154 0
151 154 0
152 154 0
156 154 0
157 154 0
158 154 0
159 154 0
160 154 0
161 154 0
162 154 0
163 154 0
164 154 0
165 154 0
166 154 0
167 154 0
168 154 0
169 154 0
170 154 0
171 154 0
175 154 0
176 154 0
177 154 0
179 154 0
180 154 0
181 154 0
182 154 0
183 154 0
184 154 0
186 154 0
24 155 0
26 155 0
27 155 0
28 155 0
29 155 0
30 155 0
31 155 0
32 155 0
150 155 0
152 155 0
158 155 0
175 155 0
176 155 0
177 155 0
178 155 0
182 155 0
183 155 0
184 155 0
185 155 0
186 155 0
187 155 0
30 156 0
31 156 0
32 156 0
50 156 0
66 156 0
67 156 0
68 156 0
69 156 0
70 156 0
159 156 0
178 156 0
179 156 0
180 156 0
181 156 0
182 156 0
183 156 0
185 156 0
187 156 0
26 157 0
27 157 0
31 157 0
32 157 0
55 157 0
56 157 0
58 157 0
64 157 0
65 157 0
66 157 0
67 157 0
179 157 0
180 157 0
181 157 0
182 157 0
183 157 0
184 157 0
185 157 0
27 158 0
31 158 0
32 158 0
50 158 0
52 158 0
53 158 0
54 158 0
55 158 0
56 158 0
57 158 0
58 158 0
59 158 0
60 158 0
61 158 0
62 158 0
63 158 0
64 158 0
65 158 0
66 158 0
67 158 0
68 158 0
69 158 0
92 158 0
93 158 0
156 158 0
157 158 0
158 158 0
184 158 0
185 158 0
186 158 0
31 159 0
32 159 0
33 159 0
34 159 0
35 159 0
37 159 0
47 159 0
50 159 0
62 159 0
64 159 0
69 159 0
70 159 0
71 159 0
72 159 0
73 159 0
74 159 0
75 159 0
76 159 0
77 159 0
78 159 0
79 159 0
80 159 0
81 159 0
82 159 0
83 159 0
85 159 0
92 159 0
93 159 0
104 159 0
105 159 0
106 159 0
107 159 0
115 159 0
116 159 0
138 159 0
141 159 0
143 159 0
144 159 0
145 159 0
146 159 0
147 159 0
148 159 0
149 159 0
150 159 0
151 159 0
153 159 0
155 159 0
156 159 0
157 159 0
158 159 0
159 159 0
175 159 0
179 159 0
31 160 0
32 160 0
33 160 0
35 160 0
36 160 0
37 160 0
38 160 0
39 160 0
40 160 0
41 160 0
42 160 0
49 160 0
50 160 0
82 160 0
83 160 0
85 160 0
86 160 0
87 160 0
88 160 0
89 160 0
93 160 0
94 160 0
95 160 0
96 160 0
97 160 0
98 160 0
99 160 0
100 160 0
101 160 0
102 160 0
103 160 0
104 160 0
105 160 0
106 160 0
107 160 0
108 160 0
109 160 0
110 160 0
111 160 0
116 160 0
117 160 0
118 160 0
119 160 0
120 160 0
121 160 0
122 160 0
123 160 0
124 160 0
125 160 0
126 160 0
127 160 0
128 160 0
129 160 0
130 160 0
131 160 0
133 160 0
137 160 0
138 160 0
139 160 0
140 160 0
145 160 0
148 160 0
149 160 0
150 160 0
157 160 0
158 160 0
159 160 0
160 160 0
161 160 0
179 160 0
181 160 0
30 161 0
40 161 0
41 161 0
42 161 0
43 161 0
44 161 0
45 161 0
46 161 0
49 161 0
118 161 0
119 161 0
122 161 0
159 161 0
160 161 0
161 161 0
162 161 0
163 161 0
164 161 0
179 161 0
181 161 0
184 161 0
185 161 0
44 162 0
45 162 0
46 162 0
47 162 0
48 162 0
55 162 0
163 162 0
164 162 0
165 162 0
166 162 0
167 162 0
180 162 0
31 163 0
48 163 0
166 163 0
167 163 0
168 163 0
169 163 0
170 163 0
177 163 0
183 163 0
59 164 0
169 164 0
170 164 0
171 164 0
172 164 0
180 164 0
117 165 0
172 165 0
173 165 0
174 165 0
175 165 0
160 166 0
163 166 0
164 166 0
175 166 0
176 166 0
177 166 0
161 167 0
162 167 0
163 167 0
164 167 0
165 167 0
166 167 0
177 167 0
178 167 0
179 167 0
163 168 0
164 168 0
165 168 0
166 168 0
167 168 0
168 168 0
169 168 0
170 168 0
171 168 0
179 168 0
180 168 0
181 168 0
166 169 0
167 169 0
168 169 0
169 169 0
170 169 0
171 169 0
172 169 0
173 169 0
174 169 0
181 169 0
182 169 0
183 169 0
184 169 0
152 170 0
170 170 0
171 170 0
172 170 0
173 170 0
174 170 0
175 170 0
176 170 0
177 170 0
178 170 0
179 170 0
184 170 0
185 170 0
186 170 0
136 171 0
173 171 0
174 171 0
175 171 0
177 171 0
178 171 0
179 171 0
180 171 0
181 171 0
187 171 0
175 172 0
176 172 0
178 172 0
179 172 0
180 172 0
181 172 0
182 172 0
183 172 0
184 172 0
185 172 0
181 173 0
182 173 0
183 173 0
184 173 0
185 173 0
184 174 0
160 177 0
1 136 1
2 136 1
4 138 1
1 139 1
4 139 1
12 139 1
4 140 1
9 140 1
12 140 1
14 140 1
3 141 1
8 141 1
18 141 1
12 142 1
2 143 1
4 143 1
3 144 1
18 144 1
1 145 1
2 145 1
3 145 1
4 145 1
5 145 1
7 145 1
10 145 1
1 146 1
2 146 1
3 146 1
4 146 1
5 146 1
6 146 1
9 146 1
10 146 1
12 146 1
14 146 1
1 147 1
2 147 1
3 147 1
4 147 1
5 147 1
6 147 1
7 147 1
8 147 1
9 147 1
10 147 1
11 147 1
12 147 1
14 147 1
15 147 1
17 147 1
18 147 1
1 148 1
2 148 1
3 148 1
4 148 1
5 148 1
6 148 1
7 148 1
8 148 1
9 148 1
10 148 1
11 148 1
12 148 1
13 148 1
14 148 1
15 148 1
16 148 1
17 148 1
18 148 1
19 148 1
1 149 1
2 149 1
3 149 1
5 149 1
6 149 1
7 149 1
8 149 1
9 149 1
10 149 1
11 149 1
12 149 1
13 149 1
14 149 1
15 149 1
16 149 1
17 149 1
18 149 1
19 149 1
1 150 1
2 150 1
3 150 1
4 150 1
5 150 1
6 150 1
7 150 1
8 150 1
9 150 1
10 150 1
11 150 1
12 150 1
13 150 1
14 150 1
15 150 1
16 150 1
17 150 1
18 150 1
19 150 1
1 151 1
3 151 1
4 151 1
5 151 1
6 151 1
7 151 1
8 151 1
9 151 1
10 151 1
11 151 1
12 151 1
13 151 1
14 151 1
16 151 1
17 151 1
18 151 1
19 151 1
1 152 1
3 152 1
4 152 1
6 152 1
8 152 1
9 152 1
10 152 1
11 152 1
12 152 1
13 152 1
14 152 1
15 152 1
16 152 1
17 152 1
18 152 1
2 153 1
3 153 1
4 153 1
5 153 1
6 153 1
7 153 1
8 153 1
9 153 1
10 153 1
11 153 1
15 153 1
16 153 1
17 153 1
18 153 1
19 153 1
1 154 1
2 154 1
3 154 1
4 154 1
5 154 1
6 154 1
7 154 1
8 154 1
9 154 1
11 154 1
12 154 1
13 154 1
14 154 1
16 154 1
1 155 1
2 155 1
3 155 1
4 155 1
6 155 1
8 155 1
9 155 1
10 155 1
11 155 1
12 155 1
13 155 1
14 155 1
15 155 1
16 155 1
17 155 1
18 155 1
19 155 1
2 156 1
3 156 1
4 156 1
5 156 1
6 156 1
7 156 1
8 156 1
9 156 1
10 156 1
11 156 1
12 156 1
13 156 1
14 156 1
15 156 1
16 156 1
17 156 1
18 156 1
19 156 1
1 157 1
2 157 1
3 157 1
4 157 1
6 157 1
7 157 1
8 157 1
10 157 1
11 157 1
12 157 1
13 157 1
14 157 1
16 157 1
17 157 1
18 157 1
19 157 1
3 158 1
4 158 1
5 158 1
6 158 1
7 158 1
8 158 1
9 158 1
10 158 1
11 158 1
12 158 1
13 158 1
14 158 1
15 158 1
16 158 1
17 158 1
18 158 1
1 159 1
2 159 1
3 159 1
4 159 1
6 159 1
7 159 1
8 159 1
10 159 1
11 159 1
12 159 1
13 159 1
14 159 1
16 159 1
17 159 1
18 159 1
19 159 1
1 160 1
2 160 1
4 160 1
5 160 1
6 160 1
7 160 1
8 160 1
9 160 1
10 160 1
11 160 1
12 160 1
14 160 1
15 160 1
16 160 1
18 160 1
19 160 1
2 161 1
3 161 1
4 161 1
5 161 1
6 161 1
7 161 1
9 161 1
11 161 1
12 161 1
13 161 1
14 161 1
15 161 1
16 161 1
17 161 1
1 162 1
2 162 1
3 162 1
4 162 1
5 162 1
6 162 1
7 162 1
8 162 1
9 162 1
10 162 1
12 162 1
13 162 1
14 162 1
16 162 1
17 162 1
18 162 1
19 162 1
21 162 1
1 163 1
2 163 1
3 163 1
5 163 1
6 163 1
7 163 1
8 163 1
9 163 1
10 163 1
11 163 1
12 163 1
13 163 1
16 163 1
17 163 1
18 163 1
19 163 1
28 163 1
1 164 1
2 164 1
3 164 1
5 164 1
6 164 1
10 164 1
12 164 1
14 164 1
16 164 1
17 164 1
18 164 1
2 165 1
3 165 1
4 165 1
5 165 1
6 165 1
7 165 1
8 165 1
10 165 1
11 165 1
12 165 1
14 165 1
16 165 1
17 165 1
18 165 1
1 166 1
2 166 1
3 166 1
4 166 1
6 166 1
7 166 1
9 166 1
10 166 1
11 166 1
12 166 1
13 166 1
14 166 1
15 166 1
16 166 1
17 166 1
18 166 1
19 166 1
26 166 1
1 167 1
3 167 1
4 167 1
5 167 1
6 167 1
7 167 1
8 167 1
9 167 1
10 167 1
12 167 1
13 167 1
14 167 1
15 167 1
16 167 1
17 167 1
18 167 1
1 168 1
2 168 1
3 168 1
4 168 1
5 168 1
6 168 1
7 168 1
8 168 1
9 168 1
10 168 1
11 168 1
12 168 1
14 168 1
15 168 1
16 168 1
17 168 1
18 168 1
19 168 1
1 169 1
3 169 1
4 169 1
5 169 1
6 169 1
8 169 1
10 169 1
12 169 1
14 169 1
15 169 1
16 169 1
17 169 1
1 170 1
2 170 1
3 170 1
4 170 1
5 170 1
6 170 1
7 170 1
8 170 1
10 170 1
11 170 1
14 170 1
15 170 1
16 170 1
17 170 1
18 170 1
19 170 1
24 170 1
35 170 1
2 171 1
4 171 1
6 171 1
7 171 1
8 171 1
9 171 1
11 171 1
12 171 1
13 171 1
14 171 1
16 171 1
19 171 1
1 172 1
2 172 1
3 172 1
4 172 1
6 172 1
7 172 1
8 172 1
9 172 1
10 172 1
12 172 1
14 172 1
17 172 1
18 172 1
24 172 1
42 172 1
1 173 1
2 173 1
3 173 1
4 173 1
5 173 1
6 173 1
7 173 1
8 173 1
9 173 1
10 173 1
11 173 1
12 173 1
13 173 1
14 173 1
15 173 1
16 173 1
18 173 1
19 173 1
1 174 1
2 174 1
3 174 1
4 174 1
5 174 1
6 174 1
7 174 1
8 174 1
9 174 1
10 174 1
11 174 1
13 174 1
14 174 1
15 174 1
16 174 1
17 174 1
18 174 1
19 174 1
36 174 1
1 175 1
2 175 1
3 175 1
4 175 1
5 175 1
6 175 1
7 175 1
8 175 1
9 175 1
10 175 1
11 175 1
12 175 1
13 175 1
14 175 1
15 175 1
16 175 1
17 175 1
18 175 1
1 176 1
2 176 1
3 176 1
4 176 1
6 176 1
7 176 1
8 176 1
9 176 1
10 176 1
12 176 1
13 176 1
14 176 1
16 176 1
17 176 1
18 176 1
19 176 1
25 176 1
34 176 1
1 177 1
2 177 1
3 177 1
4 177 1
5 177 1
8 177 1
10 177 1
11 177 1
12 177 1
13 177 1
14 177 1
16 177 1
18 177 1
20 177 1
24 177 1
26 177 1
87 108 2
85 109 2
86 109 2
87 109 2
88 109 2
89 109 2
90 109 2
84 110 2
85 110 2
86 110 2
87 110 2
88 110 2
89 110 2
90 110 2
91 110 2
92 110 2
93 110 2
84 111 2
85 111 2
86 111 2
87 111 2
88 111 2
89 111 2
90 111 2
91 111 2
92 111 2
93 111 2
94 111 2
95 111 2
96 111 2
84 112 2
85 112 2
86 112 2
87 112 2
88 112 2
89 112 2
90 112 2
91 112 2
92 112 2
93 112 2
94 112 2
95 112 2
96 112 2
97 112 2
84 113 2
85 113 2
86 113 2
87 113 2
88 113 2
89 113 2
90 113 2
91 113 2
92 113 2
93 113 2
94 113 2
95 113 2
96 113 2
97 113 2
98 113 2
99 113 2
84 114 2
85 114 2
86 114 2
87 114 2
88 114 2
89 114 2
90 114 2
91 114 2
92 114 2
93 114 2
94 114 2
95 114 2
96 114 2
97 114 2
98 114 2
99 114 2
100 114 2
101 114 2
84 115 2
85 115 2
86 115 2
87 115 2
88 115 2
89 115 2
90 115 2
91 115 2
92 115 2
93 115 2
94 115 2
95 115 2
96 115 2
97 115 2
98 115 2
99 115 2
100 115 2
101 115 2
85 116 2
86 116 2
87 116 2
88 116 2
89 116 2
90 116 2
91 116 2
92 116 2
93 116 2
94 116 2
95 116 2
96 116 2
97 116 2
98 116 2
99 116 2
100 116 2
86 117 2
87 117 2
88 117 2
89 117 2
90 117 2
91 117 2
92 117 2
93 117 2
94 117 2
95 117 2
96 117 2
97 117 2
98 117 2
99 117 2
100 117 2
89 118 2
90 118 2
91 118 2
93 118 2
94 118 2
95 118 2
96 118 2
97 118 2
99 118 2
85 119 2
87 119 2
