16 1 0
17 1 0
18 1 0
19 1 0
20 1 0
21 1 0
22 1 0
23 1 0
24 1 0
25 1 0
26 1 0
27 1 0
28 1 0
29 1 0
30 1 0
31 1 0
32 1 0
33 1 0
34 1 0
35 1 0
36 1 0
37 1 0
38 1 0
39 1 0
40 1 0
5 2 0
14 2 0
16 2 0
17 2 0
18 2 0
19 2 0
20 2 0
21 2 0
22 2 0
23 2 0
24 2 0
25 2 0
26 2 0
27 2 0
28 2 0
29 2 0
30 2 0
31 2 0
32 2 0
33 2 0
34 2 0
35 2 0
36 2 0
37 2 0
38 2 0
39 2 0
40 2 0
13 3 0
14 3 0
16 3 0
17 3 0
18 3 0
19 3 0
20 3 0
21 3 0
22 3 0
23 3 0
24 3 0
25 3 0
26 3 0
27 3 0
28 3 0
29 3 0
30 3 0
31 3 0
32 3 0
33 3 0
34 3 0
35 3 0
36 3 0
37 3 0
38 3 0
39 3 0
40 3 0
41 3 0
12 4 0
14 4 0
16 4 0
17 4 0
18 4 0
19 4 0
20 4 0
21 4 0
22 4 0
23 4 0
24 4 0
25 4 0
26 4 0
27 4 0
28 4 0
29 4 0
30 4 0
31 4 0
32 4 0
33 4 0
34 4 0
35 4 0
36 4 0
37 4 0
38 4 0
39 4 0
40 4 0
41 4 0
12 5 0
13 5 0
14 5 0
16 5 0
17 5 0
18 5 0
19 5 0
20 5 0
21 5 0
22 5 0
23 5 0
24 5 0
25 5 0
26 5 0
27 5 0
28 5 0
29 5 0
30 5 0
31 5 0
32 5 0
33 5 0
34 5 0
35 5 0
36 5 0
37 5 0
38 5 0
39 5 0
40 5 0
41 5 0
1 6 0
12 6 0
14 6 0
16 6 0
17 6 0
18 6 0
19 6 0
20 6 0
21 6 0
22 6 0
23 6 0
24 6 0
25 6 0
26 6 0
27 6 0
28 6 0
29 6 0
30 6 0
31 6 0
32 6 0
33 6 0
34 6 0
35 6 0
36 6 0
37 6 0
38 6 0
39 6 0
40 6 0
42 6 0
12 7 0
16 7 0
17 7 0
18 7 0
19 7 0
20 7 0
21 7 0
22 7 0
23 7 0
24 7 0
25 7 0
26 7 0
27 7 0
28 7 0
29 7 0
30 7 0
31 7 0
32 7 0
33 7 0
34 7 0
35 7 0
36 7 0
37 7 0
38 7 0
39 7 0
40 7 0
18 8 0
19 8 0
20 8 0
21 8 0
22 8 0
23 8 0
24 8 0
25 8 0
26 8 0
27 8 0
28 8 0
29 8 0
30 8 0
31 8 0
32 8 0
33 8 0
34 8 0
35 8 0
36 8 0
37 8 0
38 8 0
39 8 0
40 8 0
41 8 0
19 9 0
20 9 0
21 9 0
22 9 0
23 9 0
24 9 0
25 9 0
26 9 0
27 9 0
28 9 0
29 9 0
30 9 0
31 9 0
32 9 0
33 9 0
34 9 0
35 9 0
36 9 0
37 9 0
38 9 0
39 9 0
40 9 0
41 9 0
42 9 0
14 10 0
16 10 0
23 10 0
24 10 0
26 10 0
28 10 0
29 10 0
30 10 0
31 10 0
34 10 0
36 10 0
37 10 0
38 10 0
39 10 0
40 10 0
41 10 0
42 10 0
43 10 0
2 11 0
12 11 0
16 11 0
18 11 0
23 11 0
24 11 0
28 11 0
34 11 0
37 11 0
38 11 0
39 11 0
40 11 0
41 11 0
42 11 0
43 11 0
2 12 0
16 12 0
20 12 0
33 12 0
36 12 0
38 12 0
39 12 0
40 12 0
41 12 0
42 12 0
43 12 0
44 12 0
1 13 0
2 13 0
5 13 0
6 13 0
26 13 0
32 13 0
39 13 0
40 13 0
41 13 0
42 13 0
43 13 0
44 13 0
5 14 0
6 14 0
40 14 0
41 14 0
42 14 0
43 14 0
44 14 0
45 14 0
1 15 0
3 15 0
4 15 0
6 15 0
8 15 0
41 15 0
42 15 0
43 15 0
44 15 0
45 15 0
46 15 0
1 16 0
2 16 0
3 16 0
4 16 0
5 16 0
6 16 0
10 16 0
12 16 0
42 16 0
43 16 0
44 16 0
45 16 0
46 16 0
1 17 0
2 17 0
3 17 0
4 17 0
5 17 0
6 17 0
7 17 0
8 17 0
9 17 0
10 17 0
11 17 0
12 17 0
13 17 0
14 17 0
15 17 0
17 17 0
18 17 0
43 17 0
44 17 0
45 17 0
46 17 0
1 18 0
2 18 0
3 18 0
4 18 0
5 18 0
6 18 0
7 18 0
8 18 0
9 18 0
10 18 0
12 18 0
13 18 0
14 18 0
15 18 0
16 18 0
17 18 0
18 18 0
19 18 0
43 18 0
44 18 0
2 19 0
3 19 0
4 19 0
5 19 0
7 19 0
8 19 0
9 19 0
10 19 0
11 19 0
12 19 0
13 19 0
14 19 0
15 19 0
16 19 0
17 19 0
18 19 0
19 19 0
1 20 0
2 20 0
5 20 0
6 20 0
7 20 0
8 20 0
11 20 0
12 20 0
14 20 0
15 20 0
16 20 0
17 20 0
18 20 0
19 20 0
1 21 0
4 21 0
5 21 0
6 21 0
8 21 0
9 21 0
11 21 0
15 21 0
16 21 0
17 21 0
18 21 0
73 21 0
4 22 0
5 22 0
7 22 0
8 22 0
9 22 0
11 22 0
12 22 0
15 22 0
16 22 0
17 22 0
18 22 0
19 22 0
82 22 0
1 23 0
2 23 0
8 23 0
12 23 0
15 23 0
16 23 0
17 23 0
18 23 0
19 23 0
86 23 0
88 23 0
2 24 0
4 24 0
8 24 0
14 24 0
15 24 0
16 24 0
2 25 0
9 25 0
12 25 0
16 25 0
96 25 0
134 25 0
135 25 0
136 25 0
2 26 0
7 26 0
8 26 0
97 26 0
98 26 0
134 26 0
135 26 0
136 26 0
137 26 0
8 27 0
102 27 0
103 27 0
134 27 0
135 27 0
136 27 0
137 27 0
3 28 0
59 28 0
61 28 0
103 28 0
133 28 0
134 28 0
136 28 0
9 29 0
61 29 0
62 29 0
63 29 0
134 29 0
135 29 0
136 29 0
137 29 0
11 30 0
66 30 0
68 30 0
12 31 0
13 31 0
68 31 0
71 31 0
72 31 0
74 31 0
104 31 0
116 31 0
117 31 0
132 31 0
134 31 0
136 31 0
12 32 0
72 32 0
74 32 0
75 32 0
76 32 0
116 32 0
117 32 0
132 32 0
133 32 0
134 32 0
135 32 0
136 32 0
74 33 0
80 33 0
84 33 0
85 33 0
114 33 0
116 33 0
122 33 0
132 33 0
133 33 0
134 33 0
135 33 0
1 34 0
2 34 0
3 34 0
4 34 0
5 34 0
6 34 0
84 34 0
85 34 0
86 34 0
88 34 0
90 34 0
126 34 0
132 34 0
133 34 0
134 34 0
135 34 0
1 35 0
2 35 0
4 35 0
5 35 0
6 35 0
8 35 0
11 35 0
12 35 0
84 35 0
85 35 0
86 35 0
87 35 0
88 35 0
89 35 0
90 35 0
91 35 0
92 35 0
94 35 0
96 35 0
97 35 0
98 35 0
132 35 0
134 35 0
135 35 0
1 36 0
2 36 0
3 36 0
4 36 0
5 36 0
6 36 0
7 36 0
8 36 0
10 36 0
11 36 0
12 36 0
13 36 0
14 36 0
84 36 0
85 36 0
86 36 0
88 36 0
91 36 0
92 36 0
94 36 0
95 36 0
96 36 0
97 36 0
98 36 0
99 36 0
100 36 0
101 36 0
102 36 0
132 36 0
133 36 0
2 37 0
3 37 0
4 37 0
5 37 0
6 37 0
7 37 0
10 37 0
12 37 0
13 37 0
17 37 0
84 37 0
89 37 0
90 37 0
91 37 0
95 37 0
96 37 0
97 37 0
101 37 0
102 37 0
103 37 0
132 37 0
133 37 0
4 38 0
6 38 0
8 38 0
11 38 0
13 38 0
14 38 0
16 38 0
83 38 0
84 38 0
94 38 0
95 38 0
96 38 0
97 38 0
99 38 0
101 38 0
102 38 0
103 38 0
104 38 0
131 38 0
132 38 0
2 39 0
4 39 0
6 39 0
11 39 0
13 39 0
14 39 0
16 39 0
100 39 0
101 39 0
102 39 0
103 39 0
104 39 0
134 39 0
3 40 0
99 40 0
107 40 0
108 40 0
109 40 0
110 40 0
112 40 0
122 40 0
123 40 0
124 40 0
125 40 0
3 41 0
5 41 0
8 41 0
103 41 0
106 41 0
108 41 0
110 41 0
111 41 0
112 41 0
118 41 0
121 41 0
122 41 0
123 41 0
124 41 0
125 41 0
5 42 0
6 42 0
107 42 0
110 42 0
111 42 0
112 42 0
115 42 0
116 42 0
117 42 0
118 42 0
120 42 0
123 42 0
124 42 0
125 42 0
2 43 0
3 43 0
6 43 0
110 43 0
111 43 0
112 43 0
120 43 0
123 43 0
124 43 0
125 43 0
151 43 0
2 44 0
109 44 0
110 44 0
117 44 0
118 44 0
119 44 0
120 44 0
121 44 0
122 44 0
123 44 0
125 44 0
151 44 0
2 45 0
120 45 0
121 45 0
122 45 0
123 45 0
124 45 0
128 45 0
129 45 0
130 45 0
131 45 0
1 46 0
2 46 0
9 46 0
12 46 0
129 46 0
130 46 0
132 46 0
165 46 0
8 47 0
9 47 0
10 47 0
109 47 0
129 47 0
132 47 0
168 47 0
2 48 0
3 48 0
9 48 0
12 48 0
12 49 0
144 49 0
172 49 0
4 50 0
8 50 0
9 50 0
138 50 0
143 50 0
148 50 0
149 50 0
172 50 0
2 51 0
4 51 0
9 51 0
144 51 0
146 51 0
147 51 0
148 51 0
149 51 0
157 51 0
2 52 0
3 52 0
4 52 0
145 52 0
146 52 0
147 52 0
148 52 0
149 52 0
154 52 0
155 52 0
156 52 0
157 52 0
158 52 0
160 52 0
2 53 0
3 53 0
4 53 0
8 53 0
145 53 0
147 53 0
148 53 0
154 53 0
155 53 0
156 53 0
159 53 0
160 53 0
161 53 0
162 53 0
2 54 0
3 54 0
4 54 0
6 54 0
7 54 0
8 54 0
10 54 0
15 54 0
145 54 0
146 54 0
147 54 0
148 54 0
155 54 0
156 54 0
157 54 0
158 54 0
159 54 0
160 54 0
161 54 0
162 54 0
6 55 0
7 55 0
8 55 0
16 55 0
158 55 0
159 55 0
160 55 0
161 55 0
162 55 0
163 55 0
164 55 0
2 56 0
3 56 0
6 56 0
8 56 0
160 56 0
161 56 0
162 56 0
163 56 0
2 57 0
3 57 0
4 57 0
6 57 0
159 57 0
160 57 0
161 57 0
162 57 0
170 57 0
181 57 0
2 58 0
5 58 0
6 58 0
10 58 0
19 58 0
160 58 0
166 58 0
173 58 0
174 58 0
175 58 0
176 58 0
181 58 0
182 58 0
183 58 0
2 59 0
5 59 0
18 59 0
172 59 0
173 59 0
174 59 0
181 59 0
183 59 0
2 60 0
172 60 0
174 60 0
181 60 0
2 61 0
5 61 0
172 61 0
173 61 0
174 61 0
183 61 0
168 62 0
184 63 0
186 63 0
188 63 0
2 64 0
4 64 0
5 64 0
16 64 0
185 64 0
186 64 0
1 65 0
3 65 0
3 66 0
4 66 0
10 66 0
166 66 0
186 66 0
4 67 0
164 67 0
186 67 0
2 68 0
181 68 0
186 68 0
187 68 0
12 69 0
181 69 0
187 69 0
182 70 0
187 70 0
187 71 0
188 71 0
2 72 0
11 72 0
18 72 0
178 72 0
179 72 0
180 72 0
181 72 0
183 72 0
184 72 0
186 72 0
188 72 0
189 72 0
6 76 0
7 76 0
8 76 0
6 77 0
7 77 0
8 77 0
6 78 0
7 78 0
8 78 0
5 79 0
6 79 0
7 79 0
8 79 0
6 80 0
6 84 0
181 84 0
182 84 0
187 84 0
6 85 0
181 85 0
182 85 0
187 85 0
188 85 0
8 86 0
180 86 0
181 86 0
182 86 0
183 86 0
184 86 0
186 86 0
187 86 0
188 86 0
179 87 0
180 87 0
181 87 0
182 87 0
183 87 0
184 87 0
185 87 0
186 87 0
187 87 0
188 87 0
179 88 0
180 88 0
181 88 0
182 88 0
183 88 0
184 88 0
185 88 0
186 88 0
180 89 0
181 89 0
182 89 0
183 89 0
184 89 0
185 89 0
182 90 0
183 90 0
184 90 0
185 90 0
188 90 0
189 90 0
188 91 0
189 91 0
1 92 0
188 92 0
189 92 0
189 94 0
188 95 0
106 96 0
188 96 0
104 99 0
105 99 0
106 99 0
74 100 0
187 102 0
188 102 0
187 103 0
187 104 0
19 105 0
187 105 0
2 106 0
19 106 0
106 106 0
107 106 0
108 106 0
187 106 0
2 107 0
3 107 0
19 107 0
106 107 0
107 107 0
187 107 0
2 108 0
3 108 0
6 108 0
105 108 0
106 108 0
107 108 0
187 108 0
2 109 0
3 109 0
6 109 0
182 109 0
187 109 0
2 110 0
3 110 0
5 110 0
6 110 0
182 110 0
186 110 0
187 110 0
188 110 0
2 111 0
3 111 0
5 111 0
188 111 0
2 112 0
3 112 0
4 112 0
5 112 0
6 112 0
144 112 0
164 112 0
184 112 0
187 112 0
188 112 0
189 112 0
2 113 0
5 113 0
184 113 0
185 113 0
187 113 0
188 113 0
189 113 0
5 114 0
122 114 0
163 114 0
184 114 0
185 114 0
186 114 0
188 114 0
185 115 0
186 115 0
182 116 0
187 116 0
119 117 0
187 117 0
4 118 0
119 118 0
136 118 0
178 118 0
181 118 0
7 119 0
136 119 0
178 119 0
180 119 0
181 119 0
186 119 0
188 119 0
4 120 0
122 120 0
162 120 0
180 120 0
187 120 0
179 121 0
180 121 0
186 121 0
188 121 0
8 122 0
20 122 0
188 122 0
189 122 0
142 123 0
178 123 0
184 123 0
185 123 0
188 123 0
142 124 0
177 124 0
178 124 0
184 125 0
185 125 0
188 125 0
116 126 0
136 126 0
176 126 0
177 126 0
181 126 0
184 126 0
185 126 0
188 126 0
176 127 0
184 127 0
185 127 0
136 128 0
138 128 0
140 128 0
141 128 0
175 128 0
176 128 0
183 128 0
184 128 0
174 129 0
175 129 0
183 129 0
96 130 0
122 130 0
172 130 0
173 130 0
174 130 0
183 130 0
184 130 0
185 130 0
187 130 0
188 130 0
27 131 0
28 131 0
29 131 0
30 131 0
31 131 0
32 131 0
33 131 0
34 131 0
122 131 0
141 131 0
173 131 0
174 131 0
183 131 0
184 131 0
26 132 0
27 132 0
29 132 0
30 132 0
31 132 0
32 132 0
33 132 0
34 132 0
35 132 0
36 132 0
37 132 0
38 132 0
39 132 0
40 132 0
41 132 0
42 132 0
174 132 0
26 133 0
28 133 0
29 133 0
32 133 0
36 133 0
37 133 0
38 133 0
39 133 0
40 133 0
41 133 0
42 133 0
43 133 0
44 133 0
45 133 0
46 133 0
47 133 0
48 133 0
49 133 0
50 133 0
122 133 0
140 133 0
172 133 0
173 133 0
177 133 0
189 133 0
26 134 0
27 134 0
28 134 0
32 134 0
34 134 0
35 134 0
36 134 0
38 134 0
39 134 0
40 134 0
41 134 0
42 134 0
43 134 0
44 134 0
45 134 0
46 134 0
47 134 0
48 134 0
49 134 0
50 134 0
118 134 0
150 134 0
171 134 0
172 134 0
186 134 0
187 134 0
26 135 0
28 135 0
29 135 0
30 135 0
31 135 0
32 135 0
33 135 0
34 135 0
35 135 0
36 135 0
38 135 0
39 135 0
40 135 0
41 135 0
44 135 0
46 135 0
48 135 0
50 135 0
53 135 0
54 135 0
55 135 0
56 135 0
170 135 0
171 135 0
186 135 0
26 136 0
34 136 0
35 136 0
36 136 0
37 136 0
38 136 0
39 136 0
40 136 0
41 136 0
42 136 0
43 136 0
44 136 0
45 136 0
46 136 0
48 136 0
49 136 0
50 136 0
53 136 0
54 136 0
55 136 0
56 136 0
57 136 0
58 136 0
59 136 0
60 136 0
61 136 0
62 136 0
63 136 0
64 136 0
65 136 0
66 136 0
67 136 0
68 136 0
141 136 0
170 136 0
184 136 0
185 136 0
186 136 0
188 136 0
31 137 0
36 137 0
38 137 0
43 137 0
45 137 0
46 137 0
47 137 0
48 137 0
49 137 0
50 137 0
52 137 0
53 137 0
54 137 0
55 137 0
56 137 0
57 137 0
58 137 0
59 137 0
60 137 0
61 137 0
62 137 0
63 137 0
64 137 0
65 137 0
66 137 0
67 137 0
68 137 0
69 137 0
70 137 0
71 137 0
72 137 0
73 137 0
74 137 0
75 137 0
76 137 0
77 137 0
78 137 0
79 137 0
80 137 0
86 137 0
87 137 0
88 137 0
89 137 0
90 137 0
91 137 0
92 137 0
93 137 0
94 137 0
95 137 0
96 137 0
97 137 0
98 137 0
99 137 0
101 137 0
102 137 0
104 137 0
138 137 0
141 137 0
158 137 0
169 137 0
170 137 0
186 137 0
25 138 0
29 138 0
36 138 0
58 138 0
59 138 0
60 138 0
61 138 0
62 138 0
63 138 0
64 138 0
65 138 0
66 138 0
67 138 0
68 138 0
69 138 0
70 138 0
71 138 0
72 138 0
73 138 0
74 138 0
75 138 0
76 138 0
77 138 0
78 138 0
79 138 0
80 138 0
81 138 0
82 138 0
86 138 0
87 138 0
89 138 0
90 138 0
91 138 0
92 138 0
93 138 0
94 138 0
95 138 0
96 138 0
97 138 0
98 138 0
99 138 0
100 138 0
101 138 0
102 138 0
103 138 0
104 138 0
105 138 0
130 138 0
136 138 0
140 138 0
141 138 0
168 138 0
170 138 0
186 138 0
64 139 0
66 139 0
67 139 0
68 139 0
69 139 0
70 139 0
71 139 0
72 139 0
73 139 0
74 139 0
75 139 0
76 139 0
77 139 0
78 139 0
79 139 0
80 139 0
81 139 0
82 139 0
85 139 0
87 139 0
90 139 0
92 139 0
94 139 0
96 139 0
98 139 0
100 139 0
102 139 0
103 139 0
104 139 0
105 139 0
136 139 0
142 139 0
143 139 0
144 139 0
145 139 0
147 139 0
148 139 0
161 139 0
170 139 0
171 139 0
33 140 0
74 140 0
76 140 0
77 140 0
78 140 0
79 140 0
85 140 0
86 140 0
87 140 0
88 140 0
89 140 0
90 140 0
91 140 0
92 140 0
93 140 0
94 140 0
95 140 0
96 140 0
98 140 0
100 140 0
102 140 0
104 140 0
105 140 0
140 140 0
142 140 0
144 140 0
145 140 0
146 140 0
147 140 0
148 140 0
149 140 0
150 140 0
158 140 0
159 140 0
160 140 0
164 140 0
165 140 0
166 140 0
170 140 0
171 140 0
87 141 0
90 141 0
92 141 0
93 141 0
94 141 0
95 141 0
96 141 0
97 141 0
98 141 0
99 141 0
100 141 0
101 141 0
102 141 0
103 141 0
104 141 0
105 141 0
140 141 0
144 141 0
146 141 0
147 141 0
149 141 0
150 141 0
151 141 0
152 141 0
153 141 0
154 141 0
155 141 0
156 141 0
157 141 0
158 141 0
159 141 0
160 141 0
164 141 0
165 141 0
166 141 0
167 141 0
171 141 0
90 142 0
140 142 0
144 142 0
145 142 0
146 142 0
148 142 0
150 142 0
151 142 0
152 142 0
154 142 0
157 142 0
158 142 0
159 142 0
160 142 0
161 142 0
163 142 0
164 142 0
166 142 0
167 142 0
170 142 0
171 142 0
172 142 0
173 142 0
174 142 0
182 142 0
88 143 0
96 143 0
102 143 0
140 143 0
141 143 0
142 143 0
145 143 0
146 143 0
147 143 0
148 143 0
149 143 0
150 143 0
154 143 0
156 143 0
158 143 0
160 143 0
161 143 0
163 143 0
164 143 0
166 143 0
168 143 0
170 143 0
171 143 0
172 143 0
173 143 0
174 143 0
175 143 0
176 143 0
177 143 0
136 144 0
144 144 0
146 144 0
147 144 0
148 144 0
149 144 0
150 144 0
152 144 0
153 144 0
154 144 0
155 144 0
156 144 0
158 144 0
160 144 0
163 144 0
164 144 0
166 144 0
168 144 0
171 144 0
172 144 0
174 144 0
175 144 0
176 144 0
177 144 0
95 145 0
100 145 0
145 145 0
146 145 0
147 145 0
148 145 0
149 145 0
150 145 0
151 145 0
155 145 0
157 145 0
158 145 0
160 145 0
163 145 0
176 145 0
177 145 0
178 145 0
147 146 0
154 146 0
158 146 0
160 146 0
162 146 0
170 146 0
176 146 0
177 146 0
178 146 0
182 146 0
183 146 0
184 146 0
185 146 0
186 146 0
27 147 0
155 147 0
156 147 0
158 147 0
159 147 0
160 147 0
162 147 0
164 147 0
165 147 0
166 147 0
167 147 0
169 147 0
170 147 0
171 147 0
172 147 0
173 147 0
174 147 0
175 147 0
176 147 0
178 147 0
182 147 0
183 147 0
184 147 0
185 147 0
186 147 0
187 147 0
188 147 0
189 147 0
28 148 0
29 148 0
31 148 0
32 148 0
34 148 0
35 148 0
36 148 0
56 148 0
156 148 0
158 148 0
159 148 0
162 148 0
163 148 0
164 148 0
165 148 0
166 148 0
167 148 0
168 148 0
169 148 0
170 148 0
171 148 0
172 148 0
173 148 0
174 148 0
175 148 0
177 148 0
178 148 0
181 148 0
182 148 0
183 148 0
184 148 0
187 148 0
188 148 0
189 148 0
26 149 0
28 149 0
36 149 0
37 149 0
157 149 0
158 149 0
167 149 0
168 149 0
182 149 0
183 149 0
184 149 0
185 149 0
189 149 0
27 150 0
28 150 0
29 150 0
30 150 0
31 150 0
32 150 0
33 150 0
34 150 0
36 150 0
37 150 0
56 150 0
62 150 0
71 150 0
72 150 0
75 150 0
76 150 0
184 150 0
186 150 0
187 150 0
188 150 0
189 150 0
26 151 0
28 151 0
35 151 0
37 151 0
62 151 0
64 151 0
70 151 0
71 151 0
72 151 0
73 151 0
74 151 0
75 151 0
76 151 0
188 151 0
189 151 0
29 152 0
30 152 0
37 152 0
52 152 0
58 152 0
59 152 0
60 152 0
61 152 0
62 152 0
70 152 0
71 152 0
72 152 0
74 152 0
99 152 0
160 152 0
162 152 0
163 152 0
164 152 0
30 153 0
37 153 0
38 153 0
57 153 0
58 153 0
59 153 0
60 153 0
61 153 0
62 153 0
63 153 0
64 153 0
65 153 0
66 153 0
67 153 0
68 153 0
69 153 0
70 153 0
71 153 0
72 153 0
73 153 0
74 153 0
76 153 0
79 153 0
80 153 0
81 153 0
82 153 0
98 153 0
99 153 0
122 153 0
140 153 0
141 153 0
142 153 0
143 153 0
149 153 0
153 153 0
154 153 0
156 153 0
157 153 0
158 153 0
161 153 0
162 153 0
163 153 0
164 153 0
166 153 0
185 153 0
187 153 0
26 154 0
35 154 0
37 154 0
38 154 0
39 154 0
40 154 0
41 154 0
56 154 0
60 154 0
67 154 0
68 154 0
69 154 0
70 154 0
71 154 0
74 154 0
76 154 0
78 154 0
80 154 0
81 154 0
82 154 0
83 154 0
86 154 0
87 154 0
88 154 0
89 154 0
90 154 0
91 154 0
92 154 0
94 154 0
96 154 0
98 154 0
100 154 0
102 154 0
103 154 0
104 154 0
105 154 0
106 154 0
107 154 0
108 154 0
109 154 0
110 154 0
111 154 0
112 154 0
113 154 0
114 154 0
115 154 0
116 154 0
117 154 0
118 154 0
119 154 0
123 154 0
124 154 0
125 154 0
128 154 0
129 154 0
130 154 0
131 154 0
132 154 0
134 154 0
135 154 0
136 154 0
137 154 0
141 154 0
143 154 0
146 154 0
148 154 0
154 154 0
163 154 0
164 154 0
165 154 0
166 154 0
167 154 0
168 154 0
185 154 0
28 155 0
31 155 0
37 155 0
38 155 0
41 155 0
42 155 0
43 155 0
44 155 0
45 155 0
46 155 0
47 155 0
48 155 0
56 155 0
74 155 0
75 155 0
85 155 0
102 155 0
103 155 0
164 155 0
166 155 0
167 155 0
168 155 0
169 155 0
170 155 0
180 155 0
186 155 0
189 155 0
28 156 0
36 156 0
41 156 0
45 156 0
46 156 0
47 156 0
48 156 0
49 156 0
50 156 0
52 156 0
55 156 0
56 156 0
161 156 0
166 156 0
170 156 0
171 156 0
172 156 0
173 156 0
40 157 0
51 157 0
52 157 0
53 157 0
54 157 0
55 157 0
70 157 0
74 157 0
173 157 0
176 157 0
185 157 0
30 158 0
40 158 0
55 158 0
56 158 0
74 158 0
96 158 0
176 158 0
178 158 0
179 158 0
180 158 0
186 158 0
30 159 0
34 159 0
42 159 0
44 159 0
47 159 0
50 159 0
72 159 0
87 159 0
179 159 0
180 159 0
181 159 0
182 159 0
32 160 0
34 160 0
37 160 0
42 160 0
166 160 0
168 160 0
169 160 0
170 160 0
182 160 0
183 160 0
184 160 0
186 160 0
37 161 0
40 161 0
168 161 0
169 161 0
170 161 0
171 161 0
172 161 0
173 161 0
174 161 0
184 161 0
185 161 0
186 161 0
48 162 0
170 162 0
171 162 0
172 162 0
173 162 0
174 162 0
176 162 0
178 162 0
186 162 0
187 162 0
188 162 0
48 163 0
55 163 0
120 163 0
174 163 0
175 163 0
176 163 0
178 163 0
179 163 0
180 163 0
181 163 0
189 163 0
54 164 0
55 164 0
76 164 0
142 164 0
157 164 0
178 164 0
179 164 0
180 164 0
181 164 0
183 164 0
184 164 0
185 164 0
186 164 0
86 165 0
183 165 0
184 165 0
185 165 0
186 165 0
187 165 0
188 165 0
58 166 0
182 166 0
184 166 0
186 166 0
187 166 0
188 166 0
189 166 0
58 167 0
70 167 0
188 167 0
189 167 0
58 168 0
54 169 0
50 170 0
56 172 0
162 172 0
68 174 0
48 176 0
58 176 0
63 177 0
1 133 1
5 133 1
2 134 1
3 134 1
5 134 1
10 134 1
1 135 1
2 135 1
5 135 1
7 135 1
8 135 1
14 135 1
2 136 1
4 136 1
8 136 1
10 136 1
16 136 1
4 137 1
14 137 1
16 137 1
18 137 1
19 137 1
3 138 1
4 138 1
9 138 1
16 138 1
1 139 1
2 139 1
3 139 1
4 139 1
6 139 1
9 139 1
17 139 1
1 140 1
2 140 1
4 140 1
5 140 1
7 140 1
1 141 1
2 141 1
3 141 1
5 141 1
6 141 1
7 141 1
8 141 1
10 141 1
1 142 1
3 142 1
4 142 1
5 142 1
6 142 1
7 142 1
8 142 1
9 142 1
11 142 1
12 142 1
15 142 1
16 142 1
18 142 1
19 142 1
1 143 1
2 143 1
3 143 1
4 143 1
5 143 1
6 143 1
7 143 1
8 143 1
9 143 1
10 143 1
11 143 1
12 143 1
13 143 1
14 143 1
16 143 1
22 143 1
1 144 1
2 144 1
3 144 1
4 144 1
6 144 1
7 144 1
8 144 1
9 144 1
10 144 1
11 144 1
12 144 1
13 144 1
14 144 1
15 144 1
16 144 1
17 144 1
18 144 1
19 144 1
22 144 1
1 145 1
2 145 1
3 145 1
4 145 1
5 145 1
6 145 1
7 145 1
8 145 1
9 145 1
10 145 1
11 145 1
12 145 1
13 145 1
14 145 1
15 145 1
16 145 1
18 145 1
19 145 1
20 145 1
1 146 1
2 146 1
3 146 1
4 146 1
5 146 1
7 146 1
8 146 1
9 146 1
10 146 1
11 146 1
12 146 1
13 146 1
14 146 1
15 146 1
16 146 1
17 146 1
18 146 1
19 146 1
21 146 1
22 146 1
23 146 1
1 147 1
3 147 1
4 147 1
5 147 1
6 147 1
7 147 1
8 147 1
9 147 1
10 147 1
11 147 1
12 147 1
14 147 1
15 147 1
16 147 1
17 147 1
18 147 1
19 147 1
2 148 1
3 148 1
4 148 1
5 148 1
6 148 1
7 148 1
8 148 1
9 148 1
10 148 1
11 148 1
13 148 1
14 148 1
15 148 1
16 148 1
17 148 1
18 148 1
19 148 1
20 148 1
24 148 1
1 149 1
2 149 1
3 149 1
5 149 1
6 149 1
7 149 1
9 149 1
10 149 1
11 149 1
12 149 1
13 149 1
14 149 1
15 149 1
16 149 1
17 149 1
18 149 1
19 149 1
20 149 1
1 150 1
2 150 1
3 150 1
4 150 1
5 150 1
6 150 1
7 150 1
9 150 1
10 150 1
11 150 1
12 150 1
13 150 1
14 150 1
16 150 1
18 150 1
19 150 1
1 151 1
2 151 1
3 151 1
4 151 1
5 151 1
6 151 1
7 151 1
8 151 1
10 151 1
11 151 1
12 151 1
13 151 1
14 151 1
15 151 1
16 151 1
17 151 1
18 151 1
19 151 1
20 151 1
1 152 1
3 152 1
4 152 1
5 152 1
6 152 1
7 152 1
8 152 1
9 152 1
10 152 1
11 152 1
12 152 1
14 152 1
15 152 1
16 152 1
17 152 1
18 152 1
19 152 1
1 153 1
2 153 1
3 153 1
4 153 1
6 153 1
7 153 1
8 153 1
9 153 1
10 153 1
11 153 1
12 153 1
14 153 1
15 153 1
16 153 1
17 153 1
18 153 1
19 153 1
1 154 1
2 154 1
3 154 1
4 154 1
5 154 1
6 154 1
7 154 1
8 154 1
9 154 1
11 154 1
12 154 1
13 154 1
14 154 1
15 154 1
16 154 1
17 154 1
19 154 1
1 155 1
2 155 1
3 155 1
4 155 1
6 155 1
8 155 1
9 155 1
10 155 1
11 155 1
12 155 1
14 155 1
15 155 1
16 155 1
17 155 1
18 155 1
19 155 1
1 156 1
2 156 1
3 156 1
4 156 1
5 156 1
6 156 1
7 156 1
8 156 1
9 156 1
10 156 1
11 156 1
12 156 1
13 156 1
14 156 1
15 156 1
16 156 1
17 156 1
18 156 1
19 156 1
20 156 1
1 157 1
2 157 1
3 157 1
4 157 1
6 157 1
7 157 1
8 157 1
9 157 1
10 157 1
12 157 1
13 157 1
14 157 1
15 157 1
16 157 1
17 157 1
18 157 1
19 157 1
22 157 1
24 157 1
1 158 1
2 158 1
3 158 1
5 158 1
6 158 1
7 158 1
8 158 1
9 158 1
10 158 1
11 158 1
12 158 1
14 158 1
15 158 1
16 158 1
17 158 1
18 158 1
19 158 1
20 158 1
1 159 1
2 159 1
3 159 1
4 159 1
6 159 1
7 159 1
8 159 1
10 159 1
11 159 1
12 159 1
13 159 1
14 159 1
16 159 1
17 159 1
18 159 1
19 159 1
28 159 1
1 160 1
2 160 1
4 160 1
5 160 1
6 160 1
7 160 1
8 160 1
9 160 1
10 160 1
11 160 1
12 160 1
14 160 1
15 160 1
16 160 1
17 160 1
18 160 1
19 160 1
20 160 1
22 160 1
1 161 1
2 161 1
3 161 1
4 161 1
6 161 1
7 161 1
10 161 1
11 161 1
13 161 1
14 161 1
15 161 1
16 161 1
17 161 1
1 162 1
2 162 1
3 162 1
4 162 1
5 162 1
6 162 1
7 162 1
8 162 1
9 162 1
10 162 1
11 162 1
12 162 1
13 162 1
14 162 1
15 162 1
16 162 1
17 162 1
18 162 1
19 162 1
1 163 1
2 163 1
3 163 1
5 163 1
6 163 1
7 163 1
8 163 1
9 163 1
10 163 1
11 163 1
12 163 1
13 163 1
14 163 1
15 163 1
16 163 1
17 163 1
18 163 1
19 163 1
1 164 1
2 164 1
3 164 1
4 164 1
5 164 1
6 164 1
8 164 1
10 164 1
12 164 1
14 164 1
16 164 1
17 164 1
18 164 1
25 164 1
26 164 1
2 165 1
3 165 1
4 165 1
5 165 1
6 165 1
7 165 1
8 165 1
9 165 1
10 165 1
12 165 1
13 165 1
14 165 1
16 165 1
18 165 1
2 166 1
3 166 1
4 166 1
5 166 1
6 166 1
7 166 1
8 166 1
9 166 1
10 166 1
11 166 1
14 166 1
16 166 1
17 166 1
18 166 1
19 166 1
25 166 1
1 167 1
2 167 1
3 167 1
4 167 1
5 167 1
6 167 1
7 167 1
8 167 1
9 167 1
10 167 1
11 167 1
12 167 1
13 167 1
14 167 1
15 167 1
16 167 1
17 167 1
18 167 1
19 167 1
26 167 1
28 167 1
1 168 1
2 168 1
3 168 1
4 168 1
5 168 1
6 168 1
7 168 1
8 168 1
9 168 1
10 168 1
11 168 1
12 168 1
13 168 1
14 168 1
15 168 1
16 168 1
17 168 1
18 168 1
27 168 1
1 169 1
2 169 1
3 169 1
4 169 1
5 169 1
6 169 1
8 169 1
9 169 1
10 169 1
12 169 1
14 169 1
15 169 1
16 169 1
17 169 1
24 169 1
33 169 1
1 170 1
2 170 1
3 170 1
4 170 1
5 170 1
6 170 1
7 170 1
8 170 1
9 170 1
10 170 1
11 170 1
13 170 1
14 170 1
16 170 1
17 170 1
18 170 1
19 170 1
34 170 1
2 171 1
3 171 1
4 171 1
5 171 1
6 171 1
7 171 1
8 171 1
9 171 1
10 171 1
11 171 1
12 171 1
13 171 1
14 171 1
15 171 1
16 171 1
17 171 1
18 171 1
19 171 1
25 171 1
26 171 1
30 171 1
40 171 1
1 172 1
2 172 1
4 172 1
6 172 1
7 172 1
8 172 1
9 172 1
10 172 1
11 172 1
12 172 1
13 172 1
14 172 1
16 172 1
18 172 1
19 172 1
39 172 1
2 173 1
5 173 1
6 173 1
7 173 1
8 173 1
9 173 1
10 173 1
11 173 1
12 173 1
13 173 1
14 173 1
16 173 1
17 173 1
18 173 1
1 174 1
2 174 1
3 174 1
4 174 1
5 174 1
6 174 1
7 174 1
8 174 1
9 174 1
10 174 1
11 174 1
12 174 1
13 174 1
14 174 1
15 174 1
16 174 1
17 174 1
18 174 1
23 174 1
35 174 1
1 175 1
2 175 1
3 175 1
4 175 1
5 175 1
6 175 1
7 175 1
8 175 1
9 175 1
11 175 1
12 175 1
13 175 1
14 175 1
15 175 1
16 175 1
17 175 1
18 175 1
24 175 1
1 176 1
2 176 1
3 176 1
4 176 1
7 176 1
8 176 1
9 176 1
10 176 1
11 176 1
12 176 1
13 176 1
14 176 1
15 176 1
16 176 1
17 176 1
19 176 1
1 177 1
2 177 1
3 177 1
4 177 1
5 177 1
6 177 1
7 177 1
8 177 1
9 177 1
10 177 1
11 177 1
12 177 1
13 177 1
14 177 1
16 177 1
17 177 1
18 177 1
19 177 1
24 177 1
38 177 1
153 91 2
153 92 2
155 92 2
157 92 2
120 93 2
121 93 2
122 93 2
119 94 2
120 94 2
121 94 2
122 94 2
123 94 2
124 94 2
125 94 2
126 94 2
127 94 2
128 94 2
129 94 2
130 94 2
117 95 2
118 95 2
119 95 2
120 95 2
121 95 2
122 95 2
123 95 2
124 95 2
125 95 2
126 95 2
127 95 2
128 95 2
129 95 2
130 95 2
131 95 2
117 96 2
118 96 2
119 96 2
120 96 2
121 96 2
122 96 2
123 96 2
124 96 2
125 96 2
126 96 2
127 96 2
128 96 2
129 96 2
130 96 2
131 96 2
132 96 2
133 96 2
116 97 2
117 97 2
118 97 2
119 97 2
120 97 2
121 97 2
122 97 2
123 97 2
124 97 2
125 97 2
126 97 2
127 97 2
128 97 2
129 97 2
130 97 2
131 97 2
132 97 2
133 97 2
134 97 2
135 97 2
136 97 2
137 97 2
118 98 2
119 98 2
120 98 2
121 98 2
122 98 2
123 98 2
124 98 2
125 98 2
126 98 2
127 98 2
128 98 2
129 98 2
130 98 2
131 98 2
132 98 2
133 98 2
134 98 2
135 98 2
136 98 2
118 99 2
119 99 2
120 99 2
121 99 2
122 99 2
123 99 2
124 99 2
125 99 2
126 99 2
127 99 2
128 99 2
129 99 2
130 99 2
131 99 2
132 99 2
133 99 2
134 99 2
135 99 2
136 99 2
118 100 2
119 100 2
120 100 2
121 100 2
122 100 2
123 100 2
124 100 2
125 100 2
126 100 2
127 100 2
128 100 2
129 100 2
130 100 2
131 100 2
132 100 2
133 100 2
134 100 2
135 100 2
118 101 2
119 101 2
120 101 2
121 101 2
122 101 2
123 101 2
124 101 2
125 101 2
126 101 2
127 101 2
128 101 2
129 101 2
130 101 2
131 101 2
132 101 2
133 101 2
134 101 2
119 102 2
120 102 2
121 102 2
122 102 2
123 102 2
124 102 2
125 102 2
126 102 2
127 102 2
128 102 2
129 102 2
130 102 2
131 102 2
132 102 2
133 102 2
118 103 2
123 103 2
124 103 2
126 103 2
128 103 2
129 103 2
130 103 2
128 104 2
