13 1 0
14 1 0
15 1 0
16 1 0
17 1 0
18 1 0
19 1 0
20 1 0
21 1 0
22 1 0
23 1 0
24 1 0
25 1 0
26 1 0
27 1 0
28 1 0
29 1 0
30 1 0
31 1 0
32 1 0
33 1 0
34 1 0
35 1 0
36 1 0
37 1 0
38 1 0
40 1 0
54 1 0
1 2 0
4 2 0
14 2 0
16 2 0
17 2 0
18 2 0
19 2 0
20 2 0
21 2 0
22 2 0
23 2 0
24 2 0
25 2 0
26 2 0
27 2 0
28 2 0
29 2 0
30 2 0
31 2 0
32 2 0
33 2 0
34 2 0
35 2 0
36 2 0
37 2 0
38 2 0
39 2 0
18 3 0
19 3 0
20 3 0
21 3 0
22 3 0
23 3 0
24 3 0
25 3 0
26 3 0
27 3 0
28 3 0
29 3 0
30 3 0
31 3 0
32 3 0
33 3 0
34 3 0
35 3 0
36 3 0
37 3 0
38 3 0
39 3 0
12 4 0
15 4 0
16 4 0
20 4 0
21 4 0
22 4 0
23 4 0
24 4 0
25 4 0
26 4 0
28 4 0
29 4 0
31 4 0
32 4 0
33 4 0
34 4 0
35 4 0
36 4 0
37 4 0
38 4 0
39 4 0
40 4 0
22 5 0
25 5 0
26 5 0
27 5 0
28 5 0
30 5 0
32 5 0
33 5 0
34 5 0
35 5 0
36 5 0
37 5 0
38 5 0
39 5 0
40 5 0
41 5 0
14 6 0
16 6 0
33 6 0
34 6 0
35 6 0
36 6 0
37 6 0
38 6 0
39 6 0
40 6 0
41 6 0
23 7 0
35 7 0
36 7 0
37 7 0
38 7 0
39 7 0
40 7 0
41 7 0
42 7 0
38 8 0
39 8 0
40 8 0
41 8 0
42 8 0
43 8 0
4 9 0
38 9 0
39 9 0
40 9 0
41 9 0
42 9 0
43 9 0
3 10 0
36 10 0
38 10 0
39 10 0
40 10 0
41 10 0
42 10 0
44 10 0
1 11 0
4 11 0
6 11 0
10 11 0
14 11 0
16 11 0
19 11 0
40 11 0
41 11 0
42 11 0
43 11 0
44 11 0
2 12 0
4 12 0
5 12 0
6 12 0
7 12 0
8 12 0
9 12 0
10 12 0
11 12 0
14 12 0
16 12 0
17 12 0
18 12 0
41 12 0
42 12 0
43 12 0
2 13 0
4 13 0
5 13 0
6 13 0
10 13 0
12 13 0
15 13 0
16 13 0
18 13 0
19 13 0
44 13 0
45 13 0
2 14 0
4 14 0
6 14 0
9 14 0
10 14 0
11 14 0
13 14 0
14 14 0
15 14 0
16 14 0
18 14 0
4 15 0
6 15 0
8 15 0
10 15 0
12 15 0
15 15 0
17 15 0
18 15 0
19 15 0
44 15 0
8 16 0
10 16 0
15 16 0
18 16 0
2 17 0
9 17 0
10 17 0
12 17 0
13 17 0
18 17 0
19 17 0
12 18 0
13 18 0
14 18 0
15 18 0
16 18 0
18 18 0
8 19 0
10 19 0
12 19 0
15 19 0
8 20 0
16 20 0
18 20 0
5 21 0
6 25 0
13 25 0
15 27 0
1 29 0
2 29 0
3 29 0
4 29 0
2 30 0
5 30 0
6 30 0
7 30 0
9 30 0
5 31 0
6 31 0
8 31 0
12 31 0
18 31 0
1 32 0
2 32 0
4 32 0
9 32 0
11 32 0
14 32 0
18 32 0
1 33 0
5 33 0
6 33 0
13 33 0
2 34 0
6 34 0
8 34 0
4 35 0
7 35 0
10 35 0
16 35 0
17 35 0
18 35 0
3 36 0
2 37 0
11 37 0
13 37 0
12 38 0
16 38 0
4 39 0
5 39 0
5 40 0
16 40 0
5 41 0
2 42 0
3 42 0
10 43 0
16 43 0
18 43 0
9 44 0
10 44 0
12 44 0
11 45 0
4 46 0
8 46 0
10 46 0
1 47 0
2 47 0
12 47 0
16 47 0
2 49 0
5 49 0
8 49 0
2 50 0
4 50 0
8 50 0
9 50 0
2 51 0
2 52 0
6 52 0
14 52 0
2 53 0
14 53 0
17 53 0
19 53 0
1 56 0
6 57 0
10 58 0
2 61 0
2 62 0
1 130 0
4 132 0
5 132 0
8 132 0
9 132 0
1 133 0
8 133 0
10 133 0
10 134 0
11 134 0
13 135 0
14 135 0
2 136 0
14 137 0
1 138 0
2 138 0
3 138 0
11 138 0
1 139 0
4 139 0
7 139 0
9 139 0
12 139 0
1 140 0
2 140 0
3 140 0
4 140 0
5 140 0
7 140 0
8 140 0
9 140 0
10 140 0
11 140 0
12 140 0
1 141 0
2 141 0
6 141 0
8 141 0
10 141 0
11 141 0
12 141 0
13 141 0
14 141 0
15 141 0
16 141 0
17 141 0
18 141 0
19 141 0
3 142 0
4 142 0
5 142 0
6 142 0
7 142 0
8 142 0
9 142 0
10 142 0
12 142 0
13 142 0
14 142 0
15 142 0
16 142 0
17 142 0
18 142 0
19 142 0
2 143 0
3 143 0
4 143 0
5 143 0
6 143 0
7 143 0
8 143 0
10 143 0
11 143 0
12 143 0
13 143 0
14 143 0
16 143 0
17 143 0
18 143 0
19 143 0
1 144 0
2 144 0
3 144 0
4 144 0
5 144 0
6 144 0
7 144 0
8 144 0
9 144 0
10 144 0
12 144 0
14 144 0
15 144 0
16 144 0
17 144 0
18 144 0
19 144 0
1 145 0
3 145 0
4 145 0
5 145 0
6 145 0
7 145 0
8 145 0
9 145 0
10 145 0
11 145 0
12 145 0
14 145 0
15 145 0
16 145 0
17 145 0
18 145 0
19 145 0
21 145 0
1 146 0
2 146 0
3 146 0
4 146 0
6 146 0
7 146 0
9 146 0
10 146 0
11 146 0
12 146 0
13 146 0
14 146 0
15 146 0
16 146 0
17 146 0
18 146 0
19 146 0
20 146 0
1 147 0
2 147 0
3 147 0
4 147 0
5 147 0
6 147 0
7 147 0
8 147 0
10 147 0
11 147 0
12 147 0
14 147 0
16 147 0
17 147 0
18 147 0
19 147 0
1 148 0
2 148 0
3 148 0
4 148 0
5 148 0
6 148 0
8 148 0
9 148 0
10 148 0
11 148 0
12 148 0
13 148 0
14 148 0
15 148 0
16 148 0
17 148 0
18 148 0
19 148 0
1 149 0
2 149 0
3 149 0
5 149 0
6 149 0
7 149 0
8 149 0
9 149 0
10 149 0
11 149 0
12 149 0
13 149 0
14 149 0
15 149 0
16 149 0
17 149 0
19 149 0
1 150 0
2 150 0
3 150 0
4 150 0
6 150 0
7 150 0
9 150 0
10 150 0
12 150 0
13 150 0
16 150 0
17 150 0
18 150 0
19 150 0
2 151 0
3 151 0
4 151 0
5 151 0
6 151 0
7 151 0
8 151 0
9 151 0
10 151 0
11 151 0
12 151 0
13 151 0
14 151 0
15 151 0
16 151 0
17 151 0
18 151 0
19 151 0
1 152 0
3 152 0
4 152 0
6 152 0
7 152 0
8 152 0
9 152 0
10 152 0
11 152 0
12 152 0
13 152 0
15 152 0
16 152 0
18 152 0
19 152 0
1 153 0
2 153 0
3 153 0
4 153 0
5 153 0
6 153 0
7 153 0
8 153 0
9 153 0
10 153 0
11 153 0
12 153 0
13 153 0
14 153 0
15 153 0
16 153 0
17 153 0
18 153 0
1 154 0
2 154 0
3 154 0
4 154 0
6 154 0
7 154 0
8 154 0
9 154 0
11 154 0
12 154 0
13 154 0
14 154 0
15 154 0
16 154 0
19 154 0
1 155 0
2 155 0
3 155 0
4 155 0
5 155 0
6 155 0
7 155 0
8 155 0
9 155 0
10 155 0
11 155 0
12 155 0
14 155 0
15 155 0
16 155 0
18 155 0
19 155 0
1 156 0
2 156 0
3 156 0
4 156 0
5 156 0
6 156 0
7 156 0
8 156 0
9 156 0
10 156 0
11 156 0
12 156 0
13 156 0
15 156 0
16 156 0
17 156 0
18 156 0
19 156 0
20 156 0
1 157 0
2 157 0
3 157 0
4 157 0
5 157 0
6 157 0
7 157 0
8 157 0
9 157 0
10 157 0
11 157 0
12 157 0
13 157 0
14 157 0
15 157 0
16 157 0
17 157 0
18 157 0
19 157 0
1 158 0
2 158 0
3 158 0
4 158 0
5 158 0
6 158 0
8 158 0
9 158 0
10 158 0
11 158 0
12 158 0
14 158 0
15 158 0
16 158 0
17 158 0
18 158 0
20 158 0
1 159 0
2 159 0
3 159 0
4 159 0
6 159 0
7 159 0
10 159 0
11 159 0
12 159 0
14 159 0
16 159 0
18 159 0
1 160 0
2 160 0
4 160 0
5 160 0
6 160 0
7 160 0
8 160 0
9 160 0
10 160 0
11 160 0
12 160 0
14 160 0
16 160 0
17 160 0
18 160 0
19 160 0
1 161 0
2 161 0
3 161 0
4 161 0
6 161 0
7 161 0
9 161 0
10 161 0
11 161 0
12 161 0
13 161 0
14 161 0
15 161 0
16 161 0
17 161 0
1 162 0
2 162 0
3 162 0
4 162 0
5 162 0
6 162 0
7 162 0
8 162 0
9 162 0
10 162 0
12 162 0
14 162 0
15 162 0
16 162 0
17 162 0
18 162 0
19 162 0
1 163 0
2 163 0
3 163 0
5 163 0
6 163 0
7 163 0
8 163 0
9 163 0
10 163 0
11 163 0
12 163 0
14 163 0
15 163 0
16 163 0
17 163 0
18 163 0
19 163 0
1 164 0
2 164 0
3 164 0
4 164 0
5 164 0
6 164 0
7 164 0
8 164 0
10 164 0
12 164 0
14 164 0
15 164 0
16 164 0
17 164 0
18 164 0
19 164 0
2 165 0
3 165 0
4 165 0
5 165 0
6 165 0
7 165 0
8 165 0
9 165 0
10 165 0
12 165 0
14 165 0
15 165 0
16 165 0
18 165 0
19 165 0
2 166 0
3 166 0
4 166 0
5 166 0
6 166 0
7 166 0
8 166 0
9 166 0
10 166 0
11 166 0
12 166 0
13 166 0
14 166 0
15 166 0
16 166 0
17 166 0
18 166 0
19 166 0
1 167 0
3 167 0
4 167 0
6 167 0
7 167 0
8 167 0
9 167 0
10 167 0
11 167 0
12 167 0
13 167 0
14 167 0
15 167 0
16 167 0
17 167 0
18 167 0
19 167 0
1 168 0
2 168 0
3 168 0
4 168 0
5 168 0
6 168 0
7 168 0
8 168 0
9 168 0
10 168 0
11 168 0
12 168 0
13 168 0
14 168 0
15 168 0
16 168 0
17 168 0
18 168 0
19 168 0
1 169 0
2 169 0
3 169 0
4 169 0
5 169 0
6 169 0
8 169 0
9 169 0
10 169 0
12 169 0
15 169 0
16 169 0
18 169 0
1 170 0
2 170 0
3 170 0
4 170 0
5 170 0
6 170 0
7 170 0
8 170 0
10 170 0
11 170 0
13 170 0
14 170 0
16 170 0
17 170 0
18 170 0
19 170 0
23 170 0
3 171 0
4 171 0
7 171 0
8 171 0
9 171 0
10 171 0
11 171 0
12 171 0
14 171 0
15 171 0
16 171 0
18 171 0
19 171 0
1 172 0
2 172 0
4 172 0
5 172 0
6 172 0
7 172 0
8 172 0
9 172 0
10 172 0
11 172 0
12 172 0
13 172 0
14 172 0
16 172 0
18 172 0
19 172 0
21 172 0
26 172 0
1 173 0
2 173 0
4 173 0
5 173 0
6 173 0
7 173 0
8 173 0
9 173 0
10 173 0
11 173 0
12 173 0
13 173 0
17 173 0
18 173 0
1 174 0
2 174 0
3 174 0
4 174 0
5 174 0
6 174 0
7 174 0
8 174 0
9 174 0
10 174 0
12 174 0
13 174 0
14 174 0
15 174 0
16 174 0
17 174 0
18 174 0
1 175 0
2 175 0
3 175 0
4 175 0
6 175 0
8 175 0
9 175 0
10 175 0
11 175 0
12 175 0
13 175 0
14 175 0
15 175 0
16 175 0
18 175 0
1 176 0
2 176 0
3 176 0
4 176 0
7 176 0
8 176 0
9 176 0
10 176 0
12 176 0
13 176 0
14 176 0
15 176 0
16 176 0
17 176 0
18 176 0
19 176 0
1 177 0
2 177 0
3 177 0
4 177 0
5 177 0
6 177 0
8 177 0
10 177 0
11 177 0
12 177 0
13 177 0
14 177 0
15 177 0
16 177 0
17 177 0
18 177 0
19 177 0
186 1 1
136 22 1
137 22 1
140 22 1
135 23 1
136 23 1
137 23 1
138 23 1
139 23 1
140 23 1
141 23 1
135 24 1
136 24 1
139 24 1
140 24 1
141 24 1
135 25 1
136 25 1
137 25 1
138 25 1
139 25 1
140 25 1
134 26 1
135 26 1
136 26 1
137 26 1
138 26 1
139 26 1
140 26 1
118 27 1
134 27 1
135 27 1
136 27 1
137 27 1
139 27 1
140 27 1
116 28 1
117 28 1
118 28 1
119 28 1
120 28 1
135 28 1
136 28 1
137 28 1
138 28 1
87 29 1
135 29 1
136 29 1
137 29 1
138 29 1
139 29 1
86 30 1
87 30 1
99 30 1
134 30 1
135 30 1
136 30 1
137 30 1
138 30 1
139 30 1
84 31 1
85 31 1
86 31 1
87 31 1
88 31 1
89 31 1
96 31 1
97 31 1
99 31 1
100 31 1
102 31 1
134 31 1
135 31 1
136 31 1
137 31 1
85 32 1
86 32 1
87 32 1
88 32 1
96 32 1
97 32 1
106 32 1
134 32 1
135 32 1
137 32 1
138 32 1
84 33 1
85 33 1
86 33 1
87 33 1
96 33 1
101 33 1
102 33 1
103 33 1
104 33 1
105 33 1
106 33 1
107 33 1
132 33 1
134 33 1
135 33 1
136 33 1
137 33 1
100 34 1
106 34 1
107 35 1
110 36 1
111 36 1
113 36 1
123 36 1
124 36 1
125 36 1
127 36 1
128 36 1
111 37 1
112 37 1
113 37 1
115 37 1
122 37 1
123 37 1
124 37 1
125 37 1
127 37 1
128 37 1
110 38 1
111 38 1
112 38 1
113 38 1
114 38 1
115 38 1
117 38 1
121 38 1
122 38 1
123 38 1
124 38 1
125 38 1
126 38 1
127 38 1
128 38 1
129 38 1
110 39 1
111 39 1
112 39 1
113 39 1
114 39 1
121 39 1
122 39 1
123 39 1
124 39 1
125 39 1
127 39 1
128 39 1
129 39 1
153 39 1
157 39 1
123 40 1
124 40 1
125 40 1
134 41 1
132 42 1
135 42 1
137 42 1
173 44 1
146 46 1
152 46 1
172 46 1
177 46 1
148 47 1
149 47 1
153 47 1
154 47 1
173 47 1
179 47 1
147 48 1
148 48 1
149 48 1
150 48 1
151 48 1
152 48 1
156 48 1
157 48 1
158 48 1
159 48 1
161 48 1
162 48 1
180 48 1
147 49 1
148 49 1
149 49 1
150 49 1
151 49 1
155 49 1
156 49 1
157 49 1
158 49 1
162 49 1
163 49 1
164 49 1
165 49 1
157 50 1
158 50 1
159 50 1
160 50 1
161 50 1
162 50 1
163 50 1
161 51 1
162 51 1
163 51 1
164 51 1
166 51 1
167 51 1
161 52 1
162 52 1
163 52 1
164 52 1
166 52 1
194 52 1
197 52 1
161 53 1
162 53 1
163 53 1
164 53 1
165 53 1
193 53 1
161 54 1
162 54 1
185 54 1
193 54 1
172 55 1
173 55 1
174 55 1
175 55 1
177 55 1
179 55 1
182 55 1
183 55 1
184 55 1
185 55 1
186 55 1
173 56 1
174 56 1
175 56 1
176 56 1
177 56 1
178 56 1
183 56 1
184 56 1
185 56 1
186 56 1
173 57 1
174 57 1
175 57 1
176 57 1
183 57 1
184 57 1
185 57 1
186 57 1
174 58 1
184 58 1
185 58 1
183 60 1
184 60 1
189 60 1
194 60 1
180 61 1
181 61 1
183 61 1
184 61 1
185 61 1
188 61 1
189 61 1
190 61 1
193 61 1
194 61 1
195 61 1
180 62 1
181 62 1
184 62 1
188 62 1
189 62 1
190 62 1
194 62 1
199 62 1
180 63 1
181 63 1
183 63 1
184 63 1
185 63 1
186 63 1
188 63 1
189 63 1
190 63 1
193 63 1
194 63 1
195 63 1
180 64 1
181 64 1
182 64 1
184 64 1
185 64 1
186 64 1
187 64 1
188 64 1
189 64 1
190 64 1
193 64 1
194 64 1
195 64 1
181 65 1
182 65 1
183 65 1
184 65 1
185 65 1
187 65 1
188 65 1
189 65 1
190 65 1
191 65 1
193 65 1
194 65 1
195 65 1
181 66 1
182 66 1
183 66 1
184 66 1
186 66 1
188 66 1
189 66 1
193 66 1
180 67 1
181 67 1
183 67 1
184 67 1
187 67 1
188 67 1
189 67 1
193 67 1
194 67 1
181 68 1
182 68 1
184 68 1
185 68 1
186 68 1
9 70 1
11 70 1
8 71 1
9 71 1
10 71 1
115 71 1
8 72 1
9 72 1
10 72 1
7 73 1
8 73 1
9 73 1
10 73 1
6 74 1
7 74 1
179 81 1
181 81 1
182 81 1
183 81 1
184 81 1
185 81 1
187 81 1
188 81 1
189 81 1
190 81 1
180 82 1
181 82 1
182 82 1
183 82 1
184 82 1
187 82 1
188 82 1
189 82 1
190 82 1
180 83 1
181 83 1
182 83 1
183 83 1
184 83 1
185 83 1
186 83 1
187 83 1
188 83 1
189 83 1
190 83 1
178 84 1
180 84 1
181 84 1
182 84 1
183 84 1
184 84 1
185 84 1
186 84 1
187 84 1
188 84 1
189 84 1
190 84 1
180 85 1
181 85 1
182 85 1
183 85 1
184 85 1
185 85 1
186 85 1
187 85 1
188 85 1
179 86 1
180 86 1
181 86 1
182 86 1
183 86 1
184 86 1
185 86 1
186 86 1
187 86 1
188 86 1
189 86 1
190 86 1
184 87 1
185 87 1
186 87 1
188 87 1
189 87 1
190 87 1
191 87 1
192 87 1
148 88 1
189 88 1
190 88 1
191 88 1
189 89 1
190 89 1
12 90 1
184 90 1
190 90 1
190 91 1
105 92 1
106 92 1
110 92 1
111 92 1
189 92 1
190 92 1
105 93 1
186 93 1
190 93 1
191 93 1
107 94 1
109 94 1
110 94 1
137 94 1
143 94 1
189 94 1
190 94 1
147 95 1
184 95 1
189 95 1
146 96 1
147 96 1
168 96 1
188 96 1
189 96 1
190 96 1
191 96 1
147 97 1
189 97 1
190 97 1
148 98 1
188 98 1
189 98 1
190 98 1
21 99 1
147 99 1
188 99 1
189 99 1
190 99 1
191 99 1
21 100 1
22 100 1
23 100 1
146 100 1
147 100 1
188 100 1
189 100 1
190 100 1
21 101 1
23 101 1
121 101 1
122 101 1
123 101 1
124 101 1
189 101 1
106 102 1
107 102 1
109 102 1
110 102 1
145 102 1
146 102 1
147 102 1
188 102 1
189 102 1
190 102 1
191 102 1
192 102 1
107 103 1
108 103 1
109 103 1
110 103 1
145 103 1
146 103 1
183 103 1
184 103 1
185 103 1
188 103 1
190 103 1
191 103 1
192 103 1
193 103 1
194 103 1
4 104 1
7 104 1
146 104 1
187 104 1
188 104 1
189 104 1
191 104 1
3 105 1
4 105 1
7 105 1
8 105 1
145 105 1
146 105 1
188 105 1
189 105 1
190 105 1
191 105 1
192 105 1
3 106 1
4 106 1
6 106 1
7 106 1
10 106 1
187 106 1
188 106 1
189 106 1
190 106 1
6 107 1
7 107 1
8 107 1
9 107 1
142 107 1
145 107 1
184 107 1
186 107 1
187 107 1
188 107 1
189 107 1
190 107 1
191 107 1
192 107 1
193 107 1
194 107 1
195 107 1
198 107 1
4 108 1
6 108 1
7 108 1
22 108 1
185 108 1
186 108 1
187 108 1
188 108 1
189 108 1
190 108 1
191 108 1
192 108 1
193 108 1
194 108 1
195 108 1
196 108 1
145 109 1
164 109 1
185 109 1
186 109 1
187 109 1
188 109 1
189 109 1
190 109 1
191 109 1
192 109 1
193 109 1
134 110 1
145 110 1
153 110 1
184 110 1
185 110 1
186 110 1
187 110 1
188 110 1
189 110 1
190 110 1
191 110 1
192 110 1
193 110 1
194 110 1
195 110 1
144 111 1
145 111 1
183 111 1
184 111 1
185 111 1
186 111 1
187 111 1
188 111 1
189 111 1
190 111 1
191 111 1
192 111 1
193 111 1
194 111 1
195 111 1
196 111 1
197 111 1
198 111 1
118 112 1
119 112 1
120 112 1
145 112 1
164 112 1
165 112 1
183 112 1
184 112 1
185 112 1
186 112 1
187 112 1
188 112 1
189 112 1
194 112 1
196 112 1
143 113 1
182 113 1
183 113 1
184 113 1
186 113 1
187 113 1
188 113 1
189 113 1
190 113 1
191 113 1
199 113 1
143 114 1
144 114 1
182 114 1
183 114 1
184 114 1
186 114 1
187 114 1
191 114 1
192 114 1
89 115 1
144 115 1
181 115 1
182 115 1
183 115 1
186 115 1
187 115 1
189 115 1
193 115 1
180 116 1
181 116 1
182 116 1
184 116 1
185 116 1
186 116 1
187 116 1
188 116 1
189 116 1
190 116 1
191 116 1
144 117 1
180 117 1
181 117 1
186 117 1
187 117 1
188 117 1
189 117 1
190 117 1
142 118 1
143 118 1
165 118 1
179 118 1
180 118 1
181 118 1
182 118 1
185 118 1
186 118 1
187 118 1
188 118 1
194 118 1
143 119 1
179 119 1
180 119 1
181 119 1
185 119 1
186 119 1
187 119 1
188 119 1
142 120 1
143 120 1
165 120 1
178 120 1
179 120 1
180 120 1
185 120 1
186 120 1
187 120 1
188 120 1
189 120 1
190 120 1
191 120 1
163 121 1
164 121 1
165 121 1
177 121 1
178 121 1
179 121 1
184 121 1
185 121 1
186 121 1
187 121 1
188 121 1
189 121 1
190 121 1
191 121 1
164 122 1
176 122 1
177 122 1
178 122 1
179 122 1
184 122 1
185 122 1
186 122 1
187 122 1
188 122 1
189 122 1
190 122 1
191 122 1
143 123 1
144 123 1
164 123 1
176 123 1
177 123 1
178 123 1
183 123 1
184 123 1
185 123 1
186 123 1
187 123 1
188 123 1
190 123 1
20 124 1
28 124 1
141 124 1
142 124 1
143 124 1
151 124 1
175 124 1
176 124 1
177 124 1
178 124 1
184 124 1
185 124 1
186 124 1
187 124 1
22 125 1
27 125 1
28 125 1
30 125 1
174 125 1
175 125 1
176 125 1
177 125 1
178 125 1
184 125 1
185 125 1
186 125 1
191 125 1
27 126 1
28 126 1
29 126 1
30 126 1
31 126 1
33 126 1
142 126 1
143 126 1
163 126 1
174 126 1
175 126 1
176 126 1
183 126 1
184 126 1
185 126 1
186 126 1
187 126 1
188 126 1
27 127 1
28 127 1
29 127 1
30 127 1
31 127 1
35 127 1
36 127 1
37 127 1
38 127 1
40 127 1
41 127 1
140 127 1
161 127 1
173 127 1
174 127 1
175 127 1
176 127 1
183 127 1
184 127 1
185 127 1
186 127 1
188 127 1
189 127 1
190 127 1
21 128 1
27 128 1
28 128 1
29 128 1
30 128 1
33 128 1
35 128 1
36 128 1
38 128 1
45 128 1
47 128 1
49 128 1
50 128 1
51 128 1
141 128 1
142 128 1
143 128 1
172 128 1
173 128 1
174 128 1
175 128 1
178 128 1
183 128 1
187 128 1
188 128 1
189 128 1
193 128 1
27 129 1
28 129 1
29 129 1
39 129 1
41 129 1
42 129 1
43 129 1
44 129 1
45 129 1
47 129 1
50 129 1
51 129 1
52 129 1
143 129 1
172 129 1
173 129 1
174 129 1
175 129 1
188 129 1
190 129 1
191 129 1
192 129 1
193 129 1
26 130 1
27 130 1
28 130 1
35 130 1
42 130 1
49 130 1
50 130 1
51 130 1
52 130 1
53 130 1
54 130 1
141 130 1
142 130 1
143 130 1
144 130 1
152 130 1
172 130 1
173 130 1
174 130 1
189 130 1
190 130 1
191 130 1
192 130 1
193 130 1
24 131 1
25 131 1
27 131 1
28 131 1
29 131 1
30 131 1
36 131 1
44 131 1
49 131 1
50 131 1
51 131 1
52 131 1
53 131 1
54 131 1
55 131 1
143 131 1
171 131 1
172 131 1
173 131 1
174 131 1
186 131 1
187 131 1
188 131 1
189 131 1
190 131 1
191 131 1
192 131 1
23 132 1
25 132 1
26 132 1
27 132 1
42 132 1
43 132 1
47 132 1
50 132 1
51 132 1
52 132 1
53 132 1
56 132 1
59 132 1
61 132 1
62 132 1
63 132 1
64 132 1
66 132 1
67 132 1
86 132 1
141 132 1
142 132 1
159 132 1
170 132 1
171 132 1
172 132 1
173 132 1
186 132 1
187 132 1
188 132 1
189 132 1
190 132 1
191 132 1
192 132 1
23 133 1
25 133 1
26 133 1
27 133 1
28 133 1
51 133 1
52 133 1
64 133 1
65 133 1
66 133 1
70 133 1
71 133 1
72 133 1
74 133 1
75 133 1
79 133 1
80 133 1
81 133 1
82 133 1
85 133 1
86 133 1
87 133 1
88 133 1
95 133 1
96 133 1
97 133 1
106 133 1
133 133 1
141 133 1
142 133 1
161 133 1
170 133 1
171 133 1
172 133 1
173 133 1
178 133 1
185 133 1
186 133 1
187 133 1
188 133 1
189 133 1
26 134 1
53 134 1
62 134 1
70 134 1
73 134 1
75 134 1
76 134 1
78 134 1
79 134 1
80 134 1
81 134 1
82 134 1
83 134 1
84 134 1
85 134 1
86 134 1
87 134 1
88 134 1
92 134 1
93 134 1
94 134 1
95 134 1
96 134 1
99 134 1
102 134 1
105 134 1
106 134 1
107 134 1
140 134 1
141 134 1
142 134 1
143 134 1
169 134 1
170 134 1
171 134 1
172 134 1
173 134 1
186 134 1
187 134 1
188 134 1
53 135 1
80 135 1
81 135 1
82 135 1
85 135 1
86 135 1
87 135 1
88 135 1
89 135 1
90 135 1
92 135 1
93 135 1
94 135 1
95 135 1
98 135 1
100 135 1
101 135 1
105 135 1
106 135 1
107 135 1
140 135 1
141 135 1
142 135 1
149 135 1
162 135 1
163 135 1
168 135 1
169 135 1
170 135 1
171 135 1
172 135 1
173 135 1
187 135 1
188 135 1
192 135 1
193 135 1
195 135 1
86 136 1
87 136 1
89 136 1
91 136 1
92 136 1
93 136 1
96 136 1
98 136 1
100 136 1
101 136 1
102 136 1
103 136 1
104 136 1
105 136 1
106 136 1
107 136 1
140 136 1
141 136 1
142 136 1
143 136 1
145 136 1
146 136 1
147 136 1
148 136 1
149 136 1
150 136 1
152 136 1
168 136 1
169 136 1
170 136 1
171 136 1
172 136 1
173 136 1
192 136 1
103 137 1
104 137 1
105 137 1
106 137 1
107 137 1
111 137 1
140 137 1
141 137 1
142 137 1
146 137 1
148 137 1
150 137 1
151 137 1
152 137 1
155 137 1
156 137 1
159 137 1
160 137 1
162 137 1
163 137 1
164 137 1
165 137 1
167 137 1
168 137 1
170 137 1
171 137 1
172 137 1
173 137 1
188 137 1
191 137 1
192 137 1
83 138 1
105 138 1
106 138 1
140 138 1
141 138 1
142 138 1
143 138 1
144 138 1
148 138 1
149 138 1
150 138 1
151 138 1
152 138 1
154 138 1
155 138 1
156 138 1
157 138 1
158 138 1
159 138 1
160 138 1
161 138 1
162 138 1
163 138 1
164 138 1
165 138 1
166 138 1
167 138 1
168 138 1
169 138 1
170 138 1
171 138 1
172 138 1
173 138 1
174 138 1
105 139 1
106 139 1
140 139 1
141 139 1
142 139 1
143 139 1
144 139 1
147 139 1
148 139 1
149 139 1
150 139 1
151 139 1
154 139 1
156 139 1
158 139 1
159 139 1
160 139 1
161 139 1
162 139 1
163 139 1
164 139 1
165 139 1
169 139 1
171 139 1
172 139 1
173 139 1
174 139 1
175 139 1
176 139 1
177 139 1
106 140 1
107 140 1
122 140 1
142 140 1
143 140 1
144 140 1
145 140 1
146 140 1
147 140 1
148 140 1
149 140 1
152 140 1
153 140 1
155 140 1
160 140 1
161 140 1
162 140 1
163 140 1
164 140 1
165 140 1
173 140 1
174 140 1
175 140 1
176 140 1
177 140 1
178 140 1
179 140 1
183 140 1
184 140 1
185 140 1
192 140 1
193 140 1
39 141 1
145 141 1
146 141 1
147 141 1
148 141 1
149 141 1
150 141 1
151 141 1
156 141 1
157 141 1
158 141 1
159 141 1
160 141 1
161 141 1
162 141 1
163 141 1
164 141 1
176 141 1
177 141 1
178 141 1
179 141 1
180 141 1
182 141 1
188 141 1
193 141 1
194 141 1
9 142 1
11 142 1
40 142 1
155 142 1
156 142 1
157 142 1
158 142 1
159 142 1
160 142 1
161 142 1
162 142 1
163 142 1
164 142 1
165 142 1
175 142 1
177 142 1
178 142 1
179 142 1
180 142 1
185 142 1
187 142 1
188 142 1
190 142 1
9 143 1
33 143 1
38 143 1
39 143 1
40 143 1
155 143 1
156 143 1
157 143 1
158 143 1
159 143 1
160 143 1
161 143 1
162 143 1
163 143 1
164 143 1
167 143 1
172 143 1
176 143 1
177 143 1
178 143 1
179 143 1
180 143 1
181 143 1
182 143 1
183 143 1
184 143 1
185 143 1
186 143 1
187 143 1
188 143 1
193 143 1
10 144 1
11 144 1
12 144 1
31 144 1
38 144 1
39 144 1
40 144 1
156 144 1
157 144 1
158 144 1
159 144 1
160 144 1
161 144 1
162 144 1
163 144 1
164 144 1
165 144 1
166 144 1
168 144 1
171 144 1
172 144 1
173 144 1
178 144 1
179 144 1
181 144 1
182 144 1
183 144 1
184 144 1
185 144 1
186 144 1
187 144 1
188 144 1
189 144 1
190 144 1
191 144 1
192 144 1
193 144 1
194 144 1
9 145 1
11 145 1
12 145 1
38 145 1
39 145 1
58 145 1
71 145 1
156 145 1
162 145 1
163 145 1
179 145 1
181 145 1
182 145 1
183 145 1
184 145 1
185 145 1
186 145 1
188 145 1
189 145 1
190 145 1
191 145 1
192 145 1
193 145 1
194 145 1
195 145 1
9 146 1
10 146 1
11 146 1
35 146 1
38 146 1
39 146 1
40 146 1
67 146 1
68 146 1
74 146 1
77 146 1
182 146 1
183 146 1
184 146 1
185 146 1
186 146 1
187 146 1
188 146 1
189 146 1
190 146 1
191 146 1
192 146 1
193 146 1
194 146 1
195 146 1
9 147 1
10 147 1
11 147 1
12 147 1
34 147 1
37 147 1
38 147 1
39 147 1
40 147 1
57 147 1
58 147 1
63 147 1
74 147 1
75 147 1
87 147 1
186 147 1
187 147 1
188 147 1
189 147 1
190 147 1
191 147 1
192 147 1
193 147 1
194 147 1
195 147 1
197 147 1
9 148 1
10 148 1
11 148 1
12 148 1
34 148 1
35 148 1
36 148 1
38 148 1
39 148 1
40 148 1
57 148 1
58 148 1
59 148 1
60 148 1
63 148 1
74 148 1
75 148 1
76 148 1
98 148 1
160 148 1
161 148 1
185 148 1
186 148 1
187 148 1
188 148 1
189 148 1
190 148 1
191 148 1
192 148 1
193 148 1
194 148 1
195 148 1
196 148 1
197 148 1
198 148 1
9 149 1
39 149 1
40 149 1
56 149 1
57 149 1
58 149 1
59 149 1
65 149 1
66 149 1
68 149 1
70 149 1
71 149 1
160 149 1
161 149 1
162 149 1
163 149 1
164 149 1
165 149 1
166 149 1
185 149 1
186 149 1
187 149 1
190 149 1
193 149 1
194 149 1
195 149 1
196 149 1
199 149 1
8 150 1
9 150 1
10 150 1
11 150 1
12 150 1
33 150 1
56 150 1
57 150 1
58 150 1
60 150 1
99 150 1
107 150 1
108 150 1
122 150 1
139 150 1
142 150 1
143 150 1
164 150 1
165 150 1
167 150 1
168 150 1
169 150 1
186 150 1
187 150 1
188 150 1
192 150 1
195 150 1
196 150 1
197 150 1
9 151 1
42 151 1
53 151 1
55 151 1
56 151 1
57 151 1
58 151 1
161 151 1
166 151 1
167 151 1
168 151 1
169 151 1
170 151 1
186 151 1
187 151 1
197 151 1
198 151 1
9 152 1
56 152 1
57 152 1
167 152 1
168 152 1
170 152 1
172 152 1
173 152 1
186 152 1
187 152 1
199 152 1
9 153 1
56 153 1
78 153 1
171 153 1
173 153 1
174 153 1
175 153 1
176 153 1
186 153 1
187 153 1
67 154 1
176 154 1
177 154 1
179 154 1
187 154 1
81 155 1
178 155 1
181 155 1
182 155 1
37 156 1
47 156 1
112 156 1
167 156 1
168 156 1
180 156 1
183 156 1
184 156 1
186 156 1
187 156 1
193 156 1
33 157 1
82 157 1
83 157 1
169 157 1
184 157 1
185 157 1
186 157 1
187 157 1
167 158 1
170 158 1
171 158 1
172 158 1
173 158 1
174 158 1
175 158 1
177 158 1
178 158 1
183 158 1
184 158 1
185 158 1
186 158 1
187 158 1
188 158 1
170 159 1
172 159 1
173 159 1
174 159 1
175 159 1
176 159 1
177 159 1
181 159 1
184 159 1
188 159 1
190 159 1
191 159 1
177 160 1
178 160 1
179 160 1
180 160 1
181 160 1
183 160 1
186 160 1
188 160 1
189 160 1
192 160 1
193 160 1
180 161 1
181 161 1
182 161 1
188 161 1
190 161 1
191 161 1
192 161 1
193 161 1
32 162 1
36 162 1
70 162 1
71 162 1
181 162 1
182 162 1
184 162 1
185 162 1
186 162 1
187 162 1
188 162 1
189 162 1
192 162 1
193 162 1
196 162 1
56 163 1
186 163 1
187 163 1
188 163 1
189 163 1
190 163 1
191 163 1
192 163 1
37 164 1
47 164 1
48 164 1
98 164 1
188 164 1
189 164 1
190 164 1
36 165 1
11 168 1
39 171 1
64 173 1
76 173 1
4 174 1
11 174 1
12 174 1
11 175 1
90 177 1
91 177 1
162 78 2
163 78 2
164 78 2
165 78 2
166 78 2
157 79 2
158 79 2
159 79 2
160 79 2
161 79 2
162 79 2
163 79 2
164 79 2
165 79 2
166 79 2
167 79 2
168 79 2
152 80 2
153 80 2
154 80 2
155 80 2
156 80 2
157 80 2
158 80 2
159 80 2
160 80 2
161 80 2
162 80 2
163 80 2
164 80 2
165 80 2
166 80 2
167 80 2
168 80 2
169 80 2
170 80 2
171 80 2
152 81 2
153 81 2
154 81 2
155 81 2
156 81 2
157 81 2
158 81 2
159 81 2
160 81 2
161 81 2
162 81 2
163 81 2
164 81 2
165 81 2
166 81 2
167 81 2
168 81 2
169 81 2
170 81 2
171 81 2
151 82 2
152 82 2
153 82 2
154 82 2
155 82 2
156 82 2
157 82 2
158 82 2
159 82 2
160 82 2
161 82 2
162 82 2
163 82 2
164 82 2
165 82 2
166 82 2
167 82 2
168 82 2
169 82 2
170 82 2
152 83 2
153 83 2
154 83 2
155 83 2
156 83 2
157 83 2
158 83 2
159 83 2
160 83 2
161 83 2
162 83 2
163 83 2
164 83 2
165 83 2
166 83 2
167 83 2
168 83 2
169 83 2
170 83 2
152 84 2
153 84 2
154 84 2
155 84 2
156 84 2
157 84 2
158 84 2
159 84 2
160 84 2
161 84 2
162 84 2
163 84 2
164 84 2
165 84 2
166 84 2
167 84 2
168 84 2
169 84 2
152 85 2
153 85 2
154 85 2
155 85 2
156 85 2
157 85 2
158 85 2
159 85 2
160 85 2
161 85 2
162 85 2
163 85 2
164 85 2
165 85 2
166 85 2
167 85 2
168 85 2
153 86 2
154 86 2
155 86 2
156 86 2
157 86 2
158 86 2
159 86 2
160 86 2
161 86 2
162 86 2
163 86 2
164 86 2
165 86 2
166 86 2
167 86 2
155 87 2
156 87 2
157 87 2
158 87 2
159 87 2
160 87 2
161 87 2
162 87 2
163 87 2
156 88 2
157 88 2
158 88 2
159 88 2
160 88 2
141 89 2
141 90 2
146 93 2
140 95 2
138 96 2
