185 71 0
186 71 0
187 71 0
188 71 0
189 71 0
183 72 0
184 72 0
185 72 0
186 72 0
187 72 0
188 72 0
189 72 0
177 73 0
178 73 0
179 73 0
180 73 0
181 73 0
182 73 0
183 73 0
184 73 0
185 73 0
186 73 0
187 73 0
188 73 0
189 73 0
179 74 0
180 74 0
181 74 0
182 74 0
183 74 0
184 74 0
185 74 0
186 74 0
187 74 0
188 74 0
189 74 0
176 75 0
177 75 0
178 75 0
179 75 0
180 75 0
181 75 0
182 75 0
183 75 0
184 75 0
185 75 0
186 75 0
187 75 0
188 75 0
189 75 0
178 76 0
179 76 0
180 76 0
181 76 0
182 76 0
183 76 0
184 76 0
185 76 0
186 76 0
187 76 0
188 76 0
189 76 0
179 77 0
180 77 0
181 77 0
182 77 0
183 77 0
184 77 0
185 77 0
186 77 0
187 77 0
188 77 0
189 77 0
178 78 0
179 78 0
180 78 0
181 78 0
182 78 0
188 78 0
12 135 0
13 135 0
2 136 0
14 137 0
1 138 0
2 138 0
14 138 0
3 139 0
4 139 0
6 139 0
7 139 0
8 139 0
9 139 0
11 139 0
12 139 0
1 140 0
2 140 0
3 140 0
5 140 0
6 140 0
7 140 0
8 140 0
9 140 0
10 140 0
11 140 0
12 140 0
1 141 0
2 141 0
3 141 0
6 141 0
7 141 0
8 141 0
10 141 0
11 141 0
12 141 0
13 141 0
14 141 0
15 141 0
16 141 0
17 141 0
18 141 0
19 141 0
1 142 0
3 142 0
4 142 0
5 142 0
6 142 0
8 142 0
9 142 0
10 142 0
11 142 0
12 142 0
13 142 0
14 142 0
15 142 0
16 142 0
17 142 0
19 142 0
20 142 0
2 143 0
3 143 0
4 143 0
5 143 0
6 143 0
7 143 0
8 143 0
10 143 0
11 143 0
12 143 0
13 143 0
14 143 0
15 143 0
16 143 0
17 143 0
18 143 0
19 143 0
1 144 0
2 144 0
3 144 0
4 144 0
5 144 0
6 144 0
7 144 0
8 144 0
9 144 0
10 144 0
12 144 0
13 144 0
14 144 0
15 144 0
16 144 0
17 144 0
18 144 0
19 144 0
2 145 0
3 145 0
4 145 0
5 145 0
6 145 0
7 145 0
8 145 0
9 145 0
10 145 0
11 145 0
12 145 0
13 145 0
14 145 0
15 145 0
17 145 0
18 145 0
19 145 0
1 146 0
2 146 0
3 146 0
4 146 0
5 146 0
6 146 0
7 146 0
9 146 0
11 146 0
12 146 0
13 146 0
14 146 0
15 146 0
16 146 0
17 146 0
19 146 0
20 146 0
1 147 0
2 147 0
3 147 0
4 147 0
5 147 0
6 147 0
7 147 0
8 147 0
10 147 0
11 147 0
12 147 0
14 147 0
16 147 0
18 147 0
19 147 0
1 148 0
2 148 0
3 148 0
4 148 0
5 148 0
6 148 0
7 148 0
8 148 0
9 148 0
10 148 0
11 148 0
12 148 0
13 148 0
14 148 0
15 148 0
16 148 0
17 148 0
18 148 0
19 148 0
1 149 0
2 149 0
3 149 0
5 149 0
6 149 0
7 149 0
8 149 0
9 149 0
10 149 0
11 149 0
12 149 0
13 149 0
14 149 0
15 149 0
16 149 0
17 149 0
18 149 0
19 149 0
1 150 0
2 150 0
3 150 0
4 150 0
6 150 0
7 150 0
9 150 0
10 150 0
12 150 0
13 150 0
14 150 0
16 150 0
17 150 0
18 150 0
19 150 0
2 151 0
3 151 0
4 151 0
5 151 0
6 151 0
7 151 0
8 151 0
9 151 0
10 151 0
11 151 0
12 151 0
13 151 0
14 151 0
15 151 0
17 151 0
18 151 0
19 151 0
1 152 0
3 152 0
4 152 0
6 152 0
7 152 0
8 152 0
9 152 0
10 152 0
11 152 0
12 152 0
13 152 0
15 152 0
16 152 0
18 152 0
19 152 0
1 153 0
2 153 0
3 153 0
4 153 0
5 153 0
6 153 0
7 153 0
8 153 0
10 153 0
11 153 0
12 153 0
13 153 0
15 153 0
16 153 0
17 153 0
18 153 0
19 153 0
2 154 0
3 154 0
4 154 0
6 154 0
7 154 0
8 154 0
9 154 0
11 154 0
12 154 0
13 154 0
14 154 0
15 154 0
16 154 0
19 154 0
1 155 0
2 155 0
3 155 0
4 155 0
5 155 0
6 155 0
7 155 0
8 155 0
9 155 0
10 155 0
11 155 0
12 155 0
13 155 0
14 155 0
15 155 0
16 155 0
17 155 0
18 155 0
19 155 0
1 156 0
2 156 0
3 156 0
4 156 0
5 156 0
6 156 0
7 156 0
8 156 0
9 156 0
10 156 0
11 156 0
12 156 0
13 156 0
14 156 0
15 156 0
16 156 0
17 156 0
19 156 0
1 157 0
2 157 0
3 157 0
4 157 0
6 157 0
7 157 0
8 157 0
9 157 0
10 157 0
11 157 0
12 157 0
13 157 0
14 157 0
16 157 0
17 157 0
18 157 0
1 158 0
2 158 0
3 158 0
4 158 0
5 158 0
6 158 0
7 158 0
8 158 0
9 158 0
10 158 0
11 158 0
12 158 0
14 158 0
15 158 0
16 158 0
17 158 0
18 158 0
1 159 0
2 159 0
3 159 0
4 159 0
5 159 0
6 159 0
7 159 0
10 159 0
11 159 0
12 159 0
13 159 0
16 159 0
17 159 0
18 159 0
1 160 0
2 160 0
4 160 0
5 160 0
6 160 0
8 160 0
9 160 0
10 160 0
12 160 0
14 160 0
16 160 0
17 160 0
18 160 0
19 160 0
2 161 0
3 161 0
4 161 0
6 161 0
7 161 0
8 161 0
9 161 0
10 161 0
11 161 0
12 161 0
13 161 0
14 161 0
15 161 0
16 161 0
17 161 0
1 162 0
2 162 0
3 162 0
4 162 0
5 162 0
6 162 0
7 162 0
8 162 0
9 162 0
10 162 0
11 162 0
12 162 0
13 162 0
16 162 0
17 162 0
18 162 0
19 162 0
1 163 0
2 163 0
3 163 0
4 163 0
5 163 0
6 163 0
7 163 0
9 163 0
10 163 0
11 163 0
12 163 0
13 163 0
15 163 0
16 163 0
18 163 0
19 163 0
1 164 0
2 164 0
3 164 0
4 164 0
5 164 0
8 164 0
10 164 0
12 164 0
13 164 0
14 164 0
16 164 0
17 164 0
18 164 0
19 164 0
2 165 0
3 165 0
4 165 0
5 165 0
7 165 0
8 165 0
9 165 0
10 165 0
12 165 0
17 165 0
18 165 0
1 166 0
2 166 0
3 166 0
4 166 0
5 166 0
6 166 0
7 166 0
8 166 0
10 166 0
11 166 0
12 166 0
13 166 0
14 166 0
16 166 0
17 166 0
18 166 0
19 166 0
1 167 0
2 167 0
3 167 0
4 167 0
5 167 0
6 167 0
7 167 0
8 167 0
9 167 0
10 167 0
11 167 0
12 167 0
13 167 0
14 167 0
15 167 0
16 167 0
17 167 0
18 167 0
19 167 0
1 168 0
2 168 0
4 168 0
5 168 0
6 168 0
7 168 0
8 168 0
9 168 0
10 168 0
11 168 0
12 168 0
13 168 0
14 168 0
15 168 0
16 168 0
17 168 0
18 168 0
19 168 0
1 169 0
2 169 0
4 169 0
5 169 0
6 169 0
8 169 0
9 169 0
10 169 0
12 169 0
15 169 0
17 169 0
18 169 0
2 170 0
3 170 0
4 170 0
5 170 0
6 170 0
8 170 0
10 170 0
11 170 0
13 170 0
14 170 0
15 170 0
16 170 0
17 170 0
18 170 0
19 170 0
3 171 0
4 171 0
6 171 0
8 171 0
9 171 0
11 171 0
12 171 0
13 171 0
14 171 0
15 171 0
16 171 0
18 171 0
19 171 0
1 172 0
2 172 0
3 172 0
4 172 0
5 172 0
6 172 0
7 172 0
8 172 0
9 172 0
10 172 0
11 172 0
12 172 0
13 172 0
14 172 0
16 172 0
18 172 0
19 172 0
1 173 0
2 173 0
3 173 0
4 173 0
5 173 0
6 173 0
7 173 0
8 173 0
9 173 0
10 173 0
11 173 0
17 173 0
18 173 0
19 173 0
1 174 0
2 174 0
3 174 0
4 174 0
5 174 0
6 174 0
8 174 0
10 174 0
11 174 0
12 174 0
13 174 0
14 174 0
16 174 0
17 174 0
18 174 0
1 175 0
2 175 0
4 175 0
6 175 0
8 175 0
9 175 0
10 175 0
11 175 0
12 175 0
13 175 0
14 175 0
16 175 0
17 175 0
18 175 0
1 176 0
2 176 0
3 176 0
4 176 0
7 176 0
8 176 0
10 176 0
11 176 0
12 176 0
13 176 0
14 176 0
16 176 0
17 176 0
18 176 0
1 177 0
2 177 0
3 177 0
4 177 0
5 177 0
6 177 0
8 177 0
9 177 0
10 177 0
11 177 0
12 177 0
13 177 0
16 177 0
17 177 0
18 177 0
19 177 0
167 79 1
163 80 1
166 80 1
167 80 1
158 81 1
159 81 1
162 81 1
163 81 1
166 81 1
167 81 1
168 81 1
175 81 1
176 81 1
177 81 1
178 81 1
181 81 1
182 81 1
183 81 1
157 82 1
158 82 1
159 82 1
160 82 1
161 82 1
162 82 1
163 82 1
166 82 1
167 82 1
168 82 1
169 82 1
170 82 1
175 82 1
176 82 1
177 82 1
178 82 1
180 82 1
181 82 1
182 82 1
183 82 1
160 83 1
161 83 1
162 83 1
163 83 1
164 83 1
166 83 1
169 83 1
170 83 1
171 83 1
172 83 1
173 83 1
174 83 1
175 83 1
176 83 1
177 83 1
178 83 1
179 83 1
180 83 1
181 83 1
182 83 1
183 83 1
162 84 1
163 84 1
164 84 1
165 84 1
167 84 1
169 84 1
170 84 1
171 84 1
172 84 1
173 84 1
174 84 1
175 84 1
176 84 1
177 84 1
178 84 1
179 84 1
180 84 1
181 84 1
182 84 1
183 84 1
162 85 1
163 85 1
164 85 1
167 85 1
171 85 1
172 85 1
174 85 1
175 85 1
176 85 1
177 85 1
178 85 1
179 85 1
180 85 1
181 85 1
183 85 1
184 85 1
162 86 1
163 86 1
171 86 1
177 86 1
178 86 1
179 86 1
180 86 1
181 86 1
162 87 1
180 87 1
182 87 1
183 87 1
184 87 1
185 87 1
186 87 1
187 87 1
182 88 1
183 88 1
184 88 1
185 88 1
162 89 1
183 89 1
184 89 1
162 90 1
176 90 1
177 90 1
161 91 1
162 91 1
177 91 1
183 91 1
141 92 1
161 92 1
183 92 1
141 93 1
161 93 1
182 93 1
183 93 1
140 94 1
181 94 1
182 94 1
183 94 1
184 94 1
140 95 1
141 95 1
181 95 1
182 95 1
183 95 1
184 95 1
140 96 1
141 96 1
160 96 1
182 96 1
183 96 1
140 97 1
182 97 1
183 97 1
184 97 1
140 98 1
141 98 1
182 98 1
183 98 1
139 99 1
140 99 1
141 99 1
181 99 1
182 99 1
183 99 1
139 100 1
140 100 1
181 100 1
182 100 1
183 100 1
191 100 1
198 100 1
139 101 1
140 101 1
181 101 1
182 101 1
139 102 1
181 102 1
182 102 1
183 102 1
184 102 1
186 102 1
198 102 1
200 102 1
202 102 1
203 102 1
139 103 1
147 103 1
181 103 1
182 103 1
183 103 1
197 103 1
198 103 1
200 103 1
201 103 1
138 104 1
139 104 1
181 104 1
182 104 1
183 104 1
184 104 1
185 104 1
197 104 1
198 104 1
201 104 1
138 105 1
139 105 1
180 105 1
181 105 1
182 105 1
183 105 1
184 105 1
185 105 1
186 105 1
187 105 1
195 105 1
196 105 1
197 105 1
198 105 1
199 105 1
203 105 1
138 106 1
139 106 1
180 106 1
181 106 1
182 106 1
183 106 1
185 106 1
186 106 1
187 106 1
188 106 1
189 106 1
192 106 1
195 106 1
196 106 1
197 106 1
198 106 1
199 106 1
200 106 1
138 107 1
139 107 1
179 107 1
180 107 1
181 107 1
182 107 1
183 107 1
186 107 1
187 107 1
188 107 1
189 107 1
190 107 1
195 107 1
196 107 1
197 107 1
198 107 1
199 107 1
200 107 1
201 107 1
138 108 1
139 108 1
179 108 1
180 108 1
181 108 1
182 108 1
183 108 1
184 108 1
185 108 1
186 108 1
187 108 1
188 108 1
196 108 1
197 108 1
198 108 1
199 108 1
200 108 1
201 108 1
137 109 1
138 109 1
169 109 1
177 109 1
178 109 1
180 109 1
181 109 1
182 109 1
183 109 1
184 109 1
185 109 1
186 109 1
187 109 1
191 109 1
193 109 1
194 109 1
195 109 1
196 109 1
197 109 1
198 109 1
199 109 1
202 109 1
137 110 1
138 110 1
157 110 1
161 110 1
169 110 1
177 110 1
178 110 1
179 110 1
180 110 1
181 110 1
182 110 1
183 110 1
184 110 1
185 110 1
186 110 1
187 110 1
188 110 1
189 110 1
190 110 1
191 110 1
192 110 1
193 110 1
194 110 1
195 110 1
196 110 1
197 110 1
198 110 1
199 110 1
137 111 1
157 111 1
176 111 1
177 111 1
178 111 1
179 111 1
180 111 1
181 111 1
182 111 1
183 111 1
184 111 1
185 111 1
186 111 1
187 111 1
188 111 1
189 111 1
190 111 1
191 111 1
192 111 1
193 111 1
195 111 1
196 111 1
197 111 1
198 111 1
199 111 1
200 111 1
137 112 1
145 112 1
175 112 1
176 112 1
177 112 1
178 112 1
179 112 1
180 112 1
181 112 1
182 112 1
183 112 1
184 112 1
185 112 1
186 112 1
189 112 1
191 112 1
192 112 1
193 112 1
194 112 1
195 112 1
196 112 1
197 112 1
198 112 1
199 112 1
201 112 1
202 112 1
136 113 1
137 113 1
145 113 1
175 113 1
176 113 1
177 113 1
179 113 1
180 113 1
181 113 1
183 113 1
184 113 1
186 113 1
189 113 1
191 113 1
192 113 1
193 113 1
194 113 1
195 113 1
196 113 1
197 113 1
198 113 1
199 113 1
200 113 1
202 113 1
203 113 1
137 114 1
145 114 1
175 114 1
176 114 1
177 114 1
179 114 1
180 114 1
181 114 1
183 114 1
184 114 1
185 114 1
186 114 1
187 114 1
188 114 1
194 114 1
195 114 1
196 114 1
197 114 1
136 115 1
137 115 1
174 115 1
175 115 1
176 115 1
179 115 1
180 115 1
181 115 1
185 115 1
186 115 1
195 115 1
196 115 1
197 115 1
198 115 1
201 115 1
136 116 1
137 116 1
139 116 1
173 116 1
174 116 1
175 116 1
179 116 1
180 116 1
181 116 1
182 116 1
183 116 1
196 116 1
197 116 1
199 116 1
200 116 1
201 116 1
137 117 1
173 117 1
174 117 1
178 117 1
179 117 1
180 117 1
181 117 1
182 117 1
183 117 1
184 117 1
186 117 1
199 117 1
200 117 1
136 118 1
144 118 1
172 118 1
173 118 1
174 118 1
178 118 1
179 118 1
180 118 1
181 118 1
182 118 1
136 119 1
137 119 1
157 119 1
171 119 1
172 119 1
173 119 1
178 119 1
179 119 1
180 119 1
181 119 1
182 119 1
183 119 1
136 120 1
137 120 1
144 120 1
157 120 1
171 120 1
172 120 1
173 120 1
177 120 1
178 120 1
179 120 1
180 120 1
182 120 1
183 120 1
184 120 1
185 120 1
135 121 1
136 121 1
154 121 1
156 121 1
157 121 1
170 121 1
171 121 1
172 121 1
177 121 1
178 121 1
179 121 1
180 121 1
181 121 1
182 121 1
183 121 1
184 121 1
185 121 1
198 121 1
199 121 1
135 122 1
136 122 1
169 122 1
170 122 1
171 122 1
177 122 1
178 122 1
179 122 1
180 122 1
181 122 1
182 122 1
183 122 1
184 122 1
135 123 1
136 123 1
144 123 1
157 123 1
169 123 1
170 123 1
171 123 1
177 123 1
178 123 1
179 123 1
180 123 1
181 123 1
182 123 1
135 124 1
136 124 1
156 124 1
157 124 1
168 124 1
169 124 1
170 124 1
177 124 1
178 124 1
179 124 1
135 125 1
136 125 1
156 125 1
167 125 1
168 125 1
169 125 1
170 125 1
177 125 1
178 125 1
179 125 1
135 126 1
157 126 1
167 126 1
168 126 1
169 126 1
176 126 1
177 126 1
178 126 1
179 126 1
135 127 1
136 127 1
165 127 1
166 127 1
167 127 1
168 127 1
176 127 1
177 127 1
178 127 1
179 127 1
180 127 1
181 127 1
135 128 1
136 128 1
165 128 1
166 128 1
167 128 1
168 128 1
180 128 1
181 128 1
185 128 1
186 128 1
135 129 1
136 129 1
165 129 1
166 129 1
167 129 1
182 129 1
183 129 1
184 129 1
185 129 1
186 129 1
135 130 1
136 130 1
161 130 1
164 130 1
165 130 1
166 130 1
182 130 1
183 130 1
184 130 1
185 130 1
186 130 1
188 130 1
134 131 1
135 131 1
142 131 1
164 131 1
165 131 1
166 131 1
179 131 1
180 131 1
181 131 1
182 131 1
183 131 1
184 131 1
185 131 1
186 131 1
133 132 1
134 132 1
142 132 1
143 132 1
151 132 1
163 132 1
164 132 1
165 132 1
166 132 1
178 132 1
179 132 1
180 132 1
181 132 1
182 132 1
183 132 1
184 132 1
185 132 1
133 133 1
134 133 1
136 133 1
137 133 1
142 133 1
151 133 1
163 133 1
164 133 1
165 133 1
166 133 1
179 133 1
180 133 1
181 133 1
184 133 1
185 133 1
133 134 1
134 134 1
135 134 1
136 134 1
137 134 1
138 134 1
139 134 1
141 134 1
142 134 1
143 134 1
155 134 1
156 134 1
160 134 1
161 134 1
162 134 1
163 134 1
164 134 1
165 134 1
179 134 1
180 134 1
181 134 1
133 135 1
134 135 1
135 135 1
138 135 1
139 135 1
141 135 1
142 135 1
143 135 1
144 135 1
148 135 1
149 135 1
150 135 1
155 135 1
156 135 1
160 135 1
161 135 1
162 135 1
163 135 1
164 135 1
165 135 1
179 135 1
180 135 1
184 135 1
185 135 1
133 136 1
134 136 1
135 136 1
137 136 1
138 136 1
139 136 1
141 136 1
142 136 1
143 136 1
144 136 1
145 136 1
146 136 1
149 136 1
150 136 1
151 136 1
152 136 1
157 136 1
160 136 1
161 136 1
162 136 1
163 136 1
164 136 1
165 136 1
166 136 1
184 136 1
185 136 1
133 137 1
134 137 1
135 137 1
136 137 1
137 137 1
138 137 1
139 137 1
141 137 1
142 137 1
143 137 1
144 137 1
145 137 1
146 137 1
151 137 1
152 137 1
153 137 1
154 137 1
156 137 1
157 137 1
158 137 1
160 137 1
161 137 1
162 137 1
163 137 1
164 137 1
165 137 1
166 137 1
184 137 1
133 138 1
134 138 1
135 138 1
136 138 1
137 138 1
138 138 1
139 138 1
140 138 1
141 138 1
142 138 1
143 138 1
145 138 1
148 138 1
149 138 1
150 138 1
151 138 1
152 138 1
153 138 1
154 138 1
155 138 1
156 138 1
157 138 1
158 138 1
159 138 1
161 138 1
162 138 1
163 138 1
164 138 1
165 138 1
166 138 1
167 138 1
168 138 1
172 138 1
134 139 1
135 139 1
136 139 1
137 139 1
138 139 1
139 139 1
140 139 1
141 139 1
142 139 1
143 139 1
147 139 1
148 139 1
149 139 1
150 139 1
154 139 1
155 139 1
156 139 1
157 139 1
158 139 1
162 139 1
164 139 1
165 139 1
166 139 1
167 139 1
168 139 1
169 139 1
170 139 1
173 139 1
174 139 1
178 139 1
179 139 1
184 139 1
185 139 1
137 140 1
138 140 1
139 140 1
140 140 1
143 140 1
144 140 1
145 140 1
147 140 1
148 140 1
149 140 1
150 140 1
151 140 1
153 140 1
154 140 1
155 140 1
156 140 1
157 140 1
158 140 1
168 140 1
169 140 1
170 140 1
171 140 1
173 140 1
174 140 1
176 140 1
177 140 1
178 140 1
179 140 1
184 140 1
185 140 1
139 141 1
140 141 1
147 141 1
148 141 1
149 141 1
150 141 1
151 141 1
152 141 1
153 141 1
154 141 1
155 141 1
156 141 1
157 141 1
168 141 1
169 141 1
170 141 1
171 141 1
172 141 1
179 141 1
185 141 1
186 141 1
187 141 1
147 142 1
148 142 1
149 142 1
150 142 1
151 142 1
152 142 1
153 142 1
154 142 1
155 142 1
156 142 1
157 142 1
158 142 1
162 142 1
168 142 1
169 142 1
170 142 1
171 142 1
172 142 1
173 142 1
175 142 1
176 142 1
177 142 1
178 142 1
179 142 1
184 142 1
185 142 1
187 142 1
148 143 1
149 143 1
150 143 1
151 143 1
153 143 1
154 143 1
155 143 1
156 143 1
157 143 1
158 143 1
159 143 1
162 143 1
163 143 1
164 143 1
165 143 1
166 143 1
167 143 1
169 143 1
170 143 1
171 143 1
172 143 1
173 143 1
174 143 1
175 143 1
176 143 1
177 143 1
178 143 1
179 143 1
180 143 1
181 143 1
185 143 1
187 143 1
192 143 1
149 144 1
150 144 1
151 144 1
154 144 1
155 144 1
156 144 1
159 144 1
166 144 1
167 144 1
171 144 1
172 144 1
174 144 1
175 144 1
176 144 1
177 144 1
179 144 1
180 144 1
181 144 1
182 144 1
183 144 1
184 144 1
185 144 1
186 144 1
187 144 1
188 144 1
174 145 1
175 145 1
176 145 1
177 145 1
178 145 1
179 145 1
180 145 1
181 145 1
182 145 1
183 145 1
184 145 1
185 145 1
186 145 1
187 145 1
189 145 1
191 145 1
176 146 1
177 146 1
178 146 1
179 146 1
180 146 1
181 146 1
183 146 1
184 146 1
185 146 1
186 146 1
187 146 1
188 146 1
189 146 1
190 146 1
178 147 1
179 147 1
180 147 1
181 147 1
182 147 1
183 147 1
184 147 1
187 147 1
188 147 1
189 147 1
190 147 1
191 147 1
192 147 1
143 148 1
153 148 1
155 148 1
156 148 1
157 148 1
158 148 1
178 148 1
179 148 1
181 148 1
182 148 1
183 148 1
184 148 1
185 148 1
186 148 1
187 148 1
188 148 1
189 148 1
190 148 1
191 148 1
192 148 1
193 148 1
194 148 1
153 149 1
157 149 1
158 149 1
159 149 1
178 149 1
179 149 1
185 149 1
186 149 1
187 149 1
188 149 1
189 149 1
190 149 1
193 149 1
194 149 1
195 149 1
196 149 1
135 150 1
153 150 1
154 150 1
155 150 1
158 150 1
159 150 1
160 150 1
161 150 1
162 150 1
178 150 1
185 150 1
188 150 1
189 150 1
190 150 1
191 150 1
192 150 1
193 150 1
196 150 1
197 150 1
198 150 1
199 150 1
200 150 1
155 151 1
157 151 1
158 151 1
159 151 1
160 151 1
161 151 1
162 151 1
163 151 1
164 151 1
178 151 1
190 151 1
191 151 1
192 151 1
193 151 1
194 151 1
195 151 1
199 151 1
200 151 1
163 152 1
164 152 1
165 152 1
166 152 1
169 152 1
178 152 1
179 152 1
193 152 1
194 152 1
195 152 1
196 152 1
201 152 1
166 153 1
167 153 1
168 153 1
169 153 1
170 153 1
178 153 1
195 153 1
196 153 1
197 153 1
198 153 1
199 153 1
169 154 1
170 154 1
171 154 1
172 154 1
178 154 1
198 154 1
199 154 1
200 154 1
171 155 1
172 155 1
173 155 1
174 155 1
179 155 1
201 155 1
202 155 1
159 156 1
160 156 1
164 156 1
173 156 1
174 156 1
175 156 1
176 156 1
178 156 1
179 156 1
180 156 1
160 157 1
161 157 1
162 157 1
163 157 1
164 157 1
165 157 1
166 157 1
167 157 1
173 157 1
174 157 1
175 157 1
176 157 1
177 157 1
178 157 1
179 157 1
162 158 1
163 158 1
164 158 1
165 158 1
166 158 1
167 158 1
168 158 1
169 158 1
175 158 1
176 158 1
177 158 1
178 158 1
179 158 1
180 158 1
181 158 1
165 159 1
166 159 1
167 159 1
168 159 1
169 159 1
170 159 1
171 159 1
172 159 1
177 159 1
179 159 1
180 159 1
181 159 1
182 159 1
183 159 1
159 160 1
163 160 1
168 160 1
169 160 1
170 160 1
171 160 1
172 160 1
173 160 1
174 160 1
175 160 1
176 160 1
177 160 1
179 160 1
181 160 1
182 160 1
183 160 1
184 160 1
185 160 1
187 160 1
156 161 1
163 161 1
171 161 1
172 161 1
173 161 1
174 161 1
175 161 1
176 161 1
177 161 1
178 161 1
179 161 1
181 161 1
182 161 1
183 161 1
184 161 1
185 161 1
186 161 1
187 161 1
188 161 1
189 161 1
163 162 1
173 162 1
174 162 1
176 162 1
177 162 1
178 162 1
179 162 1
180 162 1
181 162 1
182 162 1
183 162 1
185 162 1
186 162 1
187 162 1
188 162 1
189 162 1
190 162 1
192 162 1
178 163 1
179 163 1
180 163 1
181 163 1
182 163 1
183 163 1
184 163 1
187 163 1
188 163 1
190 163 1
191 163 1
192 163 1
193 163 1
194 163 1
158 164 1
180 164 1
181 164 1
182 164 1
183 164 1
190 164 1
192 164 1
193 164 1
194 164 1
184 165 1
185 165 1
195 165 1
196 165 1
197 165 1
197 166 1
198 166 1
160 167 1
166 168 1
171 173 1
183 173 1
174 176 1
179 4 2
72 16 2
130 22 2
133 22 2
134 22 2
102 23 2
130 23 2
131 23 2
132 23 2
133 23 2
134 23 2
135 23 2
136 23 2
63 24 2
129 24 2
130 24 2
131 24 2
132 24 2
133 24 2
134 24 2
135 24 2
136 24 2
139 24 2
129 25 2
130 25 2
131 25 2
132 25 2
133 25 2
134 25 2
135 25 2
136 25 2
183 25 2
70 26 2
72 26 2
129 26 2
130 26 2
131 26 2
132 26 2
133 26 2
134 26 2
135 26 2
136 26 2
75 27 2
76 27 2
129 27 2
130 27 2
131 27 2
132 27 2
133 27 2
134 27 2
135 27 2
77 28 2
78 28 2
79 28 2
109 28 2
110 28 2
111 28 2
112 28 2
114 28 2
115 28 2
117 28 2
128 28 2
129 28 2
130 28 2
131 28 2
132 28 2
134 28 2
135 28 2
136 28 2
82 29 2
83 29 2
85 29 2
86 29 2
113 29 2
121 29 2
129 29 2
130 29 2
131 29 2
132 29 2
133 29 2
79 30 2
80 30 2
81 30 2
82 30 2
83 30 2
84 30 2
85 30 2
86 30 2
89 30 2
90 30 2
92 30 2
124 30 2
125 30 2
131 30 2
132 30 2
133 30 2
134 30 2
140 30 2
79 31 2
80 31 2
81 31 2
82 31 2
83 31 2
84 31 2
88 31 2
90 31 2
91 31 2
93 31 2
94 31 2
95 31 2
96 31 2
97 31 2
119 31 2
128 31 2
129 31 2
130 31 2
132 31 2
133 31 2
134 31 2
78 32 2
79 32 2
80 32 2
81 32 2
82 32 2
83 32 2
91 32 2
92 32 2
93 32 2
94 32 2
98 32 2
99 32 2
100 32 2
127 32 2
128 32 2
129 32 2
130 32 2
131 32 2
132 32 2
133 32 2
134 32 2
135 32 2
94 33 2
95 33 2
96 33 2
97 33 2
98 33 2
99 33 2
100 33 2
101 33 2
102 33 2
127 33 2
128 33 2
129 33 2
130 33 2
131 33 2
132 33 2
133 33 2
134 33 2
97 34 2
98 34 2
99 34 2
100 34 2
102 34 2
103 34 2
105 34 2
127 34 2
129 34 2
130 34 2
133 34 2
134 34 2
100 35 2
101 35 2
102 35 2
130 35 2
131 35 2
140 35 2
104 36 2
105 36 2
107 36 2
108 36 2
120 36 2
121 36 2
104 37 2
105 37 2
106 37 2
107 37 2
109 37 2
110 37 2
111 37 2
114 37 2
115 37 2
117 37 2
118 37 2
119 37 2
120 37 2
121 37 2
122 37 2
123 37 2
104 38 2
105 38 2
106 38 2
107 38 2
108 38 2
109 38 2
110 38 2
115 38 2
116 38 2
117 38 2
118 38 2
119 38 2
120 38 2
121 38 2
122 38 2
123 38 2
103 39 2
104 39 2
105 39 2
106 39 2
107 39 2
108 39 2
114 39 2
115 39 2
116 39 2
117 39 2
118 39 2
119 39 2
120 39 2
121 39 2
122 39 2
123 39 2
124 39 2
151 39 2
106 40 2
107 40 2
108 40 2
115 40 2
116 40 2
117 40 2
118 40 2
121 40 2
123 40 2
124 40 2
147 40 2
152 40 2
118 41 2
119 41 2
120 41 2
122 41 2
123 41 2
127 41 2
148 41 2
123 42 2
124 42 2
125 42 2
130 42 2
126 43 2
127 43 2
128 43 2
129 43 2
128 44 2
131 44 2
133 44 2
161 44 2
135 45 2
135 46 2
138 46 2
144 46 2
138 47 2
139 47 2
140 47 2
141 47 2
145 47 2
146 47 2
147 47 2
188 47 2
140 48 2
141 48 2
142 48 2
144 48 2
145 48 2
146 48 2
148 48 2
151 48 2
153 48 2
154 48 2
167 48 2
172 48 2
173 48 2
141 49 2
142 49 2
143 49 2
146 49 2
147 49 2
149 49 2
150 49 2
151 49 2
154 49 2
155 49 2
156 49 2
157 49 2
173 49 2
141 50 2
142 50 2
143 50 2
144 50 2
146 50 2
150 50 2
151 50 2
152 50 2
153 50 2
154 50 2
155 50 2
156 50 2
157 50 2
158 50 2
142 51 2
143 51 2
151 51 2
152 51 2
153 51 2
154 51 2
155 51 2
156 51 2
157 51 2
158 51 2
160 51 2
153 52 2
154 52 2
155 52 2
156 52 2
157 52 2
158 52 2
159 52 2
160 52 2
161 52 2
190 52 2
154 53 2
155 53 2
156 53 2
157 53 2
158 53 2
159 53 2
160 53 2
162 53 2
163 53 2
187 53 2
191 53 2
192 53 2
155 54 2
156 54 2
157 54 2
158 54 2
161 54 2
163 54 2
164 54 2
186 54 2
187 54 2
188 54 2
191 54 2
192 54 2
155 55 2
156 55 2
157 55 2
165 55 2
171 55 2
175 55 2
187 55 2
188 55 2
192 55 2
156 56 2
165 56 2
166 56 2
167 56 2
169 56 2
171 56 2
176 56 2
177 56 2
178 56 2
179 56 2
187 56 2
188 56 2
167 57 2
168 57 2
173 57 2
174 57 2
177 57 2
178 57 2
179 57 2
180 57 2
167 58 2
168 58 2
169 58 2
172 58 2
177 58 2
178 58 2
179 58 2
180 58 2
168 59 2
169 59 2
178 59 2
179 59 2
180 59 2
168 60 2
169 60 2
178 60 2
179 60 2
180 60 2
184 60 2
177 61 2
178 61 2
182 61 2
187 61 2
189 61 2
193 61 2
173 62 2
175 62 2
177 62 2
178 62 2
182 62 2
183 62 2
184 62 2
186 62 2
187 62 2
188 62 2
189 62 2
192 62 2
193 62 2
174 63 2
175 63 2
176 63 2
177 63 2
178 63 2
179 63 2
181 63 2
182 63 2
183 63 2
184 63 2
186 63 2
187 63 2
188 63 2
189 63 2
193 63 2
174 64 2
175 64 2
178 64 2
179 64 2
181 64 2
182 64 2
183 64 2
184 64 2
185 64 2
186 64 2
187 64 2
188 64 2
189 64 2
193 64 2
174 65 2
175 65 2
176 65 2
177 65 2
178 65 2
179 65 2
181 65 2
182 65 2
183 65 2
184 65 2
185 65 2
186 65 2
187 65 2
188 65 2
189 65 2
193 65 2
174 66 2
175 66 2
177 66 2
178 66 2
179 66 2
181 66 2
182 66 2
183 66 2
184 66 2
187 66 2
188 66 2
189 66 2
193 66 2
174 67 2
175 67 2
176 67 2
177 67 2
178 67 2
179 67 2
181 67 2
182 67 2
183 67 2
184 67 2
187 67 2
188 67 2
189 67 2
192 67 2
193 67 2
174 68 2
175 68 2
176 68 2
177 68 2
178 68 2
179 68 2
182 68 2
183 68 2
184 68 2
185 68 2
186 68 2
187 68 2
188 68 2
4 69 2
174 69 2
176 69 2
177 69 2
178 69 2
179 69 2
180 69 2
182 69 2
183 69 2
184 69 2
187 69 2
188 69 2
4 70 2
175 70 2
179 70 2
182 70 2
183 70 2
189 70 2
3 71 2
178 71 2
179 71 2
180 71 2
182 71 2
183 71 2
17 72 2
6 77 2
25 91 2
99 91 2
105 91 2
98 92 2
99 92 2
103 92 2
104 92 2
98 93 2
99 93 2
100 93 2
104 93 2
100 94 2
101 94 2
103 94 2
104 94 2
105 94 2
111 95 2
15 97 2
15 98 2
16 98 2
17 98 2
14 99 2
16 99 2
14 100 2
16 100 2
114 101 2
116 101 2
99 102 2
100 102 2
102 102 2
103 102 2
114 102 2
115 102 2
116 102 2
99 103 2
100 103 2
101 103 2
102 103 2
103 103 2
110 111 2
111 112 2
112 112 2
113 112 2
112 113 2
113 113 2
114 113 2
15 119 2
16 119 2
17 119 2
18 120 2
20 120 2
20 121 2
21 123 2
22 123 2
109 123 2
16 124 2
17 124 2
18 124 2
21 124 2
22 124 2
23 124 2
24 124 2
25 124 2
26 124 2
27 124 2
28 124 2
16 125 2
17 125 2
20 125 2
21 125 2
22 125 2
23 125 2
24 125 2
25 125 2
26 125 2
27 125 2
28 125 2
30 125 2
31 125 2
32 125 2
20 126 2
21 126 2
22 126 2
23 126 2
24 126 2
25 126 2
26 126 2
27 126 2
28 126 2
29 126 2
30 126 2
31 126 2
32 126 2
34 126 2
20 127 2
21 127 2
22 127 2
23 127 2
24 127 2
25 127 2
26 127 2
27 127 2
28 127 2
29 127 2
30 127 2
31 127 2
32 127 2
33 127 2
43 127 2
44 127 2
45 127 2
20 128 2
21 128 2
22 128 2
23 128 2
24 128 2
25 128 2
26 128 2
27 128 2
28 128 2
29 128 2
30 128 2
31 128 2
32 128 2
35 128 2
36 128 2
40 128 2
41 128 2
42 128 2
44 128 2
45 128 2
20 129 2
21 129 2
22 129 2
23 129 2
25 129 2
28 129 2
29 129 2
30 129 2
31 129 2
32 129 2
35 129 2
36 129 2
37 129 2
44 129 2
45 129 2
46 129 2
47 129 2
6 130 2
16 130 2
17 130 2
18 130 2
19 130 2
20 130 2
21 130 2
22 130 2
24 130 2
25 130 2
26 130 2
27 130 2
28 130 2
29 130 2
30 130 2
41 130 2
44 130 2
45 130 2
46 130 2
47 130 2
48 130 2
49 130 2
51 130 2
52 130 2
53 130 2
54 130 2
55 130 2
16 131 2
17 131 2
18 131 2
19 131 2
20 131 2
21 131 2
22 131 2
23 131 2
24 131 2
25 131 2
30 131 2
42 131 2
43 131 2
44 131 2
45 131 2
46 131 2
51 131 2
52 131 2
53 131 2
54 131 2
55 131 2
57 131 2
58 131 2
59 131 2
60 131 2
61 131 2
63 131 2
7 132 2
9 132 2
11 132 2
12 132 2
17 132 2
19 132 2
20 132 2
25 132 2
26 132 2
27 132 2
28 132 2
46 132 2
47 132 2
56 132 2
57 132 2
58 132 2
59 132 2
60 132 2
61 132 2
62 132 2
63 132 2
65 132 2
66 132 2
67 132 2
68 132 2
69 132 2
70 132 2
79 132 2
80 132 2
83 132 2
84 132 2
16 133 2
20 133 2
21 133 2
22 133 2
45 133 2
47 133 2
48 133 2
65 133 2
66 133 2
67 133 2
71 133 2
72 133 2
73 133 2
74 133 2
75 133 2
76 133 2
77 133 2
79 133 2
80 133 2
81 133 2
86 133 2
87 133 2
88 133 2
89 133 2
90 133 2
91 133 2
92 133 2
93 133 2
94 133 2
95 133 2
96 133 2
98 133 2
99 133 2
100 133 2
19 134 2
46 134 2
73 134 2
74 134 2
75 134 2
78 134 2
79 134 2
80 134 2
81 134 2
82 134 2
83 134 2
85 134 2
86 134 2
87 134 2
88 134 2
89 134 2
98 134 2
99 134 2
79 135 2
80 135 2
81 135 2
82 135 2
83 135 2
84 135 2
86 135 2
87 135 2
88 135 2
89 135 2
91 135 2
98 135 2
99 135 2
80 136 2
81 136 2
83 136 2
84 136 2
86 136 2
87 136 2
88 136 2
89 136 2
90 136 2
91 136 2
92 136 2
93 136 2
94 136 2
95 136 2
98 136 2
99 136 2
88 137 2
93 137 2
94 137 2
95 137 2
97 137 2
98 137 2
99 137 2
33 138 2
34 138 2
98 138 2
99 138 2
33 139 2
96 139 2
97 139 2
98 139 2
99 139 2
32 140 2
33 140 2
39 140 2
99 140 2
32 141 2
32 142 2
31 143 2
32 143 2
33 143 2
38 143 2
31 144 2
32 144 2
33 144 2
64 144 2
28 145 2
31 145 2
32 145 2
33 145 2
64 145 2
65 145 2
69 145 2
5 146 2
31 146 2
32 146 2
33 146 2
65 146 2
66 146 2
67 146 2
71 146 2
72 146 2
4 147 2
5 147 2
31 147 2
32 147 2
33 147 2
50 147 2
51 147 2
52 147 2
57 147 2
63 147 2
67 147 2
69 147 2
70 147 2
74 147 2
75 147 2
85 147 2
4 148 2
5 148 2
6 148 2
28 148 2
29 148 2
31 148 2
32 148 2
33 148 2
49 148 2
50 148 2
51 148 2
54 148 2
55 148 2
57 148 2
69 148 2
74 148 2
90 148 2
91 148 2
93 148 2
94 148 2
4 149 2
40 149 2
41 149 2
49 149 2
50 149 2
53 149 2
67 149 2
70 149 2
80 149 2
81 149 2
82 149 2
87 149 2
91 149 2
92 149 2
3 150 2
4 150 2
5 150 2
6 150 2
25 150 2
43 150 2
44 150 2
46 150 2
49 150 2
50 150 2
51 150 2
56 150 2
57 150 2
94 150 2
108 150 2
109 150 2
112 150 2
113 150 2
36 151 2
47 151 2
48 151 2
49 151 2
50 151 2
53 151 2
56 151 2
96 151 2
33 152 2
60 154 2
69 154 2
39 155 2
40 156 2
48 157 2
75 157 2
76 157 2
45 159 2
39 162 2
63 162 2
64 162 2
114 162 2
47 163 2
64 163 2
91 164 2
43 165 2
46 165 2
10 168 2
11 168 2
12 168 2
48 168 2
89 168 2
83 177 2
84 177 2
14 1 3
15 1 3
16 1 3
17 1 3
18 1 3
19 1 3
20 1 3
21 1 3
22 1 3
23 1 3
24 1 3
25 1 3
26 1 3
27 1 3
28 1 3
29 1 3
30 1 3
31 1 3
32 1 3
33 1 3
34 1 3
35 1 3
36 1 3
6 2 3
18 2 3
19 2 3
21 2 3
22 2 3
23 2 3
26 2 3
27 2 3
28 2 3
29 2 3
30 2 3
31 2 3
32 2 3
33 2 3
34 2 3
35 2 3
36 2 3
37 2 3
6 3 3
14 3 3
19 3 3
21 3 3
22 3 3
24 3 3
25 3 3
26 3 3
27 3 3
30 3 3
31 3 3
32 3 3
33 3 3
34 3 3
35 3 3
36 3 3
37 3 3
38 3 3
16 4 3
17 4 3
20 4 3
26 4 3
31 4 3
32 4 3
33 4 3
34 4 3
35 4 3
36 4 3
37 4 3
38 4 3
39 4 3
28 5 3
32 5 3
33 5 3
34 5 3
35 5 3
36 5 3
37 5 3
38 5 3
39 5 3
15 6 3
33 6 3
34 6 3
35 6 3
36 6 3
37 6 3
38 6 3
39 6 3
40 6 3
41 6 3
34 7 3
35 7 3
36 7 3
37 7 3
38 7 3
39 7 3
40 7 3
7 8 3
35 8 3
36 8 3
37 8 3
38 8 3
39 8 3
40 8 3
41 8 3
5 9 3
9 9 3
15 9 3
16 9 3
36 9 3
37 9 3
38 9 3
39 9 3
40 9 3
41 9 3
42 9 3
2 10 3
3 10 3
4 10 3
5 10 3
10 10 3
11 10 3
12 10 3
13 10 3
14 10 3
15 10 3
16 10 3
17 10 3
18 10 3
37 10 3
38 10 3
39 10 3
40 10 3
41 10 3
42 10 3
43 10 3
2 11 3
3 11 3
5 11 3
6 11 3
7 11 3
8 11 3
9 11 3
10 11 3
11 11 3
12 11 3
14 11 3
15 11 3
16 11 3
17 11 3
18 11 3
19 11 3
38 11 3
39 11 3
40 11 3
41 11 3
42 11 3
44 11 3
3 12 3
4 12 3
5 12 3
6 12 3
7 12 3
8 12 3
9 12 3
10 12 3
11 12 3
12 12 3
13 12 3
14 12 3
15 12 3
16 12 3
17 12 3
18 12 3
19 12 3
20 12 3
40 12 3
42 12 3
2 13 3
5 13 3
7 13 3
8 13 3
9 13 3
10 13 3
11 13 3
12 13 3
13 13 3
14 13 3
15 13 3
16 13 3
17 13 3
18 13 3
19 13 3
20 13 3
44 13 3
6 14 3
8 14 3
9 14 3
10 14 3
11 14 3
13 14 3
14 14 3
15 14 3
16 14 3
17 14 3
18 14 3
19 14 3
20 14 3
22 14 3
8 15 3
9 15 3
10 15 3
11 15 3
12 15 3
13 15 3
15 15 3
16 15 3
17 15 3
18 15 3
19 15 3
20 15 3
21 15 3
23 15 3
3 16 3
6 16 3
10 16 3
11 16 3
12 16 3
14 16 3
18 16 3
22 16 3
9 17 3
10 17 3
11 17 3
14 17 3
19 17 3
20 17 3
9 18 3
12 18 3
18 18 3
6 19 3
19 20 3
4 21 3
5 21 3
38 21 3
39 22 3
1 23 3
2 23 3
16 23 3
7 25 3
8 25 3
14 26 3
4 28 3
5 28 3
6 28 3
19 28 3
20 28 3
1 29 3
2 29 3
3 29 3
4 29 3
5 29 3
7 29 3
8 29 3
9 29 3
3 30 3
7 30 3
8 30 3
9 30 3
10 30 3
16 30 3
17 30 3
7 31 3
8 31 3
16 31 3
18 31 3
19 31 3
13 33 3
14 33 3
3 34 3
7 35 3
8 35 3
18 35 3
19 35 3
20 35 3
6 36 3
12 36 3
13 36 3
17 37 3
16 38 3
17 38 3
18 38 3
6 39 3
7 39 3
6 40 3
7 40 3
17 40 3
18 40 3
5 41 3
6 41 3
7 41 3
8 41 3
9 41 3
4 42 3
4 43 3
17 43 3
4 44 3
8 44 3
9 44 3
10 44 3
9 45 3
5 46 3
8 46 3
14 46 3
2 47 3
3 47 3
4 47 3
5 47 3
15 47 3
3 48 3
4 48 3
15 48 3
4 49 3
8 49 3
14 49 3
16 49 3
17 49 3
5 50 3
9 50 3
6 52 3
18 53 3
5 54 3
11 54 3
2 55 3
2 56 3
3 142 3
4 142 3
5 142 3
4 143 3
4 144 3
5 144 3
4 145 3
5 145 3
3 146 3
4 146 3
5 146 3
4 147 3
5 147 3
4 148 3
6 148 3
5 150 3
4 151 3
4 152 3
4 153 3
5 153 3
4 154 3
4 157 3
5 157 3
5 158 3
4 159 3
4 160 3
5 160 3
4 161 3
4 174 3
