14 1 0
15 1 0
16 1 0
17 1 0
18 1 0
14 2 0
15 2 0
16 2 0
17 2 0
18 2 0
19 2 0
20 2 0
15 3 0
16 3 0
17 3 0
18 3 0
19 3 0
20 3 0
21 3 0
16 4 0
17 4 0
18 4 0
19 4 0
20 4 0
21 4 0
22 4 0
17 5 0
18 5 0
19 5 0
20 5 0
21 5 0
22 5 0
23 5 0
18 6 0
19 6 0
20 6 0
21 6 0
22 6 0
23 6 0
19 7 0
20 7 0
21 7 0
22 7 0
23 7 0
24 7 0
21 8 0
22 8 0
23 8 0
22 9 0
23 9 0
24 9 0
25 9 0
24 10 0
3 11 0
180 11 0
182 11 0
183 11 0
184 11 0
185 11 0
186 11 0
6 12 0
177 12 0
178 12 0
179 12 0
180 12 0
181 12 0
182 12 0
183 12 0
184 12 0
185 12 0
190 12 0
191 12 0
10 13 0
176 13 0
177 13 0
178 13 0
179 13 0
180 13 0
181 13 0
182 13 0
183 13 0
184 13 0
188 13 0
190 13 0
191 13 0
11 14 0
12 14 0
175 14 0
176 14 0
177 14 0
178 14 0
179 14 0
180 14 0
181 14 0
182 14 0
183 14 0
184 14 0
186 14 0
188 14 0
191 14 0
192 14 0
194 14 0
13 15 0
16 15 0
174 15 0
175 15 0
176 15 0
177 15 0
178 15 0
179 15 0
180 15 0
181 15 0
182 15 0
183 15 0
184 15 0
186 15 0
187 15 0
188 15 0
189 15 0
190 15 0
13 16 0
14 16 0
15 16 0
16 16 0
173 16 0
174 16 0
175 16 0
176 16 0
177 16 0
178 16 0
179 16 0
180 16 0
181 16 0
182 16 0
183 16 0
184 16 0
185 16 0
186 16 0
187 16 0
188 16 0
189 16 0
190 16 0
191 16 0
12 17 0
13 17 0
14 17 0
15 17 0
16 17 0
172 17 0
173 17 0
174 17 0
175 17 0
176 17 0
177 17 0
178 17 0
179 17 0
180 17 0
181 17 0
182 17 0
183 17 0
184 17 0
185 17 0
186 17 0
187 17 0
188 17 0
189 17 0
191 17 0
192 17 0
12 18 0
13 18 0
14 18 0
15 18 0
171 18 0
172 18 0
173 18 0
174 18 0
175 18 0
176 18 0
177 18 0
178 18 0
180 18 0
181 18 0
182 18 0
183 18 0
184 18 0
185 18 0
186 18 0
187 18 0
188 18 0
189 18 0
190 18 0
12 19 0
13 19 0
14 19 0
15 19 0
170 19 0
171 19 0
172 19 0
173 19 0
174 19 0
175 19 0
176 19 0
177 19 0
178 19 0
179 19 0
180 19 0
181 19 0
182 19 0
183 19 0
184 19 0
185 19 0
186 19 0
187 19 0
188 19 0
189 19 0
190 19 0
191 19 0
192 19 0
193 19 0
195 19 0
169 20 0
170 20 0
171 20 0
172 20 0
173 20 0
174 20 0
175 20 0
176 20 0
177 20 0
178 20 0
179 20 0
180 20 0
181 20 0
182 20 0
183 20 0
184 20 0
185 20 0
186 20 0
187 20 0
188 20 0
189 20 0
190 20 0
192 20 0
193 20 0
194 20 0
195 20 0
168 21 0
169 21 0
170 21 0
171 21 0
173 21 0
174 21 0
175 21 0
176 21 0
177 21 0
178 21 0
179 21 0
180 21 0
181 21 0
182 21 0
183 21 0
184 21 0
185 21 0
186 21 0
187 21 0
188 21 0
189 21 0
190 21 0
191 21 0
192 21 0
193 21 0
194 21 0
195 21 0
168 22 0
169 22 0
170 22 0
171 22 0
173 22 0
174 22 0
175 22 0
176 22 0
177 22 0
178 22 0
179 22 0
180 22 0
181 22 0
182 22 0
183 22 0
184 22 0
185 22 0
186 22 0
187 22 0
188 22 0
189 22 0
190 22 0
191 22 0
192 22 0
193 22 0
194 22 0
195 22 0
196 22 0
197 22 0
168 23 0
169 23 0
170 23 0
171 23 0
172 23 0
173 23 0
174 23 0
175 23 0
176 23 0
177 23 0
178 23 0
179 23 0
180 23 0
181 23 0
182 23 0
183 23 0
184 23 0
185 23 0
186 23 0
187 23 0
188 23 0
189 23 0
190 23 0
191 23 0
192 23 0
193 23 0
194 23 0
195 23 0
98 24 0
99 24 0
100 24 0
167 24 0
168 24 0
169 24 0
170 24 0
171 24 0
172 24 0
173 24 0
174 24 0
175 24 0
176 24 0
177 24 0
178 24 0
179 24 0
180 24 0
181 24 0
182 24 0
183 24 0
184 24 0
185 24 0
186 24 0
187 24 0
188 24 0
189 24 0
190 24 0
191 24 0
192 24 0
193 24 0
194 24 0
195 24 0
196 24 0
98 25 0
99 25 0
102 25 0
103 25 0
166 25 0
167 25 0
168 25 0
169 25 0
170 25 0
171 25 0
172 25 0
173 25 0
174 25 0
175 25 0
176 25 0
177 25 0
178 25 0
179 25 0
180 25 0
181 25 0
182 25 0
183 25 0
184 25 0
185 25 0
186 25 0
187 25 0
188 25 0
189 25 0
190 25 0
191 25 0
192 25 0
193 25 0
194 25 0
195 25 0
196 25 0
197 25 0
198 25 0
97 26 0
98 26 0
99 26 0
101 26 0
102 26 0
103 26 0
166 26 0
167 26 0
168 26 0
170 26 0
171 26 0
172 26 0
173 26 0
174 26 0
175 26 0
176 26 0
177 26 0
178 26 0
179 26 0
180 26 0
181 26 0
182 26 0
183 26 0
184 26 0
185 26 0
186 26 0
187 26 0
188 26 0
189 26 0
190 26 0
191 26 0
192 26 0
193 26 0
194 26 0
195 26 0
196 26 0
197 26 0
97 27 0
98 27 0
101 27 0
102 27 0
165 27 0
166 27 0
167 27 0
168 27 0
169 27 0
170 27 0
171 27 0
172 27 0
173 27 0
174 27 0
175 27 0
176 27 0
177 27 0
178 27 0
179 27 0
180 27 0
181 27 0
182 27 0
183 27 0
184 27 0
185 27 0
186 27 0
187 27 0
188 27 0
189 27 0
190 27 0
191 27 0
192 27 0
193 27 0
194 27 0
195 27 0
196 27 0
198 27 0
51 28 0
97 28 0
98 28 0
99 28 0
101 28 0
102 28 0
165 28 0
166 28 0
167 28 0
168 28 0
169 28 0
170 28 0
171 28 0
172 28 0
173 28 0
174 28 0
175 28 0
176 28 0
177 28 0
178 28 0
179 28 0
180 28 0
181 28 0
182 28 0
183 28 0
184 28 0
185 28 0
186 28 0
187 28 0
188 28 0
189 28 0
190 28 0
191 28 0
192 28 0
193 28 0
194 28 0
195 28 0
196 28 0
197 28 0
48 29 0
49 29 0
50 29 0
51 29 0
52 29 0
78 29 0
79 29 0
80 29 0
96 29 0
97 29 0
98 29 0
100 29 0
101 29 0
102 29 0
165 29 0
166 29 0
167 29 0
168 29 0
169 29 0
170 29 0
171 29 0
172 29 0
173 29 0
174 29 0
175 29 0
176 29 0
177 29 0
178 29 0
179 29 0
180 29 0
181 29 0
182 29 0
183 29 0
184 29 0
185 29 0
186 29 0
187 29 0
188 29 0
189 29 0
190 29 0
191 29 0
192 29 0
193 29 0
194 29 0
195 29 0
196 29 0
197 29 0
48 30 0
49 30 0
50 30 0
51 30 0
52 30 0
96 30 0
97 30 0
98 30 0
99 30 0
100 30 0
101 30 0
165 30 0
166 30 0
167 30 0
168 30 0
170 30 0
171 30 0
172 30 0
173 30 0
174 30 0
175 30 0
176 30 0
177 30 0
178 30 0
179 30 0
180 30 0
181 30 0
182 30 0
183 30 0
184 30 0
185 30 0
186 30 0
187 30 0
188 30 0
189 30 0
190 30 0
191 30 0
192 30 0
193 30 0
194 30 0
195 30 0
196 30 0
197 30 0
198 30 0
48 31 0
49 31 0
50 31 0
51 31 0
97 31 0
98 31 0
99 31 0
100 31 0
164 31 0
165 31 0
166 31 0
167 31 0
168 31 0
169 31 0
170 31 0
171 31 0
172 31 0
173 31 0
174 31 0
175 31 0
176 31 0
177 31 0
178 31 0
179 31 0
180 31 0
181 31 0
182 31 0
183 31 0
184 31 0
185 31 0
186 31 0
187 31 0
188 31 0
189 31 0
190 31 0
191 31 0
192 31 0
193 31 0
194 31 0
195 31 0
196 31 0
197 31 0
95 32 0
96 32 0
97 32 0
98 32 0
99 32 0
100 32 0
165 32 0
166 32 0
167 32 0
168 32 0
169 32 0
170 32 0
171 32 0
172 32 0
173 32 0
174 32 0
175 32 0
176 32 0
177 32 0
178 32 0
179 32 0
180 32 0
181 32 0
182 32 0
183 32 0
184 32 0
185 32 0
186 32 0
187 32 0
188 32 0
189 32 0
190 32 0
191 32 0
192 32 0
193 32 0
194 32 0
195 32 0
196 32 0
197 32 0
66 33 0
67 33 0
68 33 0
95 33 0
96 33 0
97 33 0
98 33 0
99 33 0
100 33 0
165 33 0
166 33 0
167 33 0
168 33 0
169 33 0
170 33 0
171 33 0
172 33 0
173 33 0
174 33 0
175 33 0
176 33 0
177 33 0
178 33 0
179 33 0
180 33 0
181 33 0
182 33 0
183 33 0
184 33 0
185 33 0
186 33 0
187 33 0
188 33 0
189 33 0
190 33 0
191 33 0
192 33 0
193 33 0
194 33 0
195 33 0
196 33 0
197 33 0
95 34 0
96 34 0
98 34 0
99 34 0
164 34 0
165 34 0
166 34 0
167 34 0
168 34 0
169 34 0
170 34 0
171 34 0
172 34 0
173 34 0
174 34 0
175 34 0
176 34 0
177 34 0
178 34 0
179 34 0
180 34 0
181 34 0
182 34 0
183 34 0
184 34 0
185 34 0
186 34 0
187 34 0
188 34 0
189 34 0
190 34 0
191 34 0
192 34 0
193 34 0
194 34 0
195 34 0
196 34 0
197 34 0
95 35 0
98 35 0
99 35 0
164 35 0
165 35 0
166 35 0
167 35 0
168 35 0
169 35 0
170 35 0
171 35 0
172 35 0
173 35 0
174 35 0
175 35 0
176 35 0
177 35 0
178 35 0
179 35 0
180 35 0
181 35 0
182 35 0
183 35 0
184 35 0
185 35 0
186 35 0
187 35 0
188 35 0
189 35 0
190 35 0
191 35 0
192 35 0
193 35 0
194 35 0
195 35 0
196 35 0
197 35 0
71 36 0
164 36 0
165 36 0
166 36 0
167 36 0
168 36 0
169 36 0
170 36 0
171 36 0
172 36 0
173 36 0
174 36 0
175 36 0
176 36 0
177 36 0
178 36 0
179 36 0
180 36 0
181 36 0
182 36 0
183 36 0
184 36 0
185 36 0
186 36 0
187 36 0
188 36 0
189 36 0
190 36 0
191 36 0
192 36 0
193 36 0
194 36 0
195 36 0
196 36 0
197 36 0
72 37 0
73 37 0
74 37 0
85 37 0
86 37 0
87 37 0
165 37 0
166 37 0
167 37 0
168 37 0
169 37 0
170 37 0
171 37 0
172 37 0
173 37 0
174 37 0
175 37 0
176 37 0
177 37 0
178 37 0
179 37 0
180 37 0
181 37 0
182 37 0
183 37 0
184 37 0
185 37 0
186 37 0
187 37 0
188 37 0
189 37 0
190 37 0
191 37 0
192 37 0
193 37 0
194 37 0
195 37 0
196 37 0
197 37 0
72 38 0
73 38 0
74 38 0
75 38 0
76 38 0
83 38 0
84 38 0
85 38 0
86 38 0
87 38 0
88 38 0
89 38 0
166 38 0
167 38 0
168 38 0
169 38 0
170 38 0
171 38 0
172 38 0
173 38 0
174 38 0
175 38 0
176 38 0
177 38 0
178 38 0
179 38 0
180 38 0
181 38 0
182 38 0
183 38 0
184 38 0
185 38 0
186 38 0
187 38 0
188 38 0
189 38 0
190 38 0
191 38 0
192 38 0
193 38 0
194 38 0
195 38 0
196 38 0
197 38 0
198 38 0
72 39 0
73 39 0
74 39 0
75 39 0
76 39 0
83 39 0
84 39 0
85 39 0
86 39 0
87 39 0
88 39 0
89 39 0
166 39 0
167 39 0
168 39 0
169 39 0
170 39 0
171 39 0
172 39 0
173 39 0
174 39 0
175 39 0
176 39 0
177 39 0
178 39 0
179 39 0
180 39 0
181 39 0
182 39 0
183 39 0
184 39 0
185 39 0
186 39 0
187 39 0
188 39 0
189 39 0
190 39 0
191 39 0
192 39 0
193 39 0
194 39 0
195 39 0
196 39 0
197 39 0
198 39 0
72 40 0
74 40 0
75 40 0
84 40 0
85 40 0
86 40 0
87 40 0
88 40 0
89 40 0
166 40 0
167 40 0
168 40 0
169 40 0
170 40 0
171 40 0
172 40 0
173 40 0
174 40 0
175 40 0
176 40 0
177 40 0
178 40 0
179 40 0
180 40 0
181 40 0
182 40 0
183 40 0
184 40 0
185 40 0
186 40 0
187 40 0
188 40 0
189 40 0
190 40 0
191 40 0
192 40 0
193 40 0
194 40 0
195 40 0
196 40 0
197 40 0
198 40 0
84 41 0
85 41 0
88 41 0
89 41 0
165 41 0
166 41 0
167 41 0
168 41 0
169 41 0
170 41 0
171 41 0
172 41 0
173 41 0
174 41 0
175 41 0
176 41 0
177 41 0
178 41 0
179 41 0
180 41 0
181 41 0
182 41 0
183 41 0
184 41 0
185 41 0
186 41 0
187 41 0
188 41 0
189 41 0
190 41 0
191 41 0
192 41 0
193 41 0
194 41 0
195 41 0
196 41 0
197 41 0
88 42 0
89 42 0
166 42 0
167 42 0
168 42 0
169 42 0
170 42 0
171 42 0
172 42 0
173 42 0
174 42 0
175 42 0
176 42 0
177 42 0
178 42 0
179 42 0
180 42 0
181 42 0
182 42 0
183 42 0
184 42 0
185 42 0
186 42 0
187 42 0
188 42 0
189 42 0
190 42 0
191 42 0
192 42 0
193 42 0
194 42 0
195 42 0
196 42 0
197 42 0
113 43 0
167 43 0
168 43 0
169 43 0
170 43 0
171 43 0
172 43 0
173 43 0
174 43 0
175 43 0
176 43 0
177 43 0
178 43 0
179 43 0
180 43 0
181 43 0
182 43 0
183 43 0
184 43 0
185 43 0
186 43 0
187 43 0
188 43 0
189 43 0
190 43 0
191 43 0
192 43 0
193 43 0
194 43 0
195 43 0
196 43 0
197 43 0
167 44 0
168 44 0
169 44 0
170 44 0
171 44 0
172 44 0
173 44 0
174 44 0
175 44 0
176 44 0
177 44 0
178 44 0
179 44 0
180 44 0
181 44 0
182 44 0
183 44 0
184 44 0
185 44 0
186 44 0
187 44 0
188 44 0
189 44 0
190 44 0
191 44 0
192 44 0
193 44 0
194 44 0
195 44 0
196 44 0
197 44 0
198 44 0
167 45 0
168 45 0
169 45 0
170 45 0
171 45 0
172 45 0
173 45 0
174 45 0
175 45 0
176 45 0
177 45 0
178 45 0
179 45 0
180 45 0
181 45 0
182 45 0
183 45 0
184 45 0
185 45 0
186 45 0
187 45 0
188 45 0
189 45 0
190 45 0
191 45 0
192 45 0
193 45 0
194 45 0
195 45 0
196 45 0
197 45 0
198 45 0
167 46 0
168 46 0
169 46 0
170 46 0
171 46 0
172 46 0
173 46 0
174 46 0
175 46 0
176 46 0
177 46 0
178 46 0
179 46 0
180 46 0
181 46 0
182 46 0
183 46 0
184 46 0
185 46 0
186 46 0
187 46 0
188 46 0
189 46 0
190 46 0
191 46 0
192 46 0
193 46 0
194 46 0
195 46 0
196 46 0
197 46 0
101 47 0
168 47 0
169 47 0
170 47 0
171 47 0
172 47 0
173 47 0
174 47 0
175 47 0
176 47 0
177 47 0
178 47 0
179 47 0
180 47 0
181 47 0
182 47 0
183 47 0
184 47 0
185 47 0
186 47 0
187 47 0
188 47 0
189 47 0
190 47 0
191 47 0
192 47 0
193 47 0
194 47 0
195 47 0
196 47 0
197 47 0
198 47 0
169 48 0
170 48 0
171 48 0
172 48 0
173 48 0
174 48 0
175 48 0
176 48 0
177 48 0
178 48 0
179 48 0
180 48 0
181 48 0
182 48 0
183 48 0
184 48 0
185 48 0
186 48 0
187 48 0
188 48 0
189 48 0
190 48 0
191 48 0
192 48 0
193 48 0
194 48 0
195 48 0
196 48 0
197 48 0
138 49 0
151 49 0
169 49 0
170 49 0
171 49 0
172 49 0
173 49 0
174 49 0
175 49 0
176 49 0
177 49 0
178 49 0
179 49 0
180 49 0
181 49 0
182 49 0
183 49 0
184 49 0
185 49 0
186 49 0
187 49 0
188 49 0
189 49 0
190 49 0
191 49 0
192 49 0
193 49 0
194 49 0
195 49 0
196 49 0
197 49 0
5 50 0
107 50 0
108 50 0
138 50 0
170 50 0
171 50 0
172 50 0
173 50 0
174 50 0
175 50 0
176 50 0
177 50 0
178 50 0
179 50 0
180 50 0
181 50 0
182 50 0
183 50 0
184 50 0
185 50 0
186 50 0
187 50 0
188 50 0
189 50 0
190 50 0
191 50 0
192 50 0
193 50 0
194 50 0
195 50 0
196 50 0
107 51 0
108 51 0
109 51 0
110 51 0
111 51 0
149 51 0
172 51 0
173 51 0
174 51 0
175 51 0
176 51 0
177 51 0
178 51 0
179 51 0
180 51 0
181 51 0
182 51 0
183 51 0
184 51 0
185 51 0
186 51 0
187 51 0
188 51 0
189 51 0
190 51 0
191 51 0
192 51 0
193 51 0
107 52 0
108 52 0
109 52 0
110 52 0
111 52 0
138 52 0
172 52 0
173 52 0
174 52 0
175 52 0
176 52 0
177 52 0
178 52 0
179 52 0
180 52 0
181 52 0
182 52 0
183 52 0
184 52 0
185 52 0
186 52 0
187 52 0
188 52 0
189 52 0
190 52 0
191 52 0
192 52 0
193 52 0
194 52 0
109 53 0
119 53 0
123 53 0
172 53 0
173 53 0
174 53 0
175 53 0
176 53 0
177 53 0
178 53 0
179 53 0
180 53 0
181 53 0
182 53 0
183 53 0
184 53 0
185 53 0
186 53 0
187 53 0
188 53 0
189 53 0
190 53 0
191 53 0
192 53 0
193 53 0
194 53 0
195 53 0
119 54 0
123 54 0
124 54 0
172 54 0
173 54 0
174 54 0
175 54 0
176 54 0
177 54 0
178 54 0
179 54 0
180 54 0
181 54 0
182 54 0
183 54 0
184 54 0
185 54 0
186 54 0
187 54 0
188 54 0
189 54 0
190 54 0
191 54 0
192 54 0
193 54 0
194 54 0
195 54 0
196 54 0
197 54 0
120 55 0
121 55 0
122 55 0
124 55 0
171 55 0
172 55 0
173 55 0
174 55 0
175 55 0
176 55 0
177 55 0
178 55 0
179 55 0
180 55 0
181 55 0
182 55 0
183 55 0
184 55 0
185 55 0
186 55 0
187 55 0
188 55 0
189 55 0
190 55 0
191 55 0
192 55 0
193 55 0
194 55 0
195 55 0
120 56 0
121 56 0
122 56 0
123 56 0
170 56 0
171 56 0
172 56 0
173 56 0
174 56 0
175 56 0
176 56 0
177 56 0
178 56 0
179 56 0
180 56 0
181 56 0
182 56 0
183 56 0
184 56 0
185 56 0
186 56 0
187 56 0
188 56 0
189 56 0
190 56 0
191 56 0
192 56 0
193 56 0
194 56 0
195 56 0
120 57 0
121 57 0
123 57 0
124 57 0
169 57 0
170 57 0
171 57 0
172 57 0
173 57 0
174 57 0
175 57 0
176 57 0
177 57 0
178 57 0
180 57 0
182 57 0
183 57 0
184 57 0
185 57 0
186 57 0
187 57 0
188 57 0
189 57 0
190 57 0
191 57 0
192 57 0
193 57 0
195 57 0
121 58 0
123 58 0
152 58 0
153 58 0
171 58 0
172 58 0
173 58 0
174 58 0
175 58 0
179 58 0
182 58 0
183 58 0
184 58 0
185 58 0
186 58 0
187 58 0
188 58 0
189 58 0
190 58 0
191 58 0
192 58 0
193 58 0
194 58 0
195 58 0
151 59 0
152 59 0
169 59 0
170 59 0
171 59 0
172 59 0
173 59 0
174 59 0
175 59 0
180 59 0
182 59 0
183 59 0
184 59 0
185 59 0
186 59 0
187 59 0
188 59 0
189 59 0
190 59 0
191 59 0
192 59 0
193 59 0
194 59 0
132 60 0
133 60 0
134 60 0
135 60 0
152 60 0
156 60 0
170 60 0
173 60 0
186 60 0
187 60 0
188 60 0
190 60 0
191 60 0
192 60 0
132 61 0
133 61 0
136 61 0
137 61 0
141 61 0
142 61 0
143 61 0
144 61 0
145 61 0
155 61 0
169 61 0
170 61 0
171 61 0
172 61 0
173 61 0
132 62 0
137 62 0
142 62 0
143 62 0
144 62 0
145 62 0
168 62 0
169 62 0
170 62 0
176 62 0
137 63 0
143 63 0
167 63 0
168 63 0
169 63 0
170 63 0
176 63 0
165 64 0
166 64 0
172 64 0
8 66 0
139 66 0
140 66 0
143 66 0
146 66 0
148 66 0
149 66 0
150 66 0
153 66 0
9 67 0
139 67 0
140 67 0
143 67 0
146 67 0
147 67 0
148 67 0
149 67 0
151 67 0
152 67 0
153 67 0
157 67 0
158 67 0
143 68 0
146 68 0
147 68 0
148 68 0
151 68 0
152 68 0
153 68 0
157 68 0
139 69 0
142 69 0
143 69 0
144 69 0
146 69 0
147 69 0
148 69 0
151 69 0
152 69 0
153 69 0
156 69 0
157 69 0
158 69 0
139 70 0
141 70 0
142 70 0
143 70 0
144 70 0
146 70 0
147 70 0
151 70 0
152 70 0
156 70 0
157 70 0
161 70 0
177 70 0
178 70 0
138 71 0
139 71 0
141 71 0
142 71 0
143 71 0
145 71 0
146 71 0
147 71 0
151 71 0
153 71 0
156 71 0
182 71 0
139 72 0
146 72 0
147 72 0
151 72 0
156 72 0
169 72 0
142 73 0
143 73 0
145 73 0
146 73 0
150 73 0
151 73 0
156 73 0
180 73 0
182 73 0
145 74 0
156 74 0
163 74 0
175 74 0
176 74 0
180 74 0
182 74 0
187 74 0
186 75 0
188 75 0
10 82 0
126 85 0
179 85 0
121 86 0
122 86 0
124 86 0
127 86 0
139 86 0
121 87 0
137 87 0
138 87 0
139 87 0
140 87 0
144 87 0
145 87 0
133 88 0
134 88 0
137 88 0
138 88 0
139 88 0
140 88 0
143 88 0
144 88 0
145 88 0
133 89 0
134 89 0
136 89 0
137 89 0
138 89 0
139 89 0
140 89 0
141 89 0
142 89 0
143 89 0
144 89 0
145 89 0
146 89 0
133 90 0
137 90 0
138 90 0
139 90 0
140 90 0
141 90 0
142 90 0
143 90 0
144 90 0
145 90 0
63 91 0
65 91 0
138 91 0
139 91 0
140 91 0
141 91 0
142 91 0
143 91 0
146 91 0
62 92 0
63 92 0
65 92 0
67 92 0
68 92 0
140 92 0
141 92 0
142 92 0
143 92 0
178 92 0
63 93 0
64 93 0
67 93 0
68 93 0
144 93 0
145 93 0
146 93 0
147 93 0
148 93 0
67 94 0
68 94 0
144 94 0
145 94 0
146 94 0
147 94 0
148 94 0
146 95 0
103 97 0
145 99 0
144 100 0
103 101 0
144 101 0
164 101 0
165 101 0
167 101 0
63 102 0
64 102 0
66 102 0
77 102 0
78 102 0
79 102 0
102 102 0
103 102 0
138 102 0
167 102 0
63 103 0
66 103 0
102 103 0
144 103 0
165 103 0
101 104 0
102 104 0
149 104 0
163 104 0
164 104 0
165 104 0
167 104 0
101 105 0
102 105 0
143 105 0
148 105 0
149 105 0
160 105 0
162 105 0
163 105 0
165 105 0
166 105 0
167 105 0
101 106 0
143 106 0
146 106 0
159 106 0
160 106 0
161 106 0
162 106 0
163 106 0
164 106 0
165 106 0
166 106 0
167 106 0
168 106 0
173 106 0
174 106 0
143 107 0
146 107 0
147 107 0
159 107 0
160 107 0
161 107 0
162 107 0
163 107 0
164 107 0
165 107 0
166 107 0
167 107 0
168 107 0
170 107 0
171 107 0
101 108 0
141 108 0
144 108 0
145 108 0
146 108 0
147 108 0
148 108 0
149 108 0
159 108 0
160 108 0
161 108 0
162 108 0
163 108 0
164 108 0
166 108 0
167 108 0
168 108 0
169 108 0
171 108 0
101 109 0
144 109 0
149 109 0
150 109 0
151 109 0
153 109 0
154 109 0
158 109 0
159 109 0
160 109 0
161 109 0
162 109 0
163 109 0
164 109 0
165 109 0
166 109 0
167 109 0
168 109 0
169 109 0
170 109 0
171 109 0
172 109 0
173 109 0
174 109 0
101 110 0
140 110 0
141 110 0
144 110 0
145 110 0
146 110 0
147 110 0
148 110 0
150 110 0
151 110 0
153 110 0
156 110 0
159 110 0
160 110 0
161 110 0
162 110 0
163 110 0
164 110 0
165 110 0
166 110 0
167 110 0
168 110 0
169 110 0
170 110 0
171 110 0
174 110 0
177 110 0
100 111 0
101 111 0
144 111 0
145 111 0
147 111 0
153 111 0
154 111 0
155 111 0
156 111 0
157 111 0
158 111 0
159 111 0
160 111 0
161 111 0
162 111 0
163 111 0
164 111 0
165 111 0
166 111 0
167 111 0
168 111 0
169 111 0
170 111 0
171 111 0
172 111 0
100 112 0
101 112 0
141 112 0
142 112 0
144 112 0
146 112 0
147 112 0
148 112 0
149 112 0
156 112 0
157 112 0
158 112 0
159 112 0
160 112 0
161 112 0
162 112 0
163 112 0
164 112 0
165 112 0
166 112 0
167 112 0
168 112 0
169 112 0
170 112 0
171 112 0
172 112 0
176 112 0
75 113 0
76 113 0
100 113 0
119 113 0
138 113 0
141 113 0
142 113 0
143 113 0
144 113 0
148 113 0
149 113 0
154 113 0
155 113 0
156 113 0
157 113 0
158 113 0
159 113 0
160 113 0
161 113 0
162 113 0
163 113 0
164 113 0
165 113 0
166 113 0
167 113 0
168 113 0
169 113 0
170 113 0
171 113 0
172 113 0
176 113 0
76 114 0
99 114 0
100 114 0
139 114 0
140 114 0
141 114 0
142 114 0
143 114 0
144 114 0
147 114 0
148 114 0
149 114 0
153 114 0
154 114 0
155 114 0
158 114 0
159 114 0
160 114 0
161 114 0
162 114 0
163 114 0
164 114 0
165 114 0
166 114 0
167 114 0
168 114 0
169 114 0
170 114 0
172 114 0
174 114 0
99 115 0
107 115 0
139 115 0
141 115 0
142 115 0
143 115 0
144 115 0
147 115 0
148 115 0
149 115 0
150 115 0
151 115 0
152 115 0
153 115 0
154 115 0
155 115 0
156 115 0
158 115 0
159 115 0
160 115 0
161 115 0
162 115 0
163 115 0
164 115 0
165 115 0
166 115 0
167 115 0
168 115 0
169 115 0
170 115 0
171 115 0
172 115 0
173 115 0
177 115 0
138 116 0
139 116 0
140 116 0
141 116 0
142 116 0
143 116 0
144 116 0
147 116 0
148 116 0
149 116 0
150 116 0
151 116 0
152 116 0
155 116 0
156 116 0
157 116 0
158 116 0
159 116 0
160 116 0
161 116 0
162 116 0
163 116 0
164 116 0
165 116 0
166 116 0
167 116 0
168 116 0
169 116 0
170 116 0
171 116 0
173 116 0
137 117 0
138 117 0
139 117 0
140 117 0
141 117 0
142 117 0
143 117 0
144 117 0
147 117 0
148 117 0
152 117 0
154 117 0
155 117 0
156 117 0
157 117 0
158 117 0
159 117 0
160 117 0
161 117 0
162 117 0
163 117 0
164 117 0
165 117 0
166 117 0
167 117 0
168 117 0
169 117 0
170 117 0
171 117 0
172 117 0
173 117 0
136 118 0
137 118 0
140 118 0
141 118 0
143 118 0
153 118 0
155 118 0
156 118 0
157 118 0
158 118 0
159 118 0
160 118 0
161 118 0
162 118 0
163 118 0
164 118 0
165 118 0
166 118 0
167 118 0
168 118 0
169 118 0
171 118 0
98 119 0
136 119 0
137 119 0
140 119 0
141 119 0
156 119 0
157 119 0
158 119 0
159 119 0
160 119 0
161 119 0
162 119 0
163 119 0
164 119 0
165 119 0
166 119 0
168 119 0
169 119 0
171 119 0
173 119 0
174 119 0
175 119 0
176 119 0
135 120 0
136 120 0
144 120 0
150 120 0
151 120 0
152 120 0
156 120 0
157 120 0
158 120 0
159 120 0
160 120 0
161 120 0
162 120 0
163 120 0
164 120 0
165 120 0
166 120 0
167 120 0
168 120 0
169 120 0
171 120 0
173 120 0
176 120 0
178 120 0
98 121 0
135 121 0
136 121 0
143 121 0
151 121 0
158 121 0
159 121 0
160 121 0
161 121 0
162 121 0
163 121 0
164 121 0
165 121 0
166 121 0
167 121 0
168 121 0
169 121 0
171 121 0
172 121 0
173 121 0
174 121 0
176 121 0
178 121 0
179 121 0
185 121 0
98 122 0
123 122 0
134 122 0
135 122 0
143 122 0
153 122 0
157 122 0
158 122 0
160 122 0
161 122 0
162 122 0
163 122 0
164 122 0
165 122 0
166 122 0
167 122 0
168 122 0
169 122 0
171 122 0
172 122 0
173 122 0
174 122 0
175 122 0
176 122 0
177 122 0
178 122 0
179 122 0
181 122 0
3 123 0
4 123 0
98 123 0
134 123 0
135 123 0
151 123 0
157 123 0
158 123 0
159 123 0
160 123 0
164 123 0
165 123 0
167 123 0
168 123 0
169 123 0
170 123 0
174 123 0
175 123 0
176 123 0
177 123 0
178 123 0
179 123 0
3 124 0
4 124 0
5 124 0
6 124 0
7 124 0
8 124 0
9 124 0
98 124 0
99 124 0
133 124 0
134 124 0
160 124 0
161 124 0
162 124 0
166 124 0
167 124 0
168 124 0
170 124 0
173 124 0
174 124 0
178 124 0
179 124 0
2 125 0
3 125 0
4 125 0
5 125 0
6 125 0
7 125 0
8 125 0
9 125 0
10 125 0
11 125 0
97 125 0
98 125 0
132 125 0
133 125 0
134 125 0
139 125 0
141 125 0
173 125 0
192 125 0
4 126 0
5 126 0
6 126 0
7 126 0
8 126 0
9 126 0
10 126 0
11 126 0
12 126 0
97 126 0
98 126 0
131 126 0
132 126 0
133 126 0
138 126 0
139 126 0
157 126 0
158 126 0
6 127 0
7 127 0
8 127 0
9 127 0
10 127 0
11 127 0
12 127 0
13 127 0
14 127 0
15 127 0
17 127 0
97 127 0
98 127 0
131 127 0
132 127 0
133 127 0
138 127 0
139 127 0
141 127 0
158 127 0
159 127 0
6 128 0
7 128 0
8 128 0
9 128 0
10 128 0
11 128 0
15 128 0
16 128 0
17 128 0
18 128 0
19 128 0
20 128 0
22 128 0
97 128 0
98 128 0
130 128 0
131 128 0
132 128 0
138 128 0
139 128 0
140 128 0
148 128 0
159 128 0
161 128 0
162 128 0
165 128 0
166 128 0
180 128 0
9 129 0
11 129 0
19 129 0
20 129 0
21 129 0
22 129 0
23 129 0
25 129 0
26 129 0
27 129 0
96 129 0
97 129 0
129 129 0
130 129 0
131 129 0
138 129 0
139 129 0
140 129 0
141 129 0
156 129 0
159 129 0
164 129 0
166 129 0
8 130 0
10 130 0
11 130 0
23 130 0
25 130 0
26 130 0
29 130 0
30 130 0
31 130 0
32 130 0
33 130 0
44 130 0
96 130 0
97 130 0
117 130 0
128 130 0
129 130 0
130 130 0
138 130 0
139 130 0
140 130 0
148 130 0
160 130 0
7 131 0
8 131 0
9 131 0
10 131 0
11 131 0
28 131 0
29 131 0
30 131 0
32 131 0
33 131 0
34 131 0
35 131 0
36 131 0
42 131 0
43 131 0
44 131 0
45 131 0
46 131 0
47 131 0
97 131 0
98 131 0
127 131 0
128 131 0
129 131 0
130 131 0
137 131 0
138 131 0
140 131 0
141 131 0
157 131 0
159 131 0
7 132 0
8 132 0
12 132 0
31 132 0
32 132 0
33 132 0
34 132 0
35 132 0
36 132 0
37 132 0
38 132 0
39 132 0
40 132 0
41 132 0
42 132 0
43 132 0
44 132 0
45 132 0
48 132 0
52 132 0
53 132 0
54 132 0
55 132 0
56 132 0
97 132 0
98 132 0
126 132 0
127 132 0
128 132 0
129 132 0
138 132 0
140 132 0
154 132 0
163 132 0
12 133 0
36 133 0
37 133 0
38 133 0
39 133 0
42 133 0
43 133 0
44 133 0
45 133 0
56 133 0
57 133 0
58 133 0
59 133 0
60 133 0
61 133 0
97 133 0
126 133 0
127 133 0
128 133 0
129 133 0
159 133 0
162 133 0
166 133 0
42 134 0
43 134 0
44 134 0
61 134 0
62 134 0
96 134 0
97 134 0
98 134 0
126 134 0
127 134 0
128 134 0
144 134 0
145 134 0
158 134 0
159 134 0
160 134 0
13 135 0
44 135 0
53 135 0
61 135 0
62 135 0
95 135 0
96 135 0
125 135 0
127 135 0
128 135 0
135 135 0
144 135 0
145 135 0
146 135 0
147 135 0
157 135 0
158 135 0
159 135 0
166 135 0
168 135 0
169 135 0
54 136 0
57 136 0
61 136 0
62 136 0
95 136 0
96 136 0
104 136 0
124 136 0
125 136 0
126 136 0
127 136 0
140 136 0
144 136 0
145 136 0
146 136 0
147 136 0
150 136 0
157 136 0
158 136 0
159 136 0
169 136 0
171 136 0
61 137 0
62 137 0
95 137 0
96 137 0
97 137 0
126 137 0
127 137 0
128 137 0
139 137 0
140 137 0
142 137 0
144 137 0
172 137 0
183 137 0
15 138 0
16 138 0
61 138 0
62 138 0
95 138 0
96 138 0
97 138 0
123 138 0
126 138 0
127 138 0
140 138 0
141 138 0
142 138 0
143 138 0
15 139 0
16 139 0
61 139 0
62 139 0
95 139 0
96 139 0
99 139 0
105 139 0
106 139 0
111 139 0
117 139 0
126 139 0
127 139 0
140 139 0
142 139 0
145 139 0
159 139 0
189 139 0
15 140 0
16 140 0
95 140 0
96 140 0
97 140 0
103 140 0
104 140 0
105 140 0
106 140 0
107 140 0
110 140 0
111 140 0
113 140 0
114 140 0
118 140 0
119 140 0
121 140 0
122 140 0
127 140 0
128 140 0
137 140 0
140 140 0
159 140 0
188 140 0
15 141 0
16 141 0
17 141 0
95 141 0
96 141 0
97 141 0
101 141 0
102 141 0
103 141 0
104 141 0
105 141 0
107 141 0
111 141 0
112 141 0
113 141 0
114 141 0
115 141 0
117 141 0
118 141 0
119 141 0
120 141 0
121 141 0
122 141 0
126 141 0
127 141 0
9 142 0
15 142 0
16 142 0
17 142 0
18 142 0
19 142 0
28 142 0
95 142 0
101 142 0
102 142 0
103 142 0
104 142 0
111 142 0
113 142 0
114 142 0
115 142 0
116 142 0
117 142 0
118 142 0
119 142 0
120 142 0
126 142 0
127 142 0
15 143 0
18 143 0
21 143 0
23 143 0
27 143 0
28 143 0
32 143 0
95 143 0
100 143 0
101 143 0
102 143 0
104 143 0
105 143 0
114 143 0
115 143 0
116 143 0
117 143 0
118 143 0
122 143 0
126 143 0
127 143 0
128 143 0
134 143 0
136 143 0
14 144 0
15 144 0
16 144 0
17 144 0
18 144 0
19 144 0
22 144 0
27 144 0
32 144 0
103 144 0
104 144 0
105 144 0
110 144 0
115 144 0
116 144 0
117 144 0
118 144 0
119 144 0
120 144 0
134 144 0
14 145 0
15 145 0
16 145 0
19 145 0
20 145 0
22 145 0
23 145 0
24 145 0
25 145 0
30 145 0
31 145 0
110 145 0
113 145 0
115 145 0
116 145 0
117 145 0
118 145 0
127 145 0
131 145 0
132 145 0
133 145 0
163 145 0
2 146 0
3 146 0
4 146 0
14 146 0
15 146 0
16 146 0
17 146 0
18 146 0
19 146 0
20 146 0
21 146 0
22 146 0
23 146 0
24 146 0
25 146 0
26 146 0
30 146 0
31 146 0
109 146 0
110 146 0
112 146 0
113 146 0
114 146 0
115 146 0
116 146 0
117 146 0
118 146 0
119 146 0
129 146 0
130 146 0
132 146 0
133 146 0
140 146 0
145 146 0
4 147 0
5 147 0
6 147 0
7 147 0
13 147 0
14 147 0
15 147 0
16 147 0
17 147 0
18 147 0
19 147 0
20 147 0
21 147 0
25 147 0
110 147 0
112 147 0
113 147 0
114 147 0
115 147 0
116 147 0
117 147 0
118 147 0
119 147 0
129 147 0
130 147 0
132 147 0
133 147 0
134 147 0
136 147 0
137 147 0
145 147 0
146 147 0
184 147 0
2 148 0
3 148 0
4 148 0
5 148 0
6 148 0
7 148 0
8 148 0
9 148 0
13 148 0
14 148 0
17 148 0
18 148 0
19 148 0
20 148 0
21 148 0
22 148 0
23 148 0
24 148 0
44 148 0
54 148 0
115 148 0
116 148 0
117 148 0
122 148 0
123 148 0
124 148 0
128 148 0
129 148 0
130 148 0
132 148 0
133 148 0
134 148 0
135 148 0
136 148 0
137 148 0
138 148 0
145 148 0
146 148 0
147 148 0
2 149 0
3 149 0
4 149 0
5 149 0
6 149 0
7 149 0
8 149 0
9 149 0
10 149 0
12 149 0
13 149 0
14 149 0
15 149 0
16 149 0
17 149 0
18 149 0
19 149 0
20 149 0
22 149 0
23 149 0
24 149 0
54 149 0
132 149 0
133 149 0
135 149 0
136 149 0
137 149 0
140 149 0
142 149 0
145 149 0
146 149 0
166 149 0
2 150 0
3 150 0
4 150 0
5 150 0
6 150 0
7 150 0
8 150 0
9 150 0
10 150 0
12 150 0
13 150 0
15 150 0
16 150 0
17 150 0
18 150 0
22 150 0
62 150 0
115 150 0
138 150 0
139 150 0
141 150 0
145 150 0
146 150 0
147 150 0
177 150 0
179 150 0
2 151 0
3 151 0
4 151 0
5 151 0
6 151 0
7 151 0
8 151 0
9 151 0
10 151 0
11 151 0
12 151 0
13 151 0
14 151 0
15 151 0
16 151 0
17 151 0
18 151 0
21 151 0
22 151 0
24 151 0
27 151 0
73 151 0
74 151 0
114 151 0
115 151 0
139 151 0
140 151 0
141 151 0
147 151 0
148 151 0
149 151 0
3 152 0
4 152 0
6 152 0
7 152 0
8 152 0
11 152 0
12 152 0
13 152 0
14 152 0
15 152 0
16 152 0
17 152 0
18 152 0
19 152 0
20 152 0
21 152 0
95 152 0
96 152 0
97 152 0
101 152 0
104 152 0
105 152 0
107 152 0
111 152 0
112 152 0
113 152 0
114 152 0
142 152 0
143 152 0
144 152 0
149 152 0
150 152 0
176 152 0
179 152 0
187 152 0
6 153 0
7 153 0
8 153 0
9 153 0
10 153 0
11 153 0
12 153 0
13 153 0
14 153 0
15 153 0
17 153 0
18 153 0
19 153 0
20 153 0
21 153 0
22 153 0
23 153 0
110 153 0
111 153 0
112 153 0
139 153 0
148 153 0
152 153 0
153 153 0
5 154 0
6 154 0
7 154 0
8 154 0
9 154 0
10 154 0
11 154 0
12 154 0
13 154 0
14 154 0
15 154 0
17 154 0
18 154 0
19 154 0
20 154 0
21 154 0
23 154 0
24 154 0
25 154 0
120 154 0
121 154 0
124 154 0
139 154 0
147 154 0
148 154 0
154 154 0
156 154 0
4 155 0
5 155 0
6 155 0
7 155 0
8 155 0
9 155 0
10 155 0
11 155 0
12 155 0
13 155 0
14 155 0
15 155 0
16 155 0
17 155 0
18 155 0
19 155 0
20 155 0
21 155 0
22 155 0
25 155 0
26 155 0
123 155 0
124 155 0
139 155 0
156 155 0
158 155 0
3 156 0
4 156 0
6 156 0
7 156 0
8 156 0
9 156 0
10 156 0
11 156 0
13 156 0
14 156 0
15 156 0
16 156 0
18 156 0
19 156 0
20 156 0
21 156 0
22 156 0
24 156 0
38 156 0
124 156 0
139 156 0
154 156 0
162 156 0
3 157 0
4 157 0
6 157 0
7 157 0
9 157 0
10 157 0
11 157 0
12 157 0
13 157 0
14 157 0
15 157 0
16 157 0
17 157 0
18 157 0
20 157 0
21 157 0
23 157 0
24 157 0
27 157 0
128 157 0
139 157 0
162 157 0
163 157 0
164 157 0
3 158 0
4 158 0
5 158 0
7 158 0
8 158 0
9 158 0
10 158 0
11 158 0
12 158 0
13 158 0
14 158 0
15 158 0
16 158 0
17 158 0
18 158 0
19 158 0
20 158 0
21 158 0
128 158 0
157 158 0
159 158 0
160 158 0
6 159 0
7 159 0
9 159 0
10 159 0
11 159 0
12 159 0
14 159 0
15 159 0
19 159 0
20 159 0
21 159 0
22 159 0
61 159 0
116 159 0
161 159 0
168 159 0
169 159 0
173 159 0
3 160 0
6 160 0
7 160 0
8 160 0
9 160 0
10 160 0
11 160 0
12 160 0
13 160 0
15 160 0
16 160 0
19 160 0
20 160 0
21 160 0
22 160 0
28 160 0
29 160 0
119 160 0
137 160 0
139 160 0
5 161 0
6 161 0
7 161 0
8 161 0
9 161 0
10 161 0
11 161 0
12 161 0
13 161 0
14 161 0
15 161 0
16 161 0
19 161 0
20 161 0
21 161 0
22 161 0
23 161 0
122 161 0
138 161 0
139 161 0
165 161 0
166 161 0
174 161 0
3 162 0
4 162 0
5 162 0
6 162 0
7 162 0
8 162 0
9 162 0
11 162 0
12 162 0
13 162 0
14 162 0
16 162 0
19 162 0
20 162 0
21 162 0
25 162 0
26 162 0
137 162 0
139 162 0
140 162 0
167 162 0
169 162 0
174 162 0
177 162 0
178 162 0
3 163 0
4 163 0
6 163 0
7 163 0
8 163 0
9 163 0
10 163 0
11 163 0
12 163 0
13 163 0
19 163 0
20 163 0
21 163 0
140 163 0
142 163 0
169 163 0
173 163 0
174 163 0
180 163 0
3 164 0
4 164 0
5 164 0
6 164 0
7 164 0
8 164 0
9 164 0
10 164 0
11 164 0
13 164 0
14 164 0
15 164 0
20 164 0
173 164 0
183 164 0
195 164 0
5 165 0
6 165 0
8 165 0
9 165 0
10 165 0
13 165 0
14 165 0
15 165 0
16 165 0
17 165 0
18 165 0
22 165 0
26 165 0
185 165 0
195 165 0
2 166 0
5 166 0
6 166 0
7 166 0
8 166 0
9 166 0
10 166 0
11 166 0
12 166 0
13 166 0
15 166 0
16 166 0
17 166 0
18 166 0
19 166 0
20 166 0
21 166 0
22 166 0
134 166 0
135 166 0
179 166 0
180 166 0
6 167 0
7 167 0
8 167 0
9 167 0
10 167 0
11 167 0
12 167 0
13 167 0
14 167 0
15 167 0
16 167 0
19 167 0
20 167 0
21 167 0
22 167 0
24 167 0
25 167 0
193 167 0
194 167 0
6 168 0
7 168 0
8 168 0
9 168 0
10 168 0
11 168 0
14 168 0
15 168 0
17 168 0
18 168 0
19 168 0
20 168 0
21 168 0
22 168 0
145 168 0
193 168 0
194 168 0
6 169 0
8 169 0
9 169 0
10 169 0
11 169 0
12 169 0
14 169 0
15 169 0
16 169 0
18 169 0
19 169 0
20 169 0
21 169 0
22 169 0
145 169 0
189 169 0
193 169 0
6 170 0
7 170 0
8 170 0
9 170 0
10 170 0
12 170 0
13 170 0
14 170 0
15 170 0
16 170 0
17 170 0
19 170 0
20 170 0
21 170 0
22 170 0
23 170 0
25 170 0
189 170 0
190 170 0
192 170 0
193 170 0
5 171 0
6 171 0
7 171 0
8 171 0
9 171 0
11 171 0
12 171 0
13 171 0
14 171 0
15 171 0
16 171 0
17 171 0
18 171 0
22 171 0
25 171 0
193 171 0
5 172 0
6 172 0
7 172 0
8 172 0
10 172 0
11 172 0
12 172 0
13 172 0
15 172 0
16 172 0
17 172 0
18 172 0
19 172 0
21 172 0
22 172 0
25 172 0
5 173 0
6 173 0
7 173 0
8 173 0
9 173 0
12 173 0
13 173 0
15 173 0
16 173 0
18 173 0
24 173 0
7 174 0
8 174 0
9 174 0
10 174 0
11 174 0
12 174 0
13 174 0
14 174 0
15 174 0
16 174 0
17 174 0
18 174 0
24 174 0
5 175 0
6 175 0
7 175 0
10 175 0
11 175 0
12 175 0
13 175 0
14 175 0
15 175 0
16 175 0
17 175 0
18 175 0
19 175 0
20 175 0
21 175 0
168 175 0
195 175 0
5 176 0
6 176 0
7 176 0
11 176 0
12 176 0
13 176 0
14 176 0
15 176 0
16 176 0
17 176 0
18 176 0
19 176 0
20 176 0
21 176 0
22 176 0
24 176 0
2 177 0
3 177 0
7 177 0
10 177 0
11 177 0
12 177 0
14 177 0
15 177 0
16 177 0
17 177 0
18 177 0
20 177 0
21 177 0
22 177 0
25 177 0
26 177 0
5 178 0
11 178 0
15 178 0
19 178 0
189 83 1
186 85 1
186 86 1
185 89 1
188 89 1
184 90 1
185 90 1
186 90 1
187 90 1
188 90 1
189 90 1
183 91 1
184 91 1
185 91 1
186 91 1
187 91 1
188 91 1
189 91 1
183 92 1
184 92 1
185 92 1
186 92 1
187 92 1
188 92 1
189 92 1
184 93 1
185 93 1
186 93 1
187 93 1
188 93 1
189 93 1
184 94 1
185 94 1
186 94 1
187 94 1
188 94 1
189 94 1
182 95 1
185 95 1
186 95 1
187 95 1
188 95 1
189 95 1
186 96 1
188 96 1
189 96 1
185 100 1
