7 1 0
123 1 0
124 1 0
2 2 0
4 2 0
122 2 0
2 3 0
3 3 0
122 4 0
150 6 0
171 6 0
130 11 0
5 12 0
6 12 0
7 12 0
8 12 0
9 12 0
126 12 0
10 13 0
110 13 0
122 13 0
2 14 0
54 14 0
128 14 0
1 15 0
2 15 0
5 15 0
1 16 0
2 16 0
3 16 0
4 16 0
5 16 0
6 16 0
130 16 0
3 17 0
4 17 0
80 17 0
132 17 0
142 17 0
110 18 0
124 18 0
161 19 0
142 20 0
107 22 0
40 23 0
110 23 0
122 23 0
112 24 0
131 24 0
98 25 0
109 25 0
120 25 0
171 26 0
113 27 0
130 27 0
117 28 0
118 28 0
128 28 0
130 28 0
112 29 0
118 29 0
128 29 0
130 29 0
95 31 0
108 31 0
110 31 0
126 31 0
142 31 0
62 32 0
95 32 0
102 32 0
128 32 0
141 32 0
172 32 0
128 33 0
134 33 0
170 33 0
60 34 0
132 34 0
142 34 0
152 34 0
156 34 0
133 35 0
106 36 0
108 36 0
84 37 0
111 37 0
118 37 0
126 37 0
136 37 0
9 38 0
10 38 0
103 38 0
111 38 0
118 38 0
120 38 0
10 39 0
138 39 0
170 39 0
9 40 0
10 40 0
15 40 0
76 40 0
84 40 0
114 40 0
116 40 0
124 40 0
134 40 0
97 41 0
10 42 0
13 42 0
114 42 0
13 43 0
114 43 0
116 43 0
14 44 0
90 44 0
112 44 0
118 44 0
126 44 0
131 44 0
11 45 0
90 45 0
105 45 0
107 45 0
112 45 0
134 45 0
90 46 0
100 46 0
103 46 0
123 46 0
126 46 0
162 46 0
86 47 0
106 47 0
119 47 0
126 47 0
46 48 0
106 48 0
112 48 0
116 48 0
96 49 0
98 49 0
106 49 0
122 49 0
134 49 0
14 50 0
94 50 0
121 50 0
128 50 0
143 50 0
88 51 0
98 51 0
110 51 0
116 51 0
122 51 0
127 51 0
158 51 0
107 52 0
114 53 0
120 53 0
126 53 0
77 54 0
110 54 0
120 54 0
139 54 0
88 55 0
94 55 0
100 55 0
113 55 0
117 55 0
98 57 0
72 58 0
110 58 0
142 58 0
83 59 0
100 59 0
118 59 0
124 59 0
125 59 0
143 59 0
84 60 0
92 60 0
101 60 0
118 60 0
104 61 0
118 61 0
16 62 0
135 62 0
3 63 0
116 63 0
120 63 0
2 64 0
89 64 0
105 64 0
120 64 0
130 64 0
134 64 0
152 64 0
162 64 0
164 64 0
90 65 0
140 65 0
96 66 0
116 66 0
124 66 0
139 66 0
108 67 0
133 67 0
134 67 0
90 68 0
134 68 0
140 68 0
79 69 0
114 69 0
128 69 0
96 70 0
108 70 0
114 70 0
140 70 0
145 70 0
100 71 0
104 71 0
112 71 0
138 71 0
108 72 0
2 73 0
94 73 0
100 73 0
106 73 0
109 73 0
80 74 0
86 74 0
177 74 0
178 74 0
6 75 0
1 76 0
17 76 0
18 76 0
19 76 0
94 76 0
4 77 0
8 77 0
15 77 0
16 77 0
17 77 0
28 77 0
2 78 0
4 78 0
6 78 0
7 78 0
9 78 0
10 78 0
16 78 0
17 78 0
2 79 0
3 79 0
7 79 0
18 79 0
177 79 0
178 79 0
2 80 0
6 80 0
176 80 0
177 80 0
6 81 0
10 81 0
143 81 0
144 81 0
148 81 0
150 81 0
174 81 0
176 81 0
177 81 0
94 82 0
143 82 0
144 82 0
145 82 0
147 82 0
176 82 0
177 82 0
144 83 0
151 83 0
1 84 0
142 84 0
154 85 0
118 87 0
128 87 0
129 87 0
186 87 0
187 87 0
18 88 0
104 88 0
112 88 0
120 88 0
3 89 0
11 89 0
13 89 0
14 89 0
99 89 0
104 89 0
152 89 0
153 89 0
154 89 0
155 89 0
156 89 0
157 89 0
185 89 0
187 89 0
4 90 0
6 90 0
152 90 0
2 91 0
3 91 0
4 91 0
7 91 0
154 91 0
152 92 0
1 93 0
2 93 0
18 93 0
158 93 0
2 94 0
14 94 0
136 94 0
156 94 0
1 95 0
3 95 0
8 95 0
9 95 0
10 95 0
14 95 0
135 95 0
136 95 0
142 95 0
148 95 0
6 96 0
8 96 0
10 96 0
140 96 0
163 96 0
164 96 0
123 97 0
139 97 0
1 98 0
6 98 0
12 98 0
4 99 0
122 99 0
131 99 0
132 99 0
148 99 0
155 99 0
12 100 0
134 100 0
140 101 0
189 110 0
173 111 0
174 111 0
176 111 0
178 111 0
180 111 0
187 111 0
159 112 0
160 112 0
161 112 0
162 112 0
171 112 0
173 112 0
174 112 0
176 112 0
177 112 0
183 112 0
189 112 0
149 113 0
150 113 0
151 113 0
160 113 0
164 113 0
170 113 0
178 113 0
183 113 0
188 113 0
148 114 0
149 114 0
150 114 0
152 114 0
155 114 0
160 114 0
168 114 0
170 114 0
182 114 0
186 114 0
187 114 0
149 115 0
152 115 0
158 115 0
164 115 0
165 115 0
166 115 0
168 115 0
177 115 0
184 115 0
185 115 0
148 116 0
152 116 0
162 116 0
166 116 0
168 116 0
178 116 0
180 116 0
148 117 0
152 117 0
157 117 0
148 118 0
149 118 0
150 118 0
154 118 0
148 119 0
149 119 0
151 119 0
155 119 0
160 119 0
161 119 0
162 119 0
167 119 0
168 119 0
180 119 0
147 120 0
148 120 0
157 120 0
160 120 0
161 120 0
163 120 0
165 120 0
172 120 0
176 120 0
178 120 0
151 121 0
154 121 0
176 121 0
148 122 0
150 122 0
151 122 0
147 123 0
148 123 0
149 123 0
150 123 0
154 123 0
165 123 0
166 123 0
172 123 0
174 123 0
149 124 0
151 124 0
156 124 0
157 124 0
160 124 0
172 124 0
147 125 0
148 125 0
150 125 0
152 125 0
161 125 0
163 125 0
164 125 0
166 125 0
147 126 0
148 126 0
153 126 0
156 126 0
160 126 0
166 126 0
147 127 0
148 127 0
149 127 0
151 127 0
154 127 0
156 127 0
158 127 0
162 127 0
163 127 0
164 127 0
168 127 0
148 128 0
149 128 0
150 128 0
152 128 0
154 128 0
156 128 0
165 128 0
168 128 0
150 129 0
152 129 0
153 129 0
164 129 0
167 129 0
148 130 0
157 130 0
162 130 0
164 130 0
146 131 0
147 131 0
162 131 0
166 131 0
146 132 0
147 132 0
149 132 0
153 132 0
160 132 0
168 132 0
146 133 0
147 133 0
156 133 0
162 133 0
163 133 0
164 133 0
166 133 0
176 133 0
146 134 0
148 134 0
150 134 0
164 134 0
168 134 0
176 134 0
146 135 0
149 135 0
151 135 0
153 135 0
154 135 0
160 135 0
162 135 0
164 135 0
165 135 0
166 135 0
170 135 0
171 135 0
172 135 0
174 135 0
146 136 0
148 136 0
149 136 0
151 136 0
152 136 0
160 136 0
162 136 0
163 136 0
173 136 0
146 137 0
148 137 0
152 137 0
156 137 0
158 137 0
164 137 0
166 137 0
171 137 0
175 137 0
178 137 0
182 137 0
146 138 0
148 138 0
149 138 0
152 138 0
154 138 0
157 138 0
160 138 0
165 138 0
166 138 0
174 138 0
175 138 0
178 138 0
181 138 0
146 139 0
149 139 0
163 139 0
168 139 0
172 139 0
175 139 0
176 139 0
178 139 0
145 140 0
146 140 0
148 140 0
150 140 0
154 140 0
166 140 0
168 140 0
169 140 0
173 140 0
176 140 0
178 140 0
179 140 0
146 141 0
147 141 0
153 141 0
169 141 0
170 141 0
176 141 0
146 142 0
148 142 0
149 142 0
150 142 0
162 142 0
163 142 0
176 142 0
177 142 0
179 142 0
181 142 0
182 142 0
184 142 0
186 142 0
145 143 0
146 143 0
147 143 0
159 143 0
162 143 0
166 143 0
172 143 0
175 143 0
176 143 0
178 143 0
188 143 0
145 144 0
148 144 0
151 144 0
156 144 0
158 144 0
174 144 0
176 144 0
178 144 0
181 144 0
186 144 0
145 145 0
146 145 0
160 145 0
164 145 0
166 145 0
168 145 0
169 145 0
170 145 0
173 145 0
174 145 0
183 145 0
184 145 0
187 145 0
144 146 0
145 146 0
148 146 0
152 146 0
154 146 0
162 146 0
163 146 0
164 146 0
168 146 0
170 146 0
178 146 0
180 146 0
181 146 0
186 146 0
188 146 0
145 147 0
146 147 0
149 147 0
151 147 0
158 147 0
160 147 0
162 147 0
163 147 0
164 147 0
168 147 0
178 147 0
179 147 0
181 147 0
182 147 0
186 147 0
189 147 0
144 148 0
145 148 0
146 148 0
152 148 0
168 148 0
176 148 0
178 148 0
181 148 0
184 148 0
185 148 0
144 149 0
145 149 0
146 149 0
148 149 0
160 149 0
162 149 0
163 149 0
166 149 0
168 149 0
171 149 0
175 149 0
176 149 0
179 149 0
181 149 0
146 150 0
148 150 0
166 150 0
170 150 0
171 150 0
172 150 0
178 150 0
182 150 0
183 150 0
186 150 0
189 150 0
17 151 0
144 151 0
145 151 0
156 151 0
161 151 0
163 151 0
181 151 0
183 151 0
184 151 0
185 151 0
186 151 0
144 152 0
145 152 0
148 152 0
150 152 0
152 152 0
157 152 0
160 152 0
161 152 0
162 152 0
168 152 0
172 152 0
180 152 0
144 153 0
145 153 0
146 153 0
147 153 0
156 153 0
159 153 0
163 153 0
164 153 0
170 153 0
175 153 0
181 153 0
182 153 0
145 154 0
148 154 0
150 154 0
152 154 0
161 154 0
162 154 0
168 154 0
173 154 0
174 154 0
186 154 0
187 154 0
144 155 0
145 155 0
148 155 0
161 155 0
162 155 0
163 155 0
168 155 0
172 155 0
173 155 0
181 155 0
184 155 0
187 155 0
144 156 0
162 156 0
164 156 0
166 156 0
168 156 0
170 156 0
171 156 0
173 156 0
174 156 0
176 156 0
177 156 0
180 156 0
184 156 0
187 156 0
189 156 0
144 157 0
146 157 0
149 157 0
156 157 0
158 157 0
160 157 0
166 157 0
168 157 0
173 157 0
174 157 0
179 157 0
181 157 0
184 157 0
185 157 0
188 157 0
144 158 0
145 158 0
150 158 0
156 158 0
159 158 0
160 158 0
164 158 0
166 158 0
176 158 0
181 158 0
183 158 0
143 159 0
144 159 0
145 159 0
146 159 0
149 159 0
151 159 0
152 159 0
154 159 0
155 159 0
160 159 0
164 159 0
165 159 0
167 159 0
168 159 0
172 159 0
176 159 0
181 159 0
184 159 0
187 159 0
143 160 0
144 160 0
147 160 0
148 160 0
150 160 0
151 160 0
152 160 0
161 160 0
165 160 0
176 160 0
180 160 0
181 160 0
185 160 0
143 161 0
144 161 0
148 161 0
150 161 0
151 161 0
155 161 0
163 161 0
166 161 0
168 161 0
180 161 0
184 161 0
185 161 0
186 161 0
188 161 0
144 162 0
146 162 0
155 162 0
157 162 0
162 162 0
164 162 0
170 162 0
178 162 0
180 162 0
181 162 0
183 162 0
186 162 0
188 162 0
189 162 0
158 163 0
161 163 0
162 163 0
163 163 0
173 163 0
186 163 0
188 163 0
143 164 0
144 164 0
150 164 0
152 164 0
156 164 0
160 164 0
165 164 0
180 164 0
143 165 0
146 165 0
148 165 0
152 165 0
154 165 0
158 165 0
160 165 0
164 165 0
166 165 0
168 165 0
172 165 0
173 165 0
179 165 0
180 165 0
181 165 0
182 165 0
184 165 0
187 165 0
189 165 0
143 166 0
150 166 0
152 166 0
156 166 0
160 166 0
166 166 0
172 166 0
180 166 0
188 166 0
6 167 0
9 167 0
142 167 0
143 167 0
148 167 0
154 167 0
156 167 0
161 167 0
170 167 0
180 167 0
181 167 0
182 167 0
184 167 0
8 168 0
145 168 0
148 168 0
150 168 0
152 168 0
156 168 0
158 168 0
160 168 0
162 168 0
165 168 0
166 168 0
170 168 0
172 168 0
178 168 0
182 168 0
188 168 0
143 169 0
147 169 0
149 169 0
152 169 0
154 169 0
158 169 0
160 169 0
163 169 0
164 169 0
168 169 0
170 169 0
178 169 0
180 169 0
185 169 0
143 170 0
148 170 0
149 170 0
152 170 0
160 170 0
161 170 0
179 170 0
180 170 0
188 170 0
142 171 0
158 171 0
160 171 0
161 171 0
166 171 0
177 171 0
179 171 0
185 171 0
142 172 0
144 172 0
145 172 0
151 172 0
156 172 0
158 172 0
160 172 0
161 172 0
162 172 0
170 172 0
183 172 0
6 173 0
8 173 0
10 173 0
142 173 0
143 173 0
146 173 0
148 173 0
149 173 0
151 173 0
152 173 0
153 173 0
180 173 0
183 173 0
184 173 0
2 174 0
4 174 0
8 174 0
10 174 0
12 174 0
142 174 0
147 174 0
156 174 0
160 174 0
2 175 0
94 175 0
95 175 0
142 175 0
147 175 0
148 175 0
149 175 0
154 175 0
166 175 0
100 176 0
142 176 0
150 176 0
151 176 0
153 176 0
154 176 0
96 177 0
102 177 0
141 177 0
142 177 0
143 177 0
144 177 0
147 177 0
165 177 0
180 177 0
