141 1 0
6 2 0
8 2 0
10 2 0
125 2 0
141 2 0
8 3 0
10 3 0
12 3 0
133 3 0
140 3 0
8 4 0
9 4 0
133 4 0
148 5 0
124 6 0
126 6 0
169 6 0
124 7 0
129 7 0
130 7 0
142 7 0
149 7 0
129 8 0
131 8 0
148 8 0
162 8 0
163 8 0
127 9 0
133 9 0
148 9 0
122 10 0
134 10 0
163 10 0
15 11 0
127 11 0
140 11 0
9 12 0
10 12 0
11 12 0
13 12 0
15 12 0
126 12 0
128 12 0
134 13 0
136 13 0
166 13 0
182 13 0
8 14 0
9 14 0
12 14 0
127 14 0
132 14 0
4 15 0
5 15 0
8 15 0
9 15 0
10 15 0
11 15 0
12 15 0
5 16 0
6 16 0
7 16 0
8 16 0
10 16 0
11 16 0
12 16 0
123 16 0
130 16 0
131 16 0
155 16 0
156 16 0
7 17 0
16 17 0
96 17 0
129 17 0
130 17 0
122 18 0
123 18 0
182 18 0
115 19 0
117 19 0
123 19 0
111 20 0
118 20 0
128 20 0
129 20 0
143 20 0
87 21 0
89 21 0
96 21 0
105 21 0
113 21 0
123 21 0
128 21 0
136 21 0
142 21 0
143 21 0
107 22 0
109 22 0
118 22 0
122 22 0
123 22 0
125 22 0
142 22 0
166 22 0
106 23 0
107 23 0
109 23 0
111 23 0
122 23 0
132 23 0
142 23 0
156 23 0
17 24 0
115 24 0
116 24 0
123 24 0
131 24 0
134 24 0
142 24 0
155 24 0
10 25 0
99 25 0
109 25 0
115 25 0
120 25 0
121 25 0
122 25 0
123 25 0
128 25 0
130 25 0
86 26 0
93 26 0
110 26 0
112 26 0
113 26 0
116 26 0
117 26 0
118 26 0
122 26 0
128 26 0
102 27 0
117 27 0
122 27 0
125 27 0
134 27 0
135 27 0
143 27 0
111 28 0
117 28 0
118 28 0
123 28 0
126 28 0
131 28 0
93 29 0
102 29 0
110 29 0
111 29 0
112 29 0
113 29 0
118 29 0
121 29 0
130 29 0
142 29 0
164 29 0
116 30 0
121 30 0
126 30 0
128 30 0
129 30 0
131 30 0
134 30 0
135 30 0
81 31 0
82 31 0
88 31 0
105 31 0
111 31 0
123 31 0
126 31 0
85 32 0
88 32 0
95 32 0
101 32 0
103 32 0
104 32 0
114 32 0
116 32 0
129 32 0
133 32 0
142 32 0
143 32 0
82 33 0
101 33 0
112 33 0
115 33 0
116 33 0
120 33 0
121 33 0
126 33 0
128 33 0
129 33 0
131 33 0
135 33 0
143 33 0
144 33 0
162 33 0
172 33 0
87 34 0
89 34 0
113 34 0
116 34 0
121 34 0
125 34 0
128 34 0
133 34 0
135 34 0
136 34 0
141 34 0
143 34 0
35 35 0
39 35 0
86 35 0
87 35 0
95 35 0
97 35 0
105 35 0
110 35 0
118 35 0
119 35 0
123 35 0
125 35 0
130 35 0
133 35 0
143 35 0
180 35 0
40 36 0
89 36 0
100 36 0
105 36 0
107 36 0
118 36 0
121 36 0
123 36 0
125 36 0
133 36 0
136 36 0
92 37 0
93 37 0
105 37 0
106 37 0
112 37 0
114 37 0
116 37 0
118 37 0
120 37 0
121 37 0
124 37 0
125 37 0
126 37 0
144 37 0
180 37 0
18 38 0
20 38 0
78 38 0
95 38 0
96 38 0
101 38 0
103 38 0
120 38 0
121 38 0
133 38 0
13 39 0
18 39 0
89 39 0
93 39 0
107 39 0
114 39 0
126 39 0
13 40 0
22 40 0
97 40 0
102 40 0
112 40 0
113 40 0
114 40 0
116 40 0
118 40 0
124 40 0
125 40 0
126 40 0
133 40 0
134 40 0
141 40 0
97 41 0
98 41 0
105 41 0
107 41 0
114 41 0
119 41 0
12 42 0
100 42 0
110 42 0
114 42 0
115 42 0
126 42 0
127 42 0
128 42 0
95 43 0
97 43 0
106 43 0
110 43 0
112 43 0
116 43 0
117 43 0
118 43 0
121 43 0
122 43 0
126 43 0
129 43 0
101 44 0
109 44 0
110 44 0
113 44 0
114 44 0
115 44 0
116 44 0
121 44 0
128 44 0
131 44 0
136 44 0
100 45 0
107 45 0
108 45 0
109 45 0
110 45 0
113 45 0
116 45 0
121 45 0
134 45 0
91 46 0
103 46 0
104 46 0
106 46 0
109 46 0
123 46 0
136 46 0
104 47 0
110 47 0
114 47 0
120 47 0
129 47 0
138 47 0
95 48 0
101 48 0
106 48 0
110 48 0
113 48 0
116 48 0
119 48 0
124 48 0
126 48 0
135 48 0
146 48 0
18 49 0
98 49 0
103 49 0
107 49 0
108 49 0
113 49 0
122 49 0
124 49 0
133 49 0
136 49 0
79 50 0
95 50 0
103 50 0
109 50 0
111 50 0
113 50 0
117 50 0
119 50 0
121 50 0
122 50 0
123 50 0
124 50 0
144 50 0
102 51 0
109 51 0
110 51 0
111 51 0
116 51 0
117 51 0
118 51 0
119 51 0
122 51 0
123 51 0
124 51 0
125 51 0
126 51 0
129 51 0
138 51 0
162 51 0
17 52 0
94 52 0
109 52 0
113 52 0
117 52 0
119 52 0
125 52 0
131 52 0
161 52 0
111 53 0
122 53 0
123 53 0
126 53 0
133 53 0
138 53 0
71 54 0
96 54 0
97 54 0
109 54 0
111 54 0
115 54 0
118 54 0
133 54 0
139 54 0
143 54 0
145 54 0
88 55 0
90 55 0
94 55 0
95 55 0
96 55 0
101 55 0
103 55 0
109 55 0
113 55 0
115 55 0
117 55 0
118 55 0
119 55 0
122 55 0
128 55 0
129 55 0
131 55 0
132 55 0
141 55 0
145 55 0
159 55 0
91 56 0
93 56 0
102 56 0
119 56 0
129 56 0
135 56 0
137 56 0
98 57 0
102 57 0
112 57 0
113 57 0
114 57 0
119 57 0
121 57 0
127 57 0
131 57 0
132 57 0
133 57 0
87 58 0
104 58 0
108 58 0
112 58 0
122 58 0
125 58 0
126 58 0
127 58 0
138 58 0
143 58 0
145 58 0
81 59 0
90 59 0
92 59 0
96 59 0
113 59 0
119 59 0
125 59 0
126 59 0
127 59 0
143 59 0
85 60 0
94 60 0
95 60 0
102 60 0
109 60 0
113 60 0
118 60 0
119 60 0
120 60 0
126 60 0
137 60 0
138 60 0
141 60 0
143 60 0
145 60 0
69 61 0
94 61 0
105 61 0
106 61 0
109 61 0
117 61 0
118 61 0
120 61 0
127 61 0
144 61 0
7 62 0
107 62 0
111 62 0
116 62 0
117 62 0
123 62 0
127 62 0
135 62 0
136 62 0
143 62 0
145 62 0
93 63 0
95 63 0
106 63 0
107 63 0
108 63 0
111 63 0
116 63 0
120 63 0
121 63 0
130 63 0
136 63 0
144 63 0
166 63 0
88 64 0
92 64 0
105 64 0
107 64 0
115 64 0
116 64 0
130 64 0
134 64 0
135 64 0
136 64 0
138 64 0
161 64 0
162 64 0
163 64 0
164 64 0
93 65 0
99 65 0
101 65 0
105 65 0
111 65 0
112 65 0
117 65 0
118 65 0
123 65 0
125 65 0
130 65 0
136 65 0
145 65 0
95 66 0
101 66 0
103 66 0
107 66 0
109 66 0
111 66 0
116 66 0
117 66 0
118 66 0
124 66 0
126 66 0
127 66 0
129 66 0
140 66 0
145 66 0
92 67 0
105 67 0
119 67 0
127 67 0
134 67 0
135 67 0
136 67 0
144 67 0
178 67 0
179 67 0
51 68 0
86 68 0
91 68 0
95 68 0
105 68 0
111 68 0
123 68 0
125 68 0
130 68 0
135 68 0
136 68 0
141 68 0
144 68 0
176 68 0
83 69 0
86 69 0
88 69 0
95 69 0
114 69 0
116 69 0
119 69 0
120 69 0
123 69 0
88 70 0
97 70 0
101 70 0
105 70 0
109 70 0
114 70 0
117 70 0
121 70 0
123 70 0
139 70 0
140 70 0
86 71 0
91 71 0
94 71 0
102 71 0
103 71 0
105 71 0
107 71 0
110 71 0
117 71 0
126 71 0
128 71 0
138 71 0
139 71 0
173 71 0
86 72 0
107 72 0
108 72 0
109 72 0
112 72 0
143 72 0
173 72 0
6 73 0
63 73 0
91 73 0
109 73 0
6 74 0
23 74 0
24 74 0
143 74 0
177 74 0
8 75 0
9 75 0
12 75 0
13 75 0
18 75 0
19 75 0
20 75 0
32 75 0
141 75 0
4 76 0
8 76 0
10 76 0
17 76 0
18 76 0
19 76 0
21 76 0
22 76 0
26 76 0
30 76 0
4 77 0
6 77 0
8 77 0
11 77 0
18 77 0
19 77 0
8 78 0
11 78 0
18 78 0
5 79 0
6 79 0
154 79 0
177 79 0
178 79 0
13 80 0
149 80 0
175 80 0
176 80 0
177 80 0
178 80 0
143 81 0
144 81 0
145 81 0
146 81 0
148 81 0
173 81 0
174 81 0
175 81 0
176 81 0
178 81 0
180 81 0
4 82 0
5 82 0
6 82 0
144 82 0
145 82 0
151 82 0
174 82 0
175 82 0
176 82 0
178 82 0
8 83 0
151 83 0
8 84 0
154 84 0
8 86 0
118 86 0
119 86 0
187 86 0
6 87 0
8 87 0
107 87 0
186 87 0
187 87 0
8 88 0
9 88 0
10 88 0
11 88 0
13 88 0
153 88 0
154 88 0
156 88 0
157 88 0
6 89 0
10 89 0
15 89 0
152 89 0
153 89 0
154 89 0
160 89 0
185 89 0
4 90 0
6 90 0
7 90 0
13 90 0
152 90 0
154 90 0
161 90 0
10 91 0
152 91 0
154 91 0
6 92 0
13 92 0
14 92 0
15 92 0
141 92 0
156 92 0
158 92 0
12 93 0
18 93 0
136 93 0
137 93 0
142 93 0
143 93 0
156 93 0
158 93 0
160 93 0
15 94 0
134 94 0
140 94 0
142 94 0
148 94 0
156 94 0
5 95 0
6 95 0
9 95 0
11 95 0
17 95 0
134 95 0
140 95 0
141 95 0
163 95 0
164 95 0
9 96 0
16 96 0
123 96 0
124 96 0
140 96 0
141 96 0
150 96 0
151 96 0
160 96 0
149 97 0
158 97 0
132 98 0
148 98 0
153 98 0
155 98 0
10 101 0
14 103 0
161 110 0
173 110 0
175 110 0
179 110 0
180 110 0
183 110 0
185 110 0
186 110 0
149 111 0
150 111 0
152 111 0
160 111 0
161 111 0
164 111 0
168 111 0
170 111 0
171 111 0
172 111 0
173 111 0
174 111 0
175 111 0
176 111 0
177 111 0
179 111 0
180 111 0
181 111 0
183 111 0
185 111 0
186 111 0
187 111 0
148 112 0
149 112 0
150 112 0
151 112 0
154 112 0
159 112 0
160 112 0
162 112 0
163 112 0
164 112 0
167 112 0
168 112 0
169 112 0
170 112 0
171 112 0
173 112 0
174 112 0
175 112 0
177 112 0
179 112 0
183 112 0
184 112 0
185 112 0
187 112 0
148 113 0
149 113 0
150 113 0
151 113 0
152 113 0
155 113 0
160 113 0
161 113 0
162 113 0
163 113 0
164 113 0
165 113 0
166 113 0
167 113 0
168 113 0
170 113 0
171 113 0
172 113 0
173 113 0
174 113 0
176 113 0
177 113 0
182 113 0
183 113 0
184 113 0
185 113 0
186 113 0
187 113 0
148 114 0
149 114 0
150 114 0
151 114 0
152 114 0
156 114 0
160 114 0
161 114 0
164 114 0
165 114 0
166 114 0
167 114 0
168 114 0
169 114 0
170 114 0
171 114 0
177 114 0
181 114 0
182 114 0
183 114 0
184 114 0
185 114 0
148 115 0
149 115 0
152 115 0
157 115 0
158 115 0
159 115 0
160 115 0
161 115 0
163 115 0
164 115 0
166 115 0
167 115 0
168 115 0
175 115 0
176 115 0
177 115 0
178 115 0
179 115 0
183 115 0
184 115 0
148 116 0
149 116 0
151 116 0
152 116 0
153 116 0
154 116 0
157 116 0
159 116 0
160 116 0
161 116 0
162 116 0
166 116 0
167 116 0
168 116 0
176 116 0
178 116 0
148 117 0
149 117 0
150 117 0
151 117 0
152 117 0
154 117 0
157 117 0
160 117 0
161 117 0
164 117 0
169 117 0
170 117 0
173 117 0
174 117 0
178 117 0
148 118 0
149 118 0
150 118 0
151 118 0
156 118 0
160 118 0
162 118 0
163 118 0
164 118 0
168 118 0
170 118 0
171 118 0
173 118 0
175 118 0
179 118 0
147 119 0
148 119 0
149 119 0
150 119 0
151 119 0
152 119 0
153 119 0
155 119 0
156 119 0
157 119 0
160 119 0
161 119 0
162 119 0
163 119 0
164 119 0
165 119 0
167 119 0
173 119 0
175 119 0
177 119 0
178 119 0
147 120 0
148 120 0
149 120 0
152 120 0
163 120 0
165 120 0
167 120 0
168 120 0
171 120 0
172 120 0
175 120 0
176 120 0
147 121 0
148 121 0
149 121 0
151 121 0
152 121 0
153 121 0
154 121 0
156 121 0
164 121 0
166 121 0
167 121 0
168 121 0
146 122 0
147 122 0
148 122 0
149 122 0
150 122 0
151 122 0
155 122 0
156 122 0
163 122 0
164 122 0
165 122 0
167 122 0
174 122 0
147 123 0
148 123 0
149 123 0
151 123 0
152 123 0
153 123 0
154 123 0
155 123 0
156 123 0
158 123 0
162 123 0
164 123 0
165 123 0
172 123 0
147 124 0
148 124 0
149 124 0
150 124 0
151 124 0
152 124 0
153 124 0
154 124 0
156 124 0
157 124 0
159 124 0
160 124 0
161 124 0
163 124 0
164 124 0
165 124 0
169 124 0
170 124 0
171 124 0
172 124 0
146 125 0
147 125 0
148 125 0
149 125 0
150 125 0
152 125 0
153 125 0
154 125 0
156 125 0
162 125 0
163 125 0
169 125 0
170 125 0
147 126 0
148 126 0
149 126 0
150 126 0
151 126 0
152 126 0
153 126 0
154 126 0
156 126 0
157 126 0
160 126 0
162 126 0
163 126 0
164 126 0
166 126 0
168 126 0
169 126 0
148 127 0
149 127 0
150 127 0
151 127 0
152 127 0
155 127 0
156 127 0
158 127 0
161 127 0
163 127 0
164 127 0
167 127 0
168 127 0
146 128 0
147 128 0
149 128 0
150 128 0
152 128 0
154 128 0
155 128 0
157 128 0
158 128 0
161 128 0
165 128 0
167 128 0
146 129 0
147 129 0
148 129 0
152 129 0
153 129 0
160 129 0
162 129 0
166 129 0
167 129 0
3 130 0
10 130 0
146 130 0
147 130 0
148 130 0
153 130 0
156 130 0
158 130 0
161 130 0
162 130 0
163 130 0
164 130 0
165 130 0
146 131 0
149 131 0
155 131 0
156 131 0
157 131 0
158 131 0
161 131 0
162 131 0
163 131 0
164 131 0
165 131 0
167 131 0
146 132 0
147 132 0
148 132 0
149 132 0
150 132 0
155 132 0
156 132 0
159 132 0
161 132 0
162 132 0
163 132 0
164 132 0
165 132 0
166 132 0
167 132 0
168 132 0
173 132 0
146 133 0
147 133 0
148 133 0
149 133 0
150 133 0
151 133 0
152 133 0
155 133 0
160 133 0
161 133 0
162 133 0
163 133 0
164 133 0
168 133 0
171 133 0
172 133 0
175 133 0
176 133 0
146 134 0
147 134 0
148 134 0
151 134 0
153 134 0
156 134 0
157 134 0
160 134 0
161 134 0
162 134 0
163 134 0
164 134 0
165 134 0
166 134 0
170 134 0
171 134 0
172 134 0
173 134 0
174 134 0
176 134 0
145 135 0
146 135 0
148 135 0
149 135 0
151 135 0
155 135 0
156 135 0
157 135 0
160 135 0
161 135 0
162 135 0
163 135 0
164 135 0
165 135 0
166 135 0
167 135 0
170 135 0
171 135 0
172 135 0
173 135 0
174 135 0
175 135 0
176 135 0
177 135 0
179 135 0
180 135 0
145 136 0
146 136 0
148 136 0
149 136 0
151 136 0
152 136 0
153 136 0
155 136 0
160 136 0
161 136 0
164 136 0
165 136 0
166 136 0
167 136 0
168 136 0
171 136 0
173 136 0
174 136 0
175 136 0
176 136 0
178 136 0
179 136 0
12 137 0
145 137 0
146 137 0
147 137 0
148 137 0
149 137 0
150 137 0
152 137 0
154 137 0
158 137 0
159 137 0
160 137 0
163 137 0
164 137 0
165 137 0
166 137 0
167 137 0
168 137 0
171 137 0
172 137 0
176 137 0
177 137 0
178 137 0
179 137 0
181 137 0
182 137 0
145 138 0
146 138 0
148 138 0
149 138 0
150 138 0
152 138 0
153 138 0
154 138 0
155 138 0
158 138 0
163 138 0
164 138 0
165 138 0
166 138 0
167 138 0
168 138 0
169 138 0
172 138 0
173 138 0
174 138 0
175 138 0
176 138 0
178 138 0
145 139 0
146 139 0
148 139 0
149 139 0
150 139 0
151 139 0
152 139 0
153 139 0
154 139 0
158 139 0
159 139 0
163 139 0
164 139 0
165 139 0
166 139 0
168 139 0
169 139 0
170 139 0
173 139 0
174 139 0
175 139 0
176 139 0
177 139 0
178 139 0
179 139 0
181 139 0
145 140 0
146 140 0
147 140 0
150 140 0
152 140 0
153 140 0
155 140 0
157 140 0
158 140 0
159 140 0
161 140 0
163 140 0
164 140 0
168 140 0
169 140 0
172 140 0
173 140 0
174 140 0
175 140 0
176 140 0
178 140 0
179 140 0
183 140 0
184 140 0
185 140 0
4 141 0
145 141 0
146 141 0
147 141 0
150 141 0
153 141 0
155 141 0
156 141 0
157 141 0
158 141 0
162 141 0
163 141 0
166 141 0
167 141 0
168 141 0
169 141 0
172 141 0
174 141 0
175 141 0
176 141 0
179 141 0
181 141 0
182 141 0
183 141 0
184 141 0
185 141 0
4 142 0
144 142 0
145 142 0
146 142 0
147 142 0
149 142 0
150 142 0
151 142 0
156 142 0
157 142 0
158 142 0
159 142 0
162 142 0
163 142 0
164 142 0
166 142 0
167 142 0
169 142 0
172 142 0
175 142 0
176 142 0
177 142 0
179 142 0
181 142 0
182 142 0
184 142 0
185 142 0
144 143 0
145 143 0
146 143 0
147 143 0
150 143 0
151 143 0
157 143 0
158 143 0
161 143 0
162 143 0
163 143 0
166 143 0
169 143 0
172 143 0
173 143 0
176 143 0
177 143 0
178 143 0
179 143 0
180 143 0
181 143 0
182 143 0
185 143 0
145 144 0
148 144 0
149 144 0
151 144 0
152 144 0
158 144 0
159 144 0
161 144 0
162 144 0
163 144 0
164 144 0
165 144 0
166 144 0
169 144 0
173 144 0
174 144 0
176 144 0
177 144 0
178 144 0
179 144 0
180 144 0
181 144 0
182 144 0
184 144 0
144 145 0
145 145 0
146 145 0
147 145 0
153 145 0
157 145 0
158 145 0
161 145 0
162 145 0
163 145 0
164 145 0
166 145 0
167 145 0
168 145 0
169 145 0
170 145 0
173 145 0
174 145 0
175 145 0
177 145 0
178 145 0
179 145 0
180 145 0
182 145 0
184 145 0
185 145 0
186 145 0
187 145 0
144 146 0
145 146 0
147 146 0
149 146 0
150 146 0
151 146 0
155 146 0
156 146 0
157 146 0
158 146 0
161 146 0
162 146 0
163 146 0
164 146 0
165 146 0
167 146 0
168 146 0
169 146 0
170 146 0
175 146 0
177 146 0
178 146 0
179 146 0
180 146 0
181 146 0
185 146 0
186 146 0
187 146 0
188 146 0
144 147 0
145 147 0
146 147 0
150 147 0
151 147 0
155 147 0
157 147 0
161 147 0
163 147 0
165 147 0
166 147 0
167 147 0
168 147 0
169 147 0
170 147 0
171 147 0
175 147 0
176 147 0
177 147 0
178 147 0
179 147 0
180 147 0
183 147 0
184 147 0
185 147 0
144 148 0
145 148 0
148 148 0
149 148 0
151 148 0
152 148 0
156 148 0
159 148 0
160 148 0
162 148 0
163 148 0
165 148 0
166 148 0
167 148 0
168 148 0
170 148 0
171 148 0
173 148 0
174 148 0
175 148 0
177 148 0
178 148 0
179 148 0
182 148 0
183 148 0
184 148 0
185 148 0
144 149 0
145 149 0
146 149 0
149 149 0
151 149 0
155 149 0
160 149 0
161 149 0
162 149 0
163 149 0
166 149 0
167 149 0
168 149 0
170 149 0
171 149 0
172 149 0
173 149 0
174 149 0
177 149 0
178 149 0
179 149 0
143 150 0
144 150 0
145 150 0
146 150 0
147 150 0
148 150 0
149 150 0
156 150 0
157 150 0
159 150 0
160 150 0
161 150 0
162 150 0
163 150 0
166 150 0
168 150 0
171 150 0
172 150 0
179 150 0
182 150 0
183 150 0
184 150 0
185 150 0
144 151 0
145 151 0
148 151 0
149 151 0
150 151 0
151 151 0
156 151 0
159 151 0
160 151 0
161 151 0
162 151 0
168 151 0
169 151 0
171 151 0
174 151 0
175 151 0
179 151 0
180 151 0
184 151 0
185 151 0
143 152 0
144 152 0
146 152 0
147 152 0
148 152 0
155 152 0
159 152 0
160 152 0
161 152 0
162 152 0
163 152 0
164 152 0
165 152 0
167 152 0
168 152 0
171 152 0
172 152 0
174 152 0
179 152 0
180 152 0
181 152 0
182 152 0
184 152 0
185 152 0
186 152 0
144 153 0
148 153 0
157 153 0
159 153 0
160 153 0
161 153 0
162 153 0
163 153 0
164 153 0
167 153 0
168 153 0
169 153 0
171 153 0
172 153 0
173 153 0
174 153 0
176 153 0
179 153 0
182 153 0
183 153 0
184 153 0
185 153 0
186 153 0
187 153 0
143 154 0
144 154 0
145 154 0
146 154 0
147 154 0
148 154 0
149 154 0
150 154 0
151 154 0
152 154 0
159 154 0
160 154 0
161 154 0
162 154 0
163 154 0
164 154 0
165 154 0
167 154 0
168 154 0
171 154 0
172 154 0
174 154 0
179 154 0
180 154 0
182 154 0
183 154 0
185 154 0
186 154 0
143 155 0
144 155 0
145 155 0
146 155 0
147 155 0
148 155 0
149 155 0
150 155 0
151 155 0
153 155 0
157 155 0
159 155 0
161 155 0
162 155 0
163 155 0
164 155 0
165 155 0
166 155 0
167 155 0
168 155 0
171 155 0
173 155 0
174 155 0
179 155 0
180 155 0
182 155 0
183 155 0
184 155 0
186 155 0
187 155 0
142 156 0
143 156 0
144 156 0
145 156 0
147 156 0
149 156 0
150 156 0
151 156 0
153 156 0
154 156 0
156 156 0
157 156 0
158 156 0
160 156 0
162 156 0
163 156 0
164 156 0
167 156 0
168 156 0
170 156 0
171 156 0
173 156 0
174 156 0
178 156 0
179 156 0
180 156 0
181 156 0
183 156 0
184 156 0
143 157 0
144 157 0
145 157 0
151 157 0
152 157 0
154 157 0
155 157 0
156 157 0
157 157 0
159 157 0
160 157 0
162 157 0
163 157 0
164 157 0
166 157 0
167 157 0
174 157 0
175 157 0
176 157 0
177 157 0
178 157 0
179 157 0
183 157 0
184 157 0
185 157 0
12 158 0
142 158 0
143 158 0
144 158 0
145 158 0
146 158 0
149 158 0
150 158 0
152 158 0
154 158 0
155 158 0
156 158 0
157 158 0
158 158 0
161 158 0
162 158 0
163 158 0
164 158 0
167 158 0
168 158 0
171 158 0
175 158 0
178 158 0
180 158 0
183 158 0
186 158 0
187 158 0
142 159 0
143 159 0
144 159 0
147 159 0
148 159 0
149 159 0
150 159 0
151 159 0
152 159 0
153 159 0
158 159 0
159 159 0
160 159 0
165 159 0
166 159 0
167 159 0
168 159 0
174 159 0
177 159 0
178 159 0
179 159 0
180 159 0
181 159 0
182 159 0
183 159 0
184 159 0
185 159 0
186 159 0
142 160 0
143 160 0
144 160 0
145 160 0
147 160 0
149 160 0
150 160 0
151 160 0
158 160 0
162 160 0
163 160 0
164 160 0
165 160 0
166 160 0
170 160 0
174 160 0
175 160 0
176 160 0
179 160 0
180 160 0
184 160 0
185 160 0
187 160 0
143 161 0
144 161 0
145 161 0
146 161 0
147 161 0
148 161 0
149 161 0
151 161 0
152 161 0
153 161 0
154 161 0
155 161 0
156 161 0
157 161 0
159 161 0
161 161 0
162 161 0
166 161 0
170 161 0
172 161 0
176 161 0
177 161 0
178 161 0
179 161 0
180 161 0
185 161 0
186 161 0
187 161 0
143 162 0
145 162 0
147 162 0
148 162 0
155 162 0
156 162 0
158 162 0
161 162 0
162 162 0
164 162 0
170 162 0
171 162 0
172 162 0
173 162 0
177 162 0
178 162 0
179 162 0
180 162 0
185 162 0
187 162 0
12 163 0
142 163 0
143 163 0
147 163 0
151 163 0
152 163 0
155 163 0
157 163 0
160 163 0
161 163 0
162 163 0
163 163 0
165 163 0
169 163 0
170 163 0
173 163 0
175 163 0
178 163 0
179 163 0
180 163 0
181 163 0
183 163 0
184 163 0
185 163 0
186 163 0
142 164 0
143 164 0
146 164 0
147 164 0
148 164 0
150 164 0
151 164 0
154 164 0
156 164 0
157 164 0
158 164 0
159 164 0
160 164 0
161 164 0
162 164 0
163 164 0
164 164 0
165 164 0
166 164 0
168 164 0
169 164 0
171 164 0
172 164 0
173 164 0
178 164 0
179 164 0
180 164 0
181 164 0
186 164 0
187 164 0
142 165 0
143 165 0
146 165 0
148 165 0
150 165 0
151 165 0
153 165 0
158 165 0
159 165 0
160 165 0
161 165 0
164 165 0
165 165 0
166 165 0
169 165 0
171 165 0
173 165 0
175 165 0
176 165 0
179 165 0
182 165 0
183 165 0
184 165 0
186 165 0
187 165 0
141 166 0
142 166 0
144 166 0
145 166 0
148 166 0
149 166 0
150 166 0
151 166 0
152 166 0
153 166 0
154 166 0
155 166 0
156 166 0
159 166 0
160 166 0
161 166 0
164 166 0
166 166 0
168 166 0
174 166 0
176 166 0
177 166 0
178 166 0
179 166 0
180 166 0
181 166 0
4 167 0
9 167 0
142 167 0
143 167 0
144 167 0
145 167 0
146 167 0
147 167 0
148 167 0
150 167 0
154 167 0
155 167 0
156 167 0
158 167 0
159 167 0
160 167 0
161 167 0
166 167 0
168 167 0
169 167 0
172 167 0
176 167 0
177 167 0
182 167 0
183 167 0
184 167 0
5 168 0
6 168 0
9 168 0
12 168 0
15 168 0
19 168 0
141 168 0
142 168 0
143 168 0
144 168 0
145 168 0
146 168 0
147 168 0
149 168 0
150 168 0
152 168 0
154 168 0
157 168 0
158 168 0
159 168 0
160 168 0
163 168 0
165 168 0
166 168 0
168 168 0
173 168 0
177 168 0
178 168 0
180 168 0
186 168 0
6 169 0
12 169 0
13 169 0
142 169 0
143 169 0
144 169 0
145 169 0
146 169 0
147 169 0
148 169 0
149 169 0
150 169 0
152 169 0
153 169 0
158 169 0
159 169 0
161 169 0
165 169 0
167 169 0
168 169 0
169 169 0
170 169 0
178 169 0
179 169 0
103 170 0
141 170 0
142 170 0
145 170 0
147 170 0
149 170 0
150 170 0
155 170 0
158 170 0
159 170 0
160 170 0
161 170 0
163 170 0
164 170 0
169 170 0
172 170 0
177 170 0
178 170 0
179 170 0
5 171 0
141 171 0
142 171 0
143 171 0
145 171 0
147 171 0
149 171 0
150 171 0
154 171 0
155 171 0
158 171 0
159 171 0
160 171 0
161 171 0
164 171 0
165 171 0
166 171 0
169 171 0
170 171 0
179 171 0
181 171 0
182 171 0
184 171 0
185 171 0
21 172 0
100 172 0
141 172 0
142 172 0
143 172 0
144 172 0
145 172 0
147 172 0
148 172 0
149 172 0
150 172 0
151 172 0
152 172 0
153 172 0
154 172 0
159 172 0
160 172 0
163 172 0
165 172 0
168 172 0
177 172 0
180 172 0
182 172 0
183 172 0
95 173 0
140 173 0
141 173 0
143 173 0
144 173 0
145 173 0
147 173 0
148 173 0
149 173 0
152 173 0
156 173 0
157 173 0
160 173 0
163 173 0
164 173 0
179 173 0
180 173 0
181 173 0
183 173 0
4 174 0
5 174 0
95 174 0
147 174 0
148 174 0
149 174 0
159 174 0
165 174 0
166 174 0
172 174 0
173 174 0
177 174 0
181 174 0
182 174 0
185 174 0
140 175 0
141 175 0
148 175 0
149 175 0
153 175 0
154 175 0
177 175 0
186 175 0
7 176 0
20 176 0
150 176 0
153 176 0
140 177 0
144 177 0
180 177 0
