157 2 0
158 2 0
165 2 0
29 3 0
30 3 0
165 3 0
168 3 0
30 4 0
116 4 0
140 4 0
141 4 0
146 4 0
147 4 0
158 4 0
159 4 0
167 4 0
116 5 0
148 5 0
149 5 0
154 5 0
157 5 0
158 5 0
29 6 0
30 6 0
31 6 0
118 6 0
145 6 0
146 6 0
147 6 0
150 6 0
159 6 0
160 6 0
28 7 0
29 7 0
30 7 0
31 7 0
118 7 0
139 7 0
140 7 0
152 7 0
159 7 0
160 7 0
26 8 0
27 8 0
28 8 0
29 8 0
30 8 0
31 8 0
32 8 0
137 8 0
138 8 0
143 8 0
144 8 0
145 8 0
149 8 0
152 8 0
165 8 0
166 8 0
25 9 0
26 9 0
27 9 0
28 9 0
29 9 0
30 9 0
31 9 0
32 9 0
141 9 0
144 9 0
147 9 0
148 9 0
158 9 0
159 9 0
160 9 0
6 10 0
22 10 0
23 10 0
24 10 0
25 10 0
26 10 0
27 10 0
28 10 0
29 10 0
32 10 0
132 10 0
133 10 0
137 10 0
138 10 0
142 10 0
160 10 0
161 10 0
21 11 0
22 11 0
23 11 0
24 11 0
25 11 0
26 11 0
27 11 0
28 11 0
127 11 0
136 11 0
137 11 0
138 11 0
144 11 0
148 11 0
154 11 0
20 12 0
21 12 0
22 12 0
23 12 0
24 12 0
25 12 0
26 12 0
27 12 0
28 12 0
33 12 0
34 12 0
125 12 0
130 12 0
131 12 0
141 12 0
142 12 0
153 12 0
160 12 0
20 13 0
21 13 0
22 13 0
23 13 0
24 13 0
25 13 0
26 13 0
27 13 0
28 13 0
31 13 0
33 13 0
101 13 0
102 13 0
131 13 0
133 13 0
141 13 0
144 13 0
149 13 0
151 13 0
157 13 0
158 13 0
20 14 0
21 14 0
22 14 0
23 14 0
24 14 0
25 14 0
26 14 0
33 14 0
102 14 0
123 14 0
124 14 0
136 14 0
141 14 0
144 14 0
149 14 0
160 14 0
161 14 0
167 14 0
22 15 0
141 15 0
144 15 0
145 15 0
157 15 0
158 15 0
159 15 0
160 15 0
161 15 0
111 16 0
124 16 0
133 16 0
134 16 0
138 16 0
139 16 0
143 16 0
149 16 0
157 16 0
167 16 0
17 17 0
34 17 0
102 17 0
103 17 0
124 17 0
129 17 0
130 17 0
131 17 0
143 17 0
145 17 0
161 17 0
162 17 0
166 17 0
14 18 0
15 18 0
16 18 0
17 18 0
18 18 0
34 18 0
102 18 0
104 18 0
122 18 0
129 18 0
134 18 0
135 18 0
136 18 0
138 18 0
143 18 0
144 18 0
145 18 0
147 18 0
148 18 0
149 18 0
154 18 0
164 18 0
15 19 0
16 19 0
17 19 0
18 19 0
34 19 0
35 19 0
102 19 0
118 19 0
124 19 0
134 19 0
140 19 0
142 19 0
143 19 0
144 19 0
145 19 0
146 19 0
149 19 0
153 19 0
154 19 0
162 19 0
17 20 0
19 20 0
21 20 0
22 20 0
34 20 0
125 20 0
132 20 0
133 20 0
134 20 0
138 20 0
139 20 0
141 20 0
142 20 0
143 20 0
144 20 0
145 20 0
146 20 0
148 20 0
149 20 0
151 20 0
159 20 0
162 20 0
21 21 0
22 21 0
23 21 0
34 21 0
35 21 0
103 21 0
117 21 0
125 21 0
126 21 0
129 21 0
130 21 0
131 21 0
132 21 0
133 21 0
134 21 0
136 21 0
137 21 0
138 21 0
141 21 0
142 21 0
147 21 0
149 21 0
150 21 0
157 21 0
159 21 0
21 22 0
22 22 0
23 22 0
24 22 0
35 22 0
102 22 0
103 22 0
104 22 0
126 22 0
127 22 0
130 22 0
131 22 0
136 22 0
137 22 0
139 22 0
140 22 0
141 22 0
143 22 0
145 22 0
149 22 0
150 22 0
154 22 0
161 22 0
162 22 0
163 22 0
164 22 0
21 23 0
22 23 0
23 23 0
24 23 0
35 23 0
103 23 0
119 23 0
123 23 0
124 23 0
125 23 0
126 23 0
127 23 0
129 23 0
130 23 0
131 23 0
133 23 0
134 23 0
135 23 0
136 23 0
139 23 0
140 23 0
147 23 0
149 23 0
150 23 0
151 23 0
152 23 0
155 23 0
162 23 0
22 24 0
23 24 0
103 24 0
116 24 0
117 24 0
124 24 0
125 24 0
126 24 0
127 24 0
129 24 0
130 24 0
131 24 0
136 24 0
137 24 0
138 24 0
142 24 0
143 24 0
144 24 0
145 24 0
147 24 0
148 24 0
149 24 0
150 24 0
151 24 0
152 24 0
157 24 0
158 24 0
161 24 0
162 24 0
163 24 0
166 24 0
23 25 0
25 25 0
120 25 0
121 25 0
122 25 0
123 25 0
127 25 0
131 25 0
132 25 0
134 25 0
135 25 0
136 25 0
139 25 0
140 25 0
144 25 0
145 25 0
146 25 0
147 25 0
149 25 0
150 25 0
152 25 0
157 25 0
161 25 0
162 25 0
23 26 0
103 26 0
104 26 0
117 26 0
119 26 0
120 26 0
123 26 0
129 26 0
130 26 0
134 26 0
135 26 0
137 26 0
138 26 0
139 26 0
140 26 0
141 26 0
142 26 0
143 26 0
144 26 0
148 26 0
149 26 0
150 26 0
152 26 0
154 26 0
157 26 0
158 26 0
162 26 0
168 26 0
21 27 0
22 27 0
23 27 0
35 27 0
112 27 0
117 27 0
122 27 0
125 27 0
126 27 0
127 27 0
128 27 0
129 27 0
130 27 0
131 27 0
132 27 0
133 27 0
134 27 0
140 27 0
143 27 0
144 27 0
145 27 0
149 27 0
150 27 0
158 27 0
162 27 0
163 27 0
21 28 0
22 28 0
23 28 0
114 28 0
115 28 0
118 28 0
121 28 0
122 28 0
123 28 0
125 28 0
127 28 0
129 28 0
130 28 0
131 28 0
132 28 0
133 28 0
136 28 0
138 28 0
139 28 0
140 28 0
141 28 0
142 28 0
143 28 0
144 28 0
149 28 0
155 28 0
21 29 0
22 29 0
23 29 0
57 29 0
116 29 0
117 29 0
118 29 0
125 29 0
127 29 0
129 29 0
130 29 0
131 29 0
132 29 0
138 29 0
143 29 0
144 29 0
148 29 0
162 29 0
21 30 0
22 30 0
57 30 0
105 30 0
106 30 0
115 30 0
116 30 0
122 30 0
126 30 0
127 30 0
130 30 0
131 30 0
132 30 0
133 30 0
137 30 0
138 30 0
139 30 0
140 30 0
143 30 0
144 30 0
145 30 0
151 30 0
152 30 0
161 30 0
162 30 0
165 30 0
22 31 0
54 31 0
104 31 0
106 31 0
118 31 0
122 31 0
125 31 0
129 31 0
130 31 0
131 31 0
132 31 0
133 31 0
134 31 0
135 31 0
136 31 0
139 31 0
142 31 0
143 31 0
145 31 0
146 31 0
147 31 0
150 31 0
152 31 0
23 32 0
36 32 0
37 32 0
38 32 0
100 32 0
106 32 0
107 32 0
116 32 0
118 32 0
122 32 0
123 32 0
126 32 0
127 32 0
128 32 0
129 32 0
131 32 0
132 32 0
133 32 0
140 32 0
141 32 0
143 32 0
144 32 0
148 32 0
164 32 0
24 33 0
33 33 0
36 33 0
37 33 0
38 33 0
39 33 0
106 33 0
107 33 0
111 33 0
118 33 0
122 33 0
127 33 0
128 33 0
129 33 0
130 33 0
131 33 0
132 33 0
133 33 0
135 33 0
136 33 0
137 33 0
140 33 0
143 33 0
144 33 0
147 33 0
149 33 0
150 33 0
160 33 0
163 33 0
20 34 0
21 34 0
32 34 0
33 34 0
37 34 0
38 34 0
39 34 0
40 34 0
106 34 0
118 34 0
125 34 0
126 34 0
127 34 0
128 34 0
130 34 0
131 34 0
132 34 0
133 34 0
136 34 0
141 34 0
142 34 0
143 34 0
144 34 0
145 34 0
150 34 0
151 34 0
160 34 0
163 34 0
20 35 0
32 35 0
33 35 0
34 35 0
39 35 0
40 35 0
105 35 0
106 35 0
107 35 0
112 35 0
122 35 0
124 35 0
126 35 0
127 35 0
128 35 0
133 35 0
134 35 0
141 35 0
143 35 0
145 35 0
146 35 0
147 35 0
150 35 0
151 35 0
155 35 0
22 36 0
23 36 0
32 36 0
33 36 0
37 36 0
105 36 0
106 36 0
107 36 0
118 36 0
119 36 0
122 36 0
126 36 0
127 36 0
130 36 0
133 36 0
135 36 0
136 36 0
137 36 0
140 36 0
141 36 0
142 36 0
143 36 0
145 36 0
146 36 0
148 36 0
150 36 0
151 36 0
32 37 0
33 37 0
36 37 0
37 37 0
105 37 0
106 37 0
107 37 0
113 37 0
117 37 0
118 37 0
119 37 0
127 37 0
128 37 0
129 37 0
131 37 0
132 37 0
133 37 0
137 37 0
141 37 0
142 37 0
143 37 0
144 37 0
145 37 0
146 37 0
148 37 0
150 37 0
30 38 0
33 38 0
34 38 0
35 38 0
37 38 0
38 38 0
41 38 0
108 38 0
116 38 0
117 38 0
119 38 0
124 38 0
129 38 0
130 38 0
131 38 0
136 38 0
143 38 0
144 38 0
146 38 0
148 38 0
150 38 0
160 38 0
161 38 0
20 39 0
21 39 0
33 39 0
41 39 0
107 39 0
108 39 0
115 39 0
119 39 0
131 39 0
132 39 0
136 39 0
137 39 0
139 39 0
140 39 0
141 39 0
146 39 0
147 39 0
153 39 0
154 39 0
156 39 0
160 39 0
161 39 0
22 40 0
108 40 0
124 40 0
127 40 0
128 40 0
129 40 0
134 40 0
135 40 0
136 40 0
137 40 0
141 40 0
145 40 0
146 40 0
147 40 0
148 40 0
149 40 0
151 40 0
154 40 0
164 40 0
170 40 0
22 41 0
38 41 0
105 41 0
108 41 0
116 41 0
125 41 0
126 41 0
128 41 0
132 41 0
133 41 0
136 41 0
137 41 0
146 41 0
151 41 0
164 41 0
41 42 0
101 42 0
105 42 0
106 42 0
108 42 0
115 42 0
118 42 0
119 42 0
120 42 0
121 42 0
122 42 0
127 42 0
128 42 0
129 42 0
133 42 0
134 42 0
136 42 0
137 42 0
140 42 0
142 42 0
143 42 0
144 42 0
145 42 0
151 42 0
152 42 0
161 42 0
38 43 0
41 43 0
105 43 0
106 43 0
114 43 0
115 43 0
116 43 0
118 43 0
119 43 0
120 43 0
121 43 0
122 43 0
127 43 0
128 43 0
129 43 0
130 43 0
131 43 0
133 43 0
134 43 0
135 43 0
136 43 0
137 43 0
138 43 0
139 43 0
140 43 0
144 43 0
145 43 0
147 43 0
161 43 0
36 44 0
38 44 0
39 44 0
102 44 0
118 44 0
119 44 0
120 44 0
121 44 0
122 44 0
123 44 0
124 44 0
125 44 0
126 44 0
127 44 0
128 44 0
129 44 0
131 44 0
132 44 0
133 44 0
136 44 0
137 44 0
138 44 0
139 44 0
140 44 0
141 44 0
145 44 0
149 44 0
156 44 0
161 44 0
162 44 0
38 45 0
39 45 0
106 45 0
107 45 0
108 45 0
109 45 0
114 45 0
118 45 0
119 45 0
122 45 0
124 45 0
125 45 0
132 45 0
133 45 0
134 45 0
140 45 0
143 45 0
145 45 0
148 45 0
149 45 0
152 45 0
153 45 0
161 45 0
162 45 0
33 46 0
34 46 0
36 46 0
39 46 0
106 46 0
107 46 0
108 46 0
114 46 0
116 46 0
124 46 0
132 46 0
137 46 0
138 46 0
139 46 0
140 46 0
142 46 0
143 46 0
147 46 0
148 46 0
149 46 0
152 46 0
153 46 0
164 46 0
30 47 0
32 47 0
39 47 0
105 47 0
106 47 0
107 47 0
108 47 0
109 47 0
114 47 0
115 47 0
118 47 0
123 47 0
127 47 0
129 47 0
131 47 0
132 47 0
133 47 0
134 47 0
135 47 0
136 47 0
138 47 0
139 47 0
140 47 0
141 47 0
142 47 0
143 47 0
144 47 0
145 47 0
146 47 0
147 47 0
148 47 0
151 47 0
152 47 0
156 47 0
157 47 0
162 47 0
32 48 0
106 48 0
107 48 0
108 48 0
109 48 0
114 48 0
115 48 0
116 48 0
122 48 0
123 48 0
124 48 0
128 48 0
129 48 0
130 48 0
131 48 0
132 48 0
135 48 0
136 48 0
137 48 0
138 48 0
139 48 0
142 48 0
143 48 0
144 48 0
145 48 0
146 48 0
150 48 0
152 48 0
156 48 0
157 48 0
163 48 0
164 48 0
166 48 0
169 48 0
24 49 0
25 49 0
32 49 0
101 49 0
102 49 0
103 49 0
107 49 0
109 49 0
110 49 0
116 49 0
119 49 0
120 49 0
121 49 0
123 49 0
124 49 0
128 49 0
129 49 0
130 49 0
131 49 0
132 49 0
133 49 0
134 49 0
135 49 0
136 49 0
137 49 0
138 49 0
139 49 0
140 49 0
141 49 0
142 49 0
143 49 0
144 49 0
145 49 0
146 49 0
147 49 0
156 49 0
162 49 0
163 49 0
164 49 0
169 49 0
23 50 0
24 50 0
25 50 0
32 50 0
39 50 0
40 50 0
44 50 0
106 50 0
107 50 0
108 50 0
110 50 0
116 50 0
117 50 0
121 50 0
122 50 0
125 50 0
126 50 0
128 50 0
129 50 0
130 50 0
131 50 0
135 50 0
136 50 0
140 50 0
141 50 0
143 50 0
144 50 0
145 50 0
146 50 0
147 50 0
148 50 0
149 50 0
150 50 0
151 50 0
152 50 0
153 50 0
154 50 0
165 50 0
166 50 0
170 50 0
172 50 0
23 51 0
24 51 0
39 51 0
40 51 0
41 51 0
44 51 0
46 51 0
101 51 0
103 51 0
106 51 0
108 51 0
110 51 0
117 51 0
118 51 0
121 51 0
122 51 0
125 51 0
136 51 0
137 51 0
139 51 0
141 51 0
142 51 0
143 51 0
144 51 0
145 51 0
146 51 0
148 51 0
160 51 0
162 51 0
171 51 0
24 52 0
25 52 0
36 52 0
37 52 0
40 52 0
44 52 0
45 52 0
46 52 0
47 52 0
108 52 0
109 52 0
110 52 0
117 52 0
118 52 0
120 52 0
121 52 0
122 52 0
126 52 0
128 52 0
129 52 0
131 52 0
134 52 0
135 52 0
136 52 0
137 52 0
138 52 0
139 52 0
141 52 0
142 52 0
143 52 0
144 52 0
145 52 0
146 52 0
147 52 0
148 52 0
149 52 0
153 52 0
156 52 0
159 52 0
164 52 0
166 52 0
167 52 0
168 52 0
171 52 0
35 53 0
40 53 0
41 53 0
42 53 0
46 53 0
47 53 0
106 53 0
107 53 0
108 53 0
109 53 0
110 53 0
112 53 0
114 53 0
115 53 0
116 53 0
117 53 0
118 53 0
125 53 0
126 53 0
129 53 0
131 53 0
135 53 0
137 53 0
139 53 0
140 53 0
146 53 0
147 53 0
148 53 0
149 53 0
152 53 0
153 53 0
158 53 0
159 53 0
163 53 0
164 53 0
165 53 0
166 53 0
24 54 0
25 54 0
41 54 0
42 54 0
43 54 0
44 54 0
45 54 0
103 54 0
106 54 0
107 54 0
108 54 0
109 54 0
110 54 0
111 54 0
115 54 0
116 54 0
117 54 0
121 54 0
125 54 0
127 54 0
128 54 0
129 54 0
134 54 0
135 54 0
139 54 0
140 54 0
141 54 0
142 54 0
143 54 0
146 54 0
147 54 0
150 54 0
151 54 0
160 54 0
162 54 0
163 54 0
165 54 0
167 54 0
171 54 0
25 55 0
31 55 0
39 55 0
40 55 0
41 55 0
42 55 0
44 55 0
45 55 0
107 55 0
108 55 0
110 55 0
115 55 0
118 55 0
120 55 0
121 55 0
123 55 0
124 55 0
129 55 0
130 55 0
131 55 0
135 55 0
136 55 0
137 55 0
138 55 0
142 55 0
143 55 0
144 55 0
145 55 0
148 55 0
150 55 0
151 55 0
152 55 0
153 55 0
158 55 0
160 55 0
162 55 0
165 55 0
166 55 0
167 55 0
168 55 0
171 55 0
31 56 0
39 56 0
40 56 0
41 56 0
42 56 0
45 56 0
103 56 0
108 56 0
110 56 0
113 56 0
116 56 0
117 56 0
118 56 0
119 56 0
122 56 0
126 56 0
131 56 0
132 56 0
134 56 0
135 56 0
141 56 0
144 56 0
145 56 0
147 56 0
148 56 0
151 56 0
152 56 0
162 56 0
163 56 0
165 56 0
166 56 0
167 56 0
30 57 0
31 57 0
107 57 0
108 57 0
109 57 0
110 57 0
111 57 0
113 57 0
117 57 0
121 57 0
122 57 0
123 57 0
125 57 0
126 57 0
136 57 0
137 57 0
138 57 0
139 57 0
140 57 0
141 57 0
144 57 0
146 57 0
147 57 0
150 57 0
151 57 0
152 57 0
154 57 0
162 57 0
163 57 0
167 57 0
168 57 0
171 57 0
30 58 0
31 58 0
103 58 0
104 58 0
105 58 0
107 58 0
108 58 0
109 58 0
110 58 0
116 58 0
118 58 0
119 58 0
120 58 0
121 58 0
126 58 0
127 58 0
132 58 0
138 58 0
140 58 0
144 58 0
147 58 0
151 58 0
157 58 0
165 58 0
166 58 0
167 58 0
169 58 0
172 58 0
30 59 0
31 59 0
103 59 0
104 59 0
105 59 0
108 59 0
109 59 0
110 59 0
111 59 0
114 59 0
118 59 0
122 59 0
127 59 0
128 59 0
129 59 0
134 59 0
135 59 0
136 59 0
138 59 0
140 59 0
141 59 0
144 59 0
145 59 0
151 59 0
153 59 0
163 59 0
164 59 0
165 59 0
166 59 0
167 59 0
171 59 0
172 59 0
27 60 0
30 60 0
104 60 0
105 60 0
107 60 0
108 60 0
109 60 0
110 60 0
111 60 0
118 60 0
119 60 0
124 60 0
125 60 0
128 60 0
132 60 0
138 60 0
147 60 0
149 60 0
150 60 0
151 60 0
152 60 0
153 60 0
154 60 0
155 60 0
156 60 0
160 60 0
164 60 0
165 60 0
167 60 0
168 60 0
27 61 0
30 61 0
104 61 0
105 61 0
107 61 0
108 61 0
109 61 0
110 61 0
111 61 0
112 61 0
113 61 0
114 61 0
115 61 0
118 61 0
119 61 0
123 61 0
124 61 0
128 61 0
130 61 0
136 61 0
137 61 0
142 61 0
143 61 0
149 61 0
150 61 0
151 61 0
156 61 0
160 61 0
161 61 0
165 61 0
27 62 0
30 62 0
101 62 0
102 62 0
104 62 0
105 62 0
108 62 0
109 62 0
110 62 0
111 62 0
112 62 0
114 62 0
116 62 0
126 62 0
130 62 0
136 62 0
141 62 0
142 62 0
143 62 0
146 62 0
151 62 0
160 62 0
26 63 0
27 63 0
28 63 0
90 63 0
92 63 0
94 63 0
95 63 0
100 63 0
101 63 0
104 63 0
105 63 0
106 63 0
108 63 0
109 63 0
110 63 0
111 63 0
112 63 0
114 63 0
116 63 0
119 63 0
124 63 0
130 63 0
132 63 0
133 63 0
134 63 0
135 63 0
138 63 0
139 63 0
140 63 0
27 64 0
28 64 0
29 64 0
82 64 0
85 64 0
86 64 0
88 64 0
89 64 0
90 64 0
91 64 0
100 64 0
101 64 0
102 64 0
108 64 0
109 64 0
110 64 0
111 64 0
112 64 0
118 64 0
119 64 0
120 64 0
121 64 0
122 64 0
128 64 0
129 64 0
130 64 0
133 64 0
164 64 0
165 64 0
167 64 0
168 64 0
28 65 0
29 65 0
30 65 0
75 65 0
76 65 0
77 65 0
78 65 0
79 65 0
80 65 0
81 65 0
82 65 0
108 65 0
109 65 0
110 65 0
111 65 0
112 65 0
113 65 0
117 65 0
119 65 0
120 65 0
121 65 0
122 65 0
125 65 0
126 65 0
160 65 0
165 65 0
173 65 0
28 66 0
29 66 0
30 66 0
64 66 0
65 66 0
66 66 0
67 66 0
68 66 0
70 66 0
71 66 0
72 66 0
73 66 0
76 66 0
78 66 0
93 66 0
94 66 0
95 66 0
97 66 0
98 66 0
99 66 0
104 66 0
108 66 0
109 66 0
110 66 0
111 66 0
112 66 0
113 66 0
114 66 0
117 66 0
118 66 0
119 66 0
120 66 0
28 67 0
29 67 0
30 67 0
53 67 0
54 67 0
55 67 0
56 67 0
57 67 0
58 67 0
59 67 0
60 67 0
61 67 0
62 67 0
65 67 0
66 67 0
68 67 0
82 67 0
84 67 0
85 67 0
86 67 0
87 67 0
88 67 0
104 67 0
106 67 0
109 67 0
110 67 0
112 67 0
113 67 0
114 67 0
117 67 0
28 68 0
29 68 0
30 68 0
31 68 0
50 68 0
51 68 0
52 68 0
53 68 0
54 68 0
55 68 0
56 68 0
57 68 0
58 68 0
59 68 0
73 68 0
76 68 0
77 68 0
78 68 0
82 68 0
116 68 0
117 68 0
29 69 0
30 69 0
31 69 0
44 69 0
45 69 0
46 69 0
47 69 0
48 69 0
67 69 0
68 69 0
72 69 0
115 69 0
29 70 0
30 70 0
31 70 0
32 70 0
33 70 0
34 70 0
35 70 0
36 70 0
37 70 0
38 70 0
39 70 0
41 70 0
42 70 0
60 70 0
63 70 0
115 70 0
116 70 0
172 70 0
176 70 0
177 70 0
1 71 0
29 71 0
30 71 0
31 71 0
32 71 0
33 71 0
34 71 0
35 71 0
36 71 0
37 71 0
38 71 0
39 71 0
41 71 0
42 71 0
43 71 0
48 71 0
52 71 0
54 71 0
115 71 0
168 71 0
169 71 0
170 71 0
171 71 0
172 71 0
173 71 0
174 71 0
177 71 0
1 72 0
2 72 0
33 72 0
34 72 0
35 72 0
36 72 0
37 72 0
38 72 0
39 72 0
41 72 0
42 72 0
43 72 0
44 72 0
45 72 0
48 72 0
49 72 0
158 72 0
169 72 0
170 72 0
171 72 0
172 72 0
173 72 0
1 73 0
2 73 0
3 73 0
21 73 0
24 73 0
35 73 0
36 73 0
37 73 0
38 73 0
41 73 0
42 73 0
43 73 0
167 73 0
170 73 0
171 73 0
172 73 0
2 74 0
3 74 0
4 74 0
10 74 0
21 74 0
22 74 0
24 74 0
25 74 0
26 74 0
31 74 0
33 74 0
34 74 0
35 74 0
36 74 0
37 74 0
43 74 0
168 74 0
2 75 0
3 75 0
4 75 0
10 75 0
22 75 0
24 75 0
25 75 0
30 75 0
31 75 0
33 75 0
34 75 0
35 75 0
42 75 0
121 75 0
122 75 0
123 75 0
156 75 0
157 75 0
158 75 0
159 75 0
166 75 0
2 76 0
3 76 0
4 76 0
5 76 0
6 76 0
7 76 0
21 76 0
24 76 0
25 76 0
30 76 0
31 76 0
32 76 0
33 76 0
97 76 0
105 76 0
110 76 0
111 76 0
112 76 0
115 76 0
121 76 0
146 76 0
147 76 0
153 76 0
154 76 0
155 76 0
156 76 0
157 76 0
158 76 0
159 76 0
160 76 0
161 76 0
162 76 0
163 76 0
164 76 0
2 77 0
3 77 0
4 77 0
5 77 0
8 77 0
13 77 0
14 77 0
24 77 0
25 77 0
26 77 0
27 77 0
29 77 0
30 77 0
31 77 0
32 77 0
44 77 0
87 77 0
91 77 0
127 77 0
129 77 0
130 77 0
131 77 0
138 77 0
139 77 0
140 77 0
141 77 0
142 77 0
144 77 0
145 77 0
146 77 0
147 77 0
148 77 0
149 77 0
150 77 0
151 77 0
152 77 0
153 77 0
154 77 0
155 77 0
156 77 0
157 77 0
158 77 0
159 77 0
160 77 0
161 77 0
1 78 0
2 78 0
3 78 0
4 78 0
5 78 0
7 78 0
8 78 0
12 78 0
13 78 0
18 78 0
23 78 0
24 78 0
25 78 0
68 78 0
69 78 0
123 78 0
124 78 0
125 78 0
126 78 0
127 78 0
128 78 0
129 78 0
130 78 0
131 78 0
132 78 0
133 78 0
134 78 0
135 78 0
136 78 0
137 78 0
138 78 0
139 78 0
140 78 0
141 78 0
142 78 0
145 78 0
146 78 0
147 78 0
148 78 0
149 78 0
150 78 0
179 78 0
180 78 0
181 78 0
182 78 0
183 78 0
184 78 0
2 79 0
3 79 0
4 79 0
5 79 0
6 79 0
7 79 0
8 79 0
14 79 0
23 79 0
24 79 0
25 79 0
64 79 0
65 79 0
68 79 0
69 79 0
120 79 0
121 79 0
122 79 0
123 79 0
124 79 0
125 79 0
126 79 0
127 79 0
128 79 0
129 79 0
130 79 0
131 79 0
132 79 0
133 79 0
134 79 0
135 79 0
136 79 0
137 79 0
138 79 0
140 79 0
141 79 0
178 79 0
179 79 0
180 79 0
181 79 0
182 79 0
183 79 0
2 80 0
3 80 0
4 80 0
5 80 0
6 80 0
12 80 0
13 80 0
14 80 0
23 80 0
24 80 0
25 80 0
47 80 0
49 80 0
50 80 0
51 80 0
53 80 0
54 80 0
56 80 0
57 80 0
58 80 0
120 80 0
121 80 0
122 80 0
123 80 0
124 80 0
125 80 0
130 80 0
178 80 0
179 80 0
2 81 0
3 81 0
4 81 0
5 81 0
6 81 0
9 81 0
14 81 0
18 81 0
24 81 0
28 81 0
29 81 0
33 81 0
37 81 0
43 81 0
44 81 0
45 81 0
46 81 0
49 81 0
50 81 0
51 81 0
52 81 0
53 81 0
3 82 0
4 82 0
5 82 0
6 82 0
12 82 0
13 82 0
14 82 0
28 82 0
29 82 0
31 82 0
33 82 0
35 82 0
36 82 0
37 82 0
38 82 0
39 82 0
40 82 0
51 82 0
167 82 0
169 82 0
170 82 0
172 82 0
3 83 0
4 83 0
5 83 0
6 83 0
7 83 0
12 83 0
163 83 0
164 83 0
165 83 0
166 83 0
167 83 0
168 83 0
169 83 0
170 83 0
174 83 0
175 83 0
2 84 0
3 84 0
4 84 0
5 84 0
6 84 0
7 84 0
160 84 0
162 84 0
163 84 0
166 84 0
167 84 0
168 84 0
169 84 0
170 84 0
174 84 0
175 84 0
176 84 0
181 84 0
182 84 0
2 85 0
3 85 0
4 85 0
5 85 0
6 85 0
7 85 0
152 85 0
161 85 0
162 85 0
163 85 0
164 85 0
167 85 0
168 85 0
169 85 0
170 85 0
176 85 0
5 86 0
6 86 0
21 86 0
158 86 0
161 86 0
162 86 0
164 86 0
167 86 0
168 86 0
169 86 0
5 87 0
6 87 0
7 87 0
20 87 0
30 87 0
31 87 0
32 87 0
150 87 0
155 87 0
156 87 0
157 87 0
158 87 0
162 87 0
166 87 0
167 87 0
175 87 0
182 87 0
5 88 0
6 88 0
19 88 0
30 88 0
31 88 0
154 88 0
156 88 0
157 88 0
158 88 0
159 88 0
161 88 0
162 88 0
163 88 0
164 88 0
166 88 0
175 88 0
182 88 0
5 89 0
6 89 0
163 89 0
164 89 0
165 89 0
173 89 0
181 89 0
4 90 0
14 90 0
163 90 0
165 90 0
167 90 0
173 90 0
12 91 0
9 92 0
8 93 0
7 94 0
4 95 0
5 95 0
6 95 0
4 96 0
5 96 0
44 96 0
3 97 0
2 98 0
42 98 0
175 102 0
175 103 0
176 104 0
175 105 0
176 105 0
175 106 0
176 106 0
180 106 0
174 107 0
176 107 0
173 108 0
175 108 0
176 108 0
173 109 0
174 109 0
175 109 0
176 109 0
177 109 0
173 110 0
174 110 0
175 110 0
176 110 0
173 111 0
174 111 0
175 111 0
176 111 0
177 111 0
179 111 0
181 111 0
171 112 0
172 112 0
173 112 0
174 112 0
175 112 0
176 112 0
177 112 0
180 112 0
181 112 0
182 112 0
183 112 0
69 113 0
172 113 0
173 113 0
174 113 0
175 113 0
176 113 0
177 113 0
178 113 0
185 113 0
68 114 0
69 114 0
172 114 0
173 114 0
174 114 0
175 114 0
176 114 0
64 115 0
65 115 0
68 115 0
69 115 0
171 115 0
172 115 0
173 115 0
174 115 0
175 115 0
176 115 0
180 115 0
181 115 0
63 116 0
64 116 0
65 116 0
68 116 0
171 116 0
172 116 0
173 116 0
174 116 0
175 116 0
178 116 0
171 117 0
172 117 0
173 117 0
174 117 0
175 117 0
179 117 0
180 117 0
181 117 0
186 117 0
172 118 0
173 118 0
174 118 0
175 118 0
176 118 0
178 118 0
179 118 0
180 118 0
171 119 0
172 119 0
173 119 0
174 119 0
175 119 0
172 120 0
173 120 0
174 120 0
175 120 0
171 121 0
172 121 0
173 121 0
174 121 0
178 121 0
171 122 0
172 122 0
173 122 0
174 122 0
175 122 0
182 122 0
170 123 0
171 123 0
172 123 0
173 123 0
174 123 0
175 123 0
176 123 0
178 123 0
179 123 0
180 123 0
181 123 0
169 124 0
172 124 0
173 124 0
174 124 0
175 124 0
176 124 0
178 124 0
179 124 0
180 124 0
171 125 0
172 125 0
173 125 0
174 125 0
175 125 0
176 125 0
182 125 0
170 126 0
171 126 0
172 126 0
173 126 0
174 126 0
175 126 0
176 126 0
177 126 0
178 126 0
169 127 0
172 127 0
173 127 0
174 127 0
175 127 0
176 127 0
177 127 0
178 127 0
179 127 0
180 127 0
181 127 0
170 128 0
171 128 0
172 128 0
173 128 0
174 128 0
177 128 0
171 129 0
172 129 0
173 129 0
174 129 0
176 129 0
177 129 0
180 129 0
181 129 0
171 130 0
172 130 0
173 130 0
174 130 0
176 130 0
177 130 0
178 130 0
181 130 0
182 130 0
171 131 0
172 131 0
173 131 0
174 131 0
175 131 0
176 131 0
177 131 0
170 132 0
171 132 0
172 132 0
173 132 0
174 132 0
176 132 0
177 132 0
170 133 0
171 133 0
172 133 0
173 133 0
174 133 0
175 133 0
176 133 0
177 133 0
171 134 0
172 134 0
173 134 0
175 134 0
176 134 0
170 135 0
171 135 0
172 135 0
173 135 0
174 135 0
175 135 0
176 135 0
180 135 0
170 136 0
171 136 0
172 136 0
173 136 0
174 136 0
175 136 0
176 136 0
170 137 0
171 137 0
172 137 0
173 137 0
174 137 0
175 137 0
176 137 0
177 137 0
179 137 0
183 137 0
169 138 0
170 138 0
171 138 0
172 138 0
173 138 0
174 138 0
175 138 0
176 138 0
177 138 0
178 138 0
169 139 0
170 139 0
171 139 0
172 139 0
173 139 0
174 139 0
175 139 0
179 139 0
180 139 0
169 140 0
170 140 0
171 140 0
172 140 0
173 140 0
174 140 0
175 140 0
176 140 0
179 140 0
180 140 0
169 141 0
170 141 0
171 141 0
172 141 0
173 141 0
174 141 0
175 141 0
179 141 0
181 141 0
169 142 0
170 142 0
171 142 0
172 142 0
173 142 0
174 142 0
175 142 0
177 142 0
181 142 0
169 143 0
170 143 0
171 143 0
172 143 0
173 143 0
174 143 0
175 143 0
170 144 0
171 144 0
172 144 0
173 144 0
174 144 0
177 144 0
178 144 0
181 144 0
182 144 0
168 145 0
169 145 0
170 145 0
171 145 0
172 145 0
173 145 0
174 145 0
175 145 0
177 145 0
178 145 0
179 145 0
180 145 0
181 145 0
182 145 0
186 145 0
168 146 0
169 146 0
170 146 0
171 146 0
172 146 0
173 146 0
174 146 0
177 146 0
167 147 0
169 147 0
170 147 0
171 147 0
172 147 0
173 147 0
174 147 0
175 147 0
176 147 0
177 147 0
182 147 0
168 148 0
169 148 0
170 148 0
171 148 0
172 148 0
173 148 0
174 148 0
175 148 0
176 148 0
177 148 0
178 148 0
179 148 0
180 148 0
181 148 0
184 148 0
168 149 0
169 149 0
170 149 0
171 149 0
172 149 0
173 149 0
174 149 0
176 149 0
177 149 0
178 149 0
179 149 0
180 149 0
181 149 0
168 150 0
169 150 0
170 150 0
171 150 0
172 150 0
173 150 0
174 150 0
175 150 0
178 150 0
179 150 0
168 151 0
169 151 0
170 151 0
171 151 0
172 151 0
173 151 0
174 151 0
175 151 0
178 151 0
179 151 0
167 152 0
169 152 0
170 152 0
171 152 0
172 152 0
173 152 0
174 152 0
175 152 0
178 152 0
179 152 0
168 153 0
169 153 0
170 153 0
171 153 0
172 153 0
173 153 0
174 153 0
175 153 0
176 153 0
177 153 0
178 153 0
179 153 0
182 153 0
183 153 0
168 154 0
169 154 0
170 154 0
171 154 0
172 154 0
173 154 0
174 154 0
175 154 0
177 154 0
178 154 0
179 154 0
168 155 0
169 155 0
170 155 0
171 155 0
172 155 0
173 155 0
174 155 0
175 155 0
176 155 0
177 155 0
178 155 0
179 155 0
181 155 0
184 155 0
168 156 0
169 156 0
170 156 0
171 156 0
172 156 0
173 156 0
174 156 0
175 156 0
176 156 0
177 156 0
178 156 0
184 156 0
168 157 0
169 157 0
170 157 0
171 157 0
172 157 0
173 157 0
174 157 0
175 157 0
176 157 0
177 157 0
179 157 0
180 157 0
181 157 0
168 158 0
169 158 0
170 158 0
171 158 0
172 158 0
173 158 0
175 158 0
176 158 0
177 158 0
180 158 0
181 158 0
182 158 0
167 159 0
168 159 0
169 159 0
170 159 0
171 159 0
172 159 0
173 159 0
174 159 0
175 159 0
176 159 0
177 159 0
179 159 0
182 159 0
167 160 0
168 160 0
169 160 0
170 160 0
171 160 0
173 160 0
174 160 0
175 160 0
176 160 0
177 160 0
167 161 0
168 161 0
169 161 0
170 161 0
171 161 0
172 161 0
173 161 0
175 161 0
176 161 0
177 161 0
178 161 0
179 161 0
180 161 0
167 162 0
168 162 0
169 162 0
170 162 0
171 162 0
172 162 0
175 162 0
176 162 0
177 162 0
179 162 0
180 162 0
167 163 0
168 163 0
169 163 0
170 163 0
171 163 0
172 163 0
173 163 0
175 163 0
176 163 0
179 163 0
180 163 0
184 163 0
165 164 0
166 164 0
167 164 0
168 164 0
169 164 0
170 164 0
171 164 0
172 164 0
173 164 0
174 164 0
176 164 0
178 164 0
180 164 0
181 164 0
166 165 0
167 165 0
168 165 0
169 165 0
170 165 0
171 165 0
172 165 0
174 165 0
176 165 0
178 165 0
179 165 0
166 166 0
167 166 0
168 166 0
169 166 0
170 166 0
171 166 0
172 166 0
173 166 0
179 166 0
166 167 0
167 167 0
168 167 0
169 167 0
170 167 0
171 167 0
174 167 0
166 168 0
167 168 0
168 168 0
169 168 0
175 168 0
167 169 0
168 169 0
169 169 0
170 169 0
171 169 0
175 169 0
166 170 0
167 170 0
168 170 0
169 170 0
167 171 0
168 171 0
171 171 0
172 171 0
173 171 0
175 171 0
176 171 0
180 171 0
166 172 0
167 172 0
168 172 0
169 172 0
173 172 0
167 173 0
168 173 0
170 173 0
171 173 0
181 173 0
182 173 0
166 174 0
167 174 0
168 174 0
169 174 0
170 174 0
171 174 0
172 174 0
175 174 0
176 174 0
177 174 0
182 174 0
166 175 0
167 175 0
168 175 0
172 175 0
173 175 0
165 176 0
166 176 0
167 176 0
172 176 0
176 176 0
165 177 0
166 177 0
167 177 0
166 178 0
171 178 0
172 178 0
11 5 1
12 5 1
10 6 1
14 7 1
3 8 1
7 8 1
8 8 1
12 8 1
16 8 1
5 9 1
9 9 1
10 9 1
11 9 1
14 9 1
14 10 1
16 10 1
8 11 1
2 12 1
4 12 1
11 12 1
13 12 1
16 12 1
4 13 1
5 13 1
10 13 1
12 13 1
15 13 1
3 14 1
5 14 1
7 14 1
8 14 1
9 15 1
11 15 1
14 15 1
17 15 1
1 16 1
4 16 1
12 16 1
15 16 1
18 16 1
19 16 1
1 17 1
3 17 1
4 17 1
6 17 1
8 17 1
11 17 1
12 17 1
13 17 1
15 17 1
20 17 1
2 18 1
3 18 1
5 18 1
6 18 1
9 18 1
10 18 1
12 18 1
14 18 1
21 18 1
5 19 1
6 19 1
7 19 1
9 19 1
10 19 1
11 19 1
12 19 1
14 19 1
16 19 1
2 20 1
9 20 1
10 20 1
11 20 1
13 20 1
14 20 1
17 20 1
18 20 1
2 21 1
8 21 1
17 21 1
18 21 1
1 22 1
2 22 1
6 22 1
8 22 1
10 22 1
15 22 1
16 22 1
8 23 1
14 23 1
19 23 1
18 25 1
5 26 1
9 26 1
11 26 1
14 26 1
16 26 1
2 27 1
8 27 1
14 27 1
16 27 1
1 28 1
2 28 1
4 28 1
12 28 1
5 29 1
12 29 1
2 30 1
15 30 1
19 30 1
2 31 1
10 31 1
14 31 1
18 31 1
18 32 1
19 32 1
11 33 1
2 35 1
3 35 1
4 35 1
2 36 1
3 36 1
4 36 1
15 36 1
16 36 1
2 37 1
15 37 1
18 37 1
1 40 1
2 40 1
8 40 1
2 41 1
6 41 1
4 42 1
7 42 1
10 42 1
10 43 1
1 44 1
2 44 1
4 44 1
2 45 1
3 45 1
5 45 1
6 45 1
10 45 1
2 46 1
3 46 1
6 46 1
8 46 1
9 46 1
10 46 1
3 47 1
4 47 1
5 47 1
2 48 1
4 48 1
6 48 1
9 48 1
10 48 1
14 48 1
4 49 1
5 49 1
6 49 1
9 49 1
10 49 1
14 49 1
4 50 1
8 50 1
9 50 1
10 50 1
12 50 1
3 51 1
12 51 1
2 52 1
4 52 1
6 52 1
10 52 1
2 53 1
4 53 1
6 53 1
7 53 1
10 53 1
12 53 1
17 53 1
4 54 1
5 54 1
7 54 1
9 54 1
4 55 1
6 55 1
1 56 1
4 56 1
5 56 1
8 56 1
10 56 1
19 56 1
2 57 1
3 57 1
2 58 1
4 58 1
5 58 1
9 58 1
2 59 1
5 59 1
6 59 1
13 59 1
2 60 1
6 60 1
7 60 1
9 60 1
12 60 1
13 60 1
2 61 1
4 61 1
5 61 1
6 61 1
13 61 1
3 62 1
6 62 1
8 62 1
12 62 1
13 62 1
4 63 1
6 63 1
8 63 1
10 63 1
12 63 1
4 64 1
8 64 1
2 65 1
4 65 1
6 65 1
9 65 1
11 65 1
4 66 1
6 66 1
7 66 1
12 66 1
13 66 1
1 67 1
2 67 1
8 67 1
10 67 1
13 67 1
1 68 1
3 68 1
4 68 1
8 68 1
11 68 1
3 69 1
7 69 1
10 69 1
12 69 1
8 70 1
10 70 1
8 71 1
10 71 1
12 72 1
8 98 1
8 105 1
1 106 1
13 111 1
14 111 1
7 112 1
13 112 1
4 116 1
9 117 1
4 120 1
19 120 1
12 121 1
6 123 1
9 123 1
14 128 1
11 133 1
16 138 1
14 139 1
6 145 1
8 145 1
6 149 1
18 149 1
92 149 1
2 150 1
4 150 1
8 150 1
19 150 1
8 151 1
20 151 1
18 152 1
28 153 1
18 155 1
12 156 1
18 157 1
10 158 1
13 158 1
18 158 1
18 159 1
96 159 1
102 159 1
104 159 1
96 160 1
97 160 1
98 160 1
106 160 1
94 161 1
105 161 1
95 162 1
101 163 1
102 163 1
11 164 1
97 164 1
98 164 1
99 164 1
100 164 1
101 164 1
102 164 1
103 164 1
104 164 1
9 165 1
97 165 1
98 165 1
99 165 1
100 165 1
101 165 1
102 165 1
103 165 1
105 165 1
106 165 1
2 166 1
17 166 1
97 166 1
98 166 1
99 166 1
100 166 1
101 166 1
102 166 1
103 166 1
105 166 1
8 167 1
97 167 1
98 167 1
99 167 1
100 167 1
101 167 1
102 167 1
103 167 1
10 168 1
92 168 1
99 168 1
100 168 1
101 168 1
102 168 1
103 168 1
1 169 1
92 169 1
98 169 1
100 169 1
101 169 1
102 169 1
92 170 1
94 170 1
95 170 1
98 170 1
99 170 1
100 170 1
101 170 1
102 170 1
103 170 1
104 170 1
17 171 1
89 171 1
95 171 1
96 171 1
97 171 1
99 171 1
100 171 1
101 171 1
102 171 1
103 171 1
104 171 1
95 172 1
96 172 1
100 172 1
101 172 1
102 172 1
103 172 1
98 173 1
14 176 1
17 177 1
