37 1 0
38 1 0
6 2 0
16 2 0
17 2 0
35 2 0
36 2 0
37 2 0
52 2 0
53 2 0
54 2 0
55 2 0
74 2 0
142 2 0
143 2 0
167 2 0
174 2 0
181 2 0
15 3 0
32 3 0
34 3 0
35 3 0
36 3 0
47 3 0
51 3 0
52 3 0
53 3 0
54 3 0
55 3 0
56 3 0
73 3 0
143 3 0
149 3 0
168 3 0
174 3 0
179 3 0
181 3 0
15 4 0
31 4 0
32 4 0
33 4 0
34 4 0
35 4 0
38 4 0
44 4 0
45 4 0
46 4 0
53 4 0
54 4 0
55 4 0
56 4 0
57 4 0
73 4 0
74 4 0
140 4 0
161 4 0
165 4 0
167 4 0
179 4 0
15 5 0
20 5 0
21 5 0
32 5 0
33 5 0
42 5 0
43 5 0
44 5 0
45 5 0
49 5 0
53 5 0
55 5 0
57 5 0
59 5 0
60 5 0
73 5 0
74 5 0
138 5 0
140 5 0
143 5 0
144 5 0
146 5 0
156 5 0
168 5 0
172 5 0
173 5 0
174 5 0
5 6 0
18 6 0
20 6 0
21 6 0
32 6 0
42 6 0
43 6 0
44 6 0
60 6 0
61 6 0
71 6 0
73 6 0
74 6 0
138 6 0
144 6 0
145 6 0
156 6 0
161 6 0
168 6 0
169 6 0
170 6 0
171 6 0
172 6 0
182 6 0
18 7 0
19 7 0
20 7 0
21 7 0
43 7 0
73 7 0
74 7 0
88 7 0
93 7 0
94 7 0
95 7 0
141 7 0
143 7 0
144 7 0
145 7 0
146 7 0
152 7 0
153 7 0
157 7 0
158 7 0
160 7 0
161 7 0
167 7 0
170 7 0
172 7 0
173 7 0
174 7 0
175 7 0
176 7 0
177 7 0
179 7 0
5 8 0
15 8 0
18 8 0
19 8 0
20 8 0
21 8 0
61 8 0
73 8 0
74 8 0
88 8 0
89 8 0
93 8 0
94 8 0
143 8 0
144 8 0
145 8 0
147 8 0
150 8 0
151 8 0
152 8 0
154 8 0
156 8 0
160 8 0
164 8 0
165 8 0
166 8 0
173 8 0
174 8 0
176 8 0
177 8 0
179 8 0
5 9 0
19 9 0
20 9 0
21 9 0
29 9 0
73 9 0
74 9 0
89 9 0
91 9 0
94 9 0
97 9 0
98 9 0
131 9 0
132 9 0
133 9 0
139 9 0
142 9 0
143 9 0
144 9 0
145 9 0
146 9 0
147 9 0
150 9 0
156 9 0
157 9 0
162 9 0
169 9 0
170 9 0
171 9 0
172 9 0
174 9 0
1 10 0
5 10 0
14 10 0
15 10 0
19 10 0
20 10 0
21 10 0
29 10 0
61 10 0
62 10 0
74 10 0
85 10 0
88 10 0
89 10 0
90 10 0
94 10 0
95 10 0
96 10 0
97 10 0
98 10 0
100 10 0
101 10 0
139 10 0
141 10 0
144 10 0
145 10 0
147 10 0
155 10 0
168 10 0
170 10 0
171 10 0
172 10 0
15 11 0
21 11 0
24 11 0
25 11 0
26 11 0
27 11 0
61 11 0
62 11 0
73 11 0
74 11 0
89 11 0
90 11 0
94 11 0
101 11 0
102 11 0
143 11 0
144 11 0
145 11 0
151 11 0
152 11 0
159 11 0
163 11 0
169 11 0
170 11 0
171 11 0
172 11 0
173 11 0
174 11 0
177 11 0
14 12 0
18 12 0
19 12 0
20 12 0
27 12 0
84 12 0
86 12 0
89 12 0
90 12 0
92 12 0
93 12 0
94 12 0
95 12 0
97 12 0
98 12 0
140 12 0
143 12 0
144 12 0
149 12 0
157 12 0
158 12 0
161 12 0
166 12 0
172 12 0
173 12 0
174 12 0
175 12 0
180 12 0
182 12 0
5 13 0
19 13 0
23 13 0
26 13 0
27 13 0
80 13 0
82 13 0
84 13 0
86 13 0
90 13 0
91 13 0
92 13 0
93 13 0
94 13 0
95 13 0
96 13 0
98 13 0
103 13 0
143 13 0
144 13 0
145 13 0
146 13 0
148 13 0
155 13 0
157 13 0
158 13 0
159 13 0
161 13 0
166 13 0
167 13 0
169 13 0
170 13 0
172 13 0
173 13 0
174 13 0
175 13 0
177 13 0
180 13 0
181 13 0
182 13 0
1 14 0
2 14 0
24 14 0
25 14 0
26 14 0
78 14 0
81 14 0
82 14 0
87 14 0
88 14 0
90 14 0
92 14 0
93 14 0
96 14 0
97 14 0
98 14 0
139 14 0
144 14 0
145 14 0
146 14 0
147 14 0
150 14 0
151 14 0
155 14 0
156 14 0
157 14 0
158 14 0
160 14 0
162 14 0
165 14 0
167 14 0
169 14 0
170 14 0
172 14 0
175 14 0
177 14 0
5 15 0
6 15 0
15 15 0
16 15 0
24 15 0
25 15 0
26 15 0
82 15 0
87 15 0
89 15 0
98 15 0
100 15 0
136 15 0
137 15 0
139 15 0
140 15 0
141 15 0
144 15 0
145 15 0
146 15 0
147 15 0
148 15 0
150 15 0
153 15 0
155 15 0
157 15 0
158 15 0
159 15 0
160 15 0
161 15 0
169 15 0
170 15 0
171 15 0
173 15 0
176 15 0
177 15 0
178 15 0
180 15 0
182 15 0
6 16 0
14 16 0
15 16 0
24 16 0
25 16 0
86 16 0
87 16 0
90 16 0
91 16 0
94 16 0
95 16 0
96 16 0
97 16 0
98 16 0
99 16 0
100 16 0
102 16 0
103 16 0
105 16 0
111 16 0
138 16 0
139 16 0
140 16 0
141 16 0
142 16 0
144 16 0
145 16 0
146 16 0
147 16 0
153 16 0
155 16 0
157 16 0
158 16 0
159 16 0
160 16 0
161 16 0
163 16 0
165 16 0
166 16 0
167 16 0
169 16 0
170 16 0
171 16 0
172 16 0
173 16 0
175 16 0
178 16 0
179 16 0
180 16 0
181 16 0
23 17 0
24 17 0
25 17 0
87 17 0
89 17 0
90 17 0
91 17 0
94 17 0
95 17 0
98 17 0
100 17 0
101 17 0
102 17 0
140 17 0
141 17 0
142 17 0
145 17 0
146 17 0
148 17 0
149 17 0
156 17 0
157 17 0
158 17 0
159 17 0
160 17 0
163 17 0
167 17 0
169 17 0
170 17 0
171 17 0
172 17 0
173 17 0
175 17 0
179 17 0
180 17 0
6 18 0
15 18 0
23 18 0
24 18 0
31 18 0
72 18 0
75 18 0
76 18 0
87 18 0
88 18 0
89 18 0
90 18 0
91 18 0
92 18 0
94 18 0
95 18 0
96 18 0
98 18 0
99 18 0
100 18 0
101 18 0
140 18 0
144 18 0
145 18 0
147 18 0
148 18 0
149 18 0
150 18 0
151 18 0
157 18 0
158 18 0
159 18 0
160 18 0
161 18 0
163 18 0
164 18 0
165 18 0
168 18 0
171 18 0
175 18 0
176 18 0
177 18 0
178 18 0
179 18 0
180 18 0
14 19 0
15 19 0
19 19 0
31 19 0
72 19 0
73 19 0
75 19 0
76 19 0
82 19 0
83 19 0
87 19 0
88 19 0
89 19 0
90 19 0
94 19 0
95 19 0
96 19 0
97 19 0
99 19 0
140 19 0
144 19 0
145 19 0
146 19 0
147 19 0
148 19 0
149 19 0
153 19 0
154 19 0
155 19 0
157 19 0
158 19 0
159 19 0
161 19 0
163 19 0
165 19 0
166 19 0
167 19 0
176 19 0
177 19 0
178 19 0
179 19 0
180 19 0
183 19 0
13 20 0
15 20 0
30 20 0
31 20 0
71 20 0
72 20 0
75 20 0
76 20 0
78 20 0
79 20 0
80 20 0
82 20 0
86 20 0
87 20 0
88 20 0
89 20 0
90 20 0
91 20 0
92 20 0
94 20 0
95 20 0
98 20 0
137 20 0
139 20 0
140 20 0
143 20 0
144 20 0
145 20 0
146 20 0
147 20 0
151 20 0
153 20 0
155 20 0
156 20 0
158 20 0
159 20 0
160 20 0
162 20 0
163 20 0
164 20 0
165 20 0
166 20 0
169 20 0
170 20 0
175 20 0
176 20 0
178 20 0
185 20 0
13 21 0
30 21 0
31 21 0
58 21 0
71 21 0
72 21 0
73 21 0
76 21 0
77 21 0
78 21 0
79 21 0
84 21 0
87 21 0
88 21 0
90 21 0
139 21 0
140 21 0
141 21 0
145 21 0
146 21 0
147 21 0
149 21 0
152 21 0
153 21 0
155 21 0
156 21 0
158 21 0
159 21 0
160 21 0
161 21 0
162 21 0
163 21 0
164 21 0
165 21 0
166 21 0
170 21 0
171 21 0
172 21 0
173 21 0
175 21 0
176 21 0
177 21 0
178 21 0
180 21 0
13 22 0
30 22 0
70 22 0
71 22 0
72 22 0
73 22 0
76 22 0
79 22 0
139 22 0
140 22 0
141 22 0
145 22 0
146 22 0
147 22 0
149 22 0
150 22 0
152 22 0
153 22 0
154 22 0
155 22 0
156 22 0
157 22 0
159 22 0
160 22 0
161 22 0
162 22 0
163 22 0
165 22 0
166 22 0
167 22 0
168 22 0
169 22 0
170 22 0
171 22 0
172 22 0
174 22 0
176 22 0
178 22 0
15 23 0
30 23 0
31 23 0
70 23 0
71 23 0
72 23 0
76 23 0
79 23 0
136 23 0
144 23 0
145 23 0
146 23 0
147 23 0
149 23 0
150 23 0
152 23 0
153 23 0
155 23 0
156 23 0
158 23 0
159 23 0
160 23 0
161 23 0
162 23 0
163 23 0
164 23 0
165 23 0
166 23 0
167 23 0
168 23 0
170 23 0
172 23 0
173 23 0
174 23 0
178 23 0
185 23 0
11 24 0
31 24 0
32 24 0
76 24 0
112 24 0
145 24 0
146 24 0
147 24 0
148 24 0
149 24 0
150 24 0
156 24 0
157 24 0
158 24 0
159 24 0
160 24 0
161 24 0
162 24 0
163 24 0
164 24 0
165 24 0
166 24 0
167 24 0
168 24 0
169 24 0
170 24 0
172 24 0
173 24 0
178 24 0
180 24 0
181 24 0
31 25 0
39 25 0
80 25 0
132 25 0
139 25 0
140 25 0
141 25 0
145 25 0
146 25 0
147 25 0
148 25 0
153 25 0
154 25 0
155 25 0
156 25 0
157 25 0
158 25 0
159 25 0
160 25 0
161 25 0
162 25 0
163 25 0
164 25 0
165 25 0
166 25 0
167 25 0
168 25 0
169 25 0
170 25 0
172 25 0
173 25 0
174 25 0
175 25 0
178 25 0
181 25 0
30 26 0
69 26 0
72 26 0
73 26 0
80 26 0
136 26 0
140 26 0
141 26 0
145 26 0
146 26 0
147 26 0
150 26 0
153 26 0
154 26 0
158 26 0
159 26 0
160 26 0
161 26 0
163 26 0
164 26 0
166 26 0
167 26 0
168 26 0
169 26 0
170 26 0
171 26 0
172 26 0
173 26 0
175 26 0
176 26 0
183 26 0
32 27 0
33 27 0
69 27 0
71 27 0
72 27 0
88 27 0
98 27 0
133 27 0
141 27 0
145 27 0
146 27 0
147 27 0
148 27 0
150 27 0
154 27 0
156 27 0
158 27 0
159 27 0
160 27 0
161 27 0
162 27 0
164 27 0
165 27 0
167 27 0
168 27 0
169 27 0
170 27 0
171 27 0
172 27 0
173 27 0
174 27 0
176 27 0
178 27 0
181 27 0
32 28 0
33 28 0
36 28 0
69 28 0
71 28 0
79 28 0
94 28 0
137 28 0
141 28 0
146 28 0
147 28 0
148 28 0
152 28 0
153 28 0
154 28 0
155 28 0
156 28 0
157 28 0
161 28 0
162 28 0
163 28 0
164 28 0
165 28 0
169 28 0
170 28 0
171 28 0
173 28 0
174 28 0
176 28 0
177 28 0
181 28 0
186 28 0
29 29 0
31 29 0
32 29 0
33 29 0
38 29 0
62 29 0
70 29 0
71 29 0
76 29 0
79 29 0
145 29 0
146 29 0
147 29 0
148 29 0
150 29 0
153 29 0
154 29 0
155 29 0
156 29 0
157 29 0
159 29 0
160 29 0
162 29 0
163 29 0
164 29 0
165 29 0
168 29 0
170 29 0
171 29 0
172 29 0
173 29 0
174 29 0
177 29 0
179 29 0
181 29 0
182 29 0
30 30 0
31 30 0
32 30 0
39 30 0
55 30 0
76 30 0
77 30 0
146 30 0
147 30 0
148 30 0
150 30 0
151 30 0
156 30 0
157 30 0
159 30 0
160 30 0
161 30 0
162 30 0
163 30 0
167 30 0
169 30 0
170 30 0
171 30 0
172 30 0
173 30 0
174 30 0
177 30 0
181 30 0
182 30 0
184 30 0
31 31 0
32 31 0
33 31 0
55 31 0
60 31 0
61 31 0
70 31 0
71 31 0
75 31 0
76 31 0
77 31 0
123 31 0
133 31 0
134 31 0
137 31 0
145 31 0
146 31 0
147 31 0
148 31 0
151 31 0
154 31 0
157 31 0
159 31 0
162 31 0
163 31 0
164 31 0
166 31 0
167 31 0
168 31 0
169 31 0
170 31 0
172 31 0
175 31 0
181 31 0
27 32 0
31 32 0
32 32 0
33 32 0
34 32 0
52 32 0
70 32 0
74 32 0
75 32 0
76 32 0
77 32 0
95 32 0
115 32 0
117 32 0
122 32 0
139 32 0
145 32 0
146 32 0
147 32 0
148 32 0
151 32 0
152 32 0
159 32 0
163 32 0
164 32 0
165 32 0
166 32 0
167 32 0
168 32 0
169 32 0
170 32 0
172 32 0
175 32 0
31 33 0
32 33 0
33 33 0
75 33 0
95 33 0
107 33 0
108 33 0
138 33 0
139 33 0
141 33 0
142 33 0
145 33 0
146 33 0
147 33 0
148 33 0
150 33 0
153 33 0
155 33 0
156 33 0
157 33 0
158 33 0
159 33 0
161 33 0
162 33 0
164 33 0
165 33 0
167 33 0
169 33 0
171 33 0
172 33 0
173 33 0
175 33 0
177 33 0
178 33 0
179 33 0
32 34 0
33 34 0
34 34 0
60 34 0
70 34 0
74 34 0
75 34 0
77 34 0
95 34 0
113 34 0
114 34 0
145 34 0
146 34 0
147 34 0
148 34 0
149 34 0
151 34 0
153 34 0
154 34 0
155 34 0
161 34 0
163 34 0
164 34 0
165 34 0
166 34 0
167 34 0
168 34 0
169 34 0
170 34 0
171 34 0
172 34 0
173 34 0
174 34 0
175 34 0
177 34 0
179 34 0
32 35 0
33 35 0
34 35 0
74 35 0
75 35 0
76 35 0
77 35 0
78 35 0
137 35 0
142 35 0
146 35 0
147 35 0
148 35 0
149 35 0
150 35 0
151 35 0
153 35 0
157 35 0
158 35 0
159 35 0
160 35 0
161 35 0
163 35 0
164 35 0
165 35 0
166 35 0
167 35 0
168 35 0
169 35 0
170 35 0
171 35 0
172 35 0
173 35 0
174 35 0
175 35 0
177 35 0
31 36 0
32 36 0
33 36 0
34 36 0
61 36 0
69 36 0
70 36 0
75 36 0
76 36 0
77 36 0
78 36 0
82 36 0
137 36 0
142 36 0
143 36 0
146 36 0
147 36 0
148 36 0
149 36 0
151 36 0
152 36 0
154 36 0
155 36 0
157 36 0
158 36 0
159 36 0
160 36 0
161 36 0
162 36 0
163 36 0
164 36 0
165 36 0
166 36 0
167 36 0
169 36 0
170 36 0
171 36 0
173 36 0
174 36 0
175 36 0
177 36 0
13 37 0
31 37 0
32 37 0
33 37 0
34 37 0
69 37 0
70 37 0
74 37 0
75 37 0
76 37 0
77 37 0
78 37 0
81 37 0
82 37 0
83 37 0
111 37 0
129 37 0
142 37 0
143 37 0
146 37 0
147 37 0
148 37 0
149 37 0
151 37 0
152 37 0
156 37 0
158 37 0
159 37 0
160 37 0
162 37 0
163 37 0
164 37 0
165 37 0
166 37 0
167 37 0
168 37 0
169 37 0
170 37 0
171 37 0
172 37 0
173 37 0
175 37 0
178 37 0
180 37 0
182 37 0
32 38 0
33 38 0
34 38 0
61 38 0
62 38 0
68 38 0
69 38 0
75 38 0
78 38 0
81 38 0
82 38 0
83 38 0
84 38 0
85 38 0
122 38 0
138 38 0
139 38 0
146 38 0
147 38 0
148 38 0
149 38 0
151 38 0
152 38 0
153 38 0
156 38 0
157 38 0
158 38 0
159 38 0
160 38 0
162 38 0
163 38 0
164 38 0
165 38 0
166 38 0
167 38 0
168 38 0
169 38 0
170 38 0
172 38 0
173 38 0
178 38 0
31 39 0
33 39 0
34 39 0
61 39 0
67 39 0
69 39 0
74 39 0
76 39 0
77 39 0
78 39 0
80 39 0
81 39 0
82 39 0
83 39 0
84 39 0
85 39 0
137 39 0
140 39 0
141 39 0
142 39 0
143 39 0
145 39 0
146 39 0
147 39 0
148 39 0
149 39 0
150 39 0
151 39 0
152 39 0
153 39 0
154 39 0
155 39 0
158 39 0
161 39 0
162 39 0
163 39 0
166 39 0
167 39 0
170 39 0
171 39 0
172 39 0
180 39 0
182 39 0
31 40 0
32 40 0
33 40 0
34 40 0
62 40 0
63 40 0
78 40 0
79 40 0
80 40 0
81 40 0
82 40 0
83 40 0
84 40 0
85 40 0
134 40 0
141 40 0
142 40 0
143 40 0
145 40 0
147 40 0
148 40 0
149 40 0
151 40 0
154 40 0
155 40 0
158 40 0
159 40 0
160 40 0
161 40 0
162 40 0
164 40 0
165 40 0
166 40 0
167 40 0
168 40 0
169 40 0
170 40 0
172 40 0
174 40 0
175 40 0
32 41 0
33 41 0
34 41 0
35 41 0
68 41 0
69 41 0
78 41 0
79 41 0
80 41 0
82 41 0
83 41 0
85 41 0
141 41 0
143 41 0
145 41 0
147 41 0
148 41 0
149 41 0
151 41 0
152 41 0
154 41 0
155 41 0
156 41 0
157 41 0
158 41 0
160 41 0
161 41 0
162 41 0
163 41 0
165 41 0
166 41 0
168 41 0
169 41 0
170 41 0
171 41 0
172 41 0
174 41 0
175 41 0
180 41 0
32 42 0
33 42 0
34 42 0
68 42 0
69 42 0
79 42 0
80 42 0
81 42 0
82 42 0
83 42 0
101 42 0
132 42 0
138 42 0
139 42 0
140 42 0
142 42 0
143 42 0
145 42 0
146 42 0
147 42 0
148 42 0
149 42 0
152 42 0
153 42 0
154 42 0
156 42 0
157 42 0
158 42 0
160 42 0
162 42 0
163 42 0
165 42 0
166 42 0
167 42 0
168 42 0
170 42 0
171 42 0
172 42 0
174 42 0
175 42 0
178 42 0
180 42 0
32 43 0
33 43 0
34 43 0
35 43 0
67 43 0
68 43 0
69 43 0
79 43 0
80 43 0
82 43 0
83 43 0
120 43 0
140 43 0
141 43 0
143 43 0
145 43 0
146 43 0
147 43 0
148 43 0
149 43 0
150 43 0
153 43 0
154 43 0
157 43 0
158 43 0
159 43 0
160 43 0
162 43 0
163 43 0
165 43 0
166 43 0
167 43 0
168 43 0
169 43 0
172 43 0
174 43 0
175 43 0
176 43 0
177 43 0
178 43 0
182 43 0
185 43 0
33 44 0
34 44 0
35 44 0
67 44 0
68 44 0
139 44 0
141 44 0
142 44 0
143 44 0
145 44 0
146 44 0
147 44 0
148 44 0
149 44 0
150 44 0
151 44 0
155 44 0
156 44 0
157 44 0
158 44 0
160 44 0
161 44 0
162 44 0
163 44 0
164 44 0
165 44 0
166 44 0
168 44 0
169 44 0
171 44 0
172 44 0
174 44 0
175 44 0
178 44 0
32 45 0
33 45 0
34 45 0
67 45 0
68 45 0
119 45 0
128 45 0
137 45 0
139 45 0
142 45 0
143 45 0
145 45 0
147 45 0
148 45 0
149 45 0
150 45 0
151 45 0
152 45 0
155 45 0
156 45 0
157 45 0
160 45 0
161 45 0
163 45 0
164 45 0
165 45 0
167 45 0
168 45 0
169 45 0
173 45 0
33 46 0
34 46 0
35 46 0
142 46 0
143 46 0
147 46 0
148 46 0
149 46 0
150 46 0
157 46 0
159 46 0
160 46 0
162 46 0
163 46 0
164 46 0
165 46 0
169 46 0
173 46 0
174 46 0
175 46 0
186 46 0
33 47 0
34 47 0
35 47 0
64 47 0
67 47 0
126 47 0
128 47 0
129 47 0
142 47 0
143 47 0
144 47 0
145 47 0
147 47 0
148 47 0
149 47 0
150 47 0
151 47 0
152 47 0
153 47 0
154 47 0
155 47 0
156 47 0
157 47 0
158 47 0
159 47 0
160 47 0
161 47 0
162 47 0
163 47 0
165 47 0
166 47 0
167 47 0
168 47 0
170 47 0
174 47 0
175 47 0
181 47 0
14 48 0
34 48 0
35 48 0
36 48 0
66 48 0
67 48 0
129 48 0
142 48 0
143 48 0
144 48 0
147 48 0
148 48 0
149 48 0
150 48 0
151 48 0
152 48 0
153 48 0
154 48 0
155 48 0
157 48 0
158 48 0
159 48 0
160 48 0
161 48 0
162 48 0
163 48 0
164 48 0
165 48 0
166 48 0
167 48 0
168 48 0
169 48 0
170 48 0
171 48 0
172 48 0
176 48 0
177 48 0
179 48 0
181 48 0
14 49 0
33 49 0
34 49 0
35 49 0
36 49 0
66 49 0
67 49 0
131 49 0
141 49 0
142 49 0
143 49 0
144 49 0
145 49 0
146 49 0
147 49 0
148 49 0
149 49 0
150 49 0
151 49 0
152 49 0
153 49 0
155 49 0
156 49 0
157 49 0
158 49 0
159 49 0
160 49 0
161 49 0
162 49 0
163 49 0
165 49 0
168 49 0
169 49 0
171 49 0
172 49 0
174 49 0
175 49 0
179 49 0
14 50 0
35 50 0
36 50 0
66 50 0
67 50 0
119 50 0
129 50 0
142 50 0
143 50 0
144 50 0
145 50 0
146 50 0
148 50 0
149 50 0
150 50 0
151 50 0
152 50 0
153 50 0
154 50 0
155 50 0
156 50 0
158 50 0
159 50 0
160 50 0
161 50 0
163 50 0
164 50 0
165 50 0
167 50 0
168 50 0
169 50 0
171 50 0
33 51 0
35 51 0
36 51 0
64 51 0
65 51 0
66 51 0
67 51 0
126 51 0
134 51 0
135 51 0
142 51 0
143 51 0
144 51 0
145 51 0
148 51 0
149 51 0
150 51 0
151 51 0
152 51 0
153 51 0
154 51 0
155 51 0
157 51 0
158 51 0
159 51 0
160 51 0
161 51 0
162 51 0
163 51 0
164 51 0
165 51 0
169 51 0
170 51 0
171 51 0
175 51 0
177 51 0
33 52 0
35 52 0
36 52 0
37 52 0
39 52 0
65 52 0
66 52 0
67 52 0
124 52 0
127 52 0
134 52 0
143 52 0
144 52 0
145 52 0
148 52 0
149 52 0
150 52 0
151 52 0
152 52 0
153 52 0
154 52 0
155 52 0
156 52 0
157 52 0
158 52 0
159 52 0
160 52 0
161 52 0
162 52 0
164 52 0
165 52 0
166 52 0
167 52 0
169 52 0
170 52 0
171 52 0
172 52 0
173 52 0
175 52 0
176 52 0
177 52 0
35 53 0
36 53 0
65 53 0
66 53 0
67 53 0
108 53 0
124 53 0
126 53 0
130 53 0
137 53 0
142 53 0
143 53 0
144 53 0
145 53 0
146 53 0
147 53 0
148 53 0
149 53 0
150 53 0
151 53 0
152 53 0
153 53 0
154 53 0
155 53 0
156 53 0
157 53 0
158 53 0
162 53 0
163 53 0
164 53 0
165 53 0
166 53 0
167 53 0
168 53 0
169 53 0
170 53 0
173 53 0
175 53 0
176 53 0
181 53 0
184 53 0
34 54 0
35 54 0
36 54 0
37 54 0
65 54 0
66 54 0
67 54 0
87 54 0
92 54 0
101 54 0
102 54 0
103 54 0
104 54 0
106 54 0
108 54 0
109 54 0
110 54 0
111 54 0
112 54 0
113 54 0
115 54 0
116 54 0
119 54 0
122 54 0
123 54 0
124 54 0
126 54 0
127 54 0
128 54 0
131 54 0
132 54 0
138 54 0
143 54 0
144 54 0
145 54 0
147 54 0
148 54 0
149 54 0
150 54 0
151 54 0
152 54 0
153 54 0
155 54 0
157 54 0
158 54 0
159 54 0
160 54 0
161 54 0
162 54 0
163 54 0
165 54 0
166 54 0
167 54 0
168 54 0
170 54 0
171 54 0
173 54 0
174 54 0
175 54 0
176 54 0
181 54 0
182 54 0
35 55 0
36 55 0
37 55 0
65 55 0
66 55 0
67 55 0
68 55 0
71 55 0
72 55 0
73 55 0
74 55 0
75 55 0
80 55 0
81 55 0
82 55 0
83 55 0
86 55 0
87 55 0
88 55 0
89 55 0
90 55 0
91 55 0
92 55 0
94 55 0
95 55 0
96 55 0
97 55 0
98 55 0
99 55 0
100 55 0
103 55 0
107 55 0
143 55 0
144 55 0
145 55 0
147 55 0
148 55 0
149 55 0
150 55 0
151 55 0
152 55 0
153 55 0
154 55 0
155 55 0
156 55 0
159 55 0
160 55 0
161 55 0
162 55 0
163 55 0
164 55 0
165 55 0
166 55 0
167 55 0
171 55 0
172 55 0
175 55 0
176 55 0
177 55 0
178 55 0
181 55 0
184 55 0
2 56 0
35 56 0
36 56 0
37 56 0
38 56 0
61 56 0
63 56 0
65 56 0
66 56 0
67 56 0
68 56 0
71 56 0
72 56 0
73 56 0
74 56 0
75 56 0
76 56 0
77 56 0
78 56 0
79 56 0
80 56 0
81 56 0
82 56 0
85 56 0
86 56 0
88 56 0
91 56 0
92 56 0
125 56 0
130 56 0
143 56 0
144 56 0
146 56 0
147 56 0
148 56 0
149 56 0
150 56 0
151 56 0
152 56 0
153 56 0
155 56 0
158 56 0
159 56 0
162 56 0
163 56 0
165 56 0
167 56 0
168 56 0
169 56 0
170 56 0
171 56 0
172 56 0
176 56 0
177 56 0
3 57 0
36 57 0
37 57 0
38 57 0
57 57 0
58 57 0
59 57 0
60 57 0
61 57 0
62 57 0
63 57 0
64 57 0
65 57 0
66 57 0
67 57 0
68 57 0
69 57 0
72 57 0
73 57 0
74 57 0
75 57 0
76 57 0
77 57 0
78 57 0
79 57 0
80 57 0
81 57 0
84 57 0
85 57 0
86 57 0
96 57 0
98 57 0
99 57 0
101 57 0
102 57 0
106 57 0
107 57 0
108 57 0
109 57 0
112 57 0
113 57 0
114 57 0
115 57 0
120 57 0
121 57 0
125 57 0
126 57 0
128 57 0
130 57 0
132 57 0
133 57 0
134 57 0
139 57 0
144 57 0
145 57 0
146 57 0
147 57 0
148 57 0
149 57 0
150 57 0
151 57 0
152 57 0
153 57 0
155 57 0
156 57 0
157 57 0
158 57 0
159 57 0
160 57 0
161 57 0
162 57 0
163 57 0
164 57 0
165 57 0
166 57 0
167 57 0
171 57 0
4 58 0
37 58 0
38 58 0
39 58 0
54 58 0
55 58 0
57 58 0
58 58 0
59 58 0
60 58 0
61 58 0
65 58 0
66 58 0
72 58 0
73 58 0
75 58 0
76 58 0
78 58 0
79 58 0
80 58 0
81 58 0
85 58 0
86 58 0
99 58 0
101 58 0
144 58 0
145 58 0
146 58 0
147 58 0
148 58 0
149 58 0
150 58 0
151 58 0
152 58 0
153 58 0
154 58 0
155 58 0
156 58 0
157 58 0
158 58 0
159 58 0
160 58 0
162 58 0
164 58 0
165 58 0
167 58 0
4 59 0
36 59 0
37 59 0
38 59 0
39 59 0
57 59 0
58 59 0
59 59 0
60 59 0
61 59 0
62 59 0
72 59 0
73 59 0
78 59 0
79 59 0
80 59 0
81 59 0
85 59 0
91 59 0
144 59 0
145 59 0
147 59 0
148 59 0
149 59 0
150 59 0
151 59 0
152 59 0
153 59 0
154 59 0
155 59 0
156 59 0
3 60 0
4 60 0
37 60 0
38 60 0
39 60 0
53 60 0
56 60 0
57 60 0
58 60 0
59 60 0
60 60 0
61 60 0
62 60 0
63 60 0
70 60 0
71 60 0
73 60 0
78 60 0
144 60 0
149 60 0
155 60 0
156 60 0
37 61 0
38 61 0
39 61 0
46 61 0
50 61 0
54 61 0
55 61 0
56 61 0
57 61 0
58 61 0
59 61 0
60 61 0
61 61 0
62 61 0
63 61 0
69 61 0
70 61 0
78 61 0
80 61 0
142 61 0
143 61 0
154 61 0
155 61 0
5 62 0
37 62 0
38 62 0
39 62 0
48 62 0
54 62 0
55 62 0
56 62 0
57 62 0
58 62 0
59 62 0
60 62 0
61 62 0
62 62 0
63 62 0
68 62 0
69 62 0
89 62 0
140 62 0
143 62 0
149 62 0
150 62 0
154 62 0
5 63 0
37 63 0
38 63 0
39 63 0
46 63 0
47 63 0
48 63 0
49 63 0
59 63 0
60 63 0
61 63 0
62 63 0
63 63 0
141 63 0
145 63 0
146 63 0
150 63 0
151 63 0
152 63 0
154 63 0
5 64 0
6 64 0
38 64 0
39 64 0
40 64 0
45 64 0
46 64 0
47 64 0
48 64 0
49 64 0
55 64 0
59 64 0
60 64 0
61 64 0
63 64 0
135 64 0
136 64 0
137 64 0
140 64 0
144 64 0
145 64 0
146 64 0
149 64 0
5 65 0
37 65 0
38 65 0
39 65 0
40 65 0
47 65 0
54 65 0
59 65 0
60 65 0
61 65 0
64 65 0
5 66 0
6 66 0
37 66 0
38 66 0
39 66 0
40 66 0
41 66 0
44 66 0
59 66 0
68 66 0
72 66 0
79 66 0
83 66 0
89 66 0
90 66 0
104 66 0
121 66 0
130 66 0
6 67 0
38 67 0
39 67 0
40 67 0
41 67 0
53 67 0
64 67 0
67 67 0
68 67 0
72 67 0
80 67 0
86 67 0
87 67 0
90 67 0
91 67 0
104 67 0
107 67 0
130 67 0
133 67 0
136 67 0
137 67 0
138 67 0
140 67 0
145 67 0
153 67 0
6 68 0
7 68 0
38 68 0
39 68 0
40 68 0
41 68 0
66 68 0
67 68 0
70 68 0
76 68 0
79 68 0
86 68 0
87 68 0
90 68 0
91 68 0
92 68 0
153 68 0
6 69 0
7 69 0
38 69 0
39 69 0
40 69 0
41 69 0
169 69 0
6 70 0
7 70 0
38 70 0
39 70 0
40 70 0
41 70 0
161 70 0
164 70 0
165 70 0
166 70 0
167 70 0
168 70 0
169 70 0
170 70 0
171 70 0
172 70 0
180 70 0
6 71 0
7 71 0
8 71 0
40 71 0
41 71 0
66 71 0
158 71 0
159 71 0
160 71 0
161 71 0
162 71 0
163 71 0
164 71 0
165 71 0
166 71 0
167 71 0
168 71 0
169 71 0
170 71 0
171 71 0
172 71 0
174 71 0
175 71 0
176 71 0
177 71 0
178 71 0
179 71 0
180 71 0
183 71 0
7 72 0
8 72 0
40 72 0
41 72 0
55 72 0
156 72 0
157 72 0
158 72 0
159 72 0
160 72 0
161 72 0
162 72 0
163 72 0
164 72 0
165 72 0
166 72 0
167 72 0
168 72 0
169 72 0
170 72 0
171 72 0
172 72 0
175 72 0
176 72 0
7 73 0
8 73 0
39 73 0
55 73 0
66 73 0
156 73 0
158 73 0
159 73 0
161 73 0
162 73 0
164 73 0
167 73 0
168 73 0
171 73 0
7 74 0
8 74 0
31 74 0
1 75 0
6 75 0
7 75 0
8 75 0
9 75 0
7 76 0
8 76 0
9 76 0
7 77 0
8 77 0
9 77 0
10 77 0
7 78 0
8 78 0
9 78 0
10 78 0
7 79 0
8 79 0
9 79 0
10 79 0
7 80 0
8 80 0
9 80 0
10 80 0
7 81 0
10 81 0
10 82 0
92 85 0
102 101 0
103 101 0
101 102 0
103 102 0
100 103 0
118 135 0
122 135 0
123 136 0
4 1 1
6 2 1
4 3 1
3 4 1
3 7 1
2 8 1
4 9 1
2 10 1
6 12 1
4 13 1
5 13 1
2 15 1
2 16 1
4 16 1
4 17 1
5 18 1
4 21 1
2 22 1
3 22 1
4 23 1
5 25 1
2 26 1
12 33 1
4 34 1
3 35 1
4 35 1
2 36 1
4 36 1
6 36 1
1 37 1
2 37 1
4 37 1
1 38 1
2 38 1
3 38 1
4 38 1
1 39 1
14 39 1
16 39 1
4 41 1
6 43 1
10 44 1
11 44 1
9 45 1
10 45 1
12 45 1
2 46 1
3 46 1
10 46 1
2 47 1
4 47 1
6 47 1
2 49 1
9 80 1
10 80 1
11 80 1
12 80 1
9 81 1
10 81 1
11 81 1
12 81 1
13 81 1
1 82 1
9 82 1
10 82 1
11 82 1
12 82 1
13 82 1
3 83 1
4 83 1
5 83 1
6 83 1
9 83 1
10 83 1
11 83 1
12 83 1
13 83 1
1 84 1
2 84 1
3 84 1
4 84 1
5 84 1
6 84 1
7 84 1
8 84 1
9 84 1
13 84 1
1 85 1
2 85 1
3 85 1
4 85 1
5 85 1
8 85 1
9 85 1
12 85 1
14 85 1
1 86 1
2 86 1
3 86 1
4 86 1
5 86 1
6 86 1
8 86 1
13 86 1
1 87 1
2 87 1
3 87 1
4 87 1
5 87 1
1 88 1
2 88 1
3 88 1
4 88 1
10 88 1
1 89 1
2 89 1
3 89 1
5 89 1
12 89 1
1 90 1
2 90 1
17 90 1
26 90 1
4 91 1
8 91 1
12 91 1
21 91 1
3 92 1
9 92 1
2 93 1
14 93 1
16 93 1
19 93 1
4 94 1
5 94 1
14 94 1
17 94 1
11 95 1
2 96 1
10 96 1
16 96 1
18 96 1
16 97 1
19 97 1
2 98 1
10 98 1
8 99 1
9 99 1
10 99 1
2 100 1
8 100 1
18 100 1
5 101 1
6 101 1
8 101 1
12 101 1
13 101 1
18 101 1
19 101 1
3 102 1
4 102 1
5 102 1
7 102 1
8 102 1
10 102 1
16 102 1
1 103 1
2 103 1
4 103 1
7 103 1
9 103 1
10 103 1
16 103 1
17 103 1
18 103 1
19 103 1
1 104 1
2 104 1
3 104 1
7 104 1
8 104 1
1 105 1
2 105 1
3 105 1
4 105 1
12 105 1
15 105 1
16 105 1
17 105 1
1 106 1
2 106 1
9 106 1
13 106 1
14 106 1
15 106 1
16 106 1
17 106 1
19 106 1
2 107 1
5 107 1
6 107 1
14 107 1
1 108 1
2 108 1
4 108 1
6 108 1
5 109 1
10 109 1
12 109 1
1 110 1
2 110 1
4 110 1
8 110 1
12 110 1
16 110 1
19 110 1
4 111 1
14 111 1
4 112 1
6 112 1
10 112 1
2 113 1
3 113 1
4 113 1
6 113 1
8 113 1
10 113 1
12 113 1
16 113 1
4 114 1
5 114 1
19 114 1
6 115 1
8 115 1
2 116 1
7 116 1
16 116 1
1 117 1
2 117 1
10 117 1
13 117 1
14 117 1
16 117 1
18 117 1
4 118 1
5 118 1
16 118 1
2 119 1
5 119 1
6 119 1
14 119 1
1 120 1
2 120 1
1 121 1
6 121 1
8 121 1
10 121 1
17 121 1
18 121 1
1 122 1
3 122 1
13 122 1
2 123 1
7 123 1
8 123 1
11 123 1
13 123 1
18 123 1
4 124 1
5 124 1
7 124 1
6 125 1
2 126 1
14 126 1
3 127 1
5 127 1
10 127 1
1 128 1
4 128 1
5 128 1
7 128 1
11 128 1
18 128 1
11 129 1
18 129 1
13 130 1
18 130 1
3 131 1
7 131 1
14 131 1
18 131 1
9 132 1
11 132 1
13 132 1
19 133 1
1 134 1
9 134 1
11 134 1
11 135 1
15 135 1
19 135 1
24 135 1
5 136 1
2 137 1
4 137 1
10 137 1
16 137 1
6 138 1
16 138 1
2 139 1
9 139 1
14 139 1
16 139 1
6 140 1
10 140 1
11 140 1
14 140 1
12 141 1
17 141 1
1 142 1
2 142 1
12 142 1
15 142 1
16 142 1
17 142 1
18 142 1
7 144 1
18 144 1
19 144 1
3 145 1
4 145 1
14 145 1
2 146 1
5 146 1
9 146 1
10 146 1
12 146 1
13 146 1
1 147 1
4 147 1
8 147 1
14 147 1
6 148 1
16 148 1
18 148 1
19 148 1
7 149 1
13 149 1
15 149 1
18 149 1
18 150 1
7 151 1
12 151 1
2 152 1
3 152 1
7 153 1
10 154 1
19 154 1
3 155 1
6 155 1
7 155 1
3 156 1
12 157 1
14 157 1
16 157 1
4 158 1
6 158 1
10 158 1
12 158 1
16 158 1
1 159 1
6 159 1
8 160 1
11 160 1
2 161 1
11 161 1
13 161 1
14 161 1
6 162 1
8 162 1
16 162 1
5 163 1
6 163 1
7 163 1
11 163 1
16 163 1
19 163 1
7 164 1
10 164 1
16 164 1
18 164 1
6 165 1
10 165 1
13 165 1
18 165 1
2 166 1
5 166 1
9 166 1
10 166 1
26 166 1
9 167 1
6 168 1
10 169 1
11 169 1
12 169 1
18 169 1
6 170 1
15 170 1
8 171 1
16 171 1
15 172 1
16 172 1
3 173 1
8 173 1
1 174 1
2 174 1
8 174 1
1 176 1
14 176 1
1 177 1
3 177 1
13 177 1
94 139 2
95 139 2
96 139 2
102 139 2
103 139 2
104 139 2
92 140 2
93 140 2
94 140 2
95 140 2
96 140 2
97 140 2
101 140 2
102 140 2
103 140 2
91 141 2
92 141 2
93 141 2
94 141 2
95 141 2
96 141 2
97 141 2
102 141 2
103 141 2
91 142 2
92 142 2
93 142 2
95 142 2
96 142 2
100 142 2
101 142 2
102 142 2
91 143 2
95 143 2
96 143 2
97 143 2
98 143 2
99 143 2
100 143 2
101 143 2
102 143 2
103 143 2
94 144 2
95 144 2
96 144 2
97 144 2
98 144 2
99 144 2
100 144 2
101 144 2
102 144 2
103 144 2
104 144 2
95 145 2
97 145 2
98 145 2
99 145 2
100 145 2
101 145 2
102 145 2
103 145 2
104 145 2
88 146 2
97 146 2
98 146 2
99 146 2
100 146 2
101 146 2
102 146 2
103 146 2
88 147 2
89 147 2
97 147 2
98 147 2
99 147 2
100 147 2
101 147 2
102 147 2
87 148 2
88 148 2
89 148 2
92 148 2
93 148 2
97 148 2
98 148 2
99 148 2
100 148 2
101 148 2
88 149 2
89 149 2
91 149 2
92 149 2
93 149 2
98 149 2
99 149 2
100 149 2
101 149 2
91 150 2
92 150 2
93 150 2
94 150 2
98 150 2
99 150 2
100 150 2
101 150 2
91 151 2
92 151 2
93 151 2
96 151 2
98 151 2
99 151 2
100 151 2
101 151 2
102 151 2
92 152 2
93 152 2
97 152 2
99 152 2
100 152 2
101 152 2
92 153 2
100 153 2
101 153 2
