18 1 0
30 1 0
31 1 0
42 1 0
44 1 0
45 1 0
46 1 0
47 1 0
89 1 0
119 1 0
120 1 0
121 1 0
122 1 0
123 1 0
124 1 0
125 1 0
132 1 0
18 2 0
30 2 0
31 2 0
40 2 0
41 2 0
42 2 0
44 2 0
45 2 0
46 2 0
47 2 0
51 2 0
53 2 0
55 2 0
89 2 0
90 2 0
101 2 0
102 2 0
103 2 0
116 2 0
118 2 0
119 2 0
120 2 0
121 2 0
122 2 0
123 2 0
125 2 0
126 2 0
131 2 0
167 2 0
171 2 0
172 2 0
173 2 0
174 2 0
26 3 0
29 3 0
30 3 0
31 3 0
39 3 0
41 3 0
44 3 0
45 3 0
46 3 0
47 3 0
49 3 0
52 3 0
55 3 0
90 3 0
103 3 0
114 3 0
116 3 0
117 3 0
118 3 0
119 3 0
120 3 0
122 3 0
123 3 0
124 3 0
125 3 0
126 3 0
127 3 0
129 3 0
167 3 0
168 3 0
169 3 0
173 3 0
175 3 0
25 4 0
26 4 0
30 4 0
31 4 0
41 4 0
42 4 0
44 4 0
45 4 0
47 4 0
49 4 0
51 4 0
52 4 0
53 4 0
87 4 0
88 4 0
89 4 0
90 4 0
101 4 0
103 4 0
115 4 0
117 4 0
118 4 0
119 4 0
120 4 0
121 4 0
122 4 0
123 4 0
124 4 0
125 4 0
126 4 0
127 4 0
128 4 0
129 4 0
130 4 0
131 4 0
173 4 0
174 4 0
175 4 0
176 4 0
30 5 0
31 5 0
39 5 0
40 5 0
44 5 0
45 5 0
46 5 0
47 5 0
48 5 0
51 5 0
52 5 0
53 5 0
90 5 0
103 5 0
115 5 0
116 5 0
117 5 0
118 5 0
119 5 0
120 5 0
121 5 0
122 5 0
123 5 0
124 5 0
125 5 0
126 5 0
127 5 0
164 5 0
167 5 0
173 5 0
174 5 0
19 6 0
30 6 0
31 6 0
44 6 0
45 6 0
47 6 0
48 6 0
51 6 0
52 6 0
88 6 0
89 6 0
113 6 0
114 6 0
116 6 0
117 6 0
118 6 0
119 6 0
120 6 0
121 6 0
122 6 0
123 6 0
124 6 0
125 6 0
126 6 0
127 6 0
128 6 0
129 6 0
173 6 0
174 6 0
175 6 0
179 6 0
26 7 0
30 7 0
31 7 0
39 7 0
41 7 0
42 7 0
49 7 0
50 7 0
51 7 0
52 7 0
110 7 0
113 7 0
114 7 0
115 7 0
116 7 0
117 7 0
118 7 0
119 7 0
120 7 0
121 7 0
122 7 0
123 7 0
124 7 0
125 7 0
126 7 0
127 7 0
128 7 0
129 7 0
138 7 0
173 7 0
174 7 0
180 7 0
26 8 0
27 8 0
29 8 0
31 8 0
40 8 0
41 8 0
48 8 0
50 8 0
101 8 0
112 8 0
113 8 0
114 8 0
115 8 0
116 8 0
117 8 0
118 8 0
119 8 0
120 8 0
121 8 0
122 8 0
123 8 0
124 8 0
125 8 0
126 8 0
127 8 0
128 8 0
129 8 0
130 8 0
131 8 0
136 8 0
138 8 0
172 8 0
175 8 0
25 9 0
26 9 0
31 9 0
37 9 0
39 9 0
42 9 0
48 9 0
49 9 0
55 9 0
57 9 0
58 9 0
103 9 0
110 9 0
112 9 0
115 9 0
116 9 0
117 9 0
118 9 0
119 9 0
120 9 0
121 9 0
122 9 0
123 9 0
124 9 0
125 9 0
126 9 0
127 9 0
128 9 0
129 9 0
130 9 0
131 9 0
133 9 0
138 9 0
171 9 0
178 9 0
26 10 0
31 10 0
42 10 0
57 10 0
58 10 0
109 10 0
112 10 0
114 10 0
115 10 0
116 10 0
117 10 0
118 10 0
119 10 0
120 10 0
121 10 0
122 10 0
123 10 0
124 10 0
125 10 0
126 10 0
127 10 0
128 10 0
129 10 0
130 10 0
131 10 0
132 10 0
133 10 0
172 10 0
44 11 0
47 11 0
55 11 0
58 11 0
104 11 0
109 11 0
110 11 0
111 11 0
115 11 0
116 11 0
117 11 0
118 11 0
119 11 0
120 11 0
121 11 0
122 11 0
123 11 0
124 11 0
125 11 0
126 11 0
127 11 0
128 11 0
129 11 0
130 11 0
131 11 0
132 11 0
133 11 0
137 11 0
141 11 0
172 11 0
173 11 0
174 11 0
175 11 0
27 12 0
39 12 0
55 12 0
56 12 0
100 12 0
101 12 0
102 12 0
103 12 0
104 12 0
105 12 0
109 12 0
111 12 0
112 12 0
113 12 0
115 12 0
116 12 0
117 12 0
118 12 0
119 12 0
120 12 0
121 12 0
122 12 0
123 12 0
124 12 0
125 12 0
126 12 0
127 12 0
128 12 0
129 12 0
130 12 0
131 12 0
132 12 0
133 12 0
134 12 0
135 12 0
136 12 0
137 12 0
138 12 0
168 12 0
172 12 0
173 12 0
174 12 0
175 12 0
180 12 0
183 12 0
184 12 0
57 13 0
58 13 0
98 13 0
99 13 0
101 13 0
104 13 0
105 13 0
110 13 0
111 13 0
113 13 0
114 13 0
116 13 0
117 13 0
118 13 0
119 13 0
120 13 0
121 13 0
122 13 0
123 13 0
124 13 0
125 13 0
126 13 0
127 13 0
128 13 0
129 13 0
130 13 0
131 13 0
132 13 0
133 13 0
135 13 0
170 13 0
173 13 0
174 13 0
175 13 0
176 13 0
178 13 0
19 14 0
20 14 0
40 14 0
56 14 0
98 14 0
99 14 0
100 14 0
101 14 0
105 14 0
106 14 0
107 14 0
108 14 0
112 14 0
113 14 0
114 14 0
115 14 0
116 14 0
117 14 0
118 14 0
119 14 0
120 14 0
121 14 0
122 14 0
123 14 0
124 14 0
125 14 0
126 14 0
127 14 0
128 14 0
130 14 0
131 14 0
134 14 0
167 14 0
170 14 0
171 14 0
172 14 0
173 14 0
174 14 0
175 14 0
176 14 0
34 15 0
57 15 0
58 15 0
97 15 0
98 15 0
99 15 0
100 15 0
102 15 0
103 15 0
104 15 0
105 15 0
106 15 0
107 15 0
110 15 0
113 15 0
114 15 0
115 15 0
116 15 0
117 15 0
118 15 0
119 15 0
120 15 0
121 15 0
122 15 0
123 15 0
124 15 0
125 15 0
126 15 0
127 15 0
128 15 0
129 15 0
131 15 0
133 15 0
134 15 0
144 15 0
145 15 0
170 15 0
173 15 0
174 15 0
175 15 0
176 15 0
177 15 0
179 15 0
180 15 0
186 15 0
2 16 0
14 16 0
19 16 0
20 16 0
57 16 0
59 16 0
97 16 0
99 16 0
100 16 0
104 16 0
106 16 0
107 16 0
113 16 0
114 16 0
117 16 0
118 16 0
119 16 0
120 16 0
121 16 0
122 16 0
123 16 0
124 16 0
125 16 0
126 16 0
127 16 0
128 16 0
134 16 0
173 16 0
174 16 0
175 16 0
176 16 0
177 16 0
178 16 0
2 17 0
19 17 0
20 17 0
99 17 0
125 17 0
127 17 0
170 17 0
174 17 0
175 17 0
176 17 0
177 17 0
178 17 0
180 17 0
182 17 0
1 18 0
2 18 0
3 18 0
8 18 0
58 18 0
86 18 0
119 18 0
170 18 0
171 18 0
172 18 0
174 18 0
175 18 0
176 18 0
180 18 0
1 19 0
2 19 0
3 19 0
58 19 0
59 19 0
60 19 0
61 19 0
100 19 0
108 19 0
171 19 0
174 19 0
175 19 0
176 19 0
1 20 0
2 20 0
3 20 0
8 20 0
19 20 0
58 20 0
59 20 0
100 20 0
102 20 0
108 20 0
169 20 0
170 20 0
173 20 0
174 20 0
175 20 0
177 20 0
178 20 0
1 21 0
2 21 0
3 21 0
23 21 0
57 21 0
58 21 0
99 21 0
100 21 0
102 21 0
132 21 0
170 21 0
173 21 0
174 21 0
175 21 0
176 21 0
178 21 0
1 22 0
2 22 0
3 22 0
22 22 0
23 22 0
56 22 0
57 22 0
58 22 0
59 22 0
61 22 0
98 22 0
104 22 0
134 22 0
172 22 0
173 22 0
175 22 0
176 22 0
177 22 0
179 22 0
180 22 0
184 22 0
1 23 0
2 23 0
3 23 0
7 23 0
15 23 0
21 23 0
22 23 0
23 23 0
57 23 0
58 23 0
96 23 0
103 23 0
104 23 0
105 23 0
141 23 0
170 23 0
171 23 0
173 23 0
175 23 0
176 23 0
177 23 0
2 24 0
3 24 0
7 24 0
15 24 0
16 24 0
22 24 0
23 24 0
57 24 0
58 24 0
59 24 0
98 24 0
99 24 0
103 24 0
104 24 0
105 24 0
108 24 0
162 24 0
163 24 0
170 24 0
173 24 0
174 24 0
175 24 0
176 24 0
177 24 0
180 24 0
1 25 0
2 25 0
3 25 0
15 25 0
22 25 0
23 25 0
28 25 0
38 25 0
57 25 0
58 25 0
59 25 0
60 25 0
87 25 0
98 25 0
103 25 0
104 25 0
105 25 0
169 25 0
171 25 0
173 25 0
174 25 0
175 25 0
176 25 0
177 25 0
1 26 0
2 26 0
3 26 0
4 26 0
17 26 0
22 26 0
23 26 0
38 26 0
57 26 0
58 26 0
59 26 0
97 26 0
98 26 0
103 26 0
104 26 0
105 26 0
159 26 0
160 26 0
171 26 0
172 26 0
173 26 0
174 26 0
175 26 0
177 26 0
178 26 0
1 27 0
2 27 0
3 27 0
4 27 0
15 27 0
16 27 0
22 27 0
38 27 0
59 27 0
88 27 0
96 27 0
98 27 0
102 27 0
103 27 0
104 27 0
105 27 0
171 27 0
174 27 0
175 27 0
176 27 0
177 27 0
1 28 0
2 28 0
3 28 0
4 28 0
17 28 0
22 28 0
37 28 0
38 28 0
57 28 0
59 28 0
60 28 0
89 28 0
95 28 0
96 28 0
98 28 0
103 28 0
105 28 0
174 28 0
175 28 0
176 28 0
177 28 0
1 29 0
2 29 0
3 29 0
4 29 0
16 29 0
59 29 0
60 29 0
95 29 0
96 29 0
97 29 0
103 29 0
105 29 0
173 29 0
174 29 0
175 29 0
176 29 0
177 29 0
178 29 0
1 30 0
2 30 0
3 30 0
4 30 0
59 30 0
89 30 0
96 30 0
97 30 0
103 30 0
104 30 0
105 30 0
109 30 0
110 30 0
146 30 0
174 30 0
175 30 0
176 30 0
177 30 0
178 30 0
1 31 0
2 31 0
3 31 0
4 31 0
5 31 0
15 31 0
58 31 0
59 31 0
89 31 0
96 31 0
97 31 0
104 31 0
105 31 0
109 31 0
110 31 0
167 31 0
171 31 0
174 31 0
175 31 0
176 31 0
177 31 0
1 32 0
2 32 0
3 32 0
4 32 0
5 32 0
24 32 0
25 32 0
57 32 0
58 32 0
59 32 0
96 32 0
102 32 0
104 32 0
105 32 0
110 32 0
113 32 0
167 32 0
172 32 0
174 32 0
175 32 0
176 32 0
177 32 0
178 32 0
1 33 0
2 33 0
3 33 0
4 33 0
5 33 0
25 33 0
46 33 0
94 33 0
95 33 0
96 33 0
108 33 0
109 33 0
110 33 0
111 33 0
112 33 0
113 33 0
114 33 0
135 33 0
137 33 0
144 33 0
163 33 0
172 33 0
174 33 0
175 33 0
176 33 0
177 33 0
178 33 0
180 33 0
183 33 0
1 34 0
2 34 0
3 34 0
4 34 0
5 34 0
21 34 0
25 34 0
59 34 0
94 34 0
95 34 0
96 34 0
107 34 0
108 34 0
110 34 0
112 34 0
113 34 0
144 34 0
163 34 0
170 34 0
173 34 0
175 34 0
176 34 0
177 34 0
1 35 0
2 35 0
3 35 0
4 35 0
5 35 0
24 35 0
25 35 0
57 35 0
59 35 0
60 35 0
95 35 0
96 35 0
106 35 0
107 35 0
108 35 0
109 35 0
110 35 0
111 35 0
113 35 0
157 35 0
166 35 0
170 35 0
172 35 0
173 35 0
174 35 0
175 35 0
176 35 0
177 35 0
181 35 0
186 35 0
1 36 0
2 36 0
3 36 0
4 36 0
5 36 0
21 36 0
22 36 0
24 36 0
25 36 0
59 36 0
60 36 0
94 36 0
95 36 0
96 36 0
107 36 0
108 36 0
109 36 0
110 36 0
111 36 0
166 36 0
170 36 0
171 36 0
172 36 0
173 36 0
175 36 0
176 36 0
177 36 0
178 36 0
180 36 0
181 36 0
184 36 0
1 37 0
2 37 0
3 37 0
4 37 0
5 37 0
93 37 0
94 37 0
95 37 0
170 37 0
171 37 0
172 37 0
173 37 0
175 37 0
176 37 0
177 37 0
178 37 0
179 37 0
1 38 0
2 38 0
3 38 0
4 38 0
5 38 0
6 38 0
56 38 0
60 38 0
93 38 0
94 38 0
95 38 0
124 38 0
168 38 0
171 38 0
172 38 0
175 38 0
176 38 0
177 38 0
178 38 0
182 38 0
1 39 0
2 39 0
3 39 0
4 39 0
5 39 0
6 39 0
39 39 0
57 39 0
93 39 0
94 39 0
154 39 0
168 39 0
170 39 0
171 39 0
172 39 0
174 39 0
175 39 0
176 39 0
177 39 0
178 39 0
179 39 0
182 39 0
1 40 0
2 40 0
3 40 0
4 40 0
5 40 0
6 40 0
38 40 0
60 40 0
61 40 0
64 40 0
94 40 0
168 40 0
170 40 0
171 40 0
174 40 0
175 40 0
176 40 0
177 40 0
178 40 0
1 41 0
2 41 0
3 41 0
4 41 0
5 41 0
6 41 0
38 41 0
56 41 0
60 41 0
61 41 0
93 41 0
143 41 0
146 41 0
160 41 0
162 41 0
167 41 0
168 41 0
171 41 0
172 41 0
173 41 0
174 41 0
175 41 0
176 41 0
177 41 0
178 41 0
182 41 0
1 42 0
2 42 0
3 42 0
4 42 0
5 42 0
6 42 0
60 42 0
61 42 0
62 42 0
92 42 0
93 42 0
131 42 0
160 42 0
171 42 0
172 42 0
173 42 0
175 42 0
176 42 0
177 42 0
178 42 0
180 42 0
181 42 0
182 42 0
1 43 0
2 43 0
3 43 0
4 43 0
5 43 0
6 43 0
60 43 0
61 43 0
62 43 0
93 43 0
159 43 0
162 43 0
166 43 0
170 43 0
171 43 0
172 43 0
173 43 0
174 43 0
175 43 0
176 43 0
177 43 0
178 43 0
180 43 0
181 43 0
184 43 0
1 44 0
2 44 0
3 44 0
4 44 0
5 44 0
6 44 0
7 44 0
60 44 0
61 44 0
62 44 0
92 44 0
93 44 0
146 44 0
170 44 0
171 44 0
172 44 0
174 44 0
175 44 0
176 44 0
177 44 0
178 44 0
180 44 0
181 44 0
2 45 0
3 45 0
4 45 0
5 45 0
6 45 0
59 45 0
61 45 0
62 45 0
92 45 0
93 45 0
117 45 0
170 45 0
171 45 0
172 45 0
173 45 0
174 45 0
175 45 0
176 45 0
177 45 0
178 45 0
179 45 0
182 45 0
2 46 0
3 46 0
4 46 0
5 46 0
6 46 0
7 46 0
61 46 0
62 46 0
63 46 0
92 46 0
93 46 0
162 46 0
172 46 0
173 46 0
174 46 0
175 46 0
176 46 0
177 46 0
178 46 0
179 46 0
180 46 0
181 46 0
182 46 0
2 47 0
3 47 0
4 47 0
5 47 0
6 47 0
7 47 0
61 47 0
62 47 0
63 47 0
91 47 0
92 47 0
93 47 0
94 47 0
170 47 0
171 47 0
172 47 0
173 47 0
174 47 0
175 47 0
176 47 0
177 47 0
178 47 0
179 47 0
181 47 0
183 47 0
184 47 0
2 48 0
3 48 0
4 48 0
5 48 0
6 48 0
7 48 0
8 48 0
61 48 0
62 48 0
64 48 0
90 48 0
91 48 0
92 48 0
93 48 0
94 48 0
171 48 0
172 48 0
173 48 0
174 48 0
175 48 0
176 48 0
177 48 0
178 48 0
179 48 0
180 48 0
181 48 0
182 48 0
2 49 0
3 49 0
4 49 0
5 49 0
6 49 0
7 49 0
61 49 0
62 49 0
63 49 0
64 49 0
88 49 0
89 49 0
92 49 0
93 49 0
94 49 0
95 49 0
98 49 0
99 49 0
101 49 0
102 49 0
106 49 0
117 49 0
118 49 0
119 49 0
124 49 0
168 49 0
171 49 0
172 49 0
173 49 0
174 49 0
175 49 0
176 49 0
177 49 0
178 49 0
179 49 0
2 50 0
3 50 0
4 50 0
5 50 0
6 50 0
7 50 0
8 50 0
63 50 0
64 50 0
72 50 0
83 50 0
84 50 0
85 50 0
86 50 0
87 50 0
88 50 0
93 50 0
94 50 0
95 50 0
97 50 0
98 50 0
100 50 0
101 50 0
102 50 0
105 50 0
106 50 0
170 50 0
172 50 0
173 50 0
174 50 0
175 50 0
176 50 0
177 50 0
178 50 0
179 50 0
180 50 0
185 50 0
3 51 0
4 51 0
5 51 0
6 51 0
7 51 0
8 51 0
63 51 0
64 51 0
72 51 0
82 51 0
83 51 0
84 51 0
85 51 0
86 51 0
87 51 0
88 51 0
91 51 0
97 51 0
98 51 0
101 51 0
102 51 0
103 51 0
105 51 0
106 51 0
107 51 0
172 51 0
173 51 0
174 51 0
175 51 0
176 51 0
177 51 0
178 51 0
179 51 0
180 51 0
183 51 0
184 51 0
3 52 0
4 52 0
5 52 0
6 52 0
7 52 0
8 52 0
9 52 0
62 52 0
63 52 0
64 52 0
74 52 0
78 52 0
81 52 0
82 52 0
83 52 0
84 52 0
85 52 0
86 52 0
87 52 0
88 52 0
89 52 0
99 52 0
100 52 0
101 52 0
102 52 0
103 52 0
105 52 0
106 52 0
107 52 0
111 52 0
112 52 0
113 52 0
172 52 0
173 52 0
174 52 0
175 52 0
176 52 0
177 52 0
178 52 0
179 52 0
182 52 0
2 53 0
4 53 0
5 53 0
6 53 0
7 53 0
8 53 0
62 53 0
63 53 0
64 53 0
65 53 0
72 53 0
74 53 0
75 53 0
76 53 0
80 53 0
81 53 0
82 53 0
83 53 0
84 53 0
85 53 0
86 53 0
87 53 0
88 53 0
89 53 0
97 53 0
98 53 0
99 53 0
100 53 0
172 53 0
173 53 0
174 53 0
175 53 0
176 53 0
177 53 0
178 53 0
179 53 0
183 53 0
184 53 0
3 54 0
4 54 0
5 54 0
6 54 0
7 54 0
8 54 0
62 54 0
63 54 0
64 54 0
65 54 0
72 54 0
73 54 0
74 54 0
75 54 0
76 54 0
77 54 0
80 54 0
83 54 0
84 54 0
85 54 0
86 54 0
87 54 0
88 54 0
89 54 0
94 54 0
95 54 0
96 54 0
97 54 0
98 54 0
172 54 0
173 54 0
174 54 0
175 54 0
176 54 0
177 54 0
178 54 0
179 54 0
2 55 0
3 55 0
4 55 0
5 55 0
6 55 0
7 55 0
8 55 0
9 55 0
62 55 0
63 55 0
64 55 0
65 55 0
70 55 0
73 55 0
83 55 0
84 55 0
85 55 0
86 55 0
87 55 0
88 55 0
89 55 0
91 55 0
93 55 0
94 55 0
95 55 0
173 55 0
174 55 0
175 55 0
176 55 0
177 55 0
178 55 0
179 55 0
180 55 0
181 55 0
183 55 0
3 56 0
4 56 0
5 56 0
6 56 0
7 56 0
8 56 0
9 56 0
62 56 0
63 56 0
64 56 0
65 56 0
73 56 0
81 56 0
82 56 0
84 56 0
85 56 0
86 56 0
87 56 0
88 56 0
89 56 0
91 56 0
92 56 0
93 56 0
115 56 0
172 56 0
173 56 0
174 56 0
175 56 0
176 56 0
177 56 0
178 56 0
179 56 0
180 56 0
181 56 0
182 56 0
183 56 0
2 57 0
3 57 0
4 57 0
5 57 0
6 57 0
7 57 0
8 57 0
63 57 0
64 57 0
65 57 0
69 57 0
72 57 0
73 57 0
74 57 0
80 57 0
81 57 0
84 57 0
85 57 0
86 57 0
87 57 0
169 57 0
171 57 0
173 57 0
174 57 0
175 57 0
176 57 0
180 57 0
182 57 0
183 57 0
2 58 0
3 58 0
5 58 0
6 58 0
7 58 0
8 58 0
9 58 0
62 58 0
63 58 0
64 58 0
65 58 0
66 58 0
69 58 0
73 58 0
74 58 0
80 58 0
81 58 0
84 58 0
85 58 0
87 58 0
169 58 0
170 58 0
173 58 0
175 58 0
178 58 0
181 58 0
2 59 0
3 59 0
4 59 0
5 59 0
6 59 0
7 59 0
8 59 0
9 59 0
10 59 0
63 59 0
64 59 0
65 59 0
66 59 0
67 59 0
73 59 0
74 59 0
81 59 0
85 59 0
90 59 0
170 59 0
171 59 0
174 59 0
178 59 0
2 60 0
3 60 0
5 60 0
6 60 0
7 60 0
8 60 0
9 60 0
63 60 0
64 60 0
65 60 0
66 60 0
68 60 0
90 60 0
93 60 0
175 60 0
176 60 0
4 61 0
5 61 0
6 61 0
7 61 0
8 61 0
9 61 0
64 61 0
65 61 0
66 61 0
93 61 0
111 61 0
113 61 0
115 61 0
168 61 0
175 61 0
177 61 0
181 61 0
5 62 0
6 62 0
7 62 0
8 62 0
9 62 0
10 62 0
64 62 0
65 62 0
92 62 0
115 62 0
116 62 0
117 62 0
132 62 0
4 63 0
5 63 0
6 63 0
7 63 0
8 63 0
9 63 0
10 63 0
64 63 0
65 63 0
80 63 0
115 63 0
116 63 0
4 64 0
6 64 0
7 64 0
8 64 0
9 64 0
10 64 0
65 64 0
80 64 0
88 64 0
7 65 0
8 65 0
9 65 0
10 65 0
31 65 0
76 65 0
80 65 0
91 65 0
92 65 0
6 66 0
7 66 0
8 66 0
9 66 0
10 66 0
11 66 0
30 66 0
31 66 0
91 66 0
92 66 0
6 67 0
7 67 0
8 67 0
9 67 0
10 67 0
30 67 0
31 67 0
32 67 0
7 68 0
8 68 0
9 68 0
10 68 0
11 68 0
30 68 0
31 68 0
32 68 0
33 68 0
71 68 0
186 68 0
6 69 0
8 69 0
9 69 0
10 69 0
11 69 0
28 69 0
30 69 0
31 69 0
32 69 0
33 69 0
67 69 0
186 69 0
3 70 0
4 70 0
9 70 0
10 70 0
11 70 0
29 70 0
30 70 0
31 70 0
32 70 0
33 70 0
8 71 0
9 71 0
10 71 0
11 71 0
12 71 0
31 71 0
32 71 0
33 71 0
11 72 0
12 72 0
13 72 0
32 72 0
33 72 0
8 73 0
10 73 0
11 73 0
12 73 0
13 73 0
14 73 0
32 73 0
33 73 0
7 74 0
8 74 0
9 74 0
10 74 0
11 74 0
12 74 0
13 74 0
14 74 0
15 74 0
10 75 0
11 75 0
12 75 0
13 75 0
14 75 0
15 75 0
16 75 0
17 75 0
10 76 0
11 76 0
12 76 0
13 76 0
14 76 0
15 76 0
17 76 0
18 76 0
19 76 0
10 77 0
11 77 0
12 77 0
13 77 0
14 77 0
15 77 0
16 77 0
17 77 0
20 77 0
28 77 0
13 78 0
14 78 0
15 78 0
19 78 0
20 78 0
21 78 0
10 79 0
11 79 0
16 79 0
19 79 0
10 80 0
21 80 0
23 80 0
11 81 0
12 82 0
13 82 0
14 82 0
12 83 0
123 90 0
125 98 0
126 98 0
129 98 0
130 98 0
131 98 0
96 121 0
97 121 0
142 132 0
143 132 0
145 132 0
146 132 0
142 133 0
143 133 0
144 133 0
10 2 1
11 2 1
12 2 1
13 2 1
14 2 1
15 2 1
16 2 1
4 3 1
5 3 1
6 3 1
7 3 1
8 3 1
9 3 1
10 3 1
11 3 1
12 3 1
13 3 1
14 3 1
15 3 1
16 3 1
1 4 1
2 4 1
3 4 1
4 4 1
5 4 1
6 4 1
7 4 1
8 4 1
9 4 1
10 4 1
11 4 1
12 4 1
13 4 1
14 4 1
15 4 1
16 4 1
1 5 1
2 5 1
3 5 1
4 5 1
5 5 1
6 5 1
7 5 1
8 5 1
9 5 1
10 5 1
11 5 1
12 5 1
13 5 1
14 5 1
15 5 1
16 5 1
1 6 1
2 6 1
3 6 1
4 6 1
5 6 1
6 6 1
7 6 1
8 6 1
9 6 1
10 6 1
11 6 1
12 6 1
13 6 1
14 6 1
15 6 1
16 6 1
1 7 1
2 7 1
3 7 1
4 7 1
5 7 1
6 7 1
7 7 1
8 7 1
9 7 1
10 7 1
11 7 1
12 7 1
13 7 1
14 7 1
15 7 1
16 7 1
17 7 1
18 7 1
1 8 1
2 8 1
3 8 1
4 8 1
5 8 1
6 8 1
7 8 1
8 8 1
9 8 1
10 8 1
11 8 1
12 8 1
13 8 1
14 8 1
15 8 1
16 8 1
1 9 1
2 9 1
3 9 1
4 9 1
5 9 1
6 9 1
7 9 1
8 9 1
9 9 1
10 9 1
11 9 1
12 9 1
13 9 1
14 9 1
15 9 1
16 9 1
17 9 1
18 9 1
1 10 1
2 10 1
3 10 1
4 10 1
5 10 1
6 10 1
7 10 1
8 10 1
9 10 1
10 10 1
11 10 1
12 10 1
13 10 1
14 10 1
15 10 1
16 10 1
1 11 1
2 11 1
3 11 1
4 11 1
5 11 1
6 11 1
7 11 1
8 11 1
9 11 1
10 11 1
11 11 1
12 11 1
13 11 1
14 11 1
15 11 1
16 11 1
1 12 1
2 12 1
3 12 1
4 12 1
5 12 1
6 12 1
7 12 1
8 12 1
9 12 1
10 12 1
11 12 1
12 12 1
13 12 1
14 12 1
15 12 1
16 12 1
1 13 1
2 13 1
3 13 1
4 13 1
5 13 1
6 13 1
7 13 1
8 13 1
9 13 1
10 13 1
11 13 1
12 13 1
13 13 1
14 13 1
15 13 1
16 13 1
18 13 1
1 14 1
2 14 1
3 14 1
4 14 1
5 14 1
6 14 1
7 14 1
8 14 1
9 14 1
10 14 1
11 14 1
12 14 1
13 14 1
14 14 1
15 14 1
16 14 1
1 15 1
2 15 1
3 15 1
4 15 1
5 15 1
6 15 1
7 15 1
8 15 1
9 15 1
10 15 1
11 15 1
12 15 1
13 15 1
14 15 1
15 15 1
16 15 1
1 16 1
2 16 1
3 16 1
4 16 1
5 16 1
6 16 1
7 16 1
8 16 1
9 16 1
10 16 1
11 16 1
12 16 1
13 16 1
14 16 1
1 17 1
2 17 1
3 17 1
4 17 1
5 17 1
6 17 1
7 17 1
8 17 1
9 17 1
10 17 1
11 17 1
12 17 1
13 17 1
14 17 1
1 18 1
2 18 1
3 18 1
4 18 1
5 18 1
6 18 1
7 18 1
8 18 1
9 18 1
10 18 1
11 18 1
12 18 1
13 18 1
1 19 1
2 19 1
3 19 1
4 19 1
5 19 1
6 19 1
7 19 1
8 19 1
9 19 1
10 19 1
11 19 1
12 19 1
1 20 1
2 20 1
3 20 1
4 20 1
5 20 1
6 20 1
7 20 1
8 20 1
9 20 1
10 20 1
11 20 1
12 20 1
1 21 1
2 21 1
3 21 1
4 21 1
5 21 1
6 21 1
7 21 1
8 21 1
9 21 1
10 21 1
11 21 1
1 22 1
2 22 1
3 22 1
4 22 1
5 22 1
6 22 1
7 22 1
8 22 1
9 22 1
10 22 1
1 23 1
2 23 1
3 23 1
4 23 1
5 23 1
6 23 1
7 23 1
8 23 1
9 23 1
10 23 1
1 24 1
2 24 1
3 24 1
4 24 1
5 24 1
6 24 1
7 24 1
8 24 1
9 24 1
1 25 1
2 25 1
3 25 1
4 25 1
5 25 1
6 25 1
7 25 1
8 25 1
1 26 1
2 26 1
3 26 1
4 26 1
5 26 1
6 26 1
7 26 1
1 27 1
2 27 1
3 27 1
4 27 1
5 27 1
6 27 1
1 28 1
2 28 1
3 28 1
4 28 1
5 28 1
1 29 1
2 29 1
3 29 1
4 29 1
1 30 1
2 30 1
3 30 1
4 30 1
1 31 1
2 31 1
3 31 1
2 62 1
3 62 1
1 63 1
3 63 1
1 64 1
2 64 1
3 64 1
4 64 1
6 64 1
2 65 1
4 65 1
5 65 1
7 65 1
8 65 1
6 66 1
8 66 1
9 66 1
10 66 1
11 66 1
12 66 1
13 66 1
1 67 1
4 67 1
6 67 1
7 67 1
8 67 1
9 67 1
10 67 1
11 67 1
12 67 1
13 67 1
14 67 1
3 68 1
4 68 1
6 68 1
8 68 1
9 68 1
10 68 1
11 68 1
12 68 1
13 68 1
14 68 1
15 68 1
16 68 1
2 69 1
8 69 1
9 69 1
10 69 1
11 69 1
12 69 1
13 69 1
14 69 1
15 69 1
16 69 1
17 69 1
1 70 1
3 70 1
4 70 1
5 70 1
6 70 1
7 70 1
8 70 1
9 70 1
10 70 1
11 70 1
12 70 1
13 70 1
14 70 1
15 70 1
16 70 1
17 70 1
2 71 1
3 71 1
4 71 1
5 71 1
6 71 1
7 71 1
8 71 1
9 71 1
10 71 1
11 71 1
12 71 1
13 71 1
14 71 1
15 71 1
16 71 1
17 71 1
18 71 1
2 72 1
4 72 1
5 72 1
6 72 1
7 72 1
8 72 1
9 72 1
10 72 1
11 72 1
12 72 1
13 72 1
14 72 1
15 72 1
16 72 1
17 72 1
18 72 1
2 73 1
3 73 1
4 73 1
5 73 1
6 73 1
7 73 1
8 73 1
9 73 1
10 73 1
11 73 1
12 73 1
13 73 1
14 73 1
15 73 1
17 73 1
18 73 1
1 74 1
2 74 1
4 74 1
5 74 1
6 74 1
7 74 1
8 74 1
9 74 1
10 74 1
11 74 1
12 74 1
13 74 1
14 74 1
15 74 1
16 74 1
17 74 1
18 74 1
1 75 1
2 75 1
3 75 1
4 75 1
5 75 1
6 75 1
7 75 1
8 75 1
9 75 1
10 75 1
12 75 1
13 75 1
14 75 1
15 75 1
16 75 1
1 76 1
2 76 1
3 76 1
4 76 1
5 76 1
6 76 1
7 76 1
8 76 1
9 76 1
10 76 1
11 76 1
12 76 1
13 76 1
14 76 1
16 76 1
17 76 1
18 76 1
1 77 1
2 77 1
3 77 1
4 77 1
5 77 1
6 77 1
7 77 1
8 77 1
11 77 1
12 77 1
13 77 1
14 77 1
15 77 1
16 77 1
17 77 1
18 77 1
1 78 1
2 78 1
3 78 1
4 78 1
5 78 1
6 78 1
8 78 1
9 78 1
10 78 1
11 78 1
12 78 1
13 78 1
14 78 1
15 78 1
16 78 1
17 78 1
18 78 1
1 79 1
2 79 1
3 79 1
5 79 1
7 79 1
8 79 1
9 79 1
10 79 1
12 79 1
13 79 1
14 79 1
15 79 1
16 79 1
17 79 1
18 79 1
11 80 1
13 80 1
15 80 1
16 80 1
17 80 1
1 81 1
4 81 1
8 81 1
12 81 1
13 81 1
14 81 1
1 82 1
4 82 1
7 82 1
16 82 1
17 82 1
1 83 1
4 83 1
10 83 1
12 83 1
14 83 1
16 83 1
1 84 1
4 84 1
10 84 1
13 84 1
14 84 1
16 84 1
18 84 1
1 85 1
7 85 1
12 85 1
15 85 1
15 86 1
19 86 1
20 86 1
22 86 1
24 86 1
17 87 1
18 87 1
19 87 1
20 87 1
6 88 1
13 88 1
14 88 1
16 88 1
17 88 1
18 88 1
19 88 1
20 88 1
21 88 1
2 89 1
7 89 1
11 89 1
13 89 1
14 89 1
15 89 1
16 89 1
19 89 1
21 89 1
6 90 1
12 90 1
13 90 1
14 90 1
16 90 1
8 91 1
9 91 1
11 91 1
12 91 1
13 91 1
19 91 1
20 91 1
8 92 1
9 92 1
10 92 1
11 92 1
13 92 1
18 92 1
19 92 1
20 92 1
6 93 1
7 93 1
8 93 1
9 93 1
15 93 1
16 93 1
18 93 1
7 94 1
12 94 1
14 94 1
16 94 1
6 95 1
10 95 1
11 95 1
12 95 1
14 95 1
1 96 1
2 96 1
4 96 1
9 96 1
10 96 1
19 96 1
2 97 1
8 97 1
6 98 1
7 98 1
8 98 1
14 98 1
4 99 1
6 99 1
8 99 1
9 99 1
13 99 1
3 100 1
7 100 1
14 100 1
8 101 1
14 101 1
5 102 1
6 102 1
28 102 1
2 103 1
3 103 1
4 103 1
5 103 1
1 104 1
2 104 1
3 104 1
1 105 1
2 105 1
15 105 1
16 106 1
12 107 1
1 108 1
2 108 1
9 108 1
2 109 1
8 109 1
9 109 1
1 110 1
4 110 1
6 110 1
8 110 1
2 111 1
4 111 1
13 111 1
2 112 1
6 112 1
3 113 1
4 113 1
10 113 1
4 114 1
2 119 1
14 119 1
4 120 1
4 121 1
16 121 1
6 122 1
5 123 1
7 124 1
1 125 1
6 130 1
8 131 1
14 135 1
1 136 1
14 140 1
12 147 1
2 151 1
8 155 1
10 155 1
2 156 1
4 159 1
6 162 1
8 167 1
18 167 1
6 170 1
82 123 2
83 123 2
89 123 2
90 123 2
79 124 2
81 124 2
82 124 2
88 124 2
89 124 2
90 124 2
77 125 2
78 125 2
79 125 2
80 125 2
81 125 2
82 125 2
83 125 2
86 125 2
87 125 2
88 125 2
89 125 2
79 126 2
80 126 2
81 126 2
82 126 2
83 126 2
84 126 2
85 126 2
86 126 2
88 126 2
89 126 2
79 127 2
80 127 2
81 127 2
83 127 2
84 127 2
85 127 2
86 127 2
87 127 2
88 127 2
78 128 2
79 128 2
80 128 2
81 128 2
82 128 2
83 128 2
84 128 2
85 128 2
86 128 2
87 128 2
88 128 2
73 129 2
74 129 2
75 129 2
76 129 2
77 129 2
78 129 2
79 129 2
80 129 2
81 129 2
82 129 2
83 129 2
84 129 2
85 129 2
86 129 2
87 129 2
88 129 2
73 130 2
74 130 2
75 130 2
76 130 2
77 130 2
78 130 2
79 130 2
80 130 2
81 130 2
82 130 2
83 130 2
84 130 2
85 130 2
86 130 2
87 130 2
88 130 2
74 131 2
75 131 2
76 131 2
77 131 2
78 131 2
79 131 2
81 131 2
82 131 2
83 131 2
84 131 2
85 131 2
86 131 2
87 131 2
74 132 2
75 132 2
76 132 2
77 132 2
78 132 2
79 132 2
82 132 2
83 132 2
84 132 2
85 132 2
86 132 2
75 133 2
76 133 2
77 133 2
78 133 2
79 133 2
82 133 2
83 133 2
84 133 2
85 133 2
86 133 2
75 134 2
76 134 2
77 134 2
78 134 2
79 134 2
82 134 2
83 134 2
84 134 2
85 134 2
76 135 2
77 135 2
78 135 2
85 135 2
78 136 2
84 136 2
