141 1 0
142 1 0
143 1 0
144 1 0
145 1 0
146 1 0
23 2 0
24 2 0
124 2 0
125 2 0
135 2 0
137 2 0
138 2 0
139 2 0
140 2 0
141 2 0
142 2 0
143 2 0
144 2 0
145 2 0
146 2 0
147 2 0
149 2 0
151 2 0
23 3 0
24 3 0
25 3 0
74 3 0
120 3 0
123 3 0
124 3 0
125 3 0
136 3 0
137 3 0
138 3 0
139 3 0
140 3 0
141 3 0
142 3 0
143 3 0
144 3 0
145 3 0
146 3 0
147 3 0
149 3 0
151 3 0
24 4 0
25 4 0
120 4 0
122 4 0
123 4 0
124 4 0
125 4 0
135 4 0
136 4 0
137 4 0
138 4 0
139 4 0
140 4 0
141 4 0
142 4 0
143 4 0
144 4 0
145 4 0
146 4 0
147 4 0
148 4 0
149 4 0
150 4 0
4 5 0
5 5 0
6 5 0
13 5 0
14 5 0
23 5 0
24 5 0
25 5 0
26 5 0
27 5 0
54 5 0
73 5 0
123 5 0
124 5 0
125 5 0
135 5 0
136 5 0
137 5 0
138 5 0
139 5 0
140 5 0
141 5 0
142 5 0
143 5 0
144 5 0
145 5 0
146 5 0
147 5 0
149 5 0
150 5 0
151 5 0
152 5 0
153 5 0
154 5 0
3 6 0
4 6 0
5 6 0
6 6 0
7 6 0
8 6 0
9 6 0
22 6 0
23 6 0
24 6 0
25 6 0
26 6 0
121 6 0
123 6 0
124 6 0
134 6 0
136 6 0
137 6 0
138 6 0
139 6 0
140 6 0
141 6 0
142 6 0
143 6 0
144 6 0
145 6 0
146 6 0
147 6 0
148 6 0
149 6 0
150 6 0
151 6 0
153 6 0
155 6 0
1 7 0
2 7 0
6 7 0
7 7 0
8 7 0
9 7 0
10 7 0
11 7 0
14 7 0
16 7 0
22 7 0
23 7 0
24 7 0
25 7 0
26 7 0
27 7 0
28 7 0
52 7 0
55 7 0
56 7 0
68 7 0
72 7 0
74 7 0
75 7 0
80 7 0
111 7 0
112 7 0
131 7 0
132 7 0
133 7 0
134 7 0
135 7 0
136 7 0
137 7 0
138 7 0
139 7 0
140 7 0
141 7 0
142 7 0
143 7 0
144 7 0
145 7 0
146 7 0
147 7 0
148 7 0
149 7 0
151 7 0
152 7 0
153 7 0
159 7 0
3 8 0
4 8 0
6 8 0
8 8 0
9 8 0
10 8 0
12 8 0
18 8 0
22 8 0
23 8 0
24 8 0
25 8 0
26 8 0
27 8 0
28 8 0
52 8 0
56 8 0
65 8 0
68 8 0
69 8 0
72 8 0
75 8 0
81 8 0
132 8 0
133 8 0
134 8 0
135 8 0
136 8 0
137 8 0
138 8 0
139 8 0
140 8 0
141 8 0
142 8 0
143 8 0
144 8 0
145 8 0
146 8 0
147 8 0
148 8 0
149 8 0
151 8 0
153 8 0
155 8 0
4 9 0
5 9 0
8 9 0
9 9 0
10 9 0
11 9 0
12 9 0
17 9 0
22 9 0
23 9 0
24 9 0
25 9 0
26 9 0
27 9 0
28 9 0
52 9 0
54 9 0
56 9 0
57 9 0
68 9 0
75 9 0
80 9 0
130 9 0
134 9 0
135 9 0
136 9 0
137 9 0
138 9 0
139 9 0
140 9 0
141 9 0
142 9 0
143 9 0
144 9 0
145 9 0
146 9 0
147 9 0
148 9 0
149 9 0
151 9 0
153 9 0
154 9 0
155 9 0
4 10 0
5 10 0
8 10 0
9 10 0
10 10 0
11 10 0
12 10 0
13 10 0
14 10 0
20 10 0
23 10 0
24 10 0
25 10 0
26 10 0
27 10 0
28 10 0
29 10 0
56 10 0
57 10 0
68 10 0
69 10 0
70 10 0
122 10 0
125 10 0
127 10 0
130 10 0
133 10 0
134 10 0
135 10 0
136 10 0
137 10 0
138 10 0
139 10 0
140 10 0
141 10 0
142 10 0
143 10 0
144 10 0
145 10 0
146 10 0
147 10 0
148 10 0
149 10 0
150 10 0
151 10 0
153 10 0
154 10 0
155 10 0
2 11 0
7 11 0
8 11 0
9 11 0
10 11 0
11 11 0
12 11 0
13 11 0
14 11 0
15 11 0
16 11 0
18 11 0
19 11 0
23 11 0
24 11 0
25 11 0
26 11 0
27 11 0
28 11 0
29 11 0
52 11 0
53 11 0
57 11 0
73 11 0
74 11 0
124 11 0
125 11 0
127 11 0
128 11 0
131 11 0
133 11 0
134 11 0
136 11 0
137 11 0
138 11 0
139 11 0
140 11 0
141 11 0
142 11 0
143 11 0
144 11 0
145 11 0
146 11 0
147 11 0
148 11 0
149 11 0
150 11 0
151 11 0
152 11 0
153 11 0
155 11 0
156 11 0
2 12 0
7 12 0
8 12 0
9 12 0
10 12 0
11 12 0
12 12 0
13 12 0
14 12 0
16 12 0
17 12 0
18 12 0
19 12 0
21 12 0
22 12 0
23 12 0
24 12 0
25 12 0
26 12 0
27 12 0
28 12 0
29 12 0
52 12 0
53 12 0
56 12 0
57 12 0
67 12 0
73 12 0
80 12 0
122 12 0
123 12 0
124 12 0
125 12 0
126 12 0
127 12 0
132 12 0
133 12 0
134 12 0
135 12 0
136 12 0
137 12 0
138 12 0
139 12 0
140 12 0
141 12 0
142 12 0
143 12 0
144 12 0
145 12 0
146 12 0
147 12 0
148 12 0
149 12 0
150 12 0
151 12 0
152 12 0
153 12 0
155 12 0
156 12 0
157 12 0
160 12 0
161 12 0
8 13 0
9 13 0
10 13 0
11 13 0
12 13 0
13 13 0
14 13 0
15 13 0
19 13 0
20 13 0
21 13 0
22 13 0
23 13 0
24 13 0
25 13 0
26 13 0
27 13 0
28 13 0
29 13 0
30 13 0
46 13 0
53 13 0
57 13 0
73 13 0
121 13 0
122 13 0
123 13 0
124 13 0
126 13 0
129 13 0
133 13 0
134 13 0
136 13 0
137 13 0
138 13 0
139 13 0
140 13 0
141 13 0
142 13 0
143 13 0
144 13 0
145 13 0
146 13 0
147 13 0
148 13 0
149 13 0
150 13 0
151 13 0
152 13 0
153 13 0
154 13 0
155 13 0
156 13 0
157 13 0
161 13 0
1 14 0
2 14 0
7 14 0
8 14 0
9 14 0
10 14 0
11 14 0
12 14 0
13 14 0
14 14 0
15 14 0
16 14 0
19 14 0
22 14 0
23 14 0
24 14 0
25 14 0
26 14 0
27 14 0
28 14 0
29 14 0
30 14 0
34 14 0
45 14 0
46 14 0
53 14 0
64 14 0
120 14 0
121 14 0
122 14 0
123 14 0
124 14 0
127 14 0
129 14 0
131 14 0
132 14 0
133 14 0
134 14 0
135 14 0
136 14 0
137 14 0
138 14 0
139 14 0
140 14 0
141 14 0
142 14 0
143 14 0
144 14 0
145 14 0
146 14 0
147 14 0
148 14 0
149 14 0
150 14 0
152 14 0
153 14 0
154 14 0
168 14 0
3 15 0
5 15 0
6 15 0
7 15 0
9 15 0
10 15 0
11 15 0
12 15 0
13 15 0
14 15 0
15 15 0
16 15 0
17 15 0
18 15 0
19 15 0
21 15 0
22 15 0
23 15 0
24 15 0
25 15 0
26 15 0
27 15 0
28 15 0
29 15 0
30 15 0
31 15 0
34 15 0
41 15 0
45 15 0
46 15 0
53 15 0
109 15 0
121 15 0
122 15 0
123 15 0
125 15 0
126 15 0
127 15 0
129 15 0
130 15 0
131 15 0
133 15 0
134 15 0
135 15 0
136 15 0
137 15 0
138 15 0
139 15 0
140 15 0
141 15 0
142 15 0
143 15 0
144 15 0
145 15 0
146 15 0
147 15 0
148 15 0
153 15 0
154 15 0
155 15 0
158 15 0
1 16 0
2 16 0
3 16 0
4 16 0
5 16 0
7 16 0
8 16 0
9 16 0
10 16 0
11 16 0
12 16 0
13 16 0
14 16 0
15 16 0
16 16 0
17 16 0
18 16 0
20 16 0
22 16 0
23 16 0
24 16 0
25 16 0
26 16 0
27 16 0
28 16 0
29 16 0
30 16 0
31 16 0
34 16 0
45 16 0
46 16 0
50 16 0
53 16 0
115 16 0
120 16 0
121 16 0
124 16 0
125 16 0
126 16 0
127 16 0
128 16 0
129 16 0
130 16 0
135 16 0
136 16 0
138 16 0
139 16 0
140 16 0
141 16 0
142 16 0
143 16 0
144 16 0
145 16 0
146 16 0
147 16 0
148 16 0
150 16 0
151 16 0
152 16 0
154 16 0
158 16 0
159 16 0
1 17 0
2 17 0
3 17 0
4 17 0
5 17 0
6 17 0
9 17 0
10 17 0
11 17 0
12 17 0
13 17 0
14 17 0
15 17 0
16 17 0
17 17 0
18 17 0
19 17 0
20 17 0
21 17 0
22 17 0
23 17 0
24 17 0
25 17 0
26 17 0
27 17 0
28 17 0
29 17 0
30 17 0
31 17 0
33 17 0
46 17 0
47 17 0
63 17 0
80 17 0
83 17 0
112 17 0
122 17 0
123 17 0
124 17 0
125 17 0
126 17 0
127 17 0
128 17 0
129 17 0
136 17 0
137 17 0
139 17 0
140 17 0
141 17 0
142 17 0
143 17 0
144 17 0
145 17 0
146 17 0
147 17 0
148 17 0
150 17 0
165 17 0
2 18 0
3 18 0
4 18 0
5 18 0
6 18 0
7 18 0
8 18 0
9 18 0
10 18 0
11 18 0
12 18 0
13 18 0
14 18 0
15 18 0
16 18 0
17 18 0
18 18 0
19 18 0
20 18 0
22 18 0
23 18 0
24 18 0
25 18 0
26 18 0
27 18 0
28 18 0
29 18 0
30 18 0
31 18 0
35 18 0
51 18 0
52 18 0
63 18 0
81 18 0
82 18 0
83 18 0
119 18 0
122 18 0
123 18 0
130 18 0
136 18 0
137 18 0
140 18 0
141 18 0
143 18 0
144 18 0
168 18 0
1 19 0
2 19 0
3 19 0
4 19 0
5 19 0
6 19 0
8 19 0
9 19 0
10 19 0
11 19 0
12 19 0
13 19 0
14 19 0
15 19 0
16 19 0
17 19 0
18 19 0
19 19 0
20 19 0
22 19 0
23 19 0
24 19 0
25 19 0
26 19 0
27 19 0
28 19 0
29 19 0
30 19 0
31 19 0
47 19 0
74 19 0
82 19 0
130 19 0
131 19 0
134 19 0
140 19 0
146 19 0
147 19 0
148 19 0
150 19 0
168 19 0
2 20 0
4 20 0
5 20 0
6 20 0
8 20 0
9 20 0
10 20 0
11 20 0
12 20 0
13 20 0
14 20 0
15 20 0
16 20 0
17 20 0
18 20 0
19 20 0
20 20 0
21 20 0
23 20 0
24 20 0
25 20 0
26 20 0
27 20 0
28 20 0
29 20 0
30 20 0
31 20 0
45 20 0
46 20 0
52 20 0
83 20 0
121 20 0
122 20 0
131 20 0
139 20 0
141 20 0
142 20 0
144 20 0
145 20 0
146 20 0
147 20 0
148 20 0
149 20 0
150 20 0
151 20 0
152 20 0
154 20 0
156 20 0
158 20 0
161 20 0
2 21 0
3 21 0
4 21 0
5 21 0
7 21 0
8 21 0
10 21 0
11 21 0
12 21 0
13 21 0
14 21 0
15 21 0
16 21 0
17 21 0
18 21 0
19 21 0
20 21 0
21 21 0
22 21 0
23 21 0
24 21 0
25 21 0
26 21 0
27 21 0
28 21 0
29 21 0
30 21 0
31 21 0
35 21 0
45 21 0
46 21 0
47 21 0
52 21 0
53 21 0
121 21 0
125 21 0
143 21 0
144 21 0
145 21 0
146 21 0
147 21 0
148 21 0
150 21 0
152 21 0
164 21 0
2 22 0
3 22 0
4 22 0
5 22 0
6 22 0
7 22 0
8 22 0
9 22 0
10 22 0
11 22 0
12 22 0
13 22 0
14 22 0
15 22 0
16 22 0
17 22 0
18 22 0
21 22 0
22 22 0
23 22 0
24 22 0
25 22 0
26 22 0
27 22 0
28 22 0
29 22 0
30 22 0
31 22 0
47 22 0
48 22 0
52 22 0
53 22 0
54 22 0
82 22 0
126 22 0
128 22 0
130 22 0
150 22 0
152 22 0
153 22 0
154 22 0
163 22 0
167 22 0
2 23 0
3 23 0
4 23 0
5 23 0
6 23 0
8 23 0
9 23 0
10 23 0
11 23 0
12 23 0
13 23 0
14 23 0
15 23 0
16 23 0
17 23 0
18 23 0
19 23 0
20 23 0
21 23 0
23 23 0
24 23 0
25 23 0
26 23 0
27 23 0
28 23 0
29 23 0
30 23 0
31 23 0
41 23 0
47 23 0
48 23 0
52 23 0
53 23 0
81 23 0
82 23 0
126 23 0
127 23 0
166 23 0
5 24 0
6 24 0
8 24 0
9 24 0
10 24 0
11 24 0
12 24 0
13 24 0
14 24 0
15 24 0
16 24 0
17 24 0
18 24 0
19 24 0
20 24 0
21 24 0
22 24 0
23 24 0
24 24 0
25 24 0
26 24 0
27 24 0
28 24 0
29 24 0
30 24 0
31 24 0
32 24 0
48 24 0
53 24 0
60 24 0
81 24 0
82 24 0
119 24 0
124 24 0
125 24 0
126 24 0
127 24 0
130 24 0
138 24 0
164 24 0
165 24 0
2 25 0
3 25 0
4 25 0
5 25 0
6 25 0
7 25 0
10 25 0
11 25 0
12 25 0
13 25 0
14 25 0
15 25 0
16 25 0
17 25 0
18 25 0
19 25 0
20 25 0
24 25 0
25 25 0
26 25 0
27 25 0
28 25 0
29 25 0
30 25 0
31 25 0
32 25 0
42 25 0
53 25 0
83 25 0
120 25 0
124 25 0
125 25 0
126 25 0
127 25 0
133 25 0
137 25 0
152 25 0
2 26 0
3 26 0
4 26 0
5 26 0
6 26 0
7 26 0
10 26 0
11 26 0
12 26 0
13 26 0
14 26 0
15 26 0
16 26 0
17 26 0
18 26 0
19 26 0
23 26 0
24 26 0
25 26 0
26 26 0
27 26 0
28 26 0
29 26 0
30 26 0
31 26 0
32 26 0
36 26 0
37 26 0
42 26 0
43 26 0
110 26 0
118 26 0
119 26 0
120 26 0
125 26 0
126 26 0
158 26 0
160 26 0
2 27 0
3 27 0
4 27 0
5 27 0
6 27 0
8 27 0
9 27 0
10 27 0
11 27 0
12 27 0
13 27 0
14 27 0
15 27 0
16 27 0
17 27 0
18 27 0
19 27 0
24 27 0
25 27 0
26 27 0
27 27 0
28 27 0
29 27 0
30 27 0
31 27 0
32 27 0
33 27 0
84 27 0
118 27 0
119 27 0
120 27 0
125 27 0
126 27 0
127 27 0
1 28 0
2 28 0
3 28 0
5 28 0
8 28 0
9 28 0
10 28 0
11 28 0
12 28 0
13 28 0
14 28 0
15 28 0
16 28 0
17 28 0
18 28 0
19 28 0
21 28 0
22 28 0
23 28 0
24 28 0
25 28 0
26 28 0
27 28 0
28 28 0
29 28 0
30 28 0
31 28 0
32 28 0
33 28 0
118 28 0
125 28 0
126 28 0
127 28 0
2 29 0
3 29 0
4 29 0
5 29 0
7 29 0
8 29 0
9 29 0
10 29 0
11 29 0
12 29 0
13 29 0
14 29 0
15 29 0
16 29 0
17 29 0
18 29 0
19 29 0
22 29 0
24 29 0
25 29 0
26 29 0
27 29 0
28 29 0
29 29 0
30 29 0
31 29 0
32 29 0
33 29 0
79 29 0
111 29 0
112 29 0
118 29 0
119 29 0
124 29 0
125 29 0
126 29 0
127 29 0
128 29 0
137 29 0
4 30 0
6 30 0
7 30 0
8 30 0
9 30 0
10 30 0
11 30 0
12 30 0
13 30 0
14 30 0
15 30 0
16 30 0
17 30 0
18 30 0
19 30 0
24 30 0
25 30 0
26 30 0
27 30 0
28 30 0
29 30 0
30 30 0
31 30 0
32 30 0
33 30 0
84 30 0
106 30 0
117 30 0
118 30 0
119 30 0
124 30 0
125 30 0
126 30 0
127 30 0
128 30 0
149 30 0
166 30 0
4 31 0
5 31 0
6 31 0
11 31 0
12 31 0
13 31 0
14 31 0
15 31 0
16 31 0
17 31 0
18 31 0
19 31 0
20 31 0
23 31 0
25 31 0
26 31 0
27 31 0
28 31 0
29 31 0
30 31 0
31 31 0
32 31 0
33 31 0
34 31 0
107 31 0
118 31 0
119 31 0
125 31 0
126 31 0
127 31 0
129 31 0
140 31 0
3 32 0
4 32 0
5 32 0
6 32 0
8 32 0
11 32 0
12 32 0
13 32 0
14 32 0
15 32 0
16 32 0
17 32 0
18 32 0
19 32 0
20 32 0
21 32 0
23 32 0
24 32 0
25 32 0
26 32 0
27 32 0
28 32 0
29 32 0
30 32 0
31 32 0
32 32 0
33 32 0
117 32 0
118 32 0
119 32 0
126 32 0
131 32 0
132 32 0
134 32 0
135 32 0
174 32 0
3 33 0
5 33 0
6 33 0
9 33 0
10 33 0
11 33 0
12 33 0
13 33 0
14 33 0
15 33 0
16 33 0
17 33 0
18 33 0
19 33 0
20 33 0
22 33 0
24 33 0
25 33 0
26 33 0
27 33 0
28 33 0
29 33 0
30 33 0
31 33 0
32 33 0
33 33 0
34 33 0
83 33 0
84 33 0
116 33 0
117 33 0
118 33 0
129 33 0
130 33 0
131 33 0
132 33 0
133 33 0
134 33 0
135 33 0
150 33 0
1 34 0
2 34 0
3 34 0
4 34 0
5 34 0
6 34 0
11 34 0
12 34 0
13 34 0
14 34 0
15 34 0
16 34 0
17 34 0
18 34 0
19 34 0
20 34 0
22 34 0
24 34 0
25 34 0
26 34 0
27 34 0
28 34 0
29 34 0
30 34 0
31 34 0
32 34 0
33 34 0
83 34 0
84 34 0
107 34 0
114 34 0
115 34 0
116 34 0
117 34 0
118 34 0
130 34 0
131 34 0
132 34 0
133 34 0
134 34 0
135 34 0
158 34 0
4 35 0
5 35 0
6 35 0
7 35 0
9 35 0
11 35 0
12 35 0
13 35 0
14 35 0
15 35 0
16 35 0
17 35 0
18 35 0
19 35 0
20 35 0
25 35 0
26 35 0
27 35 0
28 35 0
29 35 0
30 35 0
31 35 0
32 35 0
33 35 0
34 35 0
80 35 0
84 35 0
107 35 0
108 35 0
115 35 0
116 35 0
117 35 0
118 35 0
130 35 0
131 35 0
132 35 0
135 35 0
3 36 0
5 36 0
6 36 0
7 36 0
8 36 0
11 36 0
12 36 0
13 36 0
14 36 0
15 36 0
16 36 0
17 36 0
18 36 0
19 36 0
20 36 0
21 36 0
23 36 0
25 36 0
26 36 0
27 36 0
28 36 0
29 36 0
30 36 0
31 36 0
32 36 0
33 36 0
34 36 0
53 36 0
84 36 0
85 36 0
115 36 0
116 36 0
117 36 0
118 36 0
130 36 0
132 36 0
139 36 0
5 37 0
6 37 0
11 37 0
12 37 0
13 37 0
14 37 0
15 37 0
16 37 0
17 37 0
18 37 0
19 37 0
20 37 0
21 37 0
24 37 0
26 37 0
27 37 0
28 37 0
29 37 0
30 37 0
31 37 0
32 37 0
33 37 0
34 37 0
35 37 0
84 37 0
85 37 0
116 37 0
117 37 0
138 37 0
5 38 0
9 38 0
10 38 0
13 38 0
14 38 0
15 38 0
16 38 0
17 38 0
18 38 0
19 38 0
20 38 0
21 38 0
25 38 0
26 38 0
27 38 0
28 38 0
29 38 0
30 38 0
31 38 0
32 38 0
33 38 0
34 38 0
35 38 0
54 38 0
84 38 0
85 38 0
86 38 0
116 38 0
117 38 0
138 38 0
2 39 0
3 39 0
6 39 0
9 39 0
10 39 0
11 39 0
13 39 0
14 39 0
15 39 0
16 39 0
17 39 0
18 39 0
19 39 0
20 39 0
21 39 0
25 39 0
26 39 0
27 39 0
28 39 0
29 39 0
30 39 0
31 39 0
32 39 0
33 39 0
34 39 0
84 39 0
85 39 0
116 39 0
129 39 0
135 39 0
136 39 0
137 39 0
139 39 0
172 39 0
3 40 0
6 40 0
8 40 0
12 40 0
13 40 0
16 40 0
17 40 0
18 40 0
19 40 0
20 40 0
21 40 0
22 40 0
23 40 0
25 40 0
26 40 0
27 40 0
28 40 0
29 40 0
30 40 0
31 40 0
32 40 0
33 40 0
34 40 0
35 40 0
83 40 0
84 40 0
85 40 0
86 40 0
115 40 0
116 40 0
137 40 0
4 41 0
5 41 0
6 41 0
7 41 0
12 41 0
13 41 0
14 41 0
15 41 0
17 41 0
18 41 0
19 41 0
20 41 0
21 41 0
25 41 0
26 41 0
27 41 0
28 41 0
29 41 0
30 41 0
31 41 0
32 41 0
33 41 0
34 41 0
36 41 0
83 41 0
85 41 0
86 41 0
87 41 0
115 41 0
116 41 0
137 41 0
166 41 0
5 42 0
6 42 0
13 42 0
14 42 0
15 42 0
16 42 0
17 42 0
18 42 0
19 42 0
20 42 0
21 42 0
22 42 0
25 42 0
26 42 0
27 42 0
28 42 0
29 42 0
30 42 0
31 42 0
32 42 0
33 42 0
34 42 0
35 42 0
36 42 0
86 42 0
115 42 0
116 42 0
138 42 0
166 42 0
167 42 0
6 43 0
7 43 0
8 43 0
10 43 0
12 43 0
13 43 0
14 43 0
15 43 0
17 43 0
18 43 0
20 43 0
21 43 0
22 43 0
24 43 0
25 43 0
26 43 0
27 43 0
28 43 0
29 43 0
30 43 0
31 43 0
32 43 0
33 43 0
34 43 0
35 43 0
115 43 0
116 43 0
148 43 0
166 43 0
167 43 0
4 44 0
5 44 0
7 44 0
8 44 0
12 44 0
13 44 0
14 44 0
15 44 0
16 44 0
17 44 0
18 44 0
19 44 0
20 44 0
21 44 0
22 44 0
25 44 0
27 44 0
28 44 0
29 44 0
30 44 0
31 44 0
32 44 0
33 44 0
34 44 0
35 44 0
84 44 0
87 44 0
114 44 0
115 44 0
138 44 0
164 44 0
166 44 0
12 45 0
15 45 0
17 45 0
18 45 0
19 45 0
20 45 0
21 45 0
22 45 0
23 45 0
26 45 0
27 45 0
28 45 0
29 45 0
30 45 0
31 45 0
32 45 0
33 45 0
34 45 0
35 45 0
87 45 0
110 45 0
112 45 0
114 45 0
115 45 0
116 45 0
137 45 0
138 45 0
3 46 0
9 46 0
10 46 0
11 46 0
12 46 0
13 46 0
14 46 0
15 46 0
17 46 0
18 46 0
19 46 0
20 46 0
21 46 0
23 46 0
25 46 0
26 46 0
27 46 0
28 46 0
29 46 0
30 46 0
31 46 0
32 46 0
33 46 0
34 46 0
35 46 0
36 46 0
87 46 0
112 46 0
113 46 0
114 46 0
115 46 0
116 46 0
137 46 0
138 46 0
139 46 0
148 46 0
149 46 0
7 47 0
12 47 0
13 47 0
14 47 0
15 47 0
16 47 0
17 47 0
18 47 0
19 47 0
20 47 0
21 47 0
22 47 0
23 47 0
24 47 0
26 47 0
27 47 0
28 47 0
29 47 0
30 47 0
31 47 0
32 47 0
33 47 0
34 47 0
35 47 0
87 47 0
88 47 0
89 47 0
109 47 0
110 47 0
111 47 0
112 47 0
113 47 0
114 47 0
115 47 0
116 47 0
128 47 0
136 47 0
137 47 0
139 47 0
143 47 0
144 47 0
146 47 0
147 47 0
148 47 0
151 47 0
158 47 0
161 47 0
167 47 0
168 47 0
170 47 0
172 47 0
8 48 0
9 48 0
13 48 0
15 48 0
16 48 0
17 48 0
19 48 0
20 48 0
21 48 0
22 48 0
23 48 0
27 48 0
28 48 0
29 48 0
30 48 0
31 48 0
32 48 0
33 48 0
34 48 0
35 48 0
36 48 0
86 48 0
88 48 0
96 48 0
97 48 0
105 48 0
106 48 0
110 48 0
111 48 0
122 48 0
123 48 0
124 48 0
127 48 0
128 48 0
129 48 0
146 48 0
151 48 0
155 48 0
163 48 0
164 48 0
166 48 0
169 48 0
171 48 0
172 48 0
176 48 0
9 49 0
13 49 0
14 49 0
15 49 0
17 49 0
18 49 0
19 49 0
20 49 0
21 49 0
24 49 0
25 49 0
26 49 0
27 49 0
28 49 0
29 49 0
30 49 0
31 49 0
32 49 0
33 49 0
34 49 0
35 49 0
36 49 0
37 49 0
87 49 0
88 49 0
89 49 0
97 49 0
104 49 0
105 49 0
106 49 0
107 49 0
108 49 0
109 49 0
110 49 0
111 49 0
112 49 0
123 49 0
124 49 0
125 49 0
127 49 0
128 49 0
133 49 0
142 49 0
144 49 0
145 49 0
151 49 0
153 49 0
158 49 0
160 49 0
164 49 0
165 49 0
167 49 0
168 49 0
171 49 0
172 49 0
2 50 0
4 50 0
8 50 0
9 50 0
13 50 0
14 50 0
15 50 0
17 50 0
19 50 0
20 50 0
21 50 0
22 50 0
23 50 0
26 50 0
27 50 0
28 50 0
29 50 0
30 50 0
31 50 0
32 50 0
33 50 0
34 50 0
35 50 0
36 50 0
89 50 0
100 50 0
101 50 0
102 50 0
103 50 0
104 50 0
105 50 0
106 50 0
107 50 0
108 50 0
109 50 0
110 50 0
111 50 0
112 50 0
121 50 0
122 50 0
124 50 0
125 50 0
127 50 0
128 50 0
139 50 0
140 50 0
151 50 0
160 50 0
164 50 0
167 50 0
171 50 0
8 51 0
10 51 0
15 51 0
17 51 0
18 51 0
19 51 0
20 51 0
21 51 0
22 51 0
23 51 0
27 51 0
28 51 0
29 51 0
30 51 0
31 51 0
32 51 0
33 51 0
34 51 0
35 51 0
36 51 0
37 51 0
87 51 0
88 51 0
100 51 0
101 51 0
102 51 0
104 51 0
106 51 0
107 51 0
108 51 0
109 51 0
110 51 0
111 51 0
112 51 0
118 51 0
119 51 0
120 51 0
121 51 0
122 51 0
132 51 0
7 52 0
10 52 0
11 52 0
14 52 0
15 52 0
16 52 0
17 52 0
19 52 0
21 52 0
22 52 0
23 52 0
24 52 0
27 52 0
28 52 0
29 52 0
30 52 0
31 52 0
32 52 0
33 52 0
34 52 0
35 52 0
36 52 0
37 52 0
86 52 0
87 52 0
88 52 0
89 52 0
94 52 0
95 52 0
99 52 0
100 52 0
102 52 0
104 52 0
105 52 0
108 52 0
109 52 0
110 52 0
111 52 0
112 52 0
114 52 0
115 52 0
117 52 0
118 52 0
119 52 0
136 52 0
8 53 0
14 53 0
20 53 0
21 53 0
28 53 0
29 53 0
30 53 0
31 53 0
32 53 0
33 53 0
34 53 0
35 53 0
36 53 0
37 53 0
85 53 0
86 53 0
87 53 0
88 53 0
89 53 0
90 53 0
95 53 0
96 53 0
97 53 0
107 53 0
108 53 0
109 53 0
110 53 0
111 53 0
112 53 0
113 53 0
114 53 0
115 53 0
116 53 0
117 53 0
136 53 0
137 53 0
7 54 0
8 54 0
9 54 0
10 54 0
13 54 0
14 54 0
15 54 0
20 54 0
21 54 0
22 54 0
27 54 0
28 54 0
29 54 0
30 54 0
31 54 0
32 54 0
33 54 0
34 54 0
35 54 0
36 54 0
37 54 0
86 54 0
87 54 0
88 54 0
89 54 0
90 54 0
93 54 0
96 54 0
97 54 0
98 54 0
104 54 0
105 54 0
106 54 0
107 54 0
108 54 0
109 54 0
110 54 0
2 55 0
7 55 0
14 55 0
16 55 0
18 55 0
19 55 0
20 55 0
21 55 0
22 55 0
23 55 0
24 55 0
25 55 0
26 55 0
27 55 0
28 55 0
29 55 0
30 55 0
31 55 0
32 55 0
33 55 0
34 55 0
35 55 0
36 55 0
37 55 0
38 55 0
86 55 0
87 55 0
88 55 0
89 55 0
90 55 0
95 55 0
96 55 0
97 55 0
98 55 0
99 55 0
104 55 0
107 55 0
108 55 0
109 55 0
110 55 0
137 55 0
5 56 0
7 56 0
9 56 0
10 56 0
17 56 0
19 56 0
20 56 0
21 56 0
22 56 0
25 56 0
26 56 0
28 56 0
29 56 0
30 56 0
31 56 0
32 56 0
33 56 0
34 56 0
35 56 0
36 56 0
37 56 0
38 56 0
86 56 0
87 56 0
88 56 0
89 56 0
90 56 0
91 56 0
96 56 0
97 56 0
98 56 0
108 56 0
7 57 0
14 57 0
16 57 0
17 57 0
20 57 0
21 57 0
22 57 0
23 57 0
25 57 0
28 57 0
29 57 0
30 57 0
31 57 0
32 57 0
33 57 0
34 57 0
35 57 0
36 57 0
37 57 0
38 57 0
87 57 0
88 57 0
89 57 0
90 57 0
91 57 0
6 58 0
7 58 0
9 58 0
11 58 0
12 58 0
13 58 0
14 58 0
15 58 0
18 58 0
19 58 0
20 58 0
21 58 0
22 58 0
23 58 0
24 58 0
28 58 0
30 58 0
31 58 0
32 58 0
33 58 0
34 58 0
35 58 0
36 58 0
37 58 0
38 58 0
6 59 0
11 59 0
14 59 0
16 59 0
17 59 0
18 59 0
19 59 0
21 59 0
24 59 0
25 59 0
28 59 0
29 59 0
30 59 0
31 59 0
32 59 0
33 59 0
34 59 0
35 59 0
36 59 0
37 59 0
38 59 0
39 59 0
107 59 0
108 59 0
15 60 0
16 60 0
17 60 0
21 60 0
22 60 0
24 60 0
25 60 0
30 60 0
31 60 0
32 60 0
33 60 0
34 60 0
35 60 0
36 60 0
37 60 0
38 60 0
39 60 0
40 60 0
106 60 0
107 60 0
108 60 0
129 60 0
9 61 0
16 61 0
17 61 0
18 61 0
19 61 0
20 61 0
21 61 0
22 61 0
28 61 0
29 61 0
30 61 0
31 61 0
32 61 0
33 61 0
34 61 0
35 61 0
36 61 0
37 61 0
38 61 0
39 61 0
89 61 0
103 61 0
104 61 0
105 61 0
115 61 0
116 61 0
12 62 0
17 62 0
18 62 0
21 62 0
22 62 0
26 62 0
29 62 0
30 62 0
31 62 0
32 62 0
33 62 0
34 62 0
35 62 0
36 62 0
37 62 0
38 62 0
40 62 0
100 62 0
103 62 0
115 62 0
117 62 0
10 63 0
11 63 0
13 63 0
18 63 0
19 63 0
20 63 0
21 63 0
22 63 0
24 63 0
25 63 0
26 63 0
28 63 0
29 63 0
31 63 0
32 63 0
33 63 0
34 63 0
35 63 0
36 63 0
37 63 0
38 63 0
39 63 0
40 63 0
55 63 0
96 63 0
97 63 0
10 64 0
11 64 0
13 64 0
15 64 0
16 64 0
19 64 0
21 64 0
22 64 0
28 64 0
29 64 0
31 64 0
32 64 0
33 64 0
34 64 0
35 64 0
36 64 0
37 64 0
38 64 0
39 64 0
40 64 0
54 64 0
55 64 0
56 64 0
58 64 0
95 64 0
6 65 0
7 65 0
13 65 0
15 65 0
17 65 0
18 65 0
19 65 0
21 65 0
24 65 0
25 65 0
26 65 0
29 65 0
30 65 0
31 65 0
32 65 0
33 65 0
34 65 0
35 65 0
36 65 0
37 65 0
38 65 0
39 65 0
53 65 0
54 65 0
55 65 0
56 65 0
57 65 0
58 65 0
59 65 0
12 66 0
13 66 0
15 66 0
16 66 0
17 66 0
18 66 0
19 66 0
20 66 0
21 66 0
22 66 0
23 66 0
24 66 0
25 66 0
27 66 0
31 66 0
32 66 0
33 66 0
34 66 0
35 66 0
36 66 0
37 66 0
38 66 0
39 66 0
40 66 0
54 66 0
56 66 0
57 66 0
58 66 0
59 66 0
60 66 0
12 67 0
13 67 0
15 67 0
17 67 0
18 67 0
19 67 0
21 67 0
22 67 0
23 67 0
24 67 0
25 67 0
26 67 0
27 67 0
28 67 0
32 67 0
33 67 0
34 67 0
35 67 0
36 67 0
37 67 0
38 67 0
39 67 0
40 67 0
57 67 0
61 67 0
62 67 0
17 68 0
18 68 0
19 68 0
20 68 0
21 68 0
22 68 0
24 68 0
25 68 0
26 68 0
27 68 0
28 68 0
29 68 0
30 68 0
31 68 0
32 68 0
33 68 0
34 68 0
35 68 0
36 68 0
37 68 0
38 68 0
39 68 0
40 68 0
41 68 0
59 68 0
83 68 0
18 69 0
19 69 0
20 69 0
21 69 0
22 69 0
23 69 0
24 69 0
25 69 0
26 69 0
27 69 0
28 69 0
29 69 0
30 69 0
31 69 0
32 69 0
33 69 0
34 69 0
35 69 0
36 69 0
37 69 0
38 69 0
39 69 0
40 69 0
41 69 0
42 69 0
48 69 0
8 70 0
9 70 0
12 70 0
13 70 0
14 70 0
17 70 0
19 70 0
20 70 0
21 70 0
24 70 0
25 70 0
26 70 0
27 70 0
28 70 0
29 70 0
30 70 0
31 70 0
32 70 0
33 70 0
34 70 0
35 70 0
36 70 0
37 70 0
38 70 0
39 70 0
40 70 0
41 70 0
42 70 0
43 70 0
13 71 0
14 71 0
15 71 0
16 71 0
17 71 0
18 71 0
19 71 0
20 71 0
21 71 0
22 71 0
24 71 0
25 71 0
27 71 0
28 71 0
29 71 0
30 71 0
31 71 0
32 71 0
33 71 0
34 71 0
35 71 0
36 71 0
37 71 0
38 71 0
39 71 0
40 71 0
41 71 0
42 71 0
43 71 0
44 71 0
9 72 0
10 72 0
14 72 0
15 72 0
16 72 0
17 72 0
20 72 0
24 72 0
26 72 0
30 72 0
31 72 0
32 72 0
33 72 0
34 72 0
35 72 0
36 72 0
37 72 0
38 72 0
39 72 0
40 72 0
41 72 0
42 72 0
43 72 0
44 72 0
45 72 0
14 73 0
15 73 0
16 73 0
21 73 0
25 73 0
26 73 0
27 73 0
28 73 0
31 73 0
32 73 0
34 73 0
35 73 0
36 73 0
37 73 0
38 73 0
39 73 0
40 73 0
41 73 0
42 73 0
43 73 0
44 73 0
45 73 0
123 73 0
12 74 0
13 74 0
14 74 0
15 74 0
16 74 0
20 74 0
22 74 0
23 74 0
27 74 0
29 74 0
35 74 0
36 74 0
39 74 0
40 74 0
41 74 0
42 74 0
43 74 0
44 74 0
45 74 0
46 74 0
47 74 0
52 74 0
13 75 0
14 75 0
18 75 0
21 75 0
64 75 0
12 76 0
14 76 0
16 76 0
19 76 0
22 76 0
58 76 0
12 77 0
13 77 0
14 77 0
15 77 0
16 77 0
17 77 0
18 77 0
20 77 0
21 77 0
22 77 0
25 77 0
35 77 0
11 78 0
18 78 0
19 78 0
20 78 0
21 78 0
22 78 0
23 78 0
41 78 0
9 79 0
11 79 0
12 79 0
20 79 0
21 79 0
22 79 0
23 79 0
24 79 0
25 79 0
26 79 0
32 79 0
35 79 0
38 79 0
3 80 0
14 80 0
15 80 0
19 80 0
20 80 0
21 80 0
34 80 0
39 80 0
2 81 0
3 81 0
5 81 0
14 81 0
15 81 0
16 81 0
18 81 0
19 81 0
21 81 0
23 81 0
31 81 0
40 81 0
5 82 0
12 82 0
20 82 0
21 82 0
44 82 0
3 83 0
4 83 0
5 83 0
6 83 0
7 83 0
11 83 0
12 83 0
14 83 0
15 83 0
20 83 0
21 83 0
22 83 0
28 83 0
29 83 0
43 83 0
3 84 0
6 84 0
7 84 0
8 84 0
10 84 0
11 84 0
12 84 0
13 84 0
14 84 0
15 84 0
16 84 0
18 84 0
20 84 0
22 84 0
33 84 0
35 84 0
36 84 0
38 84 0
45 84 0
9 85 0
10 85 0
12 85 0
13 85 0
15 85 0
16 85 0
17 85 0
18 85 0
22 85 0
25 85 0
27 85 0
28 85 0
29 85 0
30 85 0
34 85 0
35 85 0
36 85 0
37 85 0
39 85 0
40 85 0
43 85 0
7 86 0
9 86 0
17 86 0
18 86 0
31 86 0
32 86 0
33 86 0
34 86 0
35 86 0
36 86 0
37 86 0
38 86 0
39 86 0
40 86 0
41 86 0
42 86 0
43 86 0
9 87 0
10 87 0
11 87 0
13 87 0
16 87 0
26 87 0
28 87 0
35 87 0
36 87 0
40 87 0
16 88 0
23 88 0
11 89 0
22 89 0
20 92 0
152 92 0
18 94 0
19 94 0
11 97 0
18 97 0
12 99 0
9 100 0
16 100 0
22 100 0
6 101 0
7 101 0
8 101 0
9 101 0
11 101 0
17 101 0
18 101 0
3 102 0
4 102 0
6 102 0
7 102 0
8 102 0
9 102 0
10 102 0
13 102 0
14 102 0
17 102 0
20 102 0
10 103 0
11 103 0
14 103 0
15 103 0
17 103 0
7 104 0
9 104 0
10 104 0
11 104 0
13 104 0
15 104 0
20 104 0
21 104 0
7 105 0
9 105 0
10 105 0
11 105 0
12 105 0
15 105 0
8 106 0
9 106 0
10 106 0
11 106 0
17 106 0
5 107 0
6 107 0
7 107 0
8 107 0
9 107 0
11 107 0
12 107 0
18 107 0
19 107 0
4 108 0
5 108 0
7 108 0
8 108 0
11 108 0
13 108 0
16 108 0
17 108 0
18 108 0
19 108 0
21 108 0
8 109 0
9 109 0
10 109 0
11 109 0
12 109 0
13 109 0
14 109 0
21 109 0
7 110 0
8 110 0
9 110 0
11 110 0
14 110 0
15 110 0
25 110 0
13 111 0
14 111 0
15 111 0
8 112 0
15 112 0
16 112 0
6 113 0
7 113 0
8 113 0
11 113 0
15 113 0
6 114 0
7 114 0
8 114 0
9 114 0
18 114 0
17 115 0
18 115 0
19 115 0
11 116 0
12 116 0
15 116 0
11 117 0
12 117 0
6 118 0
12 118 0
16 118 0
5 119 0
6 119 0
7 119 0
8 119 0
12 119 0
13 119 0
14 119 0
15 119 0
5 120 0
7 120 0
8 120 0
9 120 0
15 120 0
163 120 0
7 121 0
11 121 0
12 121 0
16 121 0
26 121 0
12 122 0
13 122 0
17 122 0
11 123 0
12 123 0
15 123 0
15 124 0
5 125 0
10 125 0
11 125 0
8 126 0
9 127 0
17 131 0
17 134 0
17 135 0
8 136 0
20 139 0
16 142 0
22 147 0
15 164 0
15 166 0
9 167 0
8 173 0
9 173 0
69 99 1
70 99 1
71 99 1
67 100 1
68 100 1
69 100 1
70 100 1
71 100 1
72 100 1
73 100 1
75 100 1
76 100 1
77 100 1
78 100 1
65 101 1
66 101 1
67 101 1
68 101 1
69 101 1
70 101 1
71 101 1
72 101 1
73 101 1
74 101 1
75 101 1
76 101 1
77 101 1
63 102 1
64 102 1
65 102 1
66 102 1
67 102 1
68 102 1
69 102 1
70 102 1
71 102 1
72 102 1
73 102 1
74 102 1
75 102 1
76 102 1
77 102 1
61 103 1
62 103 1
63 103 1
64 103 1
65 103 1
66 103 1
67 103 1
68 103 1
69 103 1
70 103 1
71 103 1
72 103 1
73 103 1
74 103 1
75 103 1
76 103 1
77 103 1
61 104 1
62 104 1
63 104 1
64 104 1
65 104 1
66 104 1
67 104 1
68 104 1
69 104 1
70 104 1
71 104 1
72 104 1
73 104 1
74 104 1
75 104 1
76 104 1
77 104 1
62 105 1
63 105 1
64 105 1
65 105 1
66 105 1
67 105 1
68 105 1
69 105 1
70 105 1
71 105 1
72 105 1
73 105 1
74 105 1
75 105 1
62 106 1
63 106 1
64 106 1
65 106 1
66 106 1
67 106 1
68 106 1
69 106 1
70 106 1
71 106 1
72 106 1
73 106 1
74 106 1
75 106 1
63 107 1
64 107 1
65 107 1
66 107 1
67 107 1
68 107 1
69 107 1
70 107 1
71 107 1
72 107 1
73 107 1
74 107 1
63 108 1
64 108 1
65 108 1
66 108 1
67 108 1
74 108 1
64 109 1
66 109 1
73 110 1
