36 3 0
22 4 0
36 4 0
22 5 0
36 5 0
37 5 0
21 6 0
22 6 0
35 6 0
36 6 0
37 6 0
9 7 0
22 7 0
23 7 0
35 7 0
36 7 0
37 7 0
9 8 0
10 8 0
22 8 0
23 8 0
24 8 0
34 8 0
35 8 0
36 8 0
37 8 0
21 9 0
22 9 0
23 9 0
27 9 0
34 9 0
35 9 0
36 9 0
8 10 0
9 10 0
16 10 0
22 10 0
23 10 0
30 10 0
33 10 0
34 10 0
35 10 0
36 10 0
37 10 0
51 10 0
7 11 0
8 11 0
9 11 0
10 11 0
19 11 0
22 11 0
23 11 0
24 11 0
33 11 0
34 11 0
35 11 0
36 11 0
37 11 0
8 12 0
9 12 0
10 12 0
17 12 0
19 12 0
21 12 0
22 12 0
23 12 0
25 12 0
26 12 0
34 12 0
35 12 0
36 12 0
37 12 0
8 13 0
9 13 0
10 13 0
11 13 0
12 13 0
17 13 0
19 13 0
21 13 0
22 13 0
23 13 0
27 13 0
28 13 0
32 13 0
33 13 0
34 13 0
35 13 0
36 13 0
37 13 0
38 13 0
77 13 0
8 14 0
9 14 0
10 14 0
17 14 0
19 14 0
21 14 0
22 14 0
23 14 0
26 14 0
31 14 0
32 14 0
33 14 0
34 14 0
35 14 0
36 14 0
37 14 0
38 14 0
68 14 0
8 15 0
9 15 0
10 15 0
11 15 0
13 15 0
15 15 0
17 15 0
18 15 0
21 15 0
22 15 0
23 15 0
24 15 0
25 15 0
27 15 0
28 15 0
32 15 0
33 15 0
34 15 0
35 15 0
36 15 0
37 15 0
51 15 0
71 15 0
72 15 0
8 16 0
9 16 0
10 16 0
11 16 0
14 16 0
15 16 0
19 16 0
20 16 0
21 16 0
22 16 0
23 16 0
24 16 0
25 16 0
27 16 0
28 16 0
29 16 0
30 16 0
32 16 0
33 16 0
34 16 0
35 16 0
36 16 0
37 16 0
56 16 0
7 17 0
8 17 0
9 17 0
10 17 0
11 17 0
12 17 0
14 17 0
15 17 0
19 17 0
20 17 0
21 17 0
22 17 0
23 17 0
24 17 0
27 17 0
30 17 0
31 17 0
32 17 0
33 17 0
34 17 0
35 17 0
36 17 0
37 17 0
49 17 0
54 17 0
8 18 0
9 18 0
10 18 0
11 18 0
12 18 0
14 18 0
15 18 0
16 18 0
18 18 0
19 18 0
20 18 0
21 18 0
22 18 0
23 18 0
27 18 0
30 18 0
31 18 0
32 18 0
33 18 0
34 18 0
35 18 0
36 18 0
37 18 0
42 18 0
54 18 0
8 19 0
9 19 0
10 19 0
11 19 0
18 19 0
19 19 0
20 19 0
21 19 0
22 19 0
23 19 0
24 19 0
25 19 0
28 19 0
29 19 0
30 19 0
31 19 0
32 19 0
33 19 0
34 19 0
35 19 0
36 19 0
37 19 0
63 19 0
4 20 0
5 20 0
8 20 0
9 20 0
10 20 0
11 20 0
15 20 0
16 20 0
17 20 0
18 20 0
19 20 0
20 20 0
21 20 0
22 20 0
23 20 0
26 20 0
27 20 0
28 20 0
30 20 0
31 20 0
32 20 0
33 20 0
34 20 0
35 20 0
36 20 0
37 20 0
50 20 0
51 20 0
58 20 0
59 20 0
60 20 0
62 20 0
64 20 0
65 20 0
67 20 0
3 21 0
8 21 0
9 21 0
10 21 0
11 21 0
14 21 0
15 21 0
16 21 0
19 21 0
20 21 0
21 21 0
22 21 0
23 21 0
26 21 0
27 21 0
28 21 0
29 21 0
30 21 0
31 21 0
32 21 0
33 21 0
34 21 0
35 21 0
36 21 0
37 21 0
46 21 0
61 21 0
62 21 0
67 21 0
3 22 0
8 22 0
9 22 0
10 22 0
11 22 0
14 22 0
15 22 0
16 22 0
19 22 0
20 22 0
21 22 0
22 22 0
23 22 0
24 22 0
28 22 0
29 22 0
30 22 0
31 22 0
32 22 0
33 22 0
34 22 0
35 22 0
36 22 0
42 22 0
46 22 0
47 22 0
49 22 0
52 22 0
54 22 0
58 22 0
60 22 0
65 22 0
8 23 0
9 23 0
10 23 0
11 23 0
12 23 0
17 23 0
18 23 0
19 23 0
20 23 0
21 23 0
22 23 0
23 23 0
24 23 0
27 23 0
29 23 0
30 23 0
31 23 0
32 23 0
33 23 0
34 23 0
35 23 0
36 23 0
37 23 0
46 23 0
47 23 0
48 23 0
51 23 0
56 23 0
57 23 0
59 23 0
60 23 0
61 23 0
62 23 0
65 23 0
66 23 0
70 23 0
8 24 0
9 24 0
10 24 0
11 24 0
17 24 0
18 24 0
19 24 0
20 24 0
21 24 0
22 24 0
23 24 0
27 24 0
29 24 0
30 24 0
31 24 0
32 24 0
33 24 0
34 24 0
35 24 0
36 24 0
37 24 0
42 24 0
48 24 0
51 24 0
52 24 0
61 24 0
62 24 0
74 24 0
3 25 0
8 25 0
9 25 0
10 25 0
11 25 0
15 25 0
16 25 0
17 25 0
18 25 0
19 25 0
20 25 0
21 25 0
22 25 0
23 25 0
25 25 0
27 25 0
28 25 0
29 25 0
30 25 0
31 25 0
32 25 0
33 25 0
34 25 0
35 25 0
36 25 0
37 25 0
38 25 0
39 25 0
42 25 0
48 25 0
52 25 0
62 25 0
3 26 0
9 26 0
10 26 0
11 26 0
14 26 0
15 26 0
16 26 0
17 26 0
19 26 0
20 26 0
21 26 0
22 26 0
23 26 0
24 26 0
25 26 0
26 26 0
27 26 0
28 26 0
29 26 0
30 26 0
31 26 0
32 26 0
33 26 0
34 26 0
35 26 0
36 26 0
39 26 0
42 26 0
46 26 0
51 26 0
52 26 0
62 26 0
67 26 0
2 27 0
3 27 0
8 27 0
9 27 0
10 27 0
13 27 0
14 27 0
15 27 0
17 27 0
18 27 0
19 27 0
20 27 0
21 27 0
22 27 0
23 27 0
27 27 0
28 27 0
29 27 0
30 27 0
31 27 0
32 27 0
33 27 0
34 27 0
35 27 0
36 27 0
37 27 0
39 27 0
50 27 0
51 27 0
57 27 0
65 27 0
70 27 0
3 28 0
8 28 0
9 28 0
10 28 0
15 28 0
17 28 0
18 28 0
19 28 0
20 28 0
21 28 0
22 28 0
23 28 0
24 28 0
28 28 0
29 28 0
30 28 0
31 28 0
32 28 0
33 28 0
34 28 0
35 28 0
36 28 0
37 28 0
51 28 0
54 28 0
57 28 0
58 28 0
3 29 0
9 29 0
10 29 0
15 29 0
17 29 0
18 29 0
19 29 0
20 29 0
21 29 0
22 29 0
23 29 0
24 29 0
25 29 0
27 29 0
28 29 0
29 29 0
30 29 0
31 29 0
32 29 0
33 29 0
34 29 0
35 29 0
36 29 0
37 29 0
72 29 0
3 30 0
4 30 0
9 30 0
10 30 0
16 30 0
18 30 0
19 30 0
20 30 0
21 30 0
22 30 0
23 30 0
25 30 0
27 30 0
29 30 0
30 30 0
31 30 0
32 30 0
33 30 0
34 30 0
35 30 0
36 30 0
37 30 0
57 30 0
72 30 0
125 30 0
9 31 0
10 31 0
11 31 0
12 31 0
14 31 0
15 31 0
16 31 0
17 31 0
18 31 0
19 31 0
20 31 0
21 31 0
22 31 0
23 31 0
24 31 0
26 31 0
27 31 0
28 31 0
29 31 0
30 31 0
31 31 0
32 31 0
33 31 0
34 31 0
35 31 0
36 31 0
37 31 0
39 31 0
3 32 0
6 32 0
9 32 0
10 32 0
11 32 0
17 32 0
18 32 0
19 32 0
20 32 0
21 32 0
22 32 0
23 32 0
24 32 0
26 32 0
28 32 0
29 32 0
30 32 0
31 32 0
32 32 0
33 32 0
34 32 0
35 32 0
36 32 0
37 32 0
56 32 0
59 32 0
126 32 0
130 32 0
4 33 0
9 33 0
10 33 0
15 33 0
17 33 0
18 33 0
19 33 0
20 33 0
21 33 0
22 33 0
23 33 0
24 33 0
28 33 0
29 33 0
30 33 0
31 33 0
32 33 0
33 33 0
34 33 0
35 33 0
36 33 0
37 33 0
53 33 0
69 33 0
2 34 0
4 34 0
9 34 0
10 34 0
19 34 0
20 34 0
21 34 0
22 34 0
23 34 0
24 34 0
25 34 0
28 34 0
29 34 0
30 34 0
31 34 0
32 34 0
33 34 0
34 34 0
35 34 0
36 34 0
37 34 0
38 34 0
66 34 0
125 34 0
9 35 0
10 35 0
16 35 0
17 35 0
18 35 0
19 35 0
20 35 0
21 35 0
22 35 0
23 35 0
24 35 0
25 35 0
28 35 0
29 35 0
30 35 0
31 35 0
32 35 0
33 35 0
34 35 0
35 35 0
36 35 0
37 35 0
45 35 0
62 35 0
66 35 0
73 35 0
117 35 0
2 36 0
3 36 0
9 36 0
10 36 0
16 36 0
17 36 0
18 36 0
19 36 0
20 36 0
21 36 0
22 36 0
23 36 0
24 36 0
28 36 0
29 36 0
30 36 0
31 36 0
32 36 0
33 36 0
34 36 0
35 36 0
36 36 0
37 36 0
48 36 0
59 36 0
69 36 0
106 36 0
113 36 0
114 36 0
117 36 0
2 37 0
3 37 0
9 37 0
10 37 0
17 37 0
19 37 0
20 37 0
21 37 0
22 37 0
23 37 0
24 37 0
28 37 0
29 37 0
30 37 0
31 37 0
32 37 0
33 37 0
34 37 0
35 37 0
36 37 0
37 37 0
38 37 0
67 37 0
72 37 0
107 37 0
108 37 0
110 37 0
117 37 0
2 38 0
3 38 0
9 38 0
10 38 0
11 38 0
19 38 0
20 38 0
21 38 0
22 38 0
23 38 0
24 38 0
25 38 0
28 38 0
29 38 0
30 38 0
31 38 0
32 38 0
33 38 0
34 38 0
35 38 0
36 38 0
37 38 0
38 38 0
93 38 0
98 38 0
111 38 0
112 38 0
116 38 0
125 38 0
9 39 0
10 39 0
11 39 0
16 39 0
18 39 0
19 39 0
20 39 0
21 39 0
22 39 0
23 39 0
24 39 0
27 39 0
28 39 0
29 39 0
30 39 0
31 39 0
32 39 0
33 39 0
34 39 0
35 39 0
36 39 0
37 39 0
38 39 0
39 39 0
102 39 0
105 39 0
109 39 0
111 39 0
116 39 0
117 39 0
134 39 0
3 40 0
4 40 0
9 40 0
10 40 0
11 40 0
13 40 0
19 40 0
20 40 0
21 40 0
22 40 0
23 40 0
28 40 0
29 40 0
30 40 0
31 40 0
32 40 0
33 40 0
34 40 0
35 40 0
36 40 0
37 40 0
39 40 0
95 40 0
96 40 0
97 40 0
103 40 0
111 40 0
112 40 0
117 40 0
121 40 0
9 41 0
10 41 0
17 41 0
19 41 0
20 41 0
21 41 0
22 41 0
23 41 0
27 41 0
28 41 0
29 41 0
30 41 0
31 41 0
32 41 0
33 41 0
34 41 0
35 41 0
36 41 0
37 41 0
51 41 0
73 41 0
118 41 0
7 42 0
9 42 0
10 42 0
17 42 0
19 42 0
20 42 0
21 42 0
22 42 0
23 42 0
24 42 0
25 42 0
29 42 0
30 42 0
31 42 0
32 42 0
33 42 0
34 42 0
35 42 0
36 42 0
37 42 0
73 42 0
100 42 0
101 42 0
106 42 0
109 42 0
122 42 0
123 42 0
9 43 0
10 43 0
11 43 0
19 43 0
20 43 0
21 43 0
22 43 0
23 43 0
24 43 0
29 43 0
30 43 0
31 43 0
32 43 0
33 43 0
34 43 0
35 43 0
36 43 0
37 43 0
38 43 0
53 43 0
89 43 0
93 43 0
101 43 0
102 43 0
103 43 0
108 43 0
110 43 0
119 43 0
120 43 0
8 44 0
9 44 0
10 44 0
13 44 0
14 44 0
15 44 0
18 44 0
20 44 0
21 44 0
22 44 0
23 44 0
24 44 0
27 44 0
29 44 0
30 44 0
31 44 0
32 44 0
33 44 0
34 44 0
35 44 0
36 44 0
37 44 0
38 44 0
50 44 0
69 44 0
95 44 0
101 44 0
102 44 0
103 44 0
111 44 0
112 44 0
113 44 0
119 44 0
125 44 0
9 45 0
10 45 0
14 45 0
17 45 0
18 45 0
19 45 0
20 45 0
21 45 0
22 45 0
23 45 0
24 45 0
25 45 0
27 45 0
28 45 0
29 45 0
30 45 0
31 45 0
32 45 0
33 45 0
34 45 0
35 45 0
36 45 0
37 45 0
69 45 0
87 45 0
95 45 0
113 45 0
114 45 0
115 45 0
117 45 0
120 45 0
9 46 0
10 46 0
11 46 0
13 46 0
19 46 0
20 46 0
21 46 0
22 46 0
23 46 0
24 46 0
29 46 0
30 46 0
31 46 0
32 46 0
33 46 0
34 46 0
35 46 0
36 46 0
37 46 0
38 46 0
39 46 0
65 46 0
71 46 0
87 46 0
96 46 0
102 46 0
109 46 0
110 46 0
119 46 0
9 47 0
10 47 0
13 47 0
15 47 0
19 47 0
20 47 0
21 47 0
22 47 0
23 47 0
24 47 0
28 47 0
29 47 0
30 47 0
31 47 0
32 47 0
33 47 0
34 47 0
35 47 0
36 47 0
37 47 0
38 47 0
40 47 0
104 47 0
107 47 0
9 48 0
10 48 0
11 48 0
16 48 0
19 48 0
20 48 0
21 48 0
22 48 0
23 48 0
24 48 0
29 48 0
30 48 0
31 48 0
32 48 0
33 48 0
34 48 0
35 48 0
36 48 0
37 48 0
38 48 0
103 48 0
106 48 0
118 48 0
119 48 0
121 48 0
9 49 0
10 49 0
11 49 0
15 49 0
16 49 0
19 49 0
20 49 0
21 49 0
22 49 0
23 49 0
24 49 0
29 49 0
30 49 0
31 49 0
32 49 0
33 49 0
34 49 0
35 49 0
36 49 0
37 49 0
39 49 0
40 49 0
101 49 0
113 49 0
117 49 0
118 49 0
119 49 0
120 49 0
121 49 0
123 49 0
124 49 0
128 49 0
129 49 0
130 49 0
133 49 0
10 50 0
11 50 0
16 50 0
17 50 0
18 50 0
19 50 0
20 50 0
21 50 0
22 50 0
23 50 0
29 50 0
30 50 0
31 50 0
32 50 0
33 50 0
34 50 0
35 50 0
36 50 0
37 50 0
38 50 0
39 50 0
103 50 0
113 50 0
114 50 0
115 50 0
116 50 0
117 50 0
118 50 0
119 50 0
120 50 0
121 50 0
125 50 0
126 50 0
127 50 0
129 50 0
134 50 0
9 51 0
10 51 0
11 51 0
14 51 0
18 51 0
20 51 0
21 51 0
23 51 0
24 51 0
25 51 0
29 51 0
30 51 0
31 51 0
32 51 0
33 51 0
34 51 0
35 51 0
36 51 0
37 51 0
38 51 0
93 51 0
98 51 0
104 51 0
109 51 0
110 51 0
111 51 0
114 51 0
117 51 0
118 51 0
119 51 0
120 51 0
10 52 0
11 52 0
16 52 0
17 52 0
18 52 0
19 52 0
20 52 0
21 52 0
22 52 0
23 52 0
24 52 0
25 52 0
29 52 0
30 52 0
31 52 0
32 52 0
33 52 0
34 52 0
36 52 0
37 52 0
38 52 0
72 52 0
97 52 0
100 52 0
101 52 0
102 52 0
103 52 0
104 52 0
106 52 0
107 52 0
108 52 0
109 52 0
110 52 0
111 52 0
112 52 0
114 52 0
115 52 0
117 52 0
118 52 0
126 52 0
131 52 0
10 53 0
11 53 0
19 53 0
20 53 0
21 53 0
23 53 0
24 53 0
30 53 0
31 53 0
32 53 0
33 53 0
34 53 0
35 53 0
36 53 0
37 53 0
38 53 0
39 53 0
72 53 0
87 53 0
95 53 0
96 53 0
97 53 0
98 53 0
100 53 0
101 53 0
102 53 0
103 53 0
104 53 0
105 53 0
106 53 0
107 53 0
109 53 0
114 53 0
118 53 0
124 53 0
126 53 0
129 53 0
131 53 0
132 53 0
10 54 0
11 54 0
16 54 0
17 54 0
19 54 0
20 54 0
21 54 0
22 54 0
23 54 0
24 54 0
25 54 0
28 54 0
29 54 0
30 54 0
31 54 0
32 54 0
33 54 0
34 54 0
35 54 0
36 54 0
37 54 0
38 54 0
39 54 0
70 54 0
76 54 0
85 54 0
86 54 0
87 54 0
88 54 0
89 54 0
90 54 0
91 54 0
92 54 0
93 54 0
94 54 0
95 54 0
96 54 0
97 54 0
98 54 0
99 54 0
100 54 0
102 54 0
103 54 0
104 54 0
105 54 0
106 54 0
110 54 0
114 54 0
115 54 0
116 54 0
118 54 0
119 54 0
121 54 0
122 54 0
123 54 0
125 54 0
126 54 0
127 54 0
130 54 0
131 54 0
133 54 0
134 54 0
145 54 0
10 55 0
11 55 0
16 55 0
17 55 0
20 55 0
21 55 0
22 55 0
23 55 0
24 55 0
25 55 0
29 55 0
30 55 0
31 55 0
32 55 0
33 55 0
34 55 0
36 55 0
37 55 0
38 55 0
39 55 0
71 55 0
74 55 0
78 55 0
84 55 0
86 55 0
87 55 0
88 55 0
89 55 0
90 55 0
91 55 0
92 55 0
93 55 0
94 55 0
95 55 0
96 55 0
97 55 0
98 55 0
99 55 0
100 55 0
102 55 0
105 55 0
106 55 0
107 55 0
108 55 0
109 55 0
110 55 0
111 55 0
112 55 0
113 55 0
114 55 0
115 55 0
116 55 0
117 55 0
118 55 0
119 55 0
120 55 0
121 55 0
122 55 0
123 55 0
124 55 0
125 55 0
126 55 0
127 55 0
129 55 0
130 55 0
10 56 0
11 56 0
12 56 0
18 56 0
19 56 0
21 56 0
22 56 0
23 56 0
24 56 0
25 56 0
28 56 0
29 56 0
30 56 0
31 56 0
32 56 0
33 56 0
34 56 0
35 56 0
36 56 0
37 56 0
38 56 0
39 56 0
40 56 0
59 56 0
67 56 0
68 56 0
74 56 0
78 56 0
79 56 0
80 56 0
81 56 0
82 56 0
83 56 0
84 56 0
85 56 0
86 56 0
87 56 0
89 56 0
90 56 0
91 56 0
92 56 0
93 56 0
94 56 0
95 56 0
96 56 0
97 56 0
98 56 0
99 56 0
100 56 0
103 56 0
104 56 0
105 56 0
106 56 0
107 56 0
108 56 0
109 56 0
110 56 0
111 56 0
112 56 0
113 56 0
114 56 0
115 56 0
116 56 0
117 56 0
118 56 0
119 56 0
123 56 0
126 56 0
127 56 0
10 57 0
11 57 0
12 57 0
18 57 0
19 57 0
21 57 0
22 57 0
23 57 0
24 57 0
25 57 0
26 57 0
28 57 0
29 57 0
30 57 0
31 57 0
32 57 0
33 57 0
34 57 0
35 57 0
36 57 0
37 57 0
38 57 0
39 57 0
40 57 0
41 57 0
67 57 0
72 57 0
74 57 0
75 57 0
79 57 0
80 57 0
81 57 0
83 57 0
84 57 0
85 57 0
86 57 0
87 57 0
88 57 0
90 57 0
91 57 0
92 57 0
93 57 0
95 57 0
96 57 0
97 57 0
98 57 0
99 57 0
100 57 0
101 57 0
102 57 0
103 57 0
104 57 0
105 57 0
107 57 0
108 57 0
109 57 0
110 57 0
111 57 0
112 57 0
116 57 0
127 57 0
131 57 0
9 58 0
11 58 0
12 58 0
14 58 0
16 58 0
17 58 0
18 58 0
19 58 0
20 58 0
21 58 0
22 58 0
23 58 0
24 58 0
25 58 0
26 58 0
29 58 0
30 58 0
31 58 0
32 58 0
33 58 0
34 58 0
35 58 0
36 58 0
37 58 0
38 58 0
39 58 0
66 58 0
74 58 0
75 58 0
77 58 0
81 58 0
84 58 0
85 58 0
86 58 0
87 58 0
92 58 0
93 58 0
94 58 0
95 58 0
96 58 0
97 58 0
98 58 0
99 58 0
100 58 0
101 58 0
102 58 0
103 58 0
112 58 0
119 58 0
124 58 0
126 58 0
127 58 0
131 58 0
132 58 0
133 58 0
137 58 0
11 59 0
15 59 0
16 59 0
21 59 0
22 59 0
23 59 0
24 59 0
25 59 0
29 59 0
30 59 0
31 59 0
32 59 0
33 59 0
34 59 0
35 59 0
36 59 0
37 59 0
38 59 0
39 59 0
40 59 0
66 59 0
68 59 0
81 59 0
82 59 0
83 59 0
84 59 0
85 59 0
86 59 0
87 59 0
92 59 0
93 59 0
98 59 0
100 59 0
119 59 0
121 59 0
126 59 0
11 60 0
12 60 0
13 60 0
15 60 0
16 60 0
17 60 0
21 60 0
22 60 0
23 60 0
24 60 0
25 60 0
26 60 0
27 60 0
28 60 0
30 60 0
31 60 0
32 60 0
33 60 0
34 60 0
35 60 0
36 60 0
37 60 0
39 60 0
40 60 0
78 60 0
82 60 0
85 60 0
121 60 0
11 61 0
12 61 0
13 61 0
14 61 0
15 61 0
19 61 0
20 61 0
21 61 0
22 61 0
23 61 0
24 61 0
25 61 0
26 61 0
27 61 0
28 61 0
29 61 0
30 61 0
31 61 0
32 61 0
33 61 0
34 61 0
35 61 0
36 61 0
37 61 0
38 61 0
39 61 0
40 61 0
62 61 0
152 61 0
11 62 0
12 62 0
19 62 0
20 62 0
21 62 0
22 62 0
23 62 0
24 62 0
25 62 0
26 62 0
27 62 0
28 62 0
29 62 0
30 62 0
31 62 0
32 62 0
33 62 0
34 62 0
35 62 0
36 62 0
38 62 0
71 62 0
107 62 0
115 62 0
11 63 0
12 63 0
19 63 0
20 63 0
21 63 0
22 63 0
24 63 0
25 63 0
26 63 0
27 63 0
28 63 0
29 63 0
30 63 0
32 63 0
33 63 0
34 63 0
35 63 0
36 63 0
37 63 0
38 63 0
39 63 0
40 63 0
43 63 0
55 63 0
94 63 0
101 63 0
109 63 0
119 63 0
129 63 0
11 64 0
12 64 0
17 64 0
18 64 0
19 64 0
20 64 0
21 64 0
22 64 0
23 64 0
24 64 0
25 64 0
26 64 0
27 64 0
28 64 0
29 64 0
30 64 0
31 64 0
32 64 0
34 64 0
35 64 0
36 64 0
37 64 0
38 64 0
39 64 0
40 64 0
41 64 0
46 64 0
82 64 0
89 64 0
95 64 0
96 64 0
97 64 0
99 64 0
103 64 0
104 64 0
106 64 0
109 64 0
110 64 0
128 64 0
11 65 0
12 65 0
17 65 0
18 65 0
19 65 0
21 65 0
22 65 0
23 65 0
24 65 0
26 65 0
28 65 0
30 65 0
31 65 0
32 65 0
33 65 0
34 65 0
35 65 0
36 65 0
37 65 0
38 65 0
39 65 0
41 65 0
42 65 0
43 65 0
45 65 0
75 65 0
86 65 0
97 65 0
111 65 0
113 65 0
114 65 0
10 66 0
11 66 0
12 66 0
13 66 0
14 66 0
16 66 0
17 66 0
18 66 0
20 66 0
21 66 0
22 66 0
24 66 0
26 66 0
27 66 0
33 66 0
34 66 0
35 66 0
36 66 0
37 66 0
38 66 0
39 66 0
40 66 0
42 66 0
43 66 0
44 66 0
85 66 0
100 66 0
107 66 0
114 66 0
115 66 0
121 66 0
122 66 0
10 67 0
13 67 0
14 67 0
16 67 0
17 67 0
19 67 0
20 67 0
27 67 0
30 67 0
31 67 0
34 67 0
37 67 0
40 67 0
41 67 0
43 67 0
61 67 0
9 68 0
10 68 0
14 68 0
15 68 0
16 68 0
18 68 0
19 68 0
21 68 0
22 68 0
40 68 0
41 68 0
56 68 0
58 68 0
71 68 0
2 69 0
3 69 0
4 69 0
5 69 0
6 69 0
7 69 0
8 69 0
9 69 0
10 69 0
11 69 0
14 69 0
15 69 0
16 69 0
18 69 0
19 69 0
22 69 0
23 69 0
35 69 0
44 69 0
3 70 0
4 70 0
5 70 0
6 70 0
7 70 0
8 70 0
9 70 0
10 70 0
11 70 0
12 70 0
14 70 0
18 70 0
20 70 0
23 70 0
24 70 0
30 70 0
31 70 0
32 70 0
2 71 0
3 71 0
4 71 0
5 71 0
6 71 0
7 71 0
8 71 0
9 71 0
10 71 0
11 71 0
12 71 0
15 71 0
16 71 0
17 71 0
18 71 0
19 71 0
25 71 0
2 72 0
3 72 0
4 72 0
5 72 0
6 72 0
7 72 0
8 72 0
9 72 0
10 72 0
11 72 0
12 72 0
15 72 0
16 72 0
17 72 0
23 72 0
24 72 0
25 72 0
26 72 0
27 72 0
34 72 0
1 73 0
2 73 0
5 73 0
6 73 0
7 73 0
9 73 0
11 73 0
12 73 0
15 73 0
16 73 0
17 73 0
18 73 0
24 73 0
27 73 0
28 73 0
30 73 0
2 74 0
3 74 0
4 74 0
5 74 0
6 74 0
7 74 0
11 74 0
12 74 0
24 74 0
27 74 0
28 74 0
31 74 0
2 75 0
3 75 0
4 75 0
5 75 0
6 75 0
9 75 0
10 75 0
11 75 0
12 75 0
17 75 0
18 75 0
19 75 0
20 75 0
26 75 0
28 75 0
29 75 0
33 75 0
2 76 0
3 76 0
10 76 0
11 76 0
12 76 0
17 76 0
18 76 0
23 76 0
24 76 0
25 76 0
26 76 0
27 76 0
28 76 0
29 76 0
32 76 0
33 76 0
2 77 0
5 77 0
7 77 0
12 77 0
27 77 0
28 77 0
29 77 0
30 77 0
31 77 0
33 77 0
34 77 0
35 77 0
3 78 0
4 78 0
5 78 0
19 78 0
25 78 0
26 78 0
29 78 0
30 78 0
33 78 0
34 78 0
35 78 0
36 78 0
38 78 0
41 78 0
43 78 0
2 79 0
5 79 0
6 79 0
18 79 0
25 79 0
26 79 0
29 79 0
30 79 0
5 80 0
6 80 0
20 80 0
25 80 0
31 80 0
35 80 0
4 81 0
5 81 0
6 81 0
20 81 0
3 82 0
4 82 0
5 82 0
6 82 0
27 82 0
30 82 0
2 83 0
3 83 0
4 83 0
5 83 0
6 83 0
22 83 0
2 84 0
3 84 0
4 84 0
5 84 0
6 84 0
10 84 0
2 85 0
3 85 0
4 85 0
5 85 0
6 85 0
7 85 0
8 85 0
9 85 0
10 85 0
2 86 0
3 86 0
4 86 0
5 86 0
6 86 0
7 86 0
9 86 0
10 86 0
11 86 0
17 86 0
2 87 0
3 87 0
4 87 0
5 87 0
6 87 0
7 87 0
10 87 0
11 87 0
16 87 0
17 87 0
1 88 0
2 88 0
3 88 0
4 88 0
5 88 0
6 88 0
7 88 0
8 88 0
9 88 0
10 88 0
11 88 0
1 89 0
2 89 0
3 89 0
4 89 0
5 89 0
6 89 0
7 89 0
8 89 0
9 89 0
21 89 0
2 90 0
3 90 0
4 90 0
5 90 0
6 90 0
7 90 0
9 90 0
10 90 0
1 91 0
2 91 0
3 91 0
4 91 0
5 91 0
6 91 0
7 91 0
8 91 0
9 91 0
10 91 0
2 92 0
5 92 0
6 92 0
7 92 0
8 92 0
9 92 0
10 92 0
16 92 0
2 93 0
3 93 0
4 93 0
5 93 0
6 93 0
7 93 0
8 93 0
10 93 0
2 94 0
3 94 0
4 94 0
5 94 0
6 94 0
7 94 0
8 94 0
10 94 0
11 94 0
2 95 0
3 95 0
4 95 0
5 95 0
6 95 0
7 95 0
8 95 0
9 95 0
2 96 0
3 96 0
4 96 0
5 96 0
7 96 0
8 96 0
9 96 0
11 96 0
136 96 0
3 97 0
4 97 0
6 97 0
7 97 0
8 97 0
9 97 0
2 98 0
3 98 0
4 98 0
5 98 0
6 98 0
8 98 0
10 98 0
1 99 0
2 99 0
3 99 0
4 99 0
5 99 0
7 99 0
8 99 0
10 99 0
2 100 0
3 100 0
4 100 0
5 100 0
6 100 0
7 100 0
8 100 0
10 100 0
2 101 0
3 101 0
4 101 0
6 101 0
7 101 0
8 101 0
10 101 0
2 102 0
3 102 0
4 102 0
5 102 0
6 102 0
7 102 0
8 102 0
9 102 0
10 102 0
11 102 0
4 103 0
5 103 0
8 103 0
1 104 0
2 104 0
3 104 0
4 104 0
5 104 0
7 104 0
11 104 0
1 105 0
2 105 0
3 105 0
4 105 0
5 105 0
7 105 0
8 105 0
9 105 0
10 105 0
2 106 0
3 106 0
4 106 0
6 106 0
7 106 0
8 106 0
2 107 0
3 107 0
4 107 0
6 107 0
7 107 0
8 107 0
3 108 0
4 108 0
6 108 0
7 108 0
8 108 0
9 108 0
4 109 0
7 109 0
8 109 0
2 110 0
4 110 0
5 110 0
3 111 0
4 111 0
5 111 0
9 111 0
2 112 0
3 112 0
9 112 0
1 113 0
2 113 0
3 113 0
5 113 0
9 113 0
10 113 0
2 114 0
3 114 0
4 114 0
5 114 0
7 114 0
8 114 0
2 115 0
3 115 0
4 115 0
1 116 0
3 116 0
8 116 0
2 117 0
4 117 0
5 117 0
6 117 0
1 118 0
2 118 0
6 118 0
7 118 0
1 119 0
2 119 0
3 119 0
5 119 0
6 119 0
7 119 0
2 120 0
3 120 0
4 120 0
5 120 0
6 120 0
7 120 0
2 121 0
3 121 0
4 121 0
5 121 0
7 121 0
2 122 0
4 122 0
6 122 0
3 123 0
4 123 0
5 123 0
6 123 0
3 124 0
4 124 0
5 124 0
8 124 0
2 125 0
3 125 0
5 125 0
2 126 0
3 126 0
6 126 0
2 127 0
3 127 0
2 128 0
3 128 0
6 128 0
2 129 0
4 129 0
8 129 0
2 130 0
3 130 0
7 130 0
8 130 0
9 130 0
2 131 0
3 131 0
5 131 0
7 131 0
2 132 0
4 132 0
5 132 0
3 133 0
4 133 0
9 133 0
2 134 0
5 134 0
7 134 0
2 135 0
8 135 0
2 137 0
3 137 0
8 137 0
2 138 0
3 138 0
4 138 0
5 138 0
8 138 0
2 139 0
3 139 0
2 140 0
3 140 0
4 140 0
3 141 0
4 141 0
3 142 0
4 142 0
6 142 0
2 143 0
4 143 0
4 144 0
5 144 0
141 3 1
158 3 1
161 3 1
162 3 1
163 3 1
141 4 1
142 4 1
158 4 1
159 4 1
160 4 1
161 4 1
162 4 1
181 4 1
143 5 1
158 5 1
159 5 1
160 5 1
161 5 1
140 6 1
142 6 1
143 6 1
157 6 1
158 6 1
159 6 1
160 6 1
161 6 1
162 6 1
163 6 1
143 7 1
155 7 1
157 7 1
158 7 1
159 7 1
160 7 1
161 7 1
162 7 1
163 7 1
164 7 1
142 8 1
143 8 1
148 8 1
151 8 1
155 8 1
156 8 1
157 8 1
158 8 1
159 8 1
160 8 1
161 8 1
162 8 1
163 8 1
164 8 1
165 8 1
169 8 1
170 8 1
148 9 1
149 9 1
153 9 1
155 9 1
156 9 1
157 9 1
158 9 1
159 9 1
160 9 1
161 9 1
162 9 1
163 9 1
164 9 1
165 9 1
168 9 1
169 9 1
170 9 1
173 9 1
139 10 1
145 10 1
146 10 1
147 10 1
148 10 1
149 10 1
151 10 1
152 10 1
153 10 1
154 10 1
155 10 1
156 10 1
157 10 1
158 10 1
159 10 1
160 10 1
161 10 1
162 10 1
163 10 1
164 10 1
165 10 1
166 10 1
167 10 1
168 10 1
169 10 1
141 11 1
144 11 1
145 11 1
151 11 1
152 11 1
153 11 1
154 11 1
155 11 1
156 11 1
157 11 1
158 11 1
159 11 1
160 11 1
161 11 1
162 11 1
163 11 1
164 11 1
165 11 1
166 11 1
167 11 1
168 11 1
169 11 1
138 12 1
146 12 1
147 12 1
151 12 1
152 12 1
153 12 1
154 12 1
155 12 1
156 12 1
157 12 1
158 12 1
159 12 1
160 12 1
161 12 1
162 12 1
163 12 1
164 12 1
165 12 1
166 12 1
167 12 1
168 12 1
169 12 1
170 12 1
142 13 1
146 13 1
147 13 1
148 13 1
149 13 1
150 13 1
151 13 1
152 13 1
153 13 1
154 13 1
155 13 1
156 13 1
157 13 1
158 13 1
159 13 1
160 13 1
161 13 1
162 13 1
163 13 1
164 13 1
165 13 1
166 13 1
167 13 1
168 13 1
169 13 1
171 13 1
139 14 1
145 14 1
147 14 1
148 14 1
149 14 1
150 14 1
151 14 1
152 14 1
153 14 1
154 14 1
155 14 1
156 14 1
157 14 1
158 14 1
159 14 1
160 14 1
161 14 1
162 14 1
163 14 1
164 14 1
165 14 1
166 14 1
167 14 1
168 14 1
169 14 1
170 14 1
176 14 1
138 15 1
142 15 1
145 15 1
148 15 1
149 15 1
150 15 1
151 15 1
152 15 1
153 15 1
154 15 1
155 15 1
156 15 1
157 15 1
158 15 1
159 15 1
160 15 1
161 15 1
162 15 1
163 15 1
164 15 1
165 15 1
166 15 1
167 15 1
168 15 1
169 15 1
170 15 1
173 15 1
175 15 1
137 16 1
138 16 1
139 16 1
140 16 1
141 16 1
142 16 1
147 16 1
148 16 1
149 16 1
150 16 1
151 16 1
152 16 1
153 16 1
154 16 1
155 16 1
156 16 1
157 16 1
158 16 1
159 16 1
160 16 1
161 16 1
162 16 1
163 16 1
164 16 1
165 16 1
166 16 1
167 16 1
168 16 1
169 16 1
170 16 1
171 16 1
172 16 1
138 17 1
139 17 1
140 17 1
141 17 1
142 17 1
143 17 1
144 17 1
145 17 1
146 17 1
147 17 1
148 17 1
150 17 1
151 17 1
152 17 1
153 17 1
154 17 1
155 17 1
156 17 1
157 17 1
158 17 1
159 17 1
160 17 1
161 17 1
162 17 1
163 17 1
164 17 1
165 17 1
166 17 1
167 17 1
168 17 1
169 17 1
170 17 1
171 17 1
172 17 1
176 17 1
181 17 1
138 18 1
139 18 1
146 18 1
147 18 1
148 18 1
151 18 1
152 18 1
153 18 1
154 18 1
155 18 1
156 18 1
157 18 1
158 18 1
159 18 1
160 18 1
161 18 1
162 18 1
163 18 1
164 18 1
165 18 1
166 18 1
167 18 1
168 18 1
169 18 1
170 18 1
171 18 1
172 18 1
173 18 1
137 19 1
138 19 1
139 19 1
140 19 1
142 19 1
146 19 1
147 19 1
150 19 1
151 19 1
152 19 1
153 19 1
154 19 1
155 19 1
156 19 1
157 19 1
158 19 1
159 19 1
160 19 1
161 19 1
162 19 1
163 19 1
164 19 1
165 19 1
166 19 1
167 19 1
168 19 1
169 19 1
170 19 1
171 19 1
172 19 1
173 19 1
139 20 1
140 20 1
144 20 1
150 20 1
151 20 1
152 20 1
153 20 1
154 20 1
155 20 1
156 20 1
157 20 1
158 20 1
159 20 1
160 20 1
161 20 1
162 20 1
163 20 1
164 20 1
165 20 1
166 20 1
167 20 1
168 20 1
169 20 1
170 20 1
171 20 1
172 20 1
173 20 1
174 20 1
176 20 1
143 21 1
144 21 1
149 21 1
150 21 1
151 21 1
152 21 1
153 21 1
154 21 1
156 21 1
157 21 1
158 21 1
159 21 1
160 21 1
161 21 1
162 21 1
163 21 1
164 21 1
165 21 1
166 21 1
167 21 1
168 21 1
169 21 1
170 21 1
171 21 1
172 21 1
173 21 1
174 21 1
175 21 1
176 21 1
177 21 1
180 21 1
142 22 1
143 22 1
149 22 1
151 22 1
152 22 1
153 22 1
154 22 1
155 22 1
157 22 1
158 22 1
159 22 1
160 22 1
161 22 1
162 22 1
163 22 1
164 22 1
165 22 1
166 22 1
167 22 1
168 22 1
169 22 1
170 22 1
171 22 1
172 22 1
173 22 1
174 22 1
176 22 1
177 22 1
149 23 1
154 23 1
155 23 1
156 23 1
158 23 1
159 23 1
160 23 1
161 23 1
162 23 1
163 23 1
164 23 1
165 23 1
166 23 1
167 23 1
168 23 1
169 23 1
170 23 1
171 23 1
172 23 1
173 23 1
174 23 1
175 23 1
177 23 1
181 23 1
156 24 1
159 24 1
160 24 1
161 24 1
162 24 1
164 24 1
165 24 1
166 24 1
167 24 1
168 24 1
170 24 1
172 24 1
175 24 1
159 25 1
160 25 1
161 25 1
162 25 1
163 25 1
164 25 1
160 26 1
161 26 1
162 26 1
163 26 1
166 26 1
167 26 1
168 26 1
169 26 1
170 26 1
167 27 1
170 27 1
171 27 1
161 28 1
180 28 1
168 29 1
169 29 1
170 29 1
171 29 1
165 30 1
166 30 1
168 30 1
169 30 1
181 30 1
174 31 1
177 31 1
173 37 1
174 37 1
175 37 1
176 37 1
174 38 1
68 68 2
57 70 2
74 75 2
69 77 2
58 78 2
60 78 2
61 78 2
62 78 2
63 78 2
64 78 2
65 78 2
66 78 2
67 78 2
68 78 2
69 78 2
57 79 2
58 79 2
59 79 2
60 79 2
61 79 2
62 79 2
63 79 2
64 79 2
65 79 2
66 79 2
67 79 2
68 79 2
69 79 2
55 80 2
56 80 2
57 80 2
58 80 2
59 80 2
60 80 2
61 80 2
62 80 2
63 80 2
64 80 2
65 80 2
66 80 2
67 80 2
68 80 2
69 80 2
56 81 2
57 81 2
58 81 2
59 81 2
61 81 2
62 81 2
63 81 2
64 81 2
65 81 2
66 81 2
67 81 2
56 82 2
57 82 2
58 82 2
59 82 2
60 82 2
61 82 2
62 82 2
63 82 2
64 82 2
65 82 2
66 82 2
67 82 2
68 82 2
57 83 2
58 83 2
59 83 2
60 83 2
61 83 2
62 83 2
63 83 2
64 83 2
66 83 2
67 83 2
57 84 2
58 84 2
59 84 2
61 84 2
62 84 2
63 84 2
64 84 2
66 84 2
57 85 2
58 85 2
59 85 2
63 85 2
64 85 2
65 85 2
59 86 2
