12 1 0
5 2 0
62 2 0
117 2 0
32 3 0
62 3 0
87 3 0
88 3 0
62 4 0
88 4 0
92 4 0
93 4 0
46 5 0
61 5 0
62 5 0
88 5 0
96 5 0
188 5 0
62 6 0
88 6 0
18 7 0
32 7 0
46 7 0
61 7 0
184 7 0
186 7 0
187 7 0
92 8 0
184 8 0
62 9 0
112 9 0
158 9 0
178 9 0
181 9 0
182 9 0
183 9 0
184 9 0
185 9 0
186 9 0
188 9 0
189 9 0
2 10 0
16 10 0
46 10 0
62 10 0
81 10 0
103 10 0
165 10 0
182 10 0
183 10 0
184 10 0
186 10 0
187 10 0
188 10 0
62 11 0
100 11 0
103 11 0
164 11 0
180 11 0
182 11 0
183 11 0
184 11 0
185 11 0
186 11 0
188 11 0
6 12 0
16 12 0
18 12 0
46 12 0
62 12 0
105 12 0
174 12 0
179 12 0
180 12 0
182 12 0
183 12 0
184 12 0
185 12 0
186 12 0
187 12 0
188 12 0
37 13 0
46 13 0
96 13 0
165 13 0
174 13 0
180 13 0
181 13 0
182 13 0
183 13 0
184 13 0
185 13 0
186 13 0
187 13 0
188 13 0
62 14 0
120 14 0
158 14 0
166 14 0
176 14 0
177 14 0
178 14 0
179 14 0
180 14 0
181 14 0
182 14 0
183 14 0
184 14 0
186 14 0
187 14 0
188 14 0
62 15 0
81 15 0
165 15 0
170 15 0
174 15 0
178 15 0
180 15 0
181 15 0
182 15 0
184 15 0
185 15 0
187 15 0
188 15 0
189 15 0
61 16 0
162 16 0
168 16 0
174 16 0
177 16 0
179 16 0
181 16 0
183 16 0
184 16 0
185 16 0
186 16 0
188 16 0
189 16 0
61 17 0
94 17 0
170 17 0
172 17 0
173 17 0
178 17 0
179 17 0
182 17 0
184 17 0
185 17 0
186 17 0
188 17 0
162 18 0
172 18 0
174 18 0
176 18 0
177 18 0
180 18 0
181 18 0
182 18 0
183 18 0
184 18 0
185 18 0
186 18 0
187 18 0
188 18 0
61 19 0
68 19 0
170 19 0
174 19 0
175 19 0
178 19 0
179 19 0
180 19 0
181 19 0
182 19 0
186 19 0
187 19 0
188 19 0
189 19 0
162 20 0
171 20 0
174 20 0
176 20 0
177 20 0
178 20 0
179 20 0
180 20 0
182 20 0
183 20 0
184 20 0
185 20 0
187 20 0
188 20 0
189 20 0
62 21 0
71 21 0
158 21 0
166 21 0
168 21 0
170 21 0
171 21 0
172 21 0
174 21 0
176 21 0
177 21 0
178 21 0
180 21 0
181 21 0
182 21 0
183 21 0
184 21 0
185 21 0
186 21 0
188 21 0
61 22 0
86 22 0
162 22 0
164 22 0
171 22 0
172 22 0
173 22 0
174 22 0
175 22 0
178 22 0
179 22 0
180 22 0
181 22 0
182 22 0
183 22 0
184 22 0
185 22 0
186 22 0
187 22 0
188 22 0
189 22 0
61 23 0
98 23 0
149 23 0
162 23 0
164 23 0
171 23 0
172 23 0
174 23 0
178 23 0
179 23 0
180 23 0
181 23 0
182 23 0
183 23 0
184 23 0
185 23 0
186 23 0
187 23 0
188 23 0
96 24 0
160 24 0
161 24 0
165 24 0
176 24 0
178 24 0
180 24 0
182 24 0
183 24 0
184 24 0
185 24 0
186 24 0
188 24 0
189 24 0
61 25 0
161 25 0
176 25 0
179 25 0
182 25 0
183 25 0
184 25 0
185 25 0
186 25 0
187 25 0
188 25 0
61 26 0
165 26 0
168 26 0
176 26 0
182 26 0
184 26 0
185 26 0
186 26 0
187 26 0
188 26 0
61 27 0
120 27 0
182 27 0
184 27 0
185 27 0
61 28 0
120 28 0
160 28 0
165 28 0
16 29 0
61 29 0
84 29 0
158 29 0
164 29 0
180 29 0
184 29 0
187 29 0
188 29 0
32 30 0
72 30 0
160 30 0
176 30 0
177 30 0
183 30 0
186 30 0
188 30 0
61 31 0
63 31 0
162 31 0
164 31 0
186 31 0
187 31 0
188 31 0
63 32 0
120 32 0
158 32 0
164 32 0
176 32 0
180 32 0
188 32 0
32 33 0
104 33 0
116 33 0
158 33 0
165 33 0
166 33 0
176 33 0
182 33 0
184 33 0
32 34 0
120 34 0
164 34 0
184 34 0
188 34 0
61 35 0
157 35 0
160 35 0
165 35 0
32 36 0
63 36 0
170 36 0
184 36 0
188 36 0
61 37 0
170 37 0
172 37 0
62 38 0
102 38 0
156 38 0
170 38 0
185 38 0
18 39 0
120 39 0
168 39 0
170 39 0
172 39 0
15 40 0
16 40 0
144 40 0
154 40 0
172 40 0
62 41 0
172 41 0
188 41 0
62 42 0
154 42 0
155 42 0
171 42 0
172 42 0
173 42 0
186 42 0
38 43 0
62 43 0
108 43 0
154 43 0
169 43 0
176 43 0
64 44 0
108 44 0
120 44 0
170 44 0
173 44 0
62 45 0
64 45 0
173 45 0
48 46 0
62 46 0
64 46 0
170 46 0
172 46 0
186 46 0
62 47 0
64 47 0
106 47 0
152 47 0
62 48 0
64 48 0
77 48 0
106 48 0
152 48 0
174 48 0
188 48 0
47 49 0
62 49 0
64 49 0
96 49 0
152 49 0
174 49 0
180 49 0
62 50 0
175 50 0
116 51 0
152 51 0
84 52 0
107 52 0
122 52 0
152 52 0
166 52 0
170 52 0
175 52 0
33 53 0
64 53 0
94 53 0
106 53 0
148 53 0
162 53 0
70 54 0
106 54 0
140 54 0
144 54 0
147 54 0
152 54 0
153 54 0
154 54 0
64 55 0
98 55 0
103 55 0
112 55 0
122 55 0
126 55 0
128 55 0
141 55 0
142 55 0
145 55 0
147 55 0
156 55 0
160 55 0
164 55 0
172 55 0
176 55 0
62 56 0
64 56 0
127 56 0
128 56 0
131 56 0
132 56 0
133 56 0
161 56 0
166 56 0
168 56 0
171 56 0
174 56 0
176 56 0
34 57 0
63 57 0
64 57 0
102 57 0
104 57 0
126 57 0
131 57 0
140 57 0
147 57 0
152 57 0
160 57 0
161 57 0
174 57 0
175 57 0
63 58 0
105 58 0
130 58 0
131 58 0
166 58 0
180 58 0
186 58 0
188 58 0
189 58 0
44 59 0
63 59 0
131 59 0
138 59 0
145 59 0
171 59 0
98 60 0
102 60 0
116 60 0
122 60 0
170 60 0
172 60 0
178 60 0
188 60 0
52 61 0
118 61 0
120 61 0
122 61 0
49 62 0
52 62 0
53 62 0
65 62 0
84 62 0
88 62 0
98 62 0
110 62 0
118 62 0
120 62 0
122 62 0
26 63 0
44 63 0
60 63 0
63 63 0
84 63 0
88 63 0
116 63 0
136 63 0
49 64 0
52 64 0
74 64 0
75 64 0
78 64 0
88 64 0
118 64 0
121 64 0
174 64 0
55 65 0
72 65 0
90 65 0
98 65 0
102 65 0
50 66 0
65 66 0
68 66 0
82 66 0
92 66 0
96 66 0
98 66 0
140 66 0
48 67 0
49 67 0
66 67 0
67 67 0
74 67 0
154 67 0
170 67 0
65 68 0
68 68 0
122 68 0
45 69 0
65 69 0
66 69 0
116 69 0
122 69 0
157 69 0
158 69 0
167 69 0
169 69 0
170 69 0
172 69 0
43 70 0
168 70 0
44 71 0
27 73 0
28 73 0
30 73 0
33 73 0
39 73 0
24 74 0
18 75 0
19 75 0
20 75 0
14 76 0
15 76 0
16 76 0
19 76 0
33 76 0
90 76 0
10 77 0
11 77 0
12 77 0
13 77 0
14 77 0
15 77 0
17 77 0
19 77 0
28 77 0
10 78 0
11 78 0
13 78 0
14 78 0
15 78 0
17 78 0
18 78 0
19 78 0
20 78 0
23 78 0
5 79 0
10 79 0
11 79 0
12 79 0
15 79 0
17 79 0
19 79 0
20 79 0
56 79 0
57 79 0
65 79 0
10 80 0
11 80 0
12 80 0
14 80 0
16 80 0
43 80 0
58 80 0
59 80 0
60 80 0
63 80 0
66 80 0
10 81 0
11 81 0
12 81 0
50 81 0
56 81 0
8 82 0
39 82 0
52 82 0
12 83 0
44 83 0
49 83 0
60 83 0
162 83 0
10 84 0
46 84 0
48 84 0
57 84 0
142 84 0
10 85 0
44 85 0
7 86 0
19 86 0
46 88 0
41 89 0
23 90 0
24 90 0
58 90 0
20 91 0
46 91 0
17 92 0
10 93 0
11 93 0
12 93 0
13 93 0
34 93 0
38 93 0
70 93 0
6 94 0
8 94 0
11 94 0
16 94 0
17 94 0
3 95 0
4 95 0
6 95 0
9 95 0
10 95 0
13 95 0
14 95 0
18 95 0
1 96 0
6 96 0
8 96 0
12 96 0
13 96 0
16 96 0
17 96 0
18 96 0
19 96 0
164 96 0
1 97 0
2 97 0
4 97 0
5 97 0
6 97 0
10 97 0
14 97 0
15 97 0
16 97 0
18 97 0
5 98 0
6 98 0
7 98 0
8 98 0
9 98 0
10 98 0
12 98 0
18 98 0
35 98 0
5 99 0
6 99 0
7 99 0
8 99 0
16 99 0
17 99 0
18 99 0
164 99 0
2 100 0
3 100 0
4 100 0
6 100 0
9 100 0
12 100 0
14 100 0
19 100 0
1 101 0
4 101 0
8 101 0
13 101 0
17 101 0
4 102 0
5 102 0
6 102 0
7 102 0
8 102 0
9 102 0
11 102 0
15 102 0
16 102 0
18 102 0
19 102 0
2 103 0
5 103 0
7 103 0
8 103 0
11 103 0
16 103 0
18 103 0
180 103 0
1 104 0
2 104 0
4 104 0
8 104 0
9 104 0
10 104 0
12 104 0
13 104 0
15 104 0
18 104 0
19 104 0
1 105 0
2 105 0
4 105 0
5 105 0
7 105 0
12 105 0
14 105 0
16 105 0
19 105 0
183 105 0
2 106 0
3 106 0
5 106 0
6 106 0
8 106 0
9 106 0
11 106 0
12 106 0
13 106 0
14 106 0
16 106 0
163 106 0
182 106 0
2 107 0
3 107 0
7 107 0
8 107 0
12 107 0
14 107 0
15 107 0
16 107 0
17 107 0
2 108 0
3 108 0
4 108 0
5 108 0
8 108 0
10 108 0
13 108 0
16 108 0
17 108 0
158 108 0
1 109 0
2 109 0
6 109 0
7 109 0
8 109 0
10 109 0
11 109 0
12 109 0
18 109 0
2 110 0
3 110 0
4 110 0
6 110 0
8 110 0
9 110 0
10 110 0
12 110 0
14 110 0
16 110 0
17 110 0
19 110 0
1 111 0
4 111 0
6 111 0
7 111 0
9 111 0
12 111 0
13 111 0
122 111 0
2 112 0
9 112 0
13 112 0
14 112 0
16 112 0
17 112 0
2 113 0
3 113 0
4 113 0
5 113 0
6 113 0
7 113 0
8 113 0
10 113 0
12 113 0
16 113 0
17 113 0
19 113 0
1 114 0
3 114 0
4 114 0
8 114 0
9 114 0
12 114 0
14 114 0
15 114 0
19 114 0
1 115 0
4 115 0
5 115 0
6 115 0
10 115 0
16 115 0
18 115 0
19 115 0
1 116 0
2 116 0
4 116 0
6 116 0
9 116 0
10 116 0
13 116 0
16 116 0
24 116 0
1 117 0
2 117 0
3 117 0
5 117 0
9 117 0
10 117 0
12 117 0
13 117 0
18 117 0
2 118 0
3 118 0
7 118 0
8 118 0
11 118 0
12 118 0
14 118 0
17 118 0
2 119 0
8 119 0
11 119 0
13 119 0
14 119 0
4 120 0
5 120 0
6 120 0
7 120 0
8 120 0
11 120 0
12 120 0
13 120 0
16 120 0
18 120 0
1 121 0
2 121 0
3 121 0
8 121 0
14 121 0
17 121 0
2 122 0
4 122 0
8 122 0
12 122 0
13 122 0
14 122 0
16 122 0
20 122 0
146 122 0
148 122 0
2 123 0
3 123 0
5 123 0
6 123 0
9 123 0
10 123 0
12 123 0
146 123 0
2 124 0
3 124 0
5 124 0
7 124 0
8 124 0
10 124 0
12 124 0
14 124 0
3 125 0
11 125 0
12 125 0
15 125 0
2 126 0
3 126 0
4 126 0
6 126 0
7 126 0
8 126 0
10 126 0
12 126 0
14 126 0
16 126 0
17 126 0
18 126 0
2 127 0
3 127 0
4 127 0
6 127 0
10 127 0
12 127 0
18 127 0
3 128 0
8 128 0
11 128 0
12 128 0
13 128 0
14 128 0
18 128 0
1 129 0
5 129 0
6 129 0
10 129 0
11 129 0
12 129 0
14 129 0
1 130 0
2 130 0
4 130 0
5 130 0
8 130 0
11 130 0
12 130 0
14 130 0
17 130 0
18 130 0
3 131 0
4 131 0
8 131 0
12 131 0
14 131 0
18 131 0
2 132 0
3 132 0
4 132 0
8 132 0
9 132 0
10 132 0
11 132 0
13 132 0
14 132 0
16 132 0
150 132 0
1 133 0
5 133 0
6 133 0
8 133 0
10 133 0
11 133 0
16 133 0
3 134 0
5 134 0
7 134 0
8 134 0
10 134 0
11 134 0
5 135 0
7 135 0
11 135 0
12 135 0
13 135 0
14 135 0
1 136 0
2 136 0
4 136 0
6 136 0
7 136 0
14 136 0
15 136 0
18 136 0
4 137 0
5 137 0
8 137 0
9 137 0
12 137 0
18 137 0
2 138 0
5 138 0
6 138 0
10 138 0
18 138 0
1 139 0
2 139 0
4 139 0
9 139 0
11 139 0
12 139 0
14 139 0
16 139 0
3 140 0
4 140 0
7 140 0
9 140 0
13 140 0
2 141 0
6 141 0
8 141 0
10 141 0
12 141 0
14 141 0
18 141 0
19 141 0
188 141 0
189 141 0
2 142 0
4 142 0
5 142 0
6 142 0
8 142 0
9 142 0
11 142 0
12 142 0
3 143 0
4 143 0
8 143 0
10 143 0
12 143 0
16 143 0
1 144 0
15 144 0
2 145 0
3 145 0
9 145 0
14 145 0
2 146 0
4 146 0
8 146 0
17 146 0
13 147 0
18 147 0
2 148 0
3 148 0
10 148 0
12 148 0
16 148 0
18 148 0
3 149 0
6 149 0
7 149 0
9 149 0
12 149 0
13 149 0
14 149 0
2 150 0
6 150 0
10 150 0
12 150 0
13 150 0
16 150 0
2 151 0
4 151 0
5 151 0
7 151 0
16 151 0
1 152 0
3 152 0
7 152 0
12 152 0
14 152 0
16 152 0
18 152 0
3 153 0
4 153 0
8 153 0
11 153 0
19 153 0
1 154 0
4 154 0
7 154 0
9 154 0
11 154 0
17 154 0
1 155 0
4 155 0
6 155 0
11 155 0
12 155 0
17 155 0
18 155 0
2 156 0
3 156 0
4 156 0
6 156 0
8 156 0
12 156 0
18 156 0
20 156 0
3 157 0
7 157 0
8 157 0
17 157 0
4 158 0
5 158 0
6 158 0
10 158 0
11 158 0
12 158 0
14 158 0
18 158 0
2 159 0
9 159 0
14 159 0
16 159 0
17 159 0
18 159 0
2 160 0
5 160 0
12 160 0
18 160 0
2 161 0
3 161 0
4 161 0
11 161 0
15 161 0
18 161 0
4 162 0
6 162 0
8 162 0
12 162 0
13 162 0
14 162 0
120 162 0
1 163 0
3 163 0
6 163 0
9 163 0
12 163 0
18 163 0
19 163 0
2 164 0
3 164 0
6 164 0
8 164 0
10 164 0
12 164 0
13 164 0
14 164 0
16 164 0
18 164 0
2 165 0
5 165 0
7 165 0
10 165 0
12 165 0
18 165 0
2 166 0
4 166 0
5 166 0
6 166 0
10 166 0
14 166 0
15 166 0
16 166 0
18 166 0
19 166 0
6 167 0
11 167 0
18 167 0
2 168 0
3 168 0
6 168 0
10 168 0
11 168 0
12 168 0
14 168 0
16 168 0
18 168 0
4 169 0
11 169 0
12 169 0
14 169 0
17 169 0
64 169 0
6 170 0
11 170 0
12 170 0
14 170 0
15 170 0
19 170 0
1 171 0
3 171 0
9 171 0
11 171 0
2 172 0
6 172 0
12 172 0
4 173 0
8 173 0
9 173 0
14 173 0
15 173 0
16 173 0
1 174 0
2 174 0
4 174 0
15 174 0
17 174 0
2 175 0
3 175 0
4 175 0
5 175 0
9 175 0
11 175 0
12 175 0
15 175 0
16 175 0
1 176 0
4 176 0
5 176 0
7 176 0
8 176 0
10 176 0
14 176 0
16 176 0
18 176 0
2 177 0
3 177 0
4 177 0
5 177 0
8 177 0
11 177 0
15 177 0
16 177 0
17 177 0
34 177 0
58 35 1
56 36 1
59 36 1
60 36 1
51 37 1
52 37 1
53 37 1
54 37 1
55 37 1
56 37 1
57 37 1
58 37 1
59 37 1
60 37 1
51 38 1
52 38 1
53 38 1
54 38 1
55 38 1
56 38 1
57 38 1
58 38 1
59 38 1
60 38 1
51 39 1
52 39 1
53 39 1
54 39 1
55 39 1
56 39 1
57 39 1
58 39 1
59 39 1
52 40 1
53 40 1
54 40 1
55 40 1
56 40 1
57 40 1
58 40 1
59 40 1
60 40 1
54 41 1
55 41 1
56 41 1
57 41 1
