92 4 0
184 8 0
158 9 0
186 10 0
187 10 0
164 11 0
180 11 0
182 11 0
183 11 0
185 11 0
186 11 0
62 12 0
182 12 0
184 12 0
185 12 0
186 12 0
187 12 0
180 13 0
181 13 0
184 13 0
186 13 0
187 13 0
188 13 0
62 14 0
176 14 0
181 14 0
182 14 0
183 14 0
187 14 0
188 14 0
178 15 0
180 15 0
184 15 0
187 15 0
188 15 0
61 16 0
174 16 0
184 16 0
186 16 0
189 16 0
170 17 0
179 17 0
182 17 0
184 17 0
186 17 0
172 18 0
174 18 0
180 18 0
183 18 0
184 18 0
185 18 0
186 18 0
188 18 0
170 19 0
178 19 0
179 19 0
180 19 0
182 19 0
186 19 0
187 19 0
188 19 0
189 19 0
178 20 0
180 20 0
182 20 0
183 20 0
184 20 0
188 20 0
71 21 0
172 21 0
177 21 0
180 21 0
182 21 0
183 21 0
184 21 0
185 21 0
188 21 0
86 22 0
162 22 0
171 22 0
173 22 0
175 22 0
178 22 0
180 22 0
181 22 0
182 22 0
184 22 0
186 22 0
187 22 0
188 22 0
189 22 0
171 23 0
172 23 0
174 23 0
179 23 0
181 23 0
182 23 0
183 23 0
184 23 0
186 23 0
187 23 0
188 23 0
96 24 0
160 24 0
176 24 0
178 24 0
180 24 0
182 24 0
184 24 0
185 24 0
189 24 0
176 25 0
179 25 0
182 25 0
183 25 0
184 25 0
186 25 0
187 25 0
188 25 0
176 26 0
182 26 0
184 26 0
186 26 0
187 26 0
61 27 0
184 27 0
185 27 0
120 28 0
158 29 0
164 29 0
188 29 0
177 30 0
183 30 0
188 30 0
164 31 0
49 32 0
50 32 0
51 32 0
164 32 0
180 32 0
188 32 0
45 33 0
46 33 0
47 33 0
48 33 0
49 33 0
50 33 0
51 33 0
52 33 0
53 33 0
104 33 0
166 33 0
176 33 0
182 33 0
46 34 0
47 34 0
48 34 0
49 34 0
50 34 0
51 34 0
52 34 0
53 34 0
54 34 0
164 34 0
188 34 0
48 35 0
49 35 0
50 35 0
51 35 0
52 35 0
53 35 0
54 35 0
165 35 0
51 36 0
52 36 0
172 37 0
102 38 0
170 39 0
188 41 0
186 42 0
62 43 0
108 43 0
62 46 0
186 46 0
106 47 0
180 49 0
84 52 0
122 52 0
166 52 0
170 52 0
106 53 0
103 55 0
164 55 0
62 56 0
166 56 0
176 56 0
175 57 0
180 58 0
189 58 0
98 60 0
116 60 0
170 60 0
65 62 0
110 62 0
120 62 0
122 62 0
136 63 0
118 64 0
55 65 0
90 65 0
102 65 0
82 66 0
96 66 0
98 66 0
170 67 0
169 69 0
168 70 0
19 75 0
14 76 0
12 77 0
10 78 0
11 78 0
57 79 0
12 80 0
14 80 0
59 80 0
63 80 0
12 81 0
162 83 0
142 84 0
46 91 0
12 93 0
6 94 0
11 94 0
16 94 0
4 95 0
14 95 0
8 96 0
16 96 0
164 96 0
4 97 0
15 97 0
18 97 0
7 98 0
18 98 0
6 100 0
4 101 0
8 101 0
18 102 0
5 103 0
18 103 0
180 103 0
2 104 0
13 104 0
5 105 0
2 106 0
182 106 0
10 108 0
158 108 0
2 110 0
19 110 0
4 111 0
122 111 0
4 113 0
14 114 0
5 117 0
10 117 0
12 117 0
14 119 0
4 120 0
12 122 0
148 122 0
3 123 0
146 123 0
2 124 0
12 124 0
12 125 0
4 127 0
6 127 0
9 132 0
14 132 0
150 132 0
12 141 0
188 141 0
2 142 0
4 143 0
11 153 0
17 157 0
18 160 0
9 163 0
3 164 0
10 164 0
2 165 0
15 166 0
3 168 0
2 172 0
17 174 0
4 175 0
18 176 0
