29 1 0
30 1 0
119 1 0
159 1 0
167 1 0
32 2 0
142 2 0
160 2 0
161 2 0
167 2 0
170 2 0
27 3 0
28 3 0
29 3 0
30 3 0
31 3 0
32 3 0
150 3 0
153 3 0
154 3 0
164 3 0
169 3 0
26 4 0
27 4 0
28 4 0
31 4 0
141 4 0
142 4 0
143 4 0
147 4 0
148 4 0
149 4 0
150 4 0
157 4 0
158 4 0
159 4 0
161 4 0
167 4 0
25 5 0
26 5 0
27 5 0
28 5 0
29 5 0
30 5 0
31 5 0
32 5 0
33 5 0
138 5 0
149 5 0
154 5 0
156 5 0
161 5 0
162 5 0
23 6 0
24 6 0
25 6 0
26 6 0
27 6 0
28 6 0
29 6 0
30 6 0
31 6 0
32 6 0
129 6 0
137 6 0
140 6 0
141 6 0
150 6 0
151 6 0
158 6 0
161 6 0
168 6 0
169 6 0
170 6 0
21 7 0
22 7 0
23 7 0
24 7 0
25 7 0
26 7 0
27 7 0
28 7 0
29 7 0
31 7 0
33 7 0
133 7 0
136 7 0
140 7 0
143 7 0
144 7 0
145 7 0
146 7 0
147 7 0
150 7 0
151 7 0
153 7 0
160 7 0
161 7 0
163 7 0
167 7 0
168 7 0
20 8 0
21 8 0
22 8 0
23 8 0
24 8 0
25 8 0
26 8 0
27 8 0
28 8 0
29 8 0
33 8 0
34 8 0
116 8 0
117 8 0
141 8 0
149 8 0
159 8 0
161 8 0
19 9 0
20 9 0
21 9 0
22 9 0
23 9 0
24 9 0
25 9 0
26 9 0
27 9 0
28 9 0
29 9 0
30 9 0
34 9 0
119 9 0
120 9 0
133 9 0
134 9 0
144 9 0
145 9 0
149 9 0
150 9 0
161 9 0
162 9 0
20 10 0
21 10 0
22 10 0
23 10 0
24 10 0
25 10 0
26 10 0
27 10 0
28 10 0
31 10 0
33 10 0
103 10 0
124 10 0
127 10 0
128 10 0
129 10 0
136 10 0
137 10 0
138 10 0
161 10 0
162 10 0
170 10 0
22 11 0
23 11 0
24 11 0
25 11 0
31 11 0
33 11 0
126 11 0
142 11 0
144 11 0
147 11 0
149 11 0
158 11 0
159 11 0
160 11 0
13 12 0
14 12 0
15 12 0
125 12 0
128 12 0
134 12 0
148 12 0
149 12 0
152 12 0
162 12 0
163 12 0
164 12 0
169 12 0
15 13 0
16 13 0
17 13 0
18 13 0
126 13 0
132 13 0
136 13 0
137 13 0
141 13 0
144 13 0
145 13 0
147 13 0
156 13 0
160 13 0
163 13 0
16 14 0
17 14 0
18 14 0
35 14 0
133 14 0
134 14 0
138 14 0
139 14 0
141 14 0
144 14 0
146 14 0
161 14 0
163 14 0
16 15 0
34 15 0
104 15 0
105 15 0
124 15 0
125 15 0
134 15 0
139 15 0
140 15 0
141 15 0
144 15 0
145 15 0
146 15 0
147 15 0
150 15 0
160 15 0
163 15 0
18 16 0
21 16 0
22 16 0
35 16 0
103 16 0
104 16 0
113 16 0
114 16 0
115 16 0
131 16 0
132 16 0
137 16 0
138 16 0
139 16 0
146 16 0
149 16 0
150 16 0
151 16 0
152 16 0
156 16 0
157 16 0
161 16 0
163 16 0
164 16 0
167 16 0
168 16 0
21 17 0
22 17 0
35 17 0
105 17 0
119 17 0
125 17 0
135 17 0
136 17 0
137 17 0
141 17 0
142 17 0
144 17 0
146 17 0
147 17 0
151 17 0
152 17 0
159 17 0
164 17 0
22 18 0
23 18 0
104 18 0
125 18 0
126 18 0
127 18 0
135 18 0
141 18 0
142 18 0
143 18 0
144 18 0
146 18 0
147 18 0
148 18 0
151 18 0
152 18 0
155 18 0
157 18 0
160 18 0
169 18 0
23 19 0
24 19 0
35 19 0
62 19 0
104 19 0
105 19 0
108 19 0
113 19 0
122 19 0
126 19 0
127 19 0
131 19 0
135 19 0
139 19 0
140 19 0
142 19 0
143 19 0
144 19 0
146 19 0
148 19 0
149 19 0
150 19 0
151 19 0
152 19 0
153 19 0
154 19 0
163 19 0
23 20 0
24 20 0
123 20 0
126 20 0
127 20 0
128 20 0
130 20 0
131 20 0
132 20 0
133 20 0
137 20 0
138 20 0
142 20 0
150 20 0
151 20 0
157 20 0
160 20 0
164 20 0
167 20 0
169 20 0
22 21 0
23 21 0
35 21 0
56 21 0
98 21 0
119 21 0
120 21 0
126 21 0
127 21 0
128 21 0
129 21 0
131 21 0
132 21 0
137 21 0
138 21 0
142 21 0
150 21 0
158 21 0
161 21 0
162 21 0
163 21 0
23 22 0
24 22 0
35 22 0
104 22 0
117 22 0
123 22 0
131 22 0
139 22 0
140 22 0
142 22 0
143 22 0
147 22 0
149 22 0
151 22 0
152 22 0
154 22 0
160 22 0
162 22 0
163 22 0
164 22 0
170 22 0
22 23 0
23 23 0
24 23 0
102 23 0
104 23 0
111 23 0
120 23 0
123 23 0
126 23 0
127 23 0
128 23 0
130 23 0
133 23 0
134 23 0
137 23 0
138 23 0
139 23 0
140 23 0
142 23 0
143 23 0
144 23 0
145 23 0
146 23 0
147 23 0
148 23 0
149 23 0
151 23 0
152 23 0
158 23 0
164 23 0
165 23 0
23 24 0
106 24 0
118 24 0
121 24 0
122 24 0
130 24 0
131 24 0
132 24 0
135 24 0
136 24 0
137 24 0
143 24 0
146 24 0
148 24 0
152 24 0
153 24 0
155 24 0
158 24 0
161 24 0
21 25 0
22 25 0
23 25 0
113 25 0
116 25 0
120 25 0
123 25 0
124 25 0
126 25 0
127 25 0
129 25 0
130 25 0
132 25 0
133 25 0
136 25 0
142 25 0
143 25 0
144 25 0
145 25 0
146 25 0
147 25 0
148 25 0
150 25 0
151 25 0
152 25 0
154 25 0
155 25 0
161 25 0
162 25 0
165 25 0
166 25 0
169 25 0
21 26 0
22 26 0
58 26 0
105 26 0
111 26 0
112 26 0
116 26 0
118 26 0
119 26 0
120 26 0
123 26 0
127 26 0
128 26 0
130 26 0
132 26 0
133 26 0
134 26 0
138 26 0
139 26 0
141 26 0
144 26 0
145 26 0
147 26 0
148 26 0
151 26 0
152 26 0
156 26 0
158 26 0
164 26 0
22 27 0
107 27 0
117 27 0
118 27 0
120 27 0
124 27 0
130 27 0
132 27 0
133 27 0
134 27 0
140 27 0
141 27 0
143 27 0
147 27 0
148 27 0
21 28 0
22 28 0
23 28 0
33 28 0
36 28 0
37 28 0
38 28 0
105 28 0
117 28 0
120 28 0
132 28 0
133 28 0
134 28 0
135 28 0
136 28 0
137 28 0
138 28 0
139 28 0
141 28 0
144 28 0
145 28 0
148 28 0
155 28 0
156 28 0
164 28 0
34 29 0
36 29 0
37 29 0
38 29 0
107 29 0
108 29 0
119 29 0
125 29 0
126 29 0
127 29 0
128 29 0
130 29 0
131 29 0
132 29 0
133 29 0
134 29 0
135 29 0
136 29 0
137 29 0
138 29 0
141 29 0
143 29 0
144 29 0
153 29 0
33 30 0
34 30 0
37 30 0
38 30 0
39 30 0
40 30 0
107 30 0
108 30 0
117 30 0
118 30 0
120 30 0
121 30 0
122 30 0
123 30 0
124 30 0
126 30 0
129 30 0
137 30 0
145 30 0
146 30 0
148 30 0
152 30 0
153 30 0
161 30 0
33 31 0
34 31 0
38 31 0
39 31 0
108 31 0
119 31 0
120 31 0
127 31 0
128 31 0
129 31 0
130 31 0
132 31 0
133 31 0
137 31 0
138 31 0
139 31 0
142 31 0
145 31 0
146 31 0
149 31 0
152 31 0
153 31 0
20 32 0
22 32 0
33 32 0
34 32 0
38 32 0
39 32 0
40 32 0
107 32 0
108 32 0
109 32 0
127 32 0
129 32 0
130 32 0
131 32 0
133 32 0
144 32 0
145 32 0
152 32 0
163 32 0
164 32 0
32 33 0
33 33 0
37 33 0
38 33 0
105 33 0
106 33 0
107 33 0
120 33 0
121 33 0
123 33 0
124 33 0
127 33 0
128 33 0
129 33 0
132 33 0
133 33 0
136 33 0
137 33 0
145 33 0
148 33 0
163 33 0
21 34 0
22 34 0
34 34 0
35 34 0
37 34 0
38 34 0
105 34 0
106 34 0
107 34 0
109 34 0
115 34 0
120 34 0
123 34 0
124 34 0
128 34 0
129 34 0
130 34 0
131 34 0
133 34 0
134 34 0
135 34 0
136 34 0
137 34 0
138 34 0
141 34 0
142 34 0
143 34 0
144 34 0
145 34 0
146 34 0
147 34 0
148 34 0
149 34 0
151 34 0
152 34 0
153 34 0
156 34 0
35 35 0
37 35 0
106 35 0
107 35 0
108 35 0
119 35 0
121 35 0
122 35 0
132 35 0
133 35 0
134 35 0
138 35 0
141 35 0
142 35 0
143 35 0
144 35 0
146 35 0
148 35 0
149 35 0
151 35 0
153 35 0
161 35 0
165 35 0
21 36 0
32 36 0
33 36 0
36 36 0
37 36 0
41 36 0
101 36 0
106 36 0
109 36 0
110 36 0
113 36 0
117 36 0
118 36 0
129 36 0
130 36 0
134 36 0
137 36 0
141 36 0
144 36 0
145 36 0
146 36 0
148 36 0
149 36 0
151 36 0
152 36 0
164 36 0
22 37 0
30 37 0
34 37 0
106 37 0
108 37 0
109 37 0
111 37 0
117 37 0
123 37 0
125 37 0
126 37 0
127 37 0
131 37 0
133 37 0
136 37 0
138 37 0
142 37 0
143 37 0
144 37 0
149 37 0
153 37 0
162 37 0
21 38 0
22 38 0
40 38 0
106 38 0
110 38 0
126 38 0
128 38 0
131 38 0
132 38 0
136 38 0
137 38 0
138 38 0
147 38 0
148 38 0
149 38 0
154 38 0
156 38 0
162 38 0
106 39 0
107 39 0
108 39 0
109 39 0
110 39 0
117 39 0
120 39 0
121 39 0
123 39 0
126 39 0
127 39 0
128 39 0
129 39 0
130 39 0
133 39 0
134 39 0
137 39 0
139 39 0
140 39 0
141 39 0
153 39 0
154 39 0
159 39 0
163 39 0
164 39 0
166 39 0
21 40 0
22 40 0
38 40 0
39 40 0
106 40 0
108 40 0
109 40 0
116 40 0
119 40 0
123 40 0
126 40 0
129 40 0
130 40 0
136 40 0
147 40 0
148 40 0
152 40 0
153 40 0
154 40 0
163 40 0
165 40 0
167 40 0
24 41 0
36 41 0
106 41 0
108 41 0
109 41 0
116 41 0
117 41 0
119 41 0
120 41 0
121 41 0
122 41 0
123 41 0
125 41 0
126 41 0
128 41 0
129 41 0
130 41 0
131 41 0
132 41 0
133 41 0
134 41 0
135 41 0
136 41 0
137 41 0
138 41 0
141 41 0
143 41 0
144 41 0
145 41 0
153 41 0
163 41 0
164 41 0
23 42 0
36 42 0
38 42 0
39 42 0
116 42 0
117 42 0
119 42 0
120 42 0
121 42 0
123 42 0
124 42 0
126 42 0
127 42 0
128 42 0
130 42 0
131 42 0
132 42 0
133 42 0
134 42 0
135 42 0
136 42 0
137 42 0
138 42 0
139 42 0
140 42 0
141 42 0
142 42 0
143 42 0
144 42 0
147 42 0
152 42 0
157 42 0
164 42 0
24 43 0
34 43 0
38 43 0
39 43 0
107 43 0
109 43 0
110 43 0
119 43 0
125 43 0
126 43 0
128 43 0
129 43 0
135 43 0
139 43 0
140 43 0
145 43 0
146 43 0
147 43 0
150 43 0
151 43 0
154 43 0
157 43 0
158 43 0
162 43 0
163 43 0
165 43 0
166 43 0
167 43 0
171 43 0
172 43 0
173 43 0
22 44 0
38 44 0
39 44 0
110 44 0
117 44 0
125 44 0
128 44 0
129 44 0
134 44 0
135 44 0
137 44 0
139 44 0
149 44 0
150 44 0
154 44 0
23 45 0
24 45 0
32 45 0
34 45 0
45 45 0
103 45 0
107 45 0
108 45 0
109 45 0
110 45 0
115 45 0
119 45 0
120 45 0
121 45 0
124 45 0
131 45 0
132 45 0
133 45 0
136 45 0
139 45 0
140 45 0
141 45 0
142 45 0
146 45 0
147 45 0
148 45 0
154 45 0
155 45 0
162 45 0
165 45 0
166 45 0
168 45 0
23 46 0
32 46 0
39 46 0
107 46 0
108 46 0
115 46 0
122 46 0
129 46 0
130 46 0
131 46 0
132 46 0
133 46 0
134 46 0
135 46 0
136 46 0
139 46 0
140 46 0
141 46 0
142 46 0
143 46 0
145 46 0
147 46 0
148 46 0
153 46 0
154 46 0
155 46 0
156 46 0
158 46 0
159 46 0
160 46 0
163 46 0
164 46 0
165 46 0
24 47 0
25 47 0
31 47 0
39 47 0
108 47 0
109 47 0
110 47 0
116 47 0
117 47 0
118 47 0
120 47 0
122 47 0
123 47 0
124 47 0
125 47 0
129 47 0
130 47 0
131 47 0
132 47 0
133 47 0
134 47 0
135 47 0
136 47 0
137 47 0
138 47 0
142 47 0
143 47 0
144 47 0
145 47 0
146 47 0
147 47 0
148 47 0
149 47 0
165 47 0
166 47 0
167 47 0
171 47 0
23 48 0
24 48 0
25 48 0
32 48 0
37 48 0
40 48 0
44 48 0
46 48 0
47 48 0
102 48 0
107 48 0
108 48 0
109 48 0
111 48 0
118 48 0
119 48 0
123 48 0
124 48 0
125 48 0
130 48 0
131 48 0
132 48 0
134 48 0
137 48 0
138 48 0
139 48 0
143 48 0
144 48 0
145 48 0
146 48 0
147 48 0
149 48 0
150 48 0
151 48 0
153 48 0
154 48 0
155 48 0
156 48 0
157 48 0
158 48 0
163 48 0
164 48 0
165 48 0
173 48 0
174 48 0
23 49 0
24 49 0
35 49 0
36 49 0
40 49 0
41 49 0
44 49 0
47 49 0
102 49 0
108 49 0
109 49 0
111 49 0
117 49 0
118 49 0
119 49 0
120 49 0
121 49 0
125 49 0
126 49 0
127 49 0
129 49 0
130 49 0
135 49 0
136 49 0
137 49 0
140 49 0
141 49 0
145 49 0
146 49 0
147 49 0
149 49 0
150 49 0
151 49 0
152 49 0
153 49 0
155 49 0
166 49 0
168 49 0
173 49 0
174 49 0
25 50 0
35 50 0
40 50 0
41 50 0
44 50 0
45 50 0
46 50 0
47 50 0
108 50 0
109 50 0
110 50 0
111 50 0
119 50 0
120 50 0
121 50 0
122 50 0
125 50 0
127 50 0
128 50 0
130 50 0
131 50 0
133 50 0
134 50 0
137 50 0
138 50 0
139 50 0
140 50 0
142 50 0
143 50 0
144 50 0
146 50 0
147 50 0
148 50 0
149 50 0
150 50 0
151 50 0
158 50 0
159 50 0
162 50 0
163 50 0
166 50 0
172 50 0
31 51 0
40 51 0
41 51 0
42 51 0
43 51 0
46 51 0
47 51 0
103 51 0
108 51 0
109 51 0
110 51 0
111 51 0
112 51 0
113 51 0
118 51 0
121 51 0
122 51 0
126 51 0
127 51 0
128 51 0
129 51 0
132 51 0
136 51 0
139 51 0
140 51 0
141 51 0
142 51 0
144 51 0
145 51 0
148 51 0
149 51 0
150 51 0
151 51 0
154 51 0
155 51 0
159 51 0
160 51 0
167 51 0
168 51 0
169 51 0
170 51 0
171 51 0
173 51 0
25 52 0
31 52 0
40 52 0
44 52 0
45 52 0
46 52 0
107 52 0
109 52 0
111 52 0
112 52 0
115 52 0
116 52 0
122 52 0
123 52 0
125 52 0
126 52 0
129 52 0
130 52 0
132 52 0
134 52 0
136 52 0
137 52 0
141 52 0
144 52 0
147 52 0
148 52 0
149 52 0
150 52 0
151 52 0
153 52 0
157 52 0
160 52 0
163 52 0
164 52 0
167 52 0
168 52 0
172 52 0
31 53 0
41 53 0
44 53 0
45 53 0
103 53 0
104 53 0
108 53 0
109 53 0
111 53 0
116 53 0
119 53 0
120 53 0
129 53 0
136 53 0
138 53 0
139 53 0
140 53 0
143 53 0
144 53 0
146 53 0
147 53 0
148 53 0
152 53 0
154 53 0
159 53 0
160 53 0
163 53 0
164 53 0
165 53 0
169 53 0
30 54 0
31 54 0
39 54 0
44 54 0
104 54 0
108 54 0
109 54 0
110 54 0
111 54 0
112 54 0
114 54 0
117 54 0
118 54 0
119 54 0
120 54 0
122 54 0
123 54 0
124 54 0
129 54 0
130 54 0
131 54 0
132 54 0
133 54 0
136 54 0
137 54 0
140 54 0
141 54 0
142 54 0
143 54 0
146 54 0
150 54 0
151 54 0
154 54 0
160 54 0
165 54 0
167 54 0
168 54 0
169 54 0
172 54 0
173 54 0
27 55 0
30 55 0
104 55 0
105 55 0
108 55 0
109 55 0
110 55 0
111 55 0
112 55 0
118 55 0
119 55 0
120 55 0
122 55 0
123 55 0
124 55 0
126 55 0
132 55 0
133 55 0
136 55 0
137 55 0
141 55 0
142 55 0
147 55 0
148 55 0
149 55 0
151 55 0
154 55 0
158 55 0
164 55 0
165 55 0
167 55 0
168 55 0
169 55 0
172 55 0
26 56 0
30 56 0
105 56 0
108 56 0
109 56 0
110 56 0
111 56 0
113 56 0
116 56 0
117 56 0
118 56 0
119 56 0
120 56 0
122 56 0
125 56 0
126 56 0
134 56 0
141 56 0
145 56 0
148 56 0
149 56 0
151 56 0
152 56 0
153 56 0
160 56 0
163 56 0
164 56 0
165 56 0
168 56 0
169 56 0
173 56 0
26 57 0
30 57 0
106 57 0
108 57 0
109 57 0
110 57 0
111 57 0
112 57 0
115 57 0
119 57 0
120 57 0
121 57 0
122 57 0
123 57 0
126 57 0
128 57 0
130 57 0
131 57 0
136 57 0
137 57 0
138 57 0
141 57 0
142 57 0
144 57 0
145 57 0
147 57 0
148 57 0
153 57 0
154 57 0
163 57 0
167 57 0
168 57 0
169 57 0
170 57 0
171 57 0
172 57 0
174 57 0
30 58 0
104 58 0
105 58 0
108 58 0
109 58 0
110 58 0
112 58 0
118 58 0
120 58 0
132 58 0
134 58 0
135 58 0
138 58 0
141 58 0
142 58 0
147 58 0
154 58 0
155 58 0
158 58 0
165 58 0
166 58 0
167 58 0
168 58 0
169 58 0
170 58 0
173 58 0
174 58 0
27 59 0
28 59 0
104 59 0
105 59 0
106 59 0
108 59 0
109 59 0
110 59 0
111 59 0
112 59 0
113 59 0
114 59 0
115 59 0
116 59 0
118 59 0
119 59 0
121 59 0
125 59 0
129 59 0
134 59 0
136 59 0
137 59 0
138 59 0
145 59 0
146 59 0
149 59 0
150 59 0
152 59 0
153 59 0
164 59 0
165 59 0
166 59 0
167 59 0
170 59 0
26 60 0
29 60 0
101 60 0
102 60 0
105 60 0
108 60 0
109 60 0
110 60 0
111 60 0
112 60 0
113 60 0
114 60 0
115 60 0
124 60 0
138 60 0
139 60 0
150 60 0
151 60 0
153 60 0
154 60 0
161 60 0
162 60 0
163 60 0
167 60 0
168 60 0
170 60 0
28 61 0
29 61 0
82 61 0
88 61 0
101 61 0
105 61 0
110 61 0
111 61 0
112 61 0
113 61 0
115 61 0
116 61 0
117 61 0
119 61 0
120 61 0
127 61 0
128 61 0
136 61 0
141 61 0
142 61 0
161 61 0
27 62 0
28 62 0
29 62 0
30 62 0
78 62 0
95 62 0
101 62 0
102 62 0
109 62 0
110 62 0
111 62 0
112 62 0
116 62 0
119 62 0
124 62 0
127 62 0
130 62 0
131 62 0
132 62 0
133 62 0
140 62 0
141 62 0
144 62 0
28 63 0
29 63 0
30 63 0
68 63 0
79 63 0
80 63 0
96 63 0
101 63 0
102 63 0
103 63 0
108 63 0
109 63 0
110 63 0
111 63 0
112 63 0
113 63 0
114 63 0
118 63 0
119 63 0
120 63 0
121 63 0
122 63 0
123 63 0
125 63 0
127 63 0
133 63 0
147 63 0
165 63 0
169 63 0
170 63 0
27 64 0
28 64 0
29 64 0
30 64 0
50 64 0
51 64 0
58 64 0
61 64 0
70 64 0
71 64 0
76 64 0
77 64 0
78 64 0
82 64 0
83 64 0
94 64 0
98 64 0
105 64 0
106 64 0
109 64 0
110 64 0
111 64 0
112 64 0
113 64 0
114 64 0
115 64 0
118 64 0
119 64 0
121 64 0
122 64 0
126 64 0
27 65 0
28 65 0
29 65 0
30 65 0
44 65 0
53 65 0
55 65 0
59 65 0
60 65 0
66 65 0
68 65 0
71 65 0
72 65 0
73 65 0
76 65 0
85 65 0
106 65 0
109 65 0
110 65 0
111 65 0
112 65 0
113 65 0
114 65 0
117 65 0
118 65 0
119 65 0
120 65 0
173 65 0
28 66 0
29 66 0
30 66 0
31 66 0
37 66 0
42 66 0
46 66 0
60 66 0
61 66 0
97 66 0
114 66 0
117 66 0
28 67 0
29 67 0
30 67 0
32 67 0
34 67 0
35 67 0
36 67 0
37 67 0
38 67 0
39 67 0
41 67 0
42 67 0
43 67 0
46 67 0
71 67 0
113 67 0
116 67 0
1 68 0
29 68 0
30 68 0
31 68 0
34 68 0
35 68 0
36 68 0
37 68 0
38 68 0
40 68 0
41 68 0
42 68 0
43 68 0
44 68 0
48 68 0
57 68 0
114 68 0
116 68 0
117 68 0
2 69 0
23 69 0
24 69 0
29 69 0
30 69 0
31 69 0
33 69 0
34 69 0
35 69 0
36 69 0
37 69 0
38 69 0
41 69 0
42 69 0
47 69 0
104 69 0
116 69 0
174 69 0
1 70 0
2 70 0
3 70 0
6 70 0
20 70 0
21 70 0
32 70 0
33 70 0
34 70 0
35 70 0
36 70 0
37 70 0
38 70 0
41 70 0
42 70 0
43 70 0
48 70 0
115 70 0
171 70 0
173 70 0
174 70 0
176 70 0
177 70 0
178 70 0
1 71 0
2 71 0
3 71 0
21 71 0
23 71 0
24 71 0
29 71 0
30 71 0
31 71 0
34 71 0
35 71 0
38 71 0
42 71 0
43 71 0
170 71 0
171 71 0
172 71 0
173 71 0
174 71 0
2 72 0
3 72 0
10 72 0
23 72 0
24 72 0
30 72 0
31 72 0
33 72 0
35 72 0
36 72 0
41 72 0
42 72 0
43 72 0
160 72 0
169 72 0
170 72 0
171 72 0
172 72 0
173 72 0
176 72 0
2 73 0
3 73 0
4 73 0
9 73 0
10 73 0
19 73 0
21 73 0
23 73 0
24 73 0
25 73 0
29 73 0
30 73 0
31 73 0
33 73 0
123 73 0
164 73 0
168 73 0
178 73 0
180 73 0
2 74 0
3 74 0
8 74 0
12 74 0
13 74 0
22 74 0
24 74 0
25 74 0
26 74 0
28 74 0
30 74 0
31 74 0
112 74 0
115 74 0
123 74 0
158 74 0
159 74 0
160 74 0
168 74 0
2 75 0
3 75 0
4 75 0
5 75 0
13 75 0
22 75 0
23 75 0
24 75 0
25 75 0
26 75 0
44 75 0
69 75 0
124 75 0
131 75 0
132 75 0
147 75 0
148 75 0
150 75 0
153 75 0
154 75 0
155 75 0
156 75 0
158 75 0
159 75 0
160 75 0
161 75 0
162 75 0
163 75 0
164 75 0
166 75 0
167 75 0
180 75 0
1 76 0
2 76 0
3 76 0
4 76 0
5 76 0
6 76 0
7 76 0
12 76 0
13 76 0
16 76 0
17 76 0
22 76 0
23 76 0
24 76 0
68 76 0
125 76 0
127 76 0
128 76 0
131 76 0
132 76 0
141 76 0
142 76 0
145 76 0
146 76 0
148 76 0
149 76 0
150 76 0
151 76 0
152 76 0
154 76 0
155 76 0
156 76 0
157 76 0
158 76 0
159 76 0
160 76 0
161 76 0
162 76 0
2 77 0
3 77 0
4 77 0
8 77 0
13 77 0
22 77 0
23 77 0
24 77 0
27 77 0
28 77 0
52 77 0
53 77 0
121 77 0
123 77 0
124 77 0
125 77 0
126 77 0
127 77 0
128 77 0
129 77 0
130 77 0
131 77 0
132 77 0
133 77 0
134 77 0
135 77 0
136 77 0
137 77 0
138 77 0
139 77 0
141 77 0
142 77 0
145 77 0
146 77 0
147 77 0
149 77 0
151 77 0
152 77 0
153 77 0
154 77 0
1 78 0
2 78 0
3 78 0
4 78 0
5 78 0
6 78 0
8 78 0
9 78 0
10 78 0
11 78 0
23 78 0
28 78 0
32 78 0
50 78 0
53 78 0
67 78 0
121 78 0
122 78 0
123 78 0
124 78 0
125 78 0
126 78 0
127 78 0
130 78 0
131 78 0
133 78 0
134 78 0
136 78 0
137 78 0
138 78 0
142 78 0
148 78 0
149 78 0
179 78 0
180 78 0
181 78 0
182 78 0
183 78 0
184 78 0
2 79 0
3 79 0
4 79 0
5 79 0
52 79 0
53 79 0
59 79 0
121 79 0
122 79 0
124 79 0
130 79 0
132 79 0
138 79 0
179 79 0
180 79 0
181 79 0
182 79 0
183 79 0
2 80 0
3 80 0
4 80 0
5 80 0
6 80 0
7 80 0
8 80 0
28 80 0
31 80 0
36 80 0
171 80 0
179 80 0
183 80 0
3 81 0
4 81 0
5 81 0
11 81 0
12 81 0
13 81 0
169 81 0
2 82 0
3 82 0
4 82 0
5 82 0
23 82 0
166 82 0
167 82 0
168 82 0
169 82 0
170 82 0
171 82 0
173 82 0
176 82 0
3 83 0
4 83 0
5 83 0
6 83 0
30 83 0
160 83 0
161 83 0
163 83 0
164 83 0
165 83 0
166 83 0
167 83 0
169 83 0
170 83 0
171 83 0
176 83 0
178 83 0
182 83 0
4 84 0
5 84 0
6 84 0
154 84 0
162 84 0
163 84 0
164 84 0
167 84 0
169 84 0
170 84 0
171 84 0
173 84 0
174 84 0
175 84 0
176 84 0
177 84 0
182 84 0
183 84 0
4 85 0
5 85 0
15 85 0
30 85 0
151 85 0
162 85 0
163 85 0
164 85 0
166 85 0
168 85 0
169 85 0
170 85 0
4 86 0
5 86 0
6 86 0
31 86 0
156 86 0
157 86 0
158 86 0
159 86 0
161 86 0
162 86 0
163 86 0
168 86 0
169 86 0
177 86 0
155 87 0
157 87 0
163 87 0
164 87 0
165 87 0
167 87 0
168 87 0
176 87 0
177 87 0
181 87 0
183 87 0
156 88 0
158 88 0
159 88 0
163 88 0
164 88 0
165 88 0
167 88 0
174 88 0
182 88 0
7 89 0
150 89 0
157 89 0
164 89 0
165 89 0
168 89 0
34 92 0
43 93 0
43 94 0
41 95 0
55 95 0
57 96 0
60 96 0
71 100 0
176 102 0
177 102 0
176 103 0
176 104 0
174 105 0
175 105 0
176 105 0
177 105 0
175 106 0
176 106 0
180 106 0
174 107 0
175 107 0
176 107 0
174 108 0
175 108 0
176 108 0
177 108 0
174 109 0
175 109 0
177 109 0
174 110 0
175 110 0
176 110 0
178 110 0
174 111 0
175 111 0
176 111 0
177 111 0
180 111 0
181 111 0
68 112 0
173 112 0
174 112 0
175 112 0
176 112 0
177 112 0
181 112 0
182 112 0
183 112 0
64 113 0
68 113 0
173 113 0
174 113 0
175 113 0
176 113 0
177 113 0
178 113 0
182 113 0
185 113 0
64 114 0
68 114 0
69 114 0
172 114 0
173 114 0
174 114 0
175 114 0
176 114 0
177 114 0
63 115 0
172 115 0
173 115 0
174 115 0
175 115 0
176 115 0
178 115 0
179 115 0
180 115 0
181 115 0
182 115 0
172 116 0
173 116 0
174 116 0
175 116 0
176 116 0
179 116 0
181 116 0
172 117 0
173 117 0
174 117 0
175 117 0
176 117 0
180 117 0
181 117 0
186 117 0
173 118 0
174 118 0
175 118 0
176 118 0
177 118 0
179 118 0
180 118 0
181 118 0
172 119 0
173 119 0
174 119 0
175 119 0
176 119 0
172 120 0
173 120 0
174 120 0
175 120 0
172 121 0
173 121 0
174 121 0
175 121 0
182 121 0
171 122 0
172 122 0
173 122 0
174 122 0
175 122 0
182 122 0
171 123 0
172 123 0
173 123 0
174 123 0
175 123 0
176 123 0
178 123 0
180 123 0
181 123 0
182 123 0
169 124 0
172 124 0
173 124 0
174 124 0
175 124 0
176 124 0
177 124 0
178 124 0
179 124 0
180 124 0
181 124 0
172 125 0
173 125 0
174 125 0
176 125 0
181 125 0
182 125 0
171 126 0
172 126 0
173 126 0
174 126 0
175 126 0
177 126 0
178 126 0
170 127 0
172 127 0
173 127 0
174 127 0
175 127 0
176 127 0
177 127 0
178 127 0
180 127 0
181 127 0
170 128 0
171 128 0
172 128 0
173 128 0
174 128 0
175 128 0
178 128 0
172 129 0
173 129 0
174 129 0
175 129 0
176 129 0
177 129 0
179 129 0
180 129 0
181 129 0
172 130 0
173 130 0
174 130 0
178 130 0
181 130 0
182 130 0
171 131 0
172 131 0
173 131 0
174 131 0
175 131 0
176 131 0
177 131 0
178 131 0
171 132 0
172 132 0
173 132 0
174 132 0
176 132 0
177 132 0
170 133 0
171 133 0
172 133 0
173 133 0
176 133 0
177 133 0
172 134 0
173 134 0
175 134 0
176 134 0
181 134 0
170 135 0
172 135 0
173 135 0
175 135 0
176 135 0
177 135 0
179 135 0
180 135 0
171 136 0
172 136 0
173 136 0
175 136 0
176 136 0
177 136 0
170 137 0
171 137 0
172 137 0
173 137 0
175 137 0
176 137 0
177 137 0
183 137 0
169 138 0
170 138 0
171 138 0
172 138 0
173 138 0
174 138 0
175 138 0
176 138 0
177 138 0
178 138 0
180 138 0
170 139 0
171 139 0
172 139 0
173 139 0
174 139 0
175 139 0
176 139 0
179 139 0
180 139 0
169 140 0
170 140 0
171 140 0
172 140 0
173 140 0
174 140 0
175 140 0
176 140 0
180 140 0
185 140 0
169 141 0
170 141 0
171 141 0
172 141 0
173 141 0
174 141 0
175 141 0
176 141 0
179 141 0
180 141 0
181 141 0
170 142 0
171 142 0
172 142 0
173 142 0
174 142 0
175 142 0
176 142 0
177 142 0
181 142 0
169 143 0
170 143 0
171 143 0
172 143 0
173 143 0
174 143 0
175 143 0
170 144 0
171 144 0
172 144 0
173 144 0
174 144 0
177 144 0
178 144 0
181 144 0
169 145 0
170 145 0
171 145 0
172 145 0
174 145 0
175 145 0
177 145 0
179 145 0
180 145 0
181 145 0
182 145 0
186 145 0
168 146 0
169 146 0
170 146 0
171 146 0
172 146 0
173 146 0
174 146 0
175 146 0
178 146 0
180 146 0
167 147 0
169 147 0
170 147 0
171 147 0
172 147 0
173 147 0
174 147 0
175 147 0
176 147 0
177 147 0
182 147 0
183 147 0
169 148 0
170 148 0
171 148 0
172 148 0
174 148 0
175 148 0
176 148 0
177 148 0
179 148 0
180 148 0
181 148 0
184 148 0
168 149 0
169 149 0
170 149 0
171 149 0
172 149 0
173 149 0
174 149 0
176 149 0
177 149 0
179 149 0
180 149 0
181 149 0
182 149 0
167 150 0
169 150 0
170 150 0
171 150 0
172 150 0
173 150 0
174 150 0
175 150 0
178 150 0
179 150 0
169 151 0
170 151 0
171 151 0
172 151 0
173 151 0
174 151 0
175 151 0
178 151 0
179 151 0
169 152 0
170 152 0
171 152 0
172 152 0
173 152 0
174 152 0
178 152 0
179 152 0
167 153 0
168 153 0
169 153 0
170 153 0
171 153 0
172 153 0
173 153 0
174 153 0
175 153 0
176 153 0
178 153 0
179 153 0
180 153 0
182 153 0
183 153 0
168 154 0
169 154 0
170 154 0
171 154 0
172 154 0
173 154 0
174 154 0
175 154 0
177 154 0
178 154 0
179 154 0
182 154 0
183 154 0
168 155 0
169 155 0
170 155 0
171 155 0
172 155 0
173 155 0
174 155 0
177 155 0
178 155 0
179 155 0
180 155 0
184 155 0
168 156 0
169 156 0
170 156 0
171 156 0
172 156 0
173 156 0
174 156 0
175 156 0
176 156 0
177 156 0
178 156 0
181 156 0
184 156 0
168 157 0
169 157 0
170 157 0
171 157 0
172 157 0
173 157 0
174 157 0
175 157 0
176 157 0
177 157 0
179 157 0
180 157 0
168 158 0
169 158 0
170 158 0
171 158 0
172 158 0
173 158 0
176 158 0
177 158 0
178 158 0
180 158 0
181 158 0
182 158 0
167 159 0
168 159 0
169 159 0
170 159 0
171 159 0
172 159 0
173 159 0
174 159 0
175 159 0
176 159 0
179 159 0
182 159 0
183 159 0
167 160 0
168 160 0
169 160 0
170 160 0
171 160 0
172 160 0
175 160 0
176 160 0
177 160 0
184 160 0
167 161 0
168 161 0
169 161 0
170 161 0
171 161 0
172 161 0
174 161 0
175 161 0
176 161 0
177 161 0
180 161 0
181 161 0
167 162 0
168 162 0
169 162 0
170 162 0
171 162 0
172 162 0
173 162 0
175 162 0
176 162 0
177 162 0
178 162 0
179 162 0
180 162 0
167 163 0
168 163 0
169 163 0
170 163 0
171 163 0
172 163 0
175 163 0
176 163 0
179 163 0
180 163 0
184 163 0
166 164 0
167 164 0
168 164 0
169 164 0
170 164 0
171 164 0
172 164 0
173 164 0
174 164 0
176 164 0
178 164 0
180 164 0
181 164 0
165 165 0
166 165 0
167 165 0
168 165 0
169 165 0
170 165 0
172 165 0
173 165 0
174 165 0
178 165 0
179 165 0
180 165 0
166 166 0
167 166 0
168 166 0
169 166 0
170 166 0
171 166 0
172 166 0
173 166 0
179 166 0
166 167 0
167 167 0
168 167 0
169 167 0
170 167 0
171 167 0
173 167 0
174 167 0
175 167 0
180 167 0
166 168 0
167 168 0
168 168 0
169 168 0
170 168 0
174 168 0
166 169 0
167 169 0
168 169 0
169 169 0
175 169 0
166 170 0
167 170 0
168 170 0
170 170 0
171 170 0
172 170 0
166 171 0
167 171 0
168 171 0
173 171 0
174 171 0
176 171 0
180 171 0
166 172 0
167 172 0
168 172 0
169 172 0
171 172 0
172 172 0
173 172 0
175 172 0
165 173 0
166 173 0
167 173 0
168 173 0
181 173 0
182 173 0
167 174 0
168 174 0
169 174 0
171 174 0
172 174 0
174 174 0
175 174 0
176 174 0
182 174 0
166 175 0
167 175 0
168 175 0
169 175 0
170 175 0
177 175 0
166 176 0
167 176 0
171 176 0
172 176 0
165 177 0
166 177 0
167 177 0
3 1 1
10 1 1
14 1 1
17 1 1
16 2 1
11 3 1
12 4 1
16 4 1
3 6 1
11 6 1
4 8 1
13 8 1
15 9 1
2 10 1
3 10 1
12 10 1
5 11 1
6 11 1
5 13 1
5 14 1
6 14 1
15 14 1
17 14 1
18 14 1
22 14 1
14 15 1
15 15 1
18 15 1
19 15 1
20 15 1
21 15 1
1 16 1
4 16 1
14 16 1
17 16 1
18 16 1
3 17 1
14 17 1
19 17 1
8 18 1
10 18 1
11 18 1
16 18 1
2 19 1
16 19 1
8 20 1
14 20 1
19 21 1
1 22 1
2 22 1
4 23 1
18 23 1
5 24 1
15 25 1
2 26 1
19 26 1
10 29 1
12 30 1
18 30 1
6 32 1
18 32 1
14 35 1
2 38 1
14 38 1
10 39 1
3 40 1
4 40 1
6 40 1
10 40 1
16 40 1
4 41 1
2 42 1
3 42 1
10 42 1
4 43 1
5 43 1
6 43 1
19 43 1
2 44 1
8 44 1
10 44 1
12 44 1
4 45 1
6 45 1
17 45 1
2 46 1
3 46 1
4 46 1
5 46 1
7 46 1
12 46 1
17 46 1
6 47 1
10 47 1
12 47 1
19 48 1
4 49 1
6 49 1
4 50 1
2 51 1
4 51 1
4 52 1
2 53 1
4 53 1
5 54 1
6 54 1
12 54 1
1 55 1
3 55 1
4 55 1
6 55 1
9 55 1
10 55 1
16 55 1
5 56 1
6 56 1
4 57 1
6 57 1
8 57 1
4 58 1
7 58 1
2 59 1
5 59 1
4 60 1
6 60 1
8 60 1
10 62 1
12 62 1
3 63 1
6 63 1
8 63 1
9 63 1
11 63 1
6 64 1
16 64 1
3 65 1
10 65 1
5 66 1
8 66 1
2 67 1
4 67 1
12 67 1
7 68 1
8 68 1
2 70 1
14 92 1
16 92 1
9 93 1
18 93 1
10 94 1
4 96 1
8 96 1
16 96 1
6 97 1
3 99 1
8 99 1
12 99 1
4 100 1
7 101 1
8 101 1
14 103 1
10 108 1
8 110 1
4 111 1
14 112 1
1 115 1
9 117 1
4 118 1
2 124 1
19 124 1
4 126 1
2 127 1
8 127 1
14 127 1
6 130 1
16 130 1
4 131 1
15 132 1
8 135 1
14 135 1
6 136 1
8 137 1
1 138 1
4 139 1
11 140 1
14 140 1
6 141 1
10 141 1
4 143 1
7 143 1
8 143 1
18 144 1
16 146 1
11 147 1
18 147 1
4 148 1
6 148 1
8 148 1
12 148 1
4 152 1
18 152 1
2 153 1
16 153 1
18 153 1
1 154 1
13 154 1
17 154 1
15 155 1
18 155 1
4 156 1
11 156 1
14 156 1
102 157 1
104 157 1
101 158 1
102 158 1
6 159 1
18 159 1
101 159 1
102 159 1
103 159 1
105 159 1
106 159 1
100 160 1
101 160 1
102 160 1
103 160 1
105 160 1
95 161 1
99 161 1
100 161 1
101 161 1
102 161 1
103 161 1
104 161 1
98 162 1
99 162 1
100 162 1
101 162 1
102 162 1
103 162 1
1 163 1
2 163 1
4 163 1
11 163 1
16 163 1
98 163 1
100 163 1
101 163 1
102 163 1
104 163 1
97 164 1
98 164 1
100 164 1
101 164 1
102 164 1
103 164 1
104 164 1
7 165 1
9 165 1
10 165 1
14 165 1
96 165 1
97 165 1
100 165 1
101 165 1
103 165 1
8 166 1
95 166 1
96 166 1
98 166 1
101 166 1
102 166 1
11 167 1
18 167 1
94 167 1
95 167 1
100 167 1
101 167 1
102 167 1
8 168 1
94 168 1
100 168 1
101 168 1
15 169 1
93 169 1
98 169 1
100 169 1
14 170 1
6 173 1
17 173 1
11 175 1
