145 1 0
158 1 0
159 1 0
160 1 0
164 1 0
168 1 0
170 1 0
172 1 0
179 1 0
180 1 0
181 1 0
182 1 0
184 1 0
84 2 0
99 2 0
153 2 0
158 2 0
159 2 0
170 2 0
174 2 0
182 2 0
102 3 0
108 3 0
150 3 0
158 3 0
164 3 0
168 3 0
170 3 0
171 3 0
172 3 0
174 3 0
178 3 0
180 3 0
181 3 0
182 3 0
184 3 0
186 3 0
188 3 0
189 3 0
85 4 0
88 4 0
108 4 0
132 4 0
145 4 0
156 4 0
158 4 0
166 4 0
169 4 0
174 4 0
176 4 0
177 4 0
178 4 0
179 4 0
180 4 0
186 4 0
187 4 0
142 5 0
148 5 0
150 5 0
154 5 0
160 5 0
162 5 0
166 5 0
184 5 0
186 5 0
81 6 0
94 6 0
104 6 0
116 6 0
120 6 0
144 6 0
146 6 0
150 6 0
154 6 0
158 6 0
161 6 0
170 6 0
172 6 0
178 6 0
182 6 0
184 6 0
187 6 0
189 6 0
74 7 0
78 7 0
87 7 0
94 7 0
96 7 0
98 7 0
102 7 0
149 7 0
150 7 0
152 7 0
155 7 0
156 7 0
161 7 0
165 7 0
173 7 0
175 7 0
176 7 0
178 7 0
179 7 0
182 7 0
184 7 0
186 7 0
74 8 0
97 8 0
100 8 0
105 8 0
122 8 0
144 8 0
148 8 0
150 8 0
159 8 0
161 8 0
162 8 0
174 8 0
186 8 0
188 8 0
74 9 0
76 9 0
86 9 0
92 9 0
94 9 0
100 9 0
101 9 0
104 9 0
105 9 0
110 9 0
150 9 0
151 9 0
155 9 0
158 9 0
159 9 0
170 9 0
176 9 0
184 9 0
186 9 0
188 9 0
74 10 0
92 10 0
96 10 0
97 10 0
104 10 0
116 10 0
146 10 0
150 10 0
164 10 0
165 10 0
167 10 0
173 10 0
178 10 0
184 10 0
185 10 0
74 11 0
90 11 0
91 11 0
92 11 0
94 11 0
96 11 0
98 11 0
100 11 0
102 11 0
103 11 0
104 11 0
105 11 0
106 11 0
110 11 0
144 11 0
154 11 0
156 11 0
160 11 0
164 11 0
166 11 0
168 11 0
169 11 0
170 11 0
176 11 0
178 11 0
182 11 0
184 11 0
186 11 0
188 11 0
189 11 0
82 12 0
90 12 0
96 12 0
98 12 0
101 12 0
102 12 0
104 12 0
106 12 0
109 12 0
114 12 0
118 12 0
151 12 0
154 12 0
156 12 0
158 12 0
159 12 0
162 12 0
164 12 0
166 12 0
167 12 0
169 12 0
171 12 0
172 12 0
173 12 0
174 12 0
178 12 0
182 12 0
184 12 0
186 12 0
188 12 0
82 13 0
88 13 0
90 13 0
93 13 0
104 13 0
107 13 0
110 13 0
142 13 0
151 13 0
152 13 0
154 13 0
157 13 0
158 13 0
162 13 0
167 13 0
172 13 0
176 13 0
178 13 0
181 13 0
182 13 0
184 13 0
185 13 0
104 14 0
106 14 0
108 14 0
112 14 0
114 14 0
122 14 0
124 14 0
140 14 0
149 14 0
151 14 0
152 14 0
153 14 0
154 14 0
158 14 0
160 14 0
162 14 0
164 14 0
168 14 0
176 14 0
178 14 0
180 14 0
181 14 0
182 14 0
183 14 0
186 14 0
188 14 0
189 14 0
97 15 0
98 15 0
102 15 0
103 15 0
104 15 0
106 15 0
108 15 0
110 15 0
114 15 0
116 15 0
123 15 0
130 15 0
145 15 0
146 15 0
150 15 0
152 15 0
156 15 0
159 15 0
162 15 0
168 15 0
170 15 0
172 15 0
174 15 0
176 15 0
178 15 0
180 15 0
181 15 0
182 15 0
184 15 0
186 15 0
188 15 0
76 16 0
87 16 0
97 16 0
98 16 0
100 16 0
104 16 0
124 16 0
126 16 0
132 16 0
145 16 0
152 16 0
154 16 0
156 16 0
158 16 0
160 16 0
162 16 0
163 16 0
164 16 0
166 16 0
168 16 0
170 16 0
173 16 0
174 16 0
176 16 0
179 16 0
182 16 0
189 16 0
80 17 0
86 17 0
87 17 0
96 17 0
104 17 0
107 17 0
114 17 0
120 17 0
150 17 0
151 17 0
156 17 0
160 17 0
162 17 0
166 17 0
171 17 0
172 17 0
174 17 0
184 17 0
185 17 0
186 17 0
89 18 0
91 18 0
92 18 0
93 18 0
94 18 0
96 18 0
99 18 0
101 18 0
102 18 0
103 18 0
104 18 0
110 18 0
126 18 0
151 18 0
152 18 0
154 18 0
156 18 0
158 18 0
159 18 0
160 18 0
162 18 0
164 18 0
170 18 0
171 18 0
172 18 0
174 18 0
175 18 0
176 18 0
179 18 0
180 18 0
181 18 0
182 18 0
183 18 0
185 18 0
188 18 0
189 18 0
86 19 0
89 19 0
95 19 0
96 19 0
104 19 0
112 19 0
146 19 0
150 19 0
152 19 0
154 19 0
158 19 0
160 19 0
161 19 0
162 19 0
164 19 0
165 19 0
168 19 0
170 19 0
177 19 0
178 19 0
179 19 0
180 19 0
181 19 0
185 19 0
187 19 0
189 19 0
82 20 0
83 20 0
88 20 0
90 20 0
92 20 0
94 20 0
96 20 0
98 20 0
146 20 0
148 20 0
152 20 0
156 20 0
159 20 0
162 20 0
163 20 0
164 20 0
168 20 0
170 20 0
172 20 0
174 20 0
176 20 0
177 20 0
178 20 0
179 20 0
180 20 0
182 20 0
185 20 0
187 20 0
188 20 0
86 21 0
88 21 0
92 21 0
124 21 0
144 21 0
146 21 0
150 21 0
152 21 0
154 21 0
156 21 0
158 21 0
159 21 0
160 21 0
161 21 0
162 21 0
165 21 0
166 21 0
167 21 0
168 21 0
170 21 0
172 21 0
174 21 0
175 21 0
178 21 0
180 21 0
182 21 0
184 21 0
185 21 0
186 21 0
188 21 0
134 22 0
150 22 0
152 22 0
156 22 0
157 22 0
160 22 0
162 22 0
164 22 0
166 22 0
168 22 0
172 22 0
174 22 0
177 22 0
178 22 0
180 22 0
181 22 0
183 22 0
186 22 0
188 22 0
189 22 0
76 23 0
80 23 0
83 23 0
128 23 0
150 23 0
151 23 0
154 23 0
156 23 0
159 23 0
162 23 0
163 23 0
164 23 0
166 23 0
168 23 0
172 23 0
174 23 0
178 23 0
180 23 0
181 23 0
182 23 0
184 23 0
185 23 0
186 23 0
188 23 0
189 23 0
88 24 0
115 24 0
142 24 0
143 24 0
146 24 0
151 24 0
154 24 0
156 24 0
157 24 0
159 24 0
160 24 0
161 24 0
162 24 0
163 24 0
166 24 0
170 24 0
171 24 0
172 24 0
173 24 0
174 24 0
176 24 0
178 24 0
180 24 0
182 24 0
188 24 0
189 24 0
84 25 0
112 25 0
130 25 0
140 25 0
146 25 0
150 25 0
154 25 0
156 25 0
157 25 0
158 25 0
163 25 0
165 25 0
174 25 0
176 25 0
177 25 0
178 25 0
180 25 0
181 25 0
184 25 0
186 25 0
187 25 0
189 25 0
94 26 0
104 26 0
118 26 0
148 26 0
150 26 0
160 26 0
161 26 0
162 26 0
164 26 0
166 26 0
167 26 0
168 26 0
172 26 0
174 26 0
177 26 0
180 26 0
181 26 0
182 26 0
184 26 0
186 26 0
187 26 0
188 26 0
74 27 0
92 27 0
116 27 0
135 27 0
142 27 0
146 27 0
148 27 0
149 27 0
150 27 0
151 27 0
156 27 0
158 27 0
160 27 0
161 27 0
163 27 0
168 27 0
169 27 0
170 27 0
172 27 0
174 27 0
180 27 0
184 27 0
185 27 0
187 27 0
70 28 0
74 28 0
79 28 0
92 28 0
102 28 0
123 28 0
134 28 0
150 28 0
156 28 0
158 28 0
162 28 0
164 28 0
166 28 0
168 28 0
171 28 0
176 28 0
180 28 0
182 28 0
184 28 0
186 28 0
187 28 0
188 28 0
189 28 0
72 29 0
84 29 0
91 29 0
94 29 0
112 29 0
128 29 0
132 29 0
151 29 0
152 29 0
153 29 0
154 29 0
155 29 0
156 29 0
158 29 0
160 29 0
161 29 0
162 29 0
164 29 0
168 29 0
172 29 0
174 29 0
175 29 0
176 29 0
178 29 0
180 29 0
184 29 0
187 29 0
188 29 0
72 30 0
84 30 0
85 30 0
110 30 0
122 30 0
126 30 0
128 30 0
140 30 0
154 30 0
157 30 0
158 30 0
164 30 0
166 30 0
168 30 0
170 30 0
172 30 0
173 30 0
176 30 0
177 30 0
179 30 0
180 30 0
184 30 0
185 30 0
188 30 0
85 31 0
110 31 0
118 31 0
140 31 0
144 31 0
152 31 0
153 31 0
156 31 0
158 31 0
161 31 0
162 31 0
164 31 0
170 31 0
172 31 0
174 31 0
178 31 0
181 31 0
182 31 0
184 31 0
185 31 0
187 31 0
188 31 0
73 32 0
78 32 0
79 32 0
81 32 0
88 32 0
104 32 0
140 32 0
146 32 0
150 32 0
152 32 0
157 32 0
160 32 0
162 32 0
166 32 0
170 32 0
172 32 0
174 32 0
175 32 0
176 32 0
177 32 0
178 32 0
180 32 0
182 32 0
184 32 0
186 32 0
188 32 0
81 33 0
91 33 0
120 33 0
143 33 0
146 33 0
150 33 0
151 33 0
152 33 0
153 33 0
154 33 0
157 33 0
158 33 0
162 33 0
164 33 0
167 33 0
168 33 0
170 33 0
172 33 0
176 33 0
177 33 0
179 33 0
180 33 0
182 33 0
183 33 0
184 33 0
188 33 0
83 34 0
98 34 0
128 34 0
147 34 0
148 34 0
152 34 0
154 34 0
156 34 0
157 34 0
158 34 0
162 34 0
163 34 0
164 34 0
167 34 0
168 34 0
169 34 0
173 34 0
174 34 0
177 34 0
178 34 0
180 34 0
184 34 0
186 34 0
187 34 0
74 35 0
82 35 0
90 35 0
92 35 0
93 35 0
112 35 0
130 35 0
150 35 0
151 35 0
152 35 0
153 35 0
154 35 0
156 35 0
158 35 0
159 35 0
160 35 0
162 35 0
164 35 0
165 35 0
168 35 0
169 35 0
171 35 0
173 35 0
174 35 0
176 35 0
179 35 0
182 35 0
187 35 0
188 35 0
189 35 0
74 36 0
80 36 0
84 36 0
90 36 0
108 36 0
117 36 0
126 36 0
132 36 0
150 36 0
154 36 0
156 36 0
159 36 0
160 36 0
161 36 0
162 36 0
164 36 0
165 36 0
170 36 0
172 36 0
174 36 0
175 36 0
176 36 0
178 36 0
180 36 0
183 36 0
184 36 0
185 36 0
187 36 0
188 36 0
189 36 0
72 37 0
78 37 0
80 37 0
94 37 0
95 37 0
100 37 0
132 37 0
146 37 0
148 37 0
151 37 0
152 37 0
153 37 0
154 37 0
157 37 0
158 37 0
159 37 0
160 37 0
161 37 0
162 37 0
163 37 0
164 37 0
166 37 0
167 37 0
168 37 0
170 37 0
173 37 0
174 37 0
176 37 0
178 37 0
179 37 0
185 37 0
188 37 0
189 37 0
66 38 0
72 38 0
82 38 0
86 38 0
104 38 0
151 38 0
152 38 0
153 38 0
154 38 0
157 38 0
166 38 0
168 38 0
170 38 0
172 38 0
178 38 0
179 38 0
181 38 0
184 38 0
185 38 0
187 38 0
62 39 0
81 39 0
82 39 0
83 39 0
86 39 0
115 39 0
126 39 0
140 39 0
141 39 0
146 39 0
148 39 0
152 39 0
154 39 0
155 39 0
156 39 0
158 39 0
159 39 0
160 39 0
161 39 0
162 39 0
163 39 0
164 39 0
167 39 0
168 39 0
170 39 0
171 39 0
172 39 0
176 39 0
178 39 0
182 39 0
183 39 0
187 39 0
188 39 0
66 40 0
84 40 0
92 40 0
94 40 0
126 40 0
140 40 0
148 40 0
151 40 0
152 40 0
153 40 0
154 40 0
156 40 0
158 40 0
163 40 0
164 40 0
165 40 0
166 40 0
170 40 0
171 40 0
172 40 0
174 40 0
179 40 0
180 40 0
185 40 0
187 40 0
188 40 0
189 40 0
66 41 0
82 41 0
90 41 0
94 41 0
120 41 0
132 41 0
142 41 0
147 41 0
148 41 0
151 41 0
153 41 0
154 41 0
156 41 0
158 41 0
159 41 0
160 41 0
162 41 0
163 41 0
164 41 0
165 41 0
167 41 0
170 41 0
172 41 0
174 41 0
176 41 0
177 41 0
179 41 0
180 41 0
182 41 0
183 41 0
184 41 0
188 41 0
189 41 0
69 42 0
80 42 0
81 42 0
82 42 0
86 42 0
106 42 0
136 42 0
140 42 0
148 42 0
150 42 0
151 42 0
152 42 0
153 42 0
154 42 0
155 42 0
156 42 0
157 42 0
158 42 0
159 42 0
160 42 0
164 42 0
165 42 0
166 42 0
168 42 0
170 42 0
174 42 0
176 42 0
177 42 0
179 42 0
180 42 0
182 42 0
183 42 0
83 43 0
102 43 0
132 43 0
140 43 0
147 43 0
148 43 0
151 43 0
152 43 0
153 43 0
154 43 0
158 43 0
160 43 0
161 43 0
162 43 0
164 43 0
169 43 0
170 43 0
171 43 0
172 43 0
175 43 0
176 43 0
180 43 0
181 43 0
182 43 0
184 43 0
185 43 0
188 43 0
68 44 0
126 44 0
128 44 0
136 44 0
154 44 0
155 44 0
157 44 0
158 44 0
160 44 0
161 44 0
165 44 0
170 44 0
172 44 0
173 44 0
174 44 0
176 44 0
178 44 0
180 44 0
182 44 0
184 44 0
86 45 0
120 45 0
133 45 0
138 45 0
142 45 0
152 45 0
153 45 0
154 45 0
155 45 0
157 45 0
158 45 0
159 45 0
160 45 0
161 45 0
165 45 0
167 45 0
168 45 0
170 45 0
171 45 0
174 45 0
175 45 0
176 45 0
177 45 0
178 45 0
180 45 0
182 45 0
184 45 0
187 45 0
189 45 0
118 46 0
120 46 0
136 46 0
144 46 0
145 46 0
148 46 0
154 46 0
155 46 0
156 46 0
157 46 0
158 46 0
159 46 0
160 46 0
161 46 0
162 46 0
164 46 0
166 46 0
168 46 0
170 46 0
171 46 0
172 46 0
173 46 0
174 46 0
176 46 0
178 46 0
184 46 0
186 46 0
187 46 0
188 46 0
189 46 0
110 47 0
126 47 0
143 47 0
144 47 0
151 47 0
152 47 0
153 47 0
154 47 0
155 47 0
156 47 0
157 47 0
158 47 0
159 47 0
160 47 0
161 47 0
162 47 0
163 47 0
166 47 0
168 47 0
170 47 0
171 47 0
176 47 0
177 47 0
178 47 0
180 47 0
182 47 0
186 47 0
188 47 0
132 48 0
145 48 0
150 48 0
152 48 0
154 48 0
155 48 0
156 48 0
157 48 0
158 48 0
159 48 0
160 48 0
162 48 0
165 48 0
166 48 0
167 48 0
168 48 0
170 48 0
171 48 0
173 48 0
174 48 0
176 48 0
178 48 0
181 48 0
182 48 0
184 48 0
185 48 0
186 48 0
188 48 0
104 49 0
134 49 0
140 49 0
148 49 0
150 49 0
152 49 0
154 49 0
155 49 0
156 49 0
157 49 0
159 49 0
161 49 0
162 49 0
163 49 0
164 49 0
165 49 0
166 49 0
168 49 0
170 49 0
172 49 0
173 49 0
176 49 0
180 49 0
182 49 0
184 49 0
188 49 0
189 49 0
86 50 0
92 50 0
134 50 0
136 50 0
138 50 0
140 50 0
148 50 0
152 50 0
153 50 0
154 50 0
156 50 0
157 50 0
158 50 0
159 50 0
160 50 0
162 50 0
163 50 0
164 50 0
166 50 0
167 50 0
171 50 0
172 50 0
174 50 0
177 50 0
178 50 0
180 50 0
183 50 0
184 50 0
122 51 0
130 51 0
132 51 0
134 51 0
136 51 0
138 51 0
143 51 0
145 51 0
146 51 0
148 51 0
149 51 0
150 51 0
152 51 0
153 51 0
155 51 0
156 51 0
158 51 0
159 51 0
160 51 0
161 51 0
162 51 0
164 51 0
165 51 0
166 51 0
170 51 0
173 51 0
174 51 0
175 51 0
177 51 0
178 51 0
182 51 0
188 51 0
114 52 0
116 52 0
124 52 0
130 52 0
150 52 0
152 52 0
154 52 0
156 52 0
158 52 0
160 52 0
161 52 0
162 52 0
164 52 0
165 52 0
167 52 0
170 52 0
172 52 0
174 52 0
175 52 0
176 52 0
179 52 0
180 52 0
182 52 0
184 52 0
186 52 0
188 52 0
189 52 0
76 53 0
87 53 0
94 53 0
110 53 0
113 53 0
151 53 0
160 53 0
161 53 0
162 53 0
164 53 0
165 53 0
166 53 0
167 53 0
168 53 0
170 53 0
173 53 0
178 53 0
182 53 0
186 53 0
74 54 0
76 54 0
78 54 0
84 54 0
91 54 0
93 54 0
94 54 0
95 54 0
112 54 0
116 54 0
122 54 0
153 54 0
154 54 0
156 54 0
157 54 0
158 54 0
159 54 0
160 54 0
161 54 0
162 54 0
163 54 0
164 54 0
166 54 0
168 54 0
170 54 0
173 54 0
175 54 0
176 54 0
178 54 0
179 54 0
180 54 0
183 54 0
184 54 0
186 54 0
187 54 0
189 54 0
70 55 0
71 55 0
75 55 0
76 55 0
79 55 0
81 55 0
85 55 0
89 55 0
90 55 0
91 55 0
92 55 0
93 55 0
94 55 0
104 55 0
124 55 0
127 55 0
130 55 0
150 55 0
152 55 0
153 55 0
154 55 0
156 55 0
158 55 0
160 55 0
162 55 0
164 55 0
165 55 0
166 55 0
167 55 0
168 55 0
169 55 0
170 55 0
172 55 0
173 55 0
176 55 0
177 55 0
178 55 0
179 55 0
182 55 0
183 55 0
184 55 0
185 55 0
188 55 0
67 56 0
70 56 0
72 56 0
73 56 0
74 56 0
75 56 0
78 56 0
83 56 0
84 56 0
85 56 0
86 56 0
87 56 0
88 56 0
89 56 0
90 56 0
92 56 0
94 56 0
96 56 0
98 56 0
132 56 0
151 56 0
154 56 0
155 56 0
156 56 0
157 56 0
158 56 0
160 56 0
161 56 0
162 56 0
164 56 0
165 56 0
166 56 0
170 56 0
172 56 0
174 56 0
176 56 0
178 56 0
68 57 0
69 57 0
70 57 0
71 57 0
72 57 0
73 57 0
74 57 0
75 57 0
76 57 0
81 57 0
82 57 0
83 57 0
84 57 0
85 57 0
86 57 0
91 57 0
94 57 0
110 57 0
152 57 0
153 57 0
154 57 0
156 57 0
157 57 0
158 57 0
159 57 0
160 57 0
161 57 0
162 57 0
67 58 0
68 58 0
69 58 0
70 58 0
72 58 0
74 58 0
76 58 0
79 58 0
80 58 0
83 58 0
104 58 0
155 58 0
159 58 0
184 58 0
63 59 0
68 59 0
69 59 0
71 59 0
73 59 0
74 59 0
79 59 0
80 59 0
81 59 0
82 59 0
84 59 0
152 59 0
156 59 0
160 59 0
168 59 0
60 60 0
61 60 0
62 60 0
63 60 0
66 60 0
68 60 0
69 60 0
72 60 0
74 60 0
76 60 0
77 60 0
78 60 0
80 60 0
114 60 0
57 61 0
58 61 0
59 61 0
64 61 0
65 61 0
66 61 0
70 61 0
73 61 0
74 61 0
75 61 0
118 61 0
156 61 0
158 61 0
161 61 0
162 61 0
164 61 0
174 61 0
60 62 0
62 62 0
69 62 0
71 62 0
72 62 0
122 62 0
158 62 0
160 62 0
162 62 0
168 62 0
57 63 0
58 63 0
60 63 0
68 63 0
70 63 0
136 63 0
150 63 0
152 63 0
56 64 0
62 64 0
63 64 0
64 64 0
65 64 0
68 64 0
91 64 0
146 64 0
154 64 0
156 64 0
170 64 0
58 65 0
61 65 0
62 65 0
160 65 0
164 65 0
167 65 0
56 66 0
58 66 0
59 66 0
81 66 0
94 66 0
86 67 0
95 67 0
98 67 0
100 67 0
101 67 0
94 68 0
95 68 0
176 68 0
178 68 0
179 68 0
181 68 0
169 69 0
170 69 0
171 69 0
172 69 0
174 69 0
176 69 0
177 69 0
178 69 0
179 69 0
180 69 0
181 69 0
182 69 0
183 69 0
185 69 0
186 69 0
188 69 0
189 69 0
66 70 0
166 70 0
167 70 0
168 70 0
169 70 0
170 70 0
171 70 0
172 70 0
173 70 0
174 70 0
175 70 0
176 70 0
177 70 0
178 70 0
179 70 0
180 70 0
181 70 0
183 70 0
184 70 0
185 70 0
186 70 0
187 70 0
188 70 0
189 70 0
64 71 0
164 71 0
165 71 0
166 71 0
167 71 0
168 71 0
170 71 0
172 71 0
173 71 0
178 71 0
60 73 0
55 75 0
68 75 0
1 82 0
3 83 0
4 83 0
5 83 0
6 83 0
162 83 0
1 84 0
2 84 0
3 84 0
4 84 0
5 84 0
6 84 0
7 84 0
1 85 0
2 85 0
3 85 0
4 85 0
5 85 0
1 86 0
2 86 0
3 86 0
4 86 0
5 86 0
6 86 0
1 87 0
2 87 0
3 87 0
4 87 0
5 87 0
1 88 0
2 88 0
3 88 0
4 88 0
92 88 0
1 89 0
2 89 0
3 89 0
5 89 0
12 89 0
78 89 0
1 90 0
2 90 0
17 90 0
4 91 0
8 91 0
12 91 0
21 91 0
110 91 0
3 92 0
9 92 0
2 93 0
14 93 0
16 93 0
19 93 0
4 94 0
5 94 0
14 94 0
17 94 0
11 95 0
2 96 0
10 96 0
16 96 0
18 96 0
16 97 0
19 97 0
100 97 0
2 98 0
10 98 0
8 99 0
9 99 0
10 99 0
2 100 0
8 100 0
18 100 0
5 101 0
6 101 0
8 101 0
12 101 0
13 101 0
18 101 0
19 101 0
3 102 0
4 102 0
5 102 0
7 102 0
8 102 0
10 102 0
16 102 0
1 103 0
2 103 0
4 103 0
7 103 0
9 103 0
10 103 0
16 103 0
17 103 0
18 103 0
19 103 0
1 104 0
2 104 0
3 104 0
7 104 0
8 104 0
1 105 0
2 105 0
3 105 0
4 105 0
12 105 0
15 105 0
16 105 0
17 105 0
1 106 0
2 106 0
9 106 0
13 106 0
14 106 0
15 106 0
16 106 0
17 106 0
19 106 0
2 107 0
5 107 0
6 107 0
14 107 0
1 108 0
2 108 0
4 108 0
6 108 0
5 109 0
10 109 0
12 109 0
1 110 0
2 110 0
4 110 0
8 110 0
12 110 0
16 110 0
19 110 0
4 111 0
14 111 0
122 111 0
4 112 0
6 112 0
10 112 0
2 113 0
3 113 0
4 113 0
6 113 0
8 113 0
10 113 0
12 113 0
16 113 0
4 114 0
5 114 0
19 114 0
6 115 0
8 115 0
2 116 0
7 116 0
16 116 0
1 117 0
2 117 0
10 117 0
13 117 0
14 117 0
16 117 0
18 117 0
4 118 0
5 118 0
16 118 0
2 119 0
5 119 0
6 119 0
14 119 0
1 120 0
2 120 0
1 121 0
6 121 0
8 121 0
10 121 0
17 121 0
18 121 0
1 122 0
3 122 0
13 122 0
2 123 0
7 123 0
8 123 0
11 123 0
13 123 0
18 123 0
4 124 0
5 124 0
7 124 0
6 125 0
2 126 0
14 126 0
3 127 0
5 127 0
10 127 0
1 128 0
4 128 0
5 128 0
7 128 0
11 128 0
18 128 0
11 129 0
18 129 0
13 130 0
18 130 0
3 131 0
7 131 0
14 131 0
18 131 0
9 132 0
11 132 0
13 132 0
19 133 0
1 134 0
9 134 0
11 134 0
11 135 0
15 135 0
19 135 0
24 135 0
130 135 0
5 136 0
131 136 0
134 136 0
2 137 0
4 137 0
10 137 0
16 137 0
6 138 0
16 138 0
2 139 0
9 139 0
14 139 0
16 139 0
6 140 0
10 140 0
11 140 0
14 140 0
12 141 0
17 141 0
1 142 0
2 142 0
12 142 0
15 142 0
16 142 0
17 142 0
18 142 0
7 144 0
18 144 0
19 144 0
3 145 0
4 145 0
14 145 0
2 146 0
5 146 0
9 146 0
10 146 0
12 146 0
13 146 0
1 147 0
4 147 0
8 147 0
14 147 0
6 148 0
16 148 0
18 148 0
19 148 0
7 149 0
13 149 0
15 149 0
18 149 0
18 150 0
7 151 0
12 151 0
2 152 0
3 152 0
7 153 0
10 154 0
19 154 0
3 155 0
6 155 0
7 155 0
3 156 0
12 157 0
14 157 0
16 157 0
4 158 0
6 158 0
10 158 0
12 158 0
16 158 0
1 159 0
6 159 0
8 160 0
11 160 0
2 161 0
11 161 0
13 161 0
14 161 0
6 162 0
8 162 0
16 162 0
5 163 0
6 163 0
7 163 0
11 163 0
16 163 0
19 163 0
7 164 0
10 164 0
16 164 0
18 164 0
6 165 0
10 165 0
13 165 0
18 165 0
2 166 0
5 166 0
9 166 0
10 166 0
26 166 0
9 167 0
6 168 0
10 169 0
11 169 0
12 169 0
18 169 0
6 170 0
15 170 0
8 171 0
16 171 0
15 172 0
16 172 0
3 173 0
8 173 0
1 174 0
2 174 0
8 174 0
1 176 0
14 176 0
1 177 0
3 177 0
13 177 0
60 2 1
53 5 1
55 5 1
15 6 1
38 6 1
53 6 1
55 6 1
16 7 1
53 7 1
17 8 1
53 8 1
54 8 1
55 8 1
56 8 1
57 8 1
19 9 1
43 9 1
55 9 1
57 9 1
17 10 1
19 10 1
20 10 1
43 10 1
44 10 1
55 10 1
56 10 1
57 10 1
60 10 1
17 11 1
19 11 1
20 11 1
45 11 1
53 11 1
57 11 1
17 12 1
20 12 1
54 12 1
57 12 1
19 13 1
20 13 1
21 13 1
45 13 1
55 13 1
57 13 1
60 13 1
61 13 1
62 13 1
4 14 1
5 14 1
19 14 1
20 14 1
21 14 1
22 14 1
33 14 1
61 14 1
4 15 1
5 15 1
21 15 1
2 16 1
4 16 1
5 16 1
21 16 1
22 16 1
5 17 1
14 17 1
16 17 1
19 17 1
21 17 1
22 17 1
24 17 1
27 17 1
2 18 1
5 18 1
6 18 1
14 18 1
15 18 1
19 18 1
21 18 1
24 18 1
25 18 1
28 18 1
4 19 1
5 19 1
6 19 1
27 19 1
28 19 1
30 19 1
5 20 1
18 20 1
21 20 1
22 20 1
24 20 1
1 21 1
2 21 1
15 21 1
16 21 1
21 21 1
22 21 1
24 21 1
27 21 1
30 21 1
1 22 1
2 22 1
15 22 1
16 22 1
24 22 1
28 22 1
20 23 1
14 24 1
15 24 1
25 24 1
26 24 1
27 24 1
30 24 1
31 24 1
6 25 1
14 25 1
15 25 1
31 25 1
6 26 1
31 26 1
2 27 1
31 27 1
32 27 1
2 28 1
32 28 1
2 29 1
32 29 1
12 30 1
31 30 1
32 30 1
32 31 1
9 32 1
31 32 1
32 32 1
31 33 1
32 33 1
33 33 1
31 34 1
32 34 1
33 34 1
34 34 1
37 34 1
31 35 1
32 35 1
33 35 1
34 35 1
37 35 1
39 35 1
31 36 1
32 36 1
33 36 1
34 36 1
33 37 1
34 37 1
31 38 1
32 38 1
33 38 1
34 38 1
32 39 1
33 39 1
34 39 1
33 40 1
7 41 1
12 41 1
33 41 1
34 41 1
10 42 1
32 42 1
33 42 1
34 42 1
32 43 1
33 43 1
34 43 1
7 44 1
33 44 1
35 44 1
32 45 1
33 45 1
34 45 1
35 45 1
32 46 1
33 46 1
34 46 1
35 46 1
32 47 1
33 47 1
34 47 1
35 47 1
32 48 1
33 48 1
34 48 1
35 48 1
2 49 1
33 49 1
34 49 1
35 49 1
2 50 1
34 50 1
35 50 1
36 50 1
1 51 1
2 51 1
34 51 1
35 51 1
1 52 1
2 52 1
3 52 1
34 52 1
35 52 1
36 52 1
2 53 1
35 53 1
36 53 1
2 54 1
35 54 1
36 54 1
2 55 1
3 55 1
34 55 1
35 55 1
36 55 1
37 55 1
38 55 1
35 56 1
36 56 1
37 56 1
3 57 1
36 57 1
37 57 1
15 58 1
35 58 1
36 58 1
37 58 1
36 59 1
37 59 1
35 60 1
36 60 1
37 60 1
38 60 1
3 61 1
36 61 1
37 61 1
38 61 1
36 62 1
37 62 1
38 62 1
36 63 1
37 63 1
38 63 1
39 63 1
37 64 1
38 64 1
39 64 1
4 65 1
37 65 1
38 65 1
39 65 1
40 65 1
4 66 1
5 66 1
37 66 1
38 66 1
39 66 1
40 66 1
5 67 1
33 67 1
38 67 1
39 67 1
40 67 1
44 67 1
47 67 1
5 68 1
38 68 1
39 68 1
40 68 1
45 68 1
5 69 1
6 69 1
38 69 1
39 69 1
40 69 1
41 69 1
6 70 1
38 70 1
39 70 1
40 70 1
41 70 1
6 71 1
38 71 1
39 71 1
40 71 1
41 71 1
6 72 1
7 72 1
39 72 1
40 72 1
41 72 1
42 72 1
7 73 1
40 73 1
41 73 1
42 73 1
7 74 1
40 74 1
41 74 1
42 74 1
7 75 1
8 75 1
39 75 1
40 75 1
41 75 1
42 75 1
7 76 1
8 76 1
40 76 1
41 76 1
42 76 1
7 77 1
8 77 1
40 77 1
41 77 1
42 77 1
8 78 1
9 78 1
41 78 1
42 78 1
8 79 1
9 79 1
41 79 1
42 79 1
43 79 1
8 80 1
9 80 1
2 81 1
8 81 1
9 81 1
3 82 1
8 82 1
9 82 1
10 82 1
8 83 1
9 83 1
10 83 1
7 84 1
8 84 1
9 84 1
10 84 1
11 84 1
5 85 1
6 85 1
8 85 1
9 85 1
10 85 1
11 85 1
3 86 1
4 86 1
5 86 1
6 86 1
7 86 1
8 86 1
9 86 1
10 86 1
11 86 1
3 87 1
4 87 1
5 87 1
6 87 1
7 87 1
8 87 1
9 87 1
10 87 1
11 87 1
12 87 1
4 88 1
5 88 1
6 88 1
8 88 1
9 88 1
10 88 1
11 88 1
12 88 1
4 89 1
7 89 1
9 89 1
10 89 1
11 89 1
2 90 1
3 90 1
10 90 1
11 90 1
2 91 1
3 91 1
4 91 1
11 91 1
94 138 2
93 139 2
94 139 2
95 139 2
96 139 2
102 139 2
103 139 2
91 140 2
92 140 2
93 140 2
94 140 2
95 140 2
96 140 2
97 140 2
101 140 2
102 140 2
103 140 2
91 141 2
92 141 2
93 141 2
94 141 2
95 141 2
96 141 2
102 141 2
103 141 2
91 142 2
92 142 2
94 142 2
95 142 2
96 142 2
99 142 2
100 142 2
101 142 2
102 142 2
90 143 2
94 143 2
95 143 2
96 143 2
97 143 2
98 143 2
99 143 2
100 143 2
101 143 2
102 143 2
103 143 2
94 144 2
95 144 2
96 144 2
97 144 2
98 144 2
99 144 2
100 144 2
101 144 2
102 144 2
103 144 2
95 145 2
96 145 2
97 145 2
98 145 2
99 145 2
100 145 2
101 145 2
102 145 2
103 145 2
88 146 2
97 146 2
98 146 2
99 146 2
100 146 2
101 146 2
102 146 2
103 146 2
88 147 2
97 147 2
98 147 2
99 147 2
100 147 2
101 147 2
102 147 2
87 148 2
88 148 2
91 148 2
92 148 2
97 148 2
98 148 2
99 148 2
100 148 2
101 148 2
88 149 2
90 149 2
91 149 2
92 149 2
93 149 2
98 149 2
99 149 2
100 149 2
101 149 2
91 150 2
92 150 2
93 150 2
98 150 2
99 150 2
100 150 2
101 150 2
91 151 2
92 151 2
93 151 2
96 151 2
98 151 2
99 151 2
100 151 2
101 151 2
92 152 2
93 152 2
99 152 2
100 152 2
101 152 2
100 153 2
