2 1 0
3 1 0
4 1 0
18 1 0
19 1 0
20 1 0
21 1 0
22 1 0
23 1 0
1 2 0
2 2 0
3 2 0
4 2 0
5 2 0
6 2 0
7 2 0
8 2 0
10 2 0
11 2 0
13 2 0
18 2 0
19 2 0
20 2 0
21 2 0
22 2 0
23 2 0
2 3 0
3 3 0
4 3 0
5 3 0
6 3 0
7 3 0
8 3 0
11 3 0
12 3 0
13 3 0
17 3 0
19 3 0
20 3 0
21 3 0
22 3 0
23 3 0
1 4 0
2 4 0
3 4 0
4 4 0
5 4 0
6 4 0
7 4 0
8 4 0
11 4 0
12 4 0
13 4 0
18 4 0
19 4 0
20 4 0
21 4 0
22 4 0
23 4 0
24 4 0
2 5 0
3 5 0
4 5 0
5 5 0
6 5 0
7 5 0
8 5 0
9 5 0
12 5 0
13 5 0
14 5 0
15 5 0
18 5 0
19 5 0
20 5 0
21 5 0
22 5 0
23 5 0
2 6 0
3 6 0
4 6 0
5 6 0
6 6 0
7 6 0
8 6 0
9 6 0
11 6 0
12 6 0
13 6 0
14 6 0
15 6 0
18 6 0
19 6 0
20 6 0
21 6 0
22 6 0
23 6 0
28 6 0
2 7 0
3 7 0
4 7 0
5 7 0
6 7 0
7 7 0
8 7 0
9 7 0
10 7 0
11 7 0
14 7 0
15 7 0
16 7 0
18 7 0
19 7 0
20 7 0
21 7 0
22 7 0
23 7 0
2 8 0
3 8 0
4 8 0
5 8 0
6 8 0
7 8 0
8 8 0
9 8 0
10 8 0
12 8 0
13 8 0
14 8 0
15 8 0
16 8 0
17 8 0
19 8 0
20 8 0
21 8 0
22 8 0
23 8 0
2 9 0
3 9 0
4 9 0
5 9 0
6 9 0
7 9 0
8 9 0
9 9 0
11 9 0
12 9 0
13 9 0
14 9 0
19 9 0
20 9 0
21 9 0
22 9 0
23 9 0
2 10 0
3 10 0
4 10 0
5 10 0
6 10 0
7 10 0
8 10 0
9 10 0
11 10 0
12 10 0
13 10 0
14 10 0
19 10 0
20 10 0
21 10 0
22 10 0
23 10 0
4 11 0
5 11 0
6 11 0
7 11 0
8 11 0
9 11 0
11 11 0
13 11 0
17 11 0
18 11 0
19 11 0
20 11 0
21 11 0
22 11 0
23 11 0
3 12 0
4 12 0
5 12 0
6 12 0
7 12 0
8 12 0
9 12 0
10 12 0
12 12 0
13 12 0
17 12 0
18 12 0
19 12 0
20 12 0
21 12 0
22 12 0
23 12 0
3 13 0
4 13 0
5 13 0
6 13 0
7 13 0
8 13 0
9 13 0
13 13 0
14 13 0
18 13 0
19 13 0
20 13 0
21 13 0
22 13 0
23 13 0
24 13 0
2 14 0
3 14 0
4 14 0
5 14 0
6 14 0
7 14 0
8 14 0
9 14 0
14 14 0
15 14 0
16 14 0
18 14 0
19 14 0
20 14 0
21 14 0
22 14 0
23 14 0
24 14 0
28 14 0
3 15 0
4 15 0
5 15 0
6 15 0
7 15 0
8 15 0
9 15 0
10 15 0
15 15 0
16 15 0
18 15 0
19 15 0
20 15 0
21 15 0
22 15 0
23 15 0
24 15 0
3 16 0
4 16 0
5 16 0
6 16 0
7 16 0
8 16 0
9 16 0
14 16 0
18 16 0
19 16 0
20 16 0
21 16 0
22 16 0
23 16 0
24 16 0
2 17 0
3 17 0
4 17 0
5 17 0
6 17 0
7 17 0
8 17 0
9 17 0
13 17 0
15 17 0
17 17 0
19 17 0
20 17 0
21 17 0
22 17 0
23 17 0
24 17 0
2 18 0
4 18 0
5 18 0
6 18 0
7 18 0
8 18 0
9 18 0
11 18 0
12 18 0
13 18 0
17 18 0
19 18 0
20 18 0
21 18 0
22 18 0
23 18 0
24 18 0
2 19 0
5 19 0
6 19 0
7 19 0
8 19 0
9 19 0
16 19 0
18 19 0
20 19 0
21 19 0
22 19 0
23 19 0
24 19 0
2 20 0
3 20 0
4 20 0
5 20 0
6 20 0
7 20 0
8 20 0
9 20 0
14 20 0
16 20 0
17 20 0
18 20 0
20 20 0
21 20 0
22 20 0
23 20 0
24 20 0
2 21 0
3 21 0
5 21 0
6 21 0
7 21 0
8 21 0
9 21 0
16 21 0
17 21 0
18 21 0
20 21 0
21 21 0
22 21 0
23 21 0
24 21 0
2 22 0
3 22 0
5 22 0
6 22 0
7 22 0
8 22 0
9 22 0
10 22 0
20 22 0
21 22 0
22 22 0
23 22 0
24 22 0
25 22 0
5 23 0
6 23 0
7 23 0
8 23 0
9 23 0
10 23 0
14 23 0
15 23 0
16 23 0
18 23 0
20 23 0
21 23 0
22 23 0
23 23 0
24 23 0
3 24 0
5 24 0
6 24 0
7 24 0
8 24 0
9 24 0
16 24 0
18 24 0
20 24 0
21 24 0
22 24 0
23 24 0
24 24 0
25 24 0
3 25 0
5 25 0
6 25 0
7 25 0
8 25 0
9 25 0
10 25 0
16 25 0
18 25 0
21 25 0
22 25 0
23 25 0
24 25 0
25 25 0
3 26 0
5 26 0
6 26 0
7 26 0
8 26 0
9 26 0
10 26 0
14 26 0
17 26 0
20 26 0
21 26 0
22 26 0
23 26 0
24 26 0
25 26 0
3 27 0
5 27 0
6 27 0
7 27 0
8 27 0
9 27 0
10 27 0
14 27 0
17 27 0
21 27 0
22 27 0
23 27 0
24 27 0
25 27 0
5 28 0
6 28 0
7 28 0
8 28 0
9 28 0
10 28 0
14 28 0
16 28 0
21 28 0
22 28 0
23 28 0
24 28 0
25 28 0
5 29 0
6 29 0
7 29 0
8 29 0
9 29 0
10 29 0
20 29 0
21 29 0
22 29 0
23 29 0
24 29 0
25 29 0
26 29 0
4 30 0
5 30 0
6 30 0
7 30 0
8 30 0
9 30 0
10 30 0
11 30 0
13 30 0
19 30 0
20 30 0
22 30 0
23 30 0
24 30 0
25 30 0
26 30 0
5 31 0
6 31 0
7 31 0
8 31 0
9 31 0
10 31 0
15 31 0
21 31 0
22 31 0
23 31 0
24 31 0
25 31 0
26 31 0
5 32 0
6 32 0
7 32 0
8 32 0
9 32 0
10 32 0
17 32 0
21 32 0
22 32 0
23 32 0
24 32 0
25 32 0
26 32 0
4 33 0
5 33 0
6 33 0
7 33 0
8 33 0
9 33 0
10 33 0
21 33 0
22 33 0
23 33 0
24 33 0
25 33 0
26 33 0
2 34 0
4 34 0
5 34 0
6 34 0
7 34 0
8 34 0
9 34 0
10 34 0
17 34 0
21 34 0
22 34 0
23 34 0
24 34 0
25 34 0
26 34 0
27 34 0
2 35 0
4 35 0
6 35 0
7 35 0
8 35 0
9 35 0
10 35 0
17 35 0
21 35 0
22 35 0
23 35 0
24 35 0
25 35 0
26 35 0
27 35 0
3 36 0
6 36 0
7 36 0
8 36 0
9 36 0
10 36 0
11 36 0
21 36 0
22 36 0
23 36 0
24 36 0
25 36 0
26 36 0
4 37 0
5 37 0
7 37 0
8 37 0
9 37 0
10 37 0
11 37 0
12 37 0
15 37 0
16 37 0
21 37 0
22 37 0
23 37 0
24 37 0
25 37 0
26 37 0
27 37 0
7 38 0
8 38 0
9 38 0
10 38 0
11 38 0
16 38 0
22 38 0
23 38 0
24 38 0
25 38 0
26 38 0
27 38 0
7 39 0
8 39 0
9 39 0
10 39 0
11 39 0
20 39 0
22 39 0
23 39 0
24 39 0
25 39 0
26 39 0
27 39 0
7 40 0
8 40 0
9 40 0
10 40 0
11 40 0
22 40 0
23 40 0
24 40 0
25 40 0
26 40 0
27 40 0
3 41 0
7 41 0
8 41 0
9 41 0
10 41 0
11 41 0
22 41 0
23 41 0
24 41 0
25 41 0
26 41 0
27 41 0
3 42 0
4 42 0
5 42 0
7 42 0
8 42 0
9 42 0
10 42 0
11 42 0
23 42 0
24 42 0
25 42 0
26 42 0
27 42 0
7 43 0
8 43 0
9 43 0
10 43 0
11 43 0
20 43 0
21 43 0
23 43 0
24 43 0
25 43 0
26 43 0
27 43 0
2 44 0
4 44 0
7 44 0
8 44 0
9 44 0
10 44 0
11 44 0
12 44 0
23 44 0
24 44 0
25 44 0
26 44 0
27 44 0
28 44 0
6 45 0
9 45 0
10 45 0
11 45 0
12 45 0
18 45 0
23 45 0
24 45 0
25 45 0
26 45 0
27 45 0
28 45 0
6 46 0
9 46 0
10 46 0
11 46 0
12 46 0
19 46 0
20 46 0
23 46 0
24 46 0
25 46 0
26 46 0
27 46 0
28 46 0
6 47 0
10 47 0
11 47 0
12 47 0
23 47 0
24 47 0
25 47 0
26 47 0
27 47 0
6 48 0
9 48 0
10 48 0
11 48 0
12 48 0
23 48 0
24 48 0
25 48 0
26 48 0
27 48 0
28 48 0
4 49 0
6 49 0
7 49 0
8 49 0
9 49 0
10 49 0
11 49 0
12 49 0
24 49 0
25 49 0
26 49 0
27 49 0
28 49 0
6 50 0
7 50 0
11 50 0
12 50 0
24 50 0
25 50 0
26 50 0
27 50 0
28 50 0
29 50 0
2 51 0
7 51 0
8 51 0
12 51 0
13 51 0
22 51 0
24 51 0
25 51 0
26 51 0
27 51 0
28 51 0
4 52 0
9 52 0
10 52 0
11 52 0
12 52 0
22 52 0
24 52 0
25 52 0
26 52 0
27 52 0
28 52 0
29 52 0
9 53 0
10 53 0
11 53 0
12 53 0
13 53 0
24 53 0
25 53 0
26 53 0
27 53 0
28 53 0
29 53 0
10 54 0
11 54 0
12 54 0
13 54 0
24 54 0
25 54 0
26 54 0
27 54 0
28 54 0
29 54 0
30 54 0
3 55 0
10 55 0
11 55 0
12 55 0
13 55 0
20 55 0
25 55 0
26 55 0
27 55 0
28 55 0
29 55 0
30 55 0
9 56 0
10 56 0
11 56 0
13 56 0
25 56 0
26 56 0
27 56 0
28 56 0
29 56 0
30 56 0
7 57 0
9 57 0
10 57 0
12 57 0
13 57 0
20 57 0
25 57 0
26 57 0
27 57 0
28 57 0
29 57 0
30 57 0
9 58 0
10 58 0
12 58 0
13 58 0
19 58 0
24 58 0
25 58 0
26 58 0
27 58 0
28 58 0
29 58 0
30 58 0
6 59 0
7 59 0
9 59 0
10 59 0
11 59 0
12 59 0
13 59 0
14 59 0
26 59 0
27 59 0
28 59 0
29 59 0
30 59 0
11 60 0
12 60 0
13 60 0
14 60 0
25 60 0
26 60 0
27 60 0
28 60 0
29 60 0
30 60 0
5 61 0
6 61 0
11 61 0
12 61 0
13 61 0
14 61 0
25 61 0
26 61 0
27 61 0
28 61 0
29 61 0
30 61 0
12 62 0
13 62 0
14 62 0
19 62 0
21 62 0
25 62 0
27 62 0
28 62 0
29 62 0
30 62 0
31 62 0
52 62 0
53 62 0
2 63 0
6 63 0
7 63 0
8 63 0
10 63 0
14 63 0
25 63 0
27 63 0
28 63 0
29 63 0
30 63 0
31 63 0
52 63 0
53 63 0
9 64 0
10 64 0
11 64 0
12 64 0
14 64 0
15 64 0
23 64 0
27 64 0
28 64 0
29 64 0
30 64 0
31 64 0
52 64 0
53 64 0
54 64 0
12 65 0
13 65 0
14 65 0
15 65 0
16 65 0
17 65 0
18 65 0
27 65 0
28 65 0
29 65 0
30 65 0
31 65 0
52 65 0
53 65 0
54 65 0
13 66 0
14 66 0
15 66 0
16 66 0
17 66 0
18 66 0
19 66 0
20 66 0
21 66 0
22 66 0
23 66 0
27 66 0
28 66 0
29 66 0
30 66 0
31 66 0
50 66 0
52 66 0
53 66 0
54 66 0
13 67 0
14 67 0
15 67 0
16 67 0
17 67 0
18 67 0
20 67 0
21 67 0
22 67 0
23 67 0
24 67 0
25 67 0
26 67 0
27 67 0
28 67 0
29 67 0
30 67 0
31 67 0
32 67 0
47 67 0
53 67 0
54 67 0
13 68 0
14 68 0
15 68 0
16 68 0
17 68 0
18 68 0
19 68 0
20 68 0
21 68 0
22 68 0
23 68 0
27 68 0
28 68 0
29 68 0
30 68 0
31 68 0
32 68 0
33 68 0
34 68 0
43 68 0
2 69 0
7 69 0
11 69 0
14 69 0
15 69 0
16 69 0
17 69 0
18 69 0
19 69 0
20 69 0
21 69 0
22 69 0
23 69 0
24 69 0
27 69 0
29 69 0
30 69 0
31 69 0
32 69 0
33 69 0
34 69 0
4 70 0
6 70 0
7 70 0
11 70 0
13 70 0
14 70 0
15 70 0
16 70 0
20 70 0
21 70 0
22 70 0
23 70 0
24 70 0
25 70 0
26 70 0
27 70 0
28 70 0
29 70 0
30 70 0
31 70 0
32 70 0
33 70 0
34 70 0
35 70 0
5 71 0
6 71 0
8 71 0
9 71 0
11 71 0
13 71 0
14 71 0
15 71 0
16 71 0
20 71 0
21 71 0
25 71 0
29 71 0
30 71 0
31 71 0
32 71 0
33 71 0
34 71 0
4 72 0
5 72 0
8 72 0
13 72 0
14 72 0
15 72 0
28 72 0
29 72 0
30 72 0
31 72 0
32 72 0
33 72 0
34 72 0
35 72 0
38 72 0
4 73 0
12 73 0
13 73 0
14 73 0
30 73 0
31 73 0
32 73 0
33 73 0
34 73 0
35 73 0
36 73 0
38 73 0
39 73 0
44 73 0
4 74 0
11 74 0
12 74 0
34 74 0
44 74 0
2 75 0
3 75 0
9 75 0
10 75 0
11 75 0
30 75 0
56 75 0
61 75 0
8 76 0
9 76 0
12 76 0
16 76 0
29 76 0
30 76 0
31 76 0
3 77 0
4 77 0
5 77 0
6 77 0
7 77 0
8 77 0
9 77 0
11 77 0
15 77 0
16 77 0
30 77 0
31 77 0
3 78 0
5 78 0
6 78 0
7 78 0
15 78 0
16 78 0
17 78 0
31 78 0
3 79 0
4 79 0
5 79 0
6 79 0
17 79 0
18 79 0
19 79 0
30 79 0
31 79 0
32 79 0
33 79 0
3 80 0
4 80 0
5 80 0
6 80 0
32 80 0
3 81 0
4 81 0
29 81 0
32 81 0
33 81 0
3 82 0
18 82 0
31 82 0
33 82 0
46 82 0
7 83 0
13 83 0
26 83 0
27 83 0
33 83 0
26 84 0
27 84 0
28 84 0
1 85 0
14 85 0
21 85 0
22 85 0
23 85 0
26 85 0
27 85 0
30 85 0
20 86 0
21 86 0
22 86 0
24 86 0
28 86 0
31 86 0
32 86 0
33 86 0
34 86 0
35 86 0
20 87 0
21 87 0
27 87 0
32 87 0
34 87 0
38 87 0
17 92 0
14 95 0
45 1 1
47 1 1
48 1 1
49 1 1
50 1 1
52 1 1
63 1 1
64 1 1
66 1 1
67 1 1
69 1 1
72 1 1
73 1 1
74 1 1
75 1 1
125 1 1
126 1 1
140 1 1
141 1 1
142 1 1
143 1 1
144 1 1
145 1 1
146 1 1
147 1 1
148 1 1
149 1 1
152 1 1
39 2 1
40 2 1
45 2 1
46 2 1
47 2 1
48 2 1
49 2 1
52 2 1
53 2 1
61 2 1
62 2 1
63 2 1
64 2 1
66 2 1
71 2 1
124 2 1
125 2 1
126 2 1
139 2 1
140 2 1
141 2 1
142 2 1
143 2 1
144 2 1
145 2 1
146 2 1
147 2 1
148 2 1
149 2 1
150 2 1
151 2 1
154 2 1
45 3 1
47 3 1
48 3 1
49 3 1
50 3 1
52 3 1
53 3 1
69 3 1
71 3 1
73 3 1
124 3 1
125 3 1
126 3 1
138 3 1
139 3 1
140 3 1
141 3 1
142 3 1
143 3 1
144 3 1
145 3 1
146 3 1
147 3 1
148 3 1
149 3 1
150 3 1
154 3 1
156 3 1
45 4 1
47 4 1
48 4 1
53 4 1
69 4 1
70 4 1
72 4 1
124 4 1
125 4 1
126 4 1
138 4 1
140 4 1
141 4 1
142 4 1
143 4 1
144 4 1
145 4 1
146 4 1
147 4 1
148 4 1
149 4 1
150 4 1
151 4 1
152 4 1
47 5 1
48 5 1
52 5 1
53 5 1
61 5 1
66 5 1
67 5 1
68 5 1
126 5 1
138 5 1
139 5 1
140 5 1
141 5 1
142 5 1
143 5 1
144 5 1
145 5 1
146 5 1
147 5 1
148 5 1
149 5 1
150 5 1
151 5 1
152 5 1
153 5 1
154 5 1
155 5 1
156 5 1
40 6 1
52 6 1
53 6 1
62 6 1
63 6 1
66 6 1
79 6 1
80 6 1
126 6 1
133 6 1
136 6 1
137 6 1
138 6 1
139 6 1
140 6 1
141 6 1
142 6 1
143 6 1
144 6 1
145 6 1
146 6 1
147 6 1
148 6 1
149 6 1
150 6 1
151 6 1
152 6 1
153 6 1
154 6 1
155 6 1
158 6 1
48 7 1
59 7 1
80 7 1
126 7 1
133 7 1
139 7 1
140 7 1
141 7 1
142 7 1
143 7 1
144 7 1
145 7 1
146 7 1
147 7 1
148 7 1
149 7 1
150 7 1
151 7 1
152 7 1
153 7 1
154 7 1
161 7 1
162 7 1
75 8 1
132 8 1
135 8 1
140 8 1
141 8 1
142 8 1
143 8 1
144 8 1
145 8 1
146 8 1
147 8 1
148 8 1
149 8 1
150 8 1
151 8 1
152 8 1
153 8 1
154 8 1
155 8 1
158 8 1
76 9 1
126 9 1
134 9 1
137 9 1
138 9 1
139 9 1
140 9 1
141 9 1
142 9 1
143 9 1
144 9 1
145 9 1
146 9 1
147 9 1
148 9 1
149 9 1
150 9 1
151 9 1
152 9 1
153 9 1
154 9 1
156 9 1
157 9 1
41 10 1
125 10 1
126 10 1
128 10 1
135 10 1
137 10 1
139 10 1
140 10 1
141 10 1
142 10 1
143 10 1
144 10 1
145 10 1
146 10 1
147 10 1
148 10 1
149 10 1
150 10 1
151 10 1
152 10 1
153 10 1
154 10 1
155 10 1
156 10 1
41 11 1
123 11 1
124 11 1
125 11 1
126 11 1
127 11 1
129 11 1
137 11 1
138 11 1
139 11 1
140 11 1
141 11 1
142 11 1
143 11 1
144 11 1
145 11 1
146 11 1
147 11 1
148 11 1
149 11 1
150 11 1
151 11 1
152 11 1
153 11 1
154 11 1
155 11 1
156 11 1
40 12 1
41 12 1
46 12 1
123 12 1
124 12 1
125 12 1
126 12 1
127 12 1
128 12 1
137 12 1
138 12 1
139 12 1
140 12 1
141 12 1
142 12 1
143 12 1
144 12 1
145 12 1
146 12 1
147 12 1
148 12 1
149 12 1
150 12 1
151 12 1
152 12 1
153 12 1
154 12 1
155 12 1
156 12 1
157 12 1
158 12 1
159 12 1
59 13 1
60 13 1
123 13 1
124 13 1
130 13 1
137 13 1
138 13 1
139 13 1
140 13 1
141 13 1
142 13 1
143 13 1
144 13 1
145 13 1
146 13 1
147 13 1
148 13 1
149 13 1
150 13 1
151 13 1
152 13 1
153 13 1
154 13 1
155 13 1
156 13 1
157 13 1
158 13 1
159 13 1
164 13 1
59 14 1
60 14 1
80 14 1
122 14 1
123 14 1
124 14 1
127 14 1
128 14 1
130 14 1
132 14 1
133 14 1
134 14 1
137 14 1
138 14 1
139 14 1
140 14 1
141 14 1
142 14 1
143 14 1
144 14 1
145 14 1
146 14 1
147 14 1
148 14 1
149 14 1
150 14 1
151 14 1
152 14 1
153 14 1
154 14 1
155 14 1
156 14 1
157 14 1
158 14 1
40 15 1
51 15 1
79 15 1
117 15 1
122 15 1
123 15 1
126 15 1
127 15 1
129 15 1
130 15 1
135 15 1
136 15 1
137 15 1
138 15 1
139 15 1
140 15 1
141 15 1
142 15 1
143 15 1
144 15 1
145 15 1
146 15 1
147 15 1
148 15 1
149 15 1
150 15 1
151 15 1
152 15 1
153 15 1
154 15 1
155 15 1
156 15 1
157 15 1
161 15 1
163 15 1
44 16 1
73 16 1
80 16 1
123 16 1
124 16 1
125 16 1
126 16 1
127 16 1
128 16 1
129 16 1
130 16 1
134 16 1
138 16 1
139 16 1
140 16 1
141 16 1
142 16 1
143 16 1
144 16 1
145 16 1
146 16 1
147 16 1
148 16 1
149 16 1
150 16 1
152 16 1
153 16 1
155 16 1
156 16 1
159 16 1
161 16 1
163 16 1
44 17 1
48 17 1
80 17 1
123 17 1
124 17 1
125 17 1
127 17 1
129 17 1
130 17 1
141 17 1
143 17 1
144 17 1
145 17 1
146 17 1
147 17 1
148 17 1
149 17 1
150 17 1
151 17 1
152 17 1
153 17 1
156 17 1
160 17 1
163 17 1
166 17 1
42 18 1
43 18 1
44 18 1
47 18 1
49 18 1
131 18 1
141 18 1
143 18 1
145 18 1
146 18 1
147 18 1
148 18 1
149 18 1
150 18 1
151 18 1
152 18 1
153 18 1
157 18 1
163 18 1
164 18 1
33 19 1
34 19 1
40 19 1
44 19 1
81 19 1
131 19 1
142 19 1
143 19 1
146 19 1
147 19 1
148 19 1
149 19 1
150 19 1
151 19 1
152 19 1
35 20 1
40 20 1
41 20 1
43 20 1
44 20 1
78 20 1
121 20 1
122 20 1
130 20 1
142 20 1
147 20 1
148 20 1
149 20 1
150 20 1
151 20 1
154 20 1
156 20 1
161 20 1
162 20 1
173 20 1
36 21 1
40 21 1
44 21 1
79 21 1
80 21 1
121 21 1
122 21 1
146 21 1
149 21 1
150 21 1
151 21 1
170 21 1
173 21 1
58 22 1
80 22 1
126 22 1
127 22 1
141 22 1
142 22 1
143 22 1
146 22 1
147 22 1
149 22 1
150 22 1
151 22 1
154 22 1
155 22 1
156 22 1
168 22 1
54 23 1
56 23 1
57 23 1
58 23 1
59 23 1
79 23 1
125 23 1
126 23 1
148 23 1
150 23 1
125 24 1
126 24 1
127 24 1
138 24 1
158 24 1
81 25 1
119 25 1
120 25 1
125 25 1
126 25 1
127 25 1
156 25 1
158 25 1
159 25 1
167 25 1
110 26 1
118 26 1
119 26 1
120 26 1
126 26 1
158 26 1
159 26 1
167 26 1
118 27 1
119 27 1
120 27 1
125 27 1
126 27 1
127 27 1
144 27 1
42 28 1
45 28 1
68 28 1
126 28 1
127 28 1
128 28 1
41 29 1
42 29 1
43 29 1
44 29 1
45 29 1
46 29 1
110 29 1
118 29 1
119 29 1
126 29 1
127 29 1
128 29 1
39 30 1
41 30 1
42 30 1
44 30 1
45 30 1
46 30 1
106 30 1
117 30 1
118 30 1
119 30 1
124 30 1
125 30 1
126 30 1
127 30 1
128 30 1
136 30 1
118 31 1
119 31 1
125 31 1
126 31 1
127 31 1
81 32 1
117 32 1
118 32 1
126 32 1
127 32 1
132 32 1
135 32 1
76 33 1
81 33 1
116 33 1
117 33 1
118 33 1
131 33 1
132 33 1
135 33 1
106 34 1
107 34 1
116 34 1
117 34 1
118 34 1
130 34 1
131 34 1
132 34 1
135 34 1
59 35 1
79 35 1
80 35 1
81 35 1
82 35 1
107 35 1
115 35 1
116 35 1
117 35 1
118 35 1
130 35 1
131 35 1
132 35 1
134 35 1
135 35 1
81 36 1
82 36 1
114 36 1
115 36 1
116 36 1
117 36 1
130 36 1
131 36 1
132 36 1
133 36 1
135 36 1
81 37 1
114 37 1
115 37 1
116 37 1
117 37 1
132 37 1
133 37 1
134 37 1
135 37 1
147 37 1
173 37 1
81 38 1
82 38 1
115 38 1
116 38 1
132 38 1
81 39 1
82 39 1
83 39 1
115 39 1
116 39 1
129 39 1
138 39 1
139 39 1
181 39 1
80 40 1
81 40 1
82 40 1
83 40 1
115 40 1
147 40 1
148 40 1
83 41 1
137 41 1
83 42 1
114 42 1
115 42 1
135 42 1
137 42 1
138 42 1
167 42 1
82 43 1
83 43 1
114 43 1
136 43 1
176 43 1
81 44 1
83 44 1
113 44 1
114 44 1
138 44 1
158 44 1
167 44 1
168 44 1
82 45 1
83 45 1
113 45 1
114 45 1
83 46 1
112 46 1
113 46 1
114 46 1
82 47 1
84 47 1
85 47 1
109 47 1
112 47 1
113 47 1
114 47 1
115 47 1
83 48 1
84 48 1
93 48 1
109 48 1
110 48 1
114 48 1
115 48 1
123 48 1
160 48 1
162 48 1
176 48 1
84 49 1
85 49 1
93 49 1
102 49 1
104 49 1
105 49 1
107 49 1
109 49 1
110 49 1
113 49 1
114 49 1
123 49 1
127 49 1
139 49 1
177 49 1
84 50 1
85 50 1
102 50 1
104 50 1
105 50 1
107 50 1
108 50 1
109 50 1
110 50 1
122 50 1
123 50 1
124 50 1
127 50 1
128 50 1
138 50 1
152 50 1
160 50 1
169 50 1
84 51 1
98 51 1
99 51 1
102 51 1
103 51 1
104 51 1
106 51 1
107 51 1
108 51 1
109 51 1
110 51 1
121 51 1
122 51 1
124 51 1
126 51 1
127 51 1
128 51 1
138 51 1
152 51 1
174 51 1
84 52 1
85 52 1
91 52 1
94 52 1
98 52 1
99 52 1
100 52 1
102 52 1
103 52 1
104 52 1
105 52 1
106 52 1
107 52 1
108 52 1
109 52 1
110 52 1
120 52 1
126 52 1
127 52 1
81 53 1
84 53 1
85 53 1
88 53 1
89 53 1
90 53 1
91 53 1
93 53 1
94 53 1
101 53 1
103 53 1
104 53 1
105 53 1
106 53 1
107 53 1
108 53 1
109 53 1
110 53 1
113 53 1
118 53 1
119 53 1
120 53 1
123 53 1
126 53 1
127 53 1
83 54 1
84 54 1
85 54 1
91 54 1
93 54 1
94 54 1
105 54 1
106 54 1
107 54 1
108 54 1
109 54 1
110 54 1
114 54 1
115 54 1
117 54 1
118 54 1
119 54 1
126 54 1
128 54 1
142 54 1
159 54 1
170 54 1
82 55 1
83 55 1
84 55 1
85 55 1
86 55 1
91 55 1
95 55 1
102 55 1
103 55 1
105 55 1
106 55 1
107 55 1
108 55 1
109 55 1
112 55 1
115 55 1
116 55 1
119 55 1
122 55 1
175 55 1
82 56 1
83 56 1
84 56 1
85 56 1
86 56 1
89 56 1
90 56 1
91 56 1
93 56 1
94 56 1
95 56 1
105 56 1
106 56 1
107 56 1
108 56 1
134 56 1
157 56 1
82 57 1
83 57 1
84 57 1
85 57 1
86 57 1
89 57 1
92 57 1
93 57 1
105 57 1
106 57 1
107 57 1
113 57 1
141 57 1
173 57 1
175 57 1
83 58 1
84 58 1
92 58 1
93 58 1
104 58 1
180 58 1
82 59 1
83 59 1
84 59 1
92 59 1
177 59 1
84 60 1
105 60 1
105 61 1
101 62 1
136 62 1
119 63 1
137 63 1
102 64 1
90 65 1
93 65 1
98 65 1
112 65 1
113 65 1
93 66 1
82 68 1
84 68 1
78 70 1
56 76 1
69 99 2
70 99 2
71 99 2
68 100 2
69 100 2
70 100 2
71 100 2
72 100 2
73 100 2
75 100 2
76 100 2
77 100 2
78 100 2
79 100 2
66 101 2
67 101 2
68 101 2
69 101 2
70 101 2
71 101 2
72 101 2
73 101 2
74 101 2
75 101 2
76 101 2
77 101 2
64 102 2
66 102 2
67 102 2
68 102 2
69 102 2
70 102 2
71 102 2
72 102 2
73 102 2
74 102 2
75 102 2
76 102 2
77 102 2
7 103 2
9 103 2
63 103 2
64 103 2
65 103 2
66 103 2
67 103 2
68 103 2
69 103 2
70 103 2
71 103 2
72 103 2
73 103 2
74 103 2
75 103 2
76 103 2
77 103 2
62 104 2
63 104 2
64 104 2
65 104 2
66 104 2
67 104 2
68 104 2
69 104 2
70 104 2
71 104 2
72 104 2
73 104 2
74 104 2
75 104 2
76 104 2
77 104 2
78 104 2
2 105 2
63 105 2
64 105 2
65 105 2
66 105 2
67 105 2
68 105 2
69 105 2
70 105 2
71 105 2
72 105 2
73 105 2
74 105 2
75 105 2
76 105 2
77 105 2
1 106 2
16 106 2
64 106 2
65 106 2
66 106 2
67 106 2
68 106 2
69 106 2
70 106 2
71 106 2
72 106 2
73 106 2
74 106 2
75 106 2
76 106 2
12 107 2
16 107 2
65 107 2
66 107 2
67 107 2
68 107 2
71 107 2
72 107 2
73 107 2
74 107 2
75 107 2
76 107 2
5 108 2
16 108 2
65 108 2
66 108 2
67 108 2
68 108 2
73 108 2
76 108 2
3 109 2
6 109 2
66 109 2
67 109 2
68 109 2
73 109 2
74 109 2
3 110 2
13 110 2
16 110 2
74 110 2
3 111 2
4 111 2
5 111 2
7 111 2
8 111 2
9 111 2
10 111 2
11 111 2
13 111 2
14 111 2
16 111 2
2 112 2
3 112 2
4 112 2
5 112 2
6 112 2
7 112 2
8 112 2
9 112 2
11 112 2
3 113 2
4 113 2
5 113 2
6 113 2
8 113 2
2 114 2
3 114 2
5 114 2
6 114 2
7 114 2
3 115 2
6 115 2
7 115 2
10 115 2
17 115 2
18 115 2
4 116 2
7 116 2
8 116 2
9 116 2
3 117 2
4 117 2
7 117 2
8 117 2
3 118 2
4 118 2
6 118 2
7 118 2
8 118 2
9 118 2
18 118 2
3 119 2
4 119 2
5 119 2
6 119 2
8 119 2
11 119 2
17 119 2
3 120 2
4 120 2
9 120 2
11 120 2
17 120 2
4 121 2
5 121 2
9 121 2
4 122 2
5 122 2
9 122 2
17 122 2
18 122 2
2 123 2
9 123 2
4 124 2
5 124 2
8 124 2
9 124 2
4 125 2
5 125 2
8 125 2
10 125 2
12 125 2
14 125 2
8 126 2
9 126 2
10 126 2
12 126 2
14 126 2
4 127 2
10 127 2
12 127 2
13 127 2
2 128 2
6 128 2
9 128 2
13 128 2
8 129 2
9 129 2
21 129 2
3 130 2
4 130 2
13 130 2
10 131 2
11 131 2
2 132 2
16 133 2
8 134 2
2 136 2
4 136 2
6 136 2
2 137 2
9 137 2
20 142 2
9 143 2
3 144 2
4 147 2
11 151 2
9 164 2
13 173 2
