2 1 0
9 1 0
10 1 0
11 1 0
15 1 0
21 1 0
22 1 0
23 1 0
24 1 0
25 1 0
37 1 0
38 1 0
39 1 0
8 2 0
9 2 0
10 2 0
11 2 0
12 2 0
13 2 0
14 2 0
15 2 0
16 2 0
20 2 0
22 2 0
23 2 0
24 2 0
25 2 0
26 2 0
27 2 0
28 2 0
29 2 0
31 2 0
37 2 0
38 2 0
39 2 0
40 2 0
41 2 0
42 2 0
3 3 0
9 3 0
10 3 0
11 3 0
12 3 0
13 3 0
14 3 0
15 3 0
16 3 0
18 3 0
21 3 0
23 3 0
24 3 0
25 3 0
26 3 0
27 3 0
28 3 0
29 3 0
30 3 0
36 3 0
37 3 0
38 3 0
39 3 0
40 3 0
41 3 0
42 3 0
43 3 0
9 4 0
10 4 0
11 4 0
12 4 0
13 4 0
14 4 0
15 4 0
16 4 0
21 4 0
23 4 0
24 4 0
25 4 0
26 4 0
27 4 0
28 4 0
29 4 0
30 4 0
31 4 0
32 4 0
33 4 0
36 4 0
37 4 0
38 4 0
39 4 0
40 4 0
41 4 0
42 4 0
43 4 0
44 4 0
45 4 0
86 4 0
10 5 0
11 5 0
12 5 0
13 5 0
14 5 0
15 5 0
17 5 0
18 5 0
19 5 0
22 5 0
23 5 0
24 5 0
25 5 0
26 5 0
27 5 0
28 5 0
29 5 0
30 5 0
31 5 0
34 5 0
37 5 0
38 5 0
39 5 0
40 5 0
41 5 0
42 5 0
43 5 0
44 5 0
45 5 0
64 5 0
83 5 0
86 5 0
88 5 0
9 6 0
10 6 0
11 6 0
12 6 0
13 6 0
15 6 0
23 6 0
24 6 0
25 6 0
26 6 0
27 6 0
28 6 0
29 6 0
30 6 0
35 6 0
36 6 0
37 6 0
38 6 0
39 6 0
40 6 0
41 6 0
42 6 0
43 6 0
44 6 0
45 6 0
46 6 0
58 6 0
59 6 0
64 6 0
73 6 0
90 6 0
91 6 0
9 7 0
11 7 0
12 7 0
13 7 0
14 7 0
19 7 0
22 7 0
23 7 0
24 7 0
25 7 0
26 7 0
27 7 0
28 7 0
29 7 0
30 7 0
32 7 0
33 7 0
36 7 0
37 7 0
38 7 0
39 7 0
40 7 0
41 7 0
42 7 0
43 7 0
44 7 0
45 7 0
46 7 0
72 7 0
73 7 0
90 7 0
14 8 0
15 8 0
19 8 0
23 8 0
24 8 0
25 8 0
26 8 0
27 8 0
28 8 0
29 8 0
30 8 0
35 8 0
36 8 0
37 8 0
38 8 0
39 8 0
40 8 0
41 8 0
42 8 0
43 8 0
44 8 0
71 8 0
72 8 0
82 8 0
83 8 0
84 8 0
85 8 0
91 8 0
8 9 0
9 9 0
10 9 0
13 9 0
14 9 0
17 9 0
19 9 0
21 9 0
23 9 0
24 9 0
25 9 0
26 9 0
27 9 0
28 9 0
29 9 0
30 9 0
32 9 0
33 9 0
37 9 0
38 9 0
39 9 0
40 9 0
41 9 0
42 9 0
43 9 0
44 9 0
45 9 0
70 9 0
73 9 0
85 9 0
3 10 0
12 10 0
13 10 0
14 10 0
18 10 0
21 10 0
22 10 0
23 10 0
24 10 0
25 10 0
26 10 0
27 10 0
28 10 0
29 10 0
30 10 0
32 10 0
34 10 0
36 10 0
37 10 0
38 10 0
39 10 0
40 10 0
41 10 0
42 10 0
43 10 0
44 10 0
52 10 0
59 10 0
66 10 0
85 10 0
10 11 0
13 11 0
14 11 0
15 11 0
16 11 0
21 11 0
22 11 0
23 11 0
24 11 0
25 11 0
26 11 0
27 11 0
28 11 0
29 11 0
37 11 0
38 11 0
39 11 0
40 11 0
41 11 0
42 11 0
43 11 0
52 11 0
66 11 0
73 11 0
78 11 0
85 11 0
94 11 0
9 12 0
10 12 0
12 12 0
13 12 0
19 12 0
21 12 0
22 12 0
23 12 0
24 12 0
25 12 0
26 12 0
27 12 0
28 12 0
29 12 0
30 12 0
31 12 0
34 12 0
36 12 0
37 12 0
38 12 0
39 12 0
40 12 0
41 12 0
42 12 0
43 12 0
61 12 0
62 12 0
73 12 0
78 12 0
9 13 0
10 13 0
11 13 0
13 13 0
14 13 0
17 13 0
18 13 0
23 13 0
24 13 0
25 13 0
26 13 0
27 13 0
28 13 0
29 13 0
30 13 0
31 13 0
32 13 0
37 13 0
38 13 0
39 13 0
40 13 0
41 13 0
42 13 0
43 13 0
61 13 0
74 13 0
78 13 0
86 13 0
9 14 0
11 14 0
13 14 0
17 14 0
21 14 0
22 14 0
23 14 0
24 14 0
25 14 0
26 14 0
27 14 0
28 14 0
29 14 0
32 14 0
33 14 0
34 14 0
37 14 0
38 14 0
39 14 0
40 14 0
41 14 0
42 14 0
43 14 0
44 14 0
61 14 0
62 14 0
64 14 0
88 14 0
93 14 0
94 14 0
3 15 0
9 15 0
10 15 0
11 15 0
12 15 0
13 15 0
14 15 0
19 15 0
21 15 0
22 15 0
23 15 0
24 15 0
25 15 0
26 15 0
27 15 0
28 15 0
29 15 0
34 15 0
35 15 0
36 15 0
37 15 0
38 15 0
39 15 0
40 15 0
41 15 0
42 15 0
43 15 0
44 15 0
62 15 0
74 15 0
96 15 0
10 16 0
11 16 0
20 16 0
23 16 0
24 16 0
25 16 0
26 16 0
27 16 0
28 16 0
29 16 0
32 16 0
36 16 0
37 16 0
38 16 0
39 16 0
40 16 0
41 16 0
42 16 0
43 16 0
44 16 0
89 16 0
97 16 0
10 17 0
11 17 0
12 17 0
14 17 0
22 17 0
23 17 0
24 17 0
25 17 0
26 17 0
27 17 0
28 17 0
29 17 0
33 17 0
34 17 0
37 17 0
38 17 0
39 17 0
40 17 0
41 17 0
42 17 0
43 17 0
44 17 0
96 17 0
11 18 0
14 18 0
15 18 0
16 18 0
21 18 0
22 18 0
23 18 0
24 18 0
25 18 0
26 18 0
27 18 0
28 18 0
29 18 0
34 18 0
37 18 0
38 18 0
39 18 0
40 18 0
41 18 0
42 18 0
43 18 0
54 18 0
67 18 0
8 19 0
13 19 0
14 19 0
16 19 0
22 19 0
23 19 0
24 19 0
25 19 0
26 19 0
27 19 0
28 19 0
29 19 0
37 19 0
38 19 0
39 19 0
40 19 0
41 19 0
42 19 0
43 19 0
44 19 0
60 19 0
61 19 0
8 20 0
10 20 0
11 20 0
13 20 0
18 20 0
22 20 0
23 20 0
24 20 0
25 20 0
26 20 0
27 20 0
28 20 0
29 20 0
30 20 0
31 20 0
35 20 0
36 20 0
37 20 0
38 20 0
39 20 0
40 20 0
41 20 0
42 20 0
43 20 0
44 20 0
60 20 0
61 20 0
94 20 0
10 21 0
13 21 0
16 21 0
18 21 0
19 21 0
23 21 0
24 21 0
25 21 0
26 21 0
27 21 0
28 21 0
32 21 0
37 21 0
38 21 0
39 21 0
40 21 0
41 21 0
42 21 0
43 21 0
94 21 0
10 22 0
20 22 0
23 22 0
24 22 0
25 22 0
26 22 0
27 22 0
28 22 0
35 22 0
37 22 0
38 22 0
39 22 0
40 22 0
41 22 0
42 22 0
43 22 0
60 22 0
61 22 0
63 22 0
64 22 0
67 22 0
8 23 0
10 23 0
20 23 0
23 23 0
24 23 0
25 23 0
26 23 0
27 23 0
28 23 0
31 23 0
35 23 0
37 23 0
38 23 0
39 23 0
40 23 0
41 23 0
42 23 0
43 23 0
63 23 0
64 23 0
66 23 0
67 23 0
96 23 0
97 23 0
11 24 0
13 24 0
21 24 0
22 24 0
23 24 0
24 24 0
25 24 0
26 24 0
27 24 0
28 24 0
37 24 0
38 24 0
39 24 0
40 24 0
41 24 0
42 24 0
43 24 0
44 24 0
67 24 0
68 24 0
94 24 0
96 24 0
14 25 0
22 25 0
23 25 0
24 25 0
25 25 0
26 25 0
27 25 0
28 25 0
31 25 0
32 25 0
34 25 0
37 25 0
38 25 0
39 25 0
40 25 0
41 25 0
42 25 0
43 25 0
96 25 0
2 26 0
8 26 0
13 26 0
14 26 0
23 26 0
24 26 0
25 26 0
26 26 0
27 26 0
28 26 0
35 26 0
37 26 0
38 26 0
39 26 0
40 26 0
41 26 0
42 26 0
43 26 0
96 26 0
9 27 0
10 27 0
11 27 0
12 27 0
18 27 0
19 27 0
23 27 0
24 27 0
25 27 0
26 27 0
27 27 0
28 27 0
29 27 0
36 27 0
37 27 0
38 27 0
39 27 0
40 27 0
41 27 0
42 27 0
43 27 0
66 27 0
98 27 0
19 28 0
22 28 0
24 28 0
25 28 0
26 28 0
27 28 0
28 28 0
36 28 0
37 28 0
38 28 0
39 28 0
40 28 0
41 28 0
42 28 0
43 28 0
97 28 0
10 29 0
12 29 0
22 29 0
23 29 0
24 29 0
25 29 0
26 29 0
27 29 0
28 29 0
31 29 0
37 29 0
38 29 0
39 29 0
40 29 0
41 29 0
42 29 0
43 29 0
1 30 0
2 30 0
10 30 0
19 30 0
23 30 0
24 30 0
25 30 0
26 30 0
27 30 0
28 30 0
38 30 0
39 30 0
40 30 0
41 30 0
42 30 0
43 30 0
59 30 0
64 30 0
2 31 0
9 31 0
12 31 0
13 31 0
18 31 0
23 31 0
24 31 0
25 31 0
26 31 0
27 31 0
28 31 0
37 31 0
38 31 0
39 31 0
40 31 0
41 31 0
42 31 0
43 31 0
95 31 0
2 32 0
10 32 0
11 32 0
12 32 0
13 32 0
18 32 0
23 32 0
24 32 0
25 32 0
26 32 0
27 32 0
28 32 0
38 32 0
39 32 0
40 32 0
41 32 0
42 32 0
43 32 0
61 32 0
77 32 0
11 33 0
12 33 0
13 33 0
14 33 0
20 33 0
23 33 0
24 33 0
25 33 0
26 33 0
27 33 0
28 33 0
34 33 0
36 33 0
38 33 0
39 33 0
40 33 0
41 33 0
42 33 0
43 33 0
93 33 0
96 33 0
98 33 0
2 34 0
11 34 0
12 34 0
24 34 0
25 34 0
26 34 0
27 34 0
28 34 0
29 34 0
37 34 0
38 34 0
39 34 0
40 34 0
41 34 0
42 34 0
43 34 0
95 34 0
11 35 0
24 35 0
25 35 0
26 35 0
27 35 0
28 35 0
29 35 0
35 35 0
37 35 0
38 35 0
39 35 0
40 35 0
41 35 0
42 35 0
43 35 0
82 35 0
93 35 0
10 36 0
13 36 0
21 36 0
22 36 0
25 36 0
26 36 0
27 36 0
28 36 0
29 36 0
38 36 0
39 36 0
40 36 0
41 36 0
42 36 0
43 36 0
95 36 0
96 36 0
8 37 0
10 37 0
11 37 0
12 37 0
21 37 0
23 37 0
24 37 0
25 37 0
26 37 0
27 37 0
28 37 0
33 37 0
38 37 0
39 37 0
40 37 0
41 37 0
42 37 0
43 37 0
10 38 0
13 38 0
23 38 0
24 38 0
25 38 0
26 38 0
27 38 0
28 38 0
38 38 0
39 38 0
40 38 0
41 38 0
42 38 0
43 38 0
93 38 0
96 38 0
97 38 0
10 39 0
11 39 0
12 39 0
13 39 0
19 39 0
23 39 0
24 39 0
25 39 0
26 39 0
27 39 0
28 39 0
37 39 0
38 39 0
39 39 0
40 39 0
41 39 0
42 39 0
43 39 0
94 39 0
96 39 0
97 39 0
98 39 0
10 40 0
11 40 0
15 40 0
19 40 0
24 40 0
25 40 0
26 40 0
27 40 0
28 40 0
35 40 0
37 40 0
38 40 0
39 40 0
40 40 0
41 40 0
42 40 0
43 40 0
96 40 0
97 40 0
98 40 0
9 41 0
13 41 0
20 41 0
24 41 0
25 41 0
26 41 0
27 41 0
28 41 0
30 41 0
35 41 0
37 41 0
38 41 0
39 41 0
40 41 0
41 41 0
42 41 0
43 41 0
9 42 0
10 42 0
11 42 0
12 42 0
17 42 0
21 42 0
25 42 0
26 42 0
27 42 0
38 42 0
39 42 0
40 42 0
41 42 0
42 42 0
43 42 0
94 42 0
10 43 0
14 43 0
21 43 0
25 43 0
26 43 0
27 43 0
37 43 0
38 43 0
39 43 0
40 43 0
41 43 0
42 43 0
43 43 0
10 44 0
11 44 0
12 44 0
13 44 0
19 44 0
23 44 0
24 44 0
25 44 0
26 44 0
27 44 0
38 44 0
39 44 0
40 44 0
41 44 0
42 44 0
43 44 0
97 44 0
10 45 0
11 45 0
19 45 0
23 45 0
24 45 0
25 45 0
26 45 0
27 45 0
28 45 0
36 45 0
39 45 0
40 45 0
41 45 0
42 45 0
43 45 0
98 45 0
11 46 0
12 46 0
20 46 0
23 46 0
24 46 0
25 46 0
26 46 0
27 46 0
28 46 0
36 46 0
39 46 0
40 46 0
41 46 0
42 46 0
43 46 0
98 46 0
10 47 0
11 47 0
16 47 0
17 47 0
24 47 0
25 47 0
26 47 0
27 47 0
28 47 0
39 47 0
40 47 0
41 47 0
42 47 0
43 47 0
98 47 0
10 48 0
11 48 0
12 48 0
21 48 0
24 48 0
25 48 0
26 48 0
27 48 0
36 48 0
38 48 0
39 48 0
40 48 0
41 48 0
42 48 0
43 48 0
98 48 0
10 49 0
11 49 0
12 49 0
25 49 0
26 49 0
27 49 0
36 49 0
39 49 0
40 49 0
41 49 0
42 49 0
43 49 0
11 50 0
12 50 0
15 50 0
22 50 0
26 50 0
27 50 0
39 50 0
40 50 0
41 50 0
42 50 0
43 50 0
9 51 0
12 51 0
19 51 0
20 51 0
24 51 0
26 51 0
27 51 0
38 51 0
39 51 0
40 51 0
41 51 0
42 51 0
43 51 0
98 51 0
99 51 0
11 52 0
12 52 0
17 52 0
24 52 0
26 52 0
27 52 0
28 52 0
39 52 0
40 52 0
41 52 0
42 52 0
43 52 0
98 52 0
99 52 0
11 53 0
12 53 0
13 53 0
20 53 0
24 53 0
25 53 0
26 53 0
27 53 0
28 53 0
39 53 0
40 53 0
41 53 0
42 53 0
43 53 0
97 53 0
98 53 0
99 53 0
107 53 0
11 54 0
12 54 0
18 54 0
21 54 0
24 54 0
25 54 0
26 54 0
27 54 0
39 54 0
40 54 0
41 54 0
42 54 0
43 54 0
98 54 0
99 54 0
11 55 0
12 55 0
15 55 0
21 55 0
22 55 0
25 55 0
26 55 0
27 55 0
28 55 0
39 55 0
40 55 0
41 55 0
42 55 0
43 55 0
44 55 0
98 55 0
99 55 0
11 56 0
12 56 0
13 56 0
19 56 0
20 56 0
26 56 0
27 56 0
28 56 0
40 56 0
41 56 0
42 56 0
43 56 0
98 56 0
99 56 0
12 57 0
13 57 0
19 57 0
23 57 0
26 57 0
27 57 0
28 57 0
37 57 0
39 57 0
40 57 0
41 57 0
42 57 0
43 57 0
98 57 0
99 57 0
12 58 0
13 58 0
20 58 0
22 58 0
25 58 0
27 58 0
36 58 0
40 58 0
41 58 0
42 58 0
43 58 0
44 58 0
90 58 0
98 58 0
99 58 0
12 59 0
17 59 0
24 59 0
25 59 0
26 59 0
27 59 0
28 59 0
40 59 0
41 59 0
42 59 0
43 59 0
44 59 0
99 59 0
12 60 0
21 60 0
23 60 0
24 60 0
26 60 0
27 60 0
28 60 0
38 60 0
40 60 0
41 60 0
42 60 0
43 60 0
44 60 0
98 60 0
99 60 0
12 61 0
13 61 0
20 61 0
21 61 0
28 61 0
29 61 0
30 61 0
40 61 0
41 61 0
42 61 0
43 61 0
44 61 0
99 61 0
12 62 0
13 62 0
16 62 0
22 62 0
27 62 0
28 62 0
29 62 0
30 62 0
31 62 0
32 62 0
33 62 0
40 62 0
41 62 0
42 62 0
43 62 0
44 62 0
97 62 0
99 62 0
12 63 0
13 63 0
27 63 0
28 63 0
29 63 0
31 63 0
32 63 0
33 63 0
34 63 0
35 63 0
36 63 0
40 63 0
41 63 0
42 63 0
43 63 0
44 63 0
96 63 0
99 63 0
12 64 0
13 64 0
17 64 0
23 64 0
24 64 0
27 64 0
28 64 0
29 64 0
30 64 0
31 64 0
34 64 0
35 64 0
36 64 0
37 64 0
39 64 0
40 64 0
41 64 0
42 64 0
43 64 0
44 64 0
65 64 0
13 65 0
14 65 0
27 65 0
28 65 0
31 65 0
32 65 0
33 65 0
34 65 0
39 65 0
40 65 0
41 65 0
42 65 0
43 65 0
44 65 0
45 65 0
47 65 0
48 65 0
49 65 0
50 65 0
64 65 0
65 65 0
12 66 0
27 66 0
28 66 0
33 66 0
34 66 0
35 66 0
36 66 0
41 66 0
42 66 0
43 66 0
44 66 0
45 66 0
46 66 0
64 66 0
65 66 0
22 67 0
27 67 0
28 67 0
35 67 0
36 67 0
37 67 0
41 67 0
42 67 0
43 67 0
44 67 0
45 67 0
46 67 0
64 67 0
65 67 0
25 68 0
26 68 0
27 68 0
28 68 0
37 68 0
41 68 0
42 68 0
43 68 0
44 68 0
45 68 0
46 68 0
65 68 0
24 69 0
25 69 0
26 69 0
41 69 0
42 69 0
43 69 0
44 69 0
45 69 0
46 69 0
22 70 0
23 70 0
24 70 0
42 70 0
43 70 0
44 70 0
45 70 0
19 71 0
20 71 0
21 71 0
23 71 0
43 71 0
44 71 0
45 71 0
82 71 0
15 72 0
18 72 0
19 72 0
21 72 0
22 72 0
39 72 0
41 72 0
11 73 0
12 73 0
16 73 0
17 73 0
18 73 0
20 73 0
26 73 0
27 73 0
41 73 0
42 73 0
5 74 0
6 74 0
7 74 0
8 74 0
9 74 0
10 74 0
11 74 0
12 74 0
16 74 0
17 74 0
18 74 0
27 74 0
28 74 0
41 74 0
42 74 0
82 74 0
3 75 0
5 75 0
6 75 0
7 75 0
8 75 0
9 75 0
10 75 0
11 75 0
12 75 0
16 75 0
17 75 0
25 75 0
41 75 0
1 76 0
2 76 0
3 76 0
4 76 0
5 76 0
6 76 0
7 76 0
8 76 0
9 76 0
10 76 0
11 76 0
12 76 0
14 76 0
29 76 0
39 76 0
1 77 0
2 77 0
3 77 0
4 77 0
5 77 0
6 77 0
7 77 0
8 77 0
11 77 0
12 77 0
33 77 0
37 77 0
2 78 0
3 78 0
4 78 0
5 78 0
7 78 0
9 78 0
12 78 0
13 78 0
29 78 0
31 78 0
1 79 0
6 79 0
7 79 0
8 79 0
9 79 0
12 79 0
29 79 0
34 79 0
36 79 0
37 79 0
42 79 0
1 80 0
22 80 0
29 80 0
32 80 0
33 80 0
37 80 0
38 80 0
44 80 0
68 80 0
20 81 0
30 81 0
31 81 0
32 81 0
33 81 0
34 81 0
36 81 0
37 81 0
38 81 0
20 82 0
21 82 0
31 82 0
32 82 0
33 82 0
34 82 0
35 82 0
36 82 0
44 82 0
45 82 0
21 83 0
33 83 0
38 83 0
43 83 0
44 83 0
45 83 0
24 84 0
26 84 0
27 84 0
28 84 0
29 84 0
35 84 0
36 84 0
38 84 0
24 85 0
25 85 0
26 85 0
27 85 0
33 85 0
22 86 0
23 86 0
23 87 0
23 89 0
24 89 0
164 1 1
159 2 1
162 2 1
164 2 1
160 3 1
162 3 1
163 3 1
164 3 1
166 3 1
142 4 1
156 4 1
160 4 1
162 4 1
163 4 1
164 4 1
166 4 1
167 4 1
168 4 1
180 4 1
147 5 1
159 5 1
160 5 1
161 5 1
162 5 1
163 5 1
164 5 1
165 5 1
166 5 1
167 5 1
168 5 1
174 5 1
132 6 1
152 6 1
154 6 1
160 6 1
162 6 1
163 6 1
166 6 1
168 6 1
169 6 1
170 6 1
171 6 1
172 6 1
173 6 1
174 6 1
175 6 1
150 7 1
153 7 1
155 7 1
156 7 1
157 7 1
158 7 1
159 7 1
160 7 1
161 7 1
162 7 1
163 7 1
164 7 1
165 7 1
166 7 1
167 7 1
168 7 1
170 7 1
173 7 1
180 7 1
184 7 1
142 8 1
150 8 1
156 8 1
158 8 1
159 8 1
160 8 1
161 8 1
162 8 1
163 8 1
164 8 1
165 8 1
166 8 1
167 8 1
168 8 1
169 8 1
170 8 1
171 8 1
173 8 1
174 8 1
188 8 1
146 9 1
148 9 1
150 9 1
154 9 1
158 9 1
159 9 1
160 9 1
162 9 1
164 9 1
165 9 1
166 9 1
169 9 1
170 9 1
172 9 1
174 9 1
180 9 1
146 10 1
150 10 1
153 10 1
154 10 1
156 10 1
157 10 1
158 10 1
159 10 1
160 10 1
161 10 1
162 10 1
164 10 1
165 10 1
166 10 1
167 10 1
168 10 1
170 10 1
171 10 1
173 10 1
174 10 1
176 10 1
150 11 1
152 11 1
154 11 1
156 11 1
158 11 1
160 11 1
163 11 1
164 11 1
165 11 1
166 11 1
167 11 1
168 11 1
170 11 1
171 11 1
172 11 1
174 11 1
175 11 1
146 12 1
150 12 1
152 12 1
154 12 1
155 12 1
156 12 1
157 12 1
159 12 1
161 12 1
162 12 1
163 12 1
164 12 1
165 12 1
166 12 1
167 12 1
168 12 1
169 12 1
170 12 1
171 12 1
172 12 1
173 12 1
174 12 1
175 12 1
177 12 1
178 12 1
142 13 1
144 13 1
147 13 1
152 13 1
153 13 1
154 13 1
156 13 1
158 13 1
160 13 1
162 13 1
163 13 1
164 13 1
166 13 1
167 13 1
168 13 1
169 13 1
170 13 1
172 13 1
173 13 1
174 13 1
176 13 1
187 13 1
145 14 1
152 14 1
154 14 1
155 14 1
156 14 1
158 14 1
159 14 1
160 14 1
161 14 1
162 14 1
163 14 1
164 14 1
165 14 1
166 14 1
167 14 1
168 14 1
170 14 1
171 14 1
172 14 1
173 14 1
174 14 1
175 14 1
176 14 1
177 14 1
179 14 1
140 15 1
146 15 1
149 15 1
150 15 1
152 15 1
153 15 1
156 15 1
157 15 1
158 15 1
159 15 1
160 15 1
162 15 1
163 15 1
164 15 1
166 15 1
167 15 1
168 15 1
170 15 1
171 15 1
172 15 1
174 15 1
176 15 1
178 15 1
179 15 1
180 15 1
142 16 1
143 16 1
144 16 1
150 16 1
151 16 1
153 16 1
154 16 1
156 16 1
157 16 1
159 16 1
160 16 1
161 16 1
162 16 1
163 16 1
164 16 1
165 16 1
166 16 1
167 16 1
168 16 1
169 16 1
170 16 1
174 16 1
176 16 1
141 17 1
142 17 1
147 17 1
153 17 1
154 17 1
155 17 1
156 17 1
157 17 1
158 17 1
159 17 1
160 17 1
162 17 1
163 17 1
164 17 1
165 17 1
166 17 1
167 17 1
168 17 1
169 17 1
170 17 1
171 17 1
172 17 1
173 17 1
174 17 1
176 17 1
177 17 1
178 17 1
179 17 1
181 17 1
182 17 1
186 17 1
140 18 1
144 18 1
148 18 1
154 18 1
156 18 1
158 18 1
159 18 1
160 18 1
161 18 1
162 18 1
164 18 1
165 18 1
166 18 1
167 18 1
168 18 1
169 18 1
170 18 1
171 18 1
172 18 1
174 18 1
175 18 1
176 18 1
177 18 1
179 18 1
181 18 1
182 18 1
184 18 1
142 19 1
146 19 1
148 19 1
156 19 1
159 19 1
160 19 1
162 19 1
163 19 1
164 19 1
165 19 1
166 19 1
167 19 1
168 19 1
169 19 1
170 19 1
172 19 1
174 19 1
175 19 1
177 19 1
178 19 1
188 19 1
145 20 1
146 20 1
152 20 1
154 20 1
162 20 1
164 20 1
165 20 1
166 20 1
168 20 1
170 20 1
171 20 1
172 20 1
176 20 1
178 20 1
182 20 1
188 20 1
138 21 1
146 21 1
152 21 1
153 21 1
156 21 1
160 21 1
166 21 1
167 21 1
168 21 1
171 21 1
172 21 1
174 21 1
177 21 1
159 22 1
164 22 1
165 22 1
166 22 1
167 22 1
168 22 1
172 22 1
174 22 1
143 23 1
152 23 1
138 24 1
154 24 1
161 24 1
166 24 1
138 25 1
140 25 1
142 25 1
148 25 1
150 25 1
163 25 1
166 25 1
167 25 1
169 25 1
170 25 1
174 25 1
178 25 1
138 26 1
140 26 1
141 26 1
149 26 1
150 26 1
152 26 1
158 26 1
168 26 1
172 26 1
173 26 1
174 26 1
176 26 1
179 26 1
188 26 1
140 27 1
141 27 1
143 27 1
145 27 1
151 27 1
158 27 1
172 27 1
174 27 1
185 27 1
142 28 1
143 28 1
145 28 1
146 28 1
162 28 1
181 28 1
126 29 1
127 29 1
137 29 1
138 29 1
142 29 1
143 29 1
144 29 1
145 29 1
146 29 1
162 29 1
164 29 1
172 29 1
138 30 1
143 30 1
168 30 1
177 30 1
185 30 1
140 31 1
141 31 1
142 31 1
145 31 1
185 31 1
187 31 1
134 32 1
140 32 1
142 32 1
144 32 1
180 32 1
182 32 1
183 32 1
128 33 1
141 33 1
145 33 1
148 33 1
164 33 1
165 33 1
166 33 1
169 33 1
170 33 1
184 33 1
188 33 1
126 34 1
132 34 1
134 34 1
136 34 1
144 34 1
145 34 1
146 34 1
147 34 1
148 34 1
150 34 1
174 34 1
178 34 1
180 34 1
181 34 1
129 35 1
135 35 1
136 35 1
149 35 1
150 35 1
162 35 1
176 35 1
188 35 1
133 36 1
136 36 1
164 36 1
169 36 1
132 37 1
134 37 1
148 37 1
154 37 1
157 37 1
168 37 1
173 37 1
183 37 1
188 37 1
135 38 1
149 38 1
154 38 1
156 38 1
176 38 1
130 39 1
132 39 1
134 39 1
148 39 1
150 39 1
139 40 1
151 40 1
170 41 1
173 41 1
180 41 1
181 41 1
132 42 1
134 42 1
136 42 1
151 42 1
166 42 1
168 42 1
135 43 1
170 43 1
175 43 1
176 43 1
158 44 1
188 44 1
128 46 1
132 46 1
156 46 1
164 46 1
180 46 1
188 46 1
129 47 1
140 47 1
141 47 1
176 47 1
186 47 1
128 48 1
129 48 1
130 48 1
131 48 1
140 48 1
143 48 1
148 48 1
152 48 1
155 48 1
178 48 1
186 48 1
124 49 1
132 49 1
133 49 1
134 49 1
136 49 1
156 49 1
157 49 1
118 50 1
119 50 1
122 50 1
128 50 1
136 50 1
142 50 1
150 50 1
156 50 1
157 50 1
158 50 1
178 50 1
114 51 1
115 51 1
116 51 1
117 51 1
118 51 1
119 51 1
120 51 1
121 51 1
122 51 1
123 51 1
124 51 1
125 51 1
126 51 1
127 51 1
130 51 1
131 51 1
156 51 1
186 51 1
111 52 1
112 52 1
113 52 1
114 52 1
116 52 1
119 52 1
120 52 1
121 52 1
122 52 1
123 52 1
124 52 1
125 52 1
126 52 1
127 52 1
128 52 1
132 52 1
133 52 1
134 52 1
136 52 1
140 52 1
141 52 1
142 52 1
143 52 1
144 52 1
146 52 1
153 52 1
160 52 1
168 52 1
112 53 1
114 53 1
120 53 1
123 53 1
124 53 1
125 53 1
128 53 1
132 53 1
140 53 1
141 53 1
142 53 1
143 53 1
144 53 1
149 53 1
150 53 1
160 53 1
162 53 1
176 53 1
178 53 1
110 54 1
111 54 1
114 54 1
116 54 1
118 54 1
119 54 1
120 54 1
122 54 1
123 54 1
124 54 1
126 54 1
127 54 1
132 54 1
141 54 1
145 54 1
146 54 1
147 54 1
148 54 1
168 54 1
173 54 1
175 54 1
178 54 1
186 54 1
112 55 1
116 55 1
119 55 1
120 55 1
121 55 1
122 55 1
123 55 1
124 55 1
125 55 1
126 55 1
127 55 1
128 55 1
129 55 1
130 55 1
131 55 1
132 55 1
134 55 1
146 55 1
156 55 1
157 55 1
164 55 1
180 55 1
189 55 1
112 56 1
114 56 1
115 56 1
116 56 1
118 56 1
122 56 1
124 56 1
126 56 1
127 56 1
128 56 1
129 56 1
130 56 1
140 56 1
152 56 1
166 56 1
112 57 1
121 57 1
122 57 1
126 57 1
127 57 1
160 57 1
124 58 1
150 59 1
185 59 1
186 59 1
150 60 1
126 62 1
120 63 1
122 63 1
136 63 1
150 63 1
132 64 1
136 64 1
155 64 1
156 64 1
140 65 1
152 66 1
155 66 1
156 66 1
184 66 1
181 68 1
162 83 1
6 87 1
10 88 1
10 91 1
6 92 1
8 92 1
4 93 1
1 94 1
6 94 1
7 94 1
8 94 1
9 94 1
10 94 1
11 94 1
6 95 1
7 95 1
8 95 1
10 95 1
11 95 1
13 95 1
128 95 1
6 96 1
7 96 1
8 96 1
9 96 1
10 96 1
19 96 1
7 97 1
8 97 1
11 97 1
13 97 1
150 97 1
2 98 1
3 98 1
5 98 1
6 98 1
12 98 1
18 98 1
26 98 1
4 99 1
13 99 1
14 100 1
19 100 1
1 101 1
2 101 1
4 101 1
8 101 1
18 101 1
1 102 1
4 102 1
18 102 1
19 102 1
156 102 1
168 102 1
6 103 1
12 103 1
3 104 1
6 104 1
10 104 1
11 104 1
14 104 1
22 104 1
166 104 1
2 105 1
8 105 1
10 105 1
12 105 1
14 105 1
15 105 1
16 105 1
18 105 1
2 106 1
6 106 1
7 106 1
18 106 1
19 106 1
8 107 1
11 107 1
13 107 1
14 107 1
15 107 1
18 107 1
9 108 1
11 108 1
14 108 1
15 108 1
17 108 1
18 108 1
19 108 1
2 109 1
8 109 1
10 109 1
12 109 1
13 109 1
15 109 1
17 109 1
6 110 1
8 110 1
13 110 1
16 110 1
3 111 1
4 111 1
5 111 1
7 111 1
10 111 1
14 111 1
4 112 1
14 112 1
16 112 1
1 113 1
3 113 1
5 113 1
9 113 1
14 113 1
19 113 1
4 114 1
6 114 1
7 114 1
9 114 1
14 114 1
1 115 1
6 115 1
8 115 1
14 115 1
5 116 1
7 116 1
12 116 1
17 116 1
1 117 1
3 117 1
4 117 1
6 117 1
12 117 1
16 117 1
18 117 1
2 118 1
6 118 1
7 118 1
9 118 1
12 118 1
18 118 1
19 118 1
1 119 1
2 119 1
4 119 1
5 119 1
14 119 1
16 119 1
3 120 1
11 120 1
126 120 1
128 120 1
132 120 1
13 121 1
14 121 1
19 121 1
6 122 1
7 122 1
8 122 1
9 122 1
10 122 1
11 122 1
2 123 1
3 123 1
8 123 1
11 123 1
2 124 1
7 124 1
9 124 1
3 125 1
6 125 1
14 125 1
18 125 1
3 126 1
8 126 1
11 126 1
9 127 1
10 127 1
12 127 1
1 128 1
2 128 1
5 128 1
9 128 1
2 129 1
16 129 1
19 129 1
2 130 1
6 131 1
1 132 1
14 132 1
16 132 1
5 133 1
9 133 1
11 133 1
5 134 1
6 134 1
18 134 1
1 135 1
2 135 1
4 135 1
10 135 1
14 135 1
2 136 1
8 136 1
13 136 1
3 137 1
4 137 1
6 137 1
18 137 1
172 137 1
174 137 1
175 137 1
8 138 1
9 138 1
176 138 1
4 139 1
12 139 1
6 141 1
8 141 1
12 141 1
9 142 1
10 142 1
14 142 1
1 143 1
2 143 1
2 144 1
11 144 1
14 144 1
1 145 1
16 145 1
12 146 1
13 146 1
16 146 1
11 147 1
13 147 1
1 148 1
7 148 1
10 148 1
15 148 1
16 148 1
5 149 1
6 149 1
16 149 1
6 150 1
19 150 1
3 151 1
4 152 1
8 152 1
13 152 1
18 152 1
3 153 1
2 154 1
6 154 1
13 154 1
7 155 1
10 155 1
12 155 1
15 155 1
2 156 1
7 156 1
10 156 1
2 157 1
4 157 1
8 157 1
9 157 1
1 158 1
6 158 1
7 158 1
10 158 1
11 158 1
15 158 1
3 159 1
7 159 1
8 159 1
12 159 1
17 159 1
9 160 1
7 161 1
2 162 1
4 162 1
6 162 1
7 162 1
12 162 1
2 163 1
17 163 1
8 164 1
12 164 1
14 164 1
16 164 1
4 165 1
6 166 1
14 166 1
17 166 1
18 166 1
5 167 1
8 167 1
13 167 1
15 167 1
2 168 1
7 168 1
8 168 1
10 168 1
16 168 1
18 168 1
19 168 1
2 169 1
5 169 1
1 170 1
9 170 1
12 170 1
13 170 1
9 171 1
18 171 1
4 173 1
1 174 1
2 174 1
4 174 1
4 175 1
6 175 1
10 175 1
11 175 1
14 175 1
18 175 1
74 175 1
2 176 1
17 176 1
3 177 1
6 177 1
65 63 2
65 64 2
66 67 2
68 67 2
67 69 2
68 70 2
68 71 2
61 74 2
60 75 2
68 77 2
60 78 2
61 78 2
62 78 2
63 78 2
64 78 2
65 78 2
66 78 2
67 78 2
57 79 2
58 79 2
59 79 2
60 79 2
61 79 2
62 79 2
63 79 2
64 79 2
65 79 2
66 79 2
54 80 2
55 80 2
56 80 2
57 80 2
58 80 2
59 80 2
60 80 2
61 80 2
62 80 2
63 80 2
64 80 2
65 80 2
66 80 2
68 80 2
53 81 2
54 81 2
55 81 2
56 81 2
57 81 2
58 81 2
59 81 2
60 81 2
61 81 2
62 81 2
63 81 2
64 81 2
65 81 2
66 81 2
67 81 2
54 82 2
55 82 2
56 82 2
57 82 2
58 82 2
59 82 2
60 82 2
61 82 2
62 82 2
63 82 2
64 82 2
65 82 2
66 82 2
54 83 2
55 83 2
56 83 2
57 83 2
58 83 2
59 83 2
60 83 2
61 83 2
62 83 2
63 83 2
64 83 2
54 84 2
55 84 2
56 84 2
57 84 2
58 84 2
59 84 2
60 84 2
61 84 2
62 84 2
63 84 2
64 84 2
54 85 2
55 85 2
56 85 2
57 85 2
58 85 2
59 85 2
60 85 2
63 85 2
64 85 2
54 86 2
55 86 2
58 86 2
60 86 2
63 86 2
68 86 2
