21 1 0
22 1 0
24 1 0
34 1 0
35 1 0
48 1 0
49 1 0
74 1 0
15 2 0
19 2 0
20 2 0
21 2 0
22 2 0
23 2 0
24 2 0
25 2 0
26 2 0
29 2 0
30 2 0
32 2 0
33 2 0
34 2 0
35 2 0
36 2 0
39 2 0
43 2 0
44 2 0
46 2 0
47 2 0
48 2 0
49 2 0
50 2 0
74 2 0
79 2 0
19 3 0
20 3 0
21 3 0
22 3 0
23 3 0
24 3 0
25 3 0
33 3 0
34 3 0
35 3 0
36 3 0
39 3 0
40 3 0
47 3 0
48 3 0
49 3 0
50 3 0
66 3 0
73 3 0
78 3 0
79 3 0
89 3 0
92 3 0
100 3 0
19 4 0
20 4 0
21 4 0
22 4 0
23 4 0
25 4 0
26 4 0
27 4 0
29 4 0
32 4 0
33 4 0
34 4 0
35 4 0
36 4 0
39 4 0
41 4 0
46 4 0
47 4 0
48 4 0
49 4 0
50 4 0
54 4 0
60 4 0
64 4 0
66 4 0
67 4 0
73 4 0
74 4 0
76 4 0
77 4 0
78 4 0
79 4 0
88 4 0
89 4 0
90 4 0
91 4 0
93 4 0
19 5 0
20 5 0
21 5 0
22 5 0
23 5 0
25 5 0
27 5 0
28 5 0
33 5 0
34 5 0
35 5 0
36 5 0
39 5 0
40 5 0
41 5 0
46 5 0
47 5 0
48 5 0
49 5 0
50 5 0
54 5 0
63 5 0
64 5 0
65 5 0
66 5 0
67 5 0
72 5 0
73 5 0
74 5 0
76 5 0
77 5 0
78 5 0
79 5 0
87 5 0
88 5 0
90 5 0
91 5 0
99 5 0
19 6 0
20 6 0
21 6 0
22 6 0
23 6 0
27 6 0
29 6 0
31 6 0
32 6 0
33 6 0
34 6 0
35 6 0
36 6 0
37 6 0
39 6 0
40 6 0
41 6 0
42 6 0
44 6 0
46 6 0
47 6 0
48 6 0
49 6 0
50 6 0
51 6 0
53 6 0
65 6 0
66 6 0
72 6 0
73 6 0
74 6 0
75 6 0
76 6 0
77 6 0
87 6 0
88 6 0
98 6 0
10 7 0
19 7 0
20 7 0
21 7 0
22 7 0
23 7 0
25 7 0
26 7 0
27 7 0
31 7 0
33 7 0
34 7 0
35 7 0
36 7 0
37 7 0
39 7 0
40 7 0
41 7 0
44 7 0
46 7 0
47 7 0
48 7 0
49 7 0
50 7 0
65 7 0
66 7 0
71 7 0
72 7 0
73 7 0
74 7 0
76 7 0
78 7 0
79 7 0
87 7 0
88 7 0
89 7 0
90 7 0
91 7 0
93 7 0
2 8 0
19 8 0
20 8 0
21 8 0
22 8 0
23 8 0
26 8 0
27 8 0
28 8 0
31 8 0
32 8 0
33 8 0
34 8 0
35 8 0
36 8 0
37 8 0
38 8 0
40 8 0
41 8 0
42 8 0
44 8 0
47 8 0
48 8 0
49 8 0
50 8 0
54 8 0
59 8 0
63 8 0
64 8 0
65 8 0
66 8 0
71 8 0
72 8 0
73 8 0
74 8 0
75 8 0
76 8 0
77 8 0
78 8 0
81 8 0
85 8 0
86 8 0
89 8 0
90 8 0
92 8 0
95 8 0
96 8 0
97 8 0
14 9 0
19 9 0
20 9 0
21 9 0
22 9 0
23 9 0
27 9 0
29 9 0
33 9 0
34 9 0
35 9 0
36 9 0
37 9 0
38 9 0
44 9 0
45 9 0
46 9 0
47 9 0
48 9 0
49 9 0
50 9 0
64 9 0
65 9 0
66 9 0
71 9 0
72 9 0
74 9 0
75 9 0
76 9 0
77 9 0
85 9 0
87 9 0
89 9 0
90 9 0
91 9 0
92 9 0
93 9 0
98 9 0
18 10 0
19 10 0
20 10 0
21 10 0
22 10 0
25 10 0
29 10 0
32 10 0
33 10 0
34 10 0
35 10 0
36 10 0
37 10 0
39 10 0
40 10 0
42 10 0
47 10 0
48 10 0
49 10 0
50 10 0
64 10 0
65 10 0
66 10 0
67 10 0
71 10 0
72 10 0
73 10 0
76 10 0
88 10 0
90 10 0
93 10 0
94 10 0
95 10 0
12 11 0
18 11 0
19 11 0
20 11 0
21 11 0
22 11 0
25 11 0
29 11 0
32 11 0
33 11 0
34 11 0
35 11 0
36 11 0
37 11 0
39 11 0
42 11 0
44 11 0
47 11 0
48 11 0
49 11 0
50 11 0
53 11 0
65 11 0
71 11 0
72 11 0
85 11 0
88 11 0
89 11 0
19 12 0
20 12 0
21 12 0
22 12 0
28 12 0
29 12 0
32 12 0
33 12 0
34 12 0
35 12 0
36 12 0
42 12 0
43 12 0
47 12 0
48 12 0
49 12 0
50 12 0
54 12 0
65 12 0
66 12 0
67 12 0
83 12 0
84 12 0
85 12 0
18 13 0
19 13 0
20 13 0
21 13 0
22 13 0
23 13 0
28 13 0
29 13 0
32 13 0
33 13 0
34 13 0
35 13 0
36 13 0
38 13 0
40 13 0
44 13 0
47 13 0
48 13 0
49 13 0
50 13 0
54 13 0
62 13 0
63 13 0
65 13 0
66 13 0
71 13 0
72 13 0
73 13 0
83 13 0
6 14 0
7 14 0
19 14 0
20 14 0
21 14 0
22 14 0
28 14 0
32 14 0
33 14 0
34 14 0
35 14 0
36 14 0
39 14 0
44 14 0
45 14 0
47 14 0
48 14 0
49 14 0
53 14 0
72 14 0
73 14 0
81 14 0
19 15 0
20 15 0
21 15 0
22 15 0
24 15 0
28 15 0
29 15 0
31 15 0
32 15 0
33 15 0
34 15 0
35 15 0
40 15 0
43 15 0
44 15 0
47 15 0
48 15 0
49 15 0
50 15 0
53 15 0
71 15 0
72 15 0
81 15 0
85 15 0
3 16 0
19 16 0
20 16 0
21 16 0
22 16 0
29 16 0
31 16 0
32 16 0
33 16 0
34 16 0
35 16 0
40 16 0
43 16 0
45 16 0
47 16 0
48 16 0
49 16 0
50 16 0
70 16 0
71 16 0
80 16 0
85 16 0
87 16 0
98 16 0
19 17 0
20 17 0
21 17 0
22 17 0
27 17 0
29 17 0
33 17 0
34 17 0
35 17 0
41 17 0
42 17 0
43 17 0
44 17 0
45 17 0
47 17 0
48 17 0
49 17 0
50 17 0
64 17 0
68 17 0
69 17 0
70 17 0
74 17 0
82 17 0
85 17 0
91 17 0
19 18 0
20 18 0
21 18 0
22 18 0
27 18 0
28 18 0
30 18 0
32 18 0
33 18 0
34 18 0
35 18 0
42 18 0
43 18 0
44 18 0
47 18 0
48 18 0
49 18 0
50 18 0
54 18 0
62 18 0
68 18 0
69 18 0
70 18 0
71 18 0
74 18 0
75 18 0
82 18 0
91 18 0
11 19 0
13 19 0
14 19 0
18 19 0
19 19 0
20 19 0
21 19 0
22 19 0
26 19 0
31 19 0
32 19 0
33 19 0
34 19 0
35 19 0
36 19 0
38 19 0
42 19 0
45 19 0
47 19 0
48 19 0
49 19 0
50 19 0
61 19 0
68 19 0
69 19 0
70 19 0
73 19 0
74 19 0
77 19 0
81 19 0
99 19 0
14 20 0
19 20 0
20 20 0
21 20 0
22 20 0
27 20 0
28 20 0
31 20 0
32 20 0
33 20 0
34 20 0
35 20 0
41 20 0
45 20 0
46 20 0
47 20 0
48 20 0
49 20 0
50 20 0
67 20 0
68 20 0
69 20 0
70 20 0
71 20 0
72 20 0
74 20 0
102 20 0
19 21 0
20 21 0
21 21 0
28 21 0
29 21 0
32 21 0
33 21 0
34 21 0
35 21 0
37 21 0
41 21 0
45 21 0
46 21 0
47 21 0
48 21 0
49 21 0
50 21 0
51 21 0
71 21 0
72 21 0
88 21 0
100 21 0
19 22 0
20 22 0
21 22 0
25 22 0
29 22 0
33 22 0
34 22 0
35 22 0
43 22 0
44 22 0
45 22 0
47 22 0
48 22 0
49 22 0
50 22 0
66 22 0
70 22 0
71 22 0
72 22 0
10 23 0
19 23 0
20 23 0
21 23 0
25 23 0
30 23 0
32 23 0
33 23 0
34 23 0
35 23 0
36 23 0
45 23 0
46 23 0
47 23 0
48 23 0
49 23 0
50 23 0
51 23 0
69 23 0
70 23 0
71 23 0
19 24 0
20 24 0
21 24 0
30 24 0
33 24 0
34 24 0
35 24 0
38 24 0
43 24 0
44 24 0
45 24 0
47 24 0
48 24 0
49 24 0
50 24 0
51 24 0
98 24 0
19 25 0
20 25 0
21 25 0
27 25 0
28 25 0
32 25 0
33 25 0
34 25 0
35 25 0
37 25 0
43 25 0
46 25 0
47 25 0
48 25 0
49 25 0
50 25 0
88 25 0
5 26 0
19 26 0
20 26 0
21 26 0
28 26 0
30 26 0
32 26 0
33 26 0
34 26 0
35 26 0
42 26 0
43 26 0
45 26 0
46 26 0
47 26 0
48 26 0
49 26 0
50 26 0
94 26 0
99 26 0
12 27 0
13 27 0
19 27 0
20 27 0
21 27 0
25 27 0
27 27 0
28 27 0
29 27 0
30 27 0
33 27 0
34 27 0
35 27 0
44 27 0
45 27 0
46 27 0
47 27 0
48 27 0
49 27 0
50 27 0
71 27 0
72 27 0
96 27 0
12 28 0
19 28 0
20 28 0
21 28 0
28 28 0
30 28 0
33 28 0
34 28 0
35 28 0
42 28 0
45 28 0
46 28 0
47 28 0
48 28 0
49 28 0
50 28 0
51 28 0
67 28 0
68 28 0
69 28 0
70 28 0
71 28 0
94 28 0
106 28 0
10 29 0
12 29 0
18 29 0
19 29 0
20 29 0
21 29 0
25 29 0
26 29 0
27 29 0
30 29 0
33 29 0
34 29 0
35 29 0
42 29 0
46 29 0
47 29 0
48 29 0
49 29 0
50 29 0
65 29 0
66 29 0
67 29 0
68 29 0
70 29 0
103 29 0
10 30 0
11 30 0
12 30 0
19 30 0
20 30 0
21 30 0
26 30 0
31 30 0
33 30 0
34 30 0
35 30 0
45 30 0
46 30 0
47 30 0
48 30 0
49 30 0
50 30 0
94 30 0
19 31 0
20 31 0
21 31 0
24 31 0
31 31 0
32 31 0
33 31 0
34 31 0
35 31 0
36 31 0
42 31 0
44 31 0
46 31 0
47 31 0
48 31 0
49 31 0
50 31 0
51 31 0
3 32 0
19 32 0
20 32 0
21 32 0
28 32 0
33 32 0
34 32 0
35 32 0
36 32 0
46 32 0
47 32 0
48 32 0
49 32 0
50 32 0
51 32 0
19 33 0
20 33 0
21 33 0
28 33 0
33 33 0
34 33 0
35 33 0
36 33 0
44 33 0
46 33 0
47 33 0
48 33 0
49 33 0
50 33 0
19 34 0
20 34 0
21 34 0
22 34 0
26 34 0
32 34 0
33 34 0
34 34 0
35 34 0
45 34 0
46 34 0
47 34 0
48 34 0
49 34 0
50 34 0
51 34 0
81 34 0
19 35 0
20 35 0
21 35 0
27 35 0
28 35 0
31 35 0
33 35 0
34 35 0
35 35 0
44 35 0
46 35 0
47 35 0
48 35 0
49 35 0
50 35 0
51 35 0
78 35 0
82 35 0
19 36 0
20 36 0
21 36 0
26 36 0
28 36 0
32 36 0
33 36 0
34 36 0
35 36 0
42 36 0
46 36 0
47 36 0
48 36 0
49 36 0
50 36 0
51 36 0
19 37 0
20 37 0
21 37 0
28 37 0
32 37 0
33 37 0
34 37 0
35 37 0
46 37 0
47 37 0
48 37 0
49 37 0
50 37 0
51 37 0
19 38 0
20 38 0
21 38 0
28 38 0
33 38 0
34 38 0
35 38 0
46 38 0
47 38 0
48 38 0
49 38 0
50 38 0
19 39 0
20 39 0
21 39 0
28 39 0
29 39 0
30 39 0
33 39 0
34 39 0
35 39 0
38 39 0
44 39 0
46 39 0
47 39 0
48 39 0
49 39 0
50 39 0
51 39 0
19 40 0
20 40 0
21 40 0
33 40 0
34 40 0
35 40 0
44 40 0
47 40 0
48 40 0
49 40 0
50 40 0
51 40 0
19 41 0
20 41 0
21 41 0
30 41 0
32 41 0
34 41 0
35 41 0
40 41 0
42 41 0
44 41 0
46 41 0
48 41 0
49 41 0
50 41 0
51 41 0
19 42 0
20 42 0
21 42 0
26 42 0
30 42 0
33 42 0
34 42 0
35 42 0
36 42 0
40 42 0
41 42 0
42 42 0
48 42 0
49 42 0
50 42 0
51 42 0
80 42 0
20 43 0
21 43 0
30 43 0
33 43 0
34 43 0
35 43 0
48 43 0
49 43 0
50 43 0
51 43 0
19 44 0
20 44 0
21 44 0
25 44 0
31 44 0
34 44 0
35 44 0
42 44 0
48 44 0
49 44 0
50 44 0
51 44 0
96 44 0
99 44 0
19 45 0
20 45 0
21 45 0
26 45 0
28 45 0
30 45 0
31 45 0
32 45 0
34 45 0
35 45 0
48 45 0
49 45 0
50 45 0
51 45 0
19 46 0
20 46 0
21 46 0
32 46 0
33 46 0
34 46 0
35 46 0
49 46 0
51 46 0
79 46 0
20 47 0
21 47 0
26 47 0
32 47 0
33 47 0
34 47 0
35 47 0
36 47 0
49 47 0
20 48 0
21 48 0
25 48 0
30 48 0
31 48 0
32 48 0
33 48 0
34 48 0
35 48 0
36 48 0
20 49 0
21 49 0
22 49 0
30 49 0
31 49 0
32 49 0
33 49 0
34 49 0
35 49 0
36 49 0
49 49 0
99 49 0
20 50 0
21 50 0
22 50 0
29 50 0
31 50 0
32 50 0
34 50 0
35 50 0
36 50 0
97 50 0
20 51 0
21 51 0
22 51 0
23 51 0
27 51 0
28 51 0
29 51 0
34 51 0
35 51 0
36 51 0
21 52 0
22 52 0
23 52 0
27 52 0
30 52 0
33 52 0
34 52 0
35 52 0
36 52 0
20 53 0
21 53 0
22 53 0
34 53 0
35 53 0
36 53 0
100 53 0
106 53 0
20 54 0
21 54 0
22 54 0
34 54 0
35 54 0
36 54 0
101 54 0
104 54 0
107 54 0
108 54 0
21 55 0
22 55 0
25 55 0
29 55 0
33 55 0
34 55 0
35 55 0
36 55 0
37 55 0
88 55 0
98 55 0
99 55 0
102 55 0
103 55 0
104 55 0
109 55 0
21 56 0
22 56 0
29 56 0
32 56 0
33 56 0
35 56 0
36 56 0
37 56 0
38 56 0
97 56 0
98 56 0
102 56 0
103 56 0
104 56 0
106 56 0
107 56 0
108 56 0
109 56 0
113 56 0
115 56 0
21 57 0
22 57 0
28 57 0
29 57 0
34 57 0
35 57 0
36 57 0
37 57 0
38 57 0
93 57 0
96 57 0
97 57 0
98 57 0
106 57 0
107 57 0
21 58 0
22 58 0
24 58 0
25 58 0
26 58 0
29 58 0
32 58 0
35 58 0
36 58 0
37 58 0
38 58 0
39 58 0
41 58 0
67 58 0
68 58 0
70 58 0
97 58 0
21 59 0
22 59 0
23 59 0
28 59 0
30 59 0
33 59 0
34 59 0
36 59 0
37 59 0
38 59 0
39 59 0
40 59 0
41 59 0
44 59 0
49 59 0
67 59 0
68 59 0
69 59 0
70 59 0
72 59 0
21 60 0
22 60 0
23 60 0
29 60 0
31 60 0
32 60 0
33 60 0
34 60 0
35 60 0
36 60 0
37 60 0
38 60 0
39 60 0
40 60 0
41 60 0
42 60 0
44 60 0
46 60 0
49 60 0
50 60 0
51 60 0
67 60 0
68 60 0
69 60 0
70 60 0
71 60 0
73 60 0
21 61 0
22 61 0
23 61 0
29 61 0
30 61 0
31 61 0
34 61 0
35 61 0
36 61 0
37 61 0
39 61 0
40 61 0
41 61 0
42 61 0
44 61 0
48 61 0
49 61 0
50 61 0
51 61 0
52 61 0
62 61 0
63 61 0
66 61 0
69 61 0
70 61 0
71 61 0
72 61 0
73 61 0
74 61 0
20 62 0
21 62 0
22 62 0
23 62 0
30 62 0
31 62 0
33 62 0
35 62 0
36 62 0
37 62 0
38 62 0
39 62 0
40 62 0
42 62 0
44 62 0
45 62 0
47 62 0
48 62 0
49 62 0
50 62 0
51 62 0
52 62 0
53 62 0
73 62 0
74 62 0
22 63 0
23 63 0
29 63 0
30 63 0
31 63 0
35 63 0
36 63 0
37 63 0
38 63 0
39 63 0
41 63 0
42 63 0
44 63 0
45 63 0
47 63 0
48 63 0
49 63 0
50 63 0
51 63 0
52 63 0
53 63 0
54 63 0
74 63 0
21 64 0
22 64 0
23 64 0
24 64 0
28 64 0
30 64 0
34 64 0
37 64 0
40 64 0
41 64 0
42 64 0
44 64 0
49 64 0
50 64 0
51 64 0
52 64 0
53 64 0
54 64 0
55 64 0
20 65 0
22 65 0
23 65 0
25 65 0
30 65 0
31 65 0
33 65 0
34 65 0
37 65 0
48 65 0
49 65 0
50 65 0
51 65 0
52 65 0
53 65 0
54 65 0
55 65 0
57 65 0
106 65 0
20 66 0
22 66 0
23 66 0
25 66 0
29 66 0
31 66 0
33 66 0
34 66 0
37 66 0
47 66 0
48 66 0
49 66 0
51 66 0
52 66 0
53 66 0
54 66 0
55 66 0
20 67 0
21 67 0
22 67 0
23 67 0
26 67 0
32 67 0
33 67 0
35 67 0
46 67 0
47 67 0
48 67 0
53 67 0
84 67 0
20 68 0
21 68 0
22 68 0
23 68 0
26 68 0
27 68 0
28 68 0
35 68 0
37 68 0
84 68 0
20 69 0
21 69 0
23 69 0
26 69 0
27 69 0
28 69 0
31 69 0
47 69 0
48 69 0
49 69 0
50 69 0
62 69 0
66 69 0
70 69 0
75 69 0
20 70 0
21 70 0
23 70 0
27 70 0
29 70 0
36 70 0
38 70 0
48 70 0
49 70 0
50 70 0
62 70 0
70 70 0
72 70 0
20 71 0
21 71 0
23 71 0
26 71 0
27 71 0
33 71 0
36 71 0
37 71 0
38 71 0
48 71 0
49 71 0
63 71 0
19 72 0
20 72 0
21 72 0
23 72 0
26 72 0
27 72 0
37 72 0
38 72 0
39 72 0
40 72 0
50 72 0
21 73 0
27 73 0
39 73 0
42 73 0
49 73 0
50 73 0
51 73 0
20 74 0
21 74 0
22 74 0
38 74 0
39 74 0
45 74 0
46 74 0
50 74 0
51 74 0
29 75 0
30 75 0
38 75 0
40 75 0
45 75 0
46 75 0
50 75 0
29 76 0
38 76 0
40 76 0
43 76 0
44 76 0
45 76 0
46 76 0
53 76 0
26 77 0
30 77 0
32 77 0
37 77 0
38 77 0
42 77 0
44 77 0
46 77 0
36 78 0
39 78 0
50 78 0
52 78 0
30 79 0
31 79 0
39 79 0
41 79 0
42 79 0
42 80 0
43 80 0
44 80 0
33 81 0
49 81 0
32 84 0
33 84 0
32 85 0
33 85 0
33 86 0
28 87 0
154 3 1
182 3 1
156 4 1
170 4 1
174 4 1
176 4 1
154 5 1
158 5 1
174 5 1
180 5 1
154 6 1
160 6 1
170 6 1
171 6 1
172 6 1
174 6 1
175 6 1
176 6 1
178 6 1
179 6 1
180 6 1
185 6 1
160 7 1
170 7 1
173 7 1
175 7 1
176 7 1
178 7 1
179 7 1
180 7 1
182 7 1
184 7 1
154 8 1
166 8 1
168 8 1
169 8 1
170 8 1
171 8 1
172 8 1
174 8 1
175 8 1
176 8 1
177 8 1
178 8 1
181 8 1
182 8 1
183 8 1
184 8 1
186 8 1
168 9 1
170 9 1
172 9 1
174 9 1
176 9 1
178 9 1
179 9 1
180 9 1
182 9 1
183 9 1
185 9 1
159 10 1
162 10 1
164 10 1
168 10 1
170 10 1
171 10 1
172 10 1
173 10 1
174 10 1
175 10 1
176 10 1
178 10 1
179 10 1
180 10 1
181 10 1
182 10 1
184 10 1
186 10 1
156 11 1
160 11 1
164 11 1
166 11 1
167 11 1
168 11 1
170 11 1
171 11 1
172 11 1
173 11 1
174 11 1
175 11 1
176 11 1
178 11 1
180 11 1
182 11 1
183 11 1
184 11 1
186 11 1
189 11 1
164 12 1
166 12 1
168 12 1
169 12 1
170 12 1
171 12 1
172 12 1
173 12 1
174 12 1
175 12 1
177 12 1
178 12 1
179 12 1
180 12 1
181 12 1
184 12 1
185 12 1
152 13 1
162 13 1
166 13 1
167 13 1
168 13 1
169 13 1
170 13 1
172 13 1
173 13 1
174 13 1
175 13 1
176 13 1
177 13 1
178 13 1
179 13 1
180 13 1
181 13 1
182 13 1
183 13 1
184 13 1
185 13 1
160 14 1
163 14 1
165 14 1
166 14 1
169 14 1
172 14 1
173 14 1
174 14 1
175 14 1
176 14 1
177 14 1
178 14 1
179 14 1
180 14 1
182 14 1
183 14 1
188 14 1
150 15 1
156 15 1
159 15 1
166 15 1
167 15 1
168 15 1
169 15 1
170 15 1
171 15 1
172 15 1
173 15 1
174 15 1
176 15 1
178 15 1
179 15 1
180 15 1
181 15 1
183 15 1
184 15 1
166 16 1
168 16 1
170 16 1
172 16 1
173 16 1
174 16 1
176 16 1
177 16 1
178 16 1
179 16 1
180 16 1
184 16 1
186 16 1
188 16 1
189 16 1
156 17 1
158 17 1
164 17 1
165 17 1
166 17 1
167 17 1
168 17 1
169 17 1
170 17 1
172 17 1
173 17 1
174 17 1
176 17 1
178 17 1
179 17 1
181 17 1
182 17 1
184 17 1
185 17 1
186 17 1
188 17 1
136 18 1
148 18 1
153 18 1
155 18 1
156 18 1
160 18 1
161 18 1
164 18 1
166 18 1
168 18 1
170 18 1
172 18 1
173 18 1
174 18 1
175 18 1
176 18 1
177 18 1
179 18 1
180 18 1
181 18 1
182 18 1
184 18 1
185 18 1
187 18 1
156 19 1
160 19 1
162 19 1
164 19 1
166 19 1
167 19 1
168 19 1
169 19 1
170 19 1
172 19 1
173 19 1
174 19 1
175 19 1
176 19 1
177 19 1
178 19 1
179 19 1
180 19 1
182 19 1
185 19 1
186 19 1
187 19 1
188 19 1
150 20 1
152 20 1
154 20 1
160 20 1
162 20 1
166 20 1
168 20 1
170 20 1
174 20 1
176 20 1
177 20 1
179 20 1
180 20 1
181 20 1
182 20 1
184 20 1
188 20 1
154 21 1
158 21 1
160 21 1
162 21 1
168 21 1
170 21 1
174 21 1
175 21 1
176 21 1
178 21 1
180 21 1
182 21 1
185 21 1
187 21 1
154 22 1
159 22 1
160 22 1
161 22 1
175 22 1
176 22 1
179 22 1
181 22 1
186 22 1
148 23 1
152 23 1
157 23 1
172 23 1
176 23 1
180 23 1
184 23 1
186 23 1
150 24 1
165 24 1
180 24 1
148 25 1
150 25 1
155 25 1
170 25 1
176 25 1
177 25 1
178 25 1
150 26 1
152 26 1
153 26 1
156 26 1
158 26 1
176 26 1
177 26 1
182 26 1
186 26 1
145 27 1
148 27 1
150 27 1
155 27 1
156 27 1
158 27 1
172 27 1
174 27 1
138 28 1
152 28 1
154 28 1
172 28 1
176 28 1
181 28 1
184 28 1
140 29 1
146 29 1
155 29 1
156 29 1
158 29 1
170 29 1
187 29 1
146 30 1
152 30 1
154 30 1
158 30 1
176 30 1
180 30 1
184 30 1
185 30 1
188 30 1
145 31 1
146 31 1
152 31 1
154 31 1
181 31 1
188 31 1
132 32 1
134 32 1
146 32 1
150 32 1
152 32 1
153 32 1
160 32 1
166 32 1
174 32 1
176 32 1
180 32 1
182 32 1
186 32 1
188 32 1
145 33 1
148 33 1
149 33 1
153 33 1
144 34 1
145 34 1
150 34 1
152 34 1
158 34 1
161 34 1
162 34 1
174 34 1
144 35 1
149 35 1
152 35 1
158 35 1
161 35 1
162 35 1
180 35 1
181 35 1
182 35 1
186 35 1
140 36 1
143 36 1
144 36 1
146 36 1
147 36 1
148 36 1
164 36 1
165 36 1
166 36 1
176 36 1
162 37 1
166 37 1
168 37 1
176 37 1
178 37 1
143 38 1
158 38 1
159 38 1
160 38 1
162 38 1
163 38 1
164 38 1
144 39 1
150 39 1
160 39 1
164 39 1
165 39 1
178 39 1
188 39 1
142 40 1
144 40 1
146 40 1
158 40 1
159 40 1
163 40 1
164 40 1
176 40 1
188 40 1
144 41 1
166 41 1
169 41 1
180 41 1
182 41 1
188 41 1
142 42 1
146 42 1
163 42 1
146 43 1
163 43 1
176 43 1
178 43 1
140 44 1
148 44 1
163 44 1
166 44 1
184 44 1
166 46 1
170 46 1
186 46 1
188 46 1
145 47 1
160 47 1
162 47 1
163 47 1
140 48 1
140 49 1
141 49 1
142 49 1
144 49 1
146 49 1
147 49 1
165 49 1
139 50 1
140 50 1
141 50 1
143 50 1
144 50 1
161 50 1
167 50 1
132 51 1
133 51 1
134 51 1
135 51 1
136 51 1
137 51 1
138 51 1
141 51 1
142 51 1
143 51 1
160 51 1
122 52 1
125 52 1
128 52 1
129 52 1
130 52 1
131 52 1
132 52 1
133 52 1
134 52 1
135 52 1
136 52 1
137 52 1
138 52 1
140 52 1
141 52 1
146 52 1
148 52 1
149 52 1
160 52 1
166 52 1
132 53 1
135 53 1
136 53 1
140 53 1
150 53 1
152 53 1
154 53 1
155 53 1
156 53 1
159 53 1
160 53 1
161 53 1
162 53 1
132 54 1
134 54 1
135 54 1
136 54 1
138 54 1
152 54 1
154 54 1
168 54 1
170 54 1
171 54 1
122 55 1
124 55 1
126 55 1
127 55 1
128 55 1
130 55 1
131 55 1
132 55 1
133 55 1
134 55 1
135 55 1
136 55 1
140 55 1
141 55 1
152 55 1
154 55 1
156 55 1
157 55 1
180 55 1
186 55 1
122 56 1
124 56 1
126 56 1
133 56 1
134 56 1
136 56 1
138 56 1
140 56 1
141 56 1
142 56 1
143 56 1
145 56 1
164 56 1
184 56 1
188 56 1
125 57 1
130 57 1
132 57 1
134 57 1
135 57 1
136 57 1
138 57 1
166 57 1
126 58 1
133 58 1
135 58 1
136 58 1
188 60 1
146 62 1
134 63 1
136 63 1
166 63 1
126 64 1
136 64 1
174 65 1
163 66 1
164 66 1
160 67 1
170 67 1
176 67 1
18 74 1
13 75 1
14 75 1
17 75 1
8 76 1
10 76 1
13 76 1
14 76 1
18 76 1
5 77 1
6 77 1
7 77 1
8 77 1
9 77 1
14 77 1
16 77 1
19 77 1
2 78 1
3 78 1
4 78 1
6 78 1
7 78 1
8 78 1
9 78 1
12 78 1
13 78 1
14 78 1
15 78 1
150 78 1
1 79 1
2 79 1
3 79 1
5 79 1
6 79 1
9 79 1
12 79 1
150 79 1
1 80 1
2 80 1
4 80 1
5 80 1
6 80 1
7 80 1
8 80 1
9 80 1
18 80 1
1 81 1
2 81 1
4 81 1
6 81 1
7 81 1
14 81 1
10 82 1
8 83 1
162 83 1
2 85 1
16 90 1
17 90 1
18 90 1
12 91 1
14 91 1
9 92 1
18 92 1
134 92 1
6 93 1
8 93 1
10 93 1
1 94 1
4 94 1
6 94 1
10 94 1
11 94 1
14 94 1
16 94 1
18 94 1
22 94 1
1 95 1
3 95 1
5 95 1
6 95 1
7 95 1
8 95 1
13 95 1
14 95 1
16 95 1
4 96 1
8 96 1
10 96 1
16 96 1
4 97 1
12 97 1
2 98 1
4 98 1
5 98 1
12 98 1
18 98 1
2 99 1
12 99 1
17 99 1
2 100 1
5 100 1
9 100 1
10 100 1
14 100 1
2 101 1
3 101 1
10 101 1
175 101 1
4 102 1
9 102 1
14 102 1
2 103 1
3 103 1
9 103 1
16 103 1
17 103 1
6 104 1
12 104 1
2 105 1
12 105 1
14 105 1
15 105 1
2 106 1
15 106 1
16 106 1
3 107 1
6 107 1
10 107 1
3 108 1
8 108 1
9 108 1
10 108 1
14 108 1
156 108 1
2 109 1
3 109 1
9 109 1
16 109 1
17 109 1
2 110 1
3 110 1
12 110 1
1 111 1
2 111 1
6 111 1
14 111 1
122 111 1
1 112 1
4 112 1
10 112 1
12 112 1
19 112 1
4 113 1
8 113 1
10 113 1
12 113 1
16 113 1
4 114 1
8 114 1
10 114 1
2 115 1
9 115 1
10 115 1
14 115 1
1 116 1
2 116 1
3 116 1
4 116 1
2 117 1
4 117 1
7 117 1
8 117 1
10 117 1
14 117 1
1 118 1
8 119 1
11 119 1
14 119 1
16 119 1
1 120 1
2 120 1
4 120 1
5 120 1
14 120 1
16 120 1
138 120 1
142 120 1
144 120 1
8 121 1
9 121 1
10 121 1
11 121 1
136 121 1
2 122 1
5 122 1
1 123 1
2 123 1
5 123 1
10 123 1
17 123 1
2 124 1
4 124 1
6 124 1
8 124 1
14 124 1
6 125 1
10 125 1
11 125 1
6 126 1
10 126 1
12 126 1
18 126 1
8 127 1
14 127 1
16 127 1
4 128 1
10 128 1
16 128 1
3 129 1
7 129 1
12 129 1
6 130 1
7 130 1
13 130 1
14 130 1
5 131 1
16 131 1
4 132 1
6 132 1
11 132 1
6 133 1
14 133 1
18 133 1
13 135 1
18 135 1
24 135 1
1 136 1
2 136 1
1 137 1
2 137 1
6 137 1
14 137 1
18 137 1
182 137 1
185 137 1
186 137 1
7 138 1
19 138 1
9 139 1
1 140 1
2 140 1
8 140 1
6 141 1
8 141 1
1 142 1
2 142 1
3 142 1
8 142 1
10 142 1
12 142 1
16 142 1
17 142 1
4 143 1
8 143 1
11 143 1
14 143 1
3 144 1
4 144 1
6 145 1
12 145 1
16 145 1
5 146 1
8 146 1
13 146 1
4 147 1
7 147 1
10 147 1
12 147 1
13 147 1
10 148 1
11 148 1
14 148 1
15 148 1
2 150 1
3 150 1
7 151 1
10 151 1
12 151 1
2 152 1
10 152 1
12 152 1
2 153 1
6 153 1
8 153 1
19 153 1
3 154 1
7 154 1
12 154 1
14 154 1
15 154 1
1 155 1
4 155 1
6 155 1
9 155 1
10 155 1
16 155 1
17 155 1
5 157 1
8 157 1
13 157 1
16 157 1
6 158 1
8 158 1
1 159 1
12 159 1
6 160 1
9 160 1
10 160 1
12 160 1
14 160 1
6 161 1
9 161 1
12 161 1
16 161 1
1 162 1
4 162 1
5 162 1
6 162 1
3 163 1
6 163 1
7 166 1
16 167 1
18 167 1
1 168 1
8 168 1
12 168 1
18 168 1
5 169 1
8 169 1
10 169 1
17 169 1
2 170 1
4 170 1
5 170 1
10 170 1
12 170 1
68 170 1
9 171 1
16 172 1
4 173 1
6 173 1
8 173 1
11 173 1
12 173 1
1 174 1
3 174 1
5 174 1
12 174 1
16 174 1
17 174 1
2 175 1
18 175 1
3 176 1
9 176 1
10 176 1
12 176 1
14 176 1
18 176 1
6 177 1
10 177 1
52 51 2
53 51 2
54 51 2
55 51 2
50 52 2
51 52 2
52 52 2
53 52 2
54 52 2
55 52 2
50 53 2
51 53 2
52 53 2
53 53 2
54 53 2
55 53 2
50 54 2
51 54 2
52 54 2
53 54 2
54 54 2
55 54 2
56 54 2
57 54 2
50 55 2
51 55 2
52 55 2
53 55 2
54 55 2
55 55 2
56 55 2
57 55 2
49 56 2
50 56 2
51 56 2
52 56 2
53 56 2
54 56 2
55 56 2
56 56 2
57 56 2
58 56 2
49 57 2
50 57 2
51 57 2
52 57 2
53 57 2
54 57 2
55 57 2
56 57 2
57 57 2
58 57 2
59 57 2
60 57 2
49 58 2
50 58 2
51 58 2
52 58 2
53 58 2
54 58 2
55 58 2
56 58 2
57 58 2
58 58 2
59 58 2
60 58 2
61 58 2
62 58 2
63 58 2
48 59 2
50 59 2
51 59 2
52 59 2
53 59 2
54 59 2
55 59 2
56 59 2
57 59 2
58 59 2
59 59 2
60 59 2
61 59 2
62 59 2
63 59 2
50 60 2
51 60 2
52 60 2
53 60 2
54 60 2
55 60 2
56 60 2
57 60 2
58 60 2
59 60 2
60 60 2
61 60 2
62 60 2
63 60 2
50 61 2
51 61 2
52 61 2
53 61 2
54 61 2
55 61 2
56 61 2
57 61 2
58 61 2
59 61 2
60 61 2
61 61 2
62 61 2
63 61 2
51 62 2
52 62 2
53 62 2
54 62 2
55 62 2
56 62 2
57 62 2
58 62 2
59 62 2
60 62 2
61 62 2
62 62 2
51 63 2
52 63 2
53 63 2
54 63 2
55 63 2
51 64 2
52 64 2
53 64 2
54 64 2
55 64 2
52 65 2
53 65 2
54 65 2
55 65 2
56 65 2
52 66 2
53 66 2
54 66 2
55 66 2
52 67 2
53 67 2
54 67 2
55 67 2
50 68 2
52 68 2
53 68 2
54 68 2
55 68 2
53 69 2
54 69 2
56 69 2
57 69 2
53 70 2
54 70 2
55 70 2
56 70 2
53 71 2
53 72 2
