10 1 0
29 1 0
30 1 0
44 1 0
45 1 0
46 1 0
58 1 0
59 1 0
60 1 0
89 1 0
90 1 0
102 1 0
103 1 0
104 1 0
114 1 0
1 2 0
6 2 0
8 2 0
29 2 0
30 2 0
31 2 0
41 2 0
42 2 0
43 2 0
44 2 0
45 2 0
46 2 0
56 2 0
57 2 0
58 2 0
59 2 0
60 2 0
77 2 0
85 2 0
88 2 0
89 2 0
92 2 0
103 2 0
104 2 0
29 3 0
42 3 0
43 3 0
44 3 0
46 3 0
57 3 0
58 3 0
59 3 0
60 3 0
84 3 0
86 3 0
88 3 0
102 3 0
104 3 0
110 3 0
184 3 0
12 4 0
29 4 0
30 4 0
42 4 0
43 4 0
44 4 0
45 4 0
46 4 0
56 4 0
57 4 0
58 4 0
59 4 0
60 4 0
76 4 0
90 4 0
107 4 0
186 4 0
28 5 0
30 5 0
42 5 0
43 5 0
44 5 0
46 5 0
58 5 0
59 5 0
60 5 0
80 5 0
84 5 0
88 5 0
90 5 0
102 5 0
104 5 0
181 5 0
188 5 0
29 6 0
42 6 0
43 6 0
44 6 0
45 6 0
46 6 0
58 6 0
59 6 0
60 6 0
64 6 0
73 6 0
76 6 0
80 6 0
86 6 0
88 6 0
97 6 0
104 6 0
110 6 0
178 6 0
179 6 0
180 6 0
181 6 0
28 7 0
43 7 0
44 7 0
45 7 0
46 7 0
57 7 0
58 7 0
59 7 0
60 7 0
62 7 0
77 7 0
86 7 0
92 7 0
164 7 0
178 7 0
180 7 0
182 7 0
183 7 0
184 7 0
186 7 0
35 8 0
42 8 0
43 8 0
44 8 0
46 8 0
58 8 0
59 8 0
60 8 0
98 8 0
158 8 0
174 8 0
175 8 0
178 8 0
181 8 0
182 8 0
183 8 0
184 8 0
186 8 0
40 9 0
42 9 0
43 9 0
44 9 0
46 9 0
57 9 0
58 9 0
59 9 0
60 9 0
79 9 0
82 9 0
102 9 0
168 9 0
169 9 0
174 9 0
177 9 0
178 9 0
179 9 0
180 9 0
181 9 0
182 9 0
183 9 0
184 9 0
185 9 0
186 9 0
188 9 0
13 10 0
42 10 0
43 10 0
46 10 0
48 10 0
56 10 0
58 10 0
59 10 0
60 10 0
80 10 0
82 10 0
92 10 0
94 10 0
96 10 0
97 10 0
100 10 0
102 10 0
103 10 0
168 10 0
172 10 0
175 10 0
176 10 0
178 10 0
179 10 0
180 10 0
181 10 0
182 10 0
184 10 0
185 10 0
186 10 0
187 10 0
188 10 0
42 11 0
43 11 0
44 11 0
45 11 0
46 11 0
56 11 0
58 11 0
59 11 0
60 11 0
70 11 0
79 11 0
102 11 0
164 11 0
166 11 0
170 11 0
172 11 0
174 11 0
175 11 0
176 11 0
178 11 0
179 11 0
180 11 0
182 11 0
183 11 0
184 11 0
185 11 0
186 11 0
187 11 0
188 11 0
189 11 0
42 12 0
43 12 0
44 12 0
46 12 0
57 12 0
58 12 0
60 12 0
96 12 0
104 12 0
164 12 0
172 12 0
173 12 0
174 12 0
175 12 0
176 12 0
177 12 0
178 12 0
180 12 0
181 12 0
182 12 0
183 12 0
184 12 0
185 12 0
186 12 0
188 12 0
11 13 0
29 13 0
32 13 0
42 13 0
43 13 0
44 13 0
45 13 0
56 13 0
58 13 0
59 13 0
60 13 0
62 13 0
159 13 0
168 13 0
170 13 0
172 13 0
173 13 0
175 13 0
176 13 0
178 13 0
179 13 0
180 13 0
181 13 0
182 13 0
183 13 0
184 13 0
187 13 0
188 13 0
14 14 0
42 14 0
43 14 0
44 14 0
45 14 0
46 14 0
57 14 0
58 14 0
59 14 0
60 14 0
70 14 0
81 14 0
95 14 0
96 14 0
118 14 0
160 14 0
164 14 0
166 14 0
170 14 0
172 14 0
175 14 0
176 14 0
177 14 0
178 14 0
179 14 0
180 14 0
182 14 0
183 14 0
184 14 0
185 14 0
186 14 0
187 14 0
188 14 0
8 15 0
42 15 0
44 15 0
45 15 0
56 15 0
57 15 0
58 15 0
59 15 0
60 15 0
92 15 0
116 15 0
156 15 0
159 15 0
161 15 0
166 15 0
170 15 0
171 15 0
173 15 0
174 15 0
175 15 0
176 15 0
177 15 0
178 15 0
179 15 0
180 15 0
181 15 0
182 15 0
183 15 0
184 15 0
185 15 0
186 15 0
187 15 0
188 15 0
189 15 0
16 16 0
29 16 0
37 16 0
40 16 0
42 16 0
43 16 0
44 16 0
46 16 0
54 16 0
56 16 0
58 16 0
59 16 0
60 16 0
62 16 0
80 16 0
91 16 0
118 16 0
156 16 0
160 16 0
162 16 0
166 16 0
168 16 0
170 16 0
171 16 0
172 16 0
174 16 0
176 16 0
177 16 0
178 16 0
179 16 0
180 16 0
181 16 0
183 16 0
184 16 0
185 16 0
187 16 0
14 17 0
45 17 0
46 17 0
56 17 0
57 17 0
58 17 0
59 17 0
60 17 0
72 17 0
156 17 0
159 17 0
168 17 0
170 17 0
172 17 0
173 17 0
174 17 0
176 17 0
178 17 0
179 17 0
181 17 0
182 17 0
184 17 0
185 17 0
186 17 0
188 17 0
189 17 0
29 18 0
41 18 0
42 18 0
43 18 0
44 18 0
45 18 0
46 18 0
58 18 0
59 18 0
60 18 0
62 18 0
79 18 0
88 18 0
160 18 0
172 18 0
174 18 0
175 18 0
176 18 0
179 18 0
180 18 0
181 18 0
182 18 0
184 18 0
185 18 0
186 18 0
187 18 0
188 18 0
42 19 0
43 19 0
56 19 0
58 19 0
59 19 0
60 19 0
158 19 0
160 19 0
162 19 0
164 19 0
170 19 0
171 19 0
172 19 0
173 19 0
174 19 0
175 19 0
177 19 0
178 19 0
179 19 0
180 19 0
182 19 0
183 19 0
185 19 0
186 19 0
187 19 0
188 19 0
189 19 0
42 20 0
44 20 0
56 20 0
58 20 0
59 20 0
60 20 0
118 20 0
162 20 0
164 20 0
165 20 0
166 20 0
170 20 0
171 20 0
172 20 0
174 20 0
176 20 0
177 20 0
178 20 0
179 20 0
180 20 0
181 20 0
182 20 0
183 20 0
184 20 0
185 20 0
187 20 0
188 20 0
189 20 0
28 21 0
43 21 0
58 21 0
59 21 0
60 21 0
158 21 0
160 21 0
162 21 0
165 21 0
166 21 0
168 21 0
170 21 0
171 21 0
174 21 0
175 21 0
176 21 0
177 21 0
178 21 0
179 21 0
180 21 0
181 21 0
182 21 0
183 21 0
184 21 0
185 21 0
186 21 0
187 21 0
188 21 0
46 22 0
57 22 0
58 22 0
59 22 0
60 22 0
94 22 0
116 22 0
162 22 0
165 22 0
167 22 0
172 22 0
178 22 0
179 22 0
180 22 0
181 22 0
182 22 0
183 22 0
184 22 0
186 22 0
188 22 0
43 23 0
44 23 0
45 23 0
46 23 0
58 23 0
59 23 0
60 23 0
95 23 0
117 23 0
149 23 0
151 23 0
157 23 0
162 23 0
166 23 0
172 23 0
176 23 0
180 23 0
181 23 0
182 23 0
183 23 0
184 23 0
185 23 0
186 23 0
188 23 0
12 24 0
36 24 0
58 24 0
59 24 0
60 24 0
62 24 0
138 24 0
161 24 0
165 24 0
166 24 0
174 24 0
176 24 0
180 24 0
182 24 0
186 24 0
189 24 0
43 25 0
44 25 0
46 25 0
58 25 0
59 25 0
60 25 0
61 25 0
114 25 0
117 25 0
152 25 0
160 25 0
174 25 0
178 25 0
181 25 0
184 25 0
185 25 0
186 25 0
188 25 0
19 26 0
45 26 0
46 26 0
58 26 0
59 26 0
60 26 0
162 26 0
176 26 0
187 26 0
44 27 0
46 27 0
58 27 0
60 27 0
156 27 0
158 27 0
159 27 0
161 27 0
163 27 0
178 27 0
184 27 0
11 28 0
43 28 0
44 28 0
46 28 0
58 28 0
59 28 0
60 28 0
118 28 0
154 28 0
156 28 0
157 28 0
158 28 0
163 28 0
164 28 0
165 28 0
166 28 0
176 28 0
180 28 0
181 28 0
183 28 0
184 28 0
15 29 0
16 29 0
43 29 0
58 29 0
59 29 0
60 29 0
82 29 0
84 29 0
156 29 0
158 29 0
160 29 0
161 29 0
162 29 0
163 29 0
166 29 0
170 29 0
175 29 0
187 29 0
188 29 0
43 30 0
58 30 0
59 30 0
114 30 0
118 30 0
144 30 0
156 30 0
166 30 0
167 30 0
176 30 0
180 30 0
184 30 0
185 30 0
186 30 0
188 30 0
29 31 0
36 31 0
44 31 0
46 31 0
57 31 0
58 31 0
144 31 0
160 31 0
162 31 0
178 31 0
181 31 0
184 31 0
187 31 0
188 31 0
18 32 0
29 32 0
44 32 0
46 32 0
74 32 0
94 32 0
116 32 0
155 32 0
156 32 0
163 32 0
165 32 0
167 32 0
176 32 0
178 32 0
180 32 0
188 32 0
13 33 0
29 33 0
43 33 0
44 33 0
45 33 0
46 33 0
47 33 0
153 33 0
160 33 0
162 33 0
163 33 0
172 33 0
176 33 0
179 33 0
184 33 0
16 34 0
44 34 0
46 34 0
90 34 0
162 34 0
167 34 0
179 34 0
114 35 0
155 35 0
157 35 0
160 35 0
181 35 0
32 36 0
46 36 0
90 36 0
118 36 0
160 36 0
162 36 0
163 36 0
165 36 0
176 36 0
178 36 0
186 36 0
30 37 0
43 37 0
118 37 0
154 37 0
164 37 0
168 37 0
170 37 0
174 37 0
176 37 0
29 38 0
102 38 0
108 38 0
115 38 0
118 38 0
152 38 0
154 38 0
169 38 0
182 38 0
185 38 0
18 39 0
20 39 0
30 39 0
43 39 0
88 39 0
118 39 0
152 39 0
153 39 0
154 39 0
168 39 0
45 40 0
108 40 0
118 40 0
152 40 0
153 40 0
164 40 0
166 40 0
168 40 0
181 40 0
188 40 0
189 40 0
8 41 0
34 41 0
44 41 0
48 41 0
88 41 0
104 41 0
108 41 0
109 41 0
114 41 0
116 41 0
118 41 0
152 41 0
160 41 0
166 41 0
168 41 0
169 41 0
170 41 0
172 41 0
179 41 0
44 42 0
45 42 0
118 42 0
150 42 0
170 42 0
172 42 0
180 42 0
184 42 0
186 42 0
189 42 0
42 43 0
111 43 0
149 43 0
152 43 0
175 43 0
176 43 0
177 43 0
45 44 0
46 44 0
100 44 0
114 44 0
119 44 0
120 44 0
156 44 0
166 44 0
170 44 0
179 44 0
116 45 0
149 45 0
171 45 0
32 46 0
44 46 0
46 46 0
90 46 0
104 46 0
150 46 0
151 46 0
164 46 0
170 46 0
172 46 0
173 47 0
182 47 0
46 48 0
106 48 0
116 48 0
119 48 0
120 48 0
147 48 0
164 48 0
44 49 0
114 49 0
174 49 0
180 49 0
44 50 0
64 50 0
142 50 0
148 50 0
149 50 0
169 50 0
60 51 0
62 51 0
118 51 0
138 51 0
149 51 0
150 51 0
160 51 0
35 52 0
58 52 0
60 52 0
62 52 0
64 52 0
104 52 0
107 52 0
119 52 0
138 52 0
139 52 0
140 52 0
142 52 0
143 52 0
144 52 0
148 52 0
152 52 0
166 52 0
170 52 0
175 52 0
44 53 0
46 53 0
60 53 0
61 53 0
62 53 0
64 53 0
106 53 0
118 53 0
119 53 0
120 53 0
125 53 0
129 53 0
130 53 0
131 53 0
133 53 0
134 53 0
138 53 0
140 53 0
141 53 0
142 53 0
143 53 0
145 53 0
155 53 0
156 53 0
161 53 0
162 53 0
169 53 0
173 53 0
176 53 0
182 53 0
60 54 0
61 54 0
62 54 0
64 54 0
102 54 0
114 54 0
120 54 0
123 54 0
127 54 0
128 54 0
132 54 0
137 54 0
140 54 0
141 54 0
142 54 0
143 54 0
144 54 0
157 54 0
161 54 0
162 54 0
163 54 0
166 54 0
170 54 0
174 54 0
38 55 0
62 55 0
64 55 0
89 55 0
98 55 0
117 55 0
118 55 0
120 55 0
121 55 0
122 55 0
127 55 0
128 55 0
129 55 0
130 55 0
132 55 0
134 55 0
140 55 0
141 55 0
144 55 0
156 55 0
158 55 0
160 55 0
162 55 0
172 55 0
174 55 0
176 55 0
178 55 0
180 55 0
186 55 0
60 56 0
61 56 0
62 56 0
100 56 0
115 56 0
118 56 0
119 56 0
120 56 0
124 56 0
126 56 0
127 56 0
128 56 0
129 56 0
130 56 0
134 56 0
138 56 0
139 56 0
143 56 0
144 56 0
145 56 0
148 56 0
158 56 0
162 56 0
163 56 0
164 56 0
178 56 0
180 56 0
181 56 0
184 56 0
185 56 0
186 56 0
48 57 0
60 57 0
61 57 0
62 57 0
90 57 0
116 57 0
118 57 0
120 57 0
122 57 0
124 57 0
128 57 0
129 57 0
130 57 0
134 57 0
139 57 0
140 57 0
141 57 0
144 57 0
145 57 0
146 57 0
147 57 0
148 57 0
150 57 0
152 57 0
166 57 0
169 57 0
172 57 0
174 57 0
186 57 0
187 57 0
188 57 0
45 58 0
46 58 0
62 58 0
78 58 0
88 58 0
104 58 0
112 58 0
119 58 0
122 58 0
126 58 0
130 58 0
136 58 0
137 58 0
141 58 0
142 58 0
145 58 0
146 58 0
173 58 0
46 59 0
62 59 0
118 59 0
119 59 0
131 59 0
140 59 0
175 59 0
30 60 0
47 60 0
48 60 0
49 60 0
60 60 0
61 60 0
62 60 0
63 60 0
80 60 0
92 60 0
100 60 0
119 60 0
30 61 0
52 61 0
59 61 0
62 61 0
63 61 0
81 61 0
83 61 0
84 61 0
85 61 0
86 61 0
106 61 0
112 61 0
118 61 0
47 62 0
48 62 0
56 62 0
61 62 0
62 62 0
63 62 0
84 62 0
85 62 0
86 62 0
98 62 0
112 62 0
113 62 0
114 62 0
115 62 0
118 62 0
142 62 0
146 62 0
170 62 0
38 63 0
46 63 0
55 63 0
63 63 0
74 63 0
84 63 0
86 63 0
94 63 0
104 63 0
136 63 0
146 63 0
30 64 0
46 64 0
62 64 0
64 64 0
65 64 0
66 64 0
74 64 0
78 64 0
79 64 0
80 64 0
82 64 0
85 64 0
100 64 0
48 65 0
58 65 0
60 65 0
64 65 0
65 65 0
66 65 0
70 65 0
77 65 0
96 65 0
130 65 0
139 65 0
140 65 0
170 65 0
47 66 0
64 66 0
65 66 0
66 66 0
152 66 0
154 66 0
163 66 0
189 66 0
42 67 0
43 67 0
44 67 0
46 67 0
47 67 0
61 67 0
63 67 0
66 67 0
114 67 0
115 67 0
169 67 0
170 67 0
32 68 0
41 68 0
44 68 0
46 68 0
63 68 0
104 68 0
170 68 0
171 68 0
37 69 0
39 69 0
41 69 0
42 69 0
43 69 0
184 69 0
187 69 0
37 70 0
38 70 0
40 70 0
38 71 0
39 71 0
40 71 0
41 71 0
29 72 0
30 72 0
31 72 0
37 72 0
38 72 0
40 72 0
29 73 0
30 73 0
31 73 0
39 73 0
26 74 0
27 74 0
28 74 0
29 74 0
30 74 0
31 74 0
32 74 0
33 74 0
66 74 0
88 74 0
16 75 0
17 75 0
18 75 0
26 75 0
30 75 0
32 75 0
48 75 0
50 75 0
84 75 0
12 76 0
13 76 0
14 76 0
16 76 0
19 76 0
20 76 0
26 76 0
27 76 0
29 76 0
30 76 0
79 76 0
94 76 0
8 77 0
12 77 0
14 77 0
15 77 0
17 77 0
18 77 0
19 77 0
20 77 0
26 77 0
7 78 0
8 78 0
10 78 0
11 78 0
13 78 0
14 78 0
15 78 0
17 78 0
18 78 0
19 78 0
55 78 0
57 78 0
65 78 0
2 79 0
5 79 0
6 79 0
7 79 0
8 79 0
9 79 0
12 79 0
14 79 0
15 79 0
16 79 0
17 79 0
53 79 0
54 79 0
55 79 0
56 79 0
57 79 0
60 79 0
63 79 0
8 80 0
9 80 0
10 80 0
11 80 0
13 80 0
14 80 0
15 80 0
53 80 0
58 80 0
59 80 0
18 81 0
41 81 0
44 81 0
53 81 0
54 81 0
15 82 0
40 82 0
48 82 0
50 82 0
56 82 0
57 82 0
8 83 0
12 83 0
14 83 0
45 83 0
46 83 0
47 83 0
48 83 0
54 83 0
62 83 0
162 83 0
43 85 0
44 85 0
50 85 0
16 86 0
28 86 0
159 86 0
44 87 0
46 87 0
157 87 0
40 88 0
42 88 0
148 89 0
22 90 0
16 91 0
18 91 0
150 91 0
12 92 0
15 92 0
18 92 0
32 92 0
182 92 0
7 93 0
8 93 0
9 93 0
10 93 0
11 93 0
12 93 0
18 93 0
25 93 0
29 93 0
32 93 0
4 94 0
6 94 0
10 94 0
11 94 0
15 94 0
17 94 0
31 94 0
1 95 0
6 95 0
8 95 0
9 95 0
10 95 0
12 95 0
13 95 0
14 95 0
15 95 0
17 95 0
18 95 0
4 96 0
8 96 0
9 96 0
12 96 0
13 96 0
16 96 0
18 96 0
164 96 0
168 96 0
1 97 0
4 97 0
5 97 0
6 97 0
14 97 0
15 97 0
18 97 0
2 98 0
4 98 0
5 98 0
6 98 0
8 98 0
9 98 0
10 98 0
12 98 0
16 98 0
134 98 0
2 99 0
5 99 0
6 99 0
7 99 0
8 99 0
9 99 0
16 99 0
17 99 0
18 99 0
40 99 0
1 100 0
2 100 0
3 100 0
4 100 0
9 100 0
12 100 0
14 100 0
18 100 0
1 101 0
3 101 0
8 101 0
17 101 0
23 101 0
44 101 0
6 102 0
7 102 0
9 102 0
11 102 0
15 102 0
16 102 0
18 102 0
19 102 0
2 103 0
3 103 0
6 103 0
8 103 0
11 103 0
15 103 0
180 103 0
1 104 0
4 104 0
8 104 0
9 104 0
10 104 0
12 104 0
15 104 0
19 104 0
1 105 0
2 105 0
3 105 0
4 105 0
5 105 0
7 105 0
10 105 0
15 105 0
16 105 0
19 105 0
2 106 0
4 106 0
5 106 0
6 106 0
8 106 0
11 106 0
13 106 0
16 106 0
18 106 0
19 106 0
163 106 0
2 107 0
4 107 0
6 107 0
7 107 0
8 107 0
14 107 0
16 107 0
17 107 0
26 107 0
1 108 0
2 108 0
3 108 0
4 108 0
5 108 0
7 108 0
8 108 0
9 108 0
13 108 0
16 108 0
17 108 0
19 108 0
156 108 0
2 109 0
6 109 0
7 109 0
8 109 0
11 109 0
12 109 0
17 109 0
18 109 0
170 109 0
2 110 0
4 110 0
8 110 0
9 110 0
10 110 0
12 110 0
19 110 0
1 111 0
5 111 0
6 111 0
11 111 0
12 111 0
13 111 0
19 111 0
122 111 0
2 112 0
6 112 0
10 112 0
16 112 0
17 112 0
20 112 0
3 113 0
4 113 0
5 113 0
6 113 0
10 113 0
12 113 0
13 113 0
14 113 0
15 113 0
16 113 0
19 113 0
1 114 0
4 114 0
5 114 0
9 114 0
12 114 0
14 114 0
15 114 0
16 114 0
19 114 0
1 115 0
4 115 0
5 115 0
6 115 0
10 115 0
12 115 0
14 115 0
15 115 0
16 115 0
18 115 0
1 116 0
2 116 0
4 116 0
6 116 0
8 116 0
9 116 0
10 116 0
13 116 0
14 116 0
16 116 0
18 116 0
19 116 0
184 116 0
1 117 0
2 117 0
3 117 0
5 117 0
7 117 0
8 117 0
9 117 0
10 117 0
16 117 0
19 117 0
1 118 0
3 118 0
5 118 0
8 118 0
10 118 0
11 118 0
13 118 0
14 118 0
17 118 0
8 119 0
9 119 0
10 119 0
11 119 0
13 119 0
14 119 0
19 119 0
20 119 0
3 120 0
4 120 0
5 120 0
6 120 0
7 120 0
8 120 0
11 120 0
12 120 0
13 120 0
15 120 0
16 120 0
17 120 0
50 120 0
144 120 0
1 121 0
2 121 0
8 121 0
13 121 0
14 121 0
15 121 0
16 121 0
17 121 0
148 121 0
2 122 0
5 122 0
8 122 0
9 122 0
12 122 0
14 122 0
18 122 0
146 122 0
2 123 0
5 123 0
6 123 0
9 123 0
12 123 0
3 124 0
4 124 0
5 124 0
6 124 0
7 124 0
8 124 0
10 124 0
11 124 0
12 124 0
13 124 0
15 124 0
19 124 0
1 125 0
3 125 0
10 125 0
11 125 0
12 125 0
16 125 0
2 126 0
3 126 0
4 126 0
6 126 0
10 126 0
12 126 0
14 126 0
16 126 0
17 126 0
18 126 0
32 126 0
1 127 0
2 127 0
3 127 0
4 127 0
6 127 0
10 127 0
12 127 0
18 127 0
3 128 0
5 128 0
7 128 0
8 128 0
10 128 0
11 128 0
12 128 0
13 128 0
16 128 0
18 128 0
1 129 0
5 129 0
6 129 0
8 129 0
9 129 0
10 129 0
11 129 0
12 129 0
14 129 0
15 129 0
17 129 0
18 129 0
1 130 0
3 130 0
4 130 0
5 130 0
8 130 0
10 130 0
12 130 0
16 130 0
17 130 0
18 130 0
40 130 0
3 131 0
4 131 0
9 131 0
12 131 0
14 131 0
15 131 0
18 131 0
2 132 0
3 132 0
8 132 0
9 132 0
10 132 0
13 132 0
16 132 0
5 133 0
6 133 0
7 133 0
8 133 0
11 133 0
14 133 0
16 133 0
18 133 0
2 134 0
5 134 0
7 134 0
8 134 0
9 134 0
10 134 0
11 134 0
2 135 0
5 135 0
8 135 0
12 135 0
13 135 0
16 135 0
24 135 0
1 136 0
2 136 0
4 136 0
5 136 0
11 136 0
14 136 0
15 136 0
18 136 0
2 137 0
4 137 0
6 137 0
7 137 0
8 137 0
12 137 0
14 137 0
19 137 0
2 138 0
3 138 0
4 138 0
5 138 0
6 138 0
10 138 0
12 138 0
2 139 0
4 139 0
5 139 0
8 139 0
11 139 0
14 139 0
16 139 0
18 139 0
189 139 0
2 140 0
4 140 0
5 140 0
9 140 0
11 140 0
13 140 0
17 140 0
18 140 0
2 141 0
6 141 0
8 141 0
15 141 0
2 142 0
7 142 0
10 142 0
11 142 0
12 142 0
13 142 0
18 142 0
5 143 0
6 143 0
7 143 0
9 143 0
12 143 0
13 143 0
16 143 0
1 144 0
6 144 0
9 144 0
15 144 0
17 144 0
3 145 0
5 145 0
8 145 0
10 145 0
12 145 0
17 145 0
18 145 0
4 146 0
7 146 0
12 146 0
7 147 0
9 147 0
10 147 0
13 147 0
15 147 0
18 147 0
2 148 0
3 148 0
4 148 0
6 148 0
9 148 0
14 148 0
16 148 0
18 148 0
3 149 0
6 149 0
12 149 0
13 149 0
14 149 0
17 149 0
18 149 0
19 149 0
2 150 0
6 150 0
10 150 0
13 150 0
16 150 0
2 151 0
4 151 0
5 151 0
12 151 0
15 151 0
16 151 0
18 151 0
3 152 0
5 152 0
7 152 0
9 152 0
11 152 0
12 152 0
13 152 0
15 152 0
16 152 0
2 153 0
4 153 0
10 153 0
11 153 0
13 153 0
14 153 0
16 153 0
17 153 0
18 153 0
1 154 0
4 154 0
7 154 0
11 154 0
18 154 0
1 155 0
4 155 0
6 155 0
8 155 0
11 155 0
14 155 0
17 155 0
18 155 0
24 155 0
3 156 0
4 156 0
8 156 0
11 156 0
12 156 0
16 156 0
7 157 0
8 157 0
10 157 0
12 157 0
13 157 0
16 157 0
4 158 0
5 158 0
6 158 0
11 158 0
12 158 0
14 158 0
17 158 0
18 158 0
36 158 0
2 159 0
4 159 0
6 159 0
9 159 0
10 159 0
14 159 0
17 159 0
18 159 0
2 160 0
8 160 0
11 160 0
12 160 0
14 160 0
16 160 0
2 161 0
9 161 0
11 161 0
12 161 0
16 161 0
17 161 0
4 162 0
5 162 0
6 162 0
11 162 0
12 162 0
13 162 0
14 162 0
19 162 0
3 163 0
4 163 0
6 163 0
12 163 0
18 163 0
19 163 0
5 164 0
8 164 0
9 164 0
14 164 0
16 164 0
18 164 0
3 165 0
7 165 0
10 165 0
18 165 0
3 166 0
4 166 0
6 166 0
18 166 0
19 166 0
1 167 0
5 167 0
6 167 0
7 167 0
8 167 0
11 167 0
18 167 0
1 168 0
2 168 0
4 168 0
5 168 0
6 168 0
8 168 0
10 168 0
11 168 0
12 168 0
16 168 0
18 168 0
8 169 0
12 169 0
14 169 0
15 169 0
6 170 0
7 170 0
11 170 0
12 170 0
14 170 0
15 170 0
16 170 0
19 170 0
3 171 0
4 171 0
7 171 0
11 171 0
12 171 0
17 171 0
19 171 0
2 172 0
4 172 0
6 172 0
9 172 0
14 172 0
19 172 0
6 173 0
7 173 0
8 173 0
10 173 0
14 173 0
15 173 0
16 173 0
17 173 0
19 173 0
4 174 0
5 174 0
6 174 0
14 174 0
15 174 0
19 174 0
117 174 0
2 175 0
3 175 0
5 175 0
6 175 0
9 175 0
10 175 0
11 175 0
16 175 0
19 175 0
119 175 0
4 176 0
5 176 0
9 176 0
14 176 0
15 176 0
16 176 0
18 176 0
30 176 0
1 177 0
2 177 0
4 177 0
5 177 0
6 177 0
7 177 0
10 177 0
11 177 0
15 177 0
57 33 1
57 34 1
58 35 1
59 35 1
60 35 1
59 36 1
60 36 1
61 36 1
57 37 1
58 37 1
59 37 1
60 37 1
61 37 1
62 37 1
63 37 1
60 38 1
61 38 1
62 38 1
59 39 1
60 39 1
61 39 1
62 39 1
57 40 1
58 40 1
59 40 1
60 40 1
62 40 1
63 40 1
59 41 1
60 41 1
57 42 1
59 42 1
60 42 1
61 42 1
62 42 1
55 43 1
56 43 1
57 43 1
58 43 1
59 43 1
60 43 1
62 43 1
54 44 1
55 44 1
56 44 1
57 44 1
58 44 1
59 44 1
60 44 1
61 44 1
62 44 1
51 45 1
52 45 1
53 45 1
54 45 1
55 45 1
56 45 1
57 45 1
58 45 1
59 45 1
60 45 1
61 45 1
62 45 1
52 46 1
53 46 1
54 46 1
55 46 1
56 46 1
57 46 1
58 46 1
59 46 1
60 46 1
61 46 1
62 46 1
52 47 1
53 47 1
54 47 1
55 47 1
56 47 1
57 47 1
58 47 1
59 47 1
60 47 1
61 47 1
62 47 1
52 48 1
53 48 1
54 48 1
55 48 1
56 48 1
57 48 1
58 48 1
59 48 1
60 48 1
61 48 1
62 48 1
54 49 1
55 49 1
56 49 1
57 49 1
58 49 1
59 49 1
60 49 1
61 49 1
55 50 1
56 50 1
57 50 1
58 50 1
60 50 1
58 51 1
60 51 1
62 51 1
59 52 1
60 52 1
61 52 1
60 54 1
61 55 1
63 55 1
62 57 1
