157 125 0
158 125 0
159 125 0
160 125 0
163 125 0
164 125 0
167 125 0
183 125 0
184 125 0
185 125 0
186 125 0
154 126 0
155 126 0
156 126 0
157 126 0
158 126 0
159 126 0
160 126 0
178 126 0
179 126 0
180 126 0
184 126 0
185 126 0
186 126 0
187 126 0
153 127 0
154 127 0
155 127 0
156 127 0
157 127 0
159 127 0
160 127 0
161 127 0
162 127 0
163 127 0
178 127 0
179 127 0
180 127 0
181 127 0
182 127 0
185 127 0
186 127 0
187 127 0
188 127 0
151 128 0
152 128 0
153 128 0
154 128 0
155 128 0
156 128 0
157 128 0
158 128 0
159 128 0
160 128 0
179 128 0
180 128 0
181 128 0
182 128 0
185 128 0
186 128 0
187 128 0
188 128 0
189 128 0
149 129 0
150 129 0
151 129 0
152 129 0
153 129 0
154 129 0
155 129 0
156 129 0
157 129 0
158 129 0
166 129 0
180 129 0
181 129 0
182 129 0
183 129 0
185 129 0
186 129 0
187 129 0
188 129 0
148 130 0
149 130 0
150 130 0
151 130 0
152 130 0
153 130 0
154 130 0
155 130 0
158 130 0
165 130 0
166 130 0
180 130 0
181 130 0
182 130 0
183 130 0
184 130 0
185 130 0
186 130 0
187 130 0
188 130 0
189 130 0
190 130 0
146 131 0
147 131 0
148 131 0
149 131 0
150 131 0
151 131 0
152 131 0
153 131 0
154 131 0
165 131 0
166 131 0
180 131 0
181 131 0
182 131 0
183 131 0
184 131 0
185 131 0
186 131 0
187 131 0
188 131 0
189 131 0
145 132 0
146 132 0
147 132 0
148 132 0
150 132 0
151 132 0
152 132 0
166 132 0
180 132 0
181 132 0
182 132 0
183 132 0
184 132 0
186 132 0
187 132 0
188 132 0
139 133 0
144 133 0
145 133 0
146 133 0
147 133 0
148 133 0
149 133 0
150 133 0
151 133 0
180 133 0
181 133 0
182 133 0
183 133 0
184 133 0
186 133 0
187 133 0
188 133 0
189 133 0
130 134 0
131 134 0
132 134 0
133 134 0
134 134 0
137 134 0
138 134 0
140 134 0
144 134 0
145 134 0
146 134 0
148 134 0
149 134 0
150 134 0
151 134 0
180 134 0
181 134 0
182 134 0
183 134 0
186 134 0
187 134 0
188 134 0
219 134 0
220 134 0
221 134 0
222 134 0
125 135 0
126 135 0
127 135 0
128 135 0
129 135 0
130 135 0
131 135 0
132 135 0
133 135 0
136 135 0
146 135 0
147 135 0
148 135 0
149 135 0
153 135 0
154 135 0
155 135 0
156 135 0
186 135 0
219 135 0
220 135 0
221 135 0
222 135 0
123 136 0
124 136 0
125 136 0
126 136 0
127 136 0
128 136 0
129 136 0
131 136 0
148 136 0
149 136 0
150 136 0
151 136 0
152 136 0
153 136 0
154 136 0
186 136 0
188 136 0
189 136 0
218 136 0
219 136 0
220 136 0
221 136 0
223 136 0
121 137 0
122 137 0
123 137 0
124 137 0
125 137 0
126 137 0
127 137 0
128 137 0
148 137 0
149 137 0
150 137 0
153 137 0
154 137 0
186 137 0
188 137 0
189 137 0
217 137 0
218 137 0
219 137 0
220 137 0
221 137 0
222 137 0
121 138 0
122 138 0
123 138 0
124 138 0
125 138 0
126 138 0
127 138 0
149 138 0
150 138 0
186 138 0
188 138 0
219 138 0
220 138 0
221 138 0
121 139 0
122 139 0
123 139 0
124 139 0
125 139 0
134 139 0
185 139 0
186 139 0
188 139 0
197 139 0
217 139 0
218 139 0
219 139 0
220 139 0
221 139 0
222 139 0
120 140 0
121 140 0
122 140 0
123 140 0
124 140 0
125 140 0
186 140 0
216 140 0
217 140 0
220 140 0
221 140 0
222 140 0
121 141 0
122 141 0
123 141 0
124 141 0
128 141 0
134 141 0
186 141 0
188 141 0
189 141 0
197 141 0
198 141 0
199 141 0
204 141 0
205 141 0
206 141 0
216 141 0
217 141 0
220 141 0
221 141 0
222 141 0
121 142 0
122 142 0
123 142 0
124 142 0
125 142 0
130 142 0
131 142 0
132 142 0
133 142 0
134 142 0
135 142 0
140 142 0
141 142 0
152 142 0
186 142 0
188 142 0
195 142 0
196 142 0
197 142 0
198 142 0
204 142 0
205 142 0
206 142 0
207 142 0
208 142 0
216 142 0
217 142 0
121 143 0
122 143 0
123 143 0
124 143 0
125 143 0
126 143 0
128 143 0
129 143 0
130 143 0
131 143 0
132 143 0
133 143 0
134 143 0
135 143 0
140 143 0
141 143 0
142 143 0
143 143 0
144 143 0
186 143 0
188 143 0
189 143 0
193 143 0
194 143 0
195 143 0
196 143 0
197 143 0
205 143 0
206 143 0
207 143 0
208 143 0
209 143 0
210 143 0
219 143 0
220 143 0
121 144 0
122 144 0
123 144 0
124 144 0
125 144 0
127 144 0
128 144 0
129 144 0
130 144 0
131 144 0
132 144 0
141 144 0
142 144 0
143 144 0
144 144 0
147 144 0
186 144 0
188 144 0
193 144 0
194 144 0
195 144 0
196 144 0
206 144 0
207 144 0
208 144 0
209 144 0
210 144 0
212 144 0
221 144 0
120 145 0
121 145 0
122 145 0
123 145 0
126 145 0
127 145 0
128 145 0
129 145 0
130 145 0
131 145 0
132 145 0
142 145 0
143 145 0
144 145 0
145 145 0
146 145 0
186 145 0
188 145 0
192 145 0
193 145 0
194 145 0
195 145 0
207 145 0
208 145 0
209 145 0
210 145 0
120 146 0
121 146 0
122 146 0
123 146 0
125 146 0
126 146 0
127 146 0
128 146 0
129 146 0
130 146 0
131 146 0
143 146 0
144 146 0
145 146 0
148 146 0
186 146 0
188 146 0
192 146 0
193 146 0
194 146 0
208 146 0
209 146 0
210 146 0
211 146 0
212 146 0
120 147 0
121 147 0
122 147 0
126 147 0
127 147 0
128 147 0
129 147 0
143 147 0
144 147 0
145 147 0
146 147 0
147 147 0
191 147 0
192 147 0
193 147 0
209 147 0
210 147 0
211 147 0
212 147 0
222 147 0
120 148 0
123 148 0
124 148 0
126 148 0
127 148 0
128 148 0
129 148 0
144 148 0
145 148 0
146 148 0
147 148 0
191 148 0
192 148 0
193 148 0
209 148 0
210 148 0
211 148 0
221 148 0
222 148 0
120 149 0
121 149 0
123 149 0
124 149 0
126 149 0
127 149 0
128 149 0
144 149 0
145 149 0
146 149 0
147 149 0
148 149 0
149 149 0
156 149 0
185 149 0
186 149 0
190 149 0
191 149 0
192 149 0
193 149 0
199 149 0
200 149 0
201 149 0
202 149 0
203 149 0
209 149 0
210 149 0
211 149 0
212 149 0
221 149 0
222 149 0
120 150 0
121 150 0
125 150 0
126 150 0
127 150 0
128 150 0
139 150 0
142 150 0
143 150 0
145 150 0
146 150 0
147 150 0
148 150 0
149 150 0
180 150 0
184 150 0
185 150 0
188 150 0
189 150 0
190 150 0
191 150 0
192 150 0
199 150 0
200 150 0
201 150 0
202 150 0
203 150 0
204 150 0
209 150 0
210 150 0
211 150 0
212 150 0
221 150 0
222 150 0
224 150 0
121 151 0
122 151 0
123 151 0
125 151 0
126 151 0
127 151 0
128 151 0
135 151 0
136 151 0
138 151 0
139 151 0
140 151 0
143 151 0
145 151 0
146 151 0
147 151 0
148 151 0
151 151 0
180 151 0
181 151 0
184 151 0
185 151 0
190 151 0
191 151 0
192 151 0
198 151 0
200 151 0
203 151 0
204 151 0
207 151 0
208 151 0
209 151 0
210 151 0
211 151 0
212 151 0
215 151 0
121 152 0
122 152 0
123 152 0
125 152 0
126 152 0
127 152 0
135 152 0
137 152 0
138 152 0
139 152 0
140 152 0
146 152 0
147 152 0
148 152 0
180 152 0
190 152 0
191 152 0
192 152 0
207 152 0
208 152 0
209 152 0
210 152 0
211 152 0
121 153 0
122 153 0
123 153 0
124 153 0
125 153 0
126 153 0
127 153 0
145 153 0
146 153 0
147 153 0
148 153 0
190 153 0
191 153 0
192 153 0
207 153 0
208 153 0
209 153 0
210 153 0
122 154 0
123 154 0
124 154 0
125 154 0
126 154 0
127 154 0
128 154 0
129 154 0
146 154 0
147 154 0
148 154 0
149 154 0
150 154 0
192 154 0
193 154 0
194 154 0
208 154 0
209 154 0
210 154 0
124 155 0
125 155 0
127 155 0
128 155 0
129 155 0
130 155 0
133 155 0
134 155 0
138 155 0
139 155 0
147 155 0
148 155 0
149 155 0
150 155 0
151 155 0
192 155 0
193 155 0
194 155 0
197 155 0
198 155 0
199 155 0
200 155 0
201 155 0
202 155 0
203 155 0
204 155 0
207 155 0
208 155 0
209 155 0
210 155 0
213 155 0
127 156 0
128 156 0
129 156 0
130 156 0
132 156 0
133 156 0
134 156 0
137 156 0
138 156 0
139 156 0
141 156 0
142 156 0
143 156 0
147 156 0
148 156 0
149 156 0
193 156 0
194 156 0
200 156 0
201 156 0
207 156 0
208 156 0
209 156 0
128 157 0
129 157 0
130 157 0
133 157 0
134 157 0
136 157 0
137 157 0
138 157 0
139 157 0
142 157 0
143 157 0
146 157 0
147 157 0
148 157 0
149 157 0
150 157 0
193 157 0
194 157 0
195 157 0
206 157 0
207 157 0
208 157 0
209 157 0
210 157 0
128 158 0
129 158 0
130 158 0
131 158 0
134 158 0
141 158 0
142 158 0
145 158 0
146 158 0
147 158 0
148 158 0
149 158 0
194 158 0
195 158 0
196 158 0
206 158 0
207 158 0
208 158 0
210 158 0
129 159 0
130 159 0
131 159 0
140 159 0
141 159 0
144 159 0
145 159 0
146 159 0
147 159 0
148 159 0
149 159 0
194 159 0
195 159 0
196 159 0
206 159 0
207 159 0
208 159 0
222 159 0
129 160 0
130 160 0
131 160 0
132 160 0
144 160 0
145 160 0
146 160 0
208 160 0
215 160 0
222 160 0
129 161 0
130 161 0
131 161 0
132 161 0
335 34 1
336 34 1
337 34 1
338 34 1
339 34 1
340 34 1
341 34 1
342 34 1
343 34 1
344 34 1
335 35 1
336 35 1
337 35 1
338 35 1
339 35 1
340 35 1
341 35 1
342 35 1
343 35 1
344 35 1
296 132 1
306 132 1
291 133 1
295 133 1
296 133 1
297 133 1
299 133 1
325 133 1
326 133 1
329 133 1
330 133 1
289 134 1
290 134 1
292 134 1
293 134 1
332 134 1
334 134 1
335 134 1
336 134 1
288 135 1
289 135 1
290 135 1
291 135 1
301 135 1
302 135 1
305 135 1
306 135 1
307 135 1
308 135 1
309 135 1
310 135 1
311 135 1
325 135 1
326 135 1
334 135 1
339 135 1
340 135 1
342 135 1
282 136 1
283 136 1
284 136 1
285 136 1
288 136 1
289 136 1
290 136 1
291 136 1
292 136 1
297 136 1
299 136 1
300 136 1
301 136 1
302 136 1
303 136 1
304 136 1
305 136 1
307 136 1
324 136 1
325 136 1
326 136 1
342 136 1
343 136 1
282 137 1
283 137 1
284 137 1
285 137 1
286 137 1
290 137 1
291 137 1
292 137 1
293 137 1
295 137 1
296 137 1
297 137 1
298 137 1
299 137 1
300 137 1
301 137 1
304 137 1
305 137 1
318 137 1
324 137 1
325 137 1
326 137 1
342 137 1
343 137 1
281 138 1
282 138 1
283 138 1
284 138 1
285 138 1
292 138 1
293 138 1
295 138 1
296 138 1
297 138 1
298 138 1
299 138 1
300 138 1
305 138 1
317 138 1
324 138 1
325 138 1
326 138 1
279 139 1
280 139 1
281 139 1
282 139 1
283 139 1
284 139 1
285 139 1
292 139 1
293 139 1
296 139 1
297 139 1
298 139 1
299 139 1
300 139 1
304 139 1
324 139 1
325 139 1
326 139 1
327 139 1
330 139 1
279 140 1
280 140 1
281 140 1
282 140 1
283 140 1
291 140 1
292 140 1
296 140 1
297 140 1
298 140 1
299 140 1
300 140 1
301 140 1
304 140 1
305 140 1
325 140 1
326 140 1
327 140 1
329 140 1
330 140 1
278 141 1
279 141 1
280 141 1
281 141 1
282 141 1
286 141 1
289 141 1
290 141 1
291 141 1
295 141 1
296 141 1
297 141 1
298 141 1
299 141 1
300 141 1
301 141 1
302 141 1
308 141 1
309 141 1
310 141 1
325 141 1
326 141 1
327 141 1
329 141 1
330 141 1
276 142 1
277 142 1
278 142 1
279 142 1
280 142 1
281 142 1
284 142 1
285 142 1
286 142 1
287 142 1
288 142 1
289 142 1
290 142 1
295 142 1
296 142 1
297 142 1
298 142 1
299 142 1
300 142 1
301 142 1
302 142 1
303 142 1
308 142 1
309 142 1
310 142 1
313 142 1
322 142 1
323 142 1
324 142 1
325 142 1
326 142 1
327 142 1
278 143 1
279 143 1
280 143 1
282 143 1
283 143 1
284 143 1
285 143 1
286 143 1
287 143 1
288 143 1
290 143 1
294 143 1
295 143 1
296 143 1
302 143 1
305 143 1
306 143 1
308 143 1
309 143 1
310 143 1
311 143 1
313 143 1
316 143 1
322 143 1
323 143 1
278 144 1
279 144 1
282 144 1
283 144 1
284 144 1
285 144 1
286 144 1
287 144 1
294 144 1
295 144 1
321 144 1
322 144 1
324 144 1
325 144 1
326 144 1
327 144 1
329 144 1
330 144 1
331 144 1
332 144 1
333 144 1
339 144 1
340 144 1
341 144 1
343 144 1
344 144 1
275 145 1
276 145 1
277 145 1
278 145 1
279 145 1
280 145 1
282 145 1
283 145 1
284 145 1
285 145 1
286 145 1
287 145 1
309 145 1
310 145 1
311 145 1
332 145 1
339 145 1
340 145 1
341 145 1
342 145 1
343 145 1
344 145 1
273 146 1
275 146 1
276 146 1
277 146 1
278 146 1
279 146 1
280 146 1
284 146 1
285 146 1
286 146 1
287 146 1
303 146 1
304 146 1
311 146 1
312 146 1
317 146 1
342 146 1
343 146 1
274 147 1
275 147 1
276 147 1
277 147 1
278 147 1
279 147 1
280 147 1
285 147 1
286 147 1
287 147 1
274 148 1
275 148 1
276 148 1
277 148 1
278 148 1
279 148 1
285 148 1
306 148 1
307 148 1
275 149 1
276 149 1
277 149 1
278 149 1
279 149 1
284 149 1
302 149 1
304 149 1
305 149 1
306 149 1
307 149 1
309 149 1
266 150 1
272 150 1
273 150 1
274 150 1
275 150 1
276 150 1
277 150 1
278 150 1
279 150 1
303 150 1
307 150 1
308 150 1
309 150 1
272 151 1
273 151 1
274 151 1
275 151 1
276 151 1
277 151 1
278 151 1
281 151 1
287 151 1
289 151 1
297 151 1
305 151 1
308 151 1
275 152 1
276 152 1
277 152 1
278 152 1
279 152 1
280 152 1
285 152 1
286 152 1
287 152 1
288 152 1
295 152 1
296 152 1
274 153 1
275 153 1
276 153 1
277 153 1
278 153 1
280 153 1
281 153 1
282 153 1
287 153 1
288 153 1
289 153 1
292 153 1
293 153 1
294 153 1
295 153 1
296 153 1
297 153 1
298 153 1
304 153 1
305 153 1
306 153 1
307 153 1
275 154 1
276 154 1
277 154 1
278 154 1
281 154 1
282 154 1
283 154 1
289 154 1
291 154 1
292 154 1
293 154 1
294 154 1
295 154 1
296 154 1
297 154 1
298 154 1
304 154 1
305 154 1
306 154 1
307 154 1
308 154 1
309 154 1
276 155 1
277 155 1
278 155 1
291 155 1
292 155 1
293 155 1
294 155 1
295 155 1
296 155 1
297 155 1
306 155 1
307 155 1
308 155 1
309 155 1
274 156 1
275 156 1
276 156 1
277 156 1
292 156 1
293 156 1
294 156 1
295 156 1
296 156 1
297 156 1
298 156 1
299 156 1
301 156 1
304 156 1
306 156 1
307 156 1
308 156 1
309 156 1
310 156 1
274 157 1
275 157 1
276 157 1
277 157 1
281 157 1
282 157 1
287 157 1
292 157 1
293 157 1
294 157 1
295 157 1
296 157 1
297 157 1
298 157 1
299 157 1
303 157 1
304 157 1
305 157 1
306 157 1
308 157 1
309 157 1
310 157 1
311 157 1
273 158 1
275 158 1
276 158 1
277 158 1
278 158 1
279 158 1
282 158 1
283 158 1
284 158 1
290 158 1
291 158 1
292 158 1
293 158 1
294 158 1
295 158 1
296 158 1
297 158 1
298 158 1
303 158 1
304 158 1
305 158 1
306 158 1
307 158 1
308 158 1
309 158 1
310 158 1
311 158 1
312 158 1
275 159 1
276 159 1
277 159 1
278 159 1
279 159 1
280 159 1
281 159 1
284 159 1
285 159 1
290 159 1
291 159 1
292 159 1
293 159 1
294 159 1
295 159 1
296 159 1
297 159 1
298 159 1
303 159 1
304 159 1
305 159 1
306 159 1
307 159 1
308 159 1
309 159 1
310 159 1
311 159 1
312 159 1
277 160 1
278 160 1
279 160 1
280 160 1
281 160 1
282 160 1
283 160 1
284 160 1
286 160 1
291 160 1
292 160 1
293 160 1
295 160 1
296 160 1
297 160 1
298 160 1
302 160 1
304 160 1
305 160 1
306 160 1
307 160 1
308 160 1
309 160 1
310 160 1
311 160 1
279 161 1
280 161 1
281 161 1
282 161 1
283 161 1
284 161 1
285 161 1
292 161 1
294 161 1
295 161 1
296 161 1
297 161 1
298 161 1
299 161 1
301 161 1
302 161 1
304 161 1
305 161 1
306 161 1
307 161 1
308 161 1
310 161 1
311 161 1
312 161 1
280 162 1
282 162 1
283 162 1
284 162 1
285 162 1
286 162 1
294 162 1
295 162 1
296 162 1
297 162 1
298 162 1
302 162 1
303 162 1
304 162 1
305 162 1
306 162 1
307 162 1
308 162 1
310 162 1
279 163 1
282 163 1
283 163 1
284 163 1
285 163 1
286 163 1
287 163 1
293 163 1
294 163 1
295 163 1
296 163 1
297 163 1
298 163 1
303 163 1
304 163 1
305 163 1
306 163 1
307 163 1
308 163 1
309 163 1
310 163 1
338 163 1
340 163 1
341 163 1
342 163 1
343 163 1
279 164 1
282 164 1
283 164 1
284 164 1
285 164 1
286 164 1
287 164 1
293 164 1
294 164 1
295 164 1
296 164 1
297 164 1
298 164 1
304 164 1
305 164 1
306 164 1
307 164 1
308 164 1
309 164 1
338 164 1
340 164 1
341 164 1
342 164 1
343 164 1
274 165 1
275 165 1
276 165 1
277 165 1
278 165 1
279 165 1
280 165 1
281 165 1
282 165 1
283 165 1
284 165 1
285 165 1
286 165 1
287 165 1
295 165 1
296 165 1
297 165 1
298 165 1
299 165 1
300 165 1
303 165 1
304 165 1
305 165 1
306 165 1
307 165 1
276 166 1
278 166 1
279 166 1
280 166 1
281 166 1
282 166 1
283 166 1
284 166 1
285 166 1
286 166 1
295 166 1
296 166 1
297 166 1
298 166 1
299 166 1
300 166 1
303 166 1
304 166 1
305 166 1
306 166 1
307 166 1
278 167 1
279 167 1
280 167 1
281 167 1
282 167 1
283 167 1
284 167 1
285 167 1
286 167 1
287 167 1
288 167 1
304 167 1
305 167 1
280 168 1
283 168 1
286 168 1
287 168 1
288 168 1
289 168 1
292 168 1
293 168 1
