147 125 0
148 125 0
149 125 0
119 126 0
120 126 0
121 126 0
122 126 0
123 126 0
124 126 0
126 126 0
130 126 0
147 126 0
148 126 0
149 126 0
150 126 0
151 126 0
152 126 0
116 127 0
117 127 0
118 127 0
119 127 0
120 127 0
121 127 0
122 127 0
123 127 0
141 127 0
142 127 0
143 127 0
144 127 0
148 127 0
149 127 0
150 127 0
151 127 0
152 127 0
115 128 0
116 128 0
117 128 0
118 128 0
119 128 0
120 128 0
121 128 0
122 128 0
123 128 0
124 128 0
125 128 0
141 128 0
142 128 0
143 128 0
144 128 0
145 128 0
148 128 0
149 128 0
150 128 0
151 128 0
152 128 0
153 128 0
113 129 0
114 129 0
115 129 0
116 129 0
117 129 0
118 129 0
119 129 0
120 129 0
121 129 0
122 129 0
129 129 0
142 129 0
143 129 0
144 129 0
145 129 0
148 129 0
149 129 0
150 129 0
151 129 0
152 129 0
153 129 0
112 130 0
113 130 0
114 130 0
115 130 0
116 130 0
117 130 0
118 130 0
119 130 0
120 130 0
128 130 0
129 130 0
143 130 0
144 130 0
145 130 0
146 130 0
148 130 0
149 130 0
150 130 0
151 130 0
152 130 0
153 130 0
154 130 0
110 131 0
111 131 0
112 131 0
113 131 0
114 131 0
115 131 0
116 131 0
117 131 0
118 131 0
127 131 0
129 131 0
143 131 0
144 131 0
145 131 0
146 131 0
148 131 0
149 131 0
150 131 0
151 131 0
152 131 0
153 131 0
109 132 0
110 132 0
111 132 0
112 132 0
113 132 0
114 132 0
115 132 0
116 132 0
125 132 0
143 132 0
144 132 0
145 132 0
146 132 0
149 132 0
150 132 0
151 132 0
152 132 0
153 132 0
108 133 0
109 133 0
110 133 0
111 133 0
112 133 0
113 133 0
114 133 0
115 133 0
143 133 0
144 133 0
145 133 0
146 133 0
149 133 0
150 133 0
151 133 0
152 133 0
153 133 0
107 134 0
108 134 0
109 134 0
110 134 0
111 134 0
112 134 0
113 134 0
142 134 0
143 134 0
144 134 0
145 134 0
146 134 0
149 134 0
150 134 0
151 134 0
152 134 0
182 134 0
183 134 0
184 134 0
185 134 0
186 134 0
93 135 0
110 135 0
111 135 0
112 135 0
113 135 0
114 135 0
120 135 0
131 135 0
143 135 0
144 135 0
145 135 0
149 135 0
150 135 0
151 135 0
173 135 0
182 135 0
183 135 0
184 135 0
185 135 0
186 135 0
93 136 0
109 136 0
110 136 0
111 136 0
112 136 0
115 136 0
116 136 0
117 136 0
132 136 0
148 136 0
160 136 0
181 136 0
182 136 0
183 136 0
184 136 0
185 136 0
186 136 0
86 137 0
87 137 0
88 137 0
89 137 0
90 137 0
92 137 0
110 137 0
111 137 0
112 137 0
113 137 0
115 137 0
116 137 0
117 137 0
118 137 0
148 137 0
153 137 0
180 137 0
181 137 0
182 137 0
183 137 0
184 137 0
185 137 0
85 138 0
86 138 0
87 138 0
88 138 0
89 138 0
112 138 0
113 138 0
179 138 0
180 138 0
181 138 0
182 138 0
183 138 0
184 138 0
185 138 0
186 138 0
85 139 0
86 139 0
87 139 0
88 139 0
112 139 0
113 139 0
148 139 0
179 139 0
180 139 0
181 139 0
182 139 0
183 139 0
184 139 0
185 139 0
85 140 0
86 140 0
87 140 0
88 140 0
148 140 0
179 140 0
180 140 0
183 140 0
184 140 0
185 140 0
186 140 0
85 141 0
86 141 0
88 141 0
89 141 0
91 141 0
148 141 0
149 141 0
151 141 0
152 141 0
161 141 0
179 141 0
183 141 0
184 141 0
185 141 0
186 141 0
85 142 0
86 142 0
88 142 0
89 142 0
90 142 0
91 142 0
92 142 0
94 142 0
95 142 0
96 142 0
97 142 0
148 142 0
149 142 0
158 142 0
159 142 0
160 142 0
161 142 0
166 142 0
167 142 0
168 142 0
169 142 0
179 142 0
183 142 0
184 142 0
185 142 0
186 142 0
85 143 0
88 143 0
89 143 0
90 143 0
91 143 0
92 143 0
93 143 0
94 143 0
95 143 0
96 143 0
97 143 0
98 143 0
102 143 0
103 143 0
104 143 0
105 143 0
148 143 0
149 143 0
156 143 0
157 143 0
158 143 0
159 143 0
160 143 0
167 143 0
168 143 0
169 143 0
170 143 0
171 143 0
179 143 0
184 143 0
185 143 0
85 144 0
88 144 0
89 144 0
90 144 0
91 144 0
92 144 0
93 144 0
94 144 0
95 144 0
96 144 0
97 144 0
98 144 0
102 144 0
103 144 0
104 144 0
105 144 0
106 144 0
149 144 0
156 144 0
157 144 0
158 144 0
159 144 0
168 144 0
169 144 0
170 144 0
171 144 0
172 144 0
183 144 0
184 144 0
185 144 0
88 145 0
89 145 0
90 145 0
91 145 0
92 145 0
93 145 0
94 145 0
95 145 0
103 145 0
104 145 0
105 145 0
106 145 0
107 145 0
108 145 0
155 145 0
156 145 0
157 145 0
158 145 0
169 145 0
170 145 0
171 145 0
172 145 0
181 145 0
88 146 0
89 146 0
90 146 0
91 146 0
92 146 0
93 146 0
94 146 0
104 146 0
105 146 0
106 146 0
107 146 0
108 146 0
109 146 0
154 146 0
155 146 0
156 146 0
157 146 0
170 146 0
171 146 0
172 146 0
173 146 0
84 147 0
85 147 0
88 147 0
89 147 0
90 147 0
91 147 0
92 147 0
93 147 0
105 147 0
106 147 0
107 147 0
108 147 0
109 147 0
148 147 0
154 147 0
155 147 0
156 147 0
169 147 0
171 147 0
172 147 0
173 147 0
187 147 0
83 148 0
84 148 0
85 148 0
89 148 0
90 148 0
91 148 0
92 148 0
106 148 0
107 148 0
108 148 0
109 148 0
154 148 0
155 148 0
156 148 0
171 148 0
172 148 0
173 148 0
174 148 0
185 148 0
186 148 0
84 149 0
85 149 0
86 149 0
89 149 0
90 149 0
91 149 0
106 149 0
107 149 0
108 149 0
109 149 0
110 149 0
148 149 0
153 149 0
154 149 0
155 149 0
170 149 0
172 149 0
173 149 0
174 149 0
185 149 0
186 149 0
83 150 0
84 150 0
85 150 0
86 150 0
87 150 0
88 150 0
89 150 0
90 150 0
107 150 0
108 150 0
109 150 0
110 150 0
111 150 0
147 150 0
148 150 0
153 150 0
154 150 0
155 150 0
161 150 0
162 150 0
164 150 0
165 150 0
166 150 0
170 150 0
172 150 0
173 150 0
174 150 0
185 150 0
186 150 0
187 150 0
84 151 0
85 151 0
86 151 0
87 151 0
88 151 0
89 151 0
90 151 0
108 151 0
109 151 0
110 151 0
111 151 0
143 151 0
144 151 0
146 151 0
147 151 0
148 151 0
151 151 0
152 151 0
153 151 0
154 151 0
155 151 0
160 151 0
161 151 0
165 151 0
166 151 0
167 151 0
172 151 0
173 151 0
174 151 0
175 151 0
176 151 0
177 151 0
186 151 0
84 152 0
85 152 0
87 152 0
88 152 0
89 152 0
90 152 0
98 152 0
102 152 0
108 152 0
109 152 0
110 152 0
111 152 0
143 152 0
144 152 0
152 152 0
153 152 0
154 152 0
160 152 0
165 152 0
166 152 0
172 152 0
173 152 0
174 152 0
175 152 0
84 153 0
85 153 0
86 153 0
87 153 0
88 153 0
89 153 0
90 153 0
103 153 0
106 153 0
108 153 0
109 153 0
110 153 0
111 153 0
152 153 0
153 153 0
154 153 0
160 153 0
167 153 0
172 153 0
173 153 0
174 153 0
175 153 0
176 153 0
85 154 0
86 154 0
87 154 0
88 154 0
89 154 0
108 154 0
109 154 0
110 154 0
116 154 0
153 154 0
154 154 0
155 154 0
156 154 0
160 154 0
172 154 0
173 154 0
174 154 0
175 154 0
87 155 0
88 155 0
89 155 0
90 155 0
91 155 0
109 155 0
110 155 0
114 155 0
115 155 0
116 155 0
154 155 0
155 155 0
156 155 0
157 155 0
160 155 0
161 155 0
165 155 0
167 155 0
168 155 0
172 155 0
173 155 0
174 155 0
175 155 0
90 156 0
91 156 0
92 156 0
95 156 0
96 156 0
98 156 0
101 156 0
103 156 0
108 156 0
109 156 0
110 156 0
111 156 0
112 156 0
113 156 0
114 156 0
115 156 0
116 156 0
155 156 0
156 156 0
157 156 0
161 156 0
162 156 0
163 156 0
166 156 0
167 156 0
168 156 0
169 156 0
171 156 0
172 156 0
173 156 0
174 156 0
90 157 0
91 157 0
92 157 0
93 157 0
95 157 0
96 157 0
100 157 0
101 157 0
102 157 0
103 157 0
104 157 0
107 157 0
108 157 0
109 157 0
110 157 0
111 157 0
112 157 0
113 157 0
114 157 0
115 157 0
116 157 0
155 157 0
156 157 0
157 157 0
158 157 0
162 157 0
163 157 0
167 157 0
170 157 0
171 157 0
172 157 0
173 157 0
90 158 0
91 158 0
92 158 0
93 158 0
96 158 0
97 158 0
98 158 0
100 158 0
101 158 0
102 158 0
103 158 0
104 158 0
105 158 0
112 158 0
113 158 0
114 158 0
115 158 0
116 158 0
156 158 0
157 158 0
158 158 0
169 158 0
170 158 0
171 158 0
172 158 0
173 158 0
91 159 0
92 159 0
93 159 0
94 159 0
98 159 0
102 159 0
103 159 0
104 159 0
105 159 0
111 159 0
112 159 0
113 159 0
114 159 0
156 159 0
157 159 0
158 159 0
159 159 0
168 159 0
169 159 0
170 159 0
171 159 0
172 159 0
91 160 0
92 160 0
93 160 0
94 160 0
102 160 0
110 160 0
111 160 0
112 160 0
113 160 0
114 160 0
157 160 0
158 160 0
170 160 0
171 160 0
172 160 0
177 160 0
183 160 0
90 161 0
92 161 0
93 161 0
94 161 0
95 161 0
114 161 0
92 162 0
93 162 0
94 162 0
337 34 1
338 34 1
339 34 1
340 34 1
341 34 1
342 34 1
343 34 1
344 34 1
337 35 1
338 35 1
339 35 1
340 35 1
341 35 1
342 35 1
343 35 1
344 35 1
341 135 1
2 138 1
3 138 1
4 138 1
5 138 1
337 138 1
338 138 1
339 138 1
3 139 1
4 139 1
5 139 1
6 139 1
7 139 1
8 139 1
9 139 1
336 139 1
337 139 1
338 139 1
339 139 1
6 140 1
7 140 1
8 140 1
9 140 1
10 140 1
334 140 1
335 140 1
336 140 1
337 140 1
338 140 1
339 140 1
8 141 1
9 141 1
10 141 1
11 141 1
334 141 1
335 141 1
336 141 1
337 141 1
338 141 1
9 142 1
10 142 1
11 142 1
334 142 1
335 142 1
336 142 1
337 142 1
339 142 1
344 142 1
5 143 1
8 143 1
9 143 1
10 143 1
11 143 1
334 143 1
335 143 1
336 143 1
337 143 1
342 143 1
343 143 1
2 144 1
4 144 1
5 144 1
8 144 1
9 144 1
10 144 1
11 144 1
341 144 1
2 145 1
5 145 1
8 145 1
9 145 1
10 145 1
11 145 1
12 145 1
336 145 1
5 146 1
6 146 1
9 146 1
10 146 1
11 146 1
12 146 1
5 147 1
10 147 1
11 147 1
12 147 1
5 148 1
8 148 1
11 148 1
12 148 1
10 149 1
11 149 1
12 149 1
10 150 1
11 150 1
12 150 1
13 150 1
8 151 1
9 151 1
12 151 1
5 152 1
340 152 1
10 153 1
11 153 1
12 153 1
339 153 1
340 153 1
341 153 1
342 153 1
343 153 1
10 154 1
11 154 1
12 154 1
10 155 1
11 155 1
12 155 1
330 155 1
333 155 1
334 155 1
336 155 1
11 156 1
331 156 1
332 156 1
333 156 1
334 156 1
339 156 1
10 157 1
332 157 1
333 157 1
334 157 1
335 157 1
336 157 1
341 157 1
342 157 1
343 157 1
2 158 1
3 158 1
5 158 1
9 158 1
10 158 1
11 158 1
333 158 1
334 158 1
335 158 1
336 158 1
337 158 1
338 158 1
342 158 1
343 158 1
2 159 1
3 159 1
4 159 1
7 159 1
8 159 1
9 159 1
10 159 1
334 159 1
335 159 1
336 159 1
337 159 1
338 159 1
339 159 1
340 159 1
2 160 1
3 160 1
4 160 1
5 160 1
6 160 1
7 160 1
8 160 1
9 160 1
335 160 1
336 160 1
337 160 1
338 160 1
339 160 1
340 160 1
341 160 1
3 161 1
4 161 1
5 161 1
6 161 1
7 161 1
336 161 1
337 161 1
338 161 1
339 161 1
340 161 1
341 161 1
3 162 1
4 162 1
5 162 1
6 162 1
7 162 1
336 162 1
337 162 1
338 162 1
339 162 1
340 162 1
341 162 1
342 162 1
2 163 1
3 163 1
4 163 1
5 163 1
6 163 1
337 163 1
338 163 1
339 163 1
340 163 1
341 163 1
342 163 1
343 163 1
2 164 1
3 164 1
4 164 1
5 164 1
331 164 1
337 164 1
338 164 1
339 164 1
340 164 1
341 164 1
342 164 1
343 164 1
1 165 1
2 165 1
3 165 1
4 165 1
5 165 1
333 165 1
336 165 1
337 165 1
338 165 1
339 165 1
340 165 1
341 165 1
342 165 1
343 165 1
1 166 1
2 166 1
3 166 1
4 166 1
332 166 1
336 166 1
337 166 1
338 166 1
339 166 1
340 166 1
341 166 1
342 166 1
343 166 1
1 167 1
2 167 1
3 167 1
4 167 1
335 167 1
340 167 1
341 167 1
2 168 1
3 168 1
4 168 1
7 168 1
8 168 1
335 168 1
4 169 1
5 169 1
9 169 1
5 170 1
9 170 1
5 171 1
19 126 2
3 129 2
15 130 2
8 132 2
3 133 2
9 133 2
13 133 2
3 134 2
8 134 2
9 134 2
2 135 2
15 135 2
8 137 2
12 141 2
24 141 2
27 141 2
30 141 2
1 142 2
4 142 2
7 142 2
9 142 2
12 142 2
16 142 2
17 142 2
18 142 2
19 142 2
20 142 2
23 142 2
24 142 2
26 142 2
27 142 2
33 142 2
2 143 2
4 143 2
5 143 2
6 143 2
7 143 2
8 143 2
9 143 2
10 143 2
11 143 2
16 143 2
17 143 2
18 143 2
20 143 2
24 143 2
26 143 2
27 143 2
2 144 2
3 144 2
4 144 2
5 144 2
6 144 2
7 144 2
8 144 2
9 144 2
10 144 2
11 144 2
12 144 2
14 144 2
17 144 2
20 144 2
26 144 2
3 145 2
4 145 2
5 145 2
6 145 2
7 145 2
8 145 2
9 145 2
10 145 2
11 145 2
12 145 2
15 145 2
17 145 2
18 145 2
21 145 2
26 145 2
33 145 2
3 146 2
4 146 2
5 146 2
6 146 2
7 146 2
10 146 2
12 146 2
13 146 2
14 146 2
15 146 2
17 146 2
18 146 2
21 146 2
22 146 2
25 146 2
2 147 2
3 147 2
4 147 2
5 147 2
6 147 2
7 147 2
10 147 2
12 147 2
15 147 2
16 147 2
17 147 2
18 147 2
2 148 2
3 148 2
4 148 2
5 148 2
6 148 2
7 148 2
8 148 2
10 148 2
24 148 2
28 148 2
29 148 2
2 149 2
4 149 2
5 149 2
7 149 2
8 149 2
10 149 2
14 149 2
15 149 2
17 149 2
24 149 2
25 149 2
28 149 2
2 150 2
4 150 2
5 150 2
6 150 2
7 150 2
8 150 2
9 150 2
11 150 2
15 150 2
17 150 2
2 151 2
3 151 2
30 151 2
31 151 2
7 152 2
16 152 2
17 152 2
18 152 2
19 152 2
4 153 2
7 153 2
8 153 2
9 153 2
13 153 2
20 153 2
5 154 2
8 154 2
9 154 2
20 154 2
8 155 2
4 156 2
12 157 2
15 157 2
19 157 2
5 158 2
9 158 2
13 158 2
16 158 2
19 158 2
1 159 2
2 159 2
6 159 2
7 159 2
9 159 2
12 159 2
15 160 2
2 161 2
15 161 2
18 161 2
22 161 2
24 161 2
30 161 2
10 162 2
12 162 2
13 162 2
18 162 2
21 162 2
23 162 2
24 162 2
30 162 2
2 163 2
3 163 2
4 163 2
5 163 2
6 163 2
8 163 2
10 163 2
11 163 2
12 163 2
13 163 2
14 163 2
15 163 2
16 163 2
17 163 2
19 163 2
21 163 2
24 163 2
28 163 2
2 164 2
3 164 2
4 164 2
5 164 2
8 164 2
11 164 2
12 164 2
15 164 2
16 164 2
17 164 2
19 164 2
22 164 2
2 165 2
3 165 2
4 165 2
5 165 2
8 165 2
9 165 2
11 165 2
12 165 2
16 165 2
2 166 2
4 166 2
5 166 2
11 166 2
5 167 2
17 167 2
10 168 2
2 169 2
17 169 2
2 170 2
3 170 2
318 132 3
319 132 3
320 132 3
306 133 3
307 133 3
310 133 3
311 133 3
313 133 3
319 133 3
286 134 3
287 134 3
289 134 3
290 134 3
291 134 3
305 134 3
306 134 3
307 134 3
308 134 3
310 134 3
311 134 3
285 135 3
287 135 3
288 135 3
289 135 3
290 135 3
305 135 3
306 135 3
307 135 3
308 135 3
310 135 3
311 135 3
312 135 3
279 136 3
284 136 3
285 136 3
286 136 3
287 136 3
288 136 3
306 136 3
307 136 3
308 136 3
311 136 3
312 136 3
313 136 3
323 136 3
277 137 3
278 137 3
283 137 3
284 137 3
285 137 3
286 137 3
287 137 3
306 137 3
307 137 3
308 137 3
309 137 3
311 137 3
312 137 3
313 137 3
283 138 3
284 138 3
285 138 3
306 138 3
307 138 3
308 138 3
309 138 3
312 138 3
313 138 3
324 138 3
325 138 3
282 139 3
283 139 3
284 139 3
306 139 3
307 139 3
308 139 3
312 139 3
313 139 3
324 139 3
325 139 3
326 139 3
261 140 3
281 140 3
282 140 3
283 140 3
284 140 3
307 140 3
323 140 3
324 140 3
325 140 3
326 140 3
259 141 3
260 141 3
261 141 3
262 141 3
282 141 3
283 141 3
291 141 3
292 141 3
295 141 3
306 141 3
309 141 3
323 141 3
324 141 3
325 141 3
326 141 3
327 141 3
259 142 3
260 142 3
261 142 3
262 142 3
291 142 3
292 142 3
306 142 3
322 142 3
323 142 3
324 142 3
325 142 3
326 142 3
327 142 3
258 143 3
259 143 3
260 143 3
261 143 3
262 143 3
266 143 3
309 143 3
310 143 3
315 143 3
316 143 3
317 143 3
323 143 3
325 143 3
326 143 3
258 144 3
259 144 3
260 144 3
261 144 3
262 144 3
268 144 3
269 144 3
270 144 3
271 144 3
275 144 3
276 144 3
277 144 3
307 144 3
308 144 3
309 144 3
310 144 3
311 144 3
315 144 3
316 144 3
317 144 3
318 144 3
319 144 3
323 144 3
325 144 3
326 144 3
258 145 3
259 145 3
260 145 3
261 145 3
265 145 3
266 145 3
267 145 3
268 145 3
269 145 3
270 145 3
275 145 3
276 145 3
277 145 3
278 145 3
279 145 3
306 145 3
307 145 3
308 145 3
309 145 3
310 145 3
316 145 3
317 145 3
318 145 3
319 145 3
258 146 3
259 146 3
260 146 3
261 146 3
265 146 3
266 146 3
267 146 3
268 146 3
269 146 3
276 146 3
277 146 3
278 146 3
279 146 3
306 146 3
307 146 3
308 146 3
309 146 3
317 146 3
318 146 3
319 146 3
320 146 3
258 147 3
259 147 3
262 147 3
263 147 3
265 147 3
266 147 3
267 147 3
268 147 3
277 147 3
278 147 3
279 147 3
280 147 3
305 147 3
306 147 3
307 147 3
308 147 3
318 147 3
319 147 3
320 147 3
327 147 3
258 148 3
259 148 3
262 148 3
263 148 3
265 148 3
266 148 3
267 148 3
270 148 3
271 148 3
274 148 3
275 148 3
276 148 3
278 148 3
279 148 3
280 148 3
305 148 3
306 148 3
307 148 3
310 148 3
311 148 3
314 148 3
315 148 3
316 148 3
324 148 3
325 148 3
326 148 3
327 148 3
258 149 3
259 149 3
265 149 3
266 149 3
269 149 3
270 149 3
271 149 3
274 149 3
275 149 3
276 149 3
279 149 3
306 149 3
309 149 3
310 149 3
311 149 3
314 149 3
315 149 3
316 149 3
323 149 3
324 149 3
325 149 3
326 149 3
258 150 3
259 150 3
260 150 3
261 150 3
262 150 3
269 150 3
270 150 3
271 150 3
274 150 3
275 150 3
276 150 3
277 150 3
306 150 3
308 150 3
309 150 3
310 150 3
311 150 3
315 150 3
316 150 3
322 150 3
324 150 3
325 150 3
326 150 3
259 151 3
260 151 3
261 151 3
262 151 3
263 151 3
268 151 3
269 151 3
270 151 3
271 151 3
275 151 3
276 151 3
309 151 3
310 151 3
311 151 3
316 151 3
318 151 3
319 151 3
324 151 3
261 152 3
262 152 3
263 152 3
264 152 3
268 152 3
269 152 3
270 152 3
275 152 3
276 152 3
301 152 3
309 152 3
310 152 3
311 152 3
315 152 3
316 152 3
318 152 3
262 153 3
263 153 3
264 153 3
265 153 3
269 153 3
270 153 3
271 153 3
272 153 3
274 153 3
275 153 3
276 153 3
301 153 3
302 153 3
303 153 3
309 153 3
310 153 3
311 153 3
312 153 3
315 153 3
318 153 3
263 154 3
264 154 3
265 154 3
266 154 3
270 154 3
271 154 3
274 154 3
277 154 3
302 154 3
303 154 3
263 155 3
264 155 3
265 155 3
266 155 3
