129 125 0
130 125 0
131 125 0
102 126 0
103 126 0
104 126 0
128 126 0
129 126 0
130 126 0
131 126 0
132 126 0
133 126 0
99 127 0
100 127 0
101 127 0
102 127 0
103 127 0
104 127 0
105 127 0
123 127 0
124 127 0
125 127 0
129 127 0
130 127 0
131 127 0
132 127 0
133 127 0
134 127 0
135 127 0
4 128 0
5 128 0
9 128 0
97 128 0
98 128 0
99 128 0
100 128 0
101 128 0
102 128 0
107 128 0
123 128 0
124 128 0
125 128 0
126 128 0
127 128 0
129 128 0
130 128 0
131 128 0
132 128 0
134 128 0
135 128 0
136 128 0
4 129 0
5 129 0
6 129 0
9 129 0
10 129 0
96 129 0
97 129 0
98 129 0
99 129 0
100 129 0
101 129 0
102 129 0
103 129 0
104 129 0
110 129 0
124 129 0
125 129 0
126 129 0
127 129 0
128 129 0
129 129 0
130 129 0
131 129 0
132 129 0
134 129 0
135 129 0
136 129 0
2 130 0
3 130 0
4 130 0
5 130 0
6 130 0
7 130 0
9 130 0
10 130 0
94 130 0
95 130 0
96 130 0
97 130 0
98 130 0
99 130 0
100 130 0
101 130 0
102 130 0
110 130 0
111 130 0
124 130 0
125 130 0
126 130 0
127 130 0
130 130 0
131 130 0
132 130 0
134 130 0
135 130 0
136 130 0
137 130 0
2 131 0
3 131 0
4 131 0
7 131 0
92 131 0
93 131 0
94 131 0
95 131 0
96 131 0
97 131 0
98 131 0
99 131 0
100 131 0
110 131 0
124 131 0
125 131 0
126 131 0
127 131 0
128 131 0
130 131 0
131 131 0
132 131 0
133 131 0
134 131 0
135 131 0
136 131 0
137 131 0
2 132 0
4 132 0
6 132 0
91 132 0
92 132 0
93 132 0
94 132 0
95 132 0
96 132 0
97 132 0
98 132 0
99 132 0
109 132 0
110 132 0
124 132 0
125 132 0
126 132 0
127 132 0
128 132 0
130 132 0
131 132 0
132 132 0
133 132 0
134 132 0
136 132 0
90 133 0
91 133 0
92 133 0
93 133 0
95 133 0
96 133 0
97 133 0
109 133 0
110 133 0
124 133 0
125 133 0
126 133 0
127 133 0
128 133 0
130 133 0
131 133 0
132 133 0
133 133 0
134 133 0
89 134 0
90 134 0
91 134 0
93 134 0
94 134 0
95 134 0
109 134 0
110 134 0
124 134 0
125 134 0
126 134 0
127 134 0
130 134 0
131 134 0
132 134 0
133 134 0
134 134 0
74 135 0
77 135 0
78 135 0
79 135 0
80 135 0
81 135 0
82 135 0
84 135 0
90 135 0
92 135 0
93 135 0
94 135 0
95 135 0
96 135 0
99 135 0
124 135 0
125 135 0
126 135 0
130 135 0
131 135 0
132 135 0
133 135 0
163 135 0
164 135 0
165 135 0
166 135 0
167 135 0
168 135 0
71 136 0
72 136 0
73 136 0
74 136 0
75 136 0
76 136 0
77 136 0
78 136 0
80 136 0
90 136 0
91 136 0
92 136 0
93 136 0
94 136 0
95 136 0
98 136 0
99 136 0
102 136 0
112 136 0
113 136 0
163 136 0
164 136 0
165 136 0
166 136 0
167 136 0
168 136 0
69 137 0
70 137 0
71 137 0
72 137 0
73 137 0
74 137 0
75 137 0
76 137 0
91 137 0
92 137 0
93 137 0
94 137 0
96 137 0
97 137 0
98 137 0
130 137 0
162 137 0
163 137 0
164 137 0
165 137 0
166 137 0
167 137 0
168 137 0
67 138 0
68 138 0
69 138 0
70 138 0
71 138 0
72 138 0
93 138 0
94 138 0
95 138 0
130 138 0
162 138 0
163 138 0
164 138 0
165 138 0
166 138 0
167 138 0
4 139 0
66 139 0
67 139 0
68 139 0
69 139 0
70 139 0
71 139 0
93 139 0
94 139 0
104 139 0
130 139 0
161 139 0
162 139 0
163 139 0
164 139 0
165 139 0
166 139 0
66 140 0
67 140 0
68 140 0
69 140 0
129 140 0
130 140 0
161 140 0
162 140 0
163 140 0
164 140 0
165 140 0
166 140 0
66 141 0
67 141 0
68 141 0
69 141 0
129 141 0
130 141 0
160 141 0
162 141 0
164 141 0
165 141 0
166 141 0
167 141 0
67 142 0
68 142 0
74 142 0
77 142 0
140 142 0
141 142 0
142 142 0
143 142 0
147 142 0
148 142 0
149 142 0
150 142 0
151 142 0
160 142 0
161 142 0
166 142 0
167 142 0
168 142 0
67 143 0
68 143 0
69 143 0
70 143 0
72 143 0
73 143 0
74 143 0
75 143 0
76 143 0
77 143 0
78 143 0
83 143 0
84 143 0
85 143 0
86 143 0
130 143 0
138 143 0
139 143 0
140 143 0
141 143 0
142 143 0
148 143 0
149 143 0
150 143 0
151 143 0
152 143 0
160 143 0
161 143 0
165 143 0
166 143 0
167 143 0
168 143 0
66 144 0
67 144 0
68 144 0
69 144 0
70 144 0
72 144 0
73 144 0
74 144 0
75 144 0
76 144 0
77 144 0
78 144 0
83 144 0
84 144 0
85 144 0
86 144 0
87 144 0
130 144 0
137 144 0
138 144 0
139 144 0
140 144 0
149 144 0
150 144 0
151 144 0
152 144 0
153 144 0
165 144 0
166 144 0
167 144 0
168 144 0
2 145 0
66 145 0
67 145 0
68 145 0
69 145 0
70 145 0
71 145 0
72 145 0
73 145 0
74 145 0
75 145 0
76 145 0
77 145 0
84 145 0
85 145 0
86 145 0
87 145 0
88 145 0
136 145 0
137 145 0
138 145 0
139 145 0
150 145 0
151 145 0
152 145 0
153 145 0
154 145 0
163 145 0
164 145 0
2 146 0
3 146 0
4 146 0
65 146 0
66 146 0
67 146 0
68 146 0
71 146 0
72 146 0
73 146 0
74 146 0
75 146 0
85 146 0
86 146 0
87 146 0
88 146 0
136 146 0
137 146 0
138 146 0
151 146 0
152 146 0
153 146 0
154 146 0
166 146 0
2 147 0
3 147 0
4 147 0
65 147 0
66 147 0
67 147 0
70 147 0
71 147 0
72 147 0
73 147 0
74 147 0
86 147 0
87 147 0
88 147 0
89 147 0
135 147 0
136 147 0
137 147 0
152 147 0
153 147 0
154 147 0
2 148 0
3 148 0
4 148 0
5 148 0
65 148 0
66 148 0
70 148 0
71 148 0
72 148 0
73 148 0
74 148 0
85 148 0
87 148 0
88 148 0
89 148 0
90 148 0
135 148 0
136 148 0
137 148 0
152 148 0
153 148 0
154 148 0
155 148 0
168 148 0
169 148 0
2 149 0
3 149 0
4 149 0
69 149 0
70 149 0
71 149 0
72 149 0
73 149 0
88 149 0
89 149 0
90 149 0
91 149 0
134 149 0
135 149 0
136 149 0
137 149 0
153 149 0
154 149 0
155 149 0
168 149 0
169 149 0
65 150 0
66 150 0
67 150 0
68 150 0
69 150 0
70 150 0
71 150 0
72 150 0
88 150 0
89 150 0
90 150 0
91 150 0
92 150 0
129 150 0
134 150 0
135 150 0
136 150 0
144 150 0
146 150 0
147 150 0
153 150 0
154 150 0
155 150 0
156 150 0
168 150 0
169 150 0
3 151 0
65 151 0
66 151 0
67 151 0
68 151 0
69 151 0
70 151 0
71 151 0
89 151 0
90 151 0
91 151 0
92 151 0
98 151 0
128 151 0
129 151 0
133 151 0
134 151 0
135 151 0
136 151 0
143 151 0
144 151 0
146 151 0
147 151 0
148 151 0
155 151 0
156 151 0
157 151 0
158 151 0
159 151 0
3 152 0
66 152 0
67 152 0
68 152 0
69 152 0
70 152 0
71 152 0
73 152 0
83 152 0
84 152 0
89 152 0
90 152 0
91 152 0
92 152 0
134 152 0
135 152 0
136 152 0
148 152 0
154 152 0
155 152 0
156 152 0
157 152 0
158 152 0
159 152 0
3 153 0
66 153 0
67 153 0
68 153 0
69 153 0
70 153 0
71 153 0
75 153 0
83 153 0
90 153 0
91 153 0
92 153 0
133 153 0
134 153 0
135 153 0
152 153 0
153 153 0
154 153 0
155 153 0
156 153 0
157 153 0
158 153 0
66 154 0
67 154 0
68 154 0
69 154 0
70 154 0
71 154 0
75 154 0
89 154 0
90 154 0
91 154 0
92 154 0
133 154 0
134 154 0
135 154 0
136 154 0
137 154 0
152 154 0
153 154 0
155 154 0
156 154 0
157 154 0
158 154 0
67 155 0
68 155 0
69 155 0
70 155 0
71 155 0
90 155 0
91 155 0
98 155 0
99 155 0
136 155 0
137 155 0
138 155 0
141 155 0
142 155 0
146 155 0
147 155 0
148 155 0
149 155 0
151 155 0
152 155 0
155 155 0
156 155 0
157 155 0
158 155 0
69 156 0
70 156 0
71 156 0
72 156 0
73 156 0
74 156 0
76 156 0
77 156 0
83 156 0
86 156 0
91 156 0
92 156 0
94 156 0
95 156 0
97 156 0
98 156 0
99 156 0
136 156 0
137 156 0
138 156 0
141 156 0
142 156 0
144 156 0
146 156 0
147 156 0
148 156 0
150 156 0
151 156 0
152 156 0
154 156 0
155 156 0
156 156 0
157 156 0
71 157 0
72 157 0
73 157 0
74 157 0
77 157 0
78 157 0
81 157 0
82 157 0
83 157 0
84 157 0
85 157 0
90 157 0
91 157 0
93 157 0
94 157 0
96 157 0
97 157 0
98 157 0
99 157 0
136 157 0
137 157 0
138 157 0
139 157 0
141 157 0
142 157 0
143 157 0
146 157 0
149 157 0
150 157 0
151 157 0
153 157 0
154 157 0
155 157 0
156 157 0
157 157 0
2 158 0
71 158 0
72 158 0
73 158 0
74 158 0
75 158 0
77 158 0
78 158 0
79 158 0
80 158 0
82 158 0
83 158 0
84 158 0
85 158 0
87 158 0
95 158 0
96 158 0
97 158 0
98 158 0
99 158 0
137 158 0
138 158 0
139 158 0
147 158 0
149 158 0
150 158 0
153 158 0
154 158 0
155 158 0
156 158 0
7 159 0
9 159 0
72 159 0
73 159 0
74 159 0
75 159 0
78 159 0
79 159 0
82 159 0
83 159 0
87 159 0
94 159 0
95 159 0
96 159 0
97 159 0
98 159 0
137 159 0
138 159 0
139 159 0
140 159 0
147 159 0
151 159 0
152 159 0
153 159 0
154 159 0
2 160 0
3 160 0
7 160 0
9 160 0
72 160 0
73 160 0
74 160 0
75 160 0
82 160 0
86 160 0
87 160 0
88 160 0
89 160 0
90 160 0
93 160 0
94 160 0
95 160 0
96 160 0
97 160 0
138 160 0
139 160 0
140 160 0
152 160 0
153 160 0
154 160 0
2 161 0
3 161 0
4 161 0
5 161 0
6 161 0
7 161 0
8 161 0
9 161 0
10 161 0
12 161 0
73 161 0
74 161 0
75 161 0
76 161 0
95 161 0
2 162 0
3 162 0
4 162 0
6 162 0
7 162 0
12 162 0
71 162 0
72 162 0
73 162 0
74 162 0
75 162 0
76 162 0
2 163 0
3 163 0
75 163 0
2 164 0
5 164 0
7 164 0
9 164 0
2 165 0
4 165 0
5 165 0
6 165 0
7 165 0
8 165 0
9 165 0
10 165 0
1 166 0
2 166 0
3 166 0
4 166 0
5 166 0
6 166 0
7 166 0
8 166 0
9 166 0
10 166 0
11 166 0
12 166 0
1 167 0
2 167 0
3 167 0
5 167 0
6 167 0
7 167 0
8 167 0
9 167 0
10 167 0
11 167 0
12 167 0
13 167 0
3 168 0
6 168 0
7 168 0
8 168 0
10 168 0
11 168 0
1 130 1
1 131 1
2 131 1
3 131 1
1 132 1
2 132 1
3 132 1
4 132 1
5 132 1
2 133 1
3 133 1
4 133 1
5 133 1
6 133 1
7 133 1
3 134 1
4 134 1
5 134 1
6 134 1
7 134 1
8 134 1
4 135 1
5 135 1
6 135 1
7 135 1
8 135 1
9 135 1
5 136 1
6 136 1
7 136 1
8 136 1
9 136 1
11 136 1
13 136 1
21 137 1
23 137 1
25 137 1
26 137 1
27 137 1
28 137 1
29 137 1
26 138 1
27 138 1
28 138 1
29 138 1
30 138 1
28 139 1
29 139 1
30 139 1
12 140 1
13 140 1
15 140 1
17 142 1
19 142 1
20 142 1
22 142 1
23 142 1
24 142 1
25 142 1
26 142 1
27 142 1
33 142 1
34 142 1
35 142 1
18 143 1
19 143 1
20 143 1
21 143 1
22 143 1
23 143 1
24 143 1
27 143 1
28 143 1
30 143 1
31 143 1
33 143 1
34 143 1
35 143 1
36 143 1
2 144 1
4 144 1
5 144 1
6 144 1
7 144 1
8 144 1
9 144 1
14 144 1
20 144 1
21 144 1
22 144 1
23 144 1
24 144 1
26 144 1
27 144 1
28 144 1
29 144 1
30 144 1
31 144 1
33 144 1
34 144 1
35 144 1
36 144 1
3 145 1
4 145 1
5 145 1
6 145 1
7 145 1
8 145 1
9 145 1
10 145 1
14 145 1
20 145 1
21 145 1
22 145 1
23 145 1
26 145 1
27 145 1
28 145 1
33 145 1
35 145 1
36 145 1
5 146 1
6 146 1
7 146 1
8 146 1
9 146 1
10 146 1
14 146 1
19 146 1
20 146 1
21 146 1
22 146 1
27 146 1
31 146 1
34 146 1
35 146 1
36 146 1
5 147 1
6 147 1
7 147 1
8 147 1
9 147 1
10 147 1
15 147 1
18 147 1
19 147 1
20 147 1
21 147 1
22 147 1
27 147 1
28 147 1
30 147 1
31 147 1
33 147 1
34 147 1
35 147 1
36 147 1
3 148 1
4 148 1
5 148 1
6 148 1
7 148 1
8 148 1
14 148 1
15 148 1
17 148 1
18 148 1
19 148 1
20 148 1
21 148 1
22 148 1
27 148 1
28 148 1
31 148 1
33 148 1
34 148 1
35 148 1
36 148 1
1 149 1
2 149 1
3 149 1
4 149 1
5 149 1
6 149 1
7 149 1
13 149 1
14 149 1
17 149 1
18 149 1
19 149 1
20 149 1
21 149 1
22 149 1
25 149 1
27 149 1
28 149 1
35 149 1
36 149 1
37 149 1
1 150 1
2 150 1
3 150 1
4 150 1
5 150 1
6 150 1
12 150 1
20 150 1
24 150 1
27 150 1
28 150 1
34 150 1
35 150 1
36 150 1
37 150 1
1 151 1
2 151 1
3 151 1
4 151 1
5 151 1
6 151 1
9 151 1
10 151 1
16 151 1
17 151 1
18 151 1
19 151 1
25 151 1
34 151 1
37 151 1
2 152 1
3 152 1
4 152 1
5 152 1
6 152 1
8 152 1
9 152 1
10 152 1
11 152 1
12 152 1
37 152 1
2 153 1
3 153 1
4 153 1
5 153 1
6 153 1
7 153 1
8 153 1
19 153 1
22 153 1
23 153 1
24 153 1
25 153 1
26 153 1
27 153 1
28 153 1
29 153 1
30 153 1
31 153 1
32 153 1
35 153 1
36 153 1
37 153 1
38 153 1
3 154 1
4 154 1
5 154 1
6 154 1
7 154 1
8 154 1
9 154 1
10 154 1
22 154 1
23 154 1
24 154 1
34 154 1
35 154 1
36 154 1
37 154 1
38 154 1
5 155 1
6 155 1
7 155 1
8 155 1
9 155 1
10 155 1
11 155 1
20 155 1
22 155 1
23 155 1
24 155 1
25 155 1
26 155 1
35 155 1
36 155 1
37 155 1
38 155 1
5 156 1
6 156 1
7 156 1
8 156 1
9 156 1
10 156 1
11 156 1
12 156 1
26 156 1
27 156 1
36 156 1
37 156 1
5 157 1
6 157 1
7 157 1
8 157 1
9 157 1
10 157 1
11 157 1
12 157 1
13 157 1
35 157 1
36 157 1
6 158 1
7 158 1
8 158 1
9 158 1
10 158 1
11 158 1
29 158 1
30 158 1
34 158 1
35 158 1
36 158 1
6 159 1
7 159 1
8 159 1
9 159 1
20 159 1
21 159 1
28 159 1
29 159 1
30 159 1
31 159 1
32 159 1
33 159 1
34 159 1
35 159 1
7 160 1
8 160 1
9 160 1
16 160 1
19 160 1
20 160 1
21 160 1
28 160 1
29 160 1
30 160 1
31 160 1
32 160 1
33 160 1
34 160 1
28 161 1
29 161 1
30 161 1
31 161 1
32 161 1
33 161 1
2 162 1
26 162 1
27 162 1
28 162 1
29 162 1
30 162 1
31 162 1
2 163 1
7 163 1
8 163 1
11 163 1
12 163 1
13 163 1
27 163 1
28 163 1
29 163 1
30 163 1
6 164 1
7 164 1
8 164 1
9 164 1
11 164 1
12 164 1
13 164 1
14 164 1
25 164 1
26 164 1
27 164 1
28 164 1
29 164 1
30 164 1
6 165 1
7 165 1
8 165 1
9 165 1
11 165 1
12 165 1
13 165 1
14 165 1
15 165 1
25 165 1
26 165 1
27 165 1
28 165 1
29 165 1
6 166 1
7 166 1
8 166 1
9 166 1
11 166 1
12 166 1
13 166 1
14 166 1
15 166 1
16 166 1
24 166 1
25 166 1
26 166 1
27 166 1
28 166 1
29 166 1
5 167 1
6 167 1
7 167 1
8 167 1
9 167 1
13 167 1
14 167 1
15 167 1
16 167 1
22 167 1
23 167 1
24 167 1
25 167 1
26 167 1
27 167 1
28 167 1
30 167 1
6 168 1
7 168 1
12 168 1
14 168 1
15 168 1
16 168 1
22 168 1
23 168 1
24 168 1
25 168 1
26 168 1
27 168 1
28 168 1
29 168 1
30 168 1
31 168 1
6 169 1
19 169 1
22 169 1
23 169 1
25 169 1
26 169 1
27 169 1
28 169 1
29 169 1
30 169 1
31 169 1
35 169 1
15 170 1
17 170 1
18 170 1
22 170 1
23 170 1
26 170 1
29 170 1
30 170 1
31 170 1
16 171 1
20 171 1
26 171 1
31 171 1
9 172 1
272 132 2
273 132 2
275 132 2
306 132 2
307 132 2
308 132 2
271 133 2
272 133 2
273 133 2
274 133 2
275 133 2
294 133 2
297 133 2
298 133 2
299 133 2
305 133 2
306 133 2
307 133 2
308 133 2
309 133 2
271 134 2
272 134 2
273 134 2
274 134 2
275 134 2
277 134 2
278 134 2
293 134 2
294 134 2
295 134 2
297 134 2
298 134 2
299 134 2
308 134 2
273 135 2
274 135 2
275 135 2
276 135 2
277 135 2
293 135 2
294 135 2
295 135 2
296 135 2
298 135 2
299 135 2
300 135 2
272 136 2
273 136 2
274 136 2
275 136 2
276 136 2
293 136 2
294 136 2
295 136 2
296 136 2
298 136 2
299 136 2
300 136 2
265 137 2
266 137 2
271 137 2
272 137 2
273 137 2
274 137 2
275 137 2
293 137 2
294 137 2
295 137 2
296 137 2
299 137 2
300 137 2
301 137 2
311 137 2
265 138 2
266 138 2
270 138 2
271 138 2
272 138 2
273 138 2
283 138 2
293 138 2
294 138 2
295 138 2
296 138 2
299 138 2
300 138 2
301 138 2
311 138 2
312 138 2
266 139 2
270 139 2
271 139 2
272 139 2
294 139 2
295 139 2
296 139 2
300 139 2
301 139 2
311 139 2
312 139 2
313 139 2
249 140 2
250 140 2
251 140 2
252 140 2
253 140 2
269 140 2
270 140 2
271 140 2
295 140 2
311 140 2
312 140 2
313 140 2
314 140 2
247 141 2
248 141 2
249 141 2
250 141 2
251 141 2
269 141 2
270 141 2
271 141 2
279 141 2
280 141 2
283 141 2
293 141 2
294 141 2
296 141 2
297 141 2
310 141 2
311 141 2
312 141 2
313 141 2
314 141 2
247 142 2
248 142 2
249 142 2
250 142 2
251 142 2
278 142 2
279 142 2
283 142 2
293 142 2
297 142 2
310 142 2
311 142 2
312 142 2
313 142 2
314 142 2
247 143 2
248 143 2
249 143 2
250 143 2
279 143 2
297 143 2
298 143 2
303 143 2
304 143 2
310 143 2
311 143 2
312 143 2
313 143 2
314 143 2
248 144 2
249 144 2
250 144 2
254 144 2
257 144 2
258 144 2
263 144 2
264 144 2
295 144 2
296 144 2
297 144 2
298 144 2
303 144 2
304 144 2
305 144 2
306 144 2
310 144 2
313 144 2
314 144 2
246 145 2
247 145 2
248 145 2
249 145 2
254 145 2
255 145 2
256 145 2
257 145 2
258 145 2
263 145 2
264 145 2
265 145 2
266 145 2
294 145 2
295 145 2
296 145 2
297 145 2
298 145 2
303 145 2
304 145 2
305 145 2
306 145 2
307 145 2
314 145 2
247 146 2
248 146 2
249 146 2
253 146 2
254 146 2
255 146 2
256 146 2
257 146 2
264 146 2
265 146 2
266 146 2
267 146 2
293 146 2
294 146 2
295 146 2
296 146 2
304 146 2
305 146 2
306 146 2
307 146 2
247 147 2
250 147 2
253 147 2
254 147 2
255 147 2
256 147 2
265 147 2
266 147 2
267 147 2
268 147 2
293 147 2
294 147 2
295 147 2
296 147 2
305 147 2
306 147 2
307 147 2
246 148 2
247 148 2
250 148 2
251 148 2
253 148 2
254 148 2
255 148 2
258 148 2
262 148 2
263 148 2
265 148 2
266 148 2
267 148 2
268 148 2
293 148 2
294 148 2
295 148 2
298 148 2
299 148 2
302 148 2
303 148 2
307 148 2
312 148 2
313 148 2
314 148 2
246 149 2
247 149 2
253 149 2
254 149 2
257 149 2
258 149 2
262 149 2
263 149 2
264 149 2
266 149 2
267 149 2
297 149 2
298 149 2
299 149 2
302 149 2
303 149 2
311 149 2
312 149 2
313 149 2
314 149 2
315 149 2
246 150 2
247 150 2
248 150 2
249 150 2
251 150 2
253 150 2
254 150 2
256 150 2
257 150 2
258 150 2
259 150 2
261 150 2
262 150 2
263 150 2
264 150 2
296 150 2
297 150 2
298 150 2
299 150 2
302 150 2
303 150 2
304 150 2
305 150 2
306 150 2
311 150 2
312 150 2
313 150 2
247 151 2
248 151 2
249 151 2
250 151 2
251 151 2
252 151 2
256 151 2
257 151 2
258 151 2
263 151 2
264 151 2
296 151 2
297 151 2
298 151 2
303 151 2
304 151 2
305 151 2
306 151 2
309 151 2
312 151 2
248 152 2
249 152 2
250 152 2
251 152 2
252 152 2
256 152 2
257 152 2
263 152 2
289 152 2
296 152 2
297 152 2
298 152 2
303 152 2
305 152 2
306 152 2
250 153 2
251 153 2
252 153 2
253 153 2
256 153 2
257 153 2
258 153 2
262 153 2
263 153 2
290 153 2
291 153 2
297 153 2
298 153 2
299 153 2
301 153 2
302 153 2
303 153 2
305 153 2
251 154 2
252 154 2
253 154 2
254 154 2
257 154 2
258 154 2
291 154 2
292 154 2
298 154 2
304 154 2
249 155 2
252 155 2
253 155 2
254 155 2
