32 118 0
33 118 0
35 118 0
36 118 0
27 119 0
32 119 0
34 119 0
35 119 0
36 119 0
37 119 0
38 119 0
39 119 0
40 119 0
41 119 0
42 119 0
43 119 0
44 119 0
45 119 0
46 119 0
21 120 0
25 120 0
26 120 0
27 120 0
28 120 0
40 120 0
41 120 0
42 120 0
43 120 0
44 120 0
45 120 0
46 120 0
47 120 0
48 120 0
49 120 0
50 120 0
51 120 0
29 121 0
30 121 0
47 121 0
48 121 0
49 121 0
50 121 0
51 121 0
52 121 0
53 121 0
11 122 0
12 122 0
13 122 0
19 122 0
21 122 0
22 122 0
24 122 0
25 122 0
26 122 0
31 122 0
32 122 0
33 122 0
50 122 0
51 122 0
52 122 0
53 122 0
54 122 0
55 122 0
10 123 0
11 123 0
12 123 0
13 123 0
14 123 0
26 123 0
27 123 0
28 123 0
29 123 0
30 123 0
32 123 0
33 123 0
34 123 0
50 123 0
55 123 0
56 123 0
84 123 0
9 124 0
10 124 0
11 124 0
12 124 0
13 124 0
28 124 0
29 124 0
30 124 0
31 124 0
32 124 0
33 124 0
34 124 0
35 124 0
56 124 0
57 124 0
58 124 0
92 124 0
9 125 0
10 125 0
11 125 0
12 125 0
13 125 0
29 125 0
30 125 0
31 125 0
32 125 0
33 125 0
34 125 0
35 125 0
36 125 0
51 125 0
57 125 0
58 125 0
59 125 0
60 125 0
66 125 0
81 125 0
83 125 0
84 125 0
93 125 0
94 125 0
95 125 0
96 125 0
7 126 0
9 126 0
10 126 0
11 126 0
12 126 0
13 126 0
30 126 0
31 126 0
32 126 0
33 126 0
34 126 0
35 126 0
36 126 0
37 126 0
58 126 0
59 126 0
60 126 0
61 126 0
66 126 0
67 126 0
82 126 0
83 126 0
84 126 0
85 126 0
86 126 0
87 126 0
88 126 0
94 126 0
95 126 0
96 126 0
97 126 0
98 126 0
2 127 0
8 127 0
9 127 0
10 127 0
11 127 0
12 127 0
13 127 0
31 127 0
32 127 0
33 127 0
34 127 0
35 127 0
36 127 0
37 127 0
38 127 0
59 127 0
60 127 0
61 127 0
62 127 0
67 127 0
85 127 0
86 127 0
87 127 0
88 127 0
89 127 0
97 127 0
98 127 0
99 127 0
100 127 0
2 128 0
8 128 0
9 128 0
10 128 0
11 128 0
12 128 0
13 128 0
32 128 0
33 128 0
34 128 0
35 128 0
36 128 0
37 128 0
38 128 0
39 128 0
41 128 0
42 128 0
60 128 0
61 128 0
62 128 0
63 128 0
66 128 0
67 128 0
85 128 0
86 128 0
87 128 0
88 128 0
89 128 0
98 128 0
99 128 0
100 128 0
101 128 0
102 128 0
2 129 0
8 129 0
9 129 0
10 129 0
11 129 0
12 129 0
33 129 0
34 129 0
35 129 0
36 129 0
37 129 0
38 129 0
39 129 0
40 129 0
42 129 0
62 129 0
63 129 0
64 129 0
87 129 0
88 129 0
89 129 0
90 129 0
93 129 0
99 129 0
100 129 0
101 129 0
102 129 0
103 129 0
104 129 0
2 130 0
8 130 0
9 130 0
10 130 0
11 130 0
12 130 0
35 130 0
36 130 0
37 130 0
38 130 0
39 130 0
40 130 0
54 130 0
63 130 0
64 130 0
65 130 0
88 130 0
89 130 0
90 130 0
91 130 0
94 130 0
95 130 0
96 130 0
101 130 0
102 130 0
103 130 0
104 130 0
105 130 0
1 131 0
2 131 0
8 131 0
9 131 0
10 131 0
11 131 0
12 131 0
35 131 0
36 131 0
37 131 0
38 131 0
40 131 0
41 131 0
55 131 0
59 131 0
64 131 0
65 131 0
66 131 0
67 131 0
90 131 0
91 131 0
92 131 0
93 131 0
97 131 0
98 131 0
103 131 0
104 131 0
105 131 0
106 131 0
107 131 0
1 132 0
7 132 0
8 132 0
9 132 0
10 132 0
11 132 0
12 132 0
35 132 0
36 132 0
37 132 0
38 132 0
39 132 0
41 132 0
42 132 0
52 132 0
55 132 0
56 132 0
57 132 0
65 132 0
66 132 0
67 132 0
68 132 0
69 132 0
80 132 0
81 132 0
82 132 0
84 132 0
90 132 0
91 132 0
92 132 0
97 132 0
98 132 0
104 132 0
105 132 0
106 132 0
107 132 0
108 132 0
7 133 0
8 133 0
9 133 0
10 133 0
11 133 0
12 133 0
13 133 0
34 133 0
35 133 0
37 133 0
38 133 0
39 133 0
40 133 0
42 133 0
43 133 0
53 133 0
54 133 0
57 133 0
59 133 0
66 133 0
67 133 0
68 133 0
69 133 0
70 133 0
71 133 0
82 133 0
89 133 0
91 133 0
92 133 0
93 133 0
107 133 0
108 133 0
109 133 0
110 133 0
118 133 0
7 134 0
8 134 0
9 134 0
10 134 0
11 134 0
12 134 0
36 134 0
37 134 0
38 134 0
39 134 0
40 134 0
41 134 0
43 134 0
44 134 0
48 134 0
55 134 0
56 134 0
60 134 0
68 134 0
69 134 0
70 134 0
71 134 0
84 134 0
85 134 0
91 134 0
93 134 0
94 134 0
104 134 0
105 134 0
106 134 0
112 134 0
116 134 0
117 134 0
119 134 0
120 134 0
121 134 0
122 134 0
123 134 0
124 134 0
125 134 0
7 135 0
8 135 0
9 135 0
10 135 0
11 135 0
12 135 0
36 135 0
39 135 0
40 135 0
41 135 0
42 135 0
43 135 0
44 135 0
45 135 0
55 135 0
56 135 0
59 135 0
69 135 0
70 135 0
71 135 0
72 135 0
73 135 0
76 135 0
92 135 0
93 135 0
94 135 0
95 135 0
96 135 0
97 135 0
102 135 0
103 135 0
104 135 0
105 135 0
106 135 0
116 135 0
122 135 0
125 135 0
126 135 0
127 135 0
128 135 0
129 135 0
130 135 0
131 135 0
6 136 0
8 136 0
9 136 0
10 136 0
11 136 0
12 136 0
34 136 0
35 136 0
39 136 0
40 136 0
41 136 0
42 136 0
43 136 0
44 136 0
45 136 0
46 136 0
58 136 0
69 136 0
70 136 0
71 136 0
72 136 0
73 136 0
82 136 0
83 136 0
87 136 0
92 136 0
93 136 0
94 136 0
95 136 0
96 136 0
97 136 0
103 136 0
104 136 0
105 136 0
110 136 0
128 136 0
129 136 0
130 136 0
131 136 0
132 136 0
133 136 0
134 136 0
6 137 0
7 137 0
8 137 0
9 137 0
10 137 0
11 137 0
12 137 0
34 137 0
35 137 0
36 137 0
40 137 0
41 137 0
42 137 0
43 137 0
44 137 0
45 137 0
46 137 0
47 137 0
58 137 0
59 137 0
70 137 0
71 137 0
72 137 0
87 137 0
88 137 0
89 137 0
90 137 0
92 137 0
93 137 0
94 137 0
95 137 0
132 137 0
133 137 0
134 137 0
135 137 0
136 137 0
6 138 0
7 138 0
8 138 0
9 138 0
10 138 0
11 138 0
12 138 0
41 138 0
42 138 0
43 138 0
44 138 0
45 138 0
46 138 0
47 138 0
48 138 0
62 138 0
73 138 0
87 138 0
88 138 0
89 138 0
91 138 0
92 138 0
93 138 0
94 138 0
133 138 0
134 138 0
135 138 0
136 138 0
137 138 0
6 139 0
7 139 0
8 139 0
9 139 0
10 139 0
11 139 0
12 139 0
40 139 0
41 139 0
42 139 0
43 139 0
44 139 0
45 139 0
46 139 0
47 139 0
48 139 0
49 139 0
62 139 0
72 139 0
86 139 0
87 139 0
91 139 0
92 139 0
93 139 0
130 139 0
133 139 0
134 139 0
135 139 0
136 139 0
137 139 0
5 140 0
7 140 0
8 140 0
9 140 0
10 140 0
11 140 0
12 140 0
13 140 0
40 140 0
42 140 0
43 140 0
44 140 0
45 140 0
46 140 0
47 140 0
48 140 0
49 140 0
58 140 0
59 140 0
60 140 0
62 140 0
63 140 0
76 140 0
77 140 0
78 140 0
79 140 0
80 140 0
81 140 0
82 140 0
83 140 0
84 140 0
85 140 0
86 140 0
90 140 0
91 140 0
92 140 0
93 140 0
102 140 0
132 140 0
133 140 0
134 140 0
5 141 0
10 141 0
11 141 0
12 141 0
13 141 0
42 141 0
43 141 0
44 141 0
45 141 0
46 141 0
48 141 0
49 141 0
52 141 0
53 141 0
58 141 0
59 141 0
60 141 0
78 141 0
79 141 0
80 141 0
81 141 0
82 141 0
83 141 0
84 141 0
85 141 0
86 141 0
87 141 0
88 141 0
89 141 0
115 141 0
118 141 0
119 141 0
132 141 0
133 141 0
134 141 0
135 141 0
136 141 0
137 141 0
45 142 0
46 142 0
47 142 0
53 142 0
59 142 0
77 142 0
78 142 0
79 142 0
83 142 0
84 142 0
86 142 0
87 142 0
88 142 0
89 142 0
90 142 0
91 142 0
92 142 0
119 142 0
120 142 0
121 142 0
122 142 0
123 142 0
126 142 0
129 142 0
130 142 0
131 142 0
132 142 0
133 142 0
134 142 0
135 142 0
136 142 0
137 142 0
3 143 0
5 143 0
9 143 0
10 143 0
46 143 0
47 143 0
48 143 0
49 143 0
50 143 0
77 143 0
78 143 0
87 143 0
88 143 0
89 143 0
90 143 0
91 143 0
92 143 0
93 143 0
94 143 0
95 143 0
119 143 0
120 143 0
121 143 0
122 143 0
123 143 0
127 143 0
129 143 0
130 143 0
131 143 0
132 143 0
133 143 0
135 143 0
136 143 0
137 143 0
2 144 0
3 144 0
4 144 0
5 144 0
6 144 0
9 144 0
10 144 0
47 144 0
48 144 0
49 144 0
61 144 0
90 144 0
91 144 0
92 144 0
93 144 0
94 144 0
95 144 0
96 144 0
119 144 0
120 144 0
121 144 0
122 144 0
123 144 0
129 144 0
130 144 0
131 144 0
132 144 0
2 145 0
3 145 0
4 145 0
5 145 0
6 145 0
8 145 0
9 145 0
10 145 0
46 145 0
47 145 0
48 145 0
66 145 0
67 145 0
90 145 0
91 145 0
92 145 0
93 145 0
94 145 0
95 145 0
96 145 0
97 145 0
112 145 0
113 145 0
114 145 0
115 145 0
118 145 0
119 145 0
120 145 0
121 145 0
122 145 0
126 145 0
127 145 0
129 145 0
130 145 0
131 145 0
132 145 0
134 145 0
135 145 0
136 145 0
2 146 0
3 146 0
4 146 0
5 146 0
6 146 0
9 146 0
10 146 0
47 146 0
67 146 0
91 146 0
92 146 0
93 146 0
94 146 0
95 146 0
96 146 0
97 146 0
98 146 0
111 146 0
112 146 0
114 146 0
115 146 0
116 146 0
117 146 0
118 146 0
119 146 0
120 146 0
121 146 0
125 146 0
126 146 0
127 146 0
129 146 0
130 146 0
131 146 0
132 146 0
133 146 0
134 146 0
135 146 0
136 146 0
3 147 0
4 147 0
5 147 0
6 147 0
9 147 0
10 147 0
11 147 0
90 147 0
91 147 0
92 147 0
93 147 0
94 147 0
95 147 0
96 147 0
97 147 0
98 147 0
100 147 0
101 147 0
115 147 0
116 147 0
117 147 0
118 147 0
119 147 0
120 147 0
121 147 0
125 147 0
126 147 0
133 147 0
134 147 0
135 147 0
3 148 0
4 148 0
5 148 0
6 148 0
7 148 0
8 148 0
9 148 0
10 148 0
11 148 0
87 148 0
88 148 0
89 148 0
90 148 0
91 148 0
92 148 0
93 148 0
94 148 0
95 148 0
96 148 0
97 148 0
98 148 0
99 148 0
100 148 0
116 148 0
117 148 0
118 148 0
119 148 0
129 148 0
130 148 0
3 149 0
4 149 0
5 149 0
6 149 0
8 149 0
9 149 0
10 149 0
68 149 0
69 149 0
70 149 0
71 149 0
72 149 0
77 149 0
78 149 0
79 149 0
86 149 0
87 149 0
88 149 0
89 149 0
90 149 0
91 149 0
92 149 0
93 149 0
95 149 0
97 149 0
99 149 0
116 149 0
117 149 0
118 149 0
119 149 0
120 149 0
122 149 0
123 149 0
124 149 0
125 149 0
126 149 0
130 149 0
131 149 0
9 150 0
68 150 0
69 150 0
70 150 0
71 150 0
72 150 0
73 150 0
81 150 0
116 150 0
117 150 0
118 150 0
119 150 0
120 150 0
124 150 0
134 150 0
66 151 0
68 151 0
69 151 0
70 151 0
71 151 0
72 151 0
75 151 0
76 151 0
77 151 0
79 151 0
80 151 0
81 151 0
117 151 0
118 151 0
119 151 0
120 151 0
121 151 0
133 151 0
134 151 0
136 151 0
137 151 0
138 151 0
139 151 0
67 152 0
68 152 0
69 152 0
70 152 0
71 152 0
72 152 0
75 152 0
76 152 0
77 152 0
78 152 0
79 152 0
80 152 0
81 152 0
82 152 0
94 152 0
95 152 0
118 152 0
119 152 0
120 152 0
121 152 0
125 152 0
132 152 0
133 152 0
134 152 0
136 152 0
137 152 0
138 152 0
139 152 0
66 153 0
67 153 0
68 153 0
69 153 0
70 153 0
71 153 0
72 153 0
75 153 0
76 153 0
77 153 0
78 153 0
79 153 0
80 153 0
81 153 0
89 153 0
90 153 0
93 153 0
94 153 0
95 153 0
119 153 0
120 153 0
121 153 0
122 153 0
137 153 0
138 153 0
139 153 0
67 154 0
68 154 0
69 154 0
70 154 0
71 154 0
72 154 0
75 154 0
76 154 0
77 154 0
78 154 0
79 154 0
80 154 0
81 154 0
89 154 0
90 154 0
91 154 0
92 154 0
93 154 0
94 154 0
95 154 0
101 154 0
119 154 0
120 154 0
121 154 0
122 154 0
123 154 0
67 155 0
68 155 0
69 155 0
70 155 0
71 155 0
72 155 0
76 155 0
77 155 0
80 155 0
90 155 0
93 155 0
94 155 0
95 155 0
101 155 0
112 155 0
120 155 0
121 155 0
122 155 0
123 155 0
137 155 0
54 156 0
55 156 0
56 156 0
67 156 0
68 156 0
69 156 0
70 156 0
71 156 0
72 156 0
76 156 0
77 156 0
81 156 0
82 156 0
83 156 0
84 156 0
85 156 0
100 156 0
101 156 0
104 156 0
105 156 0
111 156 0
112 156 0
120 156 0
121 156 0
122 156 0
123 156 0
125 156 0
126 156 0
135 156 0
136 156 0
137 156 0
43 157 0
44 157 0
45 157 0
46 157 0
47 157 0
48 157 0
52 157 0
54 157 0
55 157 0
56 157 0
57 157 0
58 157 0
59 157 0
67 157 0
68 157 0
69 157 0
70 157 0
71 157 0
73 157 0
74 157 0
75 157 0
76 157 0
77 157 0
78 157 0
79 157 0
80 157 0
81 157 0
82 157 0
83 157 0
84 157 0
85 157 0
86 157 0
87 157 0
103 157 0
104 157 0
105 157 0
110 157 0
111 157 0
112 157 0
113 157 0
121 157 0
122 157 0
123 157 0
124 157 0
125 157 0
126 157 0
133 157 0
134 157 0
135 157 0
136 157 0
137 157 0
42 158 0
43 158 0
44 158 0
45 158 0
46 158 0
47 158 0
54 158 0
55 158 0
56 158 0
57 158 0
58 158 0
59 158 0
60 158 0
61 158 0
67 158 0
68 158 0
69 158 0
70 158 0
71 158 0
73 158 0
74 158 0
75 158 0
76 158 0
77 158 0
78 158 0
79 158 0
80 158 0
81 158 0
82 158 0
83 158 0
84 158 0
85 158 0
86 158 0
87 158 0
94 158 0
95 158 0
98 158 0
99 158 0
103 158 0
104 158 0
105 158 0
106 158 0
107 158 0
110 158 0
111 158 0
112 158 0
113 158 0
114 158 0
121 158 0
122 158 0
131 158 0
132 158 0
133 158 0
134 158 0
135 158 0
136 158 0
38 159 0
39 159 0
40 159 0
41 159 0
42 159 0
43 159 0
44 159 0
45 159 0
57 159 0
58 159 0
59 159 0
60 159 0
61 159 0
62 159 0
63 159 0
66 159 0
67 159 0
68 159 0
69 159 0
70 159 0
71 159 0
73 159 0
74 159 0
75 159 0
76 159 0
77 159 0
78 159 0
79 159 0
80 159 0
81 159 0
82 159 0
83 159 0
84 159 0
85 159 0
86 159 0
94 159 0
99 159 0
100 159 0
103 159 0
104 159 0
105 159 0
106 159 0
107 159 0
110 159 0
111 159 0
112 159 0
113 159 0
114 159 0
115 159 0
128 159 0
129 159 0
130 159 0
131 159 0
132 159 0
133 159 0
134 159 0
135 159 0
38 160 0
39 160 0
40 160 0
41 160 0
42 160 0
43 160 0
44 160 0
59 160 0
60 160 0
61 160 0
62 160 0
63 160 0
64 160 0
67 160 0
68 160 0
69 160 0
70 160 0
71 160 0
72 160 0
75 160 0
76 160 0
77 160 0
79 160 0
80 160 0
81 160 0
82 160 0
83 160 0
93 160 0
94 160 0
99 160 0
100 160 0
102 160 0
103 160 0
104 160 0
105 160 0
106 160 0
107 160 0
110 160 0
111 160 0
112 160 0
113 160 0
114 160 0
115 160 0
127 160 0
128 160 0
129 160 0
130 160 0
131 160 0
132 160 0
133 160 0
134 160 0
36 161 0
37 161 0
38 161 0
39 161 0
40 161 0
41 161 0
42 161 0
43 161 0
60 161 0
61 161 0
62 161 0
63 161 0
64 161 0
68 161 0
69 161 0
70 161 0
71 161 0
97 161 0
98 161 0
102 161 0
103 161 0
104 161 0
112 161 0
113 161 0
114 161 0
115 161 0
125 161 0
126 161 0
127 161 0
128 161 0
129 161 0
130 161 0
131 161 0
36 162 0
37 162 0
38 162 0
39 162 0
40 162 0
41 162 0
42 162 0
62 162 0
63 162 0
64 162 0
65 162 0
71 162 0
102 162 0
103 162 0
104 162 0
107 162 0
108 162 0
113 162 0
114 162 0
115 162 0
116 162 0
125 162 0
126 162 0
127 162 0
128 162 0
129 162 0
36 163 0
37 163 0
38 163 0
39 163 0
40 163 0
41 163 0
63 163 0
64 163 0
65 163 0
102 163 0
103 163 0
104 163 0
105 163 0
107 163 0
108 163 0
109 163 0
110 163 0
111 163 0
112 163 0
113 163 0
114 163 0
115 163 0
116 163 0
123 163 0
124 163 0
125 163 0
126 163 0
127 163 0
128 163 0
36 164 0
37 164 0
38 164 0
39 164 0
40 164 0
41 164 0
65 164 0
66 164 0
91 164 0
92 164 0
93 164 0
94 164 0
96 164 0
97 164 0
98 164 0
103 164 0
104 164 0
105 164 0
106 164 0
107 164 0
108 164 0
109 164 0
110 164 0
111 164 0
112 164 0
113 164 0
114 164 0
115 164 0
123 164 0
124 164 0
125 164 0
126 164 0
127 164 0
128 164 0
34 165 0
35 165 0
36 165 0
37 165 0
38 165 0
39 165 0
40 165 0
66 165 0
91 165 0
92 165 0
93 165 0
94 165 0
96 165 0
97 165 0
98 165 0
99 165 0
103 165 0
104 165 0
105 165 0
106 165 0
110 165 0
111 165 0
112 165 0
113 165 0
114 165 0
115 165 0
122 165 0
123 165 0
124 165 0
125 165 0
126 165 0
127 165 0
34 166 0
35 166 0
36 166 0
37 166 0
38 166 0
39 166 0
40 166 0
48 166 0
53 166 0
54 166 0
55 166 0
56 166 0
65 166 0
66 166 0
90 166 0
91 166 0
92 166 0
93 166 0
94 166 0
96 166 0
97 166 0
98 166 0
100 166 0
101 166 0
104 166 0
105 166 0
106 166 0
110 166 0
111 166 0
112 166 0
113 166 0
121 166 0
122 166 0
123 166 0
124 166 0
125 166 0
126 166 0
127 166 0
129 166 0
33 167 0
34 167 0
35 167 0
36 167 0
37 167 0
38 167 0
39 167 0
40 167 0
46 167 0
47 167 0
48 167 0
49 167 0
52 167 0
53 167 0
54 167 0
55 167 0
56 167 0
57 167 0
58 167 0
90 167 0
91 167 0
92 167 0
93 167 0
94 167 0
96 167 0
97 167 0
98 167 0
99 167 0
105 167 0
121 167 0
125 167 0
126 167 0
129 167 0
130 167 0
135 167 0
33 168 0
35 168 0
36 168 0
37 168 0
38 168 0
39 168 0
45 168 0
46 168 0
47 168 0
48 168 0
53 168 0
54 168 0
55 168 0
56 168 0
57 168 0
58 168 0
59 168 0
90 168 0
92 168 0
93 168 0
95 168 0
96 168 0
97 168 0
98 168 0
125 168 0
126 168 0
129 168 0
131 168 0
132 168 0
135 168 0
137 168 0
34 169 0
35 169 0
36 169 0
37 169 0
38 169 0
39 169 0
44 169 0
45 169 0
46 169 0
47 169 0
55 169 0
56 169 0
57 169 0
58 169 0
59 169 0
60 169 0
118 169 0
120 169 0
124 169 0
131 169 0
132 169 0
137 169 0
32 170 0
34 170 0
35 170 0
36 170 0
37 170 0
38 170 0
39 170 0
43 170 0
44 170 0
45 170 0
46 170 0
55 170 0
56 170 0
57 170 0
58 170 0
59 170 0
60 170 0
67 170 0
94 170 0
95 170 0
96 170 0
117 170 0
34 171 0
35 171 0
36 171 0
37 171 0
38 171 0
39 171 0
43 171 0
44 171 0
45 171 0
46 171 0
48 171 0
56 171 0
57 171 0
58 171 0
59 171 0
60 171 0
61 171 0
88 171 0
90 171 0
91 171 0
92 171 0
93 171 0
94 171 0
95 171 0
96 171 0
34 172 0
35 172 0
36 172 0
37 172 0
38 172 0
42 172 0
43 172 0
44 172 0
45 172 0
49 172 0
57 172 0
58 172 0
59 172 0
60 172 0
61 172 0
87 172 0
88 172 0
89 172 0
90 172 0
91 172 0
92 172 0
93 172 0
94 172 0
95 172 0
37 173 0
42 173 0
43 173 0
44 173 0
45 173 0
47 173 0
48 173 0
49 173 0
58 173 0
59 173 0
60 173 0
61 173 0
86 173 0
87 173 0
88 173 0
89 173 0
90 173 0
91 173 0
92 173 0
42 174 0
43 174 0
44 174 0
45 174 0
47 174 0
48 174 0
49 174 0
50 174 0
53 174 0
58 174 0
59 174 0
60 174 0
61 174 0
82 174 0
83 174 0
84 174 0
85 174 0
86 174 0
87 174 0
88 174 0
90 174 0
43 175 0
44 175 0
45 175 0
47 175 0
48 175 0
49 175 0
50 175 0
55 175 0
56 175 0
57 175 0
58 175 0
59 175 0
60 175 0
61 175 0
69 175 0
81 175 0
82 175 0
83 175 0
84 175 0
85 175 0
38 176 0
39 176 0
42 176 0
43 176 0
44 176 0
45 176 0
47 176 0
48 176 0
49 176 0
50 176 0
54 176 0
55 176 0
57 176 0
58 176 0
59 176 0
60 176 0
69 176 0
70 176 0
80 176 0
81 176 0
82 176 0
83 176 0
84 176 0
39 177 0
42 177 0
43 177 0
44 177 0
45 177 0
46 177 0
49 177 0
50 177 0
51 177 0
54 177 0
56 177 0
57 177 0
58 177 0
59 177 0
60 177 0
70 177 0
80 177 0
81 177 0
84 177 0
85 177 0
89 177 0
43 178 0
44 178 0
45 178 0
46 178 0
47 178 0
50 178 0
51 178 0
52 178 0
53 178 0
54 178 0
56 178 0
57 178 0
58 178 0
59 178 0
60 178 0
81 178 0
84 178 0
91 178 0
95 178 0
97 178 0
100 178 0
101 178 0
41 179 0
42 179 0
43 179 0
44 179 0
45 179 0
46 179 0
47 179 0
48 179 0
51 179 0
52 179 0
53 179 0
54 179 0
55 179 0
56 179 0
57 179 0
58 179 0
59 179 0
60 179 0
84 179 0
86 179 0
89 179 0
91 179 0
92 179 0
94 179 0
95 179 0
99 179 0
100 179 0
41 180 0
44 180 0
45 180 0
46 180 0
47 180 0
48 180 0
49 180 0
52 180 0
53 180 0
54 180 0
55 180 0
56 180 0
57 180 0
58 180 0
59 180 0
84 180 0
87 180 0
90 180 0
92 180 0
94 180 0
95 180 0
96 180 0
99 180 0
100 180 0
41 181 0
42 181 0
43 181 0
45 181 0
46 181 0
47 181 0
48 181 0
49 181 0
52 181 0
53 181 0
54 181 0
55 181 0
56 181 0
57 181 0
58 181 0
87 181 0
92 181 0
93 181 0
41 182 0
46 182 0
47 182 0
48 182 0
52 182 0
53 182 0
54 182 0
55 182 0
56 182 0
86 182 0
89 182 0
95 182 0
105 182 0
53 183 0
54 183 0
93 183 0
69 184 0
98 184 0
70 185 0
75 185 0
91 185 0
224 133 1
225 133 1
257 133 1
258 133 1
223 134 1
224 134 1
225 134 1
226 134 1
244 134 1
245 134 1
248 134 1
249 134 1
221 135 1
222 135 1
223 135 1
224 135 1
225 135 1
226 135 1
227 135 1
228 135 1
244 135 1
245 135 1
246 135 1
248 135 1
249 135 1
259 135 1
220 136 1
221 136 1
222 136 1
223 136 1
224 136 1
225 136 1
226 136 1
227 136 1
244 136 1
245 136 1
246 136 1
248 136 1
249 136 1
250 136 1
259 136 1
260 136 1
261 136 1
219 137 1
220 137 1
221 137 1
222 137 1
223 137 1
224 137 1
225 137 1
226 137 1
244 137 1
245 137 1
246 137 1
247 137 1
248 137 1
249 137 1
250 137 1
259 137 1
260 137 1
261 137 1
262 137 1
218 138 1
219 138 1
221 138 1
223 138 1
224 138 1
244 138 1
245 138 1
246 138 1
249 138 1
250 138 1
251 138 1
260 138 1
261 138 1
262 138 1
217 139 1
218 139 1
220 139 1
222 139 1
223 139 1
224 139 1
244 139 1
245 139 1
246 139 1
249 139 1
250 139 1
251 139 1
261 139 1
262 139 1
220 140 1
221 140 1
222 140 1
244 140 1
245 140 1
246 140 1
202 141 1
203 141 1
204 141 1
205 141 1
207 141 1
220 141 1
221 141 1
222 141 1
260 141 1
261 141 1
262 141 1
263 141 1
264 141 1
201 142 1
202 142 1
203 142 1
221 142 1
229 142 1
230 142 1
233 142 1
243 142 1
244 142 1
246 142 1
247 142 1
260 142 1
261 142 1
262 142 1
263 142 1
264 142 1
201 143 1
202 143 1
229 143 1
260 143 1
262 143 1
263 143 1
264 143 1
200 144 1
201 144 1
204 144 1
205 144 1
247 144 1
248 144 1
253 144 1
254 144 1
260 144 1
262 144 1
263 144 1
264 144 1
200 145 1
201 145 1
205 145 1
207 145 1
208 145 1
209 145 1
213 145 1
214 145 1
215 145 1
245 145 1
246 145 1
247 145 1
253 145 1
254 145 1
255 145 1
256 145 1
263 145 1
264 145 1
200 146 1
201 146 1
205 146 1
206 146 1
207 146 1
208 146 1
214 146 1
215 146 1
216 146 1
244 146 1
245 146 1
246 146 1
254 146 1
255 146 1
256 146 1
257 146 1
200 147 1
201 147 1
204 147 1
205 147 1
206 147 1
207 147 1
215 147 1
216 147 1
217 147 1
243 147 1
244 147 1
245 147 1
255 147 1
256 147 1
257 147 1
201 148 1
204 148 1
205 148 1
206 148 1
216 148 1
217 148 1
218 148 1
243 148 1
244 148 1
245 148 1
256 148 1
257 148 1
263 148 1
264 148 1
199 149 1
200 149 1
204 149 1
205 149 1
208 149 1
209 149 1
212 149 1
213 149 1
216 149 1
217 149 1
218 149 1
243 149 1
244 149 1
247 149 1
248 149 1
251 149 1
252 149 1
253 149 1
262 149 1
263 149 1
264 149 1
199 150 1
200 150 1
204 150 1
208 150 1
213 150 1
214 150 1
246 150 1
247 150 1
248 150 1
249 150 1
251 150 1
252 150 1
253 150 1
261 150 1
262 150 1
263 150 1
264 150 1
199 151 1
200 151 1
201 151 1
202 151 1
207 151 1
208 151 1
209 151 1
213 151 1
214 151 1
215 151 1
246 151 1
247 151 1
248 151 1
249 151 1
253 151 1
262 151 1
263 151 1
201 152 1
202 152 1
205 152 1
208 152 1
213 152 1
214 152 1
246 152 1
247 152 1
248 152 1
253 152 1
255 152 1
205 153 1
206 153 1
208 153 1
213 153 1
214 153 1
243 153 1
247 153 1
248 153 1
252 153 1
253 153 1
255 153 1
205 154 1
206 154 1
208 154 1
209 154 1
213 154 1
215 154 1
244 154 1
248 154 1
249 154 1
252 154 1
253 154 1
254 154 1
255 154 1
205 155 1
206 155 1
207 155 1
215 155 1
198 156 1
204 156 1
207 156 1
