139 125 0
142 125 0
165 125 0
166 125 0
167 125 0
168 125 0
136 126 0
137 126 0
138 126 0
139 126 0
140 126 0
141 126 0
142 126 0
161 126 0
166 126 0
167 126 0
168 126 0
169 126 0
134 127 0
135 127 0
136 127 0
137 127 0
138 127 0
139 127 0
144 127 0
159 127 0
160 127 0
161 127 0
162 127 0
163 127 0
166 127 0
167 127 0
168 127 0
169 127 0
133 128 0
134 128 0
135 128 0
136 128 0
137 128 0
139 128 0
140 128 0
141 128 0
160 128 0
161 128 0
162 128 0
163 128 0
166 128 0
167 128 0
168 128 0
169 128 0
131 129 0
132 129 0
133 129 0
134 129 0
135 129 0
137 129 0
138 129 0
139 129 0
147 129 0
161 129 0
162 129 0
163 129 0
164 129 0
166 129 0
167 129 0
168 129 0
169 129 0
170 129 0
129 130 0
130 130 0
131 130 0
132 130 0
133 130 0
134 130 0
135 130 0
136 130 0
137 130 0
147 130 0
161 130 0
162 130 0
163 130 0
164 130 0
167 130 0
168 130 0
169 130 0
170 130 0
128 131 0
129 131 0
130 131 0
131 131 0
132 131 0
133 131 0
134 131 0
135 131 0
147 131 0
161 131 0
162 131 0
163 131 0
164 131 0
165 131 0
167 131 0
168 131 0
169 131 0
170 131 0
126 132 0
127 132 0
128 132 0
129 132 0
130 132 0
132 132 0
133 132 0
134 132 0
161 132 0
162 132 0
163 132 0
164 132 0
165 132 0
166 132 0
167 132 0
168 132 0
169 132 0
170 132 0
296 132 0
298 132 0
126 133 0
127 133 0
128 133 0
129 133 0
130 133 0
131 133 0
132 133 0
133 133 0
161 133 0
162 133 0
163 133 0
164 133 0
165 133 0
167 133 0
168 133 0
169 133 0
295 133 0
296 133 0
297 133 0
298 133 0
299 133 0
300 133 0
301 133 0
114 134 0
118 134 0
119 134 0
125 134 0
126 134 0
127 134 0
129 134 0
130 134 0
131 134 0
132 134 0
161 134 0
162 134 0
163 134 0
164 134 0
167 134 0
168 134 0
169 134 0
201 134 0
202 134 0
203 134 0
296 134 0
299 134 0
300 134 0
301 134 0
302 134 0
303 134 0
304 134 0
108 135 0
109 135 0
110 135 0
111 135 0
112 135 0
113 135 0
114 135 0
115 135 0
116 135 0
117 135 0
118 135 0
119 135 0
128 135 0
129 135 0
130 135 0
131 135 0
132 135 0
139 135 0
163 135 0
167 135 0
168 135 0
169 135 0
200 135 0
201 135 0
202 135 0
203 135 0
204 135 0
298 135 0
299 135 0
300 135 0
301 135 0
302 135 0
303 135 0
105 136 0
106 136 0
107 136 0
108 136 0
109 136 0
110 136 0
111 136 0
112 136 0
113 136 0
128 136 0
129 136 0
130 136 0
131 136 0
133 136 0
134 136 0
135 136 0
200 136 0
201 136 0
202 136 0
203 136 0
298 136 0
299 136 0
300 136 0
301 136 0
302 136 0
103 137 0
104 137 0
105 137 0
106 137 0
107 137 0
108 137 0
109 137 0
130 137 0
131 137 0
134 137 0
135 137 0
167 137 0
168 137 0
169 137 0
170 137 0
199 137 0
200 137 0
201 137 0
202 137 0
290 137 0
291 137 0
297 137 0
298 137 0
299 137 0
300 137 0
103 138 0
104 138 0
105 138 0
106 138 0
107 138 0
108 138 0
131 138 0
132 138 0
169 138 0
198 138 0
199 138 0
200 138 0
201 138 0
202 138 0
289 138 0
290 138 0
291 138 0
296 138 0
297 138 0
298 138 0
299 138 0
103 139 0
104 139 0
105 139 0
106 139 0
167 139 0
169 139 0
198 139 0
201 139 0
202 139 0
203 139 0
280 139 0
295 139 0
296 139 0
297 139 0
298 139 0
103 140 0
104 140 0
105 140 0
106 140 0
167 140 0
198 140 0
273 140 0
274 140 0
275 140 0
277 140 0
278 140 0
295 140 0
296 140 0
297 140 0
104 141 0
105 141 0
110 141 0
167 141 0
180 141 0
186 141 0
198 141 0
271 141 0
272 141 0
273 141 0
274 141 0
275 141 0
104 142 0
105 142 0
108 142 0
112 142 0
113 142 0
115 142 0
116 142 0
132 142 0
167 142 0
177 142 0
178 142 0
179 142 0
180 142 0
185 142 0
186 142 0
187 142 0
188 142 0
189 142 0
197 142 0
198 142 0
271 142 0
272 142 0
273 142 0
274 142 0
275 142 0
276 142 0
104 143 0
105 143 0
109 143 0
111 143 0
112 143 0
113 143 0
114 143 0
115 143 0
116 143 0
121 143 0
122 143 0
123 143 0
124 143 0
167 143 0
169 143 0
175 143 0
176 143 0
177 143 0
178 143 0
186 143 0
187 143 0
188 143 0
189 143 0
190 143 0
270 143 0
271 143 0
272 143 0
273 143 0
274 143 0
275 143 0
276 143 0
104 144 0
105 144 0
109 144 0
110 144 0
111 144 0
112 144 0
113 144 0
114 144 0
121 144 0
122 144 0
123 144 0
124 144 0
125 144 0
174 144 0
175 144 0
176 144 0
187 144 0
188 144 0
189 144 0
190 144 0
191 144 0
270 144 0
271 144 0
272 144 0
273 144 0
274 144 0
275 144 0
281 144 0
282 144 0
283 144 0
284 144 0
288 144 0
289 144 0
290 144 0
291 144 0
102 145 0
103 145 0
104 145 0
105 145 0
107 145 0
108 145 0
109 145 0
110 145 0
111 145 0
112 145 0
113 145 0
122 145 0
123 145 0
124 145 0
125 145 0
126 145 0
128 145 0
167 145 0
174 145 0
175 145 0
176 145 0
188 145 0
189 145 0
190 145 0
191 145 0
192 145 0
270 145 0
271 145 0
272 145 0
273 145 0
274 145 0
279 145 0
280 145 0
281 145 0
282 145 0
283 145 0
284 145 0
289 145 0
290 145 0
291 145 0
292 145 0
293 145 0
102 146 0
103 146 0
104 146 0
107 146 0
108 146 0
109 146 0
110 146 0
111 146 0
112 146 0
123 146 0
124 146 0
125 146 0
126 146 0
127 146 0
129 146 0
173 146 0
174 146 0
175 146 0
189 146 0
190 146 0
191 146 0
192 146 0
273 146 0
274 146 0
279 146 0
280 146 0
281 146 0
282 146 0
290 146 0
291 146 0
292 146 0
293 146 0
102 147 0
103 147 0
107 147 0
108 147 0
109 147 0
110 147 0
111 147 0
124 147 0
125 147 0
126 147 0
127 147 0
173 147 0
174 147 0
175 147 0
189 147 0
190 147 0
191 147 0
192 147 0
193 147 0
204 147 0
276 147 0
279 147 0
280 147 0
281 147 0
282 147 0
291 147 0
292 147 0
293 147 0
294 147 0
102 148 0
103 148 0
108 148 0
109 148 0
110 148 0
125 148 0
126 148 0
127 148 0
128 148 0
169 148 0
172 148 0
173 148 0
174 148 0
190 148 0
191 148 0
192 148 0
193 148 0
203 148 0
204 148 0
271 148 0
272 148 0
276 148 0
277 148 0
279 148 0
280 148 0
281 148 0
289 148 0
291 148 0
292 148 0
293 148 0
294 148 0
102 149 0
107 149 0
108 149 0
109 149 0
110 149 0
125 149 0
126 149 0
127 149 0
128 149 0
166 149 0
167 149 0
172 149 0
173 149 0
174 149 0
180 149 0
181 149 0
184 149 0
191 149 0
192 149 0
193 149 0
203 149 0
204 149 0
271 149 0
272 149 0
273 149 0
282 149 0
283 149 0
284 149 0
285 149 0
289 149 0
102 150 0
103 150 0
105 150 0
107 150 0
108 150 0
109 150 0
126 150 0
127 150 0
128 150 0
129 150 0
130 150 0
134 150 0
162 150 0
166 150 0
167 150 0
169 150 0
172 150 0
173 150 0
180 150 0
182 150 0
183 150 0
184 150 0
185 150 0
191 150 0
192 150 0
203 150 0
204 150 0
205 150 0
271 150 0
272 150 0
273 150 0
274 150 0
281 150 0
282 150 0
283 150 0
284 150 0
288 150 0
289 150 0
290 150 0
102 151 0
103 151 0
104 151 0
107 151 0
108 151 0
109 151 0
115 151 0
124 151 0
126 151 0
127 151 0
128 151 0
129 151 0
161 151 0
162 151 0
165 151 0
166 151 0
170 151 0
172 151 0
173 151 0
179 151 0
180 151 0
182 151 0
183 151 0
184 151 0
185 151 0
186 151 0
189 151 0
190 151 0
191 151 0
192 151 0
194 151 0
195 151 0
203 151 0
204 151 0
272 151 0
273 151 0
274 151 0
275 151 0
276 151 0
282 151 0
283 151 0
284 151 0
289 151 0
290 151 0
103 152 0
104 152 0
105 152 0
107 152 0
108 152 0
109 152 0
115 152 0
119 152 0
120 152 0
127 152 0
128 152 0
129 152 0
171 152 0
172 152 0
173 152 0
179 152 0
189 152 0
190 152 0
191 152 0
192 152 0
274 152 0
275 152 0
276 152 0
277 152 0
282 152 0
283 152 0
284 152 0
102 153 0
103 153 0
104 153 0
105 153 0
106 153 0
107 153 0
108 153 0
119 153 0
127 153 0
128 153 0
129 153 0
171 153 0
172 153 0
189 153 0
190 153 0
191 153 0
192 153 0
275 153 0
276 153 0
277 153 0
278 153 0
282 153 0
283 153 0
284 153 0
104 154 0
105 154 0
106 154 0
107 154 0
108 154 0
127 154 0
128 154 0
130 154 0
131 154 0
132 154 0
173 154 0
174 154 0
179 154 0
189 154 0
190 154 0
191 154 0
192 154 0
276 154 0
277 154 0
278 154 0
279 154 0
284 154 0
285 154 0
106 155 0
107 155 0
109 155 0
110 155 0
111 155 0
115 155 0
130 155 0
131 155 0
132 155 0
133 155 0
173 155 0
174 155 0
175 155 0
179 155 0
180 155 0
185 155 0
189 155 0
190 155 0
191 155 0
276 155 0
279 155 0
109 156 0
110 156 0
111 156 0
114 156 0
115 156 0
119 156 0
122 156 0
123 156 0
130 156 0
131 156 0
132 156 0
133 156 0
174 156 0
175 156 0
181 156 0
182 156 0
185 156 0
188 156 0
189 156 0
190 156 0
191 156 0
192 156 0
109 157 0
110 157 0
111 157 0
112 157 0
114 157 0
115 157 0
116 157 0
118 157 0
119 157 0
120 157 0
122 157 0
123 157 0
129 157 0
130 157 0
131 157 0
132 157 0
174 157 0
175 157 0
176 157 0
188 157 0
189 157 0
190 157 0
191 157 0
109 158 0
110 158 0
111 158 0
112 158 0
115 158 0
116 158 0
118 158 0
119 158 0
120 158 0
123 158 0
128 158 0
129 158 0
130 158 0
131 158 0
132 158 0
175 158 0
176 158 0
177 158 0
187 158 0
188 158 0
189 158 0
110 159 0
111 159 0
112 159 0
113 159 0
121 159 0
127 159 0
128 159 0
129 159 0
130 159 0
176 159 0
177 159 0
187 159 0
188 159 0
189 159 0
193 159 0
202 159 0
111 160 0
112 160 0
113 160 0
127 160 0
128 160 0
129 160 0
203 160 0
204 160 0
110 161 0
111 161 0
112 161 0
113 161 0
114 161 0
337 34 1
338 34 1
339 34 1
340 34 1
341 34 1
342 34 1
343 34 1
344 34 1
336 35 1
337 35 1
338 35 1
339 35 1
340 35 1
341 35 1
342 35 1
343 35 1
344 35 1
319 132 1
323 132 1
327 132 1
328 132 1
330 132 1
331 132 1
304 133 1
311 133 1
317 133 1
319 133 1
320 133 1
321 133 1
323 133 1
324 133 1
326 133 1
327 133 1
328 133 1
306 134 1
309 134 1
310 134 1
311 134 1
315 134 1
316 134 1
317 134 1
318 134 1
319 134 1
320 134 1
321 134 1
339 134 1
340 134 1
342 134 1
308 135 1
309 135 1
311 135 1
313 135 1
315 135 1
316 135 1
317 135 1
318 135 1
319 135 1
320 135 1
331 135 1
332 135 1
333 135 1
334 135 1
335 135 1
336 135 1
337 135 1
309 136 1
310 136 1
311 136 1
312 136 1
317 136 1
318 136 1
319 136 1
320 136 1
321 136 1
322 136 1
325 136 1
326 136 1
327 136 1
328 136 1
329 136 1
330 136 1
331 136 1
332 136 1
309 137 1
310 137 1
311 137 1
312 137 1
319 137 1
320 137 1
321 137 1
322 137 1
324 137 1
325 137 1
326 137 1
327 137 1
328 137 1
329 137 1
330 137 1
331 137 1
309 138 1
310 138 1
311 138 1
321 138 1
322 138 1
325 138 1
326 138 1
327 138 1
328 138 1
329 138 1
308 139 1
309 139 1
310 139 1
321 139 1
322 139 1
325 139 1
326 139 1
327 139 1
328 139 1
329 139 1
330 139 1
306 140 1
307 140 1
308 140 1
309 140 1
319 140 1
320 140 1
321 140 1
325 140 1
326 140 1
327 140 1
328 140 1
329 140 1
330 140 1
331 140 1
337 140 1
305 141 1
306 141 1
307 141 1
308 141 1
313 141 1
315 141 1
317 141 1
318 141 1
319 141 1
325 141 1
326 141 1
327 141 1
328 141 1
329 141 1
330 141 1
331 141 1
332 141 1
305 142 1
306 142 1
307 142 1
308 142 1
312 142 1
313 142 1
314 142 1
315 142 1
316 142 1
317 142 1
318 142 1
325 142 1
329 142 1
331 142 1
332 142 1
333 142 1
336 142 1
338 142 1
305 143 1
306 143 1
307 143 1
308 143 1
312 143 1
313 143 1
314 143 1
315 143 1
316 143 1
325 143 1
329 143 1
337 143 1
303 144 1
304 144 1
305 144 1
306 144 1
309 144 1
310 144 1
311 144 1
314 144 1
315 144 1
324 144 1
325 144 1
303 145 1
304 145 1
305 145 1
306 145 1
314 145 1
315 145 1
316 145 1
329 145 1
339 145 1
340 145 1
342 145 1
305 146 1
306 146 1
307 146 1
312 146 1
313 146 1
314 146 1
315 146 1
324 146 1
304 147 1
305 147 1
306 147 1
307 147 1
312 147 1
302 148 1
303 148 1
304 148 1
305 148 1
306 148 1
312 148 1
314 148 1
337 148 1
302 149 1
303 149 1
304 149 1
305 149 1
306 149 1
312 149 1
313 149 1
337 149 1
338 149 1
339 149 1
301 150 1
302 150 1
303 150 1
304 150 1
305 150 1
306 150 1
318 150 1
338 150 1
339 150 1
301 151 1
302 151 1
303 151 1
304 151 1
305 151 1
317 151 1
318 151 1
339 151 1
301 152 1
302 152 1
303 152 1
304 152 1
305 152 1
306 152 1
310 152 1
317 152 1
318 152 1
324 152 1
301 153 1
302 153 1
303 153 1
304 153 1
305 153 1
309 153 1
310 153 1
318 153 1
319 153 1
320 153 1
321 153 1
324 153 1
325 153 1
326 153 1
327 153 1
328 153 1
334 153 1
335 153 1
336 153 1
337 153 1
302 154 1
303 154 1
304 154 1
305 154 1
310 154 1
321 154 1
322 154 1
323 154 1
324 154 1
325 154 1
326 154 1
327 154 1
328 154 1
334 154 1
335 154 1
336 154 1
337 154 1
338 154 1
304 155 1
321 155 1
322 155 1
323 155 1
324 155 1
325 155 1
326 155 1
336 155 1
337 155 1
338 155 1
339 155 1
303 156 1
304 156 1
322 156 1
323 156 1
324 156 1
325 156 1
327 156 1
328 156 1
329 156 1
333 156 1
334 156 1
338 156 1
339 156 1
340 156 1
302 157 1
303 157 1
304 157 1
305 157 1
310 157 1
311 157 1
321 157 1
322 157 1
323 157 1
324 157 1
326 157 1
327 157 1
328 157 1
333 157 1
334 157 1
335 157 1
336 157 1
339 157 1
340 157 1
341 157 1
303 158 1
304 158 1
305 158 1
306 158 1
307 158 1
310 158 1
311 158 1
312 158 1
313 158 1
321 158 1
322 158 1
323 158 1
325 158 1
326 158 1
327 158 1
328 158 1
333 158 1
334 158 1
335 158 1
336 158 1
337 158 1
339 158 1
340 158 1
341 158 1
304 159 1
305 159 1
306 159 1
307 159 1
308 159 1
309 159 1
311 159 1
312 159 1
313 159 1
314 159 1
321 159 1
322 159 1
323 159 1
325 159 1
326 159 1
327 159 1
328 159 1
334 159 1
335 159 1
336 159 1
337 159 1
339 159 1
340 159 1
341 159 1
304 160 1
306 160 1
307 160 1
308 160 1
309 160 1
310 160 1
311 160 1
313 160 1
314 160 1
315 160 1
322 160 1
324 160 1
325 160 1
326 160 1
327 160 1
328 160 1
334 160 1
335 160 1
336 160 1
337 160 1
338 160 1
340 160 1
341 160 1
307 161 1
308 161 1
309 161 1
310 161 1
311 161 1
316 161 1
324 161 1
325 161 1
326 161 1
327 161 1
328 161 1
331 161 1
334 161 1
335 161 1
336 161 1
337 161 1
338 161 1
340 161 1
341 161 1
307 162 1
308 162 1
309 162 1
310 162 1
311 162 1
312 162 1
319 162 1
325 162 1
326 162 1
327 162 1
328 162 1
333 162 1
334 162 1
335 162 1
336 162 1
337 162 1
338 162 1
340 162 1
309 163 1
310 163 1
311 163 1
312 163 1
313 163 1
314 163 1
319 163 1
320 163 1
321 163 1
323 163 1
324 163 1
325 163 1
326 163 1
327 163 1
328 163 1
333 163 1
334 163 1
336 163 1
337 163 1
339 163 1
304 164 1
309 164 1
310 164 1
311 164 1
312 164 1
313 164 1
314 164 1
319 164 1
320 164 1
323 164 1
326 164 1
327 164 1
328 164 1
334 164 1
335 164 1
336 164 1
337 164 1
302 165 1
306 165 1
307 165 1
308 165 1
310 165 1
311 165 1
312 165 1
313 165 1
314 165 1
326 165 1
327 165 1
328 165 1
329 165 1
334 165 1
335 165 1
336 165 1
337 165 1
303 166 1
305 166 1
307 166 1
308 166 1
310 166 1
311 166 1
312 166 1
313 166 1
314 166 1
327 166 1
328 166 1
329 166 1
333 166 1
334 166 1
335 166 1
336 166 1
301 167 1
302 167 1
309 167 1
311 167 1
312 167 1
314 167 1
315 167 1
309 168 1
312 168 1
322 168 1
