337 35 0
338 35 0
339 35 0
340 35 0
341 35 0
342 35 0
343 35 0
344 35 0
337 36 0
338 36 0
339 36 0
340 36 0
341 36 0
342 36 0
343 36 0
341 136 0
343 136 0
2 138 0
3 138 0
4 138 0
5 138 0
337 138 0
339 138 0
2 139 0
3 139 0
4 139 0
5 139 0
6 139 0
7 139 0
8 139 0
337 139 0
338 139 0
339 139 0
6 140 0
7 140 0
8 140 0
9 140 0
10 140 0
334 140 0
335 140 0
336 140 0
337 140 0
338 140 0
339 140 0
340 140 0
8 141 0
9 141 0
10 141 0
11 141 0
334 141 0
335 141 0
336 141 0
337 141 0
338 141 0
339 141 0
9 142 0
10 142 0
11 142 0
334 142 0
335 142 0
336 142 0
337 142 0
338 142 0
339 142 0
342 142 0
4 143 0
5 143 0
8 143 0
9 143 0
10 143 0
11 143 0
334 143 0
335 143 0
336 143 0
337 143 0
340 143 0
342 143 0
1 144 0
2 144 0
4 144 0
5 144 0
8 144 0
9 144 0
10 144 0
11 144 0
341 144 0
342 144 0
343 144 0
1 145 0
2 145 0
4 145 0
5 145 0
8 145 0
9 145 0
10 145 0
11 145 0
12 145 0
336 145 0
1 146 0
2 146 0
5 146 0
6 146 0
9 146 0
10 146 0
11 146 0
12 146 0
336 146 0
337 146 0
5 147 0
6 147 0
10 147 0
11 147 0
12 147 0
1 148 0
4 148 0
5 148 0
8 148 0
11 148 0
12 148 0
1 149 0
7 149 0
8 149 0
10 149 0
11 149 0
12 149 0
1 150 0
10 150 0
11 150 0
12 150 0
13 150 0
8 151 0
9 151 0
12 151 0
5 152 0
4 153 0
10 153 0
11 153 0
12 153 0
339 153 0
341 153 0
342 153 0
4 154 0
10 154 0
11 154 0
12 154 0
341 154 0
343 154 0
10 155 0
11 155 0
12 155 0
11 156 0
12 156 0
331 156 0
332 156 0
333 156 0
334 156 0
336 156 0
337 156 0
338 156 0
331 157 0
332 157 0
333 157 0
334 157 0
335 157 0
341 157 0
342 157 0
2 158 0
3 158 0
5 158 0
9 158 0
10 158 0
11 158 0
333 158 0
334 158 0
335 158 0
336 158 0
337 158 0
342 158 0
343 158 0
2 159 0
3 159 0
4 159 0
7 159 0
8 159 0
9 159 0
10 159 0
334 159 0
335 159 0
336 159 0
337 159 0
338 159 0
339 159 0
343 159 0
2 160 0
3 160 0
4 160 0
5 160 0
6 160 0
7 160 0
8 160 0
9 160 0
334 160 0
335 160 0
336 160 0
337 160 0
338 160 0
339 160 0
340 160 0
2 161 0
3 161 0
4 161 0
5 161 0
6 161 0
7 161 0
8 161 0
336 161 0
337 161 0
338 161 0
339 161 0
340 161 0
341 161 0
2 162 0
3 162 0
4 162 0
5 162 0
6 162 0
7 162 0
337 162 0
338 162 0
339 162 0
340 162 0
341 162 0
342 162 0
2 163 0
3 163 0
4 163 0
5 163 0
6 163 0
337 163 0
338 163 0
339 163 0
340 163 0
341 163 0
342 163 0
343 163 0
2 164 0
3 164 0
4 164 0
5 164 0
337 164 0
338 164 0
339 164 0
340 164 0
341 164 0
342 164 0
343 164 0
344 164 0
1 165 0
2 165 0
3 165 0
4 165 0
5 165 0
333 165 0
336 165 0
337 165 0
338 165 0
339 165 0
340 165 0
341 165 0
342 165 0
343 165 0
1 166 0
2 166 0
3 166 0
4 166 0
333 166 0
336 166 0
337 166 0
338 166 0
339 166 0
340 166 0
341 166 0
342 166 0
343 166 0
1 167 0
2 167 0
3 167 0
337 167 0
340 167 0
341 167 0
343 167 0
1 168 0
2 168 0
3 168 0
4 168 0
6 168 0
7 168 0
335 168 0
2 169 0
3 169 0
4 169 0
8 169 0
9 169 0
4 170 0
5 170 0
9 170 0
5 171 0
147 125 1
148 125 1
149 125 1
119 126 1
120 126 1
121 126 1
122 126 1
123 126 1
124 126 1
125 126 1
126 126 1
130 126 1
147 126 1
148 126 1
149 126 1
150 126 1
151 126 1
152 126 1
116 127 1
117 127 1
118 127 1
119 127 1
120 127 1
121 127 1
122 127 1
123 127 1
141 127 1
142 127 1
143 127 1
144 127 1
148 127 1
149 127 1
150 127 1
151 127 1
152 127 1
115 128 1
116 128 1
117 128 1
118 128 1
119 128 1
120 128 1
122 128 1
123 128 1
124 128 1
125 128 1
141 128 1
142 128 1
143 128 1
144 128 1
145 128 1
148 128 1
149 128 1
150 128 1
151 128 1
152 128 1
153 128 1
113 129 1
114 129 1
115 129 1
116 129 1
117 129 1
118 129 1
119 129 1
120 129 1
121 129 1
122 129 1
129 129 1
142 129 1
143 129 1
144 129 1
145 129 1
148 129 1
149 129 1
150 129 1
151 129 1
152 129 1
153 129 1
112 130 1
113 130 1
114 130 1
115 130 1
116 130 1
117 130 1
118 130 1
119 130 1
120 130 1
128 130 1
129 130 1
143 130 1
144 130 1
145 130 1
146 130 1
148 130 1
149 130 1
150 130 1
151 130 1
152 130 1
153 130 1
154 130 1
110 131 1
111 131 1
112 131 1
113 131 1
114 131 1
115 131 1
116 131 1
117 131 1
118 131 1
127 131 1
129 131 1
143 131 1
144 131 1
145 131 1
146 131 1
148 131 1
149 131 1
150 131 1
151 131 1
152 131 1
153 131 1
109 132 1
110 132 1
111 132 1
112 132 1
113 132 1
114 132 1
115 132 1
116 132 1
125 132 1
143 132 1
144 132 1
145 132 1
146 132 1
149 132 1
150 132 1
151 132 1
152 132 1
153 132 1
108 133 1
109 133 1
110 133 1
111 133 1
112 133 1
113 133 1
114 133 1
115 133 1
143 133 1
144 133 1
145 133 1
146 133 1
149 133 1
150 133 1
151 133 1
152 133 1
153 133 1
107 134 1
108 134 1
109 134 1
110 134 1
111 134 1
112 134 1
113 134 1
142 134 1
143 134 1
144 134 1
145 134 1
146 134 1
149 134 1
150 134 1
151 134 1
152 134 1
182 134 1
183 134 1
184 134 1
185 134 1
186 134 1
93 135 1
110 135 1
111 135 1
112 135 1
113 135 1
114 135 1
120 135 1
131 135 1
143 135 1
144 135 1
145 135 1
149 135 1
150 135 1
151 135 1
173 135 1
182 135 1
183 135 1
184 135 1
185 135 1
186 135 1
93 136 1
109 136 1
110 136 1
111 136 1
112 136 1
115 136 1
116 136 1
117 136 1
132 136 1
148 136 1
160 136 1
181 136 1
182 136 1
183 136 1
184 136 1
185 136 1
186 136 1
87 137 1
88 137 1
89 137 1
90 137 1
92 137 1
110 137 1
111 137 1
112 137 1
113 137 1
115 137 1
116 137 1
117 137 1
118 137 1
148 137 1
153 137 1
180 137 1
181 137 1
182 137 1
183 137 1
184 137 1
185 137 1
85 138 1
86 138 1
87 138 1
88 138 1
89 138 1
111 138 1
112 138 1
113 138 1
179 138 1
180 138 1
181 138 1
182 138 1
183 138 1
184 138 1
185 138 1
186 138 1
85 139 1
86 139 1
87 139 1
88 139 1
112 139 1
113 139 1
148 139 1
179 139 1
180 139 1
181 139 1
182 139 1
183 139 1
184 139 1
185 139 1
85 140 1
86 140 1
87 140 1
88 140 1
148 140 1
179 140 1
180 140 1
183 140 1
184 140 1
185 140 1
186 140 1
85 141 1
86 141 1
87 141 1
88 141 1
89 141 1
91 141 1
148 141 1
149 141 1
151 141 1
152 141 1
161 141 1
179 141 1
183 141 1
184 141 1
185 141 1
186 141 1
85 142 1
86 142 1
88 142 1
89 142 1
90 142 1
91 142 1
92 142 1
94 142 1
95 142 1
96 142 1
97 142 1
148 142 1
149 142 1
158 142 1
159 142 1
160 142 1
161 142 1
166 142 1
167 142 1
168 142 1
169 142 1
179 142 1
183 142 1
184 142 1
185 142 1
186 142 1
85 143 1
88 143 1
89 143 1
90 143 1
91 143 1
92 143 1
93 143 1
94 143 1
95 143 1
96 143 1
97 143 1
98 143 1
102 143 1
103 143 1
104 143 1
105 143 1
148 143 1
149 143 1
156 143 1
157 143 1
158 143 1
159 143 1
160 143 1
167 143 1
168 143 1
169 143 1
170 143 1
171 143 1
179 143 1
184 143 1
185 143 1
85 144 1
88 144 1
89 144 1
90 144 1
91 144 1
92 144 1
93 144 1
94 144 1
95 144 1
96 144 1
97 144 1
98 144 1
102 144 1
103 144 1
104 144 1
105 144 1
106 144 1
149 144 1
156 144 1
157 144 1
158 144 1
159 144 1
168 144 1
169 144 1
170 144 1
171 144 1
172 144 1
183 144 1
184 144 1
185 144 1
88 145 1
89 145 1
90 145 1
91 145 1
92 145 1
93 145 1
94 145 1
95 145 1
103 145 1
104 145 1
105 145 1
106 145 1
107 145 1
108 145 1
155 145 1
156 145 1
157 145 1
158 145 1
169 145 1
170 145 1
171 145 1
172 145 1
181 145 1
88 146 1
89 146 1
90 146 1
91 146 1
92 146 1
93 146 1
94 146 1
104 146 1
105 146 1
106 146 1
107 146 1
108 146 1
109 146 1
154 146 1
155 146 1
156 146 1
157 146 1
170 146 1
171 146 1
172 146 1
173 146 1
84 147 1
85 147 1
88 147 1
89 147 1
90 147 1
91 147 1
92 147 1
93 147 1
105 147 1
106 147 1
107 147 1
108 147 1
109 147 1
148 147 1
154 147 1
155 147 1
156 147 1
171 147 1
172 147 1
173 147 1
83 148 1
84 148 1
85 148 1
89 148 1
90 148 1
91 148 1
92 148 1
106 148 1
107 148 1
108 148 1
154 148 1
155 148 1
156 148 1
171 148 1
172 148 1
173 148 1
174 148 1
185 148 1
186 148 1
84 149 1
85 149 1
86 149 1
89 149 1
90 149 1
91 149 1
106 149 1
107 149 1
108 149 1
109 149 1
110 149 1
148 149 1
153 149 1
154 149 1
155 149 1
170 149 1
172 149 1
173 149 1
174 149 1
186 149 1
83 150 1
84 150 1
85 150 1
86 150 1
87 150 1
88 150 1
89 150 1
90 150 1
107 150 1
108 150 1
109 150 1
110 150 1
111 150 1
147 150 1
148 150 1
153 150 1
154 150 1
155 150 1
161 150 1
162 150 1
164 150 1
165 150 1
166 150 1
170 150 1
172 150 1
173 150 1
174 150 1
185 150 1
186 150 1
187 150 1
84 151 1
85 151 1
86 151 1
87 151 1
88 151 1
89 151 1
90 151 1
108 151 1
109 151 1
110 151 1
111 151 1
143 151 1
144 151 1
146 151 1
147 151 1
148 151 1
151 151 1
152 151 1
153 151 1
154 151 1
155 151 1
160 151 1
161 151 1
165 151 1
166 151 1
167 151 1
172 151 1
173 151 1
174 151 1
175 151 1
176 151 1
177 151 1
186 151 1
84 152 1
85 152 1
87 152 1
88 152 1
89 152 1
90 152 1
98 152 1
102 152 1
108 152 1
109 152 1
110 152 1
111 152 1
143 152 1
144 152 1
152 152 1
153 152 1
154 152 1
160 152 1
165 152 1
166 152 1
167 152 1
172 152 1
173 152 1
174 152 1
175 152 1
84 153 1
85 153 1
86 153 1
87 153 1
88 153 1
89 153 1
90 153 1
103 153 1
106 153 1
108 153 1
109 153 1
110 153 1
111 153 1
152 153 1
153 153 1
154 153 1
160 153 1
167 153 1
172 153 1
173 153 1
174 153 1
175 153 1
85 154 1
86 154 1
87 154 1
88 154 1
89 154 1
108 154 1
109 154 1
110 154 1
116 154 1
152 154 1
153 154 1
154 154 1
155 154 1
156 154 1
160 154 1
172 154 1
173 154 1
174 154 1
175 154 1
87 155 1
88 155 1
89 155 1
90 155 1
91 155 1
106 155 1
109 155 1
110 155 1
114 155 1
115 155 1
116 155 1
154 155 1
155 155 1
156 155 1
157 155 1
160 155 1
161 155 1
165 155 1
167 155 1
168 155 1
172 155 1
173 155 1
174 155 1
175 155 1
90 156 1
91 156 1
92 156 1
95 156 1
96 156 1
98 156 1
101 156 1
103 156 1
108 156 1
109 156 1
110 156 1
111 156 1
112 156 1
113 156 1
114 156 1
115 156 1
116 156 1
155 156 1
156 156 1
157 156 1
161 156 1
162 156 1
166 156 1
167 156 1
168 156 1
169 156 1
171 156 1
172 156 1
173 156 1
174 156 1
90 157 1
91 157 1
92 157 1
93 157 1
95 157 1
96 157 1
100 157 1
101 157 1
102 157 1
103 157 1
104 157 1
107 157 1
108 157 1
109 157 1
110 157 1
111 157 1
112 157 1
113 157 1
114 157 1
115 157 1
116 157 1
155 157 1
156 157 1
157 157 1
158 157 1
162 157 1
163 157 1
167 157 1
170 157 1
171 157 1
172 157 1
173 157 1
90 158 1
91 158 1
92 158 1
93 158 1
96 158 1
97 158 1
98 158 1
100 158 1
101 158 1
102 158 1
103 158 1
104 158 1
105 158 1
112 158 1
113 158 1
114 158 1
115 158 1
116 158 1
156 158 1
157 158 1
158 158 1
169 158 1
170 158 1
171 158 1
172 158 1
173 158 1
91 159 1
92 159 1
93 159 1
94 159 1
98 159 1
102 159 1
103 159 1
104 159 1
105 159 1
111 159 1
112 159 1
113 159 1
114 159 1
116 159 1
156 159 1
157 159 1
158 159 1
159 159 1
168 159 1
169 159 1
170 159 1
171 159 1
172 159 1
91 160 1
92 160 1
93 160 1
94 160 1
102 160 1
106 160 1
110 160 1
111 160 1
112 160 1
113 160 1
114 160 1
157 160 1
158 160 1
170 160 1
171 160 1
172 160 1
183 160 1
90 161 1
92 161 1
93 161 1
94 161 1
95 161 1
114 161 1
92 162 1
93 162 1
94 162 1
318 132 2
319 132 2
320 132 2
306 133 2
307 133 2
310 133 2
311 133 2
313 133 2
319 133 2
286 134 2
287 134 2
289 134 2
290 134 2
291 134 2
305 134 2
306 134 2
307 134 2
308 134 2
310 134 2
311 134 2
285 135 2
287 135 2
288 135 2
289 135 2
290 135 2
305 135 2
306 135 2
307 135 2
308 135 2
310 135 2
311 135 2
312 135 2
279 136 2
284 136 2
285 136 2
286 136 2
287 136 2
288 136 2
306 136 2
307 136 2
308 136 2
311 136 2
312 136 2
313 136 2
323 136 2
277 137 2
278 137 2
283 137 2
284 137 2
285 137 2
286 137 2
287 137 2
306 137 2
307 137 2
308 137 2
309 137 2
311 137 2
312 137 2
313 137 2
283 138 2
284 138 2
285 138 2
306 138 2
307 138 2
308 138 2
309 138 2
312 138 2
313 138 2
324 138 2
325 138 2
282 139 2
283 139 2
284 139 2
306 139 2
307 139 2
308 139 2
312 139 2
313 139 2
324 139 2
325 139 2
326 139 2
261 140 2
281 140 2
282 140 2
283 140 2
284 140 2
307 140 2
323 140 2
324 140 2
325 140 2
326 140 2
259 141 2
260 141 2
261 141 2
262 141 2
282 141 2
283 141 2
291 141 2
292 141 2
295 141 2
306 141 2
309 141 2
323 141 2
324 141 2
325 141 2
326 141 2
327 141 2
259 142 2
260 142 2
261 142 2
262 142 2
291 142 2
292 142 2
306 142 2
322 142 2
323 142 2
324 142 2
325 142 2
326 142 2
327 142 2
258 143 2
259 143 2
260 143 2
261 143 2
262 143 2
266 143 2
309 143 2
310 143 2
315 143 2
316 143 2
317 143 2
323 143 2
325 143 2
326 143 2
258 144 2
259 144 2
260 144 2
261 144 2
262 144 2
268 144 2
269 144 2
270 144 2
271 144 2
275 144 2
276 144 2
277 144 2
307 144 2
308 144 2
309 144 2
310 144 2
311 144 2
315 144 2
316 144 2
317 144 2
318 144 2
319 144 2
323 144 2
325 144 2
326 144 2
258 145 2
259 145 2
260 145 2
261 145 2
265 145 2
266 145 2
267 145 2
268 145 2
269 145 2
270 145 2
275 145 2
276 145 2
277 145 2
278 145 2
279 145 2
306 145 2
307 145 2
308 145 2
309 145 2
310 145 2
316 145 2
317 145 2
318 145 2
319 145 2
258 146 2
259 146 2
260 146 2
261 146 2
265 146 2
266 146 2
267 146 2
268 146 2
269 146 2
276 146 2
277 146 2
278 146 2
279 146 2
306 146 2
307 146 2
308 146 2
309 146 2
317 146 2
318 146 2
319 146 2
320 146 2
258 147 2
259 147 2
262 147 2
263 147 2
265 147 2
266 147 2
267 147 2
268 147 2
277 147 2
278 147 2
279 147 2
280 147 2
305 147 2
306 147 2
307 147 2
308 147 2
318 147 2
319 147 2
320 147 2
327 147 2
258 148 2
259 148 2
262 148 2
263 148 2
265 148 2
266 148 2
267 148 2
270 148 2
271 148 2
274 148 2
275 148 2
276 148 2
278 148 2
279 148 2
280 148 2
305 148 2
306 148 2
307 148 2
310 148 2
311 148 2
314 148 2
315 148 2
316 148 2
324 148 2
325 148 2
326 148 2
327 148 2
258 149 2
259 149 2
265 149 2
266 149 2
269 149 2
270 149 2
271 149 2
274 149 2
275 149 2
276 149 2
279 149 2
306 149 2
309 149 2
310 149 2
311 149 2
314 149 2
315 149 2
316 149 2
323 149 2
324 149 2
325 149 2
326 149 2
258 150 2
259 150 2
260 150 2
261 150 2
262 150 2
269 150 2
270 150 2
271 150 2
274 150 2
275 150 2
276 150 2
277 150 2
306 150 2
308 150 2
309 150 2
310 150 2
311 150 2
315 150 2
316 150 2
322 150 2
324 150 2
325 150 2
326 150 2
259 151 2
260 151 2
261 151 2
262 151 2
263 151 2
268 151 2
269 151 2
270 151 2
271 151 2
275 151 2
276 151 2
309 151 2
310 151 2
311 151 2
316 151 2
318 151 2
319 151 2
324 151 2
261 152 2
262 152 2
263 152 2
264 152 2
268 152 2
269 152 2
270 152 2
275 152 2
276 152 2
301 152 2
309 152 2
310 152 2
311 152 2
315 152 2
316 152 2
318 152 2
262 153 2
263 153 2
264 153 2
265 153 2
269 153 2
270 153 2
271 153 2
272 153 2
274 153 2
275 153 2
276 153 2
301 153 2
302 153 2
303 153 2
309 153 2
310 153 2
311 153 2
312 153 2
315 153 2
318 153 2
263 154 2
264 154 2
265 154 2
266 154 2
270 154 2
271 154 2
274 154 2
277 154 2
302 154 2
303 154 2
263 155 2
264 155 2
265 155 2
266 155 2
