1 131 0
2 131 0
3 131 0
1 132 0
2 132 0
3 132 0
4 132 0
1 133 0
2 133 0
3 133 0
4 133 0
5 133 0
6 133 0
3 134 0
4 134 0
5 134 0
6 134 0
7 134 0
8 134 0
4 135 0
5 135 0
6 135 0
7 135 0
8 135 0
4 136 0
5 136 0
6 136 0
7 136 0
8 136 0
9 136 0
12 136 0
23 136 0
24 136 0
20 137 0
23 137 0
25 137 0
26 137 0
27 137 0
28 137 0
25 138 0
26 138 0
27 138 0
28 138 0
29 138 0
28 139 0
29 139 0
13 140 0
34 141 0
17 142 0
18 142 0
19 142 0
21 142 0
22 142 0
23 142 0
24 142 0
25 142 0
33 142 0
34 142 0
35 142 0
18 143 0
20 143 0
21 143 0
22 143 0
23 143 0
26 143 0
27 143 0
29 143 0
30 143 0
33 143 0
34 143 0
35 143 0
2 144 0
3 144 0
4 144 0
5 144 0
6 144 0
7 144 0
8 144 0
13 144 0
14 144 0
20 144 0
21 144 0
22 144 0
25 144 0
26 144 0
27 144 0
28 144 0
29 144 0
30 144 0
33 144 0
34 144 0
35 144 0
36 144 0
3 145 0
5 145 0
6 145 0
7 145 0
8 145 0
9 145 0
13 145 0
20 145 0
21 145 0
25 145 0
26 145 0
27 145 0
33 145 0
34 145 0
35 145 0
5 146 0
6 146 0
7 146 0
8 146 0
9 146 0
13 146 0
17 146 0
19 146 0
20 146 0
21 146 0
30 146 0
34 146 0
35 146 0
4 147 0
5 147 0
6 147 0
7 147 0
8 147 0
13 147 0
14 147 0
17 147 0
18 147 0
19 147 0
20 147 0
21 147 0
26 147 0
27 147 0
30 147 0
32 147 0
33 147 0
34 147 0
35 147 0
2 148 0
3 148 0
4 148 0
5 148 0
6 148 0
13 148 0
14 148 0
16 148 0
17 148 0
18 148 0
19 148 0
20 148 0
21 148 0
25 148 0
26 148 0
27 148 0
30 148 0
33 148 0
34 148 0
35 148 0
1 149 0
2 149 0
3 149 0
4 149 0
5 149 0
12 149 0
13 149 0
16 149 0
17 149 0
18 149 0
19 149 0
20 149 0
25 149 0
26 149 0
27 149 0
33 149 0
34 149 0
35 149 0
36 149 0
1 150 0
2 150 0
3 150 0
4 150 0
5 150 0
12 150 0
19 150 0
24 150 0
26 150 0
33 150 0
34 150 0
35 150 0
36 150 0
37 150 0
1 151 0
2 151 0
3 151 0
4 151 0
5 151 0
7 151 0
9 151 0
15 151 0
16 151 0
17 151 0
18 151 0
33 151 0
2 152 0
3 152 0
4 152 0
5 152 0
8 152 0
9 152 0
10 152 0
11 152 0
35 152 0
36 152 0
2 153 0
3 153 0
4 153 0
5 153 0
6 153 0
7 153 0
19 153 0
21 153 0
22 153 0
23 153 0
24 153 0
25 153 0
26 153 0
29 153 0
30 153 0
31 153 0
34 153 0
35 153 0
36 153 0
37 153 0
3 154 0
4 154 0
5 154 0
6 154 0
7 154 0
8 154 0
9 154 0
21 154 0
22 154 0
23 154 0
34 154 0
35 154 0
36 154 0
37 154 0
4 155 0
5 155 0
6 155 0
7 155 0
8 155 0
9 155 0
10 155 0
19 155 0
21 155 0
24 155 0
25 155 0
35 155 0
36 155 0
37 155 0
5 156 0
6 156 0
7 156 0
8 156 0
9 156 0
10 156 0
26 156 0
35 156 0
36 156 0
5 157 0
6 157 0
7 157 0
8 157 0
9 157 0
10 157 0
11 157 0
34 157 0
35 157 0
5 158 0
6 158 0
7 158 0
8 158 0
9 158 0
10 158 0
28 158 0
29 158 0
33 158 0
34 158 0
35 158 0
6 159 0
7 159 0
8 159 0
19 159 0
20 159 0
21 159 0
28 159 0
29 159 0
30 159 0
31 159 0
32 159 0
33 159 0
34 159 0
6 160 0
7 160 0
8 160 0
15 160 0
19 160 0
20 160 0
27 160 0
28 160 0
29 160 0
30 160 0
31 160 0
32 160 0
33 160 0
27 161 0
28 161 0
29 161 0
30 161 0
31 161 0
32 161 0
26 162 0
27 162 0
28 162 0
29 162 0
30 162 0
6 163 0
7 163 0
10 163 0
11 163 0
12 163 0
25 163 0
26 163 0
27 163 0
28 163 0
29 163 0
30 163 0
5 164 0
6 164 0
7 164 0
8 164 0
10 164 0
11 164 0
12 164 0
13 164 0
24 164 0
25 164 0
26 164 0
27 164 0
28 164 0
29 164 0
5 165 0
6 165 0
7 165 0
8 165 0
10 165 0
11 165 0
12 165 0
13 165 0
14 165 0
23 165 0
24 165 0
25 165 0
26 165 0
27 165 0
28 165 0
4 166 0
5 166 0
6 166 0
7 166 0
8 166 0
11 166 0
12 166 0
13 166 0
14 166 0
15 166 0
23 166 0
24 166 0
25 166 0
26 166 0
27 166 0
28 166 0
4 167 0
5 167 0
6 167 0
7 167 0
12 167 0
13 167 0
14 167 0
15 167 0
16 167 0
22 167 0
23 167 0
24 167 0
25 167 0
26 167 0
27 167 0
28 167 0
29 167 0
5 168 0
6 168 0
12 168 0
13 168 0
14 168 0
15 168 0
21 168 0
22 168 0
23 168 0
24 168 0
25 168 0
26 168 0
27 168 0
28 168 0
30 168 0
31 168 0
34 168 0
5 169 0
21 169 0
22 169 0
24 169 0
25 169 0
26 169 0
27 169 0
28 169 0
29 169 0
30 169 0
34 169 0
15 170 0
17 170 0
21 170 0
22 170 0
25 170 0
28 170 0
29 170 0
30 170 0
35 170 0
3 171 0
8 171 0
15 171 0
16 171 0
19 171 0
16 172 0
24 172 0
129 125 1
130 125 1
131 125 1
102 126 1
103 126 1
104 126 1
128 126 1
129 126 1
130 126 1
131 126 1
132 126 1
133 126 1
99 127 1
100 127 1
101 127 1
102 127 1
103 127 1
104 127 1
105 127 1
123 127 1
124 127 1
129 127 1
130 127 1
131 127 1
132 127 1
133 127 1
134 127 1
135 127 1
97 128 1
98 128 1
99 128 1
100 128 1
101 128 1
102 128 1
107 128 1
123 128 1
124 128 1
125 128 1
126 128 1
127 128 1
129 128 1
130 128 1
131 128 1
132 128 1
134 128 1
135 128 1
136 128 1
96 129 1
97 129 1
98 129 1
99 129 1
100 129 1
101 129 1
102 129 1
103 129 1
104 129 1
110 129 1
124 129 1
125 129 1
126 129 1
127 129 1
128 129 1
129 129 1
130 129 1
131 129 1
132 129 1
134 129 1
135 129 1
136 129 1
94 130 1
95 130 1
96 130 1
97 130 1
98 130 1
99 130 1
100 130 1
101 130 1
102 130 1
110 130 1
111 130 1
124 130 1
125 130 1
126 130 1
127 130 1
130 130 1
131 130 1
132 130 1
134 130 1
135 130 1
136 130 1
137 130 1
92 131 1
93 131 1
94 131 1
95 131 1
96 131 1
97 131 1
98 131 1
99 131 1
100 131 1
110 131 1
124 131 1
125 131 1
126 131 1
127 131 1
128 131 1
130 131 1
131 131 1
132 131 1
133 131 1
134 131 1
135 131 1
136 131 1
137 131 1
91 132 1
92 132 1
93 132 1
94 132 1
95 132 1
96 132 1
97 132 1
98 132 1
99 132 1
109 132 1
110 132 1
124 132 1
125 132 1
126 132 1
127 132 1
128 132 1
130 132 1
131 132 1
132 132 1
133 132 1
134 132 1
136 132 1
90 133 1
91 133 1
92 133 1
93 133 1
95 133 1
96 133 1
97 133 1
109 133 1
110 133 1
124 133 1
125 133 1
126 133 1
127 133 1
128 133 1
130 133 1
131 133 1
132 133 1
133 133 1
134 133 1
89 134 1
90 134 1
91 134 1
93 134 1
94 134 1
95 134 1
109 134 1
110 134 1
124 134 1
125 134 1
126 134 1
127 134 1
130 134 1
131 134 1
132 134 1
133 134 1
134 134 1
77 135 1
78 135 1
79 135 1
80 135 1
81 135 1
82 135 1
84 135 1
90 135 1
92 135 1
93 135 1
94 135 1
95 135 1
96 135 1
99 135 1
124 135 1
125 135 1
126 135 1
130 135 1
131 135 1
132 135 1
133 135 1
163 135 1
164 135 1
165 135 1
166 135 1
167 135 1
168 135 1
71 136 1
72 136 1
73 136 1
74 136 1
75 136 1
76 136 1
77 136 1
78 136 1
80 136 1
90 136 1
91 136 1
92 136 1
93 136 1
94 136 1
95 136 1
98 136 1
99 136 1
102 136 1
112 136 1
113 136 1
163 136 1
164 136 1
165 136 1
166 136 1
167 136 1
168 136 1
69 137 1
70 137 1
71 137 1
72 137 1
73 137 1
74 137 1
75 137 1
76 137 1
91 137 1
92 137 1
93 137 1
94 137 1
96 137 1
97 137 1
98 137 1
130 137 1
162 137 1
163 137 1
164 137 1
165 137 1
166 137 1
167 137 1
168 137 1
67 138 1
68 138 1
69 138 1
70 138 1
71 138 1
72 138 1
93 138 1
94 138 1
95 138 1
130 138 1
162 138 1
163 138 1
164 138 1
165 138 1
166 138 1
167 138 1
66 139 1
67 139 1
68 139 1
69 139 1
70 139 1
71 139 1
93 139 1
94 139 1
104 139 1
130 139 1
161 139 1
162 139 1
163 139 1
164 139 1
165 139 1
166 139 1
66 140 1
67 140 1
68 140 1
69 140 1
129 140 1
130 140 1
161 140 1
162 140 1
163 140 1
164 140 1
165 140 1
166 140 1
66 141 1
67 141 1
68 141 1
69 141 1
129 141 1
130 141 1
160 141 1
162 141 1
163 141 1
164 141 1
165 141 1
166 141 1
167 141 1
67 142 1
68 142 1
74 142 1
77 142 1
140 142 1
141 142 1
142 142 1
143 142 1
147 142 1
148 142 1
149 142 1
150 142 1
151 142 1
160 142 1
161 142 1
166 142 1
167 142 1
168 142 1
67 143 1
68 143 1
69 143 1
70 143 1
72 143 1
73 143 1
74 143 1
75 143 1
76 143 1
77 143 1
78 143 1
83 143 1
84 143 1
85 143 1
130 143 1
138 143 1
139 143 1
140 143 1
141 143 1
142 143 1
148 143 1
149 143 1
150 143 1
151 143 1
152 143 1
160 143 1
161 143 1
165 143 1
166 143 1
167 143 1
168 143 1
66 144 1
67 144 1
68 144 1
69 144 1
70 144 1
72 144 1
73 144 1
74 144 1
75 144 1
76 144 1
77 144 1
78 144 1
83 144 1
84 144 1
85 144 1
86 144 1
87 144 1
130 144 1
137 144 1
138 144 1
139 144 1
140 144 1
141 144 1
149 144 1
150 144 1
151 144 1
152 144 1
153 144 1
165 144 1
166 144 1
167 144 1
168 144 1
66 145 1
67 145 1
68 145 1
69 145 1
70 145 1
71 145 1
72 145 1
73 145 1
74 145 1
75 145 1
76 145 1
77 145 1
84 145 1
85 145 1
86 145 1
87 145 1
88 145 1
136 145 1
137 145 1
138 145 1
139 145 1
150 145 1
151 145 1
152 145 1
153 145 1
154 145 1
163 145 1
164 145 1
65 146 1
66 146 1
67 146 1
68 146 1
71 146 1
72 146 1
73 146 1
74 146 1
75 146 1
85 146 1
86 146 1
87 146 1
88 146 1
136 146 1
137 146 1
138 146 1
151 146 1
152 146 1
153 146 1
154 146 1
166 146 1
65 147 1
66 147 1
67 147 1
70 147 1
71 147 1
72 147 1
73 147 1
74 147 1
86 147 1
87 147 1
88 147 1
89 147 1
135 147 1
136 147 1
137 147 1
152 147 1
153 147 1
154 147 1
65 148 1
66 148 1
70 148 1
71 148 1
72 148 1
73 148 1
74 148 1
85 148 1
87 148 1
88 148 1
89 148 1
90 148 1
135 148 1
136 148 1
137 148 1
152 148 1
153 148 1
154 148 1
155 148 1
168 148 1
169 148 1
69 149 1
70 149 1
71 149 1
72 149 1
73 149 1
88 149 1
89 149 1
90 149 1
91 149 1
134 149 1
135 149 1
136 149 1
137 149 1
153 149 1
154 149 1
155 149 1
168 149 1
169 149 1
65 150 1
66 150 1
67 150 1
68 150 1
69 150 1
70 150 1
71 150 1
72 150 1
88 150 1
89 150 1
90 150 1
91 150 1
92 150 1
129 150 1
134 150 1
135 150 1
136 150 1
144 150 1
146 150 1
147 150 1
153 150 1
154 150 1
155 150 1
156 150 1
168 150 1
169 150 1
65 151 1
66 151 1
67 151 1
68 151 1
69 151 1
70 151 1
71 151 1
89 151 1
90 151 1
91 151 1
92 151 1
98 151 1
128 151 1
129 151 1
133 151 1
134 151 1
135 151 1
136 151 1
143 151 1
144 151 1
146 151 1
147 151 1
148 151 1
155 151 1
156 151 1
157 151 1
158 151 1
159 151 1
66 152 1
67 152 1
68 152 1
69 152 1
70 152 1
71 152 1
73 152 1
83 152 1
84 152 1
89 152 1
90 152 1
91 152 1
92 152 1
134 152 1
135 152 1
136 152 1
148 152 1
154 152 1
155 152 1
156 152 1
157 152 1
158 152 1
159 152 1
66 153 1
67 153 1
68 153 1
69 153 1
70 153 1
71 153 1
75 153 1
83 153 1
90 153 1
91 153 1
92 153 1
133 153 1
134 153 1
135 153 1
152 153 1
153 153 1
154 153 1
155 153 1
156 153 1
157 153 1
158 153 1
66 154 1
67 154 1
68 154 1
69 154 1
70 154 1
71 154 1
75 154 1
89 154 1
90 154 1
91 154 1
92 154 1
133 154 1
134 154 1
135 154 1
136 154 1
137 154 1
152 154 1
153 154 1
155 154 1
156 154 1
157 154 1
158 154 1
67 155 1
68 155 1
69 155 1
70 155 1
71 155 1
90 155 1
91 155 1
98 155 1
99 155 1
135 155 1
136 155 1
137 155 1
138 155 1
141 155 1
142 155 1
146 155 1
147 155 1
148 155 1
151 155 1
152 155 1
155 155 1
156 155 1
157 155 1
158 155 1
69 156 1
70 156 1
71 156 1
72 156 1
73 156 1
74 156 1
76 156 1
77 156 1
83 156 1
86 156 1
91 156 1
92 156 1
94 156 1
95 156 1
97 156 1
98 156 1
99 156 1
136 156 1
137 156 1
138 156 1
141 156 1
142 156 1
144 156 1
146 156 1
147 156 1
148 156 1
150 156 1
151 156 1
152 156 1
154 156 1
155 156 1
156 156 1
157 156 1
71 157 1
72 157 1
73 157 1
74 157 1
77 157 1
78 157 1
81 157 1
82 157 1
83 157 1
84 157 1
85 157 1
90 157 1
91 157 1
93 157 1
94 157 1
96 157 1
97 157 1
98 157 1
99 157 1
136 157 1
137 157 1
138 157 1
139 157 1
141 157 1
142 157 1
143 157 1
146 157 1
149 157 1
150 157 1
151 157 1
153 157 1
154 157 1
155 157 1
156 157 1
157 157 1
71 158 1
72 158 1
73 158 1
74 158 1
75 158 1
77 158 1
78 158 1
79 158 1
80 158 1
82 158 1
83 158 1
84 158 1
85 158 1
87 158 1
95 158 1
96 158 1
97 158 1
98 158 1
99 158 1
137 158 1
138 158 1
139 158 1
149 158 1
150 158 1
153 158 1
154 158 1
155 158 1
156 158 1
72 159 1
73 159 1
74 159 1
75 159 1
78 159 1
79 159 1
82 159 1
83 159 1
87 159 1
94 159 1
95 159 1
96 159 1
97 159 1
98 159 1
137 159 1
138 159 1
139 159 1
140 159 1
147 159 1
151 159 1
152 159 1
153 159 1
154 159 1
155 159 1
72 160 1
73 160 1
74 160 1
75 160 1
82 160 1
83 160 1
86 160 1
87 160 1
88 160 1
89 160 1
93 160 1
94 160 1
95 160 1
96 160 1
97 160 1
138 160 1
139 160 1
140 160 1
152 160 1
153 160 1
154 160 1
73 161 1
74 161 1
75 161 1
76 161 1
95 161 1
71 162 1
72 162 1
73 162 1
74 162 1
75 162 1
76 162 1
75 163 1
272 132 2
273 132 2
275 132 2
306 132 2
307 132 2
308 132 2
271 133 2
272 133 2
273 133 2
274 133 2
275 133 2
294 133 2
297 133 2
298 133 2
299 133 2
305 133 2
306 133 2
307 133 2
308 133 2
309 133 2
271 134 2
272 134 2
273 134 2
274 134 2
275 134 2
277 134 2
278 134 2
293 134 2
294 134 2
295 134 2
297 134 2
298 134 2
299 134 2
308 134 2
273 135 2
274 135 2
275 135 2
276 135 2
277 135 2
293 135 2
294 135 2
295 135 2
296 135 2
298 135 2
299 135 2
300 135 2
272 136 2
273 136 2
274 136 2
275 136 2
276 136 2
293 136 2
294 136 2
295 136 2
296 136 2
298 136 2
299 136 2
300 136 2
265 137 2
266 137 2
271 137 2
272 137 2
273 137 2
274 137 2
275 137 2
293 137 2
294 137 2
295 137 2
296 137 2
299 137 2
300 137 2
301 137 2
311 137 2
265 138 2
266 138 2
270 138 2
271 138 2
272 138 2
273 138 2
283 138 2
293 138 2
294 138 2
295 138 2
296 138 2
299 138 2
300 138 2
301 138 2
311 138 2
312 138 2
266 139 2
270 139 2
271 139 2
272 139 2
294 139 2
295 139 2
296 139 2
300 139 2
301 139 2
311 139 2
312 139 2
313 139 2
249 140 2
250 140 2
251 140 2
252 140 2
253 140 2
269 140 2
270 140 2
271 140 2
295 140 2
311 140 2
312 140 2
313 140 2
314 140 2
247 141 2
248 141 2
249 141 2
250 141 2
251 141 2
269 141 2
270 141 2
271 141 2
279 141 2
280 141 2
283 141 2
293 141 2
294 141 2
296 141 2
297 141 2
310 141 2
311 141 2
312 141 2
313 141 2
314 141 2
247 142 2
248 142 2
249 142 2
250 142 2
251 142 2
278 142 2
279 142 2
283 142 2
293 142 2
297 142 2
310 142 2
311 142 2
312 142 2
313 142 2
314 142 2
247 143 2
248 143 2
249 143 2
250 143 2
279 143 2
297 143 2
298 143 2
303 143 2
304 143 2
310 143 2
311 143 2
312 143 2
313 143 2
314 143 2
248 144 2
249 144 2
250 144 2
254 144 2
257 144 2
258 144 2
263 144 2
264 144 2
295 144 2
296 144 2
297 144 2
298 144 2
303 144 2
304 144 2
305 144 2
306 144 2
310 144 2
313 144 2
314 144 2
246 145 2
247 145 2
248 145 2
249 145 2
254 145 2
255 145 2
256 145 2
257 145 2
258 145 2
263 145 2
264 145 2
265 145 2
266 145 2
294 145 2
295 145 2
296 145 2
297 145 2
298 145 2
303 145 2
304 145 2
305 145 2
306 145 2
307 145 2
314 145 2
247 146 2
248 146 2
249 146 2
253 146 2
254 146 2
255 146 2
256 146 2
257 146 2
264 146 2
265 146 2
266 146 2
267 146 2
293 146 2
294 146 2
295 146 2
296 146 2
304 146 2
305 146 2
306 146 2
307 146 2
247 147 2
250 147 2
253 147 2
254 147 2
255 147 2
256 147 2
265 147 2
266 147 2
267 147 2
268 147 2
293 147 2
294 147 2
295 147 2
296 147 2
305 147 2
306 147 2
307 147 2
246 148 2
247 148 2
250 148 2
251 148 2
253 148 2
254 148 2
255 148 2
258 148 2
262 148 2
263 148 2
265 148 2
266 148 2
267 148 2
268 148 2
293 148 2
294 148 2
295 148 2
298 148 2
299 148 2
302 148 2
303 148 2
307 148 2
312 148 2
313 148 2
314 148 2
246 149 2
247 149 2
253 149 2
254 149 2
257 149 2
258 149 2
262 149 2
263 149 2
264 149 2
266 149 2
267 149 2
297 149 2
298 149 2
299 149 2
302 149 2
303 149 2
311 149 2
312 149 2
313 149 2
314 149 2
315 149 2
246 150 2
247 150 2
248 150 2
249 150 2
251 150 2
253 150 2
254 150 2
256 150 2
257 150 2
258 150 2
259 150 2
261 150 2
262 150 2
263 150 2
264 150 2
296 150 2
297 150 2
298 150 2
299 150 2
302 150 2
303 150 2
304 150 2
305 150 2
306 150 2
311 150 2
312 150 2
313 150 2
247 151 2
248 151 2
249 151 2
250 151 2
251 151 2
252 151 2
256 151 2
257 151 2
258 151 2
263 151 2
264 151 2
296 151 2
297 151 2
298 151 2
303 151 2
304 151 2
305 151 2
306 151 2
309 151 2
312 151 2
248 152 2
249 152 2
250 152 2
251 152 2
252 152 2
256 152 2
257 152 2
263 152 2
289 152 2
296 152 2
297 152 2
298 152 2
303 152 2
305 152 2
306 152 2
250 153 2
251 153 2
252 153 2
253 153 2
256 153 2
257 153 2
258 153 2
262 153 2
263 153 2
290 153 2
291 153 2
297 153 2
298 153 2
299 153 2
301 153 2
302 153 2
303 153 2
305 153 2
251 154 2
252 154 2
253 154 2
254 154 2
257 154 2
258 154 2
291 154 2
292 154 2
298 154 2
304 154 2
249 155 2
252 155 2
253 155 2
254 155 2
