13 125 0
16 125 0
13 126 0
14 126 0
15 126 0
16 126 0
17 126 0
14 127 0
16 127 0
17 127 0
18 127 0
19 127 0
20 127 0
2 128 0
11 128 0
17 128 0
18 128 0
19 128 0
20 128 0
21 128 0
22 128 0
1 129 0
2 129 0
4 129 0
5 129 0
14 129 0
19 129 0
20 129 0
21 129 0
22 129 0
23 129 0
24 129 0
1 130 0
3 130 0
4 130 0
6 130 0
7 130 0
16 130 0
17 130 0
22 130 0
23 130 0
24 130 0
25 130 0
26 130 0
2 131 0
3 131 0
6 131 0
7 131 0
8 131 0
18 131 0
23 131 0
24 131 0
25 131 0
26 131 0
27 131 0
28 131 0
2 132 0
3 132 0
4 132 0
5 132 0
9 132 0
10 132 0
20 132 0
25 132 0
26 132 0
27 132 0
28 132 0
29 132 0
3 133 0
4 133 0
5 133 0
6 133 0
7 133 0
11 133 0
23 133 0
26 133 0
27 133 0
28 133 0
29 133 0
30 133 0
31 133 0
4 134 0
5 134 0
6 134 0
7 134 0
8 134 0
12 134 0
23 134 0
28 134 0
29 134 0
30 134 0
31 134 0
32 134 0
4 135 0
5 135 0
6 135 0
7 135 0
8 135 0
12 135 0
13 135 0
22 135 0
23 135 0
24 135 0
25 135 0
29 135 0
30 135 0
31 135 0
32 135 0
5 136 0
7 136 0
8 136 0
9 136 0
22 136 0
23 136 0
24 136 0
30 136 0
31 136 0
32 136 0
43 136 0
44 136 0
3 137 0
7 137 0
8 137 0
9 137 0
18 137 0
19 137 0
20 137 0
21 137 0
22 137 0
23 137 0
30 137 0
42 137 0
44 137 0
6 138 0
7 138 0
8 138 0
9 138 0
10 138 0
11 138 0
12 138 0
16 138 0
17 138 0
18 138 0
19 138 0
20 138 0
21 138 0
22 138 0
2 139 0
3 139 0
4 139 0
7 139 0
8 139 0
9 139 0
10 139 0
11 139 0
17 139 0
38 139 0
2 140 0
3 140 0
4 140 0
7 140 0
8 140 0
9 140 0
10 140 0
11 140 0
40 140 0
57 140 0
58 140 0
59 140 0
2 141 0
7 141 0
8 141 0
9 141 0
47 141 0
59 141 0
60 141 0
61 141 0
62 141 0
1 142 0
2 142 0
3 142 0
6 142 0
7 142 0
8 142 0
9 142 0
15 142 0
46 142 0
47 142 0
49 142 0
50 142 0
51 142 0
58 142 0
59 142 0
60 142 0
61 142 0
62 142 0
1 143 0
2 143 0
3 143 0
4 143 0
5 143 0
6 143 0
8 143 0
24 143 0
25 143 0
28 143 0
48 143 0
49 143 0
50 143 0
53 143 0
54 143 0
59 143 0
60 143 0
61 143 0
1 144 0
2 144 0
3 144 0
4 144 0
5 144 0
6 144 0
7 144 0
8 144 0
9 144 0
10 144 0
11 144 0
28 144 0
31 144 0
32 144 0
33 144 0
34 144 0
35 144 0
36 144 0
37 144 0
41 144 0
42 144 0
47 144 0
48 144 0
49 144 0
50 144 0
52 144 0
53 144 0
54 144 0
55 144 0
56 144 0
57 144 0
59 144 0
60 144 0
5 145 0
6 145 0
7 145 0
8 145 0
9 145 0
10 145 0
11 145 0
12 145 0
28 145 0
33 145 0
34 145 0
35 145 0
36 145 0
37 145 0
47 145 0
48 145 0
49 145 0
57 145 0
58 145 0
59 145 0
60 145 0
61 145 0
7 146 0
8 146 0
9 146 0
10 146 0
11 146 0
12 146 0
13 146 0
33 146 0
34 146 0
35 146 0
36 146 0
37 146 0
45 146 0
46 146 0
47 146 0
48 146 0
49 146 0
57 146 0
58 146 0
59 146 0
60 146 0
61 146 0
65 146 0
6 147 0
8 147 0
9 147 0
10 147 0
11 147 0
12 147 0
13 147 0
14 147 0
26 147 0
31 147 0
32 147 0
33 147 0
34 147 0
35 147 0
36 147 0
41 147 0
42 147 0
45 147 0
46 147 0
47 147 0
48 147 0
53 147 0
54 147 0
56 147 0
59 147 0
60 147 0
61 147 0
6 148 0
7 148 0
9 148 0
10 148 0
11 148 0
12 148 0
13 148 0
14 148 0
15 148 0
24 148 0
25 148 0
26 148 0
27 148 0
28 148 0
29 148 0
30 148 0
31 148 0
32 148 0
33 148 0
34 148 0
35 148 0
40 148 0
41 148 0
42 148 0
45 148 0
46 148 0
47 148 0
48 148 0
52 148 0
53 148 0
54 148 0
59 148 0
60 148 0
61 148 0
6 149 0
7 149 0
8 149 0
9 149 0
10 149 0
11 149 0
12 149 0
13 149 0
14 149 0
15 149 0
16 149 0
26 149 0
27 149 0
28 149 0
29 149 0
30 149 0
31 149 0
32 149 0
33 149 0
34 149 0
40 149 0
41 149 0
45 149 0
46 149 0
47 149 0
48 149 0
51 149 0
52 149 0
53 149 0
60 149 0
61 149 0
62 149 0
68 149 0
6 150 0
9 150 0
10 150 0
11 150 0
12 150 0
13 150 0
14 150 0
28 150 0
29 150 0
30 150 0
31 150 0
32 150 0
33 150 0
52 150 0
60 150 0
61 150 0
62 150 0
63 150 0
12 151 0
13 151 0
14 151 0
28 151 0
29 151 0
30 151 0
31 151 0
32 151 0
33 151 0
37 151 0
44 151 0
45 151 0
58 151 0
59 151 0
61 151 0
62 151 0
63 151 0
30 152 0
31 152 0
32 152 0
33 152 0
34 152 0
37 152 0
38 152 0
39 152 0
40 152 0
57 152 0
58 152 0
59 152 0
61 152 0
62 152 0
63 152 0
67 152 0
31 153 0
32 153 0
33 153 0
34 153 0
35 153 0
47 153 0
49 153 0
50 153 0
51 153 0
52 153 0
53 153 0
54 153 0
55 153 0
56 153 0
57 153 0
60 153 0
61 153 0
32 154 0
33 154 0
34 154 0
35 154 0
36 154 0
37 154 0
49 154 0
50 154 0
51 154 0
61 154 0
4 155 0
5 155 0
6 155 0
13 155 0
33 155 0
34 155 0
35 155 0
36 155 0
37 155 0
38 155 0
46 155 0
48 155 0
49 155 0
52 155 0
58 155 0
59 155 0
60 155 0
4 156 0
5 156 0
6 156 0
13 156 0
34 156 0
35 156 0
36 156 0
37 156 0
38 156 0
39 156 0
53 156 0
54 156 0
55 156 0
58 156 0
59 156 0
60 156 0
61 156 0
2 157 0
34 157 0
35 157 0
36 157 0
37 157 0
38 157 0
57 157 0
58 157 0
59 157 0
60 157 0
9 158 0
10 158 0
18 158 0
19 158 0
26 158 0
27 158 0
34 158 0
35 158 0
36 158 0
37 158 0
38 158 0
55 158 0
57 158 0
58 158 0
60 158 0
61 158 0
9 159 0
10 159 0
18 159 0
19 159 0
26 159 0
27 159 0
34 159 0
35 159 0
36 159 0
46 159 0
47 159 0
48 159 0
54 159 0
55 159 0
56 159 0
61 159 0
10 160 0
11 160 0
12 160 0
15 160 0
18 160 0
19 160 0
20 160 0
21 160 0
22 160 0
24 160 0
25 160 0
26 160 0
27 160 0
28 160 0
29 160 0
34 160 0
35 160 0
36 160 0
53 160 0
55 160 0
56 160 0
10 161 0
17 161 0
18 161 0
19 161 0
20 161 0
21 161 0
25 161 0
26 161 0
27 161 0
28 161 0
29 161 0
53 161 0
54 161 0
55 161 0
59 161 0
61 161 0
62 161 0
17 162 0
18 162 0
19 162 0
20 162 0
21 162 0
25 162 0
26 162 0
27 162 0
28 162 0
29 162 0
51 162 0
52 162 0
53 162 0
54 162 0
55 162 0
5 163 0
16 163 0
17 163 0
18 163 0
27 163 0
28 163 0
29 163 0
51 163 0
52 163 0
53 163 0
54 163 0
15 164 0
16 164 0
17 164 0
18 164 0
27 164 0
28 164 0
29 164 0
34 164 0
35 164 0
37 164 0
38 164 0
50 164 0
51 164 0
52 164 0
53 164 0
54 164 0
55 164 0
3 165 0
9 165 0
15 165 0
16 165 0
17 165 0
18 165 0
26 165 0
27 165 0
28 165 0
29 165 0
33 165 0
34 165 0
35 165 0
37 165 0
38 165 0
39 165 0
47 165 0
49 165 0
50 165 0
51 165 0
52 165 0
53 165 0
2 166 0
3 166 0
7 166 0
8 166 0
9 166 0
10 166 0
16 166 0
17 166 0
18 166 0
19 166 0
25 166 0
26 166 0
27 166 0
28 166 0
33 166 0
34 166 0
35 166 0
37 166 0
38 166 0
39 166 0
40 166 0
47 166 0
48 166 0
49 166 0
50 166 0
51 166 0
52 166 0
53 166 0
1 167 0
2 167 0
3 167 0
4 167 0
7 167 0
8 167 0
9 167 0
10 167 0
17 167 0
18 167 0
19 167 0
20 167 0
25 167 0
26 167 0
27 167 0
28 167 0
32 167 0
33 167 0
34 167 0
35 167 0
37 167 0
38 167 0
39 167 0
40 167 0
41 167 0
47 167 0
48 167 0
49 167 0
50 167 0
51 167 0
52 167 0
53 167 0
1 168 0
2 168 0
3 168 0
7 168 0
8 168 0
9 168 0
10 168 0
18 168 0
19 168 0
20 168 0
25 168 0
26 168 0
27 168 0
32 168 0
33 168 0
34 168 0
38 168 0
46 168 0
47 168 0
48 168 0
49 168 0
50 168 0
51 168 0
52 168 0
53 168 0
54 168 0
55 168 0
57 168 0
58 168 0
1 169 0
2 169 0
3 169 0
6 169 0
7 169 0
8 169 0
9 169 0
10 169 0
19 169 0
24 169 0
25 169 0
26 169 0
32 169 0
43 169 0
47 169 0
49 169 0
50 169 0
51 169 0
53 169 0
54 169 0
58 169 0
63 169 0
1 170 0
2 170 0
3 170 0
6 170 0
7 170 0
8 170 0
9 170 0
33 170 0
42 170 0
46 170 0
47 170 0
50 170 0
53 170 0
54 170 0
58 170 0
62 170 0
2 171 0
5 171 0
6 171 0
7 171 0
29 171 0
32 171 0
46 171 0
53 171 0
61 171 0
8 172 0
9 172 0
33 172 0
38 172 0
2 173 0
3 173 0
4 173 0
5 173 0
6 173 0
7 173 0
8 173 0
9 173 0
2 174 0
3 174 0
4 174 0
5 174 0
6 174 0
7 174 0
8 174 0
1 175 0
2 175 0
3 175 0
4 175 0
5 175 0
1 176 0
2 176 0
3 176 0
4 176 0
5 176 0
1 177 0
2 177 0
3 177 0
2 178 0
3 178 0
16 178 0
2 179 0
6 179 0
10 179 0
15 179 0
16 179 0
24 179 0
2 180 0
6 180 0
10 180 0
16 180 0
23 180 0
24 180 0
26 180 0
2 181 0
3 181 0
7 181 0
9 181 0
14 181 0
21 181 0
2 182 0
3 182 0
7 182 0
11 182 0
3 183 0
8 183 0
18 183 0
14 184 0
15 184 0
2 185 0
89 126 1
110 126 1
111 126 1
112 126 1
113 126 1
114 126 1
115 126 1
82 127 1
83 127 1
84 127 1
85 127 1
86 127 1
87 127 1
111 127 1
112 127 1
113 127 1
114 127 1
115 127 1
116 127 1
117 127 1
118 127 1
80 128 1
81 128 1
82 128 1
83 128 1
84 128 1
105 128 1
106 128 1
107 128 1
108 128 1
111 128 1
112 128 1
113 128 1
116 128 1
117 128 1
118 128 1
78 129 1
79 129 1
80 129 1
81 129 1
82 129 1
84 129 1
85 129 1
86 129 1
105 129 1
106 129 1
107 129 1
108 129 1
111 129 1
112 129 1
113 129 1
114 129 1
118 129 1
119 129 1
76 130 1
77 130 1
78 130 1
79 130 1
80 130 1
82 130 1
83 130 1
85 130 1
91 130 1
92 130 1
106 130 1
107 130 1
108 130 1
109 130 1
110 130 1
111 130 1
112 130 1
113 130 1
115 130 1
118 130 1
119 130 1
75 131 1
76 131 1
77 131 1
78 131 1
80 131 1
81 131 1
82 131 1
91 131 1
92 131 1
106 131 1
107 131 1
108 131 1
109 131 1
111 131 1
112 131 1
113 131 1
114 131 1
118 131 1
119 131 1
120 131 1
121 131 1
74 132 1
75 132 1
76 132 1
77 132 1
78 132 1
79 132 1
80 132 1
81 132 1
90 132 1
91 132 1
92 132 1
106 132 1
107 132 1
108 132 1
109 132 1
112 132 1
113 132 1
114 132 1
118 132 1
119 132 1
120 132 1
72 133 1
73 133 1
74 133 1
75 133 1
76 133 1
77 133 1
78 133 1
79 133 1
90 133 1
91 133 1
106 133 1
107 133 1
108 133 1
109 133 1
112 133 1
113 133 1
114 133 1
115 133 1
119 133 1
120 133 1
71 134 1
72 134 1
73 134 1
74 134 1
75 134 1
76 134 1
77 134 1
90 134 1
106 134 1
107 134 1
108 134 1
109 134 1
112 134 1
113 134 1
114 134 1
116 134 1
117 134 1
147 134 1
148 134 1
154 134 1
71 135 1
72 135 1
73 135 1
74 135 1
75 135 1
76 135 1
105 135 1
106 135 1
107 135 1
108 135 1
112 135 1
113 135 1
114 135 1
145 135 1
146 135 1
147 135 1
148 135 1
149 135 1
150 135 1
151 135 1
162 135 1
72 136 1
73 136 1
74 136 1
75 136 1
76 136 1
80 136 1
112 136 1
113 136 1
144 136 1
145 136 1
146 136 1
147 136 1
148 136 1
149 136 1
150 136 1
151 136 1
73 137 1
74 137 1
75 137 1
76 137 1
78 137 1
79 137 1
80 137 1
111 137 1
114 137 1
144 137 1
145 137 1
146 137 1
147 137 1
148 137 1
149 137 1
150 137 1
151 137 1
74 138 1
75 138 1
76 138 1
144 138 1
145 138 1
146 138 1
147 138 1
149 138 1
150 138 1
151 138 1
74 139 1
75 139 1
76 139 1
142 139 1
143 139 1
144 139 1
145 139 1
146 139 1
147 139 1
148 139 1
149 139 1
150 139 1
151 139 1
75 140 1
111 140 1
142 140 1
143 140 1
144 140 1
145 140 1
146 140 1
147 140 1
148 140 1
149 140 1
150 140 1
151 140 1
111 141 1
143 141 1
144 141 1
145 141 1
146 141 1
147 141 1
148 141 1
149 141 1
150 141 1
151 141 1
111 142 1
121 142 1
122 142 1
123 142 1
129 142 1
130 142 1
142 142 1
146 142 1
147 142 1
148 142 1
149 142 1
150 142 1
151 142 1
152 142 1
119 143 1
120 143 1
121 143 1
122 143 1
123 143 1
129 143 1
130 143 1
131 143 1
132 143 1
133 143 1
142 143 1
147 143 1
149 143 1
150 143 1
151 143 1
111 144 1
118 144 1
119 144 1
120 144 1
121 144 1
122 144 1
130 144 1
131 144 1
132 144 1
133 144 1
134 144 1
149 144 1
150 144 1
151 144 1
111 145 1
118 145 1
119 145 1
120 145 1
121 145 1
131 145 1
132 145 1
133 145 1
134 145 1
145 145 1
149 145 1
111 146 1
117 146 1
118 146 1
119 146 1
120 146 1
132 146 1
133 146 1
134 146 1
135 146 1
147 146 1
148 146 1
149 146 1
111 147 1
117 147 1
118 147 1
119 147 1
131 147 1
133 147 1
134 147 1
135 147 1
136 147 1
147 147 1
148 147 1
151 147 1
110 148 1
111 148 1
116 148 1
117 148 1
118 148 1
119 148 1
133 148 1
134 148 1
135 148 1
136 148 1
151 148 1
152 148 1
110 149 1
116 149 1
117 149 1
118 149 1
132 149 1
134 149 1
135 149 1
136 149 1
151 149 1
110 150 1
115 150 1
116 150 1
117 150 1
118 150 1
120 150 1
132 150 1
134 150 1
135 150 1
136 150 1
151 150 1
152 150 1
110 151 1
114 151 1
115 151 1
116 151 1
117 151 1
120 151 1
124 151 1
128 151 1
129 151 1
132 151 1
133 151 1
135 151 1
136 151 1
139 151 1
140 151 1
141 151 1
147 151 1
151 151 1
109 152 1
110 152 1
115 152 1
116 152 1
117 152 1
128 152 1
129 152 1
133 152 1
138 152 1
139 152 1
140 152 1
141 152 1
114 153 1
115 153 1
116 153 1
117 153 1
136 153 1
138 153 1
139 153 1
140 153 1
141 153 1
114 154 1
115 154 1
116 154 1
117 154 1
136 154 1
138 154 1
139 154 1
140 154 1
141 154 1
83 155 1
115 155 1
116 155 1
117 155 1
118 155 1
119 155 1
122 155 1
136 155 1
138 155 1
139 155 1
140 155 1
141 155 1
77 156 1
78 156 1
80 156 1
81 156 1
82 156 1
83 156 1
117 156 1
118 156 1
119 156 1
120 156 1
122 156 1
123 156 1
127 156 1
128 156 1
130 156 1
136 156 1
138 156 1
139 156 1
140 156 1
76 157 1
77 157 1
79 157 1
80 157 1
81 157 1
82 157 1
117 157 1
118 157 1
119 157 1
120 157 1
122 157 1
123 157 1
124 157 1
126 157 1
127 157 1
128 157 1
130 157 1
134 157 1
136 157 1
137 157 1
138 157 1
139 157 1
140 157 1
76 158 1
78 158 1
79 158 1
80 158 1
81 158 1
82 158 1
118 158 1
119 158 1
120 158 1
123 158 1
124 158 1
126 158 1
127 158 1
128 158 1
130 158 1
132 158 1
136 158 1
137 158 1
138 158 1
139 158 1
78 159 1
79 159 1
80 159 1
81 159 1
82 159 1
118 159 1
119 159 1
120 159 1
121 159 1
130 159 1
135 159 1
136 159 1
137 159 1
138 159 1
139 159 1
77 160 1
78 160 1
79 160 1
80 160 1
119 160 1
120 160 1
121 160 1
128 160 1
129 160 1
135 160 1
136 160 1
137 160 1
138 160 1
77 161 1
78 161 1
79 161 1
120 161 1
121 161 1
122 161 1
292 131 2
293 131 2
294 131 2
292 132 2
293 132 2
294 132 2
295 132 2
260 133 2
261 133 2
262 133 2
263 133 2
287 133 2
293 133 2
294 133 2
295 133 2
296 133 2
259 134 2
260 134 2
261 134 2
262 134 2
265 134 2
266 134 2
267 134 2
281 134 2
282 134 2
283 134 2
285 134 2
286 134 2
287 134 2
260 135 2
261 135 2
263 135 2
264 135 2
265 135 2
281 135 2
282 135 2
283 135 2
285 135 2
286 135 2
287 135 2
297 135 2
298 135 2
260 136 2
262 136 2
263 136 2
264 136 2
281 136 2
282 136 2
283 136 2
286 136 2
287 136 2
288 136 2
297 136 2
298 136 2
299 136 2
259 137 2
260 137 2
261 137 2
262 137 2
263 137 2
282 137 2
283 137 2
284 137 2
286 137 2
287 137 2
288 137 2
289 137 2
297 137 2
298 137 2
299 137 2
259 138 2
260 138 2
261 138 2
281 138 2
282 138 2
283 138 2
284 138 2
287 138 2
288 138 2
289 138 2
297 138 2
298 138 2
299 138 2
300 138 2
258 139 2
259 139 2
260 139 2
261 139 2
282 139 2
283 139 2
284 139 2
287 139 2
288 139 2
289 139 2
299 139 2
300 139 2
238 140 2
239 140 2
241 140 2
257 140 2
258 140 2
259 140 2
299 140 2
300 140 2
236 141 2
237 141 2
238 141 2
239 141 2
240 141 2
254 141 2
257 141 2
258 141 2
259 141 2
280 141 2
281 141 2
284 141 2
285 141 2
298 141 2
299 141 2
300 141 2
236 142 2
237 142 2
238 142 2
266 142 2
267 142 2
270 142 2
281 142 2
297 142 2
298 142 2
236 143 2
237 143 2
238 143 2
284 143 2
285 143 2
291 143 2
297 143 2
298 143 2
236 144 2
237 144 2
238 144 2
242 144 2
245 144 2
246 144 2
247 144 2
250 144 2
251 144 2
283 144 2
284 144 2
285 144 2
286 144 2
290 144 2
291 144 2
292 144 2
293 144 2
236 145 2
242 145 2
243 145 2
244 145 2
245 145 2
246 145 2
250 145 2
251 145 2
252 145 2
253 145 2
282 145 2
283 145 2
284 145 2
285 145 2
286 145 2
291 145 2
292 145 2
293 145 2
294 145 2
235 146 2
236 146 2
237 146 2
240 146 2
241 146 2
242 146 2
243 146 2
244 146 2
245 146 2
251 146 2
252 146 2
253 146 2
254 146 2
255 146 2
281 146 2
282 146 2
283 146 2
284 146 2
292 146 2
293 146 2
294 146 2
295 146 2
241 147 2
242 147 2
243 147 2
252 147 2
253 147 2
254 147 2
255 147 2
280 147 2
281 147 2
282 147 2
283 147 2
293 147 2
294 147 2
295 147 2
235 148 2
236 148 2
238 148 2
241 148 2
242 148 2
250 148 2
251 148 2
253 148 2
254 148 2
255 148 2
279 148 2
280 148 2
281 148 2
282 148 2
285 148 2
286 148 2
290 148 2
291 148 2
294 148 2
300 148 2
301 148 2
302 148 2
234 149 2
235 149 2
236 149 2
241 149 2
242 149 2
245 149 2
246 149 2
250 149 2
251 149 2
254 149 2
255 149 2
281 149 2
282 149 2
284 149 2
285 149 2
286 149 2
289 149 2
290 149 2
291 149 2
298 149 2
299 149 2
300 149 2
301 149 2
302 149 2
234 150 2
235 150 2
236 150 2
237 150 2
241 150 2
244 150 2
245 150 2
246 150 2
250 150 2
251 150 2
252 150 2
281 150 2
284 150 2
285 150 2
286 150 2
287 150 2
290 150 2
291 150 2
298 150 2
299 150 2
300 150 2
301 150 2
235 151 2
236 151 2
237 151 2
238 151 2
239 151 2
240 151 2
241 151 2
244 151 2
245 151 2
246 151 2
250 151 2
251 151 2
252 151 2
284 151 2
285 151 2
291 151 2
296 151 2
298 151 2
299 151 2
300 151 2
237 152 2
238 152 2
239 152 2
240 152 2
241 152 2
244 152 2
245 152 2
246 152 2
250 152 2
251 152 2
277 152 2
281 152 2
284 152 2
285 152 2
291 152 2
293 152 2
239 153 2
240 153 2
241 153 2
244 153 2
245 153 2
246 153 2
250 153 2
251 153 2
278 153 2
279 153 2
284 153 2
285 153 2
286 153 2
290 153 2
291 153 2
293 153 2
240 154 2
241 154 2
242 154 2
245 154 2
246 154 2
247 154 2
250 154 2
278 154 2
279 154 2
280 154 2
285 154 2
286 154 2
287 154 2
292 154 2
293 154 2
241 155 2
242 155 2
280 155 2
