37 124 0
38 124 0
39 124 0
40 124 0
41 124 0
38 125 0
39 125 0
40 125 0
41 125 0
42 125 0
43 125 0
2 126 0
3 126 0
4 126 0
23 126 0
24 126 0
39 126 0
40 126 0
41 126 0
42 126 0
43 126 0
44 126 0
45 126 0
2 127 0
3 127 0
4 127 0
5 127 0
9 127 0
23 127 0
27 127 0
28 127 0
31 127 0
42 127 0
43 127 0
44 127 0
45 127 0
46 127 0
47 127 0
57 127 0
3 128 0
4 128 0
5 128 0
6 128 0
7 128 0
27 128 0
28 128 0
29 128 0
44 128 0
45 128 0
46 128 0
47 128 0
48 128 0
49 128 0
50 128 0
55 128 0
59 128 0
5 129 0
6 129 0
7 129 0
8 129 0
27 129 0
28 129 0
30 129 0
33 129 0
34 129 0
42 129 0
46 129 0
47 129 0
48 129 0
49 129 0
50 129 0
51 129 0
52 129 0
55 129 0
56 129 0
57 129 0
61 129 0
63 129 0
6 130 0
7 130 0
8 130 0
30 130 0
34 130 0
35 130 0
42 130 0
43 130 0
48 130 0
49 130 0
50 130 0
51 130 0
52 130 0
53 130 0
55 130 0
3 131 0
7 131 0
8 131 0
9 131 0
10 131 0
11 131 0
29 131 0
30 131 0
31 131 0
32 131 0
33 131 0
36 131 0
37 131 0
50 131 0
51 131 0
52 131 0
53 131 0
54 131 0
55 131 0
56 131 0
57 131 0
60 131 0
9 132 0
10 132 0
11 132 0
12 132 0
31 132 0
32 132 0
33 132 0
34 132 0
38 132 0
51 132 0
52 132 0
53 132 0
54 132 0
58 132 0
4 133 0
6 133 0
10 133 0
11 133 0
12 133 0
13 133 0
21 133 0
22 133 0
24 133 0
25 133 0
33 133 0
35 133 0
49 133 0
52 133 0
53 133 0
54 133 0
55 133 0
6 134 0
11 134 0
12 134 0
13 134 0
14 134 0
32 134 0
33 134 0
34 134 0
35 134 0
49 134 0
51 134 0
54 134 0
55 134 0
56 134 0
57 134 0
11 135 0
12 135 0
13 135 0
14 135 0
15 135 0
24 135 0
34 135 0
35 135 0
46 135 0
47 135 0
48 135 0
49 135 0
50 135 0
51 135 0
55 135 0
56 135 0
57 135 0
59 135 0
64 135 0
68 135 0
69 135 0
71 135 0
12 136 0
13 136 0
14 136 0
15 136 0
16 136 0
17 136 0
34 136 0
35 136 0
36 136 0
37 136 0
38 136 0
45 136 0
46 136 0
47 136 0
48 136 0
59 136 0
60 136 0
71 136 0
14 137 0
15 137 0
16 137 0
17 137 0
18 137 0
30 137 0
34 137 0
35 137 0
36 137 0
37 137 0
38 137 0
45 137 0
46 137 0
61 137 0
15 138 0
16 138 0
17 138 0
18 138 0
30 138 0
31 138 0
34 138 0
35 138 0
36 138 0
37 138 0
38 138 0
46 138 0
70 138 0
75 138 0
76 138 0
16 139 0
17 139 0
18 139 0
29 139 0
30 139 0
31 139 0
34 139 0
35 139 0
36 139 0
37 139 0
70 139 0
14 140 0
15 140 0
28 140 0
29 140 0
30 140 0
31 140 0
34 140 0
35 140 0
36 140 0
74 140 0
84 140 0
25 141 0
26 141 0
28 141 0
29 141 0
34 141 0
35 141 0
36 141 0
43 141 0
73 141 0
74 141 0
75 141 0
76 141 0
77 141 0
84 141 0
85 141 0
86 141 0
18 142 0
20 142 0
22 142 0
23 142 0
24 142 0
25 142 0
26 142 0
27 142 0
28 142 0
29 142 0
30 142 0
31 142 0
44 142 0
73 142 0
75 142 0
76 142 0
77 142 0
80 142 0
84 142 0
85 142 0
86 142 0
27 143 0
29 143 0
30 143 0
31 143 0
32 143 0
33 143 0
34 143 0
35 143 0
55 143 0
57 143 0
58 143 0
59 143 0
60 143 0
61 143 0
62 143 0
64 143 0
74 143 0
75 143 0
76 143 0
77 143 0
79 143 0
80 143 0
84 143 0
85 143 0
86 143 0
11 144 0
12 144 0
14 144 0
15 144 0
32 144 0
33 144 0
34 144 0
35 144 0
36 144 0
37 144 0
38 144 0
39 144 0
57 144 0
61 144 0
62 144 0
63 144 0
64 144 0
68 144 0
69 144 0
73 144 0
74 144 0
75 144 0
76 144 0
79 144 0
80 144 0
85 144 0
86 144 0
87 144 0
34 145 0
35 145 0
36 145 0
37 145 0
38 145 0
39 145 0
40 145 0
61 145 0
62 145 0
63 145 0
64 145 0
72 145 0
73 145 0
74 145 0
75 145 0
76 145 0
85 145 0
86 145 0
33 146 0
34 146 0
35 146 0
36 146 0
37 146 0
38 146 0
39 146 0
40 146 0
41 146 0
54 146 0
60 146 0
61 146 0
62 146 0
63 146 0
64 146 0
72 146 0
73 146 0
74 146 0
75 146 0
76 146 0
79 146 0
80 146 0
84 146 0
85 146 0
86 146 0
3 147 0
4 147 0
34 147 0
35 147 0
36 147 0
37 147 0
38 147 0
39 147 0
40 147 0
41 147 0
42 147 0
51 147 0
52 147 0
54 147 0
55 147 0
56 147 0
57 147 0
59 147 0
60 147 0
61 147 0
62 147 0
68 147 0
69 147 0
70 147 0
72 147 0
73 147 0
74 147 0
75 147 0
76 147 0
79 147 0
80 147 0
84 147 0
85 147 0
34 148 0
35 148 0
36 148 0
37 148 0
38 148 0
39 148 0
40 148 0
41 148 0
42 148 0
43 148 0
55 148 0
56 148 0
57 148 0
58 148 0
59 148 0
60 148 0
61 148 0
62 148 0
68 148 0
69 148 0
71 148 0
72 148 0
73 148 0
74 148 0
75 148 0
77 148 0
78 148 0
79 148 0
80 148 0
85 148 0
11 149 0
34 149 0
35 149 0
36 149 0
37 149 0
38 149 0
39 149 0
40 149 0
41 149 0
42 149 0
56 149 0
57 149 0
58 149 0
59 149 0
60 149 0
61 149 0
77 149 0
78 149 0
3 150 0
4 150 0
5 150 0
6 150 0
10 150 0
12 150 0
13 150 0
14 150 0
15 150 0
24 150 0
25 150 0
28 150 0
29 150 0
39 150 0
40 150 0
41 150 0
42 150 0
58 150 0
59 150 0
60 150 0
61 150 0
64 150 0
65 150 0
66 150 0
70 150 0
71 150 0
72 150 0
2 151 0
3 151 0
4 151 0
5 151 0
6 151 0
18 151 0
29 151 0
41 151 0
58 151 0
59 151 0
60 151 0
61 151 0
62 151 0
65 151 0
66 151 0
67 151 0
68 151 0
69 151 0
73 151 0
74 151 0
82 151 0
83 151 0
87 151 0
88 151 0
2 152 0
3 152 0
4 152 0
5 152 0
6 152 0
9 152 0
10 152 0
11 152 0
14 152 0
15 152 0
16 152 0
17 152 0
23 152 0
58 152 0
59 152 0
60 152 0
61 152 0
62 152 0
63 152 0
74 152 0
76 152 0
77 152 0
78 152 0
79 152 0
80 152 0
81 152 0
82 152 0
86 152 0
87 152 0
2 153 0
3 153 0
4 153 0
5 153 0
6 153 0
9 153 0
10 153 0
11 153 0
12 153 0
14 153 0
15 153 0
16 153 0
17 153 0
18 153 0
34 153 0
60 153 0
61 153 0
62 153 0
63 153 0
64 153 0
76 153 0
77 153 0
87 153 0
1 154 0
2 154 0
3 154 0
4 154 0
5 154 0
6 154 0
8 154 0
9 154 0
10 154 0
11 154 0
12 154 0
13 154 0
14 154 0
15 154 0
16 154 0
17 154 0
18 154 0
27 154 0
28 154 0
29 154 0
33 154 0
34 154 0
35 154 0
61 154 0
62 154 0
63 154 0
64 154 0
65 154 0
75 154 0
76 154 0
78 154 0
79 154 0
1 155 0
2 155 0
3 155 0
4 155 0
5 155 0
6 155 0
9 155 0
10 155 0
11 155 0
12 155 0
13 155 0
14 155 0
15 155 0
16 155 0
17 155 0
18 155 0
28 155 0
29 155 0
33 155 0
34 155 0
35 155 0
62 155 0
63 155 0
64 155 0
65 155 0
66 155 0
80 155 0
81 155 0
1 156 0
2 156 0
3 156 0
4 156 0
5 156 0
6 156 0
10 156 0
11 156 0
12 156 0
14 156 0
15 156 0
16 156 0
17 156 0
28 156 0
29 156 0
33 156 0
34 156 0
43 156 0
62 156 0
63 156 0
64 156 0
65 156 0
66 156 0
82 156 0
2 157 0
3 157 0
4 157 0
5 157 0
6 157 0
10 157 0
11 157 0
14 157 0
15 157 0
16 157 0
17 157 0
18 157 0
19 157 0
62 157 0
63 157 0
64 157 0
65 157 0
75 157 0
81 157 0
82 157 0
83 157 0
84 157 0
85 157 0
1 158 0
2 158 0
3 158 0
4 158 0
5 158 0
7 158 0
9 158 0
10 158 0
11 158 0
12 158 0
13 158 0
14 158 0
16 158 0
17 158 0
18 158 0
19 158 0
20 158 0
21 158 0
22 158 0
23 158 0
45 158 0
46 158 0
52 158 0
53 158 0
54 158 0
55 158 0
62 158 0
63 158 0
64 158 0
75 158 0
79 158 0
80 158 0
81 158 0
82 158 0
83 158 0
84 158 0
85 158 0
2 159 0
3 159 0
4 159 0
7 159 0
8 159 0
9 159 0
10 159 0
11 159 0
12 159 0
13 159 0
14 159 0
15 159 0
16 159 0
17 159 0
18 159 0
19 159 0
20 159 0
21 159 0
22 159 0
23 159 0
34 159 0
38 159 0
39 159 0
42 159 0
43 159 0
46 159 0
47 159 0
48 159 0
49 159 0
52 159 0
53 159 0
54 159 0
55 159 0
56 159 0
62 159 0
63 159 0
64 159 0
79 159 0
80 159 0
81 159 0
82 159 0
83 159 0
3 160 0
4 160 0
5 160 0
6 160 0
7 160 0
8 160 0
9 160 0
10 160 0
11 160 0
12 160 0
13 160 0
14 160 0
15 160 0
16 160 0
17 160 0
18 160 0
19 160 0
20 160 0
21 160 0
22 160 0
23 160 0
38 160 0
39 160 0
42 160 0
45 160 0
46 160 0
47 160 0
48 160 0
49 160 0
53 160 0
54 160 0
55 160 0
56 160 0
57 160 0
78 160 0
79 160 0
80 160 0
81 160 0
82 160 0
3 161 0
4 161 0
5 161 0
8 161 0
9 161 0
10 161 0
11 161 0
13 161 0
14 161 0
15 161 0
16 161 0
17 161 0
18 161 0
19 161 0
45 161 0
46 161 0
49 161 0
52 161 0
53 161 0
54 161 0
55 161 0
56 161 0
57 161 0
76 161 0
77 161 0
78 161 0
79 161 0
80 161 0
81 161 0
4 162 0
5 162 0
33 162 0
44 162 0
45 162 0
49 162 0
56 162 0
57 162 0
58 162 0
75 162 0
76 162 0
77 162 0
78 162 0
44 163 0
45 163 0
46 163 0
49 163 0
50 163 0
55 163 0
56 163 0
57 163 0
58 163 0
74 163 0
75 163 0
76 163 0
77 163 0
78 163 0
44 164 0
45 164 0
46 164 0
50 164 0
51 164 0
54 164 0
55 164 0
56 164 0
57 164 0
58 164 0
73 164 0
74 164 0
75 164 0
76 164 0
77 164 0
78 164 0
31 165 0
32 165 0
33 165 0
36 165 0
37 165 0
38 165 0
44 165 0
45 165 0
46 165 0
47 165 0
50 165 0
51 165 0
52 165 0
54 165 0
55 165 0
56 165 0
72 165 0
73 165 0
74 165 0
75 165 0
76 165 0
77 165 0
30 166 0
31 166 0
32 166 0
33 166 0
35 166 0
36 166 0
37 166 0
38 166 0
39 166 0
45 166 0
46 166 0
47 166 0
52 166 0
53 166 0
54 166 0
55 166 0
56 166 0
60 166 0
61 166 0
63 166 0
64 166 0
71 166 0
72 166 0
73 166 0
74 166 0
75 166 0
76 166 0
77 166 0
31 167 0
32 167 0
33 167 0
35 167 0
36 167 0
37 167 0
38 167 0
39 167 0
45 167 0
46 167 0
47 167 0
48 167 0
52 167 0
53 167 0
54 167 0
55 167 0
71 167 0
72 167 0
73 167 0
74 167 0
75 167 0
76 167 0
79 167 0
80 167 0
30 168 0
31 168 0
32 168 0
33 168 0
35 168 0
36 168 0
37 168 0
38 168 0
39 168 0
46 168 0
47 168 0
48 168 0
52 168 0
53 168 0
54 168 0
73 168 0
74 168 0
78 168 0
79 168 0
83 168 0
84 168 0
30 169 0
31 169 0
32 169 0
35 169 0
36 169 0
37 169 0
38 169 0
67 169 0
68 169 0
74 169 0
75 169 0
78 169 0
79 169 0
80 169 0
83 169 0
31 170 0
32 170 0
67 170 0
74 170 0
37 171 0
31 172 0
32 172 0
33 172 0
34 172 0
35 172 0
29 173 0
30 173 0
31 173 0
32 173 0
33 173 0
34 173 0
35 173 0
27 174 0
29 174 0
30 174 0
31 174 0
32 174 0
33 174 0
27 175 0
28 175 0
29 175 0
30 175 0
31 175 0
32 175 0
25 176 0
26 176 0
27 176 0
28 176 0
29 176 0
24 177 0
25 177 0
26 177 0
27 177 0
28 177 0
29 177 0
25 178 0
26 178 0
27 178 0
31 178 0
37 178 0
44 178 0
24 179 0
26 179 0
30 179 0
37 179 0
38 179 0
39 179 0
30 180 0
35 180 0
36 180 0
41 180 0
28 181 0
33 181 0
41 181 0
22 182 0
23 182 0
28 182 0
29 182 0
33 182 0
47 182 0
22 183 0
30 183 0
26 184 0
33 184 0
34 184 0
23 185 0
93 126 1
94 126 1
95 126 1
87 127 1
93 127 1
94 127 1
95 127 1
96 127 1
97 127 1
98 127 1
99 127 1
86 128 1
87 128 1
88 128 1
92 128 1
93 128 1
94 128 1
95 128 1
98 128 1
99 128 1
100 128 1
101 128 1
86 129 1
87 129 1
88 129 1
89 129 1
92 129 1
93 129 1
94 129 1
95 129 1
100 129 1
101 129 1
86 130 1
87 130 1
88 130 1
89 130 1
90 130 1
92 130 1
93 130 1
94 130 1
95 130 1
102 130 1
86 131 1
87 131 1
88 131 1
89 131 1
92 131 1
93 131 1
94 131 1
95 131 1
102 131 1
87 132 1
88 132 1
89 132 1
90 132 1
92 132 1
93 132 1
94 132 1
95 132 1
102 132 1
87 133 1
88 133 1
89 133 1
90 133 1
91 133 1
92 133 1
93 133 1
94 133 1
95 133 1
102 133 1
248 133 1
249 133 1
250 133 1
251 133 1
252 133 1
282 133 1
87 134 1
88 134 1
89 134 1
90 134 1
93 134 1
94 134 1
95 134 1
247 134 1
248 134 1
249 134 1
250 134 1
251 134 1
259 134 1
269 134 1
270 134 1
271 134 1
273 134 1
274 134 1
275 134 1
284 134 1
285 134 1
86 135 1
87 135 1
88 135 1
89 135 1
90 135 1
93 135 1
94 135 1
95 135 1
102 135 1
126 135 1
128 135 1
129 135 1
130 135 1
131 135 1
132 135 1
246 135 1
247 135 1
248 135 1
249 135 1
250 135 1
251 135 1
252 135 1
253 135 1
269 135 1
270 135 1
271 135 1
272 135 1
273 135 1
274 135 1
275 135 1
276 135 1
284 135 1
285 135 1
286 135 1
93 136 1
94 136 1
95 136 1
125 136 1
126 136 1
127 136 1
128 136 1
129 136 1
130 136 1
131 136 1
132 136 1
133 136 1
245 136 1
246 136 1
247 136 1
248 136 1
249 136 1
250 136 1
251 136 1
252 136 1
269 136 1
270 136 1
271 136 1
272 136 1
274 136 1
275 136 1
276 136 1
285 136 1
286 136 1
287 136 1
125 137 1
126 137 1
127 137 1
128 137 1
129 137 1
130 137 1
132 137 1
133 137 1
243 137 1
244 137 1
245 137 1
246 137 1
247 137 1
248 137 1
249 137 1
250 137 1
251 137 1
270 137 1
271 137 1
272 137 1
274 137 1
275 137 1
276 137 1
285 137 1
286 137 1
287 137 1
288 137 1
124 138 1
125 138 1
126 138 1
127 138 1
128 138 1
131 138 1
132 138 1
133 138 1
134 138 1
242 138 1
243 138 1
246 138 1
247 138 1
248 138 1
249 138 1
250 138 1
269 138 1
270 138 1
271 138 1
272 138 1
275 138 1
276 138 1
277 138 1
285 138 1
286 138 1
287 138 1
288 138 1
123 139 1
124 139 1
125 139 1
126 139 1
127 139 1
128 139 1
131 139 1
132 139 1
133 139 1
245 139 1
246 139 1
247 139 1
248 139 1
249 139 1
269 139 1
270 139 1
271 139 1
272 139 1
275 139 1
276 139 1
277 139 1
286 139 1
287 139 1
288 139 1
123 140 1
124 140 1
125 140 1
126 140 1
127 140 1
128 140 1
129 140 1
131 140 1
132 140 1
133 140 1
227 140 1
228 140 1
229 140 1
230 140 1
231 140 1
232 140 1
233 140 1
235 140 1
236 140 1
245 140 1
246 140 1
247 140 1
248 140 1
270 140 1
271 140 1
123 141 1
124 141 1
125 141 1
126 141 1
127 141 1
128 141 1
129 141 1
130 141 1
131 141 1
132 141 1
133 141 1
225 141 1
226 141 1
227 141 1
228 141 1
229 141 1
231 141 1
245 141 1
246 141 1
247 141 1
269 141 1
270 141 1
272 141 1
273 141 1
289 141 1
104 142 1
124 142 1
126 142 1
127 142 1
128 142 1
131 142 1
132 142 1
133 142 1
134 142 1
225 142 1
226 142 1
227 142 1
255 142 1
286 142 1
100 143 1
101 143 1
102 143 1
103 143 1
104 143 1
110 143 1
111 143 1
112 143 1
114 143 1
132 143 1
133 143 1
225 143 1
226 143 1
227 143 1
255 143 1
273 143 1
275 143 1
279 143 1
285 143 1
286 143 1
99 144 1
100 144 1
101 144 1
102 144 1
103 144 1
104 144 1
110 144 1
111 144 1
112 144 1
113 144 1
114 144 1
132 144 1
225 144 1
226 144 1
230 144 1
234 144 1
239 144 1
271 144 1
272 144 1
273 144 1
274 144 1
278 144 1
279 144 1
280 144 1
281 144 1
286 144 1
98 145 1
99 145 1
100 145 1
101 145 1
102 145 1
111 145 1
112 145 1
113 145 1
114 145 1
115 145 1
225 145 1
226 145 1
231 145 1
232 145 1
233 145 1
234 145 1
235 145 1
238 145 1
239 145 1
240 145 1
241 145 1
242 145 1
270 145 1
271 145 1
272 145 1
273 145 1
279 145 1
280 145 1
281 145 1
282 145 1
98 146 1
99 146 1
100 146 1
101 146 1
112 146 1
113 146 1
114 146 1
115 146 1
116 146 1
128 146 1
130 146 1
133 146 1
224 146 1
225 146 1
226 146 1
229 146 1
230 146 1
231 146 1
232 146 1
233 146 1
239 146 1
240 146 1
241 146 1
242 146 1
269 146 1
270 146 1
271 146 1
272 146 1
280 146 1
281 146 1
282 146 1
283 146 1
98 147 1
99 147 1
100 147 1
113 147 1
114 147 1
115 147 1
116 147 1
129 147 1
130 147 1
132 147 1
133 147 1
134 147 1
225 147 1
226 147 1
229 147 1
230 147 1
231 147 1
232 147 1
241 147 1
242 147 1
243 147 1
268 147 1
269 147 1
270 147 1
271 147 1
281 147 1
282 147 1
283 147 1
97 148 1
98 148 1
99 148 1
114 148 1
115 148 1
116 148 1
117 148 1
130 148 1
133 148 1
134 148 1
224 148 1
226 148 1
227 148 1
229 148 1
230 148 1
231 148 1
241 148 1
242 148 1
243 148 1
268 148 1
269 148 1
270 148 1
274 148 1
278 148 1
282 148 1
283 148 1
288 148 1
289 148 1
290 148 1
97 149 1
98 149 1
99 149 1
114 149 1
115 149 1
116 149 1
117 149 1
133 149 1
134 149 1
223 149 1
224 149 1
229 149 1
230 149 1
233 149 1
234 149 1
235 149 1
239 149 1
240 149 1
242 149 1
243 149 1
269 149 1
270 149 1
273 149 1
274 149 1
275 149 1
278 149 1
279 149 1
286 149 1
287 149 1
288 149 1
289 149 1
290 149 1
97 150 1
98 150 1
99 150 1
115 150 1
116 150 1
117 150 1
133 150 1
134 150 1
223 150 1
224 150 1
225 150 1
226 150 1
229 150 1
233 150 1
235 150 1
238 150 1
239 150 1
240 150 1
272 150 1
273 150 1
274 150 1
275 150 1
278 150 1
279 150 1
286 150 1
287 150 1
288 150 1
289 150 1
97 151 1
98 151 1
99 151 1
100 151 1
116 151 1
117 151 1
121 151 1
122 151 1
132 151 1
133 151 1
134 151 1
135 151 1
224 151 1
225 151 1
226 151 1
227 151 1
229 151 1
232 151 1
233 151 1
234 151 1
235 151 1
238 151 1
239 151 1
240 151 1
272 151 1
273 151 1
274 151 1
279 151 1
281 151 1
282 151 1
286 151 1
287 151 1
288 151 1
289 151 1
97 152 1
98 152 1
113 152 1
114 152 1
117 152 1
121 152 1
122 152 1
123 152 1
226 152 1
227 152 1
228 152 1
229 152 1
230 152 1
232 152 1
233 152 1
234 152 1
239 152 1
240 152 1
272 152 1
273 152 1
274 152 1
279 152 1
280 152 1
281 152 1
282 152 1
96 153 1
97 153 1
114 153 1
117 153 1
119 153 1
121 153 1
122 153 1
123 153 1
124 153 1
228 153 1
229 153 1
230 153 1
233 153 1
234 153 1
238 153 1
239 153 1
267 153 1
268 153 1
272 153 1
273 153 1
274 153 1
275 153 1
278 153 1
279 153 1
95 154 1
96 154 1
97 154 1
98 154 1
100 154 1
114 154 1
117 154 1
119 154 1
121 154 1
122 154 1
123 154 1
229 154 1
230 154 1
231 154 1
234 154 1
235 154 1
237 154 1
238 154 1
268 154 1
269 154 1
273 154 1
274 154 1
275 154 1
278 154 1
280 154 1
97 155 1
98 155 1
99 155 1
100 155 1
121 155 1
122 155 1
123 155 1
124 155 1
227 155 1
230 155 1
231 155 1
98 156 1
99 156 1
100 156 1
103 156 1
104 156 1
106 156 1
108 156 1
118 156 1
120 156 1
121 156 1
122 156 1
123 156 1
231 156 1
98 157 1
99 157 1
100 157 1
103 157 1
104 157 1
108 157 1
109 157 1
111 157 1
114 157 1
117 157 1
118 157 1
119 157 1
120 157 1
121 157 1
122 157 1
98 158 1
99 158 1
100 158 1
101 158 1
104 158 1
105 158 1
108 158 1
109 158 1
111 158 1
119 158 1
120 158 1
121 158 1
122 158 1
99 159 1
100 159 1
101 159 1
112 159 1
117 159 1
118 159 1
119 159 1
120 159 1
121 159 1
99 160 1
100 160 1
101 160 1
102 160 1
117 160 1
118 160 1
119 160 1
101 161 1
118 161 1
10 121 2
14 121 2
2 122 2
6 122 2
10 122 2
12 122 2
13 122 2
12 123 2
17 126 2
18 126 2
3 127 2
13 134 2
6 135 2
22 135 2
8 136 2
13 136 2
7 137 2
11 137 2
15 137 2
16 137 2
10 138 2
11 138 2
18 138 2
2 139 2
7 139 2
26 139 2
4 140 2
17 140 2
4 141 2
14 141 2
17 141 2
21 141 2
24 141 2
8 142 2
14 142 2
17 142 2
26 142 2
6 143 2
14 143 2
13 144 2
4 159 2
6 159 2
7 159 2
13 159 2
14 159 2
21 159 2
25 159 2
4 160 2
6 160 2
11 160 2
13 160 2
14 160 2
15 160 2
21 160 2
24 160 2
25 160 2
27 160 2
31 160 2
32 160 2
1 161 2
2 161 2
6 161 2
9 161 2
10 161 2
11 161 2
13 161 2
15 161 2
17 161 2
18 161 2
19 161 2
21 161 2
24 161 2
26 161 2
27 161 2
32 161 2
5 162 2
8 162 2
9 162 2
11 162 2
13 162 2
14 162 2
15 162 2
18 162 2
20 162 2
21 162 2
24 162 2
27 162 2
30 162 2
2 163 2
3 163 2
20 163 2
23 163 2
26 163 2
14 164 2
12 167 2
21 167 2
9 168 2
14 168 2
16 168 2
6 169 2
8 169 2
13 169 2
14 169 2
15 169 2
19 169 2
23 169 2
28 169 2
6 170 2
9 170 2
12 170 2
17 170 2
18 170 2
19 170 2
22 170 2
23 170 2
26 170 2
27 170 2
3 171 2
6 171 2
8 171 2
9 171 2
12 171 2
16 171 2
19 171 2
22 171 2
25 171 2
28 171 2
3 172 2
4 172 2
8 172 2
9 172 2
12 172 2
15 172 2
19 172 2
20 172 2
23 172 2
28 172 2
8 173 2
11 173 2
12 173 2
20 173 2
21 173 2
23 173 2
24 173 2
27 173 2
34 173 2
47 173 2
5 174 2
15 174 2
18 174 2
22 174 2
23 174 2
7 175 2
17 175 2
22 175 2
2 176 2
7 176 2
14 176 2
17 176 2
20 176 2
22 176 2
25 176 2
28 176 2
5 177 2
6 177 2
12 177 2
14 177 2
20 177 2
28 177 2
8 178 2
15 178 2
17 178 2
22 178 2
25 178 2
29 178 2
33 178 2
15 179 2
19 179 2
27 179 2
2 180 2
6 180 2
21 180 2
22 180 2
26 180 2
27 180 2
34 180 2
43 180 2
2 181 2
3 181 2
10 181 2
14 181 2
17 181 2
19 181 2
21 181 2
23 181 2
27 181 2
30 181 2
31 181 2
34 181 2
3 182 2
9 182 2
12 182 2
13 182 2
16 182 2
19 182 2
23 182 2
28 182 2
31 182 2
33 182 2
15 183 2
26 183 2
33 183 2
37 183 2
