4 119 0
5 119 0
9 119 0
2 120 0
4 120 0
5 120 0
7 120 0
9 120 0
11 120 0
12 120 0
13 120 0
14 120 0
15 120 0
16 120 0
17 120 0
13 121 0
14 121 0
15 121 0
16 121 0
17 121 0
18 121 0
19 121 0
20 121 0
21 121 0
22 121 0
23 121 0
20 122 0
21 122 0
22 122 0
23 122 0
24 122 0
25 122 0
26 122 0
25 123 0
26 123 0
27 123 0
28 123 0
1 124 0
2 124 0
23 124 0
27 124 0
28 124 0
29 124 0
1 125 0
2 125 0
3 125 0
24 125 0
29 125 0
30 125 0
31 125 0
50 125 0
51 125 0
52 125 0
66 125 0
67 125 0
2 126 0
3 126 0
4 126 0
7 126 0
25 126 0
29 126 0
30 126 0
31 126 0
32 126 0
33 126 0
39 126 0
51 126 0
55 126 0
57 126 0
68 126 0
69 126 0
70 126 0
1 127 0
2 127 0
3 127 0
4 127 0
5 127 0
26 127 0
30 127 0
31 127 0
32 127 0
33 127 0
34 127 0
37 127 0
38 127 0
39 127 0
56 127 0
57 127 0
58 127 0
59 127 0
60 127 0
61 127 0
69 127 0
70 127 0
71 127 0
1 128 0
2 128 0
3 128 0
4 128 0
5 128 0
6 128 0
9 128 0
26 128 0
27 128 0
32 128 0
33 128 0
34 128 0
35 128 0
38 128 0
58 128 0
59 128 0
60 128 0
61 128 0
71 128 0
72 128 0
73 128 0
1 129 0
2 129 0
3 129 0
4 129 0
5 129 0
6 129 0
7 129 0
11 129 0
29 129 0
33 129 0
34 129 0
35 129 0
36 129 0
37 129 0
56 129 0
57 129 0
58 129 0
59 129 0
60 129 0
61 129 0
68 129 0
69 129 0
72 129 0
73 129 0
74 129 0
75 129 0
76 129 0
2 130 0
3 130 0
4 130 0
5 130 0
6 130 0
7 130 0
11 130 0
12 130 0
29 130 0
30 130 0
34 130 0
35 130 0
36 130 0
37 130 0
59 130 0
60 130 0
61 130 0
62 130 0
63 130 0
64 130 0
68 130 0
71 130 0
74 130 0
75 130 0
76 130 0
77 130 0
78 130 0
2 131 0
3 131 0
4 131 0
5 131 0
7 131 0
8 131 0
13 131 0
30 131 0
31 131 0
35 131 0
36 131 0
37 131 0
38 131 0
39 131 0
59 131 0
60 131 0
61 131 0
62 131 0
63 131 0
65 131 0
67 131 0
72 131 0
76 131 0
77 131 0
78 131 0
79 131 0
80 131 0
2 132 0
3 132 0
4 132 0
5 132 0
6 132 0
7 132 0
8 132 0
9 132 0
14 132 0
33 132 0
37 132 0
38 132 0
39 132 0
40 132 0
60 132 0
61 132 0
62 132 0
63 132 0
65 132 0
68 132 0
77 132 0
78 132 0
79 132 0
80 132 0
81 132 0
2 133 0
3 133 0
4 133 0
5 133 0
6 133 0
7 133 0
8 133 0
9 133 0
10 133 0
13 133 0
14 133 0
28 133 0
33 133 0
34 133 0
38 133 0
39 133 0
40 133 0
41 133 0
51 133 0
54 133 0
55 133 0
61 133 0
62 133 0
63 133 0
64 133 0
66 133 0
70 133 0
73 133 0
79 133 0
80 133 0
81 133 0
82 133 0
83 133 0
2 134 0
3 134 0
4 134 0
5 134 0
6 134 0
7 134 0
9 134 0
10 134 0
11 134 0
14 134 0
15 134 0
39 134 0
40 134 0
41 134 0
42 134 0
52 134 0
62 134 0
63 134 0
65 134 0
66 134 0
76 134 0
77 134 0
78 134 0
80 134 0
81 134 0
82 134 0
83 134 0
84 134 0
92 134 0
3 135 0
5 135 0
6 135 0
7 135 0
8 135 0
9 135 0
10 135 0
11 135 0
12 135 0
26 135 0
40 135 0
41 135 0
42 135 0
43 135 0
44 135 0
61 135 0
62 135 0
63 135 0
64 135 0
65 135 0
66 135 0
74 135 0
75 135 0
76 135 0
77 135 0
82 135 0
96 135 0
97 135 0
98 135 0
99 135 0
100 135 0
101 135 0
102 135 0
2 136 0
6 136 0
7 136 0
8 136 0
9 136 0
10 136 0
11 136 0
12 136 0
13 136 0
27 136 0
28 136 0
41 136 0
42 136 0
43 136 0
44 136 0
45 136 0
50 136 0
63 136 0
64 136 0
65 136 0
66 136 0
67 136 0
68 136 0
69 136 0
74 136 0
75 136 0
76 136 0
77 136 0
95 136 0
96 136 0
103 136 0
104 136 0
2 137 0
7 137 0
8 137 0
9 137 0
10 137 0
11 137 0
12 137 0
13 137 0
14 137 0
30 137 0
42 137 0
43 137 0
44 137 0
45 137 0
50 137 0
51 137 0
57 137 0
58 137 0
59 137 0
60 137 0
63 137 0
64 137 0
65 137 0
66 137 0
67 137 0
74 137 0
75 137 0
95 137 0
96 137 0
104 137 0
105 137 0
106 137 0
107 137 0
108 137 0
2 138 0
8 138 0
9 138 0
10 138 0
11 138 0
12 138 0
13 138 0
14 138 0
30 138 0
31 138 0
44 138 0
58 138 0
59 138 0
60 138 0
63 138 0
64 138 0
65 138 0
66 138 0
107 138 0
108 138 0
109 138 0
8 139 0
9 139 0
10 139 0
11 139 0
12 139 0
13 139 0
14 139 0
15 139 0
30 139 0
31 139 0
58 139 0
59 139 0
60 139 0
62 139 0
63 139 0
64 139 0
65 139 0
71 139 0
106 139 0
107 139 0
108 139 0
109 139 0
110 139 0
6 140 0
7 140 0
8 140 0
9 140 0
10 140 0
11 140 0
12 140 0
14 140 0
15 140 0
16 140 0
17 140 0
30 140 0
31 140 0
50 140 0
57 140 0
58 140 0
62 140 0
63 140 0
64 140 0
65 140 0
71 140 0
72 140 0
101 140 0
104 140 0
105 140 0
106 140 0
108 140 0
109 140 0
110 140 0
7 141 0
8 141 0
9 141 0
10 141 0
11 141 0
12 141 0
13 141 0
15 141 0
16 141 0
17 141 0
21 141 0
25 141 0
26 141 0
27 141 0
29 141 0
47 141 0
48 141 0
50 141 0
51 141 0
52 141 0
53 141 0
54 141 0
55 141 0
56 141 0
57 141 0
58 141 0
59 141 0
62 141 0
63 141 0
64 141 0
72 141 0
103 141 0
104 141 0
105 141 0
106 141 0
108 141 0
109 141 0
110 141 0
11 142 0
12 142 0
13 142 0
20 142 0
25 142 0
26 142 0
27 142 0
47 142 0
51 142 0
52 142 0
53 142 0
54 142 0
55 142 0
56 142 0
57 142 0
58 142 0
59 142 0
60 142 0
61 142 0
62 142 0
63 142 0
64 142 0
87 142 0
88 142 0
91 142 0
92 142 0
99 142 0
103 142 0
104 142 0
105 142 0
107 142 0
108 142 0
109 142 0
110 142 0
12 143 0
15 143 0
18 143 0
19 143 0
23 143 0
45 143 0
46 143 0
47 143 0
56 143 0
57 143 0
58 143 0
59 143 0
60 143 0
61 143 0
62 143 0
63 143 0
64 143 0
65 143 0
66 143 0
88 143 0
89 143 0
90 143 0
91 143 0
92 143 0
93 143 0
102 143 0
103 143 0
104 143 0
105 143 0
107 143 0
108 143 0
109 143 0
110 143 0
111 143 0
13 144 0
14 144 0
15 144 0
16 144 0
17 144 0
24 144 0
25 144 0
27 144 0
29 144 0
45 144 0
46 144 0
61 144 0
62 144 0
63 144 0
64 144 0
65 144 0
66 144 0
67 144 0
89 144 0
90 144 0
91 144 0
92 144 0
93 144 0
94 144 0
101 144 0
102 144 0
103 144 0
104 144 0
109 144 0
110 144 0
12 145 0
13 145 0
14 145 0
15 145 0
30 145 0
33 145 0
45 145 0
63 145 0
64 145 0
65 145 0
66 145 0
67 145 0
68 145 0
79 145 0
89 145 0
90 145 0
91 145 0
92 145 0
93 145 0
98 145 0
100 145 0
101 145 0
102 145 0
103 145 0
104 145 0
107 145 0
108 145 0
12 146 0
13 146 0
14 146 0
35 146 0
63 146 0
64 146 0
65 146 0
66 146 0
67 146 0
68 146 0
69 146 0
70 146 0
82 146 0
83 146 0
84 146 0
85 146 0
86 146 0
87 146 0
89 146 0
90 146 0
91 146 0
92 146 0
97 146 0
98 146 0
100 146 0
101 146 0
102 146 0
103 146 0
104 146 0
106 146 0
107 146 0
108 146 0
61 147 0
63 147 0
64 147 0
65 147 0
66 147 0
67 147 0
68 147 0
69 147 0
70 147 0
72 147 0
73 147 0
81 147 0
82 147 0
84 147 0
85 147 0
86 147 0
87 147 0
88 147 0
89 147 0
90 147 0
91 147 0
97 147 0
98 147 0
99 147 0
100 147 0
101 147 0
102 147 0
103 147 0
106 147 0
107 147 0
108 147 0
60 148 0
61 148 0
62 148 0
63 148 0
64 148 0
65 148 0
66 148 0
67 148 0
68 148 0
69 148 0
70 148 0
71 148 0
72 148 0
85 148 0
86 148 0
87 148 0
88 148 0
89 148 0
90 148 0
91 148 0
97 148 0
100 148 0
101 148 0
102 148 0
106 148 0
107 148 0
108 148 0
36 149 0
37 149 0
38 149 0
39 149 0
44 149 0
45 149 0
47 149 0
48 149 0
54 149 0
56 149 0
57 149 0
59 149 0
60 149 0
61 149 0
62 149 0
63 149 0
64 149 0
65 149 0
66 149 0
67 149 0
68 149 0
69 149 0
70 149 0
71 149 0
86 149 0
87 149 0
88 149 0
89 149 0
90 149 0
94 149 0
99 149 0
100 149 0
101 149 0
102 149 0
112 149 0
36 150 0
37 150 0
38 150 0
39 150 0
56 150 0
57 150 0
70 150 0
86 150 0
87 150 0
88 150 0
89 150 0
90 150 0
91 150 0
92 150 0
93 150 0
94 150 0
95 150 0
109 150 0
111 150 0
34 151 0
35 151 0
36 151 0
37 151 0
38 151 0
39 151 0
43 151 0
44 151 0
47 151 0
48 151 0
49 151 0
55 151 0
88 151 0
89 151 0
90 151 0
91 151 0
92 151 0
97 151 0
105 151 0
106 151 0
107 151 0
108 151 0
109 151 0
110 151 0
111 151 0
112 151 0
113 151 0
34 152 0
35 152 0
36 152 0
37 152 0
38 152 0
39 152 0
42 152 0
43 152 0
44 152 0
45 152 0
46 152 0
47 152 0
48 152 0
49 152 0
50 152 0
63 152 0
74 152 0
89 152 0
90 152 0
91 152 0
92 152 0
93 152 0
104 152 0
105 152 0
106 152 0
107 152 0
110 152 0
111 152 0
112 152 0
113 152 0
34 153 0
35 153 0
36 153 0
37 153 0
38 153 0
39 153 0
41 153 0
42 153 0
43 153 0
44 153 0
45 153 0
46 153 0
47 153 0
48 153 0
49 153 0
50 153 0
58 153 0
59 153 0
60 153 0
63 153 0
64 153 0
65 153 0
89 153 0
90 153 0
91 153 0
92 153 0
93 153 0
96 153 0
104 153 0
105 153 0
110 153 0
111 153 0
112 153 0
113 153 0
30 154 0
34 154 0
35 154 0
36 154 0
37 154 0
38 154 0
39 154 0
41 154 0
42 154 0
43 154 0
44 154 0
45 154 0
46 154 0
47 154 0
48 154 0
49 154 0
58 154 0
59 154 0
60 154 0
63 154 0
64 154 0
65 154 0
90 154 0
91 154 0
92 154 0
93 154 0
107 154 0
111 154 0
112 154 0
113 154 0
34 155 0
35 155 0
36 155 0
37 155 0
38 155 0
39 155 0
43 155 0
44 155 0
45 155 0
47 155 0
48 155 0
49 155 0
59 155 0
60 155 0
63 155 0
64 155 0
65 155 0
90 155 0
91 155 0
92 155 0
93 155 0
23 156 0
34 156 0
35 156 0
36 156 0
37 156 0
38 156 0
39 156 0
43 156 0
44 156 0
47 156 0
48 156 0
49 156 0
50 156 0
59 156 0
75 156 0
76 156 0
82 156 0
83 156 0
91 156 0
92 156 0
93 156 0
108 156 0
109 156 0
110 156 0
13 157 0
14 157 0
20 157 0
21 157 0
22 157 0
23 157 0
24 157 0
27 157 0
35 157 0
36 157 0
37 157 0
38 157 0
41 157 0
42 157 0
43 157 0
44 157 0
49 157 0
50 157 0
51 157 0
52 157 0
53 157 0
54 157 0
73 157 0
75 157 0
76 157 0
82 157 0
83 157 0
84 157 0
91 157 0
92 157 0
93 157 0
98 157 0
101 157 0
107 157 0
108 157 0
109 157 0
110 157 0
8 158 0
10 158 0
11 158 0
12 158 0
13 158 0
14 158 0
19 158 0
20 158 0
21 158 0
22 158 0
23 158 0
24 158 0
25 158 0
26 158 0
27 158 0
31 158 0
34 158 0
35 158 0
36 158 0
37 158 0
38 158 0
40 158 0
41 158 0
42 158 0
43 158 0
44 158 0
45 158 0
46 158 0
47 158 0
48 158 0
49 158 0
50 158 0
51 158 0
52 158 0
53 158 0
54 158 0
55 158 0
67 158 0
70 158 0
71 158 0
73 158 0
74 158 0
75 158 0
76 158 0
78 158 0
81 158 0
82 158 0
83 158 0
84 158 0
85 158 0
91 158 0
92 158 0
93 158 0
96 158 0
97 158 0
100 158 0
101 158 0
102 158 0
106 158 0
107 158 0
108 158 0
109 158 0
110 158 0
7 159 0
8 159 0
9 159 0
10 159 0
11 159 0
12 159 0
13 159 0
21 159 0
22 159 0
23 159 0
24 159 0
25 159 0
26 159 0
27 159 0
28 159 0
29 159 0
31 159 0
34 159 0
35 159 0
36 159 0
37 159 0
38 159 0
40 159 0
41 159 0
42 159 0
43 159 0
44 159 0
45 159 0
46 159 0
47 159 0
48 159 0
49 159 0
50 159 0
51 159 0
52 159 0
53 159 0
54 159 0
55 159 0
64 159 0
65 159 0
67 159 0
70 159 0
71 159 0
73 159 0
74 159 0
75 159 0
76 159 0
77 159 0
78 159 0
81 159 0
82 159 0
83 159 0
84 159 0
85 159 0
92 159 0
104 159 0
105 159 0
106 159 0
107 159 0
108 159 0
109 159 0
5 160 0
6 160 0
7 160 0
8 160 0
9 160 0
10 160 0
11 160 0
24 160 0
25 160 0
26 160 0
27 160 0
28 160 0
29 160 0
30 160 0
33 160 0
34 160 0
35 160 0
36 160 0
37 160 0
38 160 0
40 160 0
41 160 0
42 160 0
43 160 0
44 160 0
45 160 0
46 160 0
47 160 0
48 160 0
49 160 0
50 160 0
51 160 0
52 160 0
53 160 0
70 160 0
71 160 0
73 160 0
74 160 0
75 160 0
76 160 0
77 160 0
78 160 0
81 160 0
82 160 0
83 160 0
84 160 0
85 160 0
86 160 0
102 160 0
103 160 0
104 160 0
105 160 0
106 160 0
107 160 0
108 160 0
4 161 0
5 161 0
6 161 0
7 161 0
8 161 0
9 161 0
10 161 0
25 161 0
26 161 0
27 161 0
28 161 0
29 161 0
30 161 0
31 161 0
35 161 0
36 161 0
37 161 0
38 161 0
43 161 0
47 161 0
65 161 0
70 161 0
73 161 0
74 161 0
75 161 0
76 161 0
77 161 0
78 161 0
82 161 0
83 161 0
84 161 0
85 161 0
86 161 0
87 161 0
101 161 0
102 161 0
103 161 0
4 162 0
5 162 0
6 162 0
7 162 0
8 162 0
9 162 0
28 162 0
29 162 0
30 162 0
31 162 0
36 162 0
37 162 0
38 162 0
73 162 0
74 162 0
75 162 0
78 162 0
79 162 0
84 162 0
85 162 0
86 162 0
87 162 0
100 162 0
101 162 0
102 162 0
103 162 0
2 163 0
3 163 0
4 163 0
5 163 0
6 163 0
7 163 0
8 163 0
29 163 0
30 163 0
31 163 0
73 163 0
74 163 0
75 163 0
78 163 0
79 163 0
80 163 0
84 163 0
85 163 0
86 163 0
87 163 0
99 163 0
100 163 0
101 163 0
102 163 0
103 163 0
2 164 0
3 164 0
4 164 0
5 164 0
6 164 0
7 164 0
8 164 0
31 164 0
32 164 0
63 164 0
67 164 0
68 164 0
73 164 0
74 164 0
75 164 0
76 164 0
79 164 0
80 164 0
81 164 0
82 164 0
83 164 0
84 164 0
85 164 0
86 164 0
87 164 0
98 164 0
99 164 0
100 164 0
101 164 0
102 164 0
103 164 0
2 165 0
3 165 0
4 165 0
5 165 0
6 165 0
7 165 0
8 165 0
31 165 0
32 165 0
59 165 0
61 165 0
62 165 0
63 165 0
64 165 0
66 165 0
67 165 0
68 165 0
69 165 0
74 165 0
75 165 0
76 165 0
77 165 0
81 165 0
82 165 0
83 165 0
84 165 0
85 165 0
86 165 0
96 165 0
97 165 0
98 165 0
99 165 0
100 165 0
101 165 0
102 165 0
2 166 0
3 166 0
4 166 0
5 166 0
6 166 0
7 166 0
20 166 0
21 166 0
22 166 0
33 166 0
60 166 0
61 166 0
62 166 0
63 166 0
64 166 0
66 166 0
67 166 0
68 166 0
69 166 0
74 166 0
75 166 0
76 166 0
77 166 0
81 166 0
82 166 0
83 166 0
84 166 0
85 166 0
96 166 0
97 166 0
98 166 0
99 166 0
100 166 0
101 166 0
102 166 0
103 166 0
106 166 0
113 166 0
2 167 0
3 167 0
4 167 0
5 167 0
6 167 0
7 167 0
13 167 0
14 167 0
15 167 0
20 167 0
21 167 0
22 167 0
23 167 0
24 167 0
59 167 0
61 167 0
62 167 0
63 167 0
64 167 0
65 167 0
66 167 0
67 167 0
68 167 0
69 167 0
75 167 0
76 167 0
77 167 0
81 167 0
82 167 0
83 167 0
84 167 0
96 167 0
97 167 0
98 167 0
99 167 0
102 167 0
103 167 0
105 167 0
107 167 0
2 168 0
3 168 0
4 168 0
5 168 0
6 168 0
12 168 0
13 168 0
14 168 0
15 168 0
20 168 0
21 168 0
22 168 0
23 168 0
24 168 0
25 168 0
33 168 0
59 168 0
61 168 0
62 168 0
63 168 0
65 168 0
66 168 0
67 168 0
68 168 0
98 168 0
100 168 0
101 168 0
105 168 0
108 168 0
114 168 0
1 169 0
2 169 0
3 169 0
4 169 0
5 169 0
6 169 0
11 169 0
12 169 0
13 169 0
14 169 0
18 169 0
22 169 0
23 169 0
24 169 0
25 169 0
26 169 0
59 169 0
63 169 0
65 169 0
66 169 0
67 169 0
94 169 0
95 169 0
101 169 0
102 169 0
104 169 0
105 169 0
108 169 0
111 169 0
2 170 0
3 170 0
4 170 0
5 170 0
6 170 0
10 170 0
11 170 0
12 170 0
13 170 0
22 170 0
23 170 0
24 170 0
25 170 0
26 170 0
27 170 0
65 170 0
100 170 0
109 170 0
2 171 0
3 171 0
4 171 0
5 171 0
6 171 0
10 171 0
11 171 0
12 171 0
22 171 0
23 171 0
24 171 0
25 171 0
26 171 0
27 171 0
60 171 0
63 171 0
64 171 0
65 171 0
66 171 0
67 171 0
2 172 0
3 172 0
4 172 0
5 172 0
9 172 0
10 172 0
11 172 0
12 172 0
24 172 0
25 172 0
26 172 0
27 172 0
59 172 0
60 172 0
61 172 0
62 172 0
63 172 0
64 172 0
65 172 0
66 172 0
2 173 0
3 173 0
4 173 0
5 173 0
9 173 0
10 173 0
11 173 0
12 173 0
14 173 0
15 173 0
16 173 0
25 173 0
26 173 0
27 173 0
28 173 0
56 173 0
57 173 0
58 173 0
59 173 0
60 173 0
61 173 0
62 173 0
63 173 0
65 173 0
8 174 0
9 174 0
10 174 0
11 174 0
12 174 0
14 174 0
15 174 0
16 174 0
24 174 0
25 174 0
26 174 0
27 174 0
28 174 0
54 174 0
55 174 0
56 174 0
57 174 0
58 174 0
59 174 0
60 174 0
85 174 0
9 175 0
10 175 0
11 175 0
12 175 0
13 175 0
14 175 0
15 175 0
16 175 0
17 175 0
25 175 0
26 175 0
27 175 0
28 175 0
53 175 0
54 175 0
55 175 0
56 175 0
57 175 0
58 175 0
60 175 0
6 176 0
9 176 0
10 176 0
11 176 0
12 176 0
14 176 0
15 176 0
16 176 0
17 176 0
21 176 0
22 176 0
24 176 0
25 176 0
26 176 0
27 176 0
36 176 0
52 176 0
53 176 0
54 176 0
55 176 0
56 176 0
57 176 0
6 177 0
10 177 0
11 177 0
12 177 0
14 177 0
15 177 0
16 177 0
17 177 0
21 177 0
22 177 0
24 177 0
25 177 0
26 177 0
27 177 0
33 177 0
42 177 0
43 177 0
52 177 0
53 177 0
54 177 0
55 177 0
57 177 0
58 177 0
10 178 0
11 178 0
12 178 0
13 178 0
15 178 0
17 178 0
18 178 0
20 178 0
23 178 0
24 178 0
25 178 0
26 178 0
27 178 0
41 178 0
53 178 0
54 178 0
68 178 0
71 178 0
72 178 0
10 179 0
11 179 0
12 179 0
13 179 0
14 179 0
18 179 0
19 179 0
20 179 0
21 179 0
22 179 0
23 179 0
24 179 0
25 179 0
26 179 0
27 179 0
59 179 0
61 179 0
62 179 0
66 179 0
67 179 0
68 179 0
71 179 0
72 179 0
8 180 0
10 180 0
11 180 0
12 180 0
13 180 0
14 180 0
15 180 0
19 180 0
20 180 0
21 180 0
22 180 0
23 180 0
24 180 0
25 180 0
26 180 0
57 180 0
59 180 0
62 180 0
66 180 0
78 180 0
8 181 0
10 181 0
11 181 0
12 181 0
13 181 0
14 181 0
15 181 0
16 181 0
18 181 0
19 181 0
20 181 0
21 181 0
22 181 0
23 181 0
24 181 0
25 181 0
51 181 0
57 181 0
58 181 0
59 181 0
62 181 0
63 181 0
67 181 0
69 181 0
78 181 0
8 182 0
9 182 0
12 182 0
13 182 0
14 182 0
15 182 0
16 182 0
19 182 0
20 182 0
21 182 0
22 182 0
23 182 0
51 182 0
52 182 0
59 182 0
60 182 0
62 182 0
68 182 0
69 182 0
9 183 0
10 183 0
14 183 0
21 183 0
54 183 0
55 183 0
56 183 0
60 183 0
64 183 0
48 184 0
54 184 0
55 184 0
33 185 0
35 185 0
45 185 0
54 185 0
55 185 0
31 186 0
268 132 1
269 132 1
270 132 1
236 133 1
237 133 1
238 133 1
269 133 1
270 133 1
271 133 1
234 134 1
235 134 1
236 134 1
237 134 1
238 134 1
256 134 1
257 134 1
260 134 1
261 134 1
233 135 1
234 135 1
235 135 1
236 135 1
237 135 1
239 135 1
240 135 1
241 135 1
256 135 1
257 135 1
258 135 1
260 135 1
261 135 1
262 135 1
271 135 1
272 135 1
232 136 1
233 136 1
234 136 1
235 136 1
237 136 1
238 136 1
239 136 1
240 136 1
256 136 1
257 136 1
258 136 1
261 136 1
262 136 1
272 136 1
273 136 1
230 137 1
231 137 1
232 137 1
233 137 1
234 137 1
236 137 1
237 137 1
238 137 1
256 137 1
257 137 1
258 137 1
259 137 1
261 137 1
262 137 1
263 137 1
272 137 1
273 137 1
274 137 1
229 138 1
230 138 1
231 138 1
233 138 1
235 138 1
236 138 1
237 138 1
256 138 1
257 138 1
258 138 1
259 138 1
261 138 1
262 138 1
263 138 1
264 138 1
273 138 1
274 138 1
275 138 1
222 139 1
228 139 1
229 139 1
230 139 1
232 139 1
233 139 1
234 139 1
235 139 1
236 139 1
256 139 1
257 139 1
258 139 1
259 139 1
262 139 1
263 139 1
264 139 1
217 140 1
219 140 1
220 140 1
223 140 1
224 140 1
232 140 1
233 140 1
234 140 1
235 140 1
257 140 1
258 140 1
274 140 1
275 140 1
214 141 1
215 141 1
216 141 1
217 141 1
230 141 1
232 141 1
233 141 1
234 141 1
237 141 1
256 141 1
273 141 1
274 141 1
275 141 1
213 142 1
214 142 1
215 142 1
232 142 1
241 142 1
242 142 1
245 142 1
256 142 1
259 142 1
272 142 1
273 142 1
274 142 1
275 142 1
276 142 1
212 143 1
213 143 1
214 143 1
242 143 1
272 143 1
273 143 1
275 143 1
276 143 1
212 144 1
213 144 1
214 144 1
217 144 1
226 144 1
258 144 1
259 144 1
260 144 1
261 144 1
265 144 1
266 144 1
267 144 1
272 144 1
273 144 1
275 144 1
276 144 1
212 145 1
213 145 1
219 145 1
220 145 1
221 145 1
225 145 1
226 145 1
227 145 1
228 145 1
257 145 1
258 145 1
259 145 1
260 145 1
266 145 1
267 145 1
268 145 1
269 145 1
276 145 1
211 146 1
212 146 1
213 146 1
217 146 1
218 146 1
219 146 1
220 146 1
226 146 1
227 146 1
228 146 1
229 146 1
256 146 1
257 146 1
258 146 1
259 146 1
267 146 1
268 146 1
269 146 1
270 146 1
211 147 1
212 147 1
213 147 1
216 147 1
217 147 1
218 147 1
219 147 1
227 147 1
228 147 1
229 147 1
230 147 1
255 147 1
256 147 1
257 147 1
258 147 1
268 147 1
269 147 1
270 147 1
212 148 1
213 148 1
214 148 1
216 148 1
217 148 1
218 148 1
228 148 1
229 148 1
230 148 1
255 148 1
256 148 1
257 148 1
261 148 1
265 148 1
268 148 1
269 148 1
270 148 1
275 148 1
276 148 1
277 148 1
211 149 1
212 149 1
216 149 1
217 149 1
220 149 1
221 149 1
225 149 1
226 149 1
229 149 1
230 149 1
231 149 1
256 149 1
260 149 1
261 149 1
262 149 1
264 149 1
265 149 1
266 149 1
274 149 1
275 149 1
276 149 1
277 149 1
210 150 1
211 150 1
212 150 1
213 150 1
216 150 1
217 150 1
220 150 1
221 150 1
225 150 1
226 150 1
227 150 1
259 150 1
260 150 1
261 150 1
265 150 1
266 150 1
274 150 1
275 150 1
276 150 1
211 151 1
212 151 1
213 151 1
214 151 1
215 151 1
219 151 1
220 151 1
221 151 1
225 151 1
226 151 1
227 151 1
259 151 1
260 151 1
261 151 1
265 151 1
266 151 1
268 151 1
275 151 1
213 152 1
214 152 1
215 152 1
216 152 1
217 152 1
219 152 1
220 152 1
221 152 1
226 152 1
259 152 1
260 152 1
265 152 1
266 152 1
268 152 1
269 152 1
216 153 1
217 153 1
218 153 1
220 153 1
221 153 1
223 153 1
225 153 1
226 153 1
255 153 1
256 153 1
259 153 1
260 153 1
261 153 1
262 153 1
265 153 1
268 153 1
217 154 1
218 154 1
219 154 1
221 154 1
222 154 1
225 154 1
226 154 1
255 154 1
256 154 1
260 154 1
261 154 1
262 154 1
265 154 1
268 154 1
218 155 1
219 155 1
256 155 1
