47 118 0
50 118 0
60 118 0
65 118 0
71 118 0
72 118 0
47 119 0
52 119 0
68 119 0
71 119 0
72 119 0
73 119 0
74 119 0
75 119 0
76 119 0
78 119 0
37 120 0
61 120 0
62 120 0
73 120 0
74 120 0
75 120 0
76 120 0
77 120 0
78 120 0
79 120 0
80 120 0
81 120 0
45 121 0
53 121 0
56 121 0
62 121 0
77 121 0
78 121 0
79 121 0
80 121 0
81 121 0
82 121 0
42 122 0
43 122 0
44 122 0
45 122 0
46 122 0
56 122 0
58 122 0
59 122 0
60 122 0
61 122 0
62 122 0
64 122 0
65 122 0
66 122 0
80 122 0
81 122 0
82 122 0
83 122 0
40 123 0
42 123 0
43 123 0
44 123 0
45 123 0
46 123 0
58 123 0
59 123 0
60 123 0
61 123 0
62 123 0
63 123 0
64 123 0
65 123 0
66 123 0
67 123 0
76 123 0
84 123 0
118 123 0
119 123 0
120 123 0
41 124 0
42 124 0
43 124 0
44 124 0
45 124 0
46 124 0
60 124 0
61 124 0
62 124 0
63 124 0
64 124 0
65 124 0
66 124 0
67 124 0
68 124 0
75 124 0
76 124 0
85 124 0
86 124 0
111 124 0
118 124 0
119 124 0
120 124 0
41 125 0
42 125 0
43 125 0
44 125 0
45 125 0
46 125 0
62 125 0
63 125 0
64 125 0
65 125 0
66 125 0
67 125 0
68 125 0
69 125 0
86 125 0
87 125 0
88 125 0
96 125 0
100 125 0
107 125 0
110 125 0
111 125 0
112 125 0
114 125 0
121 125 0
122 125 0
123 125 0
124 125 0
33 126 0
35 126 0
39 126 0
41 126 0
42 126 0
43 126 0
44 126 0
45 126 0
46 126 0
63 126 0
64 126 0
65 126 0
66 126 0
67 126 0
68 126 0
69 126 0
70 126 0
74 126 0
87 126 0
88 126 0
89 126 0
95 126 0
96 126 0
100 126 0
111 126 0
112 126 0
113 126 0
114 126 0
115 126 0
116 126 0
122 126 0
123 126 0
124 126 0
125 126 0
126 126 0
34 127 0
35 127 0
41 127 0
42 127 0
43 127 0
44 127 0
45 127 0
65 127 0
66 127 0
67 127 0
68 127 0
69 127 0
70 127 0
71 127 0
73 127 0
77 127 0
88 127 0
89 127 0
90 127 0
96 127 0
99 127 0
111 127 0
113 127 0
114 127 0
115 127 0
116 127 0
117 127 0
118 127 0
124 127 0
125 127 0
126 127 0
127 127 0
128 127 0
34 128 0
41 128 0
42 128 0
43 128 0
44 128 0
45 128 0
65 128 0
66 128 0
67 128 0
68 128 0
69 128 0
70 128 0
71 128 0
89 128 0
90 128 0
91 128 0
95 128 0
96 128 0
100 128 0
101 128 0
114 128 0
115 128 0
116 128 0
117 128 0
118 128 0
119 128 0
125 128 0
126 128 0
127 128 0
128 128 0
129 128 0
34 129 0
35 129 0
40 129 0
41 129 0
42 129 0
43 129 0
44 129 0
45 129 0
65 129 0
66 129 0
67 129 0
68 129 0
69 129 0
70 129 0
71 129 0
72 129 0
73 129 0
75 129 0
82 129 0
90 129 0
91 129 0
92 129 0
93 129 0
100 129 0
101 129 0
103 129 0
105 129 0
117 129 0
118 129 0
119 129 0
120 129 0
122 129 0
123 129 0
127 129 0
128 129 0
129 129 0
130 129 0
131 129 0
27 130 0
33 130 0
34 130 0
35 130 0
40 130 0
41 130 0
42 130 0
43 130 0
44 130 0
45 130 0
68 130 0
69 130 0
70 130 0
71 130 0
72 130 0
73 130 0
74 130 0
76 130 0
91 130 0
92 130 0
93 130 0
94 130 0
100 130 0
101 130 0
110 130 0
112 130 0
119 130 0
120 130 0
121 130 0
128 130 0
129 130 0
130 130 0
131 130 0
132 130 0
16 131 0
17 131 0
18 131 0
28 131 0
29 131 0
32 131 0
33 131 0
34 131 0
38 131 0
41 131 0
42 131 0
43 131 0
44 131 0
45 131 0
69 131 0
70 131 0
71 131 0
72 131 0
73 131 0
74 131 0
75 131 0
77 131 0
81 131 0
82 131 0
92 131 0
93 131 0
94 131 0
95 131 0
99 131 0
100 131 0
101 131 0
103 131 0
110 131 0
111 131 0
112 131 0
114 131 0
115 131 0
119 131 0
120 131 0
121 131 0
125 131 0
130 131 0
131 131 0
132 131 0
133 131 0
134 131 0
32 132 0
33 132 0
39 132 0
40 132 0
41 132 0
42 132 0
43 132 0
44 132 0
45 132 0
68 132 0
69 132 0
70 132 0
71 132 0
72 132 0
74 132 0
75 132 0
82 132 0
83 132 0
93 132 0
94 132 0
95 132 0
96 132 0
99 132 0
100 132 0
101 132 0
112 132 0
119 132 0
120 132 0
121 132 0
122 132 0
126 132 0
132 132 0
133 132 0
134 132 0
135 132 0
39 133 0
40 133 0
41 133 0
42 133 0
43 133 0
44 133 0
45 133 0
69 133 0
70 133 0
71 133 0
72 133 0
73 133 0
74 133 0
75 133 0
76 133 0
77 133 0
85 133 0
94 133 0
95 133 0
96 133 0
97 133 0
98 133 0
99 133 0
100 133 0
101 133 0
114 133 0
115 133 0
121 133 0
122 133 0
123 133 0
138 133 0
145 133 0
148 133 0
38 134 0
40 134 0
41 134 0
42 134 0
43 134 0
44 134 0
45 134 0
70 134 0
71 134 0
72 134 0
73 134 0
74 134 0
76 134 0
77 134 0
78 134 0
80 134 0
85 134 0
86 134 0
95 134 0
96 134 0
97 134 0
98 134 0
99 134 0
100 134 0
101 134 0
121 134 0
122 134 0
123 134 0
124 134 0
131 134 0
132 134 0
133 134 0
134 134 0
142 134 0
145 134 0
146 134 0
149 134 0
150 134 0
152 134 0
153 134 0
154 134 0
155 134 0
157 134 0
39 135 0
40 135 0
41 135 0
42 135 0
43 135 0
44 135 0
45 135 0
72 135 0
73 135 0
74 135 0
75 135 0
77 135 0
78 135 0
85 135 0
86 135 0
97 135 0
98 135 0
99 135 0
100 135 0
111 135 0
121 135 0
122 135 0
123 135 0
124 135 0
125 135 0
126 135 0
131 135 0
132 135 0
133 135 0
150 135 0
153 135 0
154 135 0
156 135 0
157 135 0
158 135 0
159 135 0
160 135 0
38 136 0
40 136 0
41 136 0
42 136 0
43 136 0
44 136 0
45 136 0
68 136 0
69 136 0
72 136 0
73 136 0
74 136 0
75 136 0
76 136 0
77 136 0
78 136 0
79 136 0
83 136 0
88 136 0
98 136 0
99 136 0
100 136 0
116 136 0
117 136 0
118 136 0
121 136 0
122 136 0
123 136 0
124 136 0
125 136 0
126 136 0
157 136 0
158 136 0
159 136 0
160 136 0
161 136 0
162 136 0
38 137 0
39 137 0
40 137 0
41 137 0
42 137 0
43 137 0
44 137 0
45 137 0
67 137 0
68 137 0
74 137 0
75 137 0
76 137 0
77 137 0
78 137 0
79 137 0
80 137 0
82 137 0
83 137 0
84 137 0
99 137 0
100 137 0
115 137 0
117 137 0
118 137 0
121 137 0
122 137 0
123 137 0
124 137 0
160 137 0
161 137 0
162 137 0
163 137 0
164 137 0
38 138 0
39 138 0
40 138 0
41 138 0
42 138 0
43 138 0
44 138 0
45 138 0
73 138 0
74 138 0
75 138 0
76 138 0
77 138 0
78 138 0
79 138 0
80 138 0
81 138 0
82 138 0
93 138 0
94 138 0
99 138 0
115 138 0
116 138 0
120 138 0
121 138 0
122 138 0
123 138 0
161 138 0
162 138 0
163 138 0
164 138 0
38 139 0
39 139 0
40 139 0
41 139 0
42 139 0
43 139 0
44 139 0
45 139 0
72 139 0
73 139 0
74 139 0
75 139 0
76 139 0
77 139 0
78 139 0
79 139 0
80 139 0
81 139 0
82 139 0
92 139 0
94 139 0
95 139 0
101 139 0
114 139 0
120 139 0
121 139 0
122 139 0
130 139 0
161 139 0
162 139 0
163 139 0
38 140 0
40 140 0
41 140 0
42 140 0
43 140 0
44 140 0
45 140 0
46 140 0
47 140 0
75 140 0
76 140 0
77 140 0
78 140 0
79 140 0
80 140 0
81 140 0
82 140 0
86 140 0
91 140 0
92 140 0
93 140 0
94 140 0
103 140 0
105 140 0
106 140 0
109 140 0
110 140 0
111 140 0
112 140 0
113 140 0
114 140 0
120 140 0
121 140 0
142 140 0
161 140 0
162 140 0
44 141 0
77 141 0
78 141 0
79 141 0
80 141 0
81 141 0
82 141 0
85 141 0
91 141 0
92 141 0
93 141 0
107 141 0
108 141 0
109 141 0
110 141 0
111 141 0
112 141 0
113 141 0
114 141 0
115 141 0
116 141 0
117 141 0
145 141 0
146 141 0
149 141 0
150 141 0
157 141 0
158 141 0
160 141 0
161 141 0
162 141 0
165 141 0
77 142 0
79 142 0
80 142 0
81 142 0
84 142 0
85 142 0
86 142 0
91 142 0
108 142 0
109 142 0
110 142 0
111 142 0
112 142 0
113 142 0
114 142 0
115 142 0
116 142 0
117 142 0
118 142 0
119 142 0
120 142 0
121 142 0
148 142 0
149 142 0
150 142 0
151 142 0
152 142 0
159 142 0
160 142 0
161 142 0
162 142 0
164 142 0
165 142 0
11 143 0
12 143 0
13 143 0
16 143 0
17 143 0
36 143 0
37 143 0
38 143 0
39 143 0
42 143 0
43 143 0
81 143 0
82 143 0
86 143 0
90 143 0
110 143 0
111 143 0
117 143 0
118 143 0
119 143 0
120 143 0
121 143 0
122 143 0
123 143 0
124 143 0
128 143 0
147 143 0
148 143 0
149 143 0
150 143 0
151 143 0
152 143 0
153 143 0
158 143 0
159 143 0
160 143 0
161 143 0
162 143 0
163 143 0
164 143 0
165 143 0
10 144 0
11 144 0
12 144 0
13 144 0
14 144 0
16 144 0
17 144 0
33 144 0
34 144 0
36 144 0
37 144 0
38 144 0
39 144 0
40 144 0
42 144 0
43 144 0
80 144 0
81 144 0
82 144 0
117 144 0
118 144 0
119 144 0
120 144 0
121 144 0
122 144 0
123 144 0
124 144 0
125 144 0
141 144 0
142 144 0
149 144 0
150 144 0
151 144 0
152 144 0
158 144 0
159 144 0
160 144 0
161 144 0
162 144 0
11 145 0
12 145 0
13 145 0
14 145 0
16 145 0
17 145 0
35 145 0
36 145 0
37 145 0
38 145 0
39 145 0
42 145 0
43 145 0
80 145 0
119 145 0
120 145 0
121 145 0
122 145 0
123 145 0
124 145 0
125 145 0
131 145 0
132 145 0
141 145 0
142 145 0
143 145 0
144 145 0
146 145 0
147 145 0
148 145 0
149 145 0
150 145 0
151 145 0
152 145 0
156 145 0
157 145 0
158 145 0
159 145 0
160 145 0
161 145 0
162 145 0
163 145 0
164 145 0
10 146 0
11 146 0
12 146 0
13 146 0
14 146 0
16 146 0
17 146 0
35 146 0
36 146 0
37 146 0
38 146 0
39 146 0
41 146 0
42 146 0
43 146 0
80 146 0
119 146 0
120 146 0
121 146 0
122 146 0
123 146 0
124 146 0
125 146 0
126 146 0
130 146 0
142 146 0
143 146 0
144 146 0
145 146 0
146 146 0
147 146 0
148 146 0
149 146 0
150 146 0
151 146 0
155 146 0
156 146 0
157 146 0
158 146 0
159 146 0
160 146 0
162 146 0
163 146 0
164 146 0
10 147 0
11 147 0
12 147 0
13 147 0
16 147 0
17 147 0
36 147 0
37 147 0
38 147 0
39 147 0
42 147 0
43 147 0
44 147 0
117 147 0
118 147 0
119 147 0
120 147 0
121 147 0
122 147 0
123 147 0
124 147 0
125 147 0
126 147 0
129 147 0
130 147 0
144 147 0
145 147 0
146 147 0
147 147 0
148 147 0
149 147 0
150 147 0
158 147 0
159 147 0
162 147 0
163 147 0
164 147 0
11 148 0
12 148 0
13 148 0
16 148 0
17 148 0
36 148 0
37 148 0
38 148 0
39 148 0
41 148 0
42 148 0
43 148 0
104 148 0
105 148 0
111 148 0
117 148 0
118 148 0
119 148 0
120 148 0
121 148 0
122 148 0
123 148 0
124 148 0
125 148 0
126 148 0
129 148 0
145 148 0
146 148 0
147 148 0
148 148 0
149 148 0
153 148 0
158 148 0
164 148 0
165 148 0
11 149 0
12 149 0
13 149 0
16 149 0
17 149 0
37 149 0
38 149 0
41 149 0
42 149 0
43 149 0
102 149 0
103 149 0
104 149 0
105 149 0
106 149 0
118 149 0
119 149 0
120 149 0
145 149 0
146 149 0
147 149 0
148 149 0
149 149 0
150 149 0
153 149 0
154 149 0
155 149 0
156 149 0
159 149 0
42 150 0
101 150 0
102 150 0
103 150 0
104 150 0
105 150 0
106 150 0
112 150 0
146 150 0
147 150 0
148 150 0
149 150 0
150 150 0
165 150 0
10 151 0
11 151 0
101 151 0
102 151 0
103 151 0
104 151 0
105 151 0
110 151 0
112 151 0
113 151 0
148 151 0
149 151 0
150 151 0
151 151 0
162 151 0
163 151 0
164 151 0
165 151 0
166 151 0
100 152 0
101 152 0
102 152 0
103 152 0
104 152 0
105 152 0
108 152 0
109 152 0
110 152 0
112 152 0
113 152 0
120 152 0
124 152 0
125 152 0
148 152 0
149 152 0
150 152 0
151 152 0
158 152 0
164 152 0
165 152 0
166 152 0
100 153 0
101 153 0
102 153 0
103 153 0
104 153 0
105 153 0
108 153 0
109 153 0
110 153 0
112 153 0
113 153 0
120 153 0
121 153 0
123 153 0
124 153 0
125 153 0
131 153 0
149 153 0
150 153 0
151 153 0
161 153 0
165 153 0
166 153 0
100 154 0
101 154 0
102 154 0
103 154 0
104 154 0
105 154 0
108 154 0
109 154 0
110 154 0
112 154 0
113 154 0
121 154 0
123 154 0
124 154 0
125 154 0
130 154 0
131 154 0
149 154 0
150 154 0
151 154 0
152 154 0
166 154 0
100 155 0
101 155 0
102 155 0
103 155 0
104 155 0
105 155 0
112 155 0
124 155 0
125 155 0
130 155 0
134 155 0
135 155 0
142 155 0
150 155 0
151 155 0
152 155 0
165 155 0
80 156 0
81 156 0
85 156 0
86 156 0
87 156 0
88 156 0
92 156 0
93 156 0
100 156 0
101 156 0
102 156 0
103 156 0
104 156 0
105 156 0
114 156 0
115 156 0
117 156 0
118 156 0
134 156 0
135 156 0
138 156 0
139 156 0
142 156 0
143 156 0
150 156 0
151 156 0
152 156 0
155 156 0
163 156 0
164 156 0
76 157 0
77 157 0
78 157 0
79 157 0
80 157 0
81 157 0
86 157 0
87 157 0
88 157 0
89 157 0
90 157 0
91 157 0
92 157 0
95 157 0
96 157 0
100 157 0
101 157 0
102 157 0
103 157 0
104 157 0
106 157 0
107 157 0
109 157 0
114 157 0
115 157 0
116 157 0
117 157 0
118 157 0
126 157 0
127 157 0
130 157 0
133 157 0
134 157 0
135 157 0
136 157 0
137 157 0
139 157 0
140 157 0
141 157 0
142 157 0
143 157 0
150 157 0
151 157 0
152 157 0
154 157 0
162 157 0
163 157 0
164 157 0
74 158 0
75 158 0
76 158 0
77 158 0
78 158 0
79 158 0
89 158 0
90 158 0
91 158 0
92 158 0
93 158 0
94 158 0
96 158 0
97 158 0
99 158 0
102 158 0
103 158 0
104 158 0
106 158 0
107 158 0
108 158 0
109 158 0
110 158 0
111 158 0
112 158 0
113 158 0
114 158 0
115 158 0
116 158 0
117 158 0
118 158 0
122 158 0
127 158 0
128 158 0
133 158 0
134 158 0
135 158 0
136 158 0
137 158 0
139 158 0
140 158 0
141 158 0
142 158 0
143 158 0
151 158 0
152 158 0
159 158 0
160 158 0
161 158 0
162 158 0
163 158 0
71 159 0
72 159 0
73 159 0
74 159 0
75 159 0
76 159 0
77 159 0
78 159 0
91 159 0
92 159 0
93 159 0
94 159 0
95 159 0
96 159 0
100 159 0
102 159 0
103 159 0
104 159 0
106 159 0
107 159 0
109 159 0
113 159 0
114 159 0
115 159 0
116 159 0
117 159 0
128 159 0
129 159 0
132 159 0
133 159 0
134 159 0
136 159 0
140 159 0
141 159 0
142 159 0
143 159 0
144 159 0
145 159 0
156 159 0
158 159 0
159 159 0
160 159 0
161 159 0
162 159 0
71 160 0
72 160 0
73 160 0
74 160 0
75 160 0
76 160 0
77 160 0
93 160 0
94 160 0
95 160 0
96 160 0
97 160 0
101 160 0
102 160 0
103 160 0
104 160 0
105 160 0
113 160 0
114 160 0
119 160 0
128 160 0
129 160 0
132 160 0
133 160 0
134 160 0
136 160 0
140 160 0
141 160 0
142 160 0
143 160 0
144 160 0
145 160 0
152 160 0
153 160 0
154 160 0
155 160 0
156 160 0
157 160 0
158 160 0
159 160 0
160 160 0
161 160 0
69 161 0
70 161 0
71 161 0
72 161 0
73 161 0
74 161 0
75 161 0
76 161 0
95 161 0
96 161 0
97 161 0
102 161 0
103 161 0
104 161 0
105 161 0
126 161 0
127 161 0
132 161 0
133 161 0
134 161 0
136 161 0
137 161 0
143 161 0
144 161 0
145 161 0
146 161 0
152 161 0
153 161 0
154 161 0
155 161 0
69 162 0
70 162 0
71 162 0
72 162 0
73 162 0
74 162 0
75 162 0
96 162 0
97 162 0
126 162 0
132 162 0
133 162 0
134 162 0
135 162 0
137 162 0
138 162 0
142 162 0
143 162 0
144 162 0
145 162 0
151 162 0
152 162 0
153 162 0
154 162 0
155 162 0
67 163 0
69 163 0
70 163 0
71 163 0
72 163 0
73 163 0
74 163 0
98 163 0
130 163 0
132 163 0
133 163 0
134 163 0
135 163 0
137 163 0
138 163 0
139 163 0
140 163 0
141 163 0
142 163 0
143 163 0
144 163 0
145 163 0
150 163 0
151 163 0
152 163 0
153 163 0
154 163 0
68 164 0
69 164 0
70 164 0
71 164 0
72 164 0
73 164 0
74 164 0
99 164 0
100 164 0
121 164 0
122 164 0
123 164 0
124 164 0
125 164 0
127 164 0
128 164 0
130 164 0
133 164 0
134 164 0
135 164 0
136 164 0
138 164 0
139 164 0
140 164 0
141 164 0
142 164 0
143 164 0
144 164 0
149 164 0
150 164 0
151 164 0
152 164 0
153 164 0
68 165 0
69 165 0
70 165 0
71 165 0
72 165 0
73 165 0
88 165 0
99 165 0
121 165 0
122 165 0
123 165 0
124 165 0
127 165 0
128 165 0
130 165 0
131 165 0
133 165 0
134 165 0
135 165 0
136 165 0
139 165 0
140 165 0
141 165 0
142 165 0
143 165 0
144 165 0
149 165 0
150 165 0
151 165 0
152 165 0
153 165 0
68 166 0
69 166 0
70 166 0
71 166 0
72 166 0
73 166 0
75 166 0
80 166 0
81 166 0
82 166 0
86 166 0
87 166 0
88 166 0
89 166 0
90 166 0
99 166 0
122 166 0
123 166 0
124 166 0
127 166 0
128 166 0
130 166 0
131 166 0
133 166 0
134 166 0
135 166 0
136 166 0
140 166 0
141 166 0
142 166 0
149 166 0
150 166 0
151 166 0
152 166 0
153 166 0
156 166 0
158 166 0
68 167 0
69 167 0
70 167 0
71 167 0
72 167 0
73 167 0
74 167 0
75 167 0
79 167 0
80 167 0
81 167 0
82 167 0
86 167 0
87 167 0
88 167 0
89 167 0
90 167 0
91 167 0
121 167 0
122 167 0
123 167 0
124 167 0
126 167 0
127 167 0
128 167 0
140 167 0
141 167 0
150 167 0
151 167 0
152 167 0
155 167 0
160 167 0
67 168 0
68 168 0
69 168 0
70 168 0
71 168 0
72 168 0
78 168 0
79 168 0
80 168 0
81 168 0
86 168 0
87 168 0
88 168 0
89 168 0
90 168 0
91 168 0
92 168 0
122 168 0
123 168 0
126 168 0
127 168 0
128 168 0
151 168 0
153 168 0
155 168 0
158 168 0
66 169 0
68 169 0
69 169 0
70 169 0
71 169 0
72 169 0
77 169 0
78 169 0
79 169 0
80 169 0
90 169 0
91 169 0
92 169 0
93 169 0
100 169 0
155 169 0
67 170 0
68 170 0
69 170 0
70 170 0
71 170 0
72 170 0
77 170 0
78 170 0
79 170 0
90 170 0
91 170 0
92 170 0
93 170 0
94 170 0
116 170 0
121 170 0
123 170 0
124 170 0
125 170 0
66 171 0
67 171 0
68 171 0
69 171 0
70 171 0
71 171 0
72 171 0
75 171 0
76 171 0
77 171 0
78 171 0
79 171 0
82 171 0
83 171 0
90 171 0
91 171 0
92 171 0
93 171 0
94 171 0
121 171 0
122 171 0
123 171 0
124 171 0
125 171 0
67 172 0
68 172 0
69 172 0
70 172 0
71 172 0
75 172 0
76 172 0
77 172 0
78 172 0
79 172 0
81 172 0
82 172 0
90 172 0
91 172 0
92 172 0
93 172 0
94 172 0
118 172 0
119 172 0
120 172 0
121 172 0
122 172 0
123 172 0
3 173 0
70 173 0
75 173 0
76 173 0
77 173 0
78 173 0
81 173 0
82 173 0
83 173 0
86 173 0
91 173 0
92 173 0
93 173 0
94 173 0
116 173 0
117 173 0
118 173 0
119 173 0
120 173 0
121 173 0
122 173 0
2 174 0
3 174 0
4 174 0
5 174 0
23 174 0
75 174 0
76 174 0
77 174 0
78 174 0
81 174 0
82 174 0
91 174 0
92 174 0
93 174 0
94 174 0
111 174 0
112 174 0
114 174 0
115 174 0
116 174 0
117 174 0
118 174 0
120 174 0
2 175 0
3 175 0
4 175 0
72 175 0
76 175 0
77 175 0
78 175 0
80 175 0
81 175 0
83 175 0
88 175 0
89 175 0
90 175 0
91 175 0
92 175 0
93 175 0
94 175 0
109 175 0
110 175 0
111 175 0
112 175 0
113 175 0
114 175 0
2 176 0
3 176 0
76 176 0
77 176 0
78 176 0
79 176 0
80 176 0
81 176 0
83 176 0
87 176 0
88 176 0
90 176 0
91 176 0
92 176 0
93 176 0
94 176 0
109 176 0
110 176 0
111 176 0
112 176 0
113 176 0
114 176 0
115 176 0
2 177 0
76 177 0
77 177 0
78 177 0
79 177 0
80 177 0
81 177 0
83 177 0
84 177 0
86 177 0
89 177 0
90 177 0
91 177 0
92 177 0
93 177 0
94 177 0
110 177 0
111 177 0
117 177 0
123 177 0
124 177 0
125 177 0
128 177 0
129 177 0
130 177 0
76 178 0
77 178 0
78 178 0
79 178 0
80 178 0
83 178 0
84 178 0
85 178 0
86 178 0
87 178 0
89 178 0
90 178 0
91 178 0
92 178 0
93 178 0
123 178 0
124 178 0
125 178 0
128 178 0
132 178 0
77 179 0
78 179 0
79 179 0
80 179 0
81 179 0
82 179 0
84 179 0
85 179 0
86 179 0
87 179 0
88 179 0
89 179 0
90 179 0
91 179 0
92 179 0
93 179 0
119 179 0
123 179 0
124 179 0
128 179 0
74 180 0
77 180 0
78 180 0
79 180 0
80 180 0
81 180 0
82 180 0
83 180 0
85 180 0
86 180 0
87 180 0
88 180 0
89 180 0
90 180 0
91 180 0
92 180 0
118 180 0
119 180 0
123 180 0
124 180 0
128 180 0
129 180 0
135 180 0
76 181 0
77 181 0
79 181 0
80 181 0
81 181 0
82 181 0
86 181 0
87 181 0
88 181 0
89 181 0
90 181 0
111 181 0
121 181 0
122 181 0
126 181 0
134 181 0
77 182 0
81 182 0
118 182 0
124 182 0
126 182 0
105 183 0
110 183 0
114 183 0
98 184 0
102 184 0
103 184 0
114 184 0
244 133 1
245 133 1
246 133 1
211 134 1
212 134 1
213 134 1
214 134 1
232 134 1
236 134 1
245 134 1
246 134 1
210 135 1
211 135 1
212 135 1
213 135 1
215 135 1
216 135 1
231 135 1
232 135 1
233 135 1
235 135 1
236 135 1
237 135 1
248 135 1
209 136 1
210 136 1
211 136 1
213 136 1
214 136 1
215 136 1
231 136 1
232 136 1
233 136 1
234 136 1
235 136 1
236 136 1
237 136 1
238 136 1
208 137 1
209 137 1
210 137 1
212 137 1
213 137 1
231 137 1
232 137 1
233 137 1
234 137 1
236 137 1
237 137 1
238 137 1
207 138 1
208 138 1
209 138 1
210 138 1
211 138 1
212 138 1
232 138 1
233 138 1
234 138 1
236 138 1
237 138 1
238 138 1
205 139 1
206 139 1
207 139 1
208 139 1
209 139 1
210 139 1
211 139 1
232 139 1
233 139 1
234 139 1
237 139 1
238 139 1
239 139 1
250 139 1
208 140 1
209 140 1
210 140 1
232 140 1
233 140 1
238 140 1
249 140 1
250 140 1
190 141 1
191 141 1
192 141 1
193 141 1
194 141 1
207 141 1
208 141 1
209 141 1
213 141 1
248 141 1
249 141 1
250 141 1
189 142 1
190 142 1
191 142 1
192 142 1
208 142 1
209 142 1
230 142 1
231 142 1
234 142 1
235 142 1
247 142 1
248 142 1
249 142 1
250 142 1
188 143 1
189 143 1
190 143 1
216 143 1
217 143 1
220 143 1
247 143 1
248 143 1
250 143 1
251 143 1
188 144 1
189 144 1
190 144 1
192 144 1
235 144 1
240 144 1
241 144 1
247 144 1
188 145 1
189 145 1
195 145 1
196 145 1
201 145 1
202 145 1
233 145 1
234 145 1
235 145 1
240 145 1
241 145 1
242 145 1
243 145 1
188 146 1
193 146 1
194 146 1
195 146 1
196 146 1
201 146 1
202 146 1
203 146 1
204 146 1
232 146 1
233 146 1
234 146 1
242 146 1
243 146 1
244 146 1
188 147 1
189 147 1
192 147 1
193 147 1
194 147 1
202 147 1
203 147 1
204 147 1
205 147 1
231 147 1
232 147 1
233 147 1
242 147 1
243 147 1
244 147 1
191 148 1
192 148 1
193 148 1
203 148 1
204 148 1
205 148 1
230 148 1
231 148 1
232 148 1
243 148 1
244 148 1
250 148 1
251 148 1
252 148 1
187 149 1
188 149 1
189 149 1
191 149 1
192 149 1
193 149 1
197 149 1
204 149 1
205 149 1
206 149 1
231 149 1
235 149 1
236 149 1
240 149 1
249 149 1
250 149 1
251 149 1
252 149 1
187 150 1
188 150 1
192 150 1
196 150 1
200 150 1
201 150 1
234 150 1
235 150 1
236 150 1
237 150 1
240 150 1
241 150 1
248 150 1
249 150 1
250 150 1
251 150 1
252 150 1
187 151 1
188 151 1
189 151 1
190 151 1
195 151 1
196 151 1
200 151 1
201 151 1
202 151 1
234 151 1
235 151 1
240 151 1
241 151 1
249 151 1
250 151 1
188 152 1
189 152 1
190 152 1
195 152 1
201 152 1
234 152 1
235 152 1
240 152 1
241 152 1
242 152 1
250 152 1
189 153 1
193 153 1
195 153 1
201 153 1
234 153 1
235 153 1
240 153 1
193 154 1
194 154 1
196 154 1
200 154 1
201 154 1
232 154 1
235 154 1
236 154 1
237 154 1
239 154 1
240 154 1
242 154 1
193 155 1
194 155 1
195 155 1
202 155 1
190 156 1
194 156 1
