98 118 0
99 118 0
99 119 0
100 119 0
101 119 0
102 119 0
103 119 0
104 119 0
105 119 0
106 119 0
94 120 0
104 120 0
105 120 0
106 120 0
107 120 0
108 120 0
109 120 0
76 121 0
77 121 0
78 121 0
85 121 0
86 121 0
89 121 0
109 121 0
110 121 0
111 121 0
73 122 0
75 122 0
76 122 0
77 122 0
78 122 0
79 122 0
91 122 0
92 122 0
93 122 0
94 122 0
96 122 0
97 122 0
98 122 0
99 122 0
102 122 0
103 122 0
111 122 0
112 122 0
113 122 0
141 122 0
4 123 0
5 123 0
73 123 0
74 123 0
75 123 0
76 123 0
77 123 0
78 123 0
79 123 0
92 123 0
93 123 0
94 123 0
95 123 0
96 123 0
97 123 0
98 123 0
99 123 0
100 123 0
104 123 0
113 123 0
138 123 0
139 123 0
146 123 0
72 124 0
73 124 0
74 124 0
75 124 0
76 124 0
77 124 0
78 124 0
95 124 0
96 124 0
97 124 0
98 124 0
99 124 0
100 124 0
101 124 0
104 124 0
113 124 0
114 124 0
115 124 0
125 124 0
139 124 0
147 124 0
148 124 0
149 124 0
65 125 0
66 125 0
67 125 0
73 125 0
74 125 0
75 125 0
76 125 0
77 125 0
78 125 0
96 125 0
97 125 0
98 125 0
99 125 0
100 125 0
101 125 0
102 125 0
114 125 0
115 125 0
116 125 0
117 125 0
125 125 0
141 125 0
142 125 0
143 125 0
149 125 0
150 125 0
151 125 0
152 125 0
66 126 0
67 126 0
73 126 0
74 126 0
75 126 0
76 126 0
77 126 0
78 126 0
95 126 0
97 126 0
98 126 0
99 126 0
100 126 0
102 126 0
103 126 0
106 126 0
115 126 0
116 126 0
117 126 0
118 126 0
125 126 0
126 126 0
143 126 0
144 126 0
145 126 0
146 126 0
150 126 0
151 126 0
152 126 0
153 126 0
66 127 0
67 127 0
68 127 0
73 127 0
74 127 0
75 127 0
76 127 0
77 127 0
78 127 0
96 127 0
98 127 0
99 127 0
100 127 0
101 127 0
102 127 0
103 127 0
104 127 0
116 127 0
117 127 0
118 127 0
119 127 0
125 127 0
126 127 0
128 127 0
129 127 0
143 127 0
145 127 0
146 127 0
147 127 0
152 127 0
153 127 0
154 127 0
155 127 0
71 128 0
72 128 0
74 128 0
75 128 0
76 128 0
77 128 0
78 128 0
95 128 0
99 128 0
100 128 0
101 128 0
102 128 0
104 128 0
105 128 0
110 128 0
117 128 0
118 128 0
119 128 0
120 128 0
125 128 0
126 128 0
146 128 0
147 128 0
148 128 0
153 128 0
154 128 0
155 128 0
156 128 0
157 128 0
3 129 0
48 129 0
49 129 0
59 129 0
65 129 0
67 129 0
68 129 0
72 129 0
73 129 0
74 129 0
75 129 0
76 129 0
77 129 0
78 129 0
97 129 0
100 129 0
101 129 0
102 129 0
103 129 0
105 129 0
106 129 0
109 129 0
119 129 0
120 129 0
121 129 0
125 129 0
126 129 0
147 129 0
148 129 0
149 129 0
150 129 0
154 129 0
155 129 0
156 129 0
157 129 0
158 129 0
159 129 0
2 130 0
3 130 0
4 130 0
48 130 0
50 130 0
51 130 0
60 130 0
61 130 0
65 130 0
66 130 0
67 130 0
72 130 0
73 130 0
74 130 0
75 130 0
76 130 0
77 130 0
96 130 0
97 130 0
101 130 0
102 130 0
103 130 0
104 130 0
105 130 0
106 130 0
107 130 0
112 130 0
119 130 0
120 130 0
121 130 0
122 130 0
125 130 0
139 130 0
148 130 0
149 130 0
150 130 0
151 130 0
156 130 0
157 130 0
158 130 0
159 130 0
160 130 0
2 131 0
3 131 0
4 131 0
50 131 0
61 131 0
64 131 0
65 131 0
66 131 0
72 131 0
74 131 0
75 131 0
76 131 0
77 131 0
78 131 0
102 131 0
103 131 0
104 131 0
105 131 0
106 131 0
107 131 0
108 131 0
111 131 0
114 131 0
121 131 0
122 131 0
123 131 0
129 131 0
141 131 0
142 131 0
143 131 0
145 131 0
149 131 0
150 131 0
151 131 0
152 131 0
153 131 0
158 131 0
159 131 0
160 131 0
161 131 0
162 131 0
24 132 0
64 132 0
65 132 0
69 132 0
72 132 0
73 132 0
74 132 0
75 132 0
76 132 0
77 132 0
102 132 0
103 132 0
104 132 0
105 132 0
106 132 0
107 132 0
108 132 0
109 132 0
111 132 0
114 132 0
122 132 0
123 132 0
124 132 0
142 132 0
143 132 0
150 132 0
151 132 0
152 132 0
153 132 0
159 132 0
160 132 0
161 132 0
162 132 0
163 132 0
70 133 0
72 133 0
73 133 0
74 133 0
75 133 0
76 133 0
77 133 0
103 133 0
104 133 0
105 133 0
106 133 0
107 133 0
108 133 0
109 133 0
110 133 0
112 133 0
116 133 0
117 133 0
122 133 0
123 133 0
124 133 0
125 133 0
128 133 0
129 133 0
146 133 0
151 133 0
152 133 0
153 133 0
158 133 0
159 133 0
162 133 0
172 133 0
176 133 0
177 133 0
72 134 0
73 134 0
74 134 0
75 134 0
76 134 0
77 134 0
102 134 0
103 134 0
104 134 0
105 134 0
106 134 0
107 134 0
108 134 0
109 134 0
110 134 0
111 134 0
113 134 0
116 134 0
124 134 0
125 134 0
126 134 0
127 134 0
128 134 0
129 134 0
130 134 0
131 134 0
151 134 0
152 134 0
153 134 0
154 134 0
155 134 0
156 134 0
161 134 0
162 134 0
176 134 0
177 134 0
180 134 0
181 134 0
183 134 0
184 134 0
185 134 0
198 134 0
71 135 0
72 135 0
73 135 0
74 135 0
75 135 0
76 135 0
77 135 0
104 135 0
105 135 0
106 135 0
107 135 0
108 135 0
109 135 0
110 135 0
111 135 0
112 135 0
118 135 0
125 135 0
126 135 0
127 135 0
128 135 0
130 135 0
145 135 0
146 135 0
151 135 0
152 135 0
153 135 0
154 135 0
155 135 0
156 135 0
161 135 0
163 135 0
183 135 0
184 135 0
185 135 0
186 135 0
187 135 0
188 135 0
192 135 0
193 135 0
195 135 0
197 135 0
205 135 0
71 136 0
72 136 0
73 136 0
74 136 0
75 136 0
76 136 0
77 136 0
101 136 0
102 136 0
103 136 0
106 136 0
107 136 0
108 136 0
109 136 0
110 136 0
111 136 0
112 136 0
115 136 0
118 136 0
126 136 0
127 136 0
128 136 0
145 136 0
146 136 0
147 136 0
148 136 0
151 136 0
152 136 0
153 136 0
154 136 0
155 136 0
187 136 0
188 136 0
189 136 0
190 136 0
192 136 0
193 136 0
194 136 0
195 136 0
197 136 0
71 137 0
72 137 0
73 137 0
74 137 0
75 137 0
76 137 0
77 137 0
107 137 0
108 137 0
109 137 0
110 137 0
111 137 0
112 137 0
113 137 0
116 137 0
128 137 0
145 137 0
146 137 0
147 137 0
150 137 0
151 137 0
152 137 0
191 137 0
192 137 0
193 137 0
194 137 0
71 138 0
72 138 0
73 138 0
74 138 0
75 138 0
76 138 0
77 138 0
106 138 0
107 138 0
108 138 0
109 138 0
110 138 0
111 138 0
112 138 0
113 138 0
114 138 0
115 138 0
125 138 0
145 138 0
146 138 0
150 138 0
151 138 0
152 138 0
194 138 0
195 138 0
196 138 0
197 138 0
71 139 0
73 139 0
74 139 0
75 139 0
76 139 0
77 139 0
108 139 0
109 139 0
110 139 0
111 139 0
112 139 0
113 139 0
114 139 0
115 139 0
124 139 0
125 139 0
138 139 0
141 139 0
149 139 0
150 139 0
151 139 0
152 139 0
191 139 0
192 139 0
194 139 0
197 139 0
75 140 0
76 140 0
77 140 0
79 140 0
89 140 0
90 140 0
93 140 0
109 140 0
110 140 0
111 140 0
112 140 0
114 140 0
115 140 0
120 140 0
121 140 0
124 140 0
125 140 0
132 140 0
134 140 0
137 140 0
138 140 0
139 140 0
140 140 0
141 140 0
142 140 0
190 140 0
191 140 0
192 140 0
193 140 0
90 141 0
111 141 0
112 141 0
113 141 0
115 141 0
118 141 0
120 141 0
135 141 0
136 141 0
137 141 0
138 141 0
139 141 0
140 141 0
141 141 0
142 141 0
143 141 0
144 141 0
145 141 0
178 141 0
181 141 0
182 141 0
187 141 0
188 141 0
190 141 0
192 141 0
193 141 0
45 142 0
46 142 0
48 142 0
49 142 0
50 142 0
71 142 0
75 142 0
76 142 0
112 142 0
113 142 0
115 142 0
120 142 0
124 142 0
138 142 0
139 142 0
140 142 0
141 142 0
142 142 0
143 142 0
144 142 0
145 142 0
146 142 0
147 142 0
149 142 0
150 142 0
177 142 0
178 142 0
179 142 0
180 142 0
181 142 0
182 142 0
188 142 0
189 142 0
191 142 0
192 142 0
193 142 0
44 143 0
45 143 0
46 143 0
49 143 0
50 143 0
69 143 0
70 143 0
71 143 0
72 143 0
74 143 0
75 143 0
76 143 0
112 143 0
113 143 0
114 143 0
115 143 0
140 143 0
141 143 0
142 143 0
143 143 0
144 143 0
145 143 0
146 143 0
147 143 0
148 143 0
149 143 0
150 143 0
151 143 0
152 143 0
154 143 0
158 143 0
178 143 0
179 143 0
180 143 0
181 143 0
182 143 0
183 143 0
184 143 0
188 143 0
189 143 0
191 143 0
192 143 0
193 143 0
44 144 0
45 144 0
46 144 0
47 144 0
48 144 0
49 144 0
50 144 0
68 144 0
69 144 0
70 144 0
71 144 0
72 144 0
73 144 0
74 144 0
75 144 0
76 144 0
112 144 0
113 144 0
114 144 0
146 144 0
147 144 0
148 144 0
149 144 0
150 144 0
151 144 0
152 144 0
153 144 0
154 144 0
155 144 0
172 144 0
173 144 0
174 144 0
178 144 0
179 144 0
180 144 0
181 144 0
182 144 0
187 144 0
188 144 0
189 144 0
191 144 0
192 144 0
193 144 0
42 145 0
44 145 0
45 145 0
46 145 0
47 145 0
48 145 0
49 145 0
50 145 0
68 145 0
69 145 0
70 145 0
71 145 0
72 145 0
73 145 0
74 145 0
75 145 0
76 145 0
112 145 0
113 145 0
114 145 0
133 145 0
146 145 0
147 145 0
148 145 0
149 145 0
150 145 0
151 145 0
152 145 0
153 145 0
154 145 0
159 145 0
161 145 0
170 145 0
173 145 0
174 145 0
175 145 0
176 145 0
177 145 0
179 145 0
180 145 0
181 145 0
182 145 0
185 145 0
186 145 0
187 145 0
188 145 0
189 145 0
191 145 0
192 145 0
193 145 0
43 146 0
44 146 0
45 146 0
46 146 0
47 146 0
48 146 0
49 146 0
50 146 0
67 146 0
69 146 0
70 146 0
71 146 0
72 146 0
73 146 0
74 146 0
75 146 0
76 146 0
113 146 0
147 146 0
148 146 0
149 146 0
150 146 0
151 146 0
152 146 0
153 146 0
154 146 0
155 146 0
160 146 0
174 146 0
175 146 0
176 146 0
177 146 0
178 146 0
179 146 0
180 146 0
181 146 0
184 146 0
185 146 0
186 146 0
187 146 0
188 146 0
191 146 0
192 146 0
44 147 0
45 147 0
46 147 0
48 147 0
49 147 0
50 147 0
69 147 0
70 147 0
71 147 0
72 147 0
74 147 0
75 147 0
76 147 0
147 147 0
148 147 0
149 147 0
150 147 0
151 147 0
152 147 0
153 147 0
154 147 0
155 147 0
159 147 0
160 147 0
175 147 0
176 147 0
177 147 0
178 147 0
179 147 0
180 147 0
188 147 0
191 147 0
192 147 0
44 148 0
45 148 0
46 148 0
48 148 0
49 148 0
50 148 0
69 148 0
70 148 0
71 148 0
72 148 0
74 148 0
75 148 0
76 148 0
136 148 0
137 148 0
138 148 0
143 148 0
149 148 0
150 148 0
151 148 0
152 148 0
153 148 0
154 148 0
176 148 0
177 148 0
178 148 0
179 148 0
188 148 0
189 148 0
190 148 0
191 148 0
192 148 0
70 149 0
71 149 0
75 149 0
133 149 0
135 149 0
136 149 0
137 149 0
138 149 0
139 149 0
150 149 0
151 149 0
158 149 0
176 149 0
177 149 0
178 149 0
179 149 0
180 149 0
184 149 0
185 149 0
186 149 0
187 149 0
188 149 0
189 149 0
190 149 0
191 149 0
133 150 0
134 150 0
135 150 0
136 150 0
137 150 0
138 150 0
139 150 0
156 150 0
157 150 0
177 150 0
178 150 0
179 150 0
180 150 0
192 150 0
193 150 0
194 150 0
68 151 0
133 151 0
134 151 0
135 151 0
136 151 0
137 151 0
138 151 0
139 151 0
141 151 0
144 151 0
145 151 0
157 151 0
177 151 0
178 151 0
179 151 0
180 151 0
181 151 0
192 151 0
193 151 0
194 151 0
134 152 0
135 152 0
136 152 0
137 152 0
138 152 0
141 152 0
142 152 0
144 152 0
145 152 0
150 152 0
154 152 0
155 152 0
156 152 0
178 152 0
179 152 0
180 152 0
181 152 0
190 152 0
191 152 0
192 152 0
193 152 0
131 153 0
134 153 0
135 153 0
136 153 0
137 153 0
138 153 0
142 153 0
143 153 0
144 153 0
145 153 0
150 153 0
151 153 0
153 153 0
154 153 0
155 153 0
179 153 0
180 153 0
181 153 0
191 153 0
192 153 0
193 153 0
194 153 0
134 154 0
135 154 0
136 154 0
137 154 0
138 154 0
153 154 0
154 154 0
155 154 0
170 154 0
179 154 0
180 154 0
181 154 0
182 154 0
192 154 0
193 154 0
134 155 0
135 155 0
136 155 0
137 155 0
138 155 0
139 155 0
164 155 0
165 155 0
169 155 0
171 155 0
173 155 0
179 155 0
180 155 0
181 155 0
182 155 0
112 156 0
113 156 0
114 156 0
119 156 0
120 156 0
121 156 0
122 156 0
123 156 0
124 156 0
125 156 0
133 156 0
134 156 0
135 156 0
136 156 0
137 156 0
138 156 0
147 156 0
150 156 0
155 156 0
159 156 0
164 156 0
165 156 0
171 156 0
173 156 0
180 156 0
181 156 0
182 156 0
185 156 0
109 157 0
110 157 0
111 157 0
112 157 0
113 157 0
114 157 0
120 157 0
121 157 0
122 157 0
123 157 0
124 157 0
125 157 0
126 157 0
127 157 0
128 157 0
134 157 0
135 157 0
136 157 0
137 157 0
138 157 0
139 157 0
146 157 0
147 157 0
148 157 0
149 157 0
150 157 0
155 157 0
156 157 0
159 157 0
160 157 0
163 157 0
164 157 0
170 157 0
172 157 0
173 157 0
174 157 0
175 157 0
180 157 0
181 157 0
182 157 0
190 157 0
191 157 0
107 158 0
108 158 0
109 158 0
110 158 0
111 158 0
112 158 0
123 158 0
124 158 0
125 158 0
126 158 0
127 158 0
128 158 0
129 158 0
134 158 0
135 158 0
136 158 0
137 158 0
139 158 0
140 158 0
145 158 0
146 158 0
147 158 0
148 158 0
149 158 0
150 158 0
155 158 0
156 158 0
157 158 0
161 158 0
162 158 0
163 158 0
164 158 0
169 158 0
170 158 0
171 158 0
172 158 0
173 158 0
174 158 0
175 158 0
181 158 0
187 158 0
188 158 0
189 158 0
190 158 0
191 158 0
104 159 0
105 159 0
106 159 0
107 159 0
108 159 0
109 159 0
110 159 0
125 159 0
126 159 0
127 159 0
128 159 0
129 159 0
130 159 0
133 159 0
134 159 0
135 159 0
136 159 0
137 159 0
138 159 0
139 159 0
147 159 0
148 159 0
151 159 0
157 159 0
158 159 0
161 159 0
162 159 0
163 159 0
164 159 0
170 159 0
171 159 0
172 159 0
173 159 0
174 159 0
175 159 0
180 159 0
182 159 0
183 159 0
185 159 0
186 159 0
187 159 0
188 159 0
189 159 0
190 159 0
103 160 0
104 160 0
105 160 0
106 160 0
107 160 0
108 160 0
109 160 0
127 160 0
128 160 0
129 160 0
130 160 0
131 160 0
134 160 0
135 160 0
136 160 0
137 160 0
138 160 0
157 160 0
160 160 0
161 160 0
162 160 0
163 160 0
165 160 0
166 160 0
170 160 0
171 160 0
172 160 0
173 160 0
174 160 0
175 160 0
179 160 0
180 160 0
181 160 0
182 160 0
183 160 0
185 160 0
186 160 0
187 160 0
188 160 0
189 160 0
103 161 0
104 161 0
105 161 0
106 161 0
107 161 0
108 161 0
127 161 0
128 161 0
129 161 0
130 161 0
131 161 0
135 161 0
136 161 0
137 161 0
138 161 0
156 161 0
157 161 0
161 161 0
162 161 0
163 161 0
167 161 0
173 161 0
174 161 0
175 161 0
178 161 0
179 161 0
180 161 0
181 161 0
182 161 0
187 161 0
188 161 0
102 162 0
103 162 0
104 162 0
105 162 0
106 162 0
107 162 0
108 162 0
130 162 0
131 162 0
159 162 0
160 162 0
161 162 0
162 162 0
163 162 0
164 162 0
167 162 0
168 162 0
172 162 0
173 162 0
174 162 0
178 162 0
179 162 0
180 162 0
181 162 0
101 163 0
102 163 0
103 163 0
104 163 0
105 163 0
106 163 0
107 163 0
131 163 0
132 163 0
153 163 0
155 163 0
159 163 0
160 163 0
162 163 0
163 163 0
164 163 0
165 163 0
167 163 0
168 163 0
169 163 0
170 163 0
171 163 0
172 163 0
173 163 0
174 163 0
177 163 0
178 163 0
179 163 0
180 163 0
101 164 0
102 164 0
103 164 0
104 164 0
105 164 0
106 164 0
107 164 0
132 164 0
133 164 0
153 164 0
154 164 0
155 164 0
159 164 0
160 164 0
162 164 0
163 164 0
164 164 0
165 164 0
166 164 0
168 164 0
169 164 0
170 164 0
171 164 0
172 164 0
173 164 0
174 164 0
177 164 0
178 164 0
179 164 0
180 164 0
1 165 0
2 165 0
102 165 0
103 165 0
104 165 0
105 165 0
106 165 0
120 165 0
121 165 0
132 165 0
153 165 0
154 165 0
155 165 0
159 165 0
160 165 0
163 165 0
164 165 0
165 165 0
166 165 0
168 165 0
169 165 0
170 165 0
171 165 0
172 165 0
173 165 0
176 165 0
177 165 0
178 165 0
179 165 0
180 165 0
1 166 0
2 166 0
101 166 0
102 166 0
103 166 0
104 166 0
105 166 0
106 166 0
113 166 0
114 166 0
115 166 0
118 166 0
119 166 0
120 166 0
121 166 0
122 166 0
123 166 0
132 166 0
151 166 0
152 166 0
154 166 0
157 166 0
158 166 0
160 166 0
163 166 0
164 166 0
165 166 0
170 166 0
171 166 0
172 166 0
177 166 0
178 166 0
179 166 0
182 166 0
1 167 0
2 167 0
101 167 0
102 167 0
103 167 0
104 167 0
105 167 0
107 167 0
111 167 0
112 167 0
113 167 0
114 167 0
119 167 0
121 167 0
122 167 0
123 167 0
124 167 0
125 167 0
133 167 0
152 167 0
157 167 0
158 167 0
178 167 0
179 167 0
182 167 0
186 167 0
188 167 0
189 167 0
1 168 0
2 168 0
3 168 0
101 168 0
102 168 0
103 168 0
104 168 0
105 168 0
110 168 0
111 168 0
112 168 0
113 168 0
117 168 0
119 168 0
120 168 0
123 168 0
124 168 0
125 168 0
126 168 0
133 168 0
156 168 0
157 168 0
178 168 0
179 168 0
196 168 0
1 169 0
2 169 0
3 169 0
100 169 0
101 169 0
102 169 0
103 169 0
104 169 0
105 169 0
109 169 0
110 169 0
111 169 0
112 169 0
115 169 0
124 169 0
125 169 0
126 169 0
176 169 0
181 169 0
1 170 0
2 170 0
3 170 0
4 170 0
100 170 0
101 170 0
102 170 0
103 170 0
104 170 0
105 170 0
108 170 0
109 170 0
110 170 0
111 170 0
112 170 0
113 170 0
114 170 0
115 170 0
116 170 0
123 170 0
124 170 0
125 170 0
126 170 0
127 170 0
151 170 0
152 170 0
153 170 0
154 170 0
181 170 0
1 171 0
2 171 0
3 171 0
4 171 0
31 171 0
101 171 0
102 171 0
103 171 0
104 171 0
107 171 0
108 171 0
109 171 0
110 171 0
111 171 0
112 171 0
114 171 0
115 171 0
118 171 0
123 171 0
124 171 0
125 171 0
126 171 0
127 171 0
150 171 0
151 171 0
152 171 0
153 171 0
154 171 0
3 172 0
4 172 0
31 172 0
101 172 0
102 172 0
103 172 0
104 172 0
109 172 0
110 172 0
111 172 0
112 172 0
114 172 0
115 172 0
116 172 0
124 172 0
125 172 0
126 172 0
127 172 0
149 172 0
150 172 0
151 172 0
152 172 0
153 172 0
154 172 0
28 173 0
31 173 0
108 173 0
109 173 0
110 173 0
111 173 0
113 173 0
114 173 0
115 173 0
119 173 0
120 173 0
124 173 0
125 173 0
126 173 0
127 173 0
147 173 0
148 173 0
149 173 0
150 173 0
151 173 0
152 173 0
2 174 0
8 174 0
12 174 0
13 174 0
28 174 0
29 174 0
30 174 0
31 174 0
108 174 0
109 174 0
110 174 0
111 174 0
113 174 0
115 174 0
122 174 0
124 174 0
125 174 0
126 174 0
127 174 0
144 174 0
145 174 0
146 174 0
147 174 0
148 174 0
149 174 0
150 174 0
151 174 0
2 175 0
3 175 0
7 175 0
12 175 0
13 175 0
14 175 0
27 175 0
28 175 0
29 175 0
30 175 0
109 175 0
110 175 0
111 175 0
112 175 0
113 175 0
114 175 0
115 175 0
120 175 0
121 175 0
123 175 0
124 175 0
125 175 0
126 175 0
127 175 0
142 175 0
144 175 0
145 175 0
146 175 0
147 175 0
148 175 0
2 176 0
3 176 0
12 176 0
13 176 0
14 176 0
15 176 0
26 176 0
27 176 0
28 176 0
29 176 0
109 176 0
110 176 0
111 176 0
112 176 0
113 176 0
114 176 0
115 176 0
116 176 0
117 176 0
120 176 0
121 176 0
123 176 0
124 176 0
125 176 0
126 176 0
127 176 0
135 176 0
136 176 0
140 176 0
142 176 0
143 176 0
152 176 0
1 177 0
2 177 0
3 177 0
13 177 0
14 177 0
15 177 0
16 177 0
25 177 0
26 177 0
27 177 0
28 177 0
109 177 0
110 177 0
111 177 0
112 177 0
113 177 0
116 177 0
117 177 0
118 177 0
119 177 0
122 177 0
123 177 0
124 177 0
125 177 0
126 177 0
139 177 0
140 177 0
144 177 0
156 177 0
163 177 0
1 178 0
2 178 0
3 178 0
15 178 0
16 178 0
17 178 0
25 178 0
26 178 0
27 178 0
109 178 0
110 178 0
111 178 0
112 178 0
113 178 0
114 178 0
117 178 0
118 178 0
119 178 0
122 178 0
123 178 0
124 178 0
125 178 0
126 178 0
141 178 0
147 178 0
148 178 0
151 178 0
152 178 0
156 178 0
157 178 0
2 179 0
109 179 0
110 179 0
111 179 0
112 179 0
113 179 0
114 179 0
115 179 0
118 179 0
119 179 0
120 179 0
121 179 0
122 179 0
123 179 0
124 179 0
125 179 0
147 179 0
152 179 0
153 179 0
154 179 0
157 179 0
108 180 0
111 180 0
112 180 0
113 180 0
114 180 0
115 180 0
116 180 0
119 180 0
120 180 0
121 180 0
122 180 0
123 180 0
124 180 0
146 180 0
149 180 0
150 180 0
154 180 0
155 180 0
112 181 0
114 181 0
115 181 0
119 181 0
120 181 0
121 181 0
122 181 0
140 181 0
145 181 0
151 181 0
152 181 0
156 181 0
157 181 0
163 181 0
142 182 0
147 182 0
150 182 0
162 182 0
146 183 0
131 184 0
148 184 0
232 133 1
233 133 1
223 134 1
232 134 1
233 134 1
234 134 1
219 135 1
220 135 1
221 135 1
222 135 1
223 135 1
224 135 1
234 135 1
219 136 1
220 136 1
221 136 1
223 136 1
224 136 1
219 137 1
220 137 1
221 137 1
223 137 1
224 137 1
225 137 1
219 138 1
220 138 1
221 138 1
224 138 1
225 138 1
219 139 1
220 139 1
221 139 1
224 139 1
225 139 1
226 139 1
219 140 1
220 140 1
221 140 1
225 140 1
237 140 1
238 140 1
236 141 1
237 141 1
218 142 1
219 142 1
221 142 1
222 142 1
223 142 1
235 142 1
236 142 1
237 142 1
238 142 1
234 143 1
235 143 1
237 143 1
238 143 1
223 144 1
228 144 1
234 144 1
238 144 1
220 145 1
221 145 1
222 145 1
228 145 1
229 145 1
230 145 1
219 146 1
220 146 1
221 146 1
222 146 1
229 146 1
230 146 1
231 146 1
218 147 1
219 147 1
220 147 1
230 147 1
231 147 1
232 147 1
218 148 1
219 148 1
220 148 1
230 148 1
231 148 1
232 148 1
239 148 1
218 149 1
219 149 1
223 149 1
227 149 1
228 149 1
237 149 1
238 149 1
239 149 1
240 149 1
222 150 1
223 150 1
224 150 1
227 150 1
228 150 1
236 150 1
237 150 1
238 150 1
239 150 1
221 151 1
222 151 1
228 151 1
236 151 1
237 151 1
238 151 1
221 152 1
222 152 1
228 152 1
230 152 1
219 153 1
222 153 1
227 153 1
228 153 1
230 153 1
220 154 1
223 154 1
224 154 1
226 154 1
227 154 1
233 154 1
